
SUMMARISING RUN PARAMETERS
==========================
Input filename: SC2285/host_removal/SC2285_R1.fastq.gz
Trimming mode: paired-end
Trim Galore version: 0.6.4_dev
Cutadapt version: 4.1
Python version: could not detect
Number of cores used for trimming: 2
Quality Phred score cutoff: 20
Quality encoding type selected: ASCII+33
Using Illumina adapter for trimming (count: 37559). Second best hit was Nextera (count: 0)
Adapter sequence: 'AGATCGGAAGAGC' (Illumina TruSeq, Sanger iPCR; auto-detected)
Maximum trimming error rate: 0.1 (default)
Minimum required adapter overlap (stringency): 1 bp
Minimum required sequence length for both reads before a sequence pair gets removed: 20 bp
Running FastQC on the data once trimming has completed
Output file will be GZIP compressed


This is cutadapt 4.1 with Python 3.9.13
Command line parameters: -j 2 -e 0.1 -q 20 -O 1 -a AGATCGGAAGAGC SC2285/host_removal/SC2285_R1.fastq.gz
Processing single-end reads on 2 cores ...
Finished in 6.48 s (30 µs/read; 1.98 M reads/minute).

=== Summary ===

Total reads processed:                 213,934
Reads with adapters:                    99,356 (46.4%)
Reads written (passing filters):       213,934 (100.0%)

Total basepairs processed:    53,697,434 bp
Quality-trimmed:               2,417,583 bp (4.5%)
Total written (filtered):     48,964,130 bp (91.2%)

=== Adapter 1 ===

Sequence: AGATCGGAAGAGC; Type: regular 3'; Length: 13; Trimmed: 99356 times

Minimum overlap: 1
No. of allowed errors:
1-9 bp: 0; 10-13 bp: 1

Bases preceding removed adapters:
  A: 30.4%
  C: 13.9%
  G: 9.6%
  T: 45.4%
  none/other: 0.7%

Overview of removed sequences
length	count	expect	max.err	error counts
1	39970	53483.5	0	39970
2	12004	13370.9	0	12004
3	968	3342.7	0	968
4	344	835.7	0	344
5	121	208.9	0	121
6	147	52.2	0	147
7	4307	13.1	0	4307
8	177	3.3	0	177
9	417	0.8	0	417
10	532	0.2	1	492 40
11	112	0.1	1	96 16
12	845	0.0	1	814 31
13	601	0.0	1	572 29
14	115	0.0	1	103 12
15	99	0.0	1	89 10
16	84	0.0	1	68 16
17	127	0.0	1	112 15
18	161	0.0	1	152 9
19	153	0.0	1	141 12
20	776	0.0	1	730 46
21	1002	0.0	1	948 54
22	1126	0.0	1	1061 65
23	1237	0.0	1	1192 45
24	532	0.0	1	504 28
25	1357	0.0	1	1294 63
26	675	0.0	1	610 65
27	1027	0.0	1	957 70
28	4867	0.0	1	4670 197
29	1832	0.0	1	1718 114
30	760	0.0	1	721 39
31	306	0.0	1	273 33
32	441	0.0	1	406 35
33	110	0.0	1	95 15
34	315	0.0	1	265 50
35	184	0.0	1	154 30
36	75	0.0	1	59 16
37	138	0.0	1	125 13
38	70	0.0	1	61 9
39	155	0.0	1	137 18
40	327	0.0	1	309 18
41	173	0.0	1	152 21
42	441	0.0	1	410 31
43	671	0.0	1	640 31
44	261	0.0	1	248 13
45	937	0.0	1	912 25
46	714	0.0	1	684 30
47	256	0.0	1	222 34
48	107	0.0	1	90 17
49	163	0.0	1	142 21
50	142	0.0	1	129 13
51	982	0.0	1	937 45
52	140	0.0	1	101 39
53	101	0.0	1	82 19
54	226	0.0	1	184 42
55	334	0.0	1	311 23
56	95	0.0	1	85 10
57	103	0.0	1	89 14
58	102	0.0	1	94 8
59	341	0.0	1	319 22
60	126	0.0	1	118 8
61	159	0.0	1	144 15
62	107	0.0	1	98 9
63	127	0.0	1	113 14
64	90	0.0	1	79 11
65	259	0.0	1	244 15
66	111	0.0	1	93 18
67	49	0.0	1	40 9
68	84	0.0	1	71 13
69	128	0.0	1	101 27
70	99	0.0	1	87 12
71	149	0.0	1	127 22
72	221	0.0	1	194 27
73	308	0.0	1	263 45
74	438	0.0	1	371 67
75	849	0.0	1	766 83
76	2128	0.0	1	2031 97
77	1464	0.0	1	1396 68
78	907	0.0	1	861 46
79	582	0.0	1	552 30
80	378	0.0	1	346 32
81	260	0.0	1	245 15
82	204	0.0	1	190 14
83	142	0.0	1	133 9
84	155	0.0	1	140 15
85	130	0.0	1	117 13
86	125	0.0	1	109 16
87	106	0.0	1	95 11
88	105	0.0	1	88 17
89	103	0.0	1	96 7
90	72	0.0	1	62 10
91	69	0.0	1	63 6
92	100	0.0	1	87 13
93	104	0.0	1	95 9
94	475	0.0	1	458 17
95	75	0.0	1	65 10
96	79	0.0	1	67 12
97	42	0.0	1	36 6
98	39	0.0	1	31 8
99	34	0.0	1	31 3
100	38	0.0	1	33 5
101	41	0.0	1	37 4
102	34	0.0	1	34
103	50	0.0	1	46 4
104	35	0.0	1	32 3
105	27	0.0	1	21 6
106	50	0.0	1	48 2
107	51	0.0	1	42 9
108	54	0.0	1	48 6
109	39	0.0	1	37 2
110	31	0.0	1	24 7
111	35	0.0	1	32 3
112	30	0.0	1	28 2
113	46	0.0	1	43 3
114	57	0.0	1	51 6
115	20	0.0	1	18 2
116	35	0.0	1	32 3
117	33	0.0	1	30 3
118	22	0.0	1	19 3
119	31	0.0	1	29 2
120	22	0.0	1	20 2
121	13	0.0	1	10 3
122	26	0.0	1	24 2
123	49	0.0	1	43 6
124	22	0.0	1	18 4
125	19	0.0	1	15 4
126	29	0.0	1	24 5
127	38	0.0	1	36 2
128	31	0.0	1	28 3
129	36	0.0	1	34 2
130	12	0.0	1	11 1
131	18	0.0	1	14 4
132	15	0.0	1	9 6
133	38	0.0	1	35 3
134	40	0.0	1	35 5
135	25	0.0	1	23 2
136	31	0.0	1	27 4
137	26	0.0	1	23 3
138	17	0.0	1	14 3
139	29	0.0	1	25 4
140	13	0.0	1	8 5
141	16	0.0	1	14 2
142	8	0.0	1	7 1
143	18	0.0	1	16 2
144	11	0.0	1	8 3
145	13	0.0	1	8 5
146	25	0.0	1	22 3
147	37	0.0	1	36 1
148	35	0.0	1	32 3
149	30	0.0	1	23 7
150	9	0.0	1	8 1
151	16	0.0	1	13 3
152	11	0.0	1	9 2
153	22	0.0	1	16 6
154	24	0.0	1	21 3
155	18	0.0	1	17 1
156	25	0.0	1	24 1
157	17	0.0	1	13 4
158	8	0.0	1	7 1
159	11	0.0	1	10 1
160	14	0.0	1	12 2
161	14	0.0	1	12 2
162	17	0.0	1	14 3
163	13	0.0	1	6 7
164	11	0.0	1	10 1
165	13	0.0	1	11 2
166	13	0.0	1	12 1
167	26	0.0	1	21 5
168	19	0.0	1	16 3
169	15	0.0	1	13 2
170	10	0.0	1	10
171	9	0.0	1	6 3
172	12	0.0	1	10 2
173	7	0.0	1	5 2
174	25	0.0	1	21 4
175	15	0.0	1	13 2
176	17	0.0	1	15 2
177	9	0.0	1	6 3
178	8	0.0	1	7 1
179	18	0.0	1	17 1
180	5	0.0	1	3 2
181	13	0.0	1	12 1
182	16	0.0	1	16
183	9	0.0	1	8 1
184	9	0.0	1	9
185	13	0.0	1	11 2
186	12	0.0	1	10 2
187	17	0.0	1	17
188	26	0.0	1	26
189	40	0.0	1	39 1
190	50	0.0	1	48 2
191	30	0.0	1	27 3
192	25	0.0	1	23 2
193	27	0.0	1	23 4
194	18	0.0	1	16 2
195	12	0.0	1	11 1
196	19	0.0	1	18 1
197	21	0.0	1	20 1
198	22	0.0	1	20 2
199	22	0.0	1	20 2
200	25	0.0	1	25
201	20	0.0	1	19 1
202	32	0.0	1	30 2
203	71	0.0	1	70 1
204	44	0.0	1	43 1
205	58	0.0	1	58
206	63	0.0	1	60 3
207	67	0.0	1	65 2
208	65	0.0	1	65
209	78	0.0	1	75 3
210	66	0.0	1	63 3
211	42	0.0	1	41 1
212	20	0.0	1	19 1
213	28	0.0	1	26 2
214	17	0.0	1	17
215	21	0.0	1	20 1
216	10	0.0	1	9 1
217	10	0.0	1	10
218	3	0.0	1	3
219	2	0.0	1	1 1
220	2	0.0	1	2
222	4	0.0	1	3 1
223	2	0.0	1	2
224	2	0.0	1	1 1
225	1	0.0	1	0 1
226	1	0.0	1	1
228	1	0.0	1	1
229	1	0.0	1	1
231	1	0.0	1	1
232	2	0.0	1	1 1
233	1	0.0	1	0 1
236	1	0.0	1	0 1
237	1	0.0	1	0 1
240	2	0.0	1	1 1
242	1	0.0	1	0 1
243	1	0.0	1	0 1
245	1	0.0	1	1
246	1	0.0	1	0 1
247	2	0.0	1	0 2
248	3	0.0	1	0 3
249	6	0.0	1	0 6
250	8	0.0	1	0 8
251	149	0.0	1	0 149

RUN STATISTICS FOR INPUT FILE: SC2285/host_removal/SC2285_R1.fastq.gz
=============================================
213934 sequences processed in total

