
SUMMARISING RUN PARAMETERS
==========================
Input filename: SC2241/host_removal/SC2241_R2.fastq.gz
Trimming mode: paired-end
Trim Galore version: 0.6.4_dev
Cutadapt version: 4.1
Python version: could not detect
Number of cores used for trimming: 2
Quality Phred score cutoff: 20
Quality encoding type selected: ASCII+33
Using Illumina adapter for trimming (count: 10488). Second best hit was smallRNA (count: 0)
Adapter sequence: 'AGATCGGAAGAGC' (Illumina TruSeq, Sanger iPCR; auto-detected)
Maximum trimming error rate: 0.1 (default)
Minimum required adapter overlap (stringency): 1 bp
Minimum required sequence length for both reads before a sequence pair gets removed: 20 bp
Running FastQC on the data once trimming has completed
Output file will be GZIP compressed


This is cutadapt 4.1 with Python 3.9.13
Command line parameters: -j 2 -e 0.1 -q 20 -O 1 -a AGATCGGAAGAGC SC2241/host_removal/SC2241_R2.fastq.gz
Processing single-end reads on 2 cores ...
Finished in 29.79 s (39 µs/read; 1.52 M reads/minute).

=== Summary ===

Total reads processed:                 754,380
Reads with adapters:                   272,762 (36.2%)
Reads written (passing filters):       754,380 (100.0%)

Total basepairs processed:   189,349,380 bp
Quality-trimmed:               2,518,293 bp (1.3%)
Total written (filtered):    185,400,050 bp (97.9%)

=== Adapter 1 ===

Sequence: AGATCGGAAGAGC; Type: regular 3'; Length: 13; Trimmed: 272762 times

Minimum overlap: 1
No. of allowed errors:
1-9 bp: 0; 10-13 bp: 1

Bases preceding removed adapters:
  A: 41.3%
  C: 16.9%
  G: 10.9%
  T: 29.7%
  none/other: 1.2%

Overview of removed sequences
length	count	expect	max.err	error counts
1	186856	188595.0	0	186856
2	60361	47148.8	0	60361
3	7610	11787.2	0	7610
4	1894	2946.8	0	1894
5	94	736.7	0	94
6	119	184.2	0	119
7	1630	46.0	0	1630
8	54	11.5	0	54
9	144	2.9	0	143 1
10	174	0.7	1	155 19
11	42	0.2	1	39 3
12	168	0.0	1	156 12
13	25	0.0	1	24 1
14	125	0.0	1	115 10
15	46	0.0	1	44 2
16	52	0.0	1	51 1
17	106	0.0	1	102 4
18	27	0.0	1	25 2
19	104	0.0	1	100 4
20	61	0.0	1	57 4
21	13	0.0	1	10 3
22	63	0.0	1	56 7
23	94	0.0	1	91 3
24	568	0.0	1	547 21
25	19	0.0	1	17 2
26	97	0.0	1	93 4
27	97	0.0	1	93 4
28	103	0.0	1	98 5
29	30	0.0	1	24 6
30	113	0.0	1	109 4
31	23	0.0	1	18 5
32	119	0.0	1	110 9
33	81	0.0	1	78 3
34	68	0.0	1	64 4
35	75	0.0	1	72 3
36	211	0.0	1	208 3
37	45	0.0	1	42 3
38	60	0.0	1	53 7
39	119	0.0	1	113 6
40	33	0.0	1	32 1
41	72	0.0	1	70 2
42	182	0.0	1	174 8
43	110	0.0	1	107 3
44	112	0.0	1	108 4
45	160	0.0	1	154 6
46	136	0.0	1	131 5
47	200	0.0	1	192 8
48	105	0.0	1	99 6
49	88	0.0	1	85 3
50	77	0.0	1	72 5
51	75	0.0	1	69 6
52	48	0.0	1	46 2
53	87	0.0	1	81 6
54	187	0.0	1	180 7
55	54	0.0	1	48 6
56	119	0.0	1	113 6
57	299	0.0	1	288 11
58	168	0.0	1	163 5
59	45	0.0	1	44 1
60	122	0.0	1	117 5
61	55	0.0	1	51 4
62	37	0.0	1	34 3
63	107	0.0	1	103 4
64	55	0.0	1	52 3
65	30	0.0	1	30
66	17	0.0	1	17
67	16	0.0	1	13 3
68	27	0.0	1	24 3
69	30	0.0	1	27 3
70	27	0.0	1	26 1
71	23	0.0	1	22 1
72	37	0.0	1	32 5
73	49	0.0	1	42 7
74	92	0.0	1	66 26
75	121	0.0	1	93 28
76	203	0.0	1	143 60
77	333	0.0	1	209 124
78	539	0.0	1	348 191
79	928	0.0	1	491 437
80	1360	0.0	1	988 372
81	849	0.0	1	543 306
82	412	0.0	1	258 154
83	250	0.0	1	138 112
84	169	0.0	1	94 75
85	116	0.0	1	60 56
86	97	0.0	1	50 47
87	79	0.0	1	38 41
88	62	0.0	1	26 36
89	63	0.0	1	32 31
90	36	0.0	1	15 21
91	41	0.0	1	21 20
92	42	0.0	1	21 21
93	38	0.0	1	19 19
94	140	0.0	1	108 32
95	33	0.0	1	21 12
96	39	0.0	1	29 10
97	44	0.0	1	33 11
98	23	0.0	1	13 10
99	18	0.0	1	5 13
100	17	0.0	1	3 14
101	12	0.0	1	8 4
102	14	0.0	1	11 3
103	18	0.0	1	9 9
104	12	0.0	1	4 8
105	21	0.0	1	17 4
106	9	0.0	1	2 7
107	13	0.0	1	3 10
108	10	0.0	1	2 8
109	11	0.0	1	4 7
110	17	0.0	1	5 12
111	13	0.0	1	6 7
112	10	0.0	1	3 7
113	30	0.0	1	17 13
114	16	0.0	1	6 10
115	9	0.0	1	4 5
116	6	0.0	1	2 4
117	15	0.0	1	8 7
118	11	0.0	1	3 8
119	9	0.0	1	2 7
120	17	0.0	1	3 14
121	10	0.0	1	3 7
122	8	0.0	1	1 7
123	21	0.0	1	15 6
124	13	0.0	1	3 10
125	10	0.0	1	1 9
126	13	0.0	1	2 11
127	17	0.0	1	10 7
128	14	0.0	1	3 11
129	10	0.0	1	2 8
130	10	0.0	1	4 6
131	18	0.0	1	9 9
132	12	0.0	1	3 9
133	11	0.0	1	6 5
134	17	0.0	1	5 12
135	10	0.0	1	3 7
136	11	0.0	1	3 8
137	7	0.0	1	0 7
138	7	0.0	1	1 6
139	17	0.0	1	5 12
140	7	0.0	1	0 7
141	21	0.0	1	16 5
142	12	0.0	1	3 9
143	15	0.0	1	9 6
144	9	0.0	1	1 8
145	11	0.0	1	4 7
146	20	0.0	1	12 8
147	14	0.0	1	7 7
148	4	0.0	1	1 3
149	12	0.0	1	7 5
150	10	0.0	1	2 8
151	12	0.0	1	5 7
152	11	0.0	1	3 8
153	18	0.0	1	13 5
154	15	0.0	1	10 5
155	21	0.0	1	13 8
156	30	0.0	1	23 7
157	23	0.0	1	17 6
158	25	0.0	1	18 7
159	28	0.0	1	24 4
160	32	0.0	1	23 9
161	21	0.0	1	16 5
162	28	0.0	1	19 9
163	20	0.0	1	17 3
164	24	0.0	1	20 4
165	15	0.0	1	11 4
166	20	0.0	1	15 5
167	22	0.0	1	15 7
168	26	0.0	1	25 1
169	22	0.0	1	17 5
170	21	0.0	1	17 4
171	6	0.0	1	3 3
172	19	0.0	1	17 2
173	17	0.0	1	15 2
174	7	0.0	1	6 1
175	11	0.0	1	9 2
176	20	0.0	1	18 2
177	9	0.0	1	5 4
178	11	0.0	1	6 5
179	5	0.0	1	3 2
180	9	0.0	1	9
181	17	0.0	1	15 2
182	3	0.0	1	2 1
183	3	0.0	1	2 1
184	1	0.0	1	1
185	27	0.0	1	26 1
186	5	0.0	1	3 2
187	6	0.0	1	5 1
188	1	0.0	1	1
189	4	0.0	1	2 2
190	7	0.0	1	7
191	3	0.0	1	3
192	11	0.0	1	10 1
193	8	0.0	1	5 3
194	1	0.0	1	0 1
195	7	0.0	1	6 1
196	3	0.0	1	1 2
197	1	0.0	1	1
198	3	0.0	1	3
199	1	0.0	1	1
200	2	0.0	1	2
201	1	0.0	1	1
203	1	0.0	1	1
204	1	0.0	1	0 1
205	1	0.0	1	0 1
207	2	0.0	1	2
208	3	0.0	1	3
209	2	0.0	1	2
210	6	0.0	1	6
211	2	0.0	1	2
212	2	0.0	1	2
213	1	0.0	1	0 1
214	2	0.0	1	1 1
215	3	0.0	1	3
216	1	0.0	1	1
218	1	0.0	1	1
221	1	0.0	1	1
222	2	0.0	1	0 2
226	1	0.0	1	1
230	1	0.0	1	1
236	1	0.0	1	1
239	2	0.0	1	1 1
241	1	0.0	1	0 1
242	1	0.0	1	1
245	2	0.0	1	0 2
246	1	0.0	1	0 1
247	3	0.0	1	0 3
248	5	0.0	1	1 4
249	7	0.0	1	1 6
250	20	0.0	1	0 20
251	556	0.0	1	0 556

RUN STATISTICS FOR INPUT FILE: SC2241/host_removal/SC2241_R2.fastq.gz
=============================================
754380 sequences processed in total

Total number of sequences analysed for the sequence pair length validation: 754380

Number of sequence pairs removed because at least one read was shorter than the length cutoff (20 bp): 5443 (0.72%)
