quality	AA	AC	AG	AT	A.	CA	CC	CG	CT	C.	GA	GC	GG	GT	G.	TA	TC	TG	TT	T.	.A	.C	.G	.T	..
0	NA	NA	NA	NA	NA	NA	NA	NA	NA	NA	NA	NA	NA	NA	NA	NA	NA	NA	NA	NA	NA	NA	NA	NA	NA
1	NA	NA	NA	NA	NA	NA	NA	NA	NA	NA	NA	NA	NA	NA	NA	NA	NA	NA	NA	NA	NA	NA	NA	NA	NA
2	NA	NA	NA	NA	NA	NA	NA	NA	NA	NA	NA	NA	NA	NA	NA	NA	NA	NA	NA	NA	NA	NA	NA	NA	NA
3	NA	NA	NA	NA	NA	NA	NA	NA	NA	NA	NA	NA	NA	NA	NA	NA	NA	NA	NA	NA	NA	NA	NA	NA	NA
4	NA	NA	NA	NA	NA	NA	NA	NA	NA	NA	NA	NA	NA	NA	NA	NA	NA	NA	NA	NA	NA	NA	NA	NA	NA
5	NA	NA	NA	NA	NA	NA	NA	NA	NA	NA	NA	NA	NA	NA	NA	NA	NA	NA	NA	NA	NA	NA	NA	NA	NA
6	NA	NA	NA	NA	NA	NA	NA	NA	NA	NA	NA	NA	NA	NA	NA	NA	NA	NA	NA	NA	NA	NA	NA	NA	NA
7	NA	NA	NA	NA	NA	NA	NA	NA	NA	NA	NA	NA	NA	NA	NA	NA	NA	NA	NA	NA	NA	NA	NA	NA	NA
8	NA	NA	NA	NA	NA	NA	NA	NA	NA	NA	NA	NA	NA	NA	NA	NA	NA	NA	NA	NA	NA	NA	NA	NA	NA
9	NA	NA	NA	NA	NA	NA	NA	NA	NA	NA	NA	NA	NA	NA	NA	NA	NA	NA	NA	NA	NA	NA	NA	NA	NA
10	1	NA	NA	NA	NA	0.0384615	0.942308	NA	0.0192308	NA	0.00970874	NA	0.956311	0.0339806	NA	NA	NA	0.0681818	0.931818	NA	NA	NA	NA	NA	1
11	0.970304	0.0151779	0.00419702	0.010189	0.000131982	0.0685412	0.907231	0.00553517	0.0183451	0.000347925	0.0219013	0.00551246	0.920383	0.0521043	9.90262e-05	0.0226141	0.00458607	0.0213489	0.951372	7.90701e-05	7.00815e-05	7.00815e-06	NA	7.00815e-06	0.999916
12	0.969299	0.0150064	0.00826752	0.00729936	0.000127389	0.0604588	0.917665	0.00587703	0.0155369	0.000462238	0.0123642	0.00448872	0.944903	0.0380451	0.000199222	0.0115874	0.0065609	0.0310232	0.950626	0.000202824	6.14893e-05	1.67698e-05	3.91295e-05	8.19857e-05	0.999801
13	0.963126	0.0190814	0.00826333	0.0093952	0.000134037	0.0423817	0.940369	0.00606789	0.0110054	0.000176403	0.00838432	0.00351328	0.964249	0.0237211	0.000132674	0.0141797	0.00802892	0.0240212	0.953589	0.000180867	4.15291e-05	2.9612e-05	2.70842e-05	3.32233e-05	0.999869
14	0.963244	0.0198919	0.00633616	0.0103679	0.000160435	0.0373344	0.946572	0.00453613	0.0114467	0.000111013	0.0130089	0.00631805	0.949348	0.0311864	0.000138393	0.0153592	0.0130571	0.0228237	0.948521	0.000238594	4.80845e-05	3.24895e-05	3.44389e-05	4.15866e-05	0.999843
15	0.962629	0.0178981	0.00884156	0.0105144	0.000116624	0.0321863	0.950236	0.00536035	0.0120439	0.000173849	0.0125063	0.00608598	0.954025	0.0272767	0.000106372	0.0180393	0.0120012	0.0236701	0.946046	0.000243394	0.000101156	2.06663e-05	2.50171e-05	3.48064e-05	0.999818
16	0.96374	0.0164196	0.00759447	0.0121358	0.000110356	0.0265071	0.955945	0.00458396	0.0128711	9.27093e-05	0.0109311	0.00522925	0.958388	0.0253706	8.09044e-05	0.0194056	0.0129086	0.0277283	0.939788	0.000169057	4.97434e-05	2.2755e-05	2.69885e-05	4.4187e-05	0.999856
17	NA	NA	NA	NA	NA	NA	NA	NA	NA	NA	NA	NA	NA	NA	NA	NA	NA	NA	NA	NA	NA	NA	NA	NA	NA
18	1	NA	NA	NA	NA	NA	1	NA	NA	NA	NA	NA	1	NA	NA	NA	NA	NA	1	NA	NA	NA	NA	NA	1
19	0.99359	0.00641026	NA	NA	NA	NA	1	NA	NA	NA	NA	NA	1	NA	NA	NA	NA	0.00925926	0.990741	NA	NA	NA	NA	NA	1
20	0.996668	0.00174913	0.00108279	0.00049975	NA	0.00995083	0.987942	0.000468274	0.00163896	NA	0.00166015	0.000589086	0.993359	0.00439137	NA	0.00142889	0.0007694	0.0352825	0.962519	NA	NA	NA	2.06984e-05	8.27935e-05	0.999897
21	0.994006	0.00264291	0.00271592	0.000562167	7.30087e-05	0.00592302	0.992351	0.000735272	0.000959938	3.06363e-05	0.000806346	0.000243779	0.996268	0.00266282	1.87522e-05	0.00101622	0.000634463	0.0034304	0.994849	6.98985e-05	2.46708e-05	9.48876e-06	1.32843e-05	1.89775e-05	0.999934
22	0.993998	0.0025784	0.00278717	0.000501065	0.000135705	0.00615914	0.991556	0.00110931	0.00109275	8.27842e-05	0.00134865	0.00022714	0.994009	0.00435826	5.67851e-05	0.0011801	0.00074376	0.0034213	0.994546	0.000109085	3.66625e-05	2.74969e-05	2.13865e-05	4.27729e-05	0.999872
23	0.995714	0.00148082	0.00231343	0.000396748	9.49959e-05	0.00409232	0.994244	0.000741064	0.000889277	3.29362e-05	0.000628844	0.000214727	0.996288	0.0028528	1.53377e-05	0.000500101	0.000637534	0.00386719	0.994919	7.63513e-05	1.58948e-05	4.33493e-06	1.87847e-05	2.45646e-05	0.999936
24	0.994706	0.0012032	0.00362563	0.00043315	3.20852e-05	0.00396213	0.993352	0.0012498	0.00138276	5.3183e-05	0.000905524	0.000125767	0.995447	0.00349633	2.51534e-05	0.000405529	0.000266491	0.00135563	0.997903	6.95193e-05	3.09921e-05	1.77098e-05	8.85489e-06	4.87019e-05	0.999894
25	0.996897	0.00117131	0.00145791	0.000411205	6.23037e-05	0.00378506	0.994429	0.000765518	0.000999426	2.12644e-05	0.000962237	0.00023565	0.995601	0.00316164	3.9275e-05	0.000460273	0.00114109	0.00214794	0.996145	0.000105479	5.66653e-05	1.77079e-05	2.83326e-05	3.54158e-05	0.999862
26	0.990306	0.0013681	0.00785678	0.000351796	0.000117265	0.0038464	0.991298	0.0038464	0.00100889	NA	0.00074134	0.000336973	0.991845	0.00707643	NA	0.000412935	0.00154851	0.00211629	0.995871	5.16169e-05	2.10679e-05	2.10679e-05	5.26698e-05	4.21359e-05	0.999863
27	0.996214	0.00152366	0.00151114	0.000692574	5.86927e-05	0.00286479	0.995407	0.000411797	0.00128496	3.17745e-05	0.00136744	0.000892818	0.994766	0.00295061	2.32332e-05	0.00108361	0.00194584	0.00354576	0.993291	0.000134241	3.06685e-05	1.32076e-05	1.76847e-05	2.59675e-05	0.999912
28	0.998792	0.000444073	0.000373022	0.000319733	7.10517e-05	0.000576897	0.998422	0.000118773	0.000848378	3.39351e-05	0.00130604	0.000189426	0.996999	0.00144562	5.98187e-05	0.000275037	0.0069103	0.00257847	0.990167	6.87592e-05	1.22678e-05	4.08926e-06	4.08926e-06	4.08926e-06	0.999975
29	0.999622	NA	0.000189036	NA	0.000189036	0.00197869	0.997869	NA	0.000152207	NA	0.000301856	5.03094e-05	0.999296	0.000352166	NA	NA	NA	0.00122349	0.998777	NA	NA	NA	NA	2.3851e-05	0.999976
30	0.997039	0.000709175	0.00192193	0.00027935	5.06554e-05	0.000561424	0.997928	0.000467087	0.00103426	9.20368e-06	0.000802784	0.00028507	0.997917	0.000988462	6.55334e-06	0.000317389	0.00134044	0.000861182	0.997425	5.6072e-05	1.82219e-05	7.14103e-06	9.11097e-06	1.37896e-05	0.999952
31	0.99767	0.000565087	0.00156817	0.000147913	4.88258e-05	0.000617225	0.998255	0.000371004	0.000747578	8.913e-06	0.000537052	0.000312674	0.998278	0.000866347	6.23271e-06	0.000187981	0.00121404	0.00120934	0.997313	7.59756e-05	1.63946e-05	3.81792e-06	5.83918e-06	1.41488e-05	0.99996
32	0.996463	0.000233602	0.00319013	8.03008e-05	3.28503e-05	0.000302342	0.998441	0.00101128	0.000239788	5.21279e-06	0.000201711	9.38192e-06	0.998677	0.00111176	NA	0.000100975	0.000309658	0.000767413	0.998761	6.05853e-05	3.1863e-06	3.1863e-06	5.31049e-06	2.01799e-05	0.999968
33	0.996414	0.000266083	0.00324795	4.62753e-05	2.60298e-05	0.00040706	0.998488	0.000839041	0.000265835	NA	0.000185106	2.75689e-05	0.998318	0.00146509	3.93842e-06	4.05459e-05	0.000259971	0.00164807	0.998025	2.62356e-05	5.0644e-06	5.90847e-06	5.0644e-06	1.68813e-05	0.999967
34	0.99806	0.000417048	0.0013444	0.000118408	6.04266e-05	0.000350333	0.998699	0.000257354	0.000686831	6.08794e-06	0.000629248	0.000368921	0.99855	0.000444292	7.93378e-06	0.000136465	0.00137977	0.000782501	0.997615	8.65665e-05	1.94323e-05	4.93859e-06	9.12566e-06	1.38495e-05	0.999953
35	0.999042	0.000269737	0.000591739	4.806e-05	4.86607e-05	0.000282878	0.999407	5.39966e-05	0.000251447	4.83552e-06	0.000393536	0.000219456	0.999158	0.000216156	1.23754e-05	5.1795e-05	0.00086379	0.000768833	0.998238	7.7153e-05	1.51987e-05	4.39481e-06	1.31844e-05	1.28182e-05	0.999954
36	0.99801	0.000329564	0.00151089	9.19835e-05	5.78182e-05	0.000226056	0.998735	0.000374289	0.00065758	6.99991e-06	0.000524031	0.000494875	0.998634	0.000336655	1.01074e-05	7.81959e-05	0.00160627	0.000506496	0.997737	7.16795e-05	1.9544e-05	5.50188e-06	5.99459e-06	1.55202e-05	0.999953
37	0.997991	0.000321316	0.00156333	7.24335e-05	5.18363e-05	0.000240468	0.998684	0.000417282	0.000651856	6.4832e-06	0.000423579	0.000110369	0.999066	0.000394346	5.36932e-06	6.70483e-05	0.000887423	0.000596343	0.998364	8.50998e-05	1.69424e-05	5.00813e-06	5.75402e-06	1.44916e-05	0.999958
38	0.998192	0.00032164	0.00136785	6.44681e-05	5.44242e-05	0.000171746	0.998893	0.000305694	0.00062203	7.33959e-06	0.000434368	0.00032624	0.99894	0.000288712	1.0404e-05	5.01672e-05	0.00121095	0.000459596	0.99819	8.90063e-05	1.66216e-05	5.49298e-06	6.06368e-06	1.54802e-05	0.999956
39	0.998344	0.000269669	0.00127188	5.39672e-05	6.07062e-05	0.000157466	0.998838	0.000334236	0.000663647	6.16639e-06	0.000456356	0.00032962	0.999015	0.000189169	1.03313e-05	4.45261e-05	0.00114317	0.000435622	0.998292	8.44947e-05	1.88929e-05	5.24898e-06	8.88288e-06	1.58479e-05	0.999951
40	0.998772	0.000232055	0.000879021	5.0116e-05	6.70595e-05	0.000101589	0.998771	0.000189627	0.000929149	8.26795e-06	0.000494366	0.000195392	0.999231	6.57411e-05	1.32529e-05	3.89146e-05	0.000897742	0.00034177	0.998659	6.3021e-05	2.35475e-05	6.24e-06	9.73254e-06	1.75403e-05	0.999943
