quality	AA	AC	AG	AT	A.	CA	CC	CG	CT	C.	GA	GC	GG	GT	G.	TA	TC	TG	TT	T.	.A	.C	.G	.T	..
0	NA	NA	NA	NA	NA	NA	NA	NA	NA	NA	NA	NA	NA	NA	NA	NA	NA	NA	NA	NA	NA	NA	NA	NA	NA
1	NA	NA	NA	NA	NA	NA	NA	NA	NA	NA	NA	NA	NA	NA	NA	NA	NA	NA	NA	NA	NA	NA	NA	NA	NA
2	NA	NA	NA	NA	NA	NA	NA	NA	NA	NA	NA	NA	NA	NA	NA	NA	NA	NA	NA	NA	NA	NA	NA	NA	NA
3	NA	NA	NA	NA	NA	NA	NA	NA	NA	NA	NA	NA	NA	NA	NA	NA	NA	NA	NA	NA	NA	NA	NA	NA	NA
4	NA	NA	NA	NA	NA	NA	NA	NA	NA	NA	NA	NA	NA	NA	NA	NA	NA	NA	NA	NA	NA	NA	NA	NA	NA
5	NA	NA	NA	NA	NA	NA	NA	NA	NA	NA	NA	NA	NA	NA	NA	NA	NA	NA	NA	NA	NA	NA	NA	NA	NA
6	NA	NA	NA	NA	NA	NA	NA	NA	NA	NA	NA	NA	NA	NA	NA	NA	NA	NA	NA	NA	NA	NA	NA	NA	NA
7	NA	NA	NA	NA	NA	NA	NA	NA	NA	NA	NA	NA	NA	NA	NA	NA	NA	NA	NA	NA	NA	NA	NA	NA	NA
8	NA	NA	NA	NA	NA	NA	NA	NA	NA	NA	NA	NA	NA	NA	NA	NA	NA	NA	NA	NA	NA	NA	NA	NA	NA
9	NA	NA	NA	NA	NA	NA	NA	NA	NA	NA	NA	NA	NA	NA	NA	NA	NA	NA	NA	NA	NA	NA	NA	NA	NA
10	1	NA	NA	NA	NA	0.0384615	0.923077	NA	0.0384615	NA	NA	NA	0.988235	0.0117647	NA	0.0833333	NA	NA	0.916667	NA	NA	NA	NA	NA	1
11	0.971651	0.0139992	0.00355466	0.0105762	0.000219423	0.0841985	0.888271	0.00589457	0.0213678	0.000267935	0.0238162	0.00590717	0.914455	0.0555399	0.000281294	0.0210626	0.00683112	0.027704	0.944402	NA	2.66855e-05	1.33428e-05	1.33428e-05	6.67138e-05	0.99988
12	0.970742	0.0145105	0.00666272	0.00799263	9.2172e-05	0.0549333	0.923628	0.00618891	0.0149818	0.000267532	0.0113936	0.00434093	0.947471	0.0366847	0.000109343	0.0115276	0.00563341	0.0252982	0.957332	0.000208645	3.20419e-05	1.06806e-05	3.56021e-05	3.91624e-05	0.999883
13	0.966394	0.0181484	0.00554693	0.00980419	0.000106976	0.0407143	0.943034	0.00480491	0.0113192	0.000127427	0.00797218	0.00340902	0.966224	0.0222847	0.000109777	0.0120097	0.00687545	0.0219042	0.959094	0.000117	3.2522e-05	2.18898e-05	2.25152e-05	3.12711e-05	0.999892
14	0.964971	0.0185757	0.00621927	0.0100545	0.000179079	0.0370188	0.946122	0.00445969	0.0122528	0.000147147	0.0138076	0.00546649	0.9479	0.032639	0.000186661	0.0145791	0.0112244	0.0196161	0.954406	0.000174021	4.41113e-05	2.98049e-05	4.05347e-05	5.60332e-05	0.99983
15	0.966915	0.0158005	0.00657539	0.0106378	7.16132e-05	0.030933	0.950287	0.00543234	0.0132461	0.000101698	0.0122787	0.00560795	0.956881	0.0251389	9.35773e-05	0.0157266	0.00972266	0.0231303	0.95126	0.000160217	5.04476e-05	3.10447e-05	2.71641e-05	4.26865e-05	0.999849
16	0.964973	0.0153389	0.00711775	0.0124697	0.000100574	0.0275555	0.953363	0.00451633	0.0144939	7.09251e-05	0.0114056	0.00490787	0.958186	0.0253912	0.000109262	0.0179624	0.0110019	0.0277021	0.943188	0.000145189	4.66253e-05	2.44667e-05	2.49284e-05	5.03184e-05	0.999854
17	NA	NA	NA	NA	NA	NA	NA	NA	NA	NA	NA	NA	NA	NA	NA	NA	NA	NA	NA	NA	NA	NA	NA	NA	NA
18	0.941176	0.0588235	NA	NA	NA	NA	1	NA	NA	NA	NA	NA	1	NA	NA	NA	NA	NA	1	NA	NA	NA	NA	NA	1
19	1	NA	NA	NA	NA	0.0192308	0.961538	NA	0.0192308	NA	NA	NA	1	NA	NA	NA	NA	NA	1	NA	NA	NA	NA	NA	1
20	0.997793	0.000882613	0.000441306	0.00073551	0.000147102	0.00853715	0.988463	0.000692201	0.00230734	NA	0.00148883	0.000694789	0.99464	0.00317618	NA	0.00135501	0.000677507	0.00429088	0.993451	0.000225836	NA	3.90183e-05	NA	3.90183e-05	0.999922
21	0.996642	0.00233232	0.000448522	0.000499782	7.68896e-05	0.00519502	0.993628	0.000268998	0.000907868	NA	0.000995824	0.000337295	0.995904	0.00276261	NA	0.000673652	0.000391446	0.00220302	0.996686	4.5517e-05	1.61566e-05	3.23132e-06	9.69396e-06	1.61566e-05	0.999955
22	0.996269	0.00264382	0.000450011	0.000581265	5.62514e-05	0.00506405	0.993218	0.000422005	0.00123587	6.02864e-05	0.00164817	0.000266615	0.994983	0.00307819	2.42377e-05	0.00105254	0.000562562	0.00272208	0.99559	7.25887e-05	3.2817e-05	3.82865e-05	1.64085e-05	4.3756e-05	0.999869
23	0.997592	0.00160502	0.000401256	0.000381193	2.00628e-05	0.00366856	0.994704	0.000248248	0.00137916	NA	0.000751384	0.000158186	0.997219	0.00181914	5.27287e-05	0.000388846	0.000296577	0.00144993	0.997832	3.29531e-05	2.75242e-05	1.00088e-05	2.5022e-05	2.5022e-05	0.999912
24	0.998512	0.000850521	0.000243006	0.000394885	NA	0.00279668	0.995852	0.000233057	0.00111867	NA	0.000972087	NA	0.99676	0.0022682	NA	0.000380124	0.000464596	0.0010559	0.997994	0.00010559	1.62242e-05	NA	1.62242e-05	8.11208e-06	0.999959
25	0.997745	0.00131917	0.000527667	0.000263833	0.000143909	0.00281745	0.996009	0.000352182	0.000782626	3.91313e-05	0.00143313	0.000214969	0.996095	0.00218552	7.16563e-05	0.000455689	0.000473916	0.00107543	0.99794	5.46827e-05	2.66702e-05	1.33351e-05	1.33351e-05	1.33351e-05	0.999933
26	0.997782	0.00118273	0.000369604	0.000665287	NA	0.00266459	0.996114	NA	0.00122127	NA	0.000809342	0.000346861	0.996994	0.0017343	0.00011562	0.00064712	0.000248892	0.000796456	0.998208	9.9557e-05	7.80549e-05	NA	1.95137e-05	NA	0.999902
27	0.996712	0.00132824	0.00114328	0.000746551	6.96959e-05	0.00266345	0.995421	0.000288468	0.00158766	3.90407e-05	0.00141339	0.000569101	0.99537	0.0026115	3.55688e-05	0.000823313	0.00113002	0.00373482	0.994248	6.41684e-05	2.93154e-05	1.56095e-05	1.06602e-05	3.04576e-05	0.999914
28	0.999104	0.000287972	0.000319969	0.000223978	6.39939e-05	0.00072071	0.998213	NA	0.00106665	NA	0.0016456	0.00043766	0.996604	0.00131298	NA	0.00046804	0.000267451	0.000534902	0.99873	NA	2.17391e-05	7.24638e-06	7.24638e-06	6.52174e-05	0.999899
29	0.999107	0.00029753	NA	0.000148765	0.000446296	0.000526593	0.99921	NA	0.000263296	NA	0.000633245	0.000105541	0.998734	0.000527704	NA	NA	NA	NA	1	NA	9.16212e-05	NA	NA	NA	0.999908
30	0.998359	0.00054119	0.000725744	0.000334191	3.99034e-05	0.000444929	0.998366	0.000129688	0.00104947	9.976e-06	0.000812857	0.000195757	0.998147	0.000837093	7.4574e-06	0.000370792	0.000875069	0.000676695	0.998042	3.52252e-05	1.81197e-05	8.42775e-06	5.89942e-06	1.64341e-05	0.999951
31	0.998699	0.000410048	0.000690289	0.000168629	3.15422e-05	0.000516952	0.998677	6.22606e-05	0.000735807	7.54674e-06	0.000532346	9.72725e-05	0.998787	0.000560643	2.29917e-05	0.000227314	0.000617184	0.00061454	0.998518	2.24671e-05	1.3689e-05	7.22474e-06	3.42224e-06	1.521e-05	0.99996
32	0.999514	0.000196754	0.000202902	6.7634e-05	1.84456e-05	0.000270796	0.99923	5.07743e-05	0.000440044	8.46238e-06	0.000217562	6.96197e-05	0.999478	0.000200157	3.48099e-05	3.81754e-05	0.000218145	0.000174516	0.999542	2.72682e-05	7.14165e-06	1.78541e-06	5.35623e-06	5.35623e-06	0.99998
33	0.999642	0.00020886	9.9457e-05	3.97828e-05	9.9457e-06	0.000444294	0.999154	3.52614e-05	0.000359667	7.05229e-06	0.000184806	2.73787e-05	0.999548	0.00020534	3.42234e-05	8.92836e-05	0.000182449	0.000197977	0.999519	1.16457e-05	4.27988e-06	1.42663e-06	2.85325e-06	7.13314e-06	0.999984
34	0.998708	0.000354762	0.000755111	0.000143775	3.85738e-05	0.000227604	0.999038	3.99468e-05	0.000681882	1.30059e-05	0.000588538	9.02259e-05	0.998931	0.000376631	1.40719e-05	0.000141069	0.000641798	0.000535044	0.998647	3.49494e-05	1.61892e-05	4.85676e-06	4.497e-06	1.52898e-05	0.999959
35	0.999044	0.000271451	0.000587182	6.54563e-05	3.17656e-05	0.000228704	0.999501	1.54182e-05	0.000249261	5.13941e-06	0.000351496	5.85826e-05	0.999426	0.000154918	9.11285e-06	5.80151e-05	0.00043426	0.000524696	0.998952	3.07139e-05	9.63596e-06	3.21199e-06	4.08798e-06	1.31399e-05	0.99997
36	0.999051	0.00022808	0.000598709	8.85536e-05	3.32616e-05	9.2058e-05	0.999167	3.65525e-05	0.000695174	8.79966e-06	0.00047394	4.47113e-05	0.999302	0.000164793	1.46909e-05	0.000103052	0.000529981	0.000209539	0.99912	3.77857e-05	1.62286e-05	6.22097e-06	5.81525e-06	1.44705e-05	0.999957
37	0.998872	0.000208959	0.000822318	6.47716e-05	3.21042e-05	0.000110987	0.999182	3.82715e-05	0.000660183	8.61109e-06	0.000409141	4.60039e-05	0.999412	0.000109626	2.34913e-05	8.27398e-05	0.000546825	0.000273678	0.999062	3.44749e-05	1.48427e-05	6.98478e-06	5.41321e-06	1.27472e-05	0.99996
38	0.998874	0.000213206	0.00080474	6.97019e-05	3.80192e-05	5.48198e-05	0.999354	2.53468e-05	0.000555861	1.00208e-05	0.000421195	4.89206e-05	0.999434	8.17332e-05	1.43182e-05	7.56005e-05	0.000521718	0.000221188	0.999145	3.66775e-05	1.63881e-05	6.64692e-06	5.95931e-06	1.61589e-05	0.999955
39	0.999015	0.000229724	0.000645694	6.32484e-05	4.59273e-05	4.49781e-05	0.999323	2.19337e-05	0.000597486	1.27715e-05	0.000391316	2.93626e-05	0.999513	4.88449e-05	1.78124e-05	6.1141e-05	0.000404055	0.000171211	0.999324	3.97499e-05	1.77826e-05	5.9977e-06	6.05031e-06	1.5494e-05	0.999955
40	0.999082	0.000293271	0.000513714	6.44862e-05	4.60616e-05	3.1425e-05	0.999275	1.71704e-05	0.000658198	1.84663e-05	0.000353588	2.47801e-05	0.999578	2.62895e-05	1.71071e-05	5.27168e-05	0.000253438	0.000222432	0.999437	3.46952e-05	2.06747e-05	7.71975e-06	6.94334e-06	1.65265e-05	0.999948
