quality	AA	AC	AG	AT	A.	CA	CC	CG	CT	C.	GA	GC	GG	GT	G.	TA	TC	TG	TT	T.	.A	.C	.G	.T	..
0	NA	NA	NA	NA	NA	NA	NA	NA	NA	NA	NA	NA	NA	NA	NA	NA	NA	NA	NA	NA	NA	NA	NA	NA	NA
1	NA	NA	NA	NA	NA	NA	NA	NA	NA	NA	NA	NA	NA	NA	NA	NA	NA	NA	NA	NA	NA	NA	NA	NA	NA
2	NA	NA	NA	NA	NA	NA	NA	NA	NA	NA	NA	NA	NA	NA	NA	NA	NA	NA	NA	NA	NA	NA	NA	NA	NA
3	NA	NA	NA	NA	NA	NA	NA	NA	NA	NA	NA	NA	NA	NA	NA	NA	NA	NA	NA	NA	NA	NA	NA	NA	NA
4	NA	NA	NA	NA	NA	NA	NA	NA	NA	NA	NA	NA	NA	NA	NA	NA	NA	NA	NA	NA	NA	NA	NA	NA	NA
5	NA	NA	NA	NA	NA	NA	NA	NA	NA	NA	NA	NA	NA	NA	NA	NA	NA	NA	NA	NA	NA	NA	NA	NA	NA
6	NA	NA	NA	NA	NA	NA	NA	NA	NA	NA	NA	NA	NA	NA	NA	NA	NA	NA	NA	NA	NA	NA	NA	NA	NA
7	NA	NA	NA	NA	NA	NA	NA	NA	NA	NA	NA	NA	NA	NA	NA	NA	NA	NA	NA	NA	NA	NA	NA	NA	NA
8	NA	NA	NA	NA	NA	NA	NA	NA	NA	NA	NA	NA	NA	NA	NA	NA	NA	NA	NA	NA	NA	NA	NA	NA	NA
9	NA	NA	NA	NA	NA	NA	NA	NA	NA	NA	NA	NA	NA	NA	NA	NA	NA	NA	NA	NA	NA	NA	NA	NA	NA
10	NA	NA	NA	NA	NA	NA	NA	NA	NA	NA	NA	NA	NA	NA	NA	NA	NA	NA	NA	NA	NA	NA	NA	NA	NA
11	0.978339	0.0121098	0.00238786	0.00716357	NA	0.0516577	0.924955	0.00719609	0.0161912	NA	0.020858	0.00782176	0.930078	0.041242	NA	0.0270042	0.00759494	0.021097	0.944304	NA	0.00010322	NA	NA	NA	0.999897
12	0.970728	0.0135464	0.00642818	0.00922462	7.26348e-05	0.0369872	0.943414	0.00576424	0.0137381	9.60707e-05	0.0126448	0.00553551	0.951781	0.0298483	0.000189944	0.0137818	0.00765653	0.0244442	0.954004	0.00011343	9.72734e-06	NA	1.94547e-05	8.75461e-05	0.999883
13	0.966236	0.0161222	0.00633981	0.0111894	0.000112393	0.0296871	0.95323	0.00486281	0.0121066	0.000113382	0.00981794	0.00426581	0.963193	0.0225974	0.000125641	0.0143682	0.00898259	0.0220411	0.954481	0.000127066	5.06201e-05	2.20652e-05	2.5959e-05	3.63426e-05	0.999865
14	0.96317	0.0162026	0.00739271	0.0130455	0.000188951	0.0295525	0.951899	0.00460402	0.013788	0.000156681	0.0192136	0.00730493	0.938108	0.035174	0.000199652	0.017326	0.0168073	0.0196301	0.945957	0.000279291	7.59148e-05	4.04879e-05	2.78354e-05	8.85672e-05	0.999767
15	0.979643	0.0078992	0.00443882	0.00793499	8.35262e-05	0.0114653	0.978024	0.00261393	0.00777263	0.000124473	0.0156179	0.00569388	0.951009	0.0276204	5.85489e-05	0.0247215	0.0173252	0.0237855	0.933966	0.000201883	6.07718e-05	3.41841e-05	1.5193e-05	3.79824e-05	0.999852
16	0.964986	0.0115787	0.00850659	0.0148439	8.53353e-05	0.0184368	0.960556	0.0044668	0.0163758	0.000164882	0.018816	0.00780174	0.947001	0.0262663	0.000114732	0.0182397	0.0123852	0.0182563	0.95088	0.000238391	0.000103631	3.9972e-05	3.84916e-05	7.10614e-05	0.999747
17	NA	NA	NA	NA	NA	NA	NA	NA	NA	NA	NA	NA	NA	NA	NA	NA	NA	NA	NA	NA	NA	NA	NA	NA	NA
18	NA	NA	NA	NA	NA	NA	NA	NA	NA	NA	NA	NA	NA	NA	NA	NA	NA	NA	NA	NA	NA	NA	NA	NA	NA
19	NA	NA	NA	NA	NA	NA	NA	NA	NA	NA	NA	NA	NA	NA	NA	NA	NA	NA	NA	NA	NA	NA	NA	NA	NA
20	0.9969	0.00265722	NA	0.00044287	NA	0.008	0.989818	0.000727273	0.00145455	NA	0.00112962	NA	0.995199	0.00367128	NA	0.00116959	0.00175439	0.00467836	0.992398	NA	NA	NA	NA	NA	1
21	0.997647	0.00114171	0.000726543	0.000484362	NA	0.00286272	0.995836	0.000433745	0.000867491	NA	0.00109751	0.000422119	0.996159	0.00232165	NA	0.00136871	0.000624325	0.00187297	0.99611	2.40125e-05	8.53068e-06	8.53068e-06	1.70614e-05	1.70614e-05	0.999949
22	0.99643	0.00196857	0.000567215	0.000934236	0.000100097	0.00404334	0.993962	0.000269556	0.00161734	0.000107823	0.00185978	0.000302755	0.994248	0.00354656	4.32507e-05	0.00182324	0.00108755	0.00319867	0.993859	3.19867e-05	2.91582e-05	1.94388e-05	1.94388e-05	3.88776e-05	0.999893
23	0.997345	0.00144832	0.000680272	0.000504718	2.19443e-05	0.00187226	0.996163	0.000705933	0.0012584	NA	0.00114827	0.000459308	0.995723	0.00264102	2.87068e-05	0.00102748	0.000651221	0.0016787	0.996614	2.89431e-05	1.64831e-05	1.09887e-05	2.19774e-05	1.09887e-05	0.99994
24	0.997837	0.000973289	0.000540716	0.000648859	NA	0.00190278	0.995762	0.00112437	0.00112437	8.64902e-05	0.00123244	0.000246488	0.996221	0.00230055	NA	0.000443181	0.000553976	0.00155113	0.997452	NA	4.33069e-05	NA	1.44356e-05	1.44356e-05	0.999928
25	0.997636	0.00106383	0.000551615	0.000748621	NA	0.0025102	0.994666	0.00050204	0.00232193	NA	0.00168387	0.000434546	0.994731	0.00315046	NA	0.0013787	0.000441185	0.00124083	0.996939	NA	3.12617e-05	1.04206e-05	2.08411e-05	1.04206e-05	0.999927
26	0.997992	0.000950922	0.000316974	0.000739606	NA	0.00194363	0.995936	0.000265041	0.00185529	NA	0.00163221	0.000997461	0.995013	0.00235764	NA	0.000404503	0.000606755	0.000943841	0.998011	3.37086e-05	2.82012e-05	1.41006e-05	NA	NA	0.999958
27	0.996481	0.000927466	0.00139263	0.00114435	5.42211e-05	0.00124285	0.996782	0.000400475	0.00151904	5.52379e-05	0.00265147	0.00125826	0.990756	0.00529896	3.57234e-05	0.00120212	0.00196548	0.00342279	0.993333	7.61118e-05	3.26881e-05	2.34684e-05	1.67631e-05	3.18499e-05	0.999895
28	0.997744	0.000564122	0.000689482	0.00100288	NA	0.000339905	0.998187	0.000113302	0.00135962	NA	0.00275529	0.000714334	0.995068	0.00142867	3.40159e-05	0.000678349	0.000452233	0.000565291	0.998304	NA	NA	NA	NA	2.78416e-05	0.999972
29	1	NA	NA	NA	NA	NA	0.998953	NA	0.00104712	NA	0.000985869	NA	0.998686	0.000328623	NA	NA	0.00203666	NA	0.997963	NA	NA	NA	NA	NA	1
30	0.99802	0.000514217	0.000871933	0.000558931	3.47779e-05	0.000318004	0.998073	0.000170637	0.00141939	1.93905e-05	0.00150891	0.00043465	0.997198	0.000841031	1.76687e-05	0.000667347	0.00131552	0.000575299	0.997396	4.60239e-05	1.91357e-05	9.15185e-06	5.8239e-06	1.83037e-05	0.999948
31	0.998768	0.000271143	0.000663759	0.000271143	2.60297e-05	0.000194586	0.998832	8.57497e-05	0.000867391	1.97884e-05	0.00102715	0.000200343	0.998149	0.000601028	2.22603e-05	0.00029812	0.000944048	0.000549038	0.998172	3.7265e-05	2.40203e-05	1.09807e-05	5.49036e-06	2.60792e-05	0.999933
32	0.999531	0.000117242	0.000213167	0.000117242	2.13167e-05	7.18453e-05	0.999253	2.87381e-05	0.000646607	NA	0.000323216	1.46916e-05	0.999309	0.000352599	NA	6.48028e-05	0.000249954	0.000203666	0.999472	9.25754e-06	2.99872e-06	NA	2.99872e-06	5.99743e-06	0.999988
33	0.999663	9.19097e-05	0.000168501	7.65914e-05	NA	0.000109421	0.999398	1.09421e-05	0.000470511	1.09421e-05	0.000277301	3.19962e-05	0.999253	0.000437282	NA	4.45514e-05	0.000200481	0.000456652	0.999293	5.56892e-06	8.54e-06	2.135e-06	4.27e-06	4.27e-06	0.999981
34	0.998662	0.000299015	0.000766625	0.000221611	5.08963e-05	0.000109828	0.999	6.25177e-05	0.000811041	1.68967e-05	0.000875915	0.000178728	0.998536	0.000395861	1.32938e-05	0.000203104	0.000993469	0.000333091	0.998415	5.57086e-05	2.08531e-05	8.47156e-06	6.19076e-06	1.59656e-05	0.999949
35	0.999425	0.00011374	0.000395563	4.80236e-05	1.76929e-05	2.85746e-05	0.999776	1.68086e-05	0.00017481	3.36172e-06	0.000426179	6.83325e-05	0.999263	0.000237366	5.39467e-06	6.28594e-05	0.000550602	0.000485414	0.998871	3.02656e-05	1.23097e-05	4.10323e-06	2.05162e-06	1.06684e-05	0.999971
36	0.999059	0.000178586	0.000600397	0.000123278	3.86493e-05	4.74646e-05	0.999192	4.64098e-05	0.000697202	1.68763e-05	0.000599159	8.20105e-05	0.999139	0.000168845	1.06131e-05	0.000117964	0.000707784	0.000228167	0.998907	3.958e-05	1.80191e-05	8.17146e-06	3.98097e-06	1.73905e-05	0.999952
37	0.998978	0.000168549	0.000748149	7.91146e-05	2.57982e-05	3.87184e-05	0.999342	4.16967e-05	0.00057333	4.4675e-06	0.000489019	6.79603e-05	0.999348	8.42116e-05	1.03418e-05	8.68909e-05	0.000791762	0.000231438	0.998832	5.76565e-05	2.0578e-05	8.01742e-06	6.14669e-06	1.97763e-05	0.999945
38	0.998997	0.000153549	0.000733236	7.65246e-05	4.00129e-05	3.25198e-05	0.999347	3.17267e-05	0.000579805	8.72483e-06	0.000437594	6.36218e-05	0.999408	7.91393e-05	1.16381e-05	7.06583e-05	0.000658799	0.000212991	0.999015	4.21916e-05	1.93401e-05	9.51655e-06	4.75828e-06	1.76517e-05	0.999949
39	0.998965	0.000201851	0.00073872	5.56864e-05	3.86906e-05	2.14492e-05	0.999343	3.73314e-05	0.000586005	1.26075e-05	0.000369776	4.16231e-05	0.999536	4.25585e-05	9.97708e-06	6.31531e-05	0.00048546	0.000187389	0.999218	4.62119e-05	1.94611e-05	1.00775e-05	5.03876e-06	1.74999e-05	0.999948
40	0.999217	0.000234887	0.000453848	4.48156e-05	4.98855e-05	1.9043e-05	0.999248	3.62177e-05	0.000686267	1.04198e-05	0.000324696	4.07168e-05	0.999598	2.31527e-05	1.37319e-05	4.93957e-05	0.00027412	0.000239956	0.999402	3.48759e-05	2.88119e-05	1.1285e-05	7.77674e-06	2.12691e-05	0.999931
