
SUMMARISING RUN PARAMETERS
==========================
Input filename: SC2188/host_removal/SC2188_R2.fastq.gz
Trimming mode: paired-end
Trim Galore version: 0.6.4_dev
Cutadapt version: 4.1
Python version: could not detect
Number of cores used for trimming: 2
Quality Phred score cutoff: 20
Quality encoding type selected: ASCII+33
Using Illumina adapter for trimming (count: 23523). Second best hit was Nextera (count: 0)
Adapter sequence: 'AGATCGGAAGAGC' (Illumina TruSeq, Sanger iPCR; auto-detected)
Maximum trimming error rate: 0.1 (default)
Minimum required adapter overlap (stringency): 1 bp
Minimum required sequence length for both reads before a sequence pair gets removed: 20 bp
Running FastQC on the data once trimming has completed
Output file will be GZIP compressed


This is cutadapt 4.1 with Python 3.9.13
Command line parameters: -j 2 -e 0.1 -q 20 -O 1 -a AGATCGGAAGAGC SC2188/host_removal/SC2188_R2.fastq.gz
Processing single-end reads on 2 cores ...
Finished in 38.52 s (39 µs/read; 1.56 M reads/minute).

=== Summary ===

Total reads processed:                 999,050
Reads with adapters:                   358,480 (35.9%)
Reads written (passing filters):       999,050 (100.0%)

Total basepairs processed:   250,761,550 bp
Quality-trimmed:               5,212,253 bp (2.1%)
Total written (filtered):    243,661,123 bp (97.2%)

=== Adapter 1 ===

Sequence: AGATCGGAAGAGC; Type: regular 3'; Length: 13; Trimmed: 358480 times

Minimum overlap: 1
No. of allowed errors:
1-9 bp: 0; 10-13 bp: 1

Bases preceding removed adapters:
  A: 39.0%
  C: 14.7%
  G: 9.8%
  T: 36.2%
  none/other: 0.3%

Overview of removed sequences
length	count	expect	max.err	error counts
1	240904	249762.5	0	240904
2	63851	62440.6	0	63851
3	6373	15610.2	0	6373
4	1592	3902.5	0	1592
5	359	975.6	0	359
6	719	243.9	0	719
7	19622	61.0	0	19622
8	442	15.2	0	442
9	757	3.8	0	755 2
10	659	1.0	1	610 49
11	151	0.2	1	131 20
12	417	0.1	1	376 41
13	78	0.0	1	67 11
14	267	0.0	1	235 32
15	77	0.0	1	65 12
16	70	0.0	1	60 10
17	159	0.0	1	141 18
18	46	0.0	1	34 12
19	123	0.0	1	111 12
20	140	0.0	1	127 13
21	51	0.0	1	49 2
22	110	0.0	1	102 8
23	183	0.0	1	160 23
24	2472	0.0	1	2356 116
25	133	0.0	1	113 20
26	278	0.0	1	258 20
27	163	0.0	1	143 20
28	426	0.0	1	385 41
29	98	0.0	1	82 16
30	376	0.0	1	345 31
31	74	0.0	1	60 14
32	240	0.0	1	223 17
33	69	0.0	1	56 13
34	174	0.0	1	160 14
35	219	0.0	1	193 26
36	1354	0.0	1	1304 50
37	659	0.0	1	614 45
38	326	0.0	1	301 25
39	69	0.0	1	59 10
40	144	0.0	1	132 12
41	250	0.0	1	233 17
42	255	0.0	1	242 13
43	263	0.0	1	255 8
44	201	0.0	1	184 17
45	507	0.0	1	476 31
46	330	0.0	1	311 19
47	283	0.0	1	270 13
48	220	0.0	1	213 7
49	231	0.0	1	222 9
50	153	0.0	1	146 7
51	202	0.0	1	193 9
52	89	0.0	1	82 7
53	183	0.0	1	175 8
54	355	0.0	1	337 18
55	143	0.0	1	130 13
56	278	0.0	1	269 9
57	562	0.0	1	544 18
58	340	0.0	1	334 6
59	112	0.0	1	109 3
60	231	0.0	1	220 11
61	159	0.0	1	154 5
62	95	0.0	1	88 7
63	227	0.0	1	222 5
64	108	0.0	1	107 1
65	50	0.0	1	47 3
66	44	0.0	1	44
67	43	0.0	1	38 5
68	40	0.0	1	39 1
69	53	0.0	1	52 1
70	45	0.0	1	40 5
71	51	0.0	1	47 4
72	61	0.0	1	55 6
73	89	0.0	1	84 5
74	113	0.0	1	104 9
75	180	0.0	1	166 14
76	255	0.0	1	231 24
77	359	0.0	1	322 37
78	555	0.0	1	482 73
79	787	0.0	1	650 137
80	1256	0.0	1	1147 109
81	684	0.0	1	608 76
82	380	0.0	1	326 54
83	230	0.0	1	201 29
84	142	0.0	1	109 33
85	94	0.0	1	79 15
86	79	0.0	1	58 21
87	59	0.0	1	47 12
88	41	0.0	1	27 14
89	47	0.0	1	40 7
90	33	0.0	1	27 6
91	25	0.0	1	21 4
92	37	0.0	1	30 7
93	61	0.0	1	54 7
94	739	0.0	1	710 29
95	83	0.0	1	76 7
96	54	0.0	1	49 5
97	30	0.0	1	23 7
98	19	0.0	1	17 2
99	17	0.0	1	13 4
100	20	0.0	1	19 1
101	12	0.0	1	11 1
102	13	0.0	1	11 2
103	14	0.0	1	12 2
104	12	0.0	1	7 5
105	16	0.0	1	15 1
106	15	0.0	1	12 3
107	13	0.0	1	8 5
108	14	0.0	1	9 5
109	14	0.0	1	7 7
110	16	0.0	1	11 5
111	185	0.0	1	153 32
112	18	0.0	1	13 5
113	24	0.0	1	19 5
114	16	0.0	1	11 5
115	6	0.0	1	5 1
116	16	0.0	1	10 6
117	13	0.0	1	11 2
118	12	0.0	1	9 3
119	12	0.0	1	5 7
120	2	0.0	1	2
121	5	0.0	1	3 2
122	10	0.0	1	7 3
123	6	0.0	1	4 2
124	8	0.0	1	7 1
125	7	0.0	1	5 2
126	5	0.0	1	4 1
127	14	0.0	1	9 5
128	11	0.0	1	8 3
129	4	0.0	1	1 3
130	8	0.0	1	4 4
131	4	0.0	1	2 2
132	8	0.0	1	6 2
133	15	0.0	1	7 8
134	11	0.0	1	7 4
135	6	0.0	1	4 2
136	14	0.0	1	8 6
137	9	0.0	1	2 7
138	4	0.0	1	3 1
139	2	0.0	1	1 1
140	2	0.0	1	1 1
141	3	0.0	1	2 1
142	3	0.0	1	2 1
143	5	0.0	1	3 2
144	7	0.0	1	2 5
145	9	0.0	1	7 2
146	9	0.0	1	4 5
147	18	0.0	1	15 3
148	9	0.0	1	8 1
149	16	0.0	1	14 2
150	7	0.0	1	4 3
151	17	0.0	1	15 2
152	5	0.0	1	2 3
153	11	0.0	1	9 2
154	16	0.0	1	13 3
155	9	0.0	1	4 5
156	38	0.0	1	35 3
157	12	0.0	1	11 1
158	6	0.0	1	3 3
159	6	0.0	1	5 1
160	15	0.0	1	12 3
161	9	0.0	1	9
162	8	0.0	1	6 2
163	6	0.0	1	5 1
164	5	0.0	1	5
165	13	0.0	1	12 1
166	15	0.0	1	15
167	13	0.0	1	11 2
168	18	0.0	1	15 3
169	8	0.0	1	8
170	1	0.0	1	1
171	1	0.0	1	1
172	15	0.0	1	13 2
173	7	0.0	1	6 1
174	10	0.0	1	8 2
175	11	0.0	1	11
176	8	0.0	1	8
177	3	0.0	1	3
178	4	0.0	1	2 2
179	2	0.0	1	2
180	4	0.0	1	4
181	36	0.0	1	35 1
182	1	0.0	1	1
183	8	0.0	1	6 2
184	4	0.0	1	4
185	9	0.0	1	9
186	3	0.0	1	2 1
187	4	0.0	1	2 2
188	6	0.0	1	6
189	10	0.0	1	10
190	12	0.0	1	11 1
191	7	0.0	1	7
192	6	0.0	1	6
193	9	0.0	1	9
194	1	0.0	1	1
195	4	0.0	1	4
196	2	0.0	1	2
197	3	0.0	1	2 1
198	10	0.0	1	10
199	8	0.0	1	7 1
200	4	0.0	1	4
201	6	0.0	1	5 1
202	1	0.0	1	1
203	11	0.0	1	11
204	6	0.0	1	5 1
205	9	0.0	1	9
206	12	0.0	1	12
207	8	0.0	1	8
208	15	0.0	1	13 2
209	10	0.0	1	10
210	13	0.0	1	12 1
211	8	0.0	1	8
212	2	0.0	1	2
213	4	0.0	1	4
214	5	0.0	1	5
215	11	0.0	1	10 1
216	2	0.0	1	2
217	6	0.0	1	6
218	1	0.0	1	0 1
222	1	0.0	1	0 1
224	1	0.0	1	1
227	1	0.0	1	1
231	1	0.0	1	1
235	2	0.0	1	1 1
246	1	0.0	1	0 1
248	2	0.0	1	0 2
250	4	0.0	1	0 4
251	156	0.0	1	0 156

RUN STATISTICS FOR INPUT FILE: SC2188/host_removal/SC2188_R2.fastq.gz
=============================================
999050 sequences processed in total

Total number of sequences analysed for the sequence pair length validation: 999050

Number of sequence pairs removed because at least one read was shorter than the length cutoff (20 bp): 3241 (0.32%)
