
SUMMARISING RUN PARAMETERS
==========================
Input filename: SC2208/host_removal/SC2208_R1.fastq.gz
Trimming mode: paired-end
Trim Galore version: 0.6.4_dev
Cutadapt version: 4.1
Python version: could not detect
Number of cores used for trimming: 2
Quality Phred score cutoff: 20
Quality encoding type selected: ASCII+33
Using Illumina adapter for trimming (count: 12086). Second best hit was smallRNA (count: 0)
Adapter sequence: 'AGATCGGAAGAGC' (Illumina TruSeq, Sanger iPCR; auto-detected)
Maximum trimming error rate: 0.1 (default)
Minimum required adapter overlap (stringency): 1 bp
Minimum required sequence length for both reads before a sequence pair gets removed: 20 bp
Running FastQC on the data once trimming has completed
Output file will be GZIP compressed


This is cutadapt 4.1 with Python 3.9.13
Command line parameters: -j 2 -e 0.1 -q 20 -O 1 -a AGATCGGAAGAGC SC2208/host_removal/SC2208_R1.fastq.gz
Processing single-end reads on 2 cores ...
Finished in 18.83 s (34 µs/read; 1.75 M reads/minute).

=== Summary ===

Total reads processed:                 550,375
Reads with adapters:                   193,123 (35.1%)
Reads written (passing filters):       550,375 (100.0%)

Total basepairs processed:   138,144,125 bp
Quality-trimmed:                 795,775 bp (0.6%)
Total written (filtered):    136,221,525 bp (98.6%)

=== Adapter 1 ===

Sequence: AGATCGGAAGAGC; Type: regular 3'; Length: 13; Trimmed: 193123 times

Minimum overlap: 1
No. of allowed errors:
1-9 bp: 0; 10-13 bp: 1

Bases preceding removed adapters:
  A: 34.3%
  C: 22.7%
  G: 10.3%
  T: 32.4%
  none/other: 0.3%

Overview of removed sequences
length	count	expect	max.err	error counts
1	126228	137593.8	0	126228
2	43763	34398.4	0	43763
3	6028	8599.6	0	6028
4	2013	2149.9	0	2013
5	100	537.5	0	100
6	128	134.4	0	128
7	1153	33.6	0	1153
8	93	8.4	0	93
9	143	2.1	0	143
10	172	0.5	1	163 9
11	56	0.1	1	52 4
12	175	0.0	1	166 9
13	120	0.0	1	114 6
14	85	0.0	1	81 4
15	103	0.0	1	98 5
16	65	0.0	1	59 6
17	90	0.0	1	89 1
18	82	0.0	1	75 7
19	62	0.0	1	57 5
20	131	0.0	1	121 10
21	95	0.0	1	89 6
22	147	0.0	1	145 2
23	108	0.0	1	103 5
24	641	0.0	1	617 24
25	249	0.0	1	239 10
26	68	0.0	1	63 5
27	108	0.0	1	98 10
28	249	0.0	1	237 12
29	128	0.0	1	122 6
30	259	0.0	1	246 13
31	130	0.0	1	126 4
32	141	0.0	1	133 8
33	40	0.0	1	36 4
34	112	0.0	1	105 7
35	79	0.0	1	73 6
36	185	0.0	1	175 10
37	106	0.0	1	98 8
38	62	0.0	1	55 7
39	134	0.0	1	126 8
40	61	0.0	1	55 6
41	142	0.0	1	133 9
42	214	0.0	1	208 6
43	134	0.0	1	124 10
44	44	0.0	1	40 4
45	65	0.0	1	62 3
46	57	0.0	1	55 2
47	90	0.0	1	87 3
48	46	0.0	1	46
49	116	0.0	1	105 11
50	67	0.0	1	63 4
51	235	0.0	1	226 9
52	159	0.0	1	152 7
53	131	0.0	1	127 4
54	170	0.0	1	163 7
55	99	0.0	1	95 4
56	49	0.0	1	43 6
57	89	0.0	1	86 3
58	51	0.0	1	47 4
59	78	0.0	1	74 4
60	43	0.0	1	43
61	58	0.0	1	54 4
62	36	0.0	1	35 1
63	73	0.0	1	69 4
64	22	0.0	1	21 1
65	65	0.0	1	65
66	60	0.0	1	57 3
67	23	0.0	1	23
68	67	0.0	1	65 2
69	75	0.0	1	70 5
70	83	0.0	1	76 7
71	74	0.0	1	70 4
72	121	0.0	1	111 10
73	143	0.0	1	129 14
74	250	0.0	1	223 27
75	450	0.0	1	398 52
76	1144	0.0	1	1064 80
77	927	0.0	1	878 49
78	491	0.0	1	452 39
79	292	0.0	1	265 27
80	203	0.0	1	178 25
81	111	0.0	1	100 11
82	97	0.0	1	90 7
83	65	0.0	1	53 12
84	77	0.0	1	70 7
85	64	0.0	1	54 10
86	48	0.0	1	44 4
87	54	0.0	1	49 5
88	36	0.0	1	31 5
89	49	0.0	1	42 7
90	34	0.0	1	27 7
91	39	0.0	1	36 3
92	38	0.0	1	34 4
93	48	0.0	1	39 9
94	195	0.0	1	185 10
95	46	0.0	1	42 4
96	49	0.0	1	46 3
97	34	0.0	1	29 5
98	16	0.0	1	14 2
99	11	0.0	1	10 1
100	32	0.0	1	27 5
101	16	0.0	1	15 1
102	12	0.0	1	11 1
103	17	0.0	1	16 1
104	11	0.0	1	9 2
105	21	0.0	1	16 5
106	9	0.0	1	8 1
107	17	0.0	1	16 1
108	11	0.0	1	11
109	14	0.0	1	12 2
110	14	0.0	1	12 2
111	19	0.0	1	18 1
112	9	0.0	1	8 1
113	22	0.0	1	16 6
114	11	0.0	1	5 6
115	16	0.0	1	14 2
116	11	0.0	1	8 3
117	24	0.0	1	21 3
118	10	0.0	1	7 3
119	11	0.0	1	10 1
120	9	0.0	1	7 2
121	5	0.0	1	5
122	14	0.0	1	12 2
123	11	0.0	1	10 1
124	6	0.0	1	5 1
125	14	0.0	1	12 2
126	16	0.0	1	14 2
127	26	0.0	1	24 2
128	10	0.0	1	4 6
129	9	0.0	1	8 1
130	5	0.0	1	3 2
131	13	0.0	1	6 7
132	5	0.0	1	1 4
133	7	0.0	1	7
134	18	0.0	1	16 2
135	6	0.0	1	4 2
136	6	0.0	1	5 1
137	5	0.0	1	4 1
138	4	0.0	1	2 2
139	5	0.0	1	3 2
140	11	0.0	1	8 3
141	22	0.0	1	17 5
142	9	0.0	1	8 1
143	7	0.0	1	5 2
144	9	0.0	1	6 3
145	12	0.0	1	12
146	18	0.0	1	17 1
147	19	0.0	1	14 5
148	7	0.0	1	7
149	7	0.0	1	5 2
150	5	0.0	1	3 2
151	10	0.0	1	10
152	10	0.0	1	8 2
153	9	0.0	1	6 3
154	16	0.0	1	14 2
155	12	0.0	1	8 4
156	41	0.0	1	39 2
157	19	0.0	1	15 4
158	22	0.0	1	20 2
159	15	0.0	1	11 4
160	29	0.0	1	28 1
161	19	0.0	1	16 3
162	27	0.0	1	23 4
163	22	0.0	1	21 1
164	22	0.0	1	21 1
165	5	0.0	1	4 1
166	16	0.0	1	14 2
167	29	0.0	1	25 4
168	15	0.0	1	13 2
169	20	0.0	1	17 3
170	20	0.0	1	18 2
171	9	0.0	1	6 3
172	12	0.0	1	12
173	13	0.0	1	13
174	9	0.0	1	9
175	7	0.0	1	7
176	15	0.0	1	14 1
177	6	0.0	1	4 2
178	5	0.0	1	2 3
179	3	0.0	1	2 1
180	5	0.0	1	5
181	7	0.0	1	5 2
182	6	0.0	1	5 1
183	4	0.0	1	4
184	5	0.0	1	5
185	26	0.0	1	23 3
186	4	0.0	1	3 1
187	4	0.0	1	4
188	3	0.0	1	2 1
189	5	0.0	1	4 1
190	6	0.0	1	3 3
191	1	0.0	1	1
192	5	0.0	1	4 1
193	7	0.0	1	4 3
194	6	0.0	1	5 1
195	7	0.0	1	4 3
196	3	0.0	1	3
197	1	0.0	1	1
198	3	0.0	1	3
199	3	0.0	1	3
200	2	0.0	1	1 1
201	3	0.0	1	2 1
202	1	0.0	1	1
203	1	0.0	1	1
204	1	0.0	1	0 1
205	1	0.0	1	1
207	2	0.0	1	2
208	2	0.0	1	0 2
210	1	0.0	1	1
212	6	0.0	1	6
214	1	0.0	1	1
215	1	0.0	1	1
217	1	0.0	1	0 1
218	1	0.0	1	1
220	1	0.0	1	1
223	2	0.0	1	2
224	1	0.0	1	1
225	1	0.0	1	1
227	1	0.0	1	1
228	3	0.0	1	3
231	1	0.0	1	1
232	2	0.0	1	2
234	1	0.0	1	1
236	2	0.0	1	2
237	1	0.0	1	1
238	2	0.0	1	1 1
241	2	0.0	1	1 1
242	1	0.0	1	1
244	1	0.0	1	0 1
246	1	0.0	1	0 1
247	3	0.0	1	0 3
249	2	0.0	1	0 2
250	6	0.0	1	0 6
251	131	0.0	1	0 131

RUN STATISTICS FOR INPUT FILE: SC2208/host_removal/SC2208_R1.fastq.gz
=============================================
550375 sequences processed in total

