
SUMMARISING RUN PARAMETERS
==========================
Input filename: SC2248/host_removal/SC2248_R2.fastq.gz
Trimming mode: paired-end
Trim Galore version: 0.6.4_dev
Cutadapt version: 4.1
Python version: could not detect
Number of cores used for trimming: 2
Quality Phred score cutoff: 20
Quality encoding type selected: ASCII+33
Using Illumina adapter for trimming (count: 24392). Second best hit was Nextera (count: 1)
Adapter sequence: 'AGATCGGAAGAGC' (Illumina TruSeq, Sanger iPCR; auto-detected)
Maximum trimming error rate: 0.1 (default)
Minimum required adapter overlap (stringency): 1 bp
Minimum required sequence length for both reads before a sequence pair gets removed: 20 bp
Running FastQC on the data once trimming has completed
Output file will be GZIP compressed


This is cutadapt 4.1 with Python 3.9.13
Command line parameters: -j 2 -e 0.1 -q 20 -O 1 -a AGATCGGAAGAGC SC2248/host_removal/SC2248_R2.fastq.gz
Processing single-end reads on 2 cores ...
Finished in 46.80 s (36 µs/read; 1.66 M reads/minute).

=== Summary ===

Total reads processed:               1,292,307
Reads with adapters:                   444,353 (34.4%)
Reads written (passing filters):     1,292,307 (100.0%)

Total basepairs processed:   324,369,057 bp
Quality-trimmed:               6,279,025 bp (1.9%)
Total written (filtered):    315,183,499 bp (97.2%)

=== Adapter 1 ===

Sequence: AGATCGGAAGAGC; Type: regular 3'; Length: 13; Trimmed: 444353 times

Minimum overlap: 1
No. of allowed errors:
1-9 bp: 0; 10-13 bp: 1

Bases preceding removed adapters:
  A: 40.1%
  C: 16.6%
  G: 12.2%
  T: 30.7%
  none/other: 0.4%

Overview of removed sequences
length	count	expect	max.err	error counts
1	303024	323076.8	0	303024
2	88309	80769.2	0	88309
3	8672	20192.3	0	8672
4	1650	5048.1	0	1650
5	215	1262.0	0	215
6	276	315.5	0	276
7	10107	78.9	0	10107
8	147	19.7	0	147
9	295	4.9	0	293 2
10	345	1.2	1	325 20
11	84	0.3	1	73 11
12	202	0.1	1	187 15
13	42	0.0	1	31 11
14	182	0.0	1	171 11
15	55	0.0	1	45 10
16	58	0.0	1	55 3
17	125	0.0	1	117 8
18	35	0.0	1	33 2
19	175	0.0	1	165 10
20	98	0.0	1	90 8
21	21	0.0	1	17 4
22	89	0.0	1	80 9
23	133	0.0	1	124 9
24	761	0.0	1	717 44
25	43	0.0	1	33 10
26	112	0.0	1	102 10
27	136	0.0	1	117 19
28	255	0.0	1	230 25
29	69	0.0	1	58 11
30	218	0.0	1	192 26
31	59	0.0	1	52 7
32	190	0.0	1	165 25
33	156	0.0	1	143 13
34	176	0.0	1	158 18
35	192	0.0	1	171 21
36	994	0.0	1	958 36
37	315	0.0	1	297 18
38	184	0.0	1	168 16
39	248	0.0	1	232 16
40	74	0.0	1	67 7
41	143	0.0	1	132 11
42	335	0.0	1	318 17
43	205	0.0	1	196 9
44	257	0.0	1	241 16
45	487	0.0	1	461 26
46	387	0.0	1	369 18
47	537	0.0	1	511 26
48	332	0.0	1	317 15
49	270	0.0	1	258 12
50	215	0.0	1	211 4
51	206	0.0	1	201 5
52	149	0.0	1	141 8
53	249	0.0	1	243 6
54	558	0.0	1	542 16
55	170	0.0	1	163 7
56	362	0.0	1	349 13
57	941	0.0	1	922 19
58	545	0.0	1	537 8
59	157	0.0	1	151 6
60	463	0.0	1	456 7
61	224	0.0	1	217 7
62	127	0.0	1	120 7
63	382	0.0	1	378 4
64	198	0.0	1	193 5
65	93	0.0	1	89 4
66	62	0.0	1	60 2
67	67	0.0	1	62 5
68	102	0.0	1	97 5
69	129	0.0	1	122 7
70	74	0.0	1	69 5
71	69	0.0	1	63 6
72	89	0.0	1	85 4
73	131	0.0	1	123 8
74	228	0.0	1	219 9
75	285	0.0	1	264 21
76	463	0.0	1	422 41
77	753	0.0	1	695 58
78	1243	0.0	1	1131 112
79	1785	0.0	1	1573 212
80	3034	0.0	1	2820 214
81	1858	0.0	1	1690 168
82	948	0.0	1	851 97
83	519	0.0	1	482 37
84	355	0.0	1	318 37
85	222	0.0	1	193 29
86	159	0.0	1	126 33
87	148	0.0	1	130 18
88	120	0.0	1	101 19
89	110	0.0	1	93 17
90	93	0.0	1	77 16
91	84	0.0	1	66 18
92	71	0.0	1	58 13
93	75	0.0	1	65 10
94	443	0.0	1	422 21
95	83	0.0	1	77 6
96	119	0.0	1	100 19
97	62	0.0	1	52 10
98	24	0.0	1	19 5
99	35	0.0	1	27 8
100	31	0.0	1	24 7
101	25	0.0	1	20 5
102	20	0.0	1	18 2
103	23	0.0	1	17 6
104	22	0.0	1	19 3
105	77	0.0	1	74 3
106	14	0.0	1	8 6
107	25	0.0	1	19 6
108	32	0.0	1	26 6
109	22	0.0	1	17 5
110	27	0.0	1	21 6
111	365	0.0	1	344 21
112	43	0.0	1	38 5
113	81	0.0	1	67 14
114	24	0.0	1	19 5
115	25	0.0	1	16 9
116	20	0.0	1	15 5
117	30	0.0	1	22 8
118	16	0.0	1	12 4
119	16	0.0	1	10 6
120	16	0.0	1	9 7
121	13	0.0	1	8 5
122	11	0.0	1	6 5
123	33	0.0	1	25 8
124	17	0.0	1	10 7
125	21	0.0	1	10 11
126	14	0.0	1	8 6
127	49	0.0	1	41 8
128	12	0.0	1	5 7
129	15	0.0	1	12 3
130	11	0.0	1	7 4
131	5	0.0	1	4 1
132	10	0.0	1	7 3
133	34	0.0	1	30 4
134	29	0.0	1	13 16
135	11	0.0	1	6 5
136	19	0.0	1	12 7
137	7	0.0	1	2 5
138	10	0.0	1	5 5
139	14	0.0	1	11 3
140	11	0.0	1	8 3
141	29	0.0	1	28 1
142	9	0.0	1	5 4
143	24	0.0	1	18 6
144	6	0.0	1	6
145	17	0.0	1	15 2
146	12	0.0	1	11 1
147	32	0.0	1	26 6
148	16	0.0	1	14 2
149	27	0.0	1	23 4
150	8	0.0	1	4 4
151	37	0.0	1	30 7
152	7	0.0	1	6 1
153	41	0.0	1	38 3
154	67	0.0	1	60 7
155	24	0.0	1	18 6
156	149	0.0	1	140 9
157	61	0.0	1	52 9
158	25	0.0	1	23 2
159	48	0.0	1	45 3
160	82	0.0	1	75 7
161	69	0.0	1	65 4
162	46	0.0	1	43 3
163	33	0.0	1	27 6
164	53	0.0	1	49 4
165	40	0.0	1	39 1
166	68	0.0	1	64 4
167	80	0.0	1	77 3
168	45	0.0	1	43 2
169	33	0.0	1	31 2
170	19	0.0	1	17 2
171	8	0.0	1	5 3
172	76	0.0	1	72 4
173	50	0.0	1	47 3
174	18	0.0	1	17 1
175	44	0.0	1	43 1
176	43	0.0	1	43
177	28	0.0	1	27 1
178	29	0.0	1	27 2
179	11	0.0	1	10 1
180	38	0.0	1	37 1
181	39	0.0	1	38 1
182	9	0.0	1	8 1
183	10	0.0	1	10
184	8	0.0	1	7 1
185	89	0.0	1	83 6
186	5	0.0	1	5
187	7	0.0	1	7
188	9	0.0	1	9
189	21	0.0	1	20 1
190	29	0.0	1	28 1
191	19	0.0	1	19
192	39	0.0	1	37 2
193	13	0.0	1	13
194	8	0.0	1	7 1
195	16	0.0	1	14 2
196	10	0.0	1	10
197	12	0.0	1	11 1
198	9	0.0	1	9
199	7	0.0	1	7
200	18	0.0	1	18
201	13	0.0	1	12 1
202	16	0.0	1	16
203	26	0.0	1	26
204	9	0.0	1	9
205	11	0.0	1	11
206	12	0.0	1	11 1
207	25	0.0	1	23 2
208	28	0.0	1	27 1
209	41	0.0	1	39 2
210	33	0.0	1	32 1
211	12	0.0	1	12
212	17	0.0	1	17
213	10	0.0	1	9 1
214	6	0.0	1	6
215	16	0.0	1	16
216	4	0.0	1	4
217	6	0.0	1	6
218	3	0.0	1	2 1
222	1	0.0	1	1
223	1	0.0	1	1
229	1	0.0	1	1
235	1	0.0	1	1
236	2	0.0	1	0 2
246	1	0.0	1	0 1
248	1	0.0	1	0 1
249	1	0.0	1	0 1
250	12	0.0	1	0 12
251	260	0.0	1	0 260

RUN STATISTICS FOR INPUT FILE: SC2248/host_removal/SC2248_R2.fastq.gz
=============================================
1292307 sequences processed in total

Total number of sequences analysed for the sequence pair length validation: 1292307

Number of sequence pairs removed because at least one read was shorter than the length cutoff (20 bp): 4930 (0.38%)
