quality	AA	AC	AG	AT	A.	CA	CC	CG	CT	C.	GA	GC	GG	GT	G.	TA	TC	TG	TT	T.	.A	.C	.G	.T	..
0	NA	NA	NA	NA	NA	NA	NA	NA	NA	NA	NA	NA	NA	NA	NA	NA	NA	NA	NA	NA	NA	NA	NA	NA	NA
1	NA	NA	NA	NA	NA	NA	NA	NA	NA	NA	NA	NA	NA	NA	NA	NA	NA	NA	NA	NA	NA	NA	NA	NA	NA
2	NA	NA	NA	NA	NA	NA	NA	NA	NA	NA	NA	NA	NA	NA	NA	NA	NA	NA	NA	NA	NA	NA	NA	NA	NA
3	NA	NA	NA	NA	NA	NA	NA	NA	NA	NA	NA	NA	NA	NA	NA	NA	NA	NA	NA	NA	NA	NA	NA	NA	NA
4	NA	NA	NA	NA	NA	NA	NA	NA	NA	NA	NA	NA	NA	NA	NA	NA	NA	NA	NA	NA	NA	NA	NA	NA	NA
5	NA	NA	NA	NA	NA	NA	NA	NA	NA	NA	NA	NA	NA	NA	NA	NA	NA	NA	NA	NA	NA	NA	NA	NA	NA
6	NA	NA	NA	NA	NA	NA	NA	NA	NA	NA	NA	NA	NA	NA	NA	NA	NA	NA	NA	NA	NA	NA	NA	NA	NA
7	NA	NA	NA	NA	NA	NA	NA	NA	NA	NA	NA	NA	NA	NA	NA	NA	NA	NA	NA	NA	NA	NA	NA	NA	NA
8	NA	NA	NA	NA	NA	NA	NA	NA	NA	NA	NA	NA	NA	NA	NA	NA	NA	NA	NA	NA	NA	NA	NA	NA	NA
9	NA	NA	NA	NA	NA	NA	NA	NA	NA	NA	NA	NA	NA	NA	NA	NA	NA	NA	NA	NA	NA	NA	NA	NA	NA
10	1	NA	NA	NA	NA	NA	1	NA	NA	NA	0.02	NA	0.95	0.03	NA	NA	NA	NA	1	NA	NA	NA	NA	NA	1
11	0.975369	0.0128864	0.00290062	0.00870185	0.000142653	0.0631181	0.916555	0.00488341	0.0153217	0.000122085	0.0223971	0.00603378	0.921167	0.0503689	3.27923e-05	0.0166529	0.00692498	0.023413	0.952844	0.00016488	9.46483e-05	2.70424e-05	1.35212e-05	5.40848e-05	0.999811
12	0.972635	0.0150595	0.0049803	0.00722012	0.000105403	0.0477241	0.933821	0.00557767	0.0126977	0.000179346	0.0118769	0.00397829	0.950161	0.0338212	0.000162379	0.0111329	0.00487401	0.0226974	0.961134	0.000161868	3.29299e-05	1.09766e-05	3.29299e-05	4.75654e-05	0.999876
13	0.967409	0.0181187	0.00547153	0.00886736	0.000133452	0.037053	0.949444	0.00407021	0.00932385	0.000108454	0.00829046	0.00345695	0.967386	0.0207822	8.4088e-05	0.0118046	0.00710272	0.0210917	0.959879	0.000121622	3.6549e-05	3.2633e-05	2.41485e-05	2.74118e-05	0.999879
14	0.965698	0.0185959	0.00608202	0.00942912	0.000194784	0.0325726	0.953038	0.00394748	0.010306	0.000135916	0.0136604	0.00571342	0.950694	0.0297648	0.000167248	0.0140539	0.010395	0.020293	0.955099	0.000158622	5.03152e-05	4.40258e-05	2.51576e-05	3.77364e-05	0.999843
15	0.966905	0.0156435	0.00690114	0.0104223	0.000127674	0.0305184	0.950988	0.00541991	0.0129665	0.00010768	0.0137236	0.00648076	0.953413	0.0263006	8.23825e-05	0.0149198	0.00947785	0.0217244	0.953635	0.000243022	5.25621e-05	1.01081e-05	2.6281e-05	3.84108e-05	0.999873
16	0.965149	0.0154022	0.00745688	0.0118728	0.000119105	0.0254618	0.957355	0.00436083	0.0127345	8.75953e-05	0.0118015	0.00559252	0.956507	0.0260051	9.41106e-05	0.018537	0.0122595	0.0281872	0.940866	0.000150469	6.86155e-05	2.77382e-05	2.18986e-05	4.57437e-05	0.999836
17	NA	NA	NA	NA	NA	NA	NA	NA	NA	NA	NA	NA	NA	NA	NA	NA	NA	NA	NA	NA	NA	NA	NA	NA	NA
18	1	NA	NA	NA	NA	NA	1	NA	NA	NA	NA	NA	1	NA	NA	NA	NA	NA	1	NA	NA	NA	NA	NA	1
19	1	NA	NA	NA	NA	NA	1	NA	NA	NA	NA	NA	1	NA	NA	NA	NA	NA	1	NA	NA	NA	NA	NA	1
20	0.995527	0.00308499	0.000771248	0.000616998	NA	0.00701232	0.9915	0.000424989	0.00106247	NA	0.00105307	0.000210615	0.995788	0.00294861	NA	0.000957167	0.000717875	0.00382867	0.994496	NA	4.03633e-05	NA	NA	0.00012109	0.999839
21	0.996837	0.00201948	0.000673161	0.00044454	2.54023e-05	0.00444966	0.994324	0.000227739	0.000945991	5.25551e-05	0.000931272	0.000355577	0.996986	0.00169322	3.38644e-05	0.000690386	0.000406666	0.00227922	0.996595	2.8372e-05	2.33487e-05	3.33552e-06	1.00066e-05	6.67105e-06	0.999957
22	0.99636	0.00241389	0.000747155	0.000421472	5.74735e-05	0.00445455	0.993733	0.000522257	0.00119812	9.21631e-05	0.00151183	0.000443124	0.995438	0.00255448	5.21322e-05	0.00101054	0.000724541	0.00272656	0.995481	5.72006e-05	2.28062e-05	3.42093e-05	1.71046e-05	1.14031e-05	0.999914
23	0.997976	0.00126481	0.000303555	0.000414858	4.04739e-05	0.00309209	0.995354	0.000328628	0.00120995	1.49376e-05	0.000662605	0.000288089	0.997522	0.00151247	1.44044e-05	0.000445869	0.000508569	0.00121221	0.997799	3.48335e-05	3.17288e-05	1.85085e-05	1.05763e-05	7.93221e-06	0.999931
24	0.997641	0.00094373	0.00100271	0.00038339	2.94916e-05	0.00333267	0.995175	0.000149224	0.00129327	4.97413e-05	0.000886394	0.000295465	0.996011	0.00270843	9.84882e-05	0.000246327	0.000291114	0.000962917	0.998455	4.47868e-05	2.52757e-05	NA	1.68505e-05	1.68505e-05	0.999941
25	0.997729	0.00113548	0.000638706	0.000449459	4.73115e-05	0.00251511	0.995984	0.000365097	0.00113586	NA	0.000665596	0.000156611	0.99722	0.00191848	3.91527e-05	0.0004154	0.00100074	0.00117067	0.997357	5.66455e-05	6.88009e-06	1.37602e-05	2.06403e-05	2.75203e-05	0.999931
26	0.997913	0.000670941	0.000969137	0.000372745	7.4549e-05	0.00278585	0.995761	0.000121124	0.00121124	0.000121124	0.000372763	NA	0.998385	0.00124254	NA	0.000411586	0.00216083	0.00108041	0.996296	5.14483e-05	6.10786e-05	2.03595e-05	6.10786e-05	8.14382e-05	0.999776
27	0.996494	0.00160376	0.00114341	0.000677626	8.14781e-05	0.00259927	0.995555	0.000370042	0.00144877	2.69122e-05	0.00145616	0.000647829	0.994562	0.00330683	2.70734e-05	0.000991385	0.00121182	0.00425407	0.993462	8.0788e-05	3.67551e-05	1.81799e-05	1.73895e-05	2.76651e-05	0.9999
28	0.998024	0.00145093	0.000216096	0.000246967	6.17417e-05	0.00038093	0.997656	8.79069e-05	0.00187535	NA	0.00158353	0.000247427	0.996734	0.00143508	NA	0.000509068	0.0015272	0.000509068	0.997455	NA	2.80293e-05	NA	7.00732e-06	1.40146e-05	0.999951
29	0.999706	NA	NA	NA	0.000294334	0.000966184	0.998551	NA	0.000483092	NA	0.000654511	9.35016e-05	0.998784	0.000467508	NA	NA	NA	0.000388199	0.999612	NA	NA	NA	NA	NA	1
30	0.998214	0.000625221	0.000789234	0.000328025	4.31612e-05	0.000454009	0.998274	0.000149421	0.00111682	5.74695e-06	0.000821057	0.000248311	0.998106	0.000822869	1.81249e-06	0.000397958	0.000896317	0.000617017	0.99806	2.92079e-05	1.73154e-05	7.4209e-06	8.24545e-06	1.31927e-05	0.999954
31	0.998514	0.000552445	0.000739715	0.000159179	3.51131e-05	0.000535358	0.998603	8.67649e-05	0.000771653	3.69212e-06	0.000614917	8.71132e-05	0.998762	0.000529512	6.83241e-06	0.000209982	0.000700373	0.000639074	0.998422	2.86931e-05	1.52199e-05	4.08339e-06	3.71218e-06	1.48487e-05	0.999962
32	0.999111	0.000255489	0.000560965	6.66493e-05	5.55411e-06	0.000244982	0.999434	5.91336e-05	0.000261877	NA	0.000250607	4.69888e-05	0.999561	0.000140966	NA	8.30923e-05	0.000467394	0.000160991	0.999273	1.55798e-05	5.04997e-06	8.41662e-06	6.73329e-06	5.04997e-06	0.999975
33	0.999258	0.000245833	0.000439662	3.78204e-05	1.89102e-05	0.000468534	0.99924	3.5495e-05	0.000255564	NA	0.000204019	3.1878e-05	0.999547	0.00021677	NA	7.06154e-05	0.000542624	0.00016353	0.999201	2.22996e-05	1.37752e-05	1.37752e-06	4.13257e-06	1.37752e-05	0.999967
34	0.998399	0.000592954	0.000822647	0.000124627	6.03573e-05	0.000192918	0.999044	5.74269e-05	0.000696301	8.97295e-06	0.000563669	8.06382e-05	0.999	0.000344908	1.11776e-05	0.00014419	0.000765028	0.000566057	0.998471	5.35204e-05	1.55275e-05	8.19989e-06	5.75737e-06	1.72721e-05	0.999953
35	0.998765	0.000489647	0.00063573	5.77116e-05	5.23012e-05	0.000224297	0.999467	2.9054e-05	0.000278919	1.16216e-06	0.000300525	4.24271e-05	0.999491	0.000164994	1.17853e-06	4.54507e-05	0.000351645	0.000579696	0.99898	4.30586e-05	1.51638e-05	5.41565e-06	3.24939e-06	1.19144e-05	0.999964
36	0.998846	0.000407019	0.000627823	8.24496e-05	3.65996e-05	0.000105249	0.999192	4.33754e-05	0.000655734	3.82724e-06	0.000411347	5.12694e-05	0.999356	0.000173481	8.34618e-06	9.21231e-05	0.000679934	0.000274966	0.998908	4.48925e-05	1.89375e-05	6.86325e-06	5.08389e-06	1.52517e-05	0.999954
37	0.99861	0.000346405	0.000939049	6.36467e-05	4.12138e-05	9.12373e-05	0.999297	3.10207e-05	0.000575707	5.47424e-06	0.000308157	5.85223e-05	0.999517	0.000108815	7.31529e-06	7.32386e-05	0.00070006	0.000313663	0.998867	4.59635e-05	1.65989e-05	6.90251e-06	5.09471e-06	1.52841e-05	0.999956
38	0.998626	0.000429841	0.000849599	5.41082e-05	3.9993e-05	6.56663e-05	0.999333	2.90654e-05	0.000567314	5.38248e-06	0.000335193	4.03523e-05	0.999538	7.80145e-05	8.07046e-06	6.06962e-05	0.000646967	0.000218299	0.999028	4.5867e-05	1.68934e-05	6.98678e-06	4.69261e-06	1.4495e-05	0.999957
39	0.99882	0.000434037	0.000646401	4.98288e-05	5.00577e-05	4.50116e-05	0.99934	2.46313e-05	0.000584025	6.00154e-06	0.000331648	3.32015e-05	0.999578	4.91919e-05	7.81211e-06	4.63811e-05	0.000616518	0.000168897	0.999121	4.73291e-05	1.87682e-05	6.39561e-06	5.163e-06	1.721e-05	0.999952
40	0.998991	0.000452836	0.000456273	4.49629e-05	5.5101e-05	2.28173e-05	0.999323	2.09013e-05	0.000624863	8.6218e-06	0.000307819	3.04223e-05	0.999623	2.48821e-05	1.37046e-05	3.8118e-05	0.000485556	0.000123435	0.999308	4.50689e-05	2.08579e-05	8.60607e-06	5.53873e-06	1.72823e-05	0.999948
