quality	AA	AC	AG	AT	A.	CA	CC	CG	CT	C.	GA	GC	GG	GT	G.	TA	TC	TG	TT	T.	.A	.C	.G	.T	..
0	NA	NA	NA	NA	NA	NA	NA	NA	NA	NA	NA	NA	NA	NA	NA	NA	NA	NA	NA	NA	NA	NA	NA	NA	NA
1	NA	NA	NA	NA	NA	NA	NA	NA	NA	NA	NA	NA	NA	NA	NA	NA	NA	NA	NA	NA	NA	NA	NA	NA	NA
2	NA	NA	NA	NA	NA	NA	NA	NA	NA	NA	NA	NA	NA	NA	NA	NA	NA	NA	NA	NA	NA	NA	NA	NA	NA
3	NA	NA	NA	NA	NA	NA	NA	NA	NA	NA	NA	NA	NA	NA	NA	NA	NA	NA	NA	NA	NA	NA	NA	NA	NA
4	NA	NA	NA	NA	NA	NA	NA	NA	NA	NA	NA	NA	NA	NA	NA	NA	NA	NA	NA	NA	NA	NA	NA	NA	NA
5	NA	NA	NA	NA	NA	NA	NA	NA	NA	NA	NA	NA	NA	NA	NA	NA	NA	NA	NA	NA	NA	NA	NA	NA	NA
6	NA	NA	NA	NA	NA	NA	NA	NA	NA	NA	NA	NA	NA	NA	NA	NA	NA	NA	NA	NA	NA	NA	NA	NA	NA
7	NA	NA	NA	NA	NA	NA	NA	NA	NA	NA	NA	NA	NA	NA	NA	NA	NA	NA	NA	NA	NA	NA	NA	NA	NA
8	NA	NA	NA	NA	NA	NA	NA	NA	NA	NA	NA	NA	NA	NA	NA	NA	NA	NA	NA	NA	NA	NA	NA	NA	NA
9	NA	NA	NA	NA	NA	NA	NA	NA	NA	NA	NA	NA	NA	NA	NA	NA	NA	NA	NA	NA	NA	NA	NA	NA	NA
10	NA	NA	NA	NA	NA	NA	NA	NA	NA	NA	NA	NA	NA	NA	NA	NA	NA	NA	NA	NA	NA	NA	NA	NA	NA
11	0.973867	0.0113984	0.00333611	0.0113984	NA	0.0564808	0.92252	0.00488776	0.0161115	NA	0.0225543	0.00808195	0.932243	0.0370266	9.39761e-05	0.0222463	0.0119371	0.0206186	0.945198	NA	7.93777e-05	3.96888e-05	3.96888e-05	NA	0.999841
12	0.972417	0.0131554	0.00598821	0.00834626	9.3081e-05	0.0358741	0.94564	0.00502237	0.0133367	0.000126614	0.013435	0.00593523	0.94996	0.0304708	0.000198669	0.0123967	0.00786132	0.0252973	0.954293	0.000151179	5.17259e-05	1.7242e-05	2.5863e-05	2.5863e-05	0.999879
13	0.966495	0.0156446	0.00685571	0.0108653	0.00013962	0.0289349	0.955099	0.00480594	0.0110449	0.000115739	0.00902371	0.00487052	0.964305	0.0217172	8.31679e-05	0.0154686	0.00980821	0.0223686	0.952212	0.000143027	4.86725e-05	3.39575e-05	3.16937e-05	3.96171e-05	0.999846
14	0.962412	0.0168504	0.0076943	0.0128504	0.00019269	0.0299194	0.95168	0.00498486	0.0132318	0.000183492	0.0176071	0.00701504	0.944519	0.0306827	0.000176071	0.0185661	0.0139159	0.0217185	0.945608	0.000191583	7.64132e-05	4.45743e-05	3.82066e-05	5.73099e-05	0.999783
15	0.977922	0.00800025	0.00507509	0.00892017	8.26899e-05	0.0132464	0.974617	0.00304342	0.00894316	0.000149676	0.0144515	0.00593849	0.956646	0.02285	0.000114422	0.0250446	0.0167708	0.0251722	0.932837	0.00017536	6.80133e-05	3.88648e-05	1.94324e-05	3.88648e-05	0.999835
16	0.965992	0.0115065	0.00829152	0.0140689	0.000140911	0.0180718	0.961074	0.00487799	0.0158106	0.000165459	0.016714	0.00775533	0.952247	0.0231508	0.000132422	0.0191479	0.0126017	0.0196673	0.948364	0.00021916	0.000102959	4.65769e-05	4.90283e-05	8.70253e-05	0.999714
17	NA	NA	NA	NA	NA	NA	NA	NA	NA	NA	NA	NA	NA	NA	NA	NA	NA	NA	NA	NA	NA	NA	NA	NA	NA
18	NA	NA	NA	NA	NA	NA	NA	NA	NA	NA	NA	NA	NA	NA	NA	NA	NA	NA	NA	NA	NA	NA	NA	NA	NA
19	NA	NA	NA	NA	NA	NA	NA	NA	NA	NA	NA	NA	NA	NA	NA	NA	NA	NA	NA	NA	NA	NA	NA	NA	NA
20	0.996472	0.00196002	NA	0.00156801	NA	0.00323974	0.99676	NA	NA	NA	0.000493097	0.000246548	0.997288	0.00197239	NA	0.00118064	NA	0.00354191	0.995277	NA	9.89805e-05	9.89805e-05	NA	NA	0.999802
21	0.997251	0.00160856	0.000555686	0.000555686	2.92466e-05	0.00254748	0.996024	0.000424579	0.000964953	3.85981e-05	0.00112448	0.000299861	0.997151	0.00142434	NA	0.00120484	0.000477783	0.00176572	0.996552	NA	2.22934e-05	NA	7.43113e-06	7.43113e-06	0.999963
22	0.996965	0.00140293	0.000801672	0.00074441	8.58934e-05	0.00414088	0.994266	0.000728067	0.00086458	NA	0.00178108	0.000503349	0.995005	0.00271034	NA	0.00163685	0.000592651	0.00389456	0.993819	5.6443e-05	8.47264e-06	1.69453e-05	NA	2.54179e-05	0.999949
23	0.99678	0.0013324	0.00127688	0.000536659	7.4022e-05	0.00211312	0.996103	0.000548862	0.00123494	NA	0.00121171	0.000500487	0.995548	0.00271317	2.63414e-05	0.00114928	0.000787707	0.00166581	0.996371	2.58264e-05	1.94608e-05	NA	9.73042e-06	2.91913e-05	0.999942
24	0.997682	0.000954589	0.000818219	0.000454566	9.09132e-05	0.0019275	0.996145	0.00103788	0.000889614	NA	0.000942507	0.000362503	0.996085	0.00246502	0.000145001	0.000526247	0.000361795	0.00121695	0.997829	6.57808e-05	2.51534e-05	NA	1.25767e-05	3.77302e-05	0.999925
25	0.997802	0.000566044	0.000832418	0.000765824	3.32967e-05	0.00228708	0.995861	0.000653452	0.001198	NA	0.00196563	0.00075601	0.994506	0.00272164	5.04007e-05	0.000961325	0.000961325	0.00147896	0.996549	4.92987e-05	1.83898e-05	3.67796e-05	9.19489e-06	1.83898e-05	0.999917
26	0.997438	0.000629185	0.0016179	0.000269651	4.49418e-05	0.00192145	0.995773	0.000538006	0.00169088	7.6858e-05	0.00189036	0.000821895	0.994247	0.00304101	NA	0.000398993	0.000613836	0.000797987	0.998158	3.06918e-05	1.25097e-05	3.75291e-05	1.25097e-05	6.25485e-05	0.999875
27	0.996495	0.0010667	0.00128697	0.00108897	6.18734e-05	0.00122145	0.996826	0.000415057	0.00152583	1.18588e-05	0.00256174	0.00117593	0.992358	0.00388425	1.99875e-05	0.00113779	0.00138033	0.00367169	0.99369	0.000120286	3.76486e-05	1.95483e-05	1.52042e-05	3.90966e-05	0.999889
28	0.997365	0.0014468	0.000413373	0.000775074	NA	0.000422878	0.997674	0.000105719	0.00179723	NA	0.0021625	0.000477434	0.995619	0.00174123	NA	0.000290641	0.00261577	0.000678163	0.996415	NA	2.37767e-05	2.37767e-05	NA	NA	0.999952
29	1	NA	NA	NA	NA	NA	0.998384	0.000807754	0.000807754	NA	0.000775996	NA	0.999224	NA	NA	NA	NA	NA	1	NA	NA	NA	NA	NA	1
30	0.997773	0.000495505	0.00106241	0.000631823	3.67842e-05	0.000341387	0.99844	0.000170694	0.0010409	6.69387e-06	0.0014284	0.000411115	0.997206	0.000948266	6.00168e-06	0.000625976	0.0013058	0.00061588	0.997425	2.69237e-05	2.01686e-05	8.64368e-06	5.76246e-06	2.16092e-05	0.999944
31	0.998539	0.000355817	0.000786543	0.000286527	3.18363e-05	0.000181361	0.998872	6.62112e-05	0.000863625	1.72725e-05	0.000796361	0.000208444	0.998455	0.000534471	5.34471e-06	0.000258901	0.000892988	0.000691134	0.998124	3.29111e-05	1.78265e-05	8.31904e-06	7.13061e-06	1.48554e-05	0.999952
32	0.998888	0.000148207	0.000833665	0.000111155	1.85259e-05	0.0001301	0.999506	2.602e-05	0.00033826	NA	0.000386365	1.24634e-05	0.999352	0.000249268	NA	5.04448e-05	0.000151334	0.000235409	0.999521	4.20373e-05	7.95667e-06	NA	2.65222e-06	5.30445e-06	0.999984
33	0.999353	0.000107842	0.000438109	7.41415e-05	2.69605e-05	8.93043e-05	0.999583	2.97681e-05	0.000287758	9.9227e-06	0.000235665	4.71329e-05	0.999425	0.000292224	NA	5.07617e-05	0.000233504	0.000446703	0.999254	1.52285e-05	7.65833e-06	1.91458e-06	7.65833e-06	7.65833e-06	0.999975
34	0.998534	0.000407786	0.000804599	0.000188349	6.49165e-05	0.000136927	0.999043	6.91997e-05	0.000745001	5.88933e-06	0.000768734	0.00019982	0.998661	0.000364003	6.3637e-06	0.000177295	0.000824628	0.000456637	0.998498	4.32929e-05	1.98657e-05	9.93284e-06	9.36525e-06	2.2136e-05	0.999939
35	0.999277	0.000294884	0.000324036	6.95165e-05	3.47582e-05	2.63716e-05	0.999723	1.90461e-05	0.000231484	NA	0.000386141	6.64669e-05	0.999293	0.00024846	6.33019e-06	5.9031e-05	0.000432555	0.000512959	0.998934	6.10666e-05	1.29848e-05	6.13169e-06	3.60688e-06	1.19027e-05	0.999965
36	0.998889	0.000260214	0.00069546	0.000123106	3.20892e-05	5.22809e-05	0.999223	5.60153e-05	0.000661914	6.53512e-06	0.000532596	9.40864e-05	0.99923	0.000131049	1.26009e-05	0.000115701	0.000696286	0.000277821	0.998851	5.95827e-05	2.15982e-05	1.05222e-05	5.16879e-06	2.1229e-05	0.999941
37	0.998875	0.000210833	0.000775806	9.30367e-05	4.50178e-05	5.83254e-05	0.999343	4.24185e-05	0.000552766	3.97673e-06	0.000348334	8.02851e-05	0.999447	0.000110068	1.42441e-05	8.34767e-05	0.000776696	0.000264222	0.998822	5.37154e-05	2.45541e-05	7.55509e-06	5.43022e-06	2.03043e-05	0.999942
38	0.998791	0.000277475	0.000828061	6.84961e-05	3.49025e-05	3.40268e-05	0.999361	3.8989e-05	0.000561442	4.25335e-06	0.000382884	5.50863e-05	0.999478	7.54886e-05	8.16093e-06	6.05844e-05	0.000695582	0.000224117	0.998969	5.10185e-05	1.69687e-05	7.05897e-06	6.38022e-06	2.00909e-05	0.99995
39	0.998807	0.000296563	0.000799079	4.99096e-05	4.72781e-05	2.41904e-05	0.999378	3.1081e-05	0.000562684	4.25165e-06	0.000314396	3.60102e-05	0.999596	4.36277e-05	1.01105e-05	5.67384e-05	0.00069534	0.000180401	0.999013	5.48864e-05	2.09051e-05	8.49603e-06	6.96835e-06	2.04226e-05	0.999943
40	0.999049	0.000368678	0.000485724	4.16842e-05	5.52213e-05	2.34959e-05	0.999267	3.35746e-05	0.000668657	7.74798e-06	0.00029042	2.90489e-05	0.999636	3.16018e-05	1.31099e-05	4.87129e-05	0.000517513	0.000151961	0.999238	4.36694e-05	2.67709e-05	1.10933e-05	7.06629e-06	2.06923e-05	0.999934
