quality	AA	AC	AG	AT	A.	CA	CC	CG	CT	C.	GA	GC	GG	GT	G.	TA	TC	TG	TT	T.	.A	.C	.G	.T	..
0	NA	NA	NA	NA	NA	NA	NA	NA	NA	NA	NA	NA	NA	NA	NA	NA	NA	NA	NA	NA	NA	NA	NA	NA	NA
1	NA	NA	NA	NA	NA	NA	NA	NA	NA	NA	NA	NA	NA	NA	NA	NA	NA	NA	NA	NA	NA	NA	NA	NA	NA
2	NA	NA	NA	NA	NA	NA	NA	NA	NA	NA	NA	NA	NA	NA	NA	NA	NA	NA	NA	NA	NA	NA	NA	NA	NA
3	NA	NA	NA	NA	NA	NA	NA	NA	NA	NA	NA	NA	NA	NA	NA	NA	NA	NA	NA	NA	NA	NA	NA	NA	NA
4	NA	NA	NA	NA	NA	NA	NA	NA	NA	NA	NA	NA	NA	NA	NA	NA	NA	NA	NA	NA	NA	NA	NA	NA	NA
5	NA	NA	NA	NA	NA	NA	NA	NA	NA	NA	NA	NA	NA	NA	NA	NA	NA	NA	NA	NA	NA	NA	NA	NA	NA
6	NA	NA	NA	NA	NA	NA	NA	NA	NA	NA	NA	NA	NA	NA	NA	NA	NA	NA	NA	NA	NA	NA	NA	NA	NA
7	NA	NA	NA	NA	NA	NA	NA	NA	NA	NA	NA	NA	NA	NA	NA	NA	NA	NA	NA	NA	NA	NA	NA	NA	NA
8	NA	NA	NA	NA	NA	NA	NA	NA	NA	NA	NA	NA	NA	NA	NA	NA	NA	NA	NA	NA	NA	NA	NA	NA	NA
9	NA	NA	NA	NA	NA	NA	NA	NA	NA	NA	NA	NA	NA	NA	NA	NA	NA	NA	NA	NA	NA	NA	NA	NA	NA
10	NA	NA	NA	NA	NA	NA	NA	NA	NA	NA	NA	NA	NA	NA	NA	NA	NA	NA	NA	NA	NA	NA	NA	NA	NA
11	0.976947	0.00817996	0.00316044	0.0117122	NA	0.0485437	0.933882	0.00442423	0.0131498	NA	0.0170307	0.00538145	0.937892	0.0396961	NA	0.0296296	0.00576132	0.0242798	0.940329	NA	8.08342e-05	2.69447e-05	NA	5.38895e-05	0.999838
12	0.971719	0.0137511	0.0049733	0.00951115	4.58369e-05	0.0358139	0.947204	0.00432399	0.0124393	0.000219333	0.0125792	0.00534759	0.952633	0.0292881	0.000152245	0.0153605	0.00657335	0.021457	0.956575	3.40588e-05	3.81182e-05	1.90591e-05	2.54122e-05	5.71773e-05	0.99986
13	0.96584	0.0162594	0.00695653	0.0108121	0.000132191	0.0309853	0.950573	0.00477486	0.0135387	0.000128127	0.010311	0.00442197	0.963389	0.02177	0.000107752	0.0157338	0.0101525	0.0220166	0.951976	0.000120823	4.22649e-05	3.61013e-05	2.5535e-05	3.61013e-05	0.99986
14	0.962726	0.0171296	0.00692431	0.0130658	0.000154625	0.0290486	0.953208	0.004329	0.0132481	0.000166779	0.0192582	0.00708466	0.941814	0.0316512	0.000192033	0.018784	0.0151845	0.0217982	0.944007	0.00022654	7.39264e-05	4.15836e-05	3.85034e-05	7.39264e-05	0.999772
15	0.977329	0.0082684	0.00492771	0.00937931	9.52215e-05	0.0124206	0.975792	0.00298877	0.00864044	0.000158284	0.0135809	0.00566223	0.957305	0.0233757	7.60598e-05	0.0288995	0.0147097	0.0262766	0.929842	0.000271746	5.58376e-05	2.91326e-05	1.94218e-05	5.34099e-05	0.999842
16	0.965459	0.0120079	0.00871364	0.0136564	0.00016261	0.0175947	0.962237	0.00457289	0.015495	0.000100203	0.0167378	0.00775547	0.9515	0.0239193	8.76324e-05	0.0191999	0.0129746	0.0188352	0.948771	0.000219549	8.93097e-05	5.8926e-05	5.52431e-05	6.99746e-05	0.999727
17	NA	NA	NA	NA	NA	NA	NA	NA	NA	NA	NA	NA	NA	NA	NA	NA	NA	NA	NA	NA	NA	NA	NA	NA	NA
18	NA	NA	NA	NA	NA	NA	NA	NA	NA	NA	NA	NA	NA	NA	NA	NA	NA	NA	NA	NA	NA	NA	NA	NA	NA
19	NA	NA	NA	NA	NA	NA	NA	NA	NA	NA	NA	NA	NA	NA	NA	NA	NA	NA	NA	NA	NA	NA	NA	NA	NA
20	0.997389	0.000870322	0.00116043	0.000580215	NA	0.00382166	0.996178	NA	NA	NA	0.00108206	0.000180343	0.996032	0.00270514	NA	0.00222816	NA	0.00356506	0.994207	NA	NA	NA	NA	7.35835e-05	0.999926
21	0.996089	0.00142418	0.00185369	0.000565151	6.78181e-05	0.00251631	0.995837	0.000497049	0.00114943	NA	0.000861853	0.000278017	0.996497	0.00236315	NA	0.000992532	0.000472634	0.00274128	0.995794	NA	1.70707e-05	5.69022e-06	1.13804e-05	5.69022e-06	0.99996
22	0.99611	0.00211403	0.000951314	0.000803332	2.11403e-05	0.00426052	0.992767	0.000462382	0.00244402	6.60546e-05	0.00232759	0.00062666	0.993495	0.00355107	NA	0.00158041	0.00118004	0.00307653	0.994058	0.000105361	3.15479e-05	1.26192e-05	6.30959e-06	3.15479e-05	0.999918
23	0.996411	0.00123476	0.00150756	0.000804032	4.30731e-05	0.0024412	0.992284	0.000457726	0.00479522	2.17965e-05	0.00150871	0.000607673	0.995725	0.00211638	4.19085e-05	0.00109191	0.000550964	0.00184323	0.996484	3.00526e-05	3.8046e-06	1.14138e-05	7.60919e-06	1.14138e-05	0.999966
24	0.997504	0.000854759	0.00123085	0.000376094	3.41904e-05	0.00261689	0.99465	0.00075599	0.0019772	NA	0.00098479	0.000382974	0.996444	0.00218842	NA	0.000336903	0.000433161	0.00122729	0.997979	2.40645e-05	9.41114e-06	NA	1.88223e-05	9.41114e-06	0.999962
25	0.99744	0.00130449	0.000566098	0.000615324	7.38389e-05	0.00249918	0.990249	0.000655523	0.0065962	NA	0.00221159	0.000603161	0.99425	0.00289517	4.02107e-05	0.00103236	0.000544335	0.00129514	0.997091	3.75404e-05	3.49401e-05	6.98802e-06	1.3976e-05	NA	0.999944
26	0.997385	0.00110102	0.000825764	0.000688137	NA	0.00220089	0.990463	0.000183408	0.0071529	NA	0.00110368	0.0010347	0.995447	0.00241429	NA	0.000363363	0.000508709	0.00113854	0.997892	9.68969e-05	5.93225e-05	1.97742e-05	9.88709e-06	1.97742e-05	0.999891
27	0.996323	0.00123605	0.00125442	0.00113687	4.9589e-05	0.00121378	0.996767	0.000348027	0.00163659	3.45151e-05	0.00290072	0.0011443	0.991485	0.00444227	2.74831e-05	0.00114341	0.00133905	0.00349544	0.993928	9.41973e-05	3.30824e-05	1.92091e-05	1.49404e-05	2.24106e-05	0.99991
28	0.998395	0.000441413	0.000481541	0.000601926	8.02568e-05	0.00052356	0.995771	0.000241643	0.00346355	NA	0.00261063	0.000599161	0.995271	0.0014765	4.27972e-05	0.000491573	0.000632022	0.000210674	0.998525	0.000140449	NA	9.03367e-06	1.80673e-05	NA	0.999973
29	1	NA	NA	NA	NA	0.00138217	0.998618	NA	NA	NA	0.000323677	0.000161838	0.999353	0.000161838	NA	NA	NA	NA	1	NA	NA	NA	NA	NA	1
30	0.997497	0.000669888	0.00117108	0.000624028	3.7671e-05	0.000332702	0.997495	0.000194076	0.00197605	2.52047e-06	0.00197471	0.000331048	0.99675	0.000937582	6.94506e-06	0.000547663	0.00100699	0.000666281	0.997734	4.54283e-05	1.91061e-05	1.03719e-05	8.18835e-06	2.18356e-05	0.99994
31	0.99846	0.000362216	0.000830966	0.000308239	3.83523e-05	0.000208309	0.997906	8.24558e-05	0.00180101	2.16989e-06	0.00143346	0.000206533	0.9977	0.000638003	2.24937e-05	0.000303421	0.000626523	0.000746252	0.998276	4.75633e-05	1.70636e-05	9.87895e-06	8.08278e-06	2.02069e-05	0.999945
32	0.998832	7.8323e-05	0.00101108	7.12028e-05	7.12028e-06	0.000124385	0.997419	5.18269e-05	0.00240477	NA	0.000295226	6.88861e-05	0.999311	0.000314908	9.84087e-06	0.000111887	0.000111887	0.000236937	0.999533	6.58159e-06	NA	NA	4.14449e-06	6.21674e-06	0.99999
33	0.998987	0.000109056	0.000867253	3.63519e-05	NA	0.000102457	0.99788	4.72877e-05	0.00197032	NA	0.000241466	8.78059e-05	0.999422	0.000248784	NA	7.51273e-05	7.51273e-05	0.000557524	0.999288	3.95407e-06	7.44321e-06	NA	1.63751e-05	1.04205e-05	0.999966
34	0.998308	0.000613063	0.000839	0.000198384	4.20189e-05	0.000134017	0.998313	5.82204e-05	0.00148846	6.59099e-06	0.00128255	0.000170942	0.99816	0.000365327	2.14898e-05	0.00017993	0.000690747	0.000416278	0.998652	6.09931e-05	1.96063e-05	1.10818e-05	8.31137e-06	2.30161e-05	0.999938
35	0.999112	0.000434288	0.000385848	5.26156e-05	1.5033e-05	4.80385e-05	0.999485	2.18357e-05	0.000444356	1.09178e-06	0.000498813	7.41641e-05	0.999207	0.000214119	5.98098e-06	4.45728e-05	0.000337479	0.000530097	0.999054	3.34296e-05	8.74833e-06	6.83463e-06	3.28062e-06	1.39426e-05	0.999967
36	0.998765	0.000307114	0.000742119	0.000146477	3.9385e-05	6.66304e-05	0.998258	4.67831e-05	0.0016204	8.50601e-06	0.000968977	7.95091e-05	0.998755	0.000175179	2.13317e-05	0.000121415	0.00049863	0.000272923	0.999063	4.41036e-05	1.94606e-05	1.06403e-05	1.06403e-05	1.72205e-05	0.999942
37	0.998562	0.000238856	0.00105462	0.000106032	3.81942e-05	5.42965e-05	0.998261	3.82087e-05	0.00163996	7.03844e-06	0.000948307	7.86936e-05	0.998833	0.0001285	1.19535e-05	6.6736e-05	0.000498621	0.00031469	0.999062	5.75123e-05	1.71617e-05	1.17986e-05	5.72055e-06	1.91281e-05	0.999946
38	0.998468	0.000299941	0.00110145	8.49831e-05	4.53243e-05	3.94688e-05	0.998497	4.43348e-05	0.00141169	7.02869e-06	0.000814337	5.55825e-05	0.99902	8.54713e-05	2.41207e-05	6.56152e-05	0.000435508	0.000253962	0.999174	7.13948e-05	1.90804e-05	1.052e-05	7.52904e-06	2.05244e-05	0.999942
39	0.99852	0.000366293	0.00100433	6.16069e-05	4.82141e-05	3.99053e-05	0.998436	2.55975e-05	0.0014898	8.83059e-06	0.000768858	4.00659e-05	0.999107	6.03131e-05	2.36753e-05	5.18804e-05	0.000366445	0.0002464	0.999279	5.64878e-05	1.94518e-05	1.10105e-05	8.52291e-06	1.79838e-05	0.999943
40	0.999076	0.00038174	0.000416767	6.63075e-05	5.91036e-05	4.47037e-05	0.998656	2.75697e-05	0.00125743	1.40761e-05	0.000562081	3.46566e-05	0.999315	5.4161e-05	3.42805e-05	4.75491e-05	0.000281487	0.000222113	0.999394	5.51644e-05	2.70826e-05	1.67636e-05	1.02801e-05	2.25754e-05	0.999923
