quality	AA	AC	AG	AT	A.	CA	CC	CG	CT	C.	GA	GC	GG	GT	G.	TA	TC	TG	TT	T.	.A	.C	.G	.T	..
0	NA	NA	NA	NA	NA	NA	NA	NA	NA	NA	NA	NA	NA	NA	NA	NA	NA	NA	NA	NA	NA	NA	NA	NA	NA
1	NA	NA	NA	NA	NA	NA	NA	NA	NA	NA	NA	NA	NA	NA	NA	NA	NA	NA	NA	NA	NA	NA	NA	NA	NA
2	NA	NA	NA	NA	NA	NA	NA	NA	NA	NA	NA	NA	NA	NA	NA	NA	NA	NA	NA	NA	NA	NA	NA	NA	NA
3	NA	NA	NA	NA	NA	NA	NA	NA	NA	NA	NA	NA	NA	NA	NA	NA	NA	NA	NA	NA	NA	NA	NA	NA	NA
4	NA	NA	NA	NA	NA	NA	NA	NA	NA	NA	NA	NA	NA	NA	NA	NA	NA	NA	NA	NA	NA	NA	NA	NA	NA
5	NA	NA	NA	NA	NA	NA	NA	NA	NA	NA	NA	NA	NA	NA	NA	NA	NA	NA	NA	NA	NA	NA	NA	NA	NA
6	NA	NA	NA	NA	NA	NA	NA	NA	NA	NA	NA	NA	NA	NA	NA	NA	NA	NA	NA	NA	NA	NA	NA	NA	NA
7	NA	NA	NA	NA	NA	NA	NA	NA	NA	NA	NA	NA	NA	NA	NA	NA	NA	NA	NA	NA	NA	NA	NA	NA	NA
8	NA	NA	NA	NA	NA	NA	NA	NA	NA	NA	NA	NA	NA	NA	NA	NA	NA	NA	NA	NA	NA	NA	NA	NA	NA
9	NA	NA	NA	NA	NA	NA	NA	NA	NA	NA	NA	NA	NA	NA	NA	NA	NA	NA	NA	NA	NA	NA	NA	NA	NA
10	NA	NA	NA	NA	NA	NA	NA	NA	NA	NA	NA	NA	NA	NA	NA	NA	NA	NA	NA	NA	NA	NA	NA	NA	NA
11	0.973267	0.0114409	0.00305845	0.0120072	0.000226552	0.0460087	0.926996	0.00711176	0.0198839	NA	0.0178885	0.00663501	0.935992	0.0394198	6.50491e-05	0.0206275	0.00348635	0.0127833	0.962812	0.000290529	0.000115871	NA	2.89679e-05	NA	0.999855
12	0.970141	0.0150831	0.00631385	0.00822116	0.000241154	0.0363171	0.944929	0.00517965	0.0134552	0.000119072	0.0130412	0.00502539	0.952507	0.029303	0.000123865	0.0126119	0.00700319	0.0237055	0.956555	0.00012395	6.55925e-05	5.96296e-06	1.78889e-05	4.17407e-05	0.999869
13	0.965177	0.0165227	0.0072111	0.010971	0.000118531	0.0301514	0.953231	0.00499593	0.0114971	0.000124362	0.00934449	0.00435305	0.965184	0.0209912	0.000127679	0.0150356	0.011704	0.0228014	0.950278	0.00018099	4.36933e-05	3.05853e-05	1.66034e-05	4.80626e-05	0.999861
14	0.962393	0.0169131	0.00777518	0.0127703	0.000148665	0.0290987	0.952773	0.00440011	0.013572	0.000156085	0.0183234	0.00650385	0.944267	0.0307336	0.000171696	0.0180594	0.0128619	0.0218079	0.946994	0.000276946	4.86706e-05	3.14004e-05	2.98304e-05	5.65207e-05	0.999834
15	0.976195	0.00857937	0.00606814	0.00905468	0.000102984	0.0127839	0.975802	0.0029677	0.00837994	6.6583e-05	0.014406	0.00591351	0.954229	0.0253039	0.000147621	0.0272413	0.0150143	0.0263629	0.931089	0.000292791	5.39358e-05	3.18712e-05	3.43228e-05	7.60005e-05	0.999804
16	0.965374	0.0118835	0.00890271	0.0136194	0.000220169	0.0182333	0.962076	0.00435355	0.0152148	0.000122189	0.0167201	0.00766739	0.951874	0.023594	0.000144668	0.0183962	0.0135848	0.0180953	0.949626	0.000297399	8.48e-05	4.70087e-05	4.88522e-05	8.66435e-05	0.999733
17	NA	NA	NA	NA	NA	NA	NA	NA	NA	NA	NA	NA	NA	NA	NA	NA	NA	NA	NA	NA	NA	NA	NA	NA	NA
18	NA	NA	NA	NA	NA	NA	NA	NA	NA	NA	NA	NA	NA	NA	NA	NA	NA	NA	NA	NA	NA	NA	NA	NA	NA
19	NA	NA	NA	NA	NA	NA	NA	NA	NA	NA	NA	NA	NA	NA	NA	NA	NA	NA	NA	NA	NA	NA	NA	NA	NA
20	0.997126	0.00114976	0.000862317	0.000287439	0.000574878	0.00421456	0.995019	0.000383142	0.000383142	NA	0.000673401	0.0003367	0.997643	0.0013468	NA	0.00117233	0.00117233	0.00273544	0.99492	NA	0.000137137	NA	NA	NA	0.999863
21	0.997374	0.00122066	0.000552753	0.000852161	NA	0.00275271	0.995687	0.000489371	0.00103991	3.05857e-05	0.000932757	0.000452246	0.996693	0.00189378	2.82654e-05	0.000893213	0.0034612	0.00231278	0.993269	6.38009e-05	5.74587e-06	5.74587e-06	2.29835e-05	1.14917e-05	0.999954
22	0.99628	0.00209131	0.000616387	0.000946594	6.60415e-05	0.00446383	0.992995	0.000446383	0.00209456	NA	0.00146327	0.00064384	0.995142	0.00275095	NA	0.00179883	0.00179883	0.0031744	0.993122	0.000105813	1.9243e-05	6.41433e-06	6.41433e-06	2.56573e-05	0.999942
23	0.996616	0.00145646	0.00114232	0.000771065	1.4279e-05	0.00240636	0.995961	0.000627746	0.00094162	6.27746e-05	0.00117849	0.000559284	0.995805	0.00243688	1.99744e-05	0.00112679	0.00264247	0.00204417	0.994117	6.98011e-05	1.86636e-05	NA	1.49309e-05	2.61291e-05	0.99994
24	0.99762	0.00126015	0.000560067	0.000490059	7.00084e-05	0.00203571	0.996452	0.000814285	0.000697958	NA	0.00114093	0.000380311	0.996143	0.00233619	NA	0.000517905	0.00367466	0.00145507	0.994328	2.46621e-05	1.9108e-05	1.9108e-05	9.55402e-06	9.55402e-06	0.999943
25	0.997283	0.00096332	0.00118562	0.000543411	2.47005e-05	0.00254927	0.995266	0.00044511	0.00169951	4.04645e-05	0.00164751	0.000689655	0.994981	0.00268199	NA	0.00116203	0.0020804	0.00125574	0.995371	0.000131197	2.76646e-05	1.38323e-05	2.07485e-05	4.84131e-05	0.999889
26	0.995839	0.00169136	0.00179284	0.000642717	3.38272e-05	0.00250495	0.995573	0.000407783	0.00151462	NA	0.000979192	0.000550796	0.996083	0.00238678	NA	0.000402863	0.00177734	0.00116119	0.996659	NA	2.85206e-05	3.80275e-05	2.85206e-05	8.55619e-05	0.999819
27	0.996246	0.00111473	0.00143025	0.00115818	5.1013e-05	0.00123047	0.996684	0.000425819	0.00162105	3.81769e-05	0.00290736	0.00105676	0.991326	0.00468464	2.52814e-05	0.00120403	0.00133335	0.00345304	0.993871	0.00013824	3.60849e-05	1.42153e-05	1.2575e-05	3.22577e-05	0.999905
28	0.996411	0.000377743	0.00245533	0.000642164	0.000113323	0.00044362	0.997903	0.000362962	0.00129053	NA	0.00291508	0.000844951	0.994677	0.00152091	4.22476e-05	0.000889984	0.00191689	0.000821524	0.996166	0.000205381	1.76705e-05	NA	NA	2.65057e-05	0.999956
29	0.999566	NA	NA	NA	0.000433651	0.00138313	0.998617	NA	NA	NA	0.000849762	NA	0.99915	NA	NA	0.0013587	NA	NA	0.998641	NA	NA	NA	NA	NA	1
30	0.997385	0.000681358	0.00123777	0.00063971	5.6641e-05	0.000354228	0.998204	0.000156872	0.00128534	NA	0.00175393	0.000421861	0.996999	0.000818501	6.87816e-06	0.000568765	0.00150154	0.000591516	0.99727	6.82518e-05	2.41252e-05	7.12791e-06	2.7415e-06	1.53524e-05	0.999951
31	0.998354	0.000307928	0.00104839	0.000234885	5.44245e-05	0.000179835	0.99878	8.4501e-05	0.000946845	8.66677e-06	0.00119363	0.000169643	0.998048	0.000580465	8.17556e-06	0.000329474	0.00145601	0.000680581	0.997444	8.98567e-05	1.8516e-05	5.87093e-06	3.61288e-06	2.07741e-05	0.999951
32	0.999027	0.000656047	0.00016954	0.000125312	2.21139e-05	0.000152273	0.999563	3.04547e-05	0.000253789	NA	0.000232203	4.83755e-05	0.999449	0.000270903	NA	9.20393e-05	0.00264284	0.000249821	0.996963	5.25939e-05	1.03818e-05	NA	2.07636e-06	2.90691e-05	0.999958
33	0.999381	0.000417655	0.000118593	6.7031e-05	1.54687e-05	5.25924e-05	0.999587	1.50264e-05	0.000345607	NA	0.000283068	4.24601e-05	0.999328	0.000346758	NA	5.17512e-05	0.00224919	0.000521493	0.997146	3.18469e-05	5.87018e-06	4.40264e-06	4.40264e-06	2.64158e-05	0.999959
34	0.998199	0.000405977	0.00113589	0.000204741	5.46912e-05	0.000101045	0.998991	6.66232e-05	0.000836121	5.55193e-06	0.00120651	0.00016417	0.998275	0.00034194	1.26285e-05	0.000175941	0.00106577	0.000377574	0.998303	7.78502e-05	2.1359e-05	5.82519e-06	4.9622e-06	2.00645e-05	0.999948
35	0.999217	0.000252197	0.000443489	5.14687e-05	3.60281e-05	3.12208e-05	0.999749	1.73449e-05	0.000197732	4.6253e-06	0.000455455	4.8503e-05	0.999281	0.000204659	1.0647e-05	5.60665e-05	0.000412489	0.000485375	0.998981	6.48769e-05	1.19789e-05	3.34296e-06	3.06438e-06	1.11432e-05	0.99997
36	0.998546	0.000256523	0.00101578	0.000124674	5.69552e-05	4.88204e-05	0.99914	3.53771e-05	0.000769097	6.36787e-06	0.000958996	0.000105554	0.99876	0.000167342	8.36708e-06	0.000124151	0.00122619	0.000205509	0.99836	8.4e-05	1.82013e-05	4.23285e-06	4.09176e-06	1.97533e-05	0.999954
37	0.99875	0.000199532	0.000923994	8.06247e-05	4.58227e-05	5.44372e-05	0.999202	4.13319e-05	0.000697602	5.04048e-06	0.000890893	6.63221e-05	0.998924	0.000108887	9.89881e-06	7.4571e-05	0.0012539	0.000227027	0.998363	8.11995e-05	1.91521e-05	5.42041e-06	2.71021e-06	2.13203e-05	0.999951
38	0.998728	0.000201185	0.000951825	6.22152e-05	5.71433e-05	2.9748e-05	0.999276	3.46158e-05	0.000653373	6.49046e-06	0.000887591	5.03301e-05	0.998966	8.07378e-05	1.57281e-05	6.78865e-05	0.00116486	0.000179638	0.998508	7.97231e-05	1.70087e-05	6.26088e-06	3.75653e-06	1.98261e-05	0.999953
39	0.998695	0.000243973	0.000954384	4.54761e-05	6.13177e-05	2.77198e-05	0.999263	2.77198e-05	0.000675262	6.06019e-06	0.000846677	3.10334e-05	0.999062	4.5587e-05	1.43396e-05	5.69939e-05	0.00114955	0.000150859	0.998568	7.49749e-05	1.89061e-05	6.29512e-06	4.94912e-06	2.04177e-05	0.999949
40	0.998777	0.000207861	0.00091873	3.69714e-05	5.90556e-05	2.63184e-05	0.999098	2.43015e-05	0.000844746	6.88705e-06	0.000861652	3.42353e-05	0.999052	3.16228e-05	2.02473e-05	4.57189e-05	0.000998062	0.000145267	0.998752	5.87076e-05	2.32284e-05	7.44629e-06	5.07747e-06	2.15692e-05	0.999943
