ks_quality_p_value	fisher_strand_p_value	bias_p_value	bias_e_value
0.999919	1	1	29903
0.810216	1	0.980729	29326.8
0.825297	1	0.983764	29417.5
0.999968	1	1	29903
0.999918	1	1	29903
0.99773	1	0.999997	29902.9
0.939193	1	0.998113	29846.6
0.98383	1	0.999869	29899.1
1.88652e-09	1	3.9784e-08	0.00118966
0.0102085	1	0.0570098	1704.76
0.521909	1	0.861287	25755.1
0.91584	1	0.996355	29794
0.422115	1	0.786179	23509.1
0.693852	1	0.947452	28331.7
0.192437	1	0.50957	15237.7
0.151341	1	0.437105	13070.8
0.942096	0.811897	0.969897	29002.8
0.933787	1	0.997758	29836
0.805618	1	0.979749	29297.4
0.999762	0.691618	0.946572	28305.3
0.966566	0.750158	0.958173	28652.2
0.996284	0.899665	0.994429	29736.4
0.216125	0.880888	0.506172	15136.1
0.198395	0.860474	0.472497	14129.1
0.162325	0.780814	0.388548	11618.7
0.275208	1	0.630289	18847.5
0.998956	0.906677	0.99541	29765.7
0.226113	0.804428	0.491898	14709.2
0.628642	0.740681	0.821535	24566.4
0.963772	0.5055	0.837526	25044.6
0.647551	0.829969	0.871162	26050.4
0.999957	0.771569	0.971651	29055.3
0.999959	0.911462	0.995956	29782.1
0.823609	0.824892	0.942015	28169.1
0.748513	0.911463	0.943111	28201.9
0.593596	0.743338	0.80225	23989.7
0.601848	0.000504093	0.00276098	82.5615
0.27254	0.0385872	0.0584174	1746.86
0.498917	0.33455	0.465734	13926.8
0.565488	0.00654269	0.0244168	730.135
0.748156	0.00344384	0.017936	536.341
0.978747	0.002197	0.0153578	459.245
0.971001	0.00313242	0.0206687	618.057
0.999749	0.00601282	0.0367538	1099.05
0.205658	0.00767064	0.0117556	351.527
0.93158	0.00767354	0.0424683	1269.93
0.948539	0.00767717	0.043127	1289.63
0.943606	0.00243043	0.0162318	485.38
0.630959	0.0016878	0.00835422	249.816
0.990767	0.0013282	0.0100449	300.371
0.216991	6.25143e-07	2.28071e-06	0.0682002
1	0.000511928	0.00439097	131.303
1	1.13183e-34	8.96005e-33	2.67932e-28
0.341167	1	0.708052	21172.9
0.582258	1	0.897167	26828
0.885059	1	0.993126	29697.4
0.426209	1	0.789691	23614.1
0.99982	0.843031	0.986954	29512.9
0.262146	0.636541	0.465651	13924.4
0.364857	0.228177	0.290207	8678.06
0.408211	0.437572	0.486295	14541.7
0.999997	0.000858688	0.0069211	206.962
0.999994	0.000856707	0.00690709	206.543
0.999341	0.000857463	0.00690848	206.584
0.999992	0.000857595	0.00691335	206.73
0.992155	2.02096e-06	2.83117e-05	0.846605
0.89408	8.62218e-05	0.000807165	24.1367
0.947793	0.208884	0.518624	15508.4
0.861296	0.00457137	0.0257392	769.679
0.999818	6.9549e-29	4.57797e-27	1.36895e-22
0.999961	9.69016e-24	5.23161e-22	1.56441e-17
0.616864	1	0.914875	27357.5
0.937688	1	0.998017	29843.7
0.936136	0.375306	0.718839	21495.4
0.556331	0.00312564	0.0127887	382.42
0.185928	1	0.498733	14913.6
0.577324	1	0.894478	26747.6
0.104501	1	0.340522	10182.6
0.344835	0.183839	0.238259	7124.66
0.534484	0.267395	0.420963	12588.1
0.689715	0.498281	0.710737	21253.2
0.833974	0.650831	0.874444	26148.5
0.866047	0.65058	0.886678	26514.3
0.999981	1.75909e-16	6.55715e-15	1.96078e-10
0.763272	1.36043e-05	0.00012954	3.87365
0.810449	0.741942	0.907161	27126.8
0.999993	1.64079e-13	4.99429e-12	1.49344e-07
0.998506	1	0.999999	29903
0.824684	1	0.983646	29414
1	0.501837	0.847843	25353.1
0.00590691	6.39584e-05	5.96499e-06	0.178371
0.820922	1	0.982912	29392
0.562615	7.10569e-05	0.000444839	13.302
0.0320128	0.00303712	0.000995453	29.767
0.105272	0.164985	0.0877637	2624.4
0.895084	0.00108331	0.00769764	230.182
0.998936	0.304499	0.66619	19921.1
0.315255	0.104343	0.145212	4342.26
0.987767	0.422097	0.781679	23374.5
0.97332	2.19801e-07	3.49948e-06	0.104645
0.392554	4.1598e-11	4.21922e-10	1.26167e-05
0.937096	1	0.997979	29842.6
0.635334	1	0.923524	27616.1
0.837876	1	0.986084	29486.9
0.716129	1	0.955241	28564.6
0.811325	1	0.980962	29333.7
0.688607	1	0.945516	28273.8
0.884079	1	0.993005	29693.8
0.968872	1	0.99951	29888.4
0.909553	0.0318378	0.131525	3933
0.867771	1	0.990845	29629.2
0.99999	1.92242e-14	6.26368e-13	1.87303e-08
0.999973	1	1	29903
0.999992	2.35677e-12	6.54557e-11	1.95732e-06
0.918183	0.330297	0.665115	19888.9
0.991974	0.676315	0.938675	28069.2
0.97022	0.342653	0.698565	20889.2
0.663328	1.57064e-10	2.49886e-09	7.47235e-05
0.920713	2.49608e-14	7.44703e-13	2.22689e-08
0.181619	1.89323e-12	1.02118e-11	3.05363e-07
0.978449	1	0.999766	29896
0.0679574	1	0.250686	7496.27
0.987149	1	0.999917	29900.5
0.999995	1	1	29903
0.707857	1.75049e-06	1.80922e-05	0.541012
0.999999	2.39542e-17	9.40689e-16	2.81294e-11
0.878732	5.13672e-20	2.05579e-18	6.14743e-14
1	6.75577e-22	3.36076e-20	1.00497e-15
0.92649	6.43368e-21	2.83547e-19	8.4789e-15
0.999998	5.94114e-24	3.23674e-22	9.67881e-18
1	7.00981e-22	3.48454e-20	1.04198e-15
0.118523	1	0.37129	11102.7
0.640291	1	0.925754	27682.8
0.94797	1	0.998622	29861.8
0.106098	1	0.344116	10290.1
0.674953	1	0.940285	28117.3
0.99995	3.75981e-24	2.06545e-22	6.17632e-18
0.392684	1	0.759746	22718.7
0.388894	1	0.756184	22612.2
0.395413	1	0.762287	22794.7
0.990813	1	0.999958	29901.7
0.991316	1	0.999962	29901.9
0.991973	1	0.999968	29902
0.999988	1	1	29903
0.155556	1	0.445006	13307
0.307286	1	0.669876	20031.3
1	1	1	29903
0.728722	0.00501926	0.0241804	723.068
0.759748	0.00141646	0.00843098	252.112
0.888842	0.0263484	0.111341	3329.43
0.788868	0.136358	0.347405	10388.5
0.968667	0.754763	0.960088	28709.5
1	0.00662869	0.0398805	1192.55
0.872498	0.656088	0.891772	26666.6
0.280569	0.000205812	0.000621301	18.5788
0.486829	0.408719	0.520238	15556.7
0.970066	0.148578	0.423316	12658.4
0.972147	0.143215	0.413732	12371.8
0.783136	1	0.974573	29142.6
0.999991	0.0872343	0.30001	8971.21
0.765599	1	0.970088	29008.5
0.974669	0.535788	0.861486	25761
0.999992	1	1	29903
0.778272	0.69962	0.875492	26179.8
0.435978	1.90976e-06	1.24881e-05	0.373432
0.999999	0.357326	0.725053	21681.3
0.993638	1	0.99998	29902.4
1	0.0167592	0.0852842	2550.25
1	0.0334805	0.147207	4401.93
0.798945	0.631753	0.849834	25412.6
0.532629	0.0820299	0.180472	5396.66
0.296394	0.022472	0.0400403	1197.33
0.478681	0.314232	0.435358	13018.5
0.800775	0.27629	0.554991	16595.9
0.885445	0.395536	0.717675	21460.6
0.997744	0.216117	0.546447	16340.4
0.999999	1.54794e-06	2.22572e-05	0.665556
0.991993	1	0.999968	29902
0.972744	0.125354	0.378523	11319
0.56722	0.0556292	0.140606	4204.55
0.95531	0.174713	0.46572	13926.4
0.75544	0.0091535	0.0413102	1235.3
0.405213	2.6012e-05	0.000131337	3.92736
0.383495	0.546703	0.537202	16064
0.738041	1	0.962225	28773.4
0.965851	0.474227	0.815671	24391
0.405855	0.248684	0.332395	9939.61
0.678631	0.00074112	0.00432284	129.266
0.944371	7.80126e-05	0.000774735	23.1669
0.936861	5.90574e-06	7.2507e-05	2.16818
0.908777	1.13888e-05	0.000129152	3.86203
0.934304	0.000283246	0.0024445	73.0979
0.952389	3.90726e-06	5.0242e-05	1.50239
0.913603	7.81297e-06	9.17233e-05	2.7428
0.922418	7.8308e-06	9.27339e-05	2.77302
0.991328	0.000150694	0.00146533	43.8179
0.694305	3.159e-05	0.000257221	7.69168
0.707155	4.90501e-05	0.000390883	11.6886
0.78232	4.91268e-05	0.000429164	12.8333
0.772112	5.10064e-05	0.000438809	13.1217
0.937875	1	0.998029	29844.1
0.976101	1	0.999712	29894.4
0.929259	1	0.997437	29826.3
0.892008	1	0.993947	29722
0.832647	1	0.985143	29458.7
0.930363	1	0.997517	29828.8
0.989039	1	0.99994	29901.2
0.760146	1	0.968612	28964.4
0.873176	1	0.991594	29651.7
0.972448	1	0.999617	29891.5
0.941298	0.00144679	0.0103487	309.456
0.72609	1.46211e-14	3.52209e-13	1.05321e-08
0.180177	0.298652	0.211059	6311.31
0.915791	1.36089e-15	4.40172e-14	1.31625e-09
0.81031	0.0655842	0.209107	6252.92
0.666672	0.0655842	0.180571	5399.62
1	1.3077e-10	3.10679e-09	9.29022e-05
0.528954	1.65093e-06	1.30562e-05	0.390421
0.999998	2.95747e-10	6.78488e-09	0.000202888
0.377989	1	0.745731	22299.6
0.721351	1	0.956965	28616.1
0.908075	0.744991	0.940894	28135.6
0.961032	1	0.999231	29880
0.114685	0.744944	0.295603	8839.41
0.666275	0.267439	0.485547	14519.3
0.51825	0.44073	0.565681	16915.6
0.987987	0.867178	0.989213	29580.4
0.574344	1	0.892833	26698.4
0.983883	0.739858	0.959086	28679.5
0.989361	1	0.999943	29901.3
0.605184	0.176014	0.345066	10318.5
0.433509	0.194062	0.292379	8743.01
0.678405	4.26646e-07	4.64704e-06	0.13896
0.999996	0.195778	0.515047	15401.5
0.812181	0.0248953	0.0990978	2963.32
0.927222	0.00900571	0.0483103	1444.62
0.848695	0.00206233	0.0128611	384.585
0.829643	0.0164277	0.0721737	2158.21
0.957185	0.000292347	0.00256921	76.8272
0.999964	6.85989e-42	6.57036e-40	1.96474e-35
0.369729	1	0.737604	22056.6
0.451558	1	0.81057	24238.5
0.642128	0.647724	0.780793	23348
0.784206	0.792237	0.916991	27420.8
0.326074	0.815403	0.618096	18482.9
0.956598	1	0.999044	29874.4
0.98969	1	0.999947	29901.4
0.770308	3.59871e-17	1.08457e-15	3.2432e-11
0.892915	3.59871e-17	1.25245e-15	3.74521e-11
0.91892	3.59871e-17	1.28798e-15	3.85144e-11
0.892915	3.59871e-17	1.25245e-15	3.74521e-11
0.770308	3.59871e-17	1.08457e-15	3.2432e-11
0.725023	3.59871e-17	1.02239e-15	3.05726e-11
0.770308	3.59871e-17	1.08457e-15	3.2432e-11
0.426796	3.59871e-17	6.09987e-16	1.82404e-11
0.770308	3.59871e-17	1.08457e-15	3.2432e-11
0.725023	3.59871e-17	1.02239e-15	3.05726e-11
0.98423	3.59871e-17	1.37709e-15	4.1179e-11
0.974186	3.59871e-17	1.36339e-15	4.07696e-11
0.962738	3.59871e-17	1.34778e-15	4.03027e-11
0.8966	3.58758e-13	9.57436e-12	2.86302e-07
0.980533	3.58758e-13	1.04392e-11	3.12162e-07
0.566722	3.58758e-13	6.14501e-12	1.83754e-07
0.45806	3.58758e-13	5.00177e-12	1.49568e-07
0.754884	3.58758e-13	8.10764e-12	2.42443e-07
0.45806	3.58758e-13	5.00177e-12	1.49568e-07
0.606915	3.58758e-13	6.56591e-12	1.96341e-07
0.135678	3.58758e-13	1.54076e-12	4.60733e-08
0.34115	3.58758e-13	3.76124e-12	1.12472e-07
0.293683	3.58758e-13	3.25369e-12	9.72951e-08
0.608479	5.90227e-09	7.34253e-08	0.00219564
0.990198	5.90227e-09	1.16642e-07	0.00348793
0.996682	0.00665365	0.039895	1192.98
0.999999	0.0387929	0.164851	4929.54
0.844612	1	0.987248	29521.7
0.987379	1	0.99992	29900.6
0.87346	1	0.991633	29652.8
0.510342	1	0.853636	25526.3
0.659215	1	0.933913	27926.8
0.600583	1	0.906793	27115.8
0.799259	1	0.978349	29255.6
0.887956	1	0.993475	29707.9
0.977867	1	0.999753	29895.6
0.876711	1	0.992067	29665.8
0.00268963	0.000141197	5.99414e-06	0.179243
0.465181	0.693794	0.687729	20565.2
0.903178	0.45788	0.778702	23285.5
0.779071	0.145184	0.359618	10753.6
0.299715	0.000189585	0.000612285	18.3092
0.306708	2.39105e-05	9.40385e-05	2.81203
0.553833	0.000111312	0.000659268	19.7141
0.802604	0.000330138	0.00244724	73.1797
0.764653	0.000138487	0.00107515	32.1502
0.999999	0.134509	0.404351	12091.3
0.450132	0.606805	0.627616	18767.6
0.571796	0.423491	0.585568	17510.2
0.999984	0.628662	0.920458	27524.4
0.929854	1	0.99748	29827.6
0.870467	1	0.991223	29640.5
0.921098	1	0.996802	29807.4
0.411877	1	0.777224	23241.3
0.410839	0.772	0.681379	20375.3
0.982365	0.0412595	0.170464	5097.37
0.649566	0.00678414	0.0283117	846.603
0.525143	0.00690222	0.0239952	717.528
0.979001	0.533702	0.861667	25766.4
0.481489	7.66116e-05	0.000413423	12.3626
0.773666	0.210385	0.458262	13703.4
0.931098	0.0912061	0.294341	8801.68
0.769038	0.0297289	0.109244	3266.71
0.669151	0.0297232	0.097807	2924.72
0.841584	0.0187689	0.0813163	2431.6
0.94933	0.346537	0.694724	20774.3
0.853342	0.235832	0.523888	15665.8
0.693176	0.443129	0.669735	20027.1
0.875979	0.0935704	0.286999	8582.14
0.813876	0.02915	0.112484	3363.6
0.874453	0.0291841	0.119135	3562.5
0.73736	0.0297446	0.10571	3161.05
0.999999	0.00422688	0.0273322	817.316
0.964888	1	0.999376	29884.3
0.839077	1	0.986295	29493.2
0.0801304	2.55299e-08	4.29754e-08	0.00128509
0.999998	0.219065	0.55169	16497.2
0.999989	0.215053	0.545558	16313.8
0.945959	0.191921	0.491314	14691.8
0.999964	0.331974	0.698028	20873.1
0.281501	1	0.638337	19088.2
0.719482	1	0.956352	28597.8
0.425609	1	0.789179	23598.8
0.831369	0.428009	0.723513	21635.2
0.801391	7.05808e-07	8.70238e-06	0.260227
0.997763	3.95153e-29	2.61807e-27	7.82881e-23
0.999998	3.42145e-07	5.436e-06	0.162553
0.916111	0.448923	0.776679	23225
0.678786	0.0328442	0.107089	3202.27
0.803092	0.471793	0.746609	22325.9
0.275386	0.175217	0.19452	5816.74
0.620698	1	0.916715	27412.5
0.647658	0.72794	0.825958	24698.6
1	6.35621e-11	1.55594e-09	4.65272e-05
0.999977	1.11919e-22	5.76867e-21	1.72501e-16
1	1	1	29903
1	0.0524338	0.207019	6190.5
0.408959	0.799242	0.692359	20703.6
0.197437	1	0.517747	15482.2
1	0.831452	0.984923	29452.1
0.997274	0.729927	0.959087	28679.6
0.965037	1	0.999382	29884.5
0.876724	0.283995	0.595165	17797.2
0.287246	0.00442097	0.00973865	291.215
0.997221	0.790373	0.975789	29179
0.438267	1	0.799805	23916.6
0.200963	6.5122e-05	0.000160237	4.79158
0.772272	1	0.971841	29061
1	3.77376e-16	1.37792e-14	4.12041e-10
0.338568	1	0.705247	21089
0.0462979	0.802983	0.159564	4771.45
0.0969946	0.8144	0.279507	8358.1
1	3.38429e-06	4.60141e-05	1.37596
0.989363	6.06869e-06	7.81922e-05	2.33818
0.223738	1	0.558736	16707.9
0.162322	1.09876e-28	1.19847e-27	3.58378e-23
0.9683	1.26219e-24	6.85173e-23	2.04887e-18
0.0419134	3.22285e-29	9.4255e-29	2.81851e-24
0.97076	6.36015e-29	4.07216e-27	1.2177e-22
0.999999	3.00259e-28	1.93285e-26	5.7798e-22
0.999999	2.29391e-24	1.27155e-22	3.80232e-18
0.915331	2.44462e-29	1.49854e-27	4.48107e-23
0.917744	3.60546e-30	2.2792e-28	6.81548e-24
0.999997	1.84367e-56	2.38447e-54	7.13029e-50
0.838566	1.87905e-56	2.04039e-54	6.10138e-50
3.26284e-18	9.92219999999999e-262	2.07925e-276	6.21757e-272
0.998218	0.73458	0.960761	28729.6
0.11121	0.00330423	0.0032737	97.8935
0.00548675	6.8633e-05	5.94689e-06	0.17783
0.999044	1	1	29903
0.662902	1	0.93544	27972.5
0.648108	1	0.929191	27785.6
0.706251	0.379136	0.620585	18557.3
0.653045	0.20477	0.402773	12044.1
0.589791	0.558868	0.695432	20795.5
0.884162	0.253999	0.55999	16745.4
0.995048	0.0375106	0.160053	4786.05
0.752543	1	0.966489	28900.9
0.987836	0.713637	0.951423	28450.4
0.99971	0.378843	0.746454	22321.2
0.950635	0.515242	0.839404	25100.7
0.613912	0.0660834	0.170584	5100.97
1	2.32035e-09	4.84525e-08	0.00144888
0.35448	1	0.722112	21593.3
0.354605	1	0.722242	21597.2
1	1.51825e-08	2.88514e-07	0.00862745
1	1.52113e-08	2.89033e-07	0.00864294
0.789564	2.37606e-05	0.000222945	6.66672
0.707651	1	0.95236	28478.4
1	0.104974	0.34159	10214.6
0.880545	1	0.992563	29680.6
0.979172	1	0.999782	29896.5
0.999999	3.53384e-08	6.41684e-07	0.0191883
0.246592	0.243273	0.228774	6841.04
0.229975	1	0.567988	16984.6
0.783158	1	0.974578	29142.8
0.394942	1	0.761849	22781.6
0.562924	1	0.886386	26505.6
0.999638	1	1	29903
0.551063	1	0.879445	26298
0.986669	0.288982	0.642914	19225.1
0.838875	1.98817e-08	3.15373e-07	0.00943058
0.539811	1.11389e-06	9.21429e-06	0.275535
0.176283	6.58025e-07	1.96847e-06	0.058863
0.691416	0.0334338	0.110202	3295.37
0.59432	5.38142e-07	5.10302e-06	0.152596
0.79983	1	0.978477	29259.4
0.956317	0.813341	0.973253	29103.2
0.796802	1	0.977795	29239
0.924662	0.315688	0.651335	19476.9
0.417697	6.84197e-05	0.000327593	9.79601
0.950881	0.0875038	0.290092	8674.61
0.870088	1	0.99117	29639
0.999901	1	1	29903
0.352947	1	0.720519	21545.7
0.724428	1	0.957964	28646
0.097429	1	0.324305	9697.7
0.480914	1	0.832975	24908.5
0.367817	1	0.735696	21999.5
0.345261	1	0.712431	21303.8
0.229565	1	0.567386	16966.5
0.396814	1	0.763584	22833.5
0.445549	1	0.805752	24094.4
0.694645	1	0.947742	28340.3
0.415785	1	0.780672	23344.4
0.503304	1	0.848853	25383.2
0.641689	1	0.926375	27701.4
0.757158	1	0.967787	28939.7
0.281688	0.727754	0.529872	15844.8
1	0.0622492	0.235091	7029.92
0.185515	1	0.498037	14892.8
0.995367	0.0103886	0.0576138	1722.83
0.456546	1.50449e-12	1.99237e-11	5.95779e-07
0.146591	0.243441	0.154628	4623.85
0.000211362	0.717582	0.00148542	44.4187
0.994152	0.512894	0.853335	25517.3
0.177693	1.16489e-07	3.86936e-07	0.0115705
0.777717	1.04007e-14	2.70557e-13	8.09047e-09
0.950714	4.71401e-06	5.96759e-05	1.78449
0.456005	1.52912e-08	1.37932e-07	0.00412458
0.994393	1.33042e-09	2.83688e-08	0.000848312
0.742041	9.63312e-13	2.07059e-11	6.19169e-07
0.961873	1.39552e-07	2.25826e-06	0.0675289
0.942689	1	0.998325	29852.9
0.25301	1	0.600729	17963.6
0.89236	1	0.993987	29723.2
0.80885	5.72733e-05	0.000508646	15.21
0.79004	1	0.97623	29192.2
1	0.395668	0.762524	22801.7
0.131977	1	0.399247	11938.7
0.999109	0.00877378	0.0502892	1503.8
0.999391	0.00429088	0.0276674	827.337
0.999745	0.00167283	0.0123649	369.747
0.810305	0.000883095	0.00589808	176.37
0.803124	2.82306e-12	6.30584e-11	1.88563e-06
0.0121485	3.0109e-67	5.80057e-67	1.73454e-62
0.00219604	2.78268e-68	9.94076e-69	2.97258e-64
0.885926	8.72579e-69	1.22011e-66	3.64851e-62
0.745086	2.8759e-69	3.40953e-67	1.01955e-62
0.454623	6.65704e-67	4.66573e-65	1.39519e-60
0.418813	1	0.783319	23423.6
0.867933	1	0.990868	29629.9
0.0734457	1	0.265228	7931.11
0.805129	6.45607e-05	0.000564742	16.8875
1	7.55493e-07	1.14048e-05	0.341039
0.945474	0.719648	0.942408	28180.8
0.999998	0.510091	0.853466	25521.2
0.0112701	5.52871e-21	3.24817e-21	9.71301e-17
0.978765	2.94638e-07	4.63111e-06	0.138484
0.0485472	1	0.195413	5843.44
0.990328	0.661677	0.932261	27877.4
0.791257	0.545333	0.794169	23748
0.395516	3.20508e-13	3.89126e-12	1.1636e-07
0.933423	1	0.997733	29835.2
0.713772	1	0.95445	28540.9
0.653877	1	0.931667	27859.6
0.999947	2.01074e-34	1.58014e-32	4.72511e-28
0.605564	1.92356e-05	0.000143978	4.30539
0.940175	5.54867e-05	0.000566591	16.9428
0.89883	0.0291743	0.121703	3639.29
0.896379	1	0.994436	29736.6
1	1	1	29903
0.604939	0.196617	0.372182	11129.4
0.986624	0.493571	0.83737	25039.9
0.878574	1	0.99231	29673
0.156452	0.0573406	0.0512585	1532.78
0.972001	0.0875507	0.294779	8814.77
0.986217	2.99352e-24	1.62904e-22	4.87132e-18
0.896431	1	0.994441	29736.8
1	0.0495171	0.198338	5930.89
0.999991	0.790527	0.976343	29195.6
0.390081	1	0.757303	22645.6
0.989239	0.663327	0.932646	27888.9
0.72131	0.937717	0.940846	28134.1
0.0352032	1	0.153015	4575.61
0.793432	1	0.977022	29215.9
0.628947	1	0.920595	27528.6
0.264565	1.16485e-09	7.0574e-09	0.000211037
0.99993	0.358596	0.726332	21719.5
0.12617	0.114569	0.0756972	2263.57
0.839717	1	0.986408	29496.5
0.734786	7.8216e-06	7.50976e-05	2.24564
0.68187	0.000402267	0.00252387	75.4712
0.500956	1.14976e-10	1.41562e-09	4.23312e-05
0.99365	0.00383878	0.0250567	749.27
0.694196	0.00119284	0.00670435	200.48
0.103763	1.43065e-30	1.06861e-29	3.19545e-25
0.279358	1	0.635613	19006.7
1	1	1	29903
0.902183	1	0.995052	29755
0.995133	6.37759e-05	0.00067686	20.2402
0.99046	1	0.999954	29901.6
0.9647	1	0.999369	29884.1
0.264414	0.0821035	0.104856	3135.51
0.928077	1	0.997349	29823.7
0.999999	0.00413348	0.0268206	802.017
1	0.000571125	0.00483623	144.618
0.996988	1	0.999995	29902.9
0.999684	0.0419128	0.174825	5227.79
0.959115	1	0.999153	29877.7
0.77267	1	0.971944	29064
0.980211	1	0.999803	29897.1
1	1	1	29903
0.899723	1	0.994795	29747.4
0.746392	1	0.964715	28847.9
0.00953993	1	0.0539223	1612.44
0.744742	0.0491777	0.157744	4717.01
0.228128	1	0.565267	16903.2
0.64167	1	0.926367	27701.1
0.465985	1	0.821812	24574.6
0.433435	0.00790679	0.0228793	684.161
0.235724	0.0217692	0.0321867	962.479
0.99545	0.00877409	0.0501386	1499.3
0.992581	1	0.999972	29902.2
0.174354	0.823231	0.422159	12623.8
0.951544	1	0.998807	29867.3
0.94325	1	0.998358	29853.9
0.999983	0.0990969	0.328171	9813.3
0.999998	0.167473	0.466736	13956.8
0.902132	0.0040395	0.0241048	720.805
0.838354	2.84047e-10	5.51472e-09	0.000164907
0.999974	1.43292e-08	2.73122e-07	0.00816717
0.298856	1	0.659813	19730.4
0.23529	1	0.575739	17216.3
0.747331	0.710803	0.867249	25933.4
0.00549742	0.20107	0.00863022	258.07
0.997195	4.01194e-15	1.36633e-13	4.08573e-09
0.987828	0.0213418	0.102445	3063.4
0.476494	0.411277	0.515362	15410.9
0.902935	0.163891	0.430727	12880
0.762515	1	0.969258	28983.7
0.999981	1	1	29903
0.870143	1	0.991178	29639.2
0.582479	0.0202815	0.064248	1921.21
0.973132	1	0.999636	29892.1
0.650746	0.000479877	0.00283287	84.7113
0.782101	0.000480159	0.00333742	99.7989
0.630609	0.00047904	0.00275044	82.2463
0.635148	0.000480483	0.00277547	82.9949
0.996042	0.650814	0.929247	27787.3
0.999997	0.0861786	0.29743	8894.06
0.558775	0.00727264	0.0264374	790.559
0.511162	0.044406	0.108623	3248.16
1	0.0444299	0.182778	5465.6
0.956081	1	0.999021	29873.7
0.576114	1	0.893812	26727.7
0.84104	1	0.986638	29503.4
0.820915	1	0.982911	29392
0.669509	0.0432452	0.131507	3932.45
0.840064	0.0465178	0.165776	4957.21
0.88498	4.63234e-06	5.49527e-05	1.64325
0.661149	0.000360854	0.00222852	66.6393
0.970144	1	0.99955	29889.5
0.856497	1	0.989172	29579.2
0.991085	1	0.99996	29901.8
0.823399	1	0.983397	29406.5
1	0.401927	0.768278	22973.8
0.0393424	0.0224412	0.00709164	212.061
0.482818	1	0.834365	24950
0.996589	1.08364e-07	1.84035e-06	0.055032
0.998501	2.89223e-06	3.9723e-05	1.18784
0.972257	2.95076e-07	4.60864e-06	0.137812
0.383166	5.11017e-22	9.98308e-21	2.98524e-16
1	1.04916e-19	4.68988e-18	1.40241e-13
0.999998	0.00285739	0.0195955	585.964
0.461406	0.000314248	0.00142659	42.6592
0.245466	1	0.590247	17650.2
0.999993	0.365176	0.733043	21920.2
0.96567	6.93399e-27	4.10249e-25	1.22677e-20
0.0354725	0.00474481	0.00163088	48.7681
0.58489	0.0339462	0.0976718	2920.68
0.977952	0.0277471	0.12501	3738.19
0.921126	0.00482299	0.0285059	852.412
0.982617	0.0436481	0.177953	5321.34
1	0.0001622	0.00157767	47.1771
1	2.08186e-08	3.89046e-07	0.0116336
0.999999	0.194493	0.512948	15338.7
0.579486	1	0.895662	26783
0.333359	1.22409e-10	1.01698e-09	3.04107e-05
0.106359	1.346e-11	4.04743e-11	1.2103e-06
0.841264	1	0.986676	29504.6
0.99975	0.184862	0.496858	14857.5
0.981138	0.219327	0.545772	16320.2
0.886017	0.0568888	0.200997	6010.4
1	0.000650339	0.00542254	162.15
0.985609	0.20121	0.519167	15524.6
0.405715	0.0445482	0.0906094	2709.49
0.557968	0.725649	0.770966	23054.2
0.872624	1	0.991519	29649.4
0.86245	0.831792	0.955657	28577
0.999835	0.86416	0.990304	29613.1
0.327349	0.541211	0.48378	14466.5
0.526985	0.831816	0.799878	23918.7
1	1	1	29903
0.999946	0.507948	0.852001	25477.4
0.15394	1	0.441992	13216.9
0.995096	0.203945	0.526605	15747.1
0.99998	7.3825e-19	3.15596e-17	9.43726e-13
0.858072	0.318471	0.627783	18772.6
0.386331	0.00229298	0.00711245	212.683
0.241669	0.299615	0.26251	7849.82
0.755918	3.99565e-07	4.83645e-06	0.144624
0.816751	0.00663175	0.0336814	1007.17
0.600593	3.4926e-12	5.85034e-11	1.74943e-06
0.980032	1.20576e-05	0.000145891	4.36257
0.999832	7.13229e-58	9.4548e-56	2.82727e-51
0.661893	1	0.935024	27960
0.999982	1	1	29903
0.999958	1	1	29903
0.999958	1	1	29903
0.999983	1	1	29903
1	1	1	29903
0.772993	1	0.972027	29066.5
0.880878	1	0.992605	29681.9
0.807478	1	0.980149	29309.4
0.971662	0.000112518	0.00110654	33.0889
1	0.0161491	0.0827784	2475.32
0.524199	0.765256	0.767565	22952.5
0.951635	8.85647e-07	1.26308e-05	0.3777
0.929765	0.411457	0.750149	22431.7
0.884012	2.2054e-05	0.000230936	6.90568
0.808183	0.0718133	0.223253	6675.94
0.490833	7.22157e-05	0.000398678	11.9217
0.198845	7.20857e-20	6.69273e-19	2.00133e-14
0.963187	3.54052e-11	8.56013e-10	2.55973e-05
0.914143	1	0.996204	29789.5
0.896173	1	0.994413	29735.9
0.981693	1	0.999831	29898
0.981673	1	0.999831	29897.9
0.794267	0.375682	0.659251	19713.6
0.999845	1	1	29903
0.232526	0.00441651	0.00809357	242.022
0.993878	0.603468	0.90638	27103.5
0.624425	0.0954729	0.227722	6809.57
0.425231	0.603547	0.6057	18112.3
1	9.04123e-05	0.000932253	27.8772
0.926466	1	0.997228	29820.1
0.999998	0.215768	0.546659	16346.8
0.558943	1	0.884085	26436.8
0.483636	1	0.834961	24967.8
0.54949	0.773088	0.788491	23578.2
0.99055	0.134959	0.402692	12041.7
0.949223	8.32071e-05	0.00082507	24.6721
0.758443	0.0177146	0.0713408	2133.3
0.84085	1.87477e-10	3.7157e-09	0.00011111
0.900812	2.93094e-13	7.91084e-12	2.36558e-07
0.950564	1.37365e-09	2.80167e-08	0.000837784
0.921526	3.36183e-10	7.09293e-09	0.0002121
0.993894	1	0.999981	29902.4
0.994554	1	0.999985	29902.6
0.516553	1	0.857776	25650.1
0.239114	1	0.581243	17380.9
0.927043	1	0.997271	29821.4
0.753727	0.113487	0.295859	8847.08
0.646195	1	0.928359	27760.7
0.0192637	1	0.0953465	2851.15
0.256841	1	0.605965	18120.2
0.89393	1	0.994164	29728.5
0.774229	1	0.972345	29076
0.987911	1	0.999927	29900.8
1	1	1	29903
0.831657	3.06694e-07	4.12738e-06	0.123421
0.999347	9.01734e-05	0.00092948	27.7942
0.56529	0.122685	0.254424	7608.04
0.285738	0.270789	0.275384	8234.82
0.880466	0.0251418	0.106488	3184.31
0.607956	0.0245033	0.0775624	2319.35
0.862269	1	0.990047	29605.4
0.735687	1	0.961507	28751.9
0.919893	0.262957	0.5852	17499.2
0.398006	1	0.764684	22866.3
0.370724	1	0.738592	22086.1
0.582077	1	0.897069	26825.1
1	1.1981e-20	5.61562e-19	1.67924e-14
0.767289	0.000231434	0.00171115	51.1684
1	0.568963	0.889824	26608.4
0.740316	0.30898	0.566175	16930.3
0.999999	5.54343e-44	5.57675e-42	1.66762e-37
0.856758	1	0.989213	29580.4
0.217394	1	0.549147	16421.1
0.0528674	3.88113e-05	2.89244e-05	0.864928
0.947529	0.0654877	0.234542	7013.5
0.670406	0.0654828	0.181125	5416.17
0.960174	0.243359	0.573385	17145.9
0.713502	0.000520134	0.00330256	98.7565
0.816535	1.11068e-07	1.56131e-06	0.046688
1	1	1	29903
0.783108	0.77411	0.909637	27200.9
1	0.64742	0.928892	27776.7
0.990652	0.383014	0.747134	22341.5
0.970052	1	0.999547	29889.5
0.943348	1	0.998364	29854.1
0.903256	1	0.995162	29758.3
0.875545	1	0.991913	29661.2
0.862943	1	0.990147	29608.4
0.958949	1	0.999146	29877.5
0.969307	1	0.999524	29888.8
0.556001	1	0.882365	26385.4
0.934285	1	0.997792	29837
0.926149	1	0.997203	29819.4
0.331935	1	0.697998	20872.2
0.614436	0.0644096	0.167386	5005.36
0.772031	0.200839	0.444072	13279.1
0.541922	1.1233e-14	2.05344e-13	6.1404e-09
0.999998	1	1	29903
1	1.6012e-09	3.40295e-08	0.00101758
0.0223382	0.365551	0.0474251	1418.15
0.416312	1	0.781134	23358.3
0.930447	0.895612	0.985266	29462.4
0.990701	1	0.999957	29901.7
0.815315	1	0.981787	29358.4
0.36173	3.9619e-08	2.73168e-07	0.00816853
0.931574	1	0.997604	29831.3
0.642256	1	0.926627	27708.9
0.759947	0.000238473	0.00174263	52.11
1	4.78816e-12	1.29591e-10	3.87516e-06
0.979724	0.633061	0.91649	27405.8
0.99828	5.21025e-08	9.24362e-07	0.0276412
0.911015	1	0.995918	29780.9
0.543706	0.859846	0.822969	24609.2
0.938109	1	0.998044	29844.5
0.376034	1	0.743823	22242.5
0.763207	1	0.969445	28989.3
0.959484	0.223252	0.544259	16275
1	1	1	29903
0.818844	1	0.9825	29379.7
0.777906	1	0.973277	29103.9
0.500163	0.0107959	0.0335938	1004.56
0.504446	0.238215	0.374785	11207.2
1	6.27153e-20	2.83572e-18	8.47964e-14
0.992535	8.63388e-32	6.21579e-30	1.85871e-25
0.937684	0.142389	0.402355	12031.6
0.517024	0.366794	0.504942	15099.3
0.757354	1	0.967841	28941.4
0.843812	1	0.987113	29517.6
0.92222	0.0404195	0.159891	4781.22
0.999559	2.36123e-46	2.50322e-44	7.48538e-40
1	5.56492e-14	1.75405e-12	5.24513e-08
0.677873	0.375997	0.603289	18040.1
0.639239	1	0.925284	27668.8
0.997355	1	0.999996	29902.9
0.455332	1	0.813554	24327.7
0.250128	1.01069e-13	8.16775e-13	2.4424e-08
0.955927	0.0241328	0.110023	3290.01
0.203806	0.0402554	0.0476104	1423.69
0.999999	3.93869e-08	7.10926e-07	0.0212588
0.503626	0.724543	0.732766	21911.9
0.4804	1	0.832598	24897.2
0.645693	1	0.928139	27754.1
0.951495	1	0.998804	29867.2
0.797067	0.000784317	0.00523723	156.609
1	8.7063e-29	5.71229e-27	1.70814e-22
1	1	1	29903
0.764882	1	0.969896	29002.8
0.334793	0.0259406	0.0499041	1492.28
0.415269	1	0.780219	23330.9
0.396202	1	0.763018	22816.5
0.792016	1	0.976693	29206.1
0.554948	1	0.881746	26366.9
0.000155978	1	0.00152325	45.5497
0.0106057	1	0.0588233	1758.99
0.538742	1	0.871964	26074.3
0.839824	1	0.986426	29497.1
0.951876	0.687283	0.931808	27863.9
0.865381	1	0.990502	29619
0.953671	1	0.99891	29870.4
0.730936	0.00326373	0.0167904	502.084
0.0189031	5.88845e-12	3.43128e-12	1.02606e-07
0.798972	0.136356	0.350466	10480
0.178889	0.00604173	0.00846271	253.06
0.971593	0.516179	0.847622	25346.4
0.108234	0.00335027	0.0032353	96.7451
0.980694	0.0415996	0.171311	5122.72
0.712527	0.0838355	0.228059	6819.64
0.999999	1	1	29903
0.566083	0.118395	0.248163	7420.83
0.708205	0.0168638	0.0648222	1938.38
0.999954	1	1	29903
0.999999	1	1	29903
1	8.5655e-11	2.0712e-09	6.1935e-05
0.851754	0.00929542	0.0462273	1382.34
0.524639	2.30207e-05	0.000148846	4.45094
0.880403	1	0.992545	29680.1
0.982059	0.423109	0.780438	23337.4
0.257476	1	0.606827	18146
0.276444	1	0.631881	18895.1
0.930745	1	0.997545	29829.6
0.927539	0.0605792	0.217961	6517.68
0.107678	0.0469567	0.0317892	950.592
0.949114	1	0.998683	29863.6
0.938571	1	0.998073	29845.4
0.987673	1	0.999924	29900.7
1	3.90205e-11	9.74222e-10	2.91322e-05
0.559024	0.000943901	0.00450997	134.862
0.906635	0.0891219	0.284078	8494.77
0.766152	1	0.970236	29013
0.752413	1	0.966452	28899.8
0.867728	0.0767267	0.246963	7384.93
0.995007	1	0.999988	29902.6
0.204762	1	0.529496	15833.5
0.999993	0.308558	0.671372	20076.1
0.999993	0.308558	0.671372	20076.1
0.834285	0.00141106	0.00911711	272.629
0.94894	0.52197	0.843306	25217.4
0.860776	1	0.989824	29598.7
0.000624311	0.000146222	1.571e-06	0.0469776
0.553297	0.190543	0.34261	10245.1
0.743808	1	0.963955	28825.1
0.927313	1	0.997292	29822
0.997083	1	0.999996	29902.9
0.998826	1	0.999999	29903
0.958545	1	0.999129	29876.9
0.111342	0.774272	0.297505	8896.3
0.643795	0.547013	0.719703	21521.3
0.771221	1	0.971569	29052.8
0.482444	0.0116912	0.034845	1041.97
0.426124	0.00182483	0.0063447	189.726
0.567279	0.00416245	0.0166436	497.693
0.8429	0.000971329	0.00663809	198.499
1	0.109285	0.351221	10502.6
0.970857	1	0.999571	29890.2
1.45214e-10	2.3107e-269	2.15491e-276	6.44382e-272
0.928005	0.000166415	0.00150971	45.1448
0.892003	0.0162629	0.075915	2270.09
0.844428	0.0321603	0.125089	3740.53
0.453739	0.162668	0.266175	7959.42
0.986498	0.689429	0.942297	28177.5
0.741696	1	0.963326	28806.3
0.935799	0.00246638	0.0163209	488.045
0.720491	0.00246821	0.0130388	389.9
0.967855	0.00193655	0.013644	407.997
0.0273857	1	0.125912	3765.15
0.82111	1	0.982949	29393.1
0.235199	0.178799	0.175312	5242.37
0.900203	0.0333201	0.135179	4042.25
0.872237	0.00575348	0.0315891	944.608
0.894624	0.205405	0.495073	14804.2
0.999961	1.74925e-16	6.52133e-15	1.95007e-10
0.000152061	0.609531	0.000953396	28.5094
0.0100467	0.851374	0.0492803	1473.63
0.498845	0.00965736	0.0305214	912.682
1	0.856957	0.989243	29581.3
0.873602	1	0.991652	29653.4
0.727541	1	0.958961	28675.8
0.999772	1	1	29903
0.879135	0.00693549	0.0371926	1112.17
0.998063	0.159767	0.452218	13522.7
0.542883	1	0.87451	26150.5
0.620259	1	0.916506	27406.3
0.668549	1	0.937738	28041.2
0.700965	1	0.950016	28408.3
0.611471	1	0.912246	27278.9
0.703927	1	0.951062	28439.6
0.721042	0.813514	0.899488	26897.4
0.685657	0.813494	0.883405	26416.5
0.530523	0.822717	0.79832	23872.1
0.994203	1	0.999983	29902.5
1	0.863216	0.990187	29609.6
0.854363	0.863218	0.962061	28768.5
0.91779	1	0.996524	29799.1
0.48745	0.813385	0.76328	22824.3
0.983371	1	0.999861	29898.8
0.994788	1	0.999986	29902.6
0.993104	1	0.999976	29902.3
0.988033	1	0.999928	29900.9
0.999974	0.859114	0.98957	29591.1
0.997199	0.880124	0.992191	29669.5
0.775565	1	0.972685	29086.2
0.953023	1	0.998879	29869.5
1	0.765446	0.970047	29007.3
0.993678	1	0.99998	29902.4
0.966804	0.0782253	0.270895	8100.58
0.96327	0.208285	0.522908	15636.5
0.969232	0.108642	0.342322	10236.4
0.960939	0.20751	0.520928	15577.3
0.948312	0.207659	0.516915	15457.3
0.999986	1.53085e-12	4.31772e-11	1.29113e-06
0.999999	1.98964e-21	9.68281e-20	2.89545e-15
0.64585	0.358487	0.570267	17052.7
0.506113	0.768251	0.756116	22610.1
0.999703	0.607056	0.909968	27210.8
0.930861	0.353247	0.694552	20769.2
0.722922	1.87968e-06	1.97156e-05	0.589555
0.549463	0.00692614	0.025008	747.814
0.925332	0.729109	0.940173	28114
0.962372	2.22865e-06	3.01396e-05	0.901265
0.745693	1	0.96451	28841.7
0.9235	0.790362	0.959707	28698.1
0.960874	0.850164	0.982109	29368
0.96118	0.85964	0.98395	29423.1
0.978618	0.850196	0.985027	29455.3
1	1	1	29903
0.667784	0.000121014	0.000842326	25.1881
0.238356	0.00119954	0.00261895	78.3144
0.580352	1.11071e-11	1.72544e-10	5.15959e-06
0.986478	0.0142832	0.0741461	2217.19
0.0207309	0.0251808	0.00446736	133.588
0.700227	0.654555	0.815909	24398.1
0.0922898	1	0.3122	9335.72
0.266613	0.683648	0.492541	14728.5
0.278214	0.695529	0.511329	15290.3
0.670996	0.00122216	0.00664755	198.782
0.999993	0.449892	0.809239	24198.7
0.894274	0.296638	0.617293	18458.9
0.769607	0.393589	0.66468	19875.9
1	0	0	0
0.999999	1.35354e-08	2.58768e-07	0.00773794
0.984388	1	0.999878	29899.3
0.805548	1	0.979734	29297
0.994665	1	0.999986	29902.6
1	0.689113	0.945704	28279.4
0.80193	1	0.978943	29273.3
0.501035	0.725679	0.731445	21872.4
0.911621	1	0.995974	29782.6
0.987126	1	0.999917	29900.5
1	0.332078	0.698156	20877
0.558042	1	0.883559	26421.1
0.61397	1	0.91347	27315.5
0.561149	1	0.885363	26475
0.802712	1	0.979116	29278.5
0.561006	1	0.885281	26472.6
0.683715	1	0.943673	28218.7
0.897801	1	0.99459	29741.2
0.939407	0.123683	0.36629	10953.2
0.94525	0.12365	0.367777	10997.6
0.930021	0.586543	0.8761	26198
0.979681	0.465472	0.814091	24343.8
0.932092	0.537342	0.847164	25332.7
0.8871	0.537167	0.829739	24811.7
0.977729	0.0489023	0.193187	5776.87
0.701685	1	0.950271	28416
1	0.726374	0.958589	28664.7
0.967507	0.578261	0.884392	26446
0.952822	0.696769	0.935848	27984.7
0.793373	1	0.977009	29215.5
0.910478	1	0.995868	29779.4
0.134318	0.273306	0.158025	4725.43
1	0.273164	0.627644	18768.4
0.642691	0.674986	0.796104	23805.9
0.840116	0.803504	0.940318	28118.3
0.957315	0.408842	0.758534	22682.4
0.993044	0.0028615	0.019503	583.197
0.998433	0.00410207	0.0266128	795.803
0.484659	0.118483	0.221501	6623.53
0.00413816	0.0229865	0.000975984	29.1848
0.164563	0.0229865	0.0248802	743.993
0.00238652	0.0835615	0.00189851	56.7711
0.219047	0.0836063	0.0915704	2738.23
0.0678406	0.0836063	0.0350083	1046.85
0.01506	0.0836063	0.00966661	289.061
0.01506	0.0836063	0.00966661	289.061
0.15675	0.0836063	0.0699132	2090.62
0.01506	0.0836063	0.00966661	289.061
0.15675	0.0836063	0.0699132	2090.62
0.219047	0.0836063	0.0915704	2738.23
0.15675	0.0836063	0.0699132	2090.62
0.999898	6.53973e-08	1.14714e-06	0.0343029
0.99997	0.489709	0.839323	25098.3
0.999969	0.157178	0.448008	13396.8
0.859136	1	0.989577	29591.3
0.97205	1	0.999606	29891.2
0.573166	0.626008	0.726574	21726.7
0.0177267	0.628618	0.0612539	1831.67
0.805307	1	0.979681	29295.4
0.999992	0.118512	0.371265	11101.9
0.931541	1	0.997601	29831.3
0.159349	1	0.452019	13516.7
0.967387	6.84654e-07	1.00856e-05	0.301589
0.926727	1	0.997247	29820.7
0.996094	1	0.999992	29902.8
0.965604	1	0.999402	29885.1
0.696209	1	0.94831	28357.3
0.999996	1	1	29903
0.34347	1	0.710521	21246.7
1	0.794125	0.977182	29220.7
0.892695	1	0.994025	29724.3
0.0338762	1	0.148549	4442.05
0.926794	1	0.997253	29820.8
0.644094	0.710086	0.815147	24375.3
0.90651	0.366653	0.698483	20886.7
0.837697	0.182617	0.440188	13163
0.470243	0.367213	0.475959	14232.6
0.870618	3.66966e-06	4.36227e-05	1.30445
0.976267	0.000587587	0.00485502	145.18
0.000398693	0.00221123	1.31725e-05	0.393896
0.148662	1	0.432024	12918.8
0.124141	1	0.383142	11457.1
0.0163413	1	0.0835703	2499
0.000452162	1	0.00393448	117.653
0.014784	1	0.0770869	2305.13
0.00265873	1	0.0184248	550.956
0.00124213	1	0.00955313	285.667
0.00469272	1	0.0298539	892.72
0.00926379	1	0.0526335	1573.9
0.000360926	1	0.00322193	96.3453
0.0340465	1	0.149125	4459.27
4.56489e-05	1	0.000501889	15.008
0.000153236	1	0.00149919	44.8302
0.000336157	1	0.00302472	90.4481
0.00106628	1	0.00836343	250.092
0.000592684	1	0.00499683	149.42
3.20768e-09	1	6.59427e-08	0.00197188
4.30255e-08	1	7.72801e-07	0.0231091
1.17824e-06	1	1.72629e-05	0.516213
7.65854e-06	1	9.78738e-05	2.92672
3.03097e-05	1	0.000345653	10.336
3.0405e-07	1	4.86665e-06	0.145528
4.51944e-06	1	6.01408e-05	1.79839
2.21201e-05	1	0.000259226	7.75163
3.71975e-05	1	0.000416585	12.4571
5.29934e-05	1	0.000574732	17.1862
1.06234e-06	1	1.56749e-05	0.468725
4.87424e-06	1	6.44938e-05	1.92856
1.10717e-07	1	1.88399e-06	0.0563371
0.00188217	1	0.0136934	409.474
0.979054	0.054351	0.20931	6258.99
0.311176	0.326242	0.333744	9979.94
0.972946	0.0524541	0.202877	6066.62
1	2.84386e-05	0.000326127	9.75217
0.999927	0.632487	0.922205	27576.7
0.959466	4.6241e-09	8.97687e-08	0.00268435
0.999991	1	1	29903
0.703659	1	0.950968	28436.8
0.993335	1	0.999978	29902.3
0.817319	1	0.982193	29370.5
0.992559	0.253422	0.598698	17902.9
0.99124	0.790103	0.974584	29143
0.921626	0.548241	0.850201	25423.6
0.999963	0.45253	0.811329	24261.2
0.999984	0.22777	0.564731	16887.2
0.315052	1	0.678943	20302.4
0.236732	1	0.577822	17278.6
0.982398	1	0.999844	29898.3
0.229046	9.45703e-07	3.54052e-06	0.105872
0.352067	9.45424e-07	5.29753e-06	0.158412
0.164535	1.17865e-07	3.63779e-07	0.0108781
0.135216	1.17864e-07	3.02081e-07	0.00903313
0.217931	1.53356e-06	5.31778e-06	0.159018
0.39002	1.53442e-06	9.17368e-06	0.274321
0.667947	5.88773e-08	7.09905e-07	0.0212283
0.473039	1.1794e-07	9.87577e-07	0.0295315
0.96337	0.00551929	0.0331619	991.64
0.973286	0.0600415	0.224388	6709.88
0.999999	0.117134	0.36832	11013.9
0.776192	0.323279	0.597856	17877.7
0.168101	0.204487	0.150232	4492.39
0.491156	0.00988903	0.0307322	918.984
0.51477	0.0098851	0.03196	955.7
0.561455	0.00718642	0.0262781	785.794
0.583392	0.0196024	0.0625657	1870.9
0.631784	0.0196373	0.0668654	1999.48
0.959187	0.0128349	0.0664462	1986.94
0.987082	0.773567	0.969545	28992.3
0.255319	0.606601	0.443742	13269.2
0.938514	0.0762367	0.260251	7782.28
0.845953	0.578072	0.838843	25083.9
1	5.5568e-17	2.13542e-15	6.38554e-11
0.538978	1	0.87211	26078.7
0.0180471	0.891559	0.0825348	2468.04
0.999998	1	1	29903
0.997543	0.802653	0.978666	29265.1
0.346019	0.219174	0.271437	8116.77
0.969885	1	0.999542	29889.3
0.237741	1	0.579274	17322
0.936467	6.04037e-06	7.40037e-05	2.21293
0.736758	0.0157894	0.0634452	1897.2
0.999971	5.35655e-20	2.43038e-18	7.26756e-14
0.961515	1	0.99925	29880.6
0.945999	1	0.998515	29858.6
0.871988	1	0.991433	29646.8
0.728883	1	0.959386	28688.5
0.109204	1	0.351041	10497.2
0.806297	1	0.979895	29301.8
0.985215	1	0.99989	29899.7
0.993916	1	0.999981	29902.4
0.999992	1	1	29903
0.926985	1	0.997267	29821.3
0.936014	1	0.997908	29840.4
0.918361	1	0.996573	29800.5
0.600883	1	0.906946	27120.4
0.637588	1	0.924543	27646.6
0.999999	1	1	29903
0.614197	1	0.913581	27318.8
0.232656	1	0.571913	17101.9
0.999164	0.623783	0.917933	27448.9
0.0418403	2.77598e-07	2.23828e-07	0.00669313
0.966389	5.11892e-05	0.00053991	16.1449
0.658854	9.52089e-07	9.58612e-06	0.286654
0.999967	0.458002	0.815635	24389.9
0.225598	9.40964e-07	3.47404e-06	0.103884
0.458776	9.40157e-07	6.75295e-06	0.201933
0.956028	9.40157e-07	1.34123e-05	0.401068
0.844761	9.40157e-07	1.19496e-05	0.357329
0.844761	9.40157e-07	1.19496e-05	0.357329
0.458776	9.40157e-07	6.75295e-06	0.201933
0.503144	9.40157e-07	7.36235e-06	0.220156
0.89028	0.725807	0.928348	27760.4
0.999997	0.0573217	0.221208	6614.79
0.956225	1.03343e-05	0.000123769	3.70108
0.992539	1	0.999972	29902.2
0.730762	1	0.959978	28706.2
0.90472	1	0.995309	29762.7
0.720956	1	0.956836	28612.3
0.43672	0.506449	0.554886	16592.8
0.540061	0.010151	0.0340236	1017.41
0.653916	1	0.931684	27860.1
0.994035	0.752762	0.965263	28864.2
0.798949	1	0.97828	29253.5
0.428548	1	0.791679	23673.6
0.550599	1	0.879168	26289.8
0.999997	8.21344e-07	1.23302e-05	0.368711
0.201114	0.000126537	0.000294662	8.81128
0.948735	0.00255294	0.0170105	508.664
0.218786	0.156398	0.149703	4476.56
4.6245e-05	5.50048e-15	1.11453e-17	3.33278e-13
0.0149504	3.04955e-15	1.76108e-15	5.26615e-11
0.904493	5.77245e-05	0.000567027	16.9558
0.526862	0.256515	0.405632	12129.6
0.137415	3.35033e-09	1.03582e-08	0.000309741
0.700386	1.07175e-08	1.47933e-07	0.00442363
0.0040194	0.773221	0.0210523	629.526
0.0741186	1	0.266982	7983.56
0.0203024	0.753824	0.0792712	2370.45
0.0025295	0.753824	0.0138478	414.091
0.0203024	0.753824	0.0792712	2370.45
1	0.070338	0.257046	7686.45
0.121129	0.753775	0.309846	9265.33
1	0.748943	0.965457	28870
0.175179	1	0.480331	14363.3
0.994813	0.0267442	0.123094	3680.88
0.92376	0.850415	0.975166	29160.4
0.00652903	0.472672	0.0209263	625.76
0.0151063	1	0.0784416	2345.64
0.874643	1	0.991792	29657.6
0.906835	0.701231	0.923781	27623.8
0.999999	0.111478	0.356052	10647
0.884316	1	0.993034	29694.7
0.384683	1	0.752185	22492.6
0.482661	0.0320726	0.0800048	2392.38
0.938889	0.0498387	0.190074	5683.79
0.771727	1	0.9717	29056.8
0.687126	1	0.944962	28257.2
0.606571	1	0.909816	27206.2
0.457198	1	0.815018	24371.5
0.906372	1	0.995473	29767.6
0.820255	0.625473	0.855449	25580.5
0.731424	1	0.960186	28712.4
0.648875	1	0.929523	27795.5
0.216334	0.644245	0.41402	12380.5
0.000375109	0.917938	0.00308996	92.399
0.0262215	1	0.121699	3639.15
0.00713374	1	0.0423952	1267.74
0.55508	1	0.881824	26369.2
0.0936187	1	0.315357	9430.12
0.217662	1	0.549555	16433.4
0.55508	1	0.881824	26369.2
0.0493445	1	0.197819	5915.37
0.0493445	1	0.197819	5915.37
0.564935	1	0.887538	26540.1
0.305671	1	0.667966	19974.2
0.523604	1	0.862386	25787.9
0.709658	1	0.953051	28499.1
0.999647	2.12872e-14	6.91185e-13	2.06685e-08
0.982141	0.00163909	0.0119636	357.747
0.681508	0.746301	0.852468	25491.4
0.963595	1	0.999329	29882.9
0.908443	1	0.995675	29773.7
0.976287	4.09793e-15	1.36635e-13	4.08579e-09
0.965169	0.824773	0.977623	29233.9
0.998295	1	0.999999	29903
0.995011	0.530798	0.865308	25875.3
0.937906	0.666004	0.918587	27468.5
0.976214	0.665955	0.930058	27811.5
0.641372	0.00303346	0.0140903	421.341
0.599248	0.311787	0.50026	14959.3
0.427821	0.312016	0.402297	12029.9
0.781055	0.816227	0.924511	27645.7
0.0372445	0.401942	0.0778701	2328.55
6.24845e-06	1.87366e-10	4.14224e-14	1.23865e-09
0.972514	6.5179e-07	9.68017e-06	0.289466
0.792276	0.346579	0.629486	18823.5
0.334266	7.23439e-05	0.000281236	8.40979
0.959949	8.08722e-05	0.000812316	24.2907
0.999948	0.00019439	0.00185549	55.4847
0.00171149	0.391565	0.00556767	166.49
0.0378179	0.458806	0.0876941	2622.32
0.0192393	0.709011	0.0722242	2159.72
2.52359e-11	0.720604	4.67909e-10	1.39919e-05
3.43422e-08	0.720625	4.58195e-07	0.0137014
3.28558e-09	0.722733	4.95304e-08	0.00148111
3.12785e-07	0.720744	3.67581e-06	0.109918
0.972035	1	0.999605	29891.2
0.844225	1	0.987183	29519.7
0.985963	1	0.999901	29900
1.50181e-08	2.12938e-20	2.05659e-26	6.14981e-22
3.29226e-08	5.47621e-21	1.16978e-26	3.498e-22
3.43683e-06	9.87417e-19	1.86784e-22	5.58539e-18
5.00768e-07	8.98242e-20	2.67024e-24	7.98481e-20
3.11907e-08	8.94062e-20	1.73298e-25	5.18213e-21
2.70433e-07	8.92666e-20	1.4481e-24	4.33025e-20
9.86259e-07	1.1223e-20	6.72604e-25	2.01129e-20
0.490442	0.770102	0.74544	22290.9
6.4643e-07	1.29062e-18	4.70904e-23	1.40814e-18
7.17053e-08	1.17007e-20	5.31467e-26	1.58925e-21
6.43493e-08	1.19502e-20	4.87787e-26	1.45863e-21
6.35394e-08	1.14181e-20	4.60624e-26	1.3774e-21
1.38787e-07	1.2507e-20	1.08694e-25	3.25028e-21
3.27008e-07	1.98454e-18	3.67925e-23	1.1002e-18
4.25057e-06	1.21517e-20	3.05907e-24	9.14755e-20
1.15602e-05	3.40088e-19	2.15811e-22	6.45338e-18
5.16683e-07	1.22078e-20	3.8683e-25	1.15674e-20
3.67305e-07	1.21709e-20	2.75703e-25	8.24433e-21
2.22328e-07	1.24471e-20	1.71995e-25	5.14317e-21
1.27909e-05	2.03637e-18	1.38055e-21	4.12826e-17
0.000445073	0.0105154	6.21156e-05	1.85744
0.0706411	0.010566	0.00612062	183.025
0.01917	0.0155688	0.00272098	81.3654
0.000198758	0.0157996	4.29316e-05	1.28378
0.029845	0.0152575	0.00395909	118.389
0.0256374	0.0159	0.00358928	107.33
0.111428	0.0158422	0.0129561	387.425
0.0618782	0.625311	0.164527	4919.84
0.0895006	0.724908	0.24234	7246.69
0.0794846	0.51142	0.170842	5108.69
0.527525	0.51142	0.623241	18636.8
0.03049	0.51142	0.0804754	2406.45
0.340917	0.51142	0.478889	14320.2
0.177738	0.51142	0.308875	9236.28
0.0100324	0.51142	0.0321828	962.361
0.340917	0.51142	0.478889	14320.2
0.10375	0.620701	0.24102	7207.22
0.390685	0.0153301	0.0366409	1095.67
0.0701052	0.0154918	0.00849858	254.133
4.67354e-09	0.0162531	1.84588e-09	5.51973e-05
0.00046729	0.0162531	9.71239e-05	2.9043
1.45271e-08	0.0146914	4.96589e-09	0.000148495
0.930248	0.622484	0.895431	26776.1
0.0145975	1	0.0762998	2281.59
0.498241	0.401106	0.521642	15598.7
0.527177	0.400999	0.539913	16145
0.511761	0.40127	0.530434	15861.6
0.670377	0.559952	0.743182	22223.4
0.12297	0.0482085	0.0363281	1086.32
0.256101	0.0507112	0.0694008	2075.29
0.999739	0.0286558	0.130426	3900.13
0.999996	0.109703	0.352144	10530.1
0.476254	1	0.829541	24805.8
0.975433	0.368515	0.727244	21746.8
0.99419	1	0.999983	29902.5
0.744894	0.47526	0.721634	21579
1	2.79916e-20	1.28824e-18	3.85222e-14
0.999451	1	1	29903
0.0596538	1	0.22783	6812.79
0.264861	1	0.616742	18442.4
0.936569	0.789953	0.962771	28789.7
0.972584	0.75301	0.960479	28721.2
0.76692	0.725271	0.882497	26389.3
0.999976	1	1	29903
0.896684	1	0.994469	29737.6
0.37048	0.204598	0.271336	8113.76
0.993502	0.19074	0.504709	15092.3
0.67645	1	0.940872	28134.9
0.828261	0.00640708	0.0331075	990.014
0.917168	0.854958	0.974818	29150
0.953115	0.856189	0.981936	29362.8
0.636173	0.855118	0.875192	26170.9
0.538296	0.857474	0.818424	24473.3
0.999994	0.931856	0.997623	29831.9
0.911745	1	0.995986	29783
0.739241	0.84489	0.918553	27467.5
0.651594	1	0.930694	27830.5
0.35867	1	0.726434	21722.5
0.675476	0.760317	0.855801	25591
0.750687	0.760257	0.890809	26637.9
0.311631	1	0.674973	20183.7
0.897918	0.130715	0.368828	11029.1
0.971456	1	0.999589	29890.7
0.439642	0.605489	0.618516	18495.5
0.559114	0.613728	0.710173	21236.3
0.654911	0.457523	0.660755	19758.5
0.445225	0.449131	0.521831	15604.3
0.283827	0.801838	0.564461	16879.1
0.420026	0.00557501	0.0165248	494.141
0.128977	0.00557501	0.00592323	177.122
0.830041	0.00557501	0.0295037	882.248
0.209586	0.80214	0.467887	13991.2
0.14008	0.3476	0.195851	5856.52
0.171581	3.33377e-08	1.14283e-07	0.00341742
0.142679	0.0561957	0.0467131	1396.86
0.622799	0.0562899	0.152526	4560.99
0.622799	0.0562899	0.152526	4560.99
0.699924	0.0562899	0.166815	4988.26
0.363581	5.11623e-05	0.000221216	6.61501
0.00991254	0.000389651	5.20046e-05	1.55509
0.228307	0.00327153	0.00612436	183.137
0.994396	6.21679e-06	8.03276e-05	2.40204
0.686236	1	0.944627	28247.2
0.832284	0.103072	0.296466	8865.23
0.818229	1	0.982376	29376
0.98854	1	0.999934	29901
0.969565	0	0	0
0.834081	0.000945551	0.00642382	192.091
0.646958	0.00111456	0.00593786	177.56
0.813441	0.000163464	0.00131976	39.4649
0.613053	8.4524e-05	0.000563143	16.8397
0.570196	9.26195e-05	0.000572938	17.1326
0.669586	9.59498e-05	0.000684406	20.4658
0.565012	9.95296e-05	0.000606553	18.1378
0.691348	4.41782e-05	0.000348074	10.4085
0.881457	1	0.992678	29684.1
0.977352	0.467776	0.815006	24371.1
0.381841	0.625193	0.580684	17364.2
0.502201	7.33157e-05	0.000412725	12.3417
0.401559	0.000565643	0.00213282	63.7777
0.841382	0.232161	0.514327	15379.9
0.908217	0.0365429	0.146215	4372.27
0.951961	1	0.998827	29867.9
0.993556	1	0.999979	29902.4
0.999847	1.71729e-09	3.63713e-08	0.00108761
0.991324	1	0.999962	29901.9
0.791228	1	0.976509	29200.6
0.335231	0.361545	0.376972	11272.6
0.999902	0.155469	0.444816	13301.3
0.999999	0.777345	0.973135	29099.7
0.724424	0.427977	0.67311	20128
0.334709	0.307761	0.337145	10081.7
0.463448	0.0898769	0.174043	5204.41
1	0.000183856	0.00176527	52.7868
1	0.087632	0.300982	9000.26
0.977383	5.11852e-11	1.2366e-09	3.69781e-05
0.474145	0.00106309	0.00433128	129.518
1	0.78157	0.974188	29131.2
0.923239	1	0.996975	29812.6
5.17068e-240	6.33355e-21	1.95997e-257	5.86089e-253
0.934334	0.819407	0.970088	29008.5
0.602348	1	0.90769	27142.7
0.129907	0.787052	0.3354	10029.5
0.781603	0.617272	0.834106	24942.3
0.702529	1	0.95057	28424.9
0.69679	0.554997	0.754121	22550.5
0.897011	1	0.994505	29738.7
0.622185	1	0.917423	27433.7
1	0.0473317	0.19172	5733.02
0.892771	0.251459	0.559868	16741.7
0.814052	0.771356	0.92012	27514.3
0.780843	0.542245	0.787293	23542.4
1	3.61968e-06	4.89711e-05	1.46438
0.884518	0.700233	0.91608	27393.5
0.464424	0.147266	0.251858	7531.31
1	0.572001	0.891529	26659.4
0.970338	0.240146	0.572449	17117.9
0.997354	0.65519	0.931489	27854.3
0.482924	1	0.834442	24952.3
0.651715	0.0140087	0.0520047	1555.1
0.694905	0.183302	0.389851	11657.7
0.868296	0.183302	0.451672	13506.3
0.649846	0.183082	0.372254	11131.5
0.649846	0.183082	0.372254	11131.5
0.932001	0.183082	0.472352	14124.7
0.565168	0.118409	0.247891	7412.68
0.847135	0.035074	0.134187	4012.59
0.793483	0.0135472	0.0594757	1778.5
0.0994605	0.226147	0.107843	3224.82
0.300491	0.343274	0.337465	10091.2
0.558866	0.814024	0.813239	24318.3
0.0566312	1	0.21923	6555.64
0.361931	0.676627	0.58944	17626
0.754175	0.831299	0.919663	27500.7
0.811102	0.676773	0.878171	26259.9
0.506752	0.831353	0.785467	23487.8
0.538243	0.676484	0.731973	21888.2
0.43277	0.677071	0.652702	19517.7
0.906288	0.676823	0.91319	27307.1
0.303243	0.548464	0.464668	13895
0.368716	0.7742	0.643328	19237.4
0.051387	0.726386	0.160059	4786.24
0.879813	0.502124	0.802686	24002.7
0.894755	0.27828	0.595175	17797.5
0.450798	0.408845	0.495997	14831.8
0.591344	1	0.902011	26972.8
0.55657	1	0.882699	26395.3
0.726817	1	0.95873	28668.9
0.670237	1	0.938415	28061.4
0.99999	0.283559	0.640934	19165.9
0.944525	0.541288	0.854253	25544.7
0.999989	0.618756	0.915783	27384.7
0.927728	0.00594031	0.0341737	1021.9
0.956521	1	0.999041	29874.3
0.999933	0.0100707	0.0563739	1685.75
0.989681	0.00711844	0.041956	1254.61
0.999968	0.00315627	0.0213306	637.85
0.999613	0.00713537	0.0423897	1267.58
0.999933	0.0102629	0.0572559	1712.12
0.999933	4.19995e-05	0.000465236	13.912
0.999901	0.0975511	0.324567	9705.52
0.99713	0.00507276	0.0317996	950.904
0.999939	0.00745743	0.0439858	1315.31
0.998796	0.0982098	0.325846	9743.77
0.999114	0.0969345	0.322952	9657.23
0.999348	0.00386243	0.0253099	756.842
0.944614	0.033345	0.140413	4198.78
0.99979	0.0169363	0.0859929	2571.45
0.9819	0.192466	0.503846	15066.5
0.990175	3.45497e-08	6.2231e-07	0.0186089
0.821442	3.45497e-08	5.21565e-07	0.0155964
0.98175	3.45497e-08	6.17304e-07	0.0184592
0.821442	3.45497e-08	5.21565e-07	0.0155964
0.996037	3.45497e-08	6.25791e-07	0.018713
0.990175	3.45497e-08	6.2231e-07	0.0186089
0.98175	3.45497e-08	6.17304e-07	0.0184592
0.949949	3.45497e-08	5.98389e-07	0.0178936
0.999789	3.45497e-08	6.28018e-07	0.0187796
0.954542	3.45497e-08	6.01124e-07	0.0179754
0.999789	3.45497e-08	6.28018e-07	0.0187796
0.949949	3.45497e-08	5.98389e-07	0.0178936
0.996037	3.45497e-08	6.25791e-07	0.018713
0.998402	3.45497e-08	6.27195e-07	0.018755
0.999789	3.45497e-08	6.28018e-07	0.0187796
0.998402	3.45497e-08	6.27195e-07	0.018755
0.943725	1	0.998386	29854.7
0.58015	1	0.896023	26793.8
0.658512	0.0225506	0.0773644	2313.43
0.541413	1	0.873609	26123.5
0.816364	1	0.982	29364.7
0.867872	0.000331221	0.00263151	78.69
0.788562	0.000348583	0.00252866	75.6145
0.938124	7.53851e-06	9.09421e-05	2.71944
0.789909	0.00812819	0.038833	1161.22
0.397301	0.00138056	0.00466681	139.552
0.110958	3.44014e-11	1.04175e-10	3.11514e-06
0.999594	0.00151706	0.0113603	339.706
0.0649542	2.32632e-09	3.56803e-09	0.000106695
0.113448	5.03427e-09	1.27267e-08	0.000380566
0.273182	2.47175e-09	1.49336e-08	0.000446558
0.902585	1	0.995093	29756.3
0.508444	1	0.852356	25488
0.407168	1	0.773021	23115.6
0.234461	1	0.574539	17180.4
0.560213	1	0.884822	26458.8
0.284698	1	0.642371	19208.8
0.518239	1	0.858887	25683.3
0.150126	1	0.434806	13002
0.0789807	0.613762	0.195196	5836.94
0.00424395	1	0.0274255	820.105
0.918114	0.630162	0.895156	26767.8
0.519515	0.630633	0.693215	20729.2
0.48081	0.533922	0.605793	18115
0.88345	0.569463	0.848707	25378.9
0.980355	0.570484	0.884279	26442.6
0.685093	0.524282	0.726957	21738.2
0.990513	1	0.999955	29901.6
0.989117	0.249996	0.592781	17725.9
0.997633	0.621034	0.916173	27396.3
0.994808	1	0.999986	29902.6
0.999984	0.0808839	0.284282	8500.9
0.999986	0.645899	0.928226	27756.7
0.99747	1	0.999997	29902.9
0.981584	1	0.999829	29897.9
0.464486	0.0812809	0.161461	4828.16
0.358757	0.0982031	0.153108	4578.39
0.0145287	1	0.0760086	2272.89
0.060902	0.24003	0.0763877	2284.22
0.399752	1	0.766289	22914.4
0.0132321	9.41499e-06	2.1052e-06	0.0629518
0.0156592	1.31204e-11	6.2075e-12	1.85623e-07
0.382271	1.31204e-11	1.35512e-10	4.05222e-06
1.93269e-08	1.31204e-11	1.11113e-17	3.32262e-13
3.15226e-05	1.31204e-11	1.50636e-14	4.50446e-10
9.99743e-07	1.31204e-11	5.23009e-16	1.56395e-11
8.10488e-10	6.88226e-11	2.52866e-18	7.56145e-14
1.47876e-07	1.31204e-11	8.10686e-17	2.42419e-12
0.511876	1.75996e-05	0.000113667	3.39898
0.670901	2.60333e-05	0.000208808	6.24399
0.532878	2.01529e-05	0.000133611	3.99537
0.621306	2.00797e-05	0.000153347	4.58553
0.657104	2.06516e-05	0.000165661	4.95375
0.610704	0.000155187	0.000972758	29.0884
0.575708	0.000152379	0.000907197	27.1279
0.705042	0.000501749	0.00316501	94.6432
0.732571	0.0160107	0.0638724	1909.98
0.999309	1	1	29903
0.0676	0.215085	0.0760556	2274.29
0.338266	0.613284	0.533745	15960.6
0.995483	0.012485	0.0669621	2002.37
0.993712	0.0909698	0.307672	9200.31
0.998463	0.173518	0.476963	14262.6
0.992607	0.0908362	0.307111	9183.55
1	0.0918223	0.311085	9302.37
0.641593	0.4141	0.617834	18475.1
0.937569	1	0.998009	29843.5
0.950788	1	0.998769	29866.2
0.982658	1	0.999849	29898.5
0.973848	1	0.999655	29892.7
0.749826	0.174776	0.39737	11882.6
0.850106	0.17179	0.427003	12768.7
0.905949	0.170329	0.442682	13237.5
0.838623	0.16887	0.418428	12512.3
0.762621	0.167447	0.390513	11677.5
0.248554	0.0246829	0.0373853	1117.93
0.11405	0.601024	0.252269	7543.59
0.118552	0.0237683	0.0193632	579.018
0.117648	0.0171216	0.0145181	434.136
0.152297	0.0162326	0.0173118	517.676
0.498925	0.0125104	0.037928	1134.16
0.556517	0.00795774	0.0284303	850.15
0.134008	0.00826175	0.00864231	258.431
0.411789	0.593358	0.588661	17602.7
0.412027	0.00778952	0.0216373	647.019
0.339101	0.00779951	0.0183422	548.488
0.364815	0.00778952	0.0195038	583.222
0.953764	0.0445917	0.17682	5287.46
0.834257	0.0445917	0.159645	4773.86
