ks_quality_p_value	fisher_strand_p_value	bias_p_value	bias_e_value
0.981225	1	0.999823	29897.7
0.52662	0.831818	0.799627	23911.3
0.999996	0.747786	0.965121	28860
0.000889079	1	0.00713515	213.362
0.994038	0.532721	0.866197	25901.9
0.519043	0.586823	0.666679	19935.7
0.820332	1	0.982796	29388.5
0.820332	1	0.982796	29388.5
0.871958	0.164692	0.422297	12627.9
0.757424	1	0.967861	28941.9
0.858418	0.164435	0.417521	12485.1
0.958805	0.165137	0.450151	13460.9
0.94468	0.165195	0.445937	13334.9
0.553242	1	0.880739	26336.7
0.925717	0.62197	0.893621	26722
0.87115	1	0.991317	29643.4
0.604378	0.72732	0.800884	23948.8
0.885064	0.385193	0.707787	21164.9
0.970137	1	0.99955	29889.5
0.0297054	1	0.134162	4011.85
0.814433	1	0.981606	29353
0.979417	1	0.999787	29896.6
0.704628	1	0.951308	28447
0.999994	1	1	29903
9.72349e-05	1	0.000995528	29.7693
0.998631	0.661012	0.934284	27937.9
0.290424	1	0.649509	19422.3
0.01337	1	0.0710583	2124.86
0.0629725	1	0.237095	7089.85
0.0629128	1	0.23693	7084.91
0.0749408	1	0.269117	8047.39
0.317822	0.478173	0.438299	13106.5
0.56179	0.674089	0.746418	22320.1
0.871116	0.615204	0.870207	26021.8
0.169712	6.80355e-05	0.00014282	4.27074
0.955462	0.600815	0.892673	26693.6
1	1	1	29903
0.999622	0.00116647	0.00904158	270.37
0.985335	0.00316398	0.0211082	631.199
0.892642	0.002871	0.017854	533.887
0.00690278	0.0031516	0.000255307	7.63445
0.305656	0.00316296	0.00767771	229.587
0.327034	0.00289004	0.00752728	225.088
0.148274	0.00881364	0.00998438	298.563
0.0056347	0.00435688	0.00028514	8.52654
0.0417644	0.00632857	0.00244179	73.0169
0.64342	0.00262863	0.0124857	373.36
0.967097	0.000796046	0.00628917	188.065
0.925469	0.0879146	0.285487	8536.93
0.518221	3.16772e-07	2.72871e-06	0.0815965
0.939772	7.89973e-06	9.51066e-05	2.84397
0.913569	0.0878617	0.282734	8454.6
0.0277167	0.00142381	0.000439627	13.1462
0.195837	1.58375e-16	1.20998e-15	3.61822e-11
0.999988	2.61183e-32	1.92549e-30	5.75778e-26
0.940408	1	0.998188	29848.8
0.394773	0.0660678	0.12119	3623.93
0.327472	0.74361	0.587494	17567.8
0.999858	0.266947	0.619455	18523.5
0.561937	1	0.885818	26488.6
0.510162	1	0.853515	25522.7
0.344349	0.0170331	0.0360055	1076.67
0.887767	0.289232	0.605869	18117.3
0.982161	0.00108006	0.0083259	248.969
0.999913	1.3501e-22	6.93306e-21	2.07319e-16
0.999934	9.05718e-17	3.43611e-15	1.0275e-10
0.412133	1	0.777451	23248.1
0.982756	1	0.99985	29898.5
0.3919	0.00191296	0.00614435	183.735
0.21545	0.243834	0.207315	6199.33
0.997971	1	0.999998	29902.9
0.34478	0.147569	0.202412	6052.71
0.225566	0.152975	0.150674	4505.62
0.769842	0.157116	0.376452	11257
0.425219	0.130358	0.215771	6452.19
0.432541	0.142781	0.233727	6989.15
0.537788	0.000110354	0.000636922	19.0459
0.999909	7.46035e-10	1.64235e-08	0.000491111
0.593259	1	0.903014	27002.8
0.141467	1	0.418133	12503.4
0.811111	0.687488	0.883319	26413.9
0.932097	0.000251924	0.00219712	65.7005
0.505955	0.543281	0.62986	18834.7
1.30853e-06	0.347729	7.09953e-06	0.212297
0.999993	0.152915	0.440067	13159.3
0.172609	1	0.475835	14228.9
0.980472	0.613418	0.907229	27128.9
0.863216	0.619916	0.869712	26007
0.942543	0.428419	0.769983	23024.8
0.904822	0.662925	0.906408	27104.3
0.839908	0.50302	0.786504	23518.8
0.984914	1	0.999886	29899.6
4.46091e-48	0	0	0
0.982243	0.0181078	0.089453	2674.91
0.971043	1	0.999577	29890.3
0.788042	0.754351	0.90364	27021.5
0.998925	0.630303	0.920909	27537.9
0.97531	1	0.999693	29893.8
0.950261	1	0.998742	29865.4
0.625515	1	0.918994	27480.7
0.883314	1	0.992911	29691
0.818103	1	0.982351	29375.2
0.882241	1	0.992777	29687
0.935531	1	0.997876	29839.5
0.998455	1	0.999999	29903
0.932147	1	0.997644	29832.6
0.147324	1	0.429468	12842.4
0.964057	1	0.999346	29883.4
0.988935	1	0.999939	29901.2
0.778585	1	0.973447	29109
0.999998	1.28227e-09	2.75361e-08	0.000823413
0.544413	1	0.875442	26178.3
1	1	1	29903
0.422996	1	0.786939	23531.8
0.260639	1	0.611099	18273.7
0.561635	0.0365557	0.100311	2999.59
0.958526	1	0.999128	29876.9
0.756438	1	0.967586	28933.7
0.999999	0.180472	0.489472	14636.7
0.999973	1	1	29903
0.999991	0.370669	0.738534	22084.4
0.829219	1	0.984508	29439.7
0.449321	1	0.808786	24185.1
0.769335	0.0555736	0.177529	5308.66
0.999998	0.000203144	0.00193018	57.7183
0.718369	0.00100586	0.00594874	177.885
0.983242	6.36742e-06	8.12718e-05	2.43027
0.988149	0.0157998	0.0805557	2408.86
0.592029	7.67548e-14	1.4415e-12	4.31052e-08
0.986201	0.0628202	0.234269	7005.34
0.930841	0.0708044	0.245143	7330.52
0.999997	0.737813	0.962155	28771.3
0.9959	1	0.999992	29902.7
0.988733	1	0.999936	29901.1
0.280274	1	0.636779	19041.6
0.449602	1	0.809011	24191.8
0.999995	0.864069	0.990311	29613.3
1	1.10431e-84	2.14588e-82	6.41682e-78
0.00451929	1	0.0289208	864.818
0.806719	0.0344768	0.127446	3811.03
0.0242974	3.07752e-08	1.64611e-08	0.000492235
1	3.35606e-13	9.97517e-12	2.98287e-07
0.999993	1.01832e-13	3.14815e-12	9.41391e-08
0.950811	2.01485e-15	6.68378e-14	1.99865e-09
0.84153	3.04721e-14	8.28134e-13	2.47637e-08
0.999999	5.81796e-16	2.09914e-14	6.27707e-10
0.999646	1.02497e-13	3.167e-12	9.47028e-08
0.644122	0.0186528	0.065139	1947.85
0.996059	0.578615	0.893934	26731.3
0.298928	0.0110976	0.0222548	665.487
0.652026	1	0.930879	27836.1
0.751209	1	0.966109	28889.5
0.224253	1	0.559506	16730.9
0.811919	1	0.981086	29337.4
0.960877	0.359403	0.712517	21306.4
0.999893	2.07574e-18	8.6583e-17	2.58909e-12
0.939234	0.59227	0.88253	26390.3
0.451296	0.713223	0.68675	20535.9
0.342844	1	0.709852	21226.7
0.461369	1	0.818265	24468.6
0.51316	1	0.855523	25582.7
0.0731332	1	0.264411	7906.68
0.947802	1	0.998613	29861.5
0.930594	1	0.997534	29829.2
0.838714	1	0.986232	29491.3
0.994366	1	0.999984	29902.5
0.521084	1	0.860749	25739
0.514477	1	0.8564	25608.9
0.420251	1	0.784568	23460.9
0.69742	5.19351e-06	4.90009e-05	1.46527
0.521498	5.19351e-06	3.74278e-05	1.1192
0.521498	5.19351e-06	3.74278e-05	1.1192
0.147209	5.34964e-06	1.18556e-05	0.354518
0.52146	5.34964e-06	3.84678e-05	1.1503
0.147209	5.34964e-06	1.18556e-05	0.354518
0.299303	1.22852e-07	6.66221e-07	0.019922
0.52146	5.34964e-06	3.84678e-05	1.1503
0.827497	5.34964e-06	5.89998e-05	1.76427
0.698977	1.22852e-07	1.48303e-06	0.044347
0.698977	1.22852e-07	1.48303e-06	0.044347
0.450819	2.92943e-09	2.83214e-08	0.000846895
0.450819	2.92943e-09	2.83214e-08	0.000846895
0.729423	2.92943e-09	4.47957e-08	0.00133953
0.280581	1	0.637169	19053.3
0.598976	1	0.905972	27091.3
0.126335	0.0666037	0.0486166	1453.78
0.99511	0.728478	0.958121	28650.7
0.999999	0.00185199	0.0135038	403.803
0.697909	0.617431	0.793675	23733.3
0.954483	1	0.998948	29871.5
0.888809	0.00948897	0.0487099	1456.57
0.820375	0.42001	0.71169	21281.7
0.548717	1	0.878042	26256.1
0.30402	1	0.666006	19915.6
0.99993	0.000175115	0.00168977	50.5292
0.972142	0.624923	0.910287	27220.3
0.893714	1	0.99414	29727.8
0.734401	0.261285	0.508665	15210.6
0.871721	0.000410957	0.00320062	95.7082
0.0348886	0.0286246	0.00789858	236.191
0.101087	0.0201679	0.0146694	438.66
0.142154	0.164461	0.111188	3324.86
0.418004	0.265583	0.355036	10616.6
0.918937	1	0.996622	29802
0.912398	1	0.996046	29784.8
0.517978	1	0.858716	25678.2
0.999868	0.0596258	0.227728	6809.76
0.850084	1	0.988155	29548.8
0.358231	1	0.725983	21709.1
0.999923	0.915073	0.996281	29791.8
0.194843	0.823241	0.453951	13574.5
0.243472	0.354459	0.297731	8903.05
0.687622	1	0.945148	28262.7
0.907833	0.0576689	0.206783	6183.44
0.999986	0.353541	0.721132	21564
0.999997	0.0651532	0.243087	7269.03
0.90437	0.511944	0.819513	24505.9
0.75	0.306585	0.567935	16983
0.824413	0.100346	0.288899	8638.95
0.676372	4.21929e-05	0.000327169	9.78333
0.576634	0.000968111	0.0047399	141.737
0.16538	1.18892e-05	2.78014e-05	0.831345
0.865098	1	0.990461	29617.8
0.999998	0.750085	0.965786	28879.9
0.560085	0.155645	0.299867	8966.92
0.142592	6.89187e-05	0.000123139	3.68221
0.152234	1.10228e-05	2.39924e-05	0.717445
0.0775723	1.64661e-06	2.15525e-06	0.0644485
0.318026	0.000939453	0.00272355	81.4422
0.0864259	0.00014875	0.000157635	4.71375
0.266018	1.56958e-05	5.58928e-05	1.67136
0.312819	3.13457e-05	0.000122889	3.67474
0.227534	9.19699e-05	0.000246397	7.368
0.169826	9.31166e-05	0.000190627	5.70032
0.603657	1	0.908353	27162.5
0.799511	1	0.978406	29257.3
0.818158	1	0.982362	29375.6
0.73793	1	0.962192	28772.4
0.625375	1	0.918928	27478.7
0.755472	1	0.967316	28925.6
0.731794	1	0.960301	28715.9
0.732263	1	0.960447	28720.3
0.848582	1	0.987909	29541.5
0.750606	1	0.965936	28884.4
0.67233	1	0.939249	28086.4
0.91465	8.335e-15	2.55448e-13	7.63867e-09
0.970337	9.04141e-08	1.51329e-06	0.0452519
0.925377	0.43886	0.772069	23087.2
0.906955	1.89272e-09	3.63628e-08	0.00108736
0.770335	0.0162135	0.0672307	2010.4
0.927212	1	0.997284	29821.8
0.168075	0.470877	0.279888	8369.49
0.999999	0.0192753	0.0953921	2852.51
0.982143	0.668442	0.932779	27892.9
0.70745	1	0.95229	28476.3
0.478414	1	0.831138	24853.5
0.618148	1	0.915494	27376
0.900916	0.583996	0.864015	25836.6
0.999989	0.857787	0.98937	29585.1
0.747414	0.707656	0.865794	25889.8
0.433776	1	0.796077	23805.1
0.848746	1	0.987936	29542.3
0.417933	0.762248	0.682985	20423.3
0.9769	0.629625	0.914011	27331.7
0.827797	1	0.98424	29431.7
0.999999	1	1	29903
0.98892	0.332124	0.694129	20756.6
0.999996	0.182084	0.492224	14719
0.994094	0.103622	0.337144	10081.6
0.901824	0.0291205	0.121844	3643.51
0.224628	0.393737	0.302956	9059.29
0.999993	0.146378	0.427651	12788.1
0.690246	0.607247	0.783612	23432.3
0.14561	0.0775293	0.0619082	1851.24
0.110397	0.112724	0.0670315	2004.44
0.644421	0.0549656	0.153743	4597.38
0.85582	0.240746	0.531511	15893.8
0.797208	2.43227e-06	2.74437e-05	0.820648
0.988808	0.379934	0.743479	22232.3
1	0.736868	0.961868	28762.7
0.987544	0.645853	0.924642	27649.6
0.551648	0.617244	0.707336	21151.5
0.0251221	2.46949e-14	2.2344e-14	6.68153e-10
0.941065	0.0031913	0.0204462	611.401
0.389423	1.51456e-07	1.04077e-06	0.0311222
0.545393	9.48182e-17	1.991e-15	5.95369e-11
0.573581	1	0.892409	26685.7
0.557789	1	0.883412	26416.7
0.586579	0.0596067	0.152214	4551.65
0.999998	0.0275683	0.126568	3784.77
0.898637	1	0.99468	29743.9
0.919809	1	0.996695	29804.2
0.810053	1	0.980695	29325.7
0.90285	1	0.99512	29757.1
0.91793	1	0.996536	29799.4
0.947607	1	0.998603	29861.2
0.868737	1	0.990981	29633.3
0.644051	1	0.927419	27732.6
0.923011	0.0876195	0.284261	8500.24
0.407638	1	0.773443	23128.3
0.461221	1	0.81815	24465.1
0.123864	0.75186	0.314194	9395.35
0.024696	0.00431888	0.00108215	32.3595
0.621274	0.074316	0.188164	5626.68
0.996065	0.228164	0.563992	16865
0.600217	0.000480519	0.00263933	78.9238
0.670131	0.057648	0.164327	4913.87
0.45243	0.0920304	0.173992	5202.89
0.933234	0.391028	0.732788	21912.5
1	0.632685	0.922317	27580
0.820073	1	0.982744	29387
0.770877	0.685784	0.86563	25884.9
0.00154334	6.473e-07	2.17026e-08	0.000648973
1	1	1	29903
0.99714	0.26314	0.613444	18343.8
0.99998	1	1	29903
0.999934	1	1	29903
0.0963877	1	0.321875	9625.02
0.999999	0.536878	0.870807	26039.8
0.958479	1	0.999126	29876.9
0.999686	0.753769	0.966769	28909.3
0.963842	1	0.999338	29883.2
0.480477	1	0.832655	24898.9
0.847834	1	0.987786	29537.8
0.955645	1	0.999001	29873.1
0.0484445	1	0.195102	5834.14
0.898462	8.32226e-07	1.12953e-05	0.337763
0.999994	0.00160927	0.01196	357.639
0.743855	0.748679	0.882897	26401.3
0.62462	0.333677	0.535267	16006.1
1	0.449316	0.808782	24185
0.586305	0.132737	0.276534	8269.19
0.947216	0.214133	0.526423	15741.6
0.938053	0.0745535	0.255976	7654.44
0.999972	8.54082e-10	1.86877e-08	0.000558817
0.999999	4.34549e-21	2.08084e-19	6.22234e-15
0.987695	1	0.999924	29900.7
0.663104	1	0.935523	27974.9
0.999987	0.159745	0.452741	13538.3
0.030001	1	0.1352	4042.89
0.281418	1	0.638231	19085
0.877279	1	0.992141	29668
0.99863	0	0	0
0.996894	0.275704	0.629823	18833.6
0.933523	0.815453	0.968912	28973.4
0.327703	0.310138	0.334006	9987.78
0.958951	0.000837063	0.00652399	195.087
0.62411	0.00489234	0.0207369	620.096
0.988958	0.0152146	0.0781911	2338.15
0.95065	0.00489158	0.0296256	885.894
0.73817	0.0950912	0.256662	7674.98
0.344322	0.25474	0.301178	9006.12
0.0983979	1	0.326557	9765.02
0.867774	1	0.990845	29629.2
0.522516	0.015956	0.048248	1442.76
0.800168	1	0.978552	29261.6
0.659252	1	0.933929	27927.3
0.57913	0.579832	0.702236	20999
0.859651	0.206592	0.484526	14488.8
0.999998	9.7905e-18	3.93236e-16	1.17589e-11
0.959548	1	0.999171	29878.2
0.42709	0.750541	0.685244	20490.9
0.973432	0.726667	0.952259	28475.4
0.492265	1	0.841152	25153
0.758241	0.785807	0.904351	27042.8
0.0996151	0.793543	0.27965	8362.38
0.988866	1	0.999938	29901.1
0.957323	0.314547	0.662542	19812
0.501232	7.37113e-06	4.99096e-05	1.49245
0.99058	0.0200879	0.0978439	2925.83
0.751221	0.796127	0.905505	27077.3
0.641036	0.376026	0.583998	17463.3
0.999995	7.48997e-33	5.61534e-31	1.67915e-26
0.999992	1.63391e-32	1.21222e-30	3.62489e-26
0.999999	4.81598e-28	3.07743e-26	9.20245e-22
0.999999	1.65133e-30	1.14893e-28	3.43565e-24
1	1.68927e-34	1.33053e-32	3.97869e-28
0.999999	1.75404e-31	1.25972e-29	3.76693e-25
0.999999	1.58985e-36	1.3264e-34	3.96634e-30
1	2.84308e-37	2.4209e-35	7.23922e-31
1	5.50407e-57	7.18512e-55	2.14857e-50
0.999956	3.77401e-61	5.28827e-59	1.58135e-54
0.983721	2.01133e-67	3.05871e-65	9.14646e-61
0.0724587	0.0130877	0.00754937	225.749
0.373241	0.00918104	0.0228774	684.104
0.172035	0.000105854	0.000216953	6.48754
0.857918	0.0216483	0.0926037	2769.13
0.703998	1	0.951087	28440.4
0.842885	0.719595	0.909798	27205.7
0.99945	0.68156	0.942707	28189.8
0.269512	0.723722	0.513862	15366
0.0684858	0.00423394	0.00265194	79.3011
0.862411	1	0.990068	29606
0.598643	0.28823	0.475726	14225.6
0.999994	0.188197	0.502534	15027.3
0.999999	0.253884	0.601928	17999.4
0.864515	1	0.990377	29615.2
0.717193	0.050671	0.156804	4688.91
0.995676	1	0.999991	29902.7
0.961055	1	0.999232	29880
0.672912	1	0.93948	28093.3
0.999993	1.02268e-07	1.74834e-06	0.0522805
0.320067	0.00905581	0.0198359	593.152
0.348773	1	0.716148	21415
0.938668	1	0.998079	29845.6
0.728262	1	0.95919	28682.6
0.39635	1	0.763155	22820.6
0.931238	1	0.99758	29830.6
0.763437	1	0.969507	28991.2
0.99266	7.48375e-09	1.46481e-07	0.00438021
0.999998	0.114968	0.363655	10874.4
0.679865	4.30852e-06	4.02496e-05	1.20358
0.227238	0.00545331	0.00953352	285.081
0.991894	0.0804874	0.281641	8421.92
0.0703767	4.01498e-08	5.84465e-08	0.00174772
0.747167	1	0.964941	28854.6
0.196321	0.34025	0.247559	7402.77
0.0838509	1	0.291693	8722.5
0.907981	0.00138231	0.00963991	288.262
0.855855	0.000766866	0.00546644	163.463
0.956403	1.55655e-05	0.000180355	5.39316
0.950853	1	0.998772	29866.3
0.984733	5.77414e-06	7.43585e-05	2.22354
0.976355	1	0.999718	29894.6
0.877806	1	0.99221	29670.1
0.94381	1	0.998391	29854.9
0.234791	1	0.575018	17194.7
0.954739	1	0.99896	29871.9
0.330453	1	0.696361	20823.3
0.705245	1	0.951523	28453.4
1	1	1	29903
0.999985	1	1	29903
0.999995	1	1	29903
0.999998	1	1	29903
0.995883	1	0.999992	29902.7
0.999914	1	1	29903
0.649378	9.70675e-10	1.39838e-08	0.000418158
0.701103	0.728134	0.85374	25529.4
0.0453114	0.744514	0.14807	4427.74
0.0767733	1	0.273843	8188.72
0.384247	3.58795e-07	2.31573e-06	0.0692473
0.364603	2.14717e-07	1.35928e-06	0.0406465
0.551661	2.11163e-07	1.97631e-06	0.0590977
0.654447	0.329863	0.546827	16351.8
0.196287	0.38152	0.268978	8043.25
0.383034	0.110868	0.176619	5281.44
0.971028	0.797583	0.972408	29077.9
0.165763	1	0.463672	13865.2
0.0985863	1.12969e-05	1.63804e-05	0.489824
0.993415	9.77643e-20	4.3489e-18	1.30045e-13
0.00159919	1.73527e-21	1.53297e-22	4.58404e-18
0.900334	1.9566e-21	8.59446e-20	2.57e-15
0.999961	1.58867e-20	7.40115e-19	2.21317e-14
0.622003	1.59987e-20	4.68271e-19	1.40027e-14
0.743685	0.395967	0.654489	19571.2
0.1608	0.628006	0.332519	9943.3
0.771897	0.615403	0.82863	24778.5
0.0478338	0.0838317	0.026141	781.694
0.871242	0.802548	0.949391	28389.7
0.192718	0.252131	0.195543	5847.32
0.688501	0.358616	0.592267	17710.6
0.184086	1	0.495624	14820.7
0.637935	1	0.924699	27651.3
0.898965	1	0.994715	29745
0.438818	1	0.80026	23930.2
0.48172	0.496676	0.581449	17387.1
0.124977	1.5716e-109	4.98121e-108	1.48953e-103
0.926546	0.00736773	0.0408701	1222.14
0.230305	0.395834	0.309507	9255.2
0.942145	0.144152	0.406958	12169.3
0.554038	1	0.88121	26350.8
0.99993	4.87348e-13	1.43026e-11	4.27691e-07
0.996883	0.0529404	0.208025	6220.58
0.97084	0.535636	0.860053	25718.2
0.99801	3.35432e-05	0.00037844	11.3165
0.94956	1	0.998706	29864.3
0.65007	1	0.930039	27811
0.999997	0.221963	0.556071	16628.2
0.900499	1	0.994877	29749.8
0.999998	3.11229e-06	4.25765e-05	1.27317
0.110559	0.464083	0.20369	6090.93
0.981862	1	0.999834	29898.1
0.959139	1	0.999154	29877.7
0.999996	0.464922	0.820998	24550.3
0.963924	0.582242	0.885415	26476.6
0.992556	1.53895e-12	4.30867e-11	1.28842e-06
0.051975	1	0.205665	6149.99
0.945123	1	0.998466	29857.1
0.00591032	2.20628e-05	2.19756e-06	0.0657136
0.999526	1	1	29903
0.241654	1	0.584862	17489.1
0.389457	0.0176121	0.0410327	1227
0.942123	0.133086	0.385727	11534.4
0.999996	0.000125739	0.00125503	37.5293
0.296438	0.00408466	0.00934344	279.397
0.638803	2.22816e-09	3.04175e-08	0.000909574
0.0936411	1	0.31541	9431.7
0.892528	0.790276	0.951558	28454.4
0.872919	1	0.99156	29650.6
0.44026	1.78894e-07	1.36702e-06	0.0408781
0.809521	0.398868	0.687902	20570.3
1	0.767139	0.970498	29020.8
1	1	1	29903
0.709364	0.0351489	0.116976	3497.93
0.995498	1	0.99999	29902.7
0.494627	0.00387218	0.0139009	415.68
0.999989	1	1	29903
0.797446	1	0.977941	29243.4
0.665567	1	0.93653	28005.1
0.488647	0.164355	0.282845	8457.91
0.778801	0.249394	0.512514	15325.7
0.999972	0.0119314	0.0647689	1936.79
0.342309	1	0.709279	21209.6
0.521341	1	0.860917	25744
0.380542	1	0.748206	22373.6
0.886889	0.219084	0.512637	15329.4
0.809309	0.000795791	0.00537629	160.767
0.718143	1	0.955911	28584.6
0.795529	0.800253	0.924108	27633.6
0.505145	0.219469	0.354703	10606.7
0.623504	0.754018	0.824961	24668.8
0.999983	0.0713143	0.259628	7763.65
0.916081	0.726642	0.936569	28006.2
0.800447	0.665368	0.868124	25959.5
0.928717	0.000969507	0.00721459	215.738
0.974539	0.0088475	0.0496072	1483.41
0.184527	0.691621	0.390356	11672.8
0.419478	1	0.783897	23440.9
1	1	1	29903
0.969667	0.284259	0.630842	18864.1
0.0116118	0.290633	0.022582	675.268
1	0.414691	0.779711	23315.7
0.635076	0.801102	0.85257	25494.4
0.994933	0.660029	0.932854	27895.1
0.958386	1	0.999122	29876.7
0.365211	0.709088	0.608845	18206.3
0.942831	0.484437	0.814662	24360.8
0.514349	0.745747	0.751124	22460.8
0.588966	0.707372	0.781403	23366.3
0.0944235	0.239064	0.108148	3233.96
0.605176	0.288333	0.479134	14327.5
0.256568	1	0.605593	18109.1
0.115353	0.813985	0.316012	9449.69
0.906811	6.24222e-07	8.70846e-06	0.260409
0.669957	1	0.938303	28058.1
0.879449	1	0.992423	29676.4
0.930601	0.844769	0.975302	29164.5
0.142703	1	0.420545	12575.6
0.00109973	9.72669e-07	2.31647e-08	0.000692694
0.813211	0.150163	0.378896	11330.1
0.973465	2.57933e-20	1.1583e-18	3.46367e-14
0.967262	1.03461e-21	4.93901e-20	1.47691e-15
0.99721	2.67582e-20	1.22932e-18	3.67603e-14
0.264565	3.58489e-34	7.52499e-33	2.2502e-28
0.999998	1.56102e-26	9.43195e-25	2.82044e-20
0.081	0.00851579	0.00571077	170.769
0.991706	0.0136005	0.0715653	2140.02
0.999999	0.00601296	0.0367622	1099.3
0.576257	0.424764	0.589273	17621
0.848167	1	0.987841	29539.4
0.956077	1	0.999021	29873.7
0.445208	0.514584	0.566697	16945.9
0.956685	1.05615e-11	2.65918e-10	7.95175e-06
0.377084	0.402058	0.437613	13085.9
0.0771304	0.123055	0.0536959	1605.67
0.775173	0.0294267	0.109048	3260.85
0.315829	0.00160004	0.00434101	129.809
0.962542	0.155156	0.433323	12957.7
0.694527	0.249473	0.476988	14263.4
0.999948	0.0588523	0.225556	6744.8
0.43276	2.6098e-05	0.000139948	4.18488
0.825041	1	0.983715	29416
0.991453	1	0.999963	29901.9
0.123479	0.76361	0.316943	9477.56
1	0.834591	0.985496	29469.3
0.613233	0.194877	0.373381	11165.2
0.724154	0.00345918	0.0175085	523.556
0.926745	0.0149939	0.0733154	2192.35
0.969606	0.788691	0.969853	29001.5
0.198977	1.01716e-06	3.32186e-06	0.0993335
1	4.43802e-08	7.95758e-07	0.0237955
0.904422	0.00163458	0.0111125	332.298
0.962345	0.000131719	0.0012642	37.8034
0.980395	0.0009919	0.00771708	230.764
0.999297	0.382947	0.750264	22435.1
0.865083	0.0497616	0.178453	5336.27
0.998048	0.0091703	0.0521114	1558.29
0.914822	0.245914	0.560574	16762.8
0.971161	0.0233658	0.108598	3247.41
0.939829	0.00263128	0.0173164	517.813
1	9.74679e-21	4.58853e-19	1.37211e-14
1	2.9345e-05	0.0003356	10.0355
0.217603	0.893691	0.51291	15337.5
0.982406	1	0.999844	29898.3
0.470901	1	0.82554	24686.1
1	0.486296	0.836885	25025.4
0.84515	1	0.987339	29524.4
0.360932	0.344506	0.383562	11469.7
0.840396	1	0.986526	29500.1
1	0.000835845	0.00675954	202.13
0.999864	0.706533	0.951939	28465.8
0.704425	1	0.951237	28444.8
0.914422	1	0.996229	29790.2
0.126235	1	0.387492	11587.2
0.982941	0.0161921	0.0818147	2446.51
0.541217	4.5246e-10	5.66411e-09	0.000169374
0.999994	0.000789262	0.00642804	192.218
0.0246158	3.5355e-08	1.90264e-08	0.000568947
0.724029	2.31884e-07	2.78698e-06	0.083339
0.988979	0.164748	0.458561	13712.3
0.721081	0.000132595	0.00098052	29.3205
0.895479	7.63324e-06	8.81316e-05	2.6354
0.985545	0.0508227	0.20005	5982.1
0.961252	6.16576e-06	7.72624e-05	2.31038
0.96554	0.00170121	0.012174	364.04
0.999682	7.6382e-46	8.00886e-44	2.39489e-39
0.759195	0.0623093	0.191639	5730.58
0.915619	1	0.996335	29793.4
0.897175	1	0.994522	29739.2
0.949176	0.310916	0.655269	19594.5
0.0723382	1	0.262327	7844.38
0.995334	1	0.999989	29902.7
0.999999	0.133689	0.402704	12042
0.922126	1	0.996886	29809.9
0.791325	1	0.976532	29201.2
0.756446	0.00399465	0.0205536	614.614
0.83304	0.0630781	0.207352	6200.44
0.906617	0.583383	0.865789	25889.7
0.612591	1	0.912796	27295.3
0.818697	0.0308765	0.118248	3535.97
0.742574	0.39469	0.652788	19520.3
0.769023	0.0121454	0.0529905	1584.58
0.53392	0.00139588	0.00611265	182.787
0.763331	1.56816e-12	3.40569e-11	1.0184e-06
0.912081	3.27057e-11	7.52781e-10	2.25104e-05
0.734376	4.89814e-08	6.52529e-07	0.0195126
1	1	1	29903
0.738672	0.835498	0.915018	27361.8
0.599059	3.61669e-07	3.54132e-06	0.105896
0.993044	0.432142	0.792178	23688.5
0.953491	1	0.998901	29870.1
0.961805	0.390317	0.743212	22224.3
0.789096	0.616861	0.837221	25035.4
0.161573	1	0.456087	13638.4
0.751861	0.352287	0.616755	18442.8
0.957088	1	0.999066	29875.1
1	0.0589029	0.225708	6749.34
0.300683	1	0.662013	19796.2
0.704061	1	0.951109	28441
0.916947	6.15434e-06	7.38417e-05	2.20809
0.930356	5.03293e-08	8.37069e-07	0.0250309
0.923398	6.53315e-09	1.20208e-07	0.00359458
0.908736	2.42491e-08	4.10544e-07	0.0122765
0.948652	1	0.998659	29862.9
0.927528	1	0.997308	29822.5
0.999998	1	1	29903
0.857368	0.227078	0.51327	15348.3
0.951749	1	0.998817	29867.6
0.968872	1	0.99951	29888.4
0.0580209	1	0.223203	6674.45
0.164324	1	0.461078	13787.6
0.0755228	1	0.270622	8092.42
0.00114746	1	0.00891603	266.616
0.0424065	1	0.17643	5275.79
0.0502059	1	0.200403	5992.65
0.339559	1	0.706319	21121.1
0.753754	0.015706	0.0643587	1924.52
0.936612	0.000327743	0.00278996	83.4283
0.986066	0.0493951	0.195896	5857.87
0.420298	8.20199e-09	7.06199e-08	0.00211175
0.450893	3.14863e-12	4.01498e-11	1.2006e-06
0.998215	0.0877374	0.300857	8996.52
0.685877	0.261079	0.487063	14564.6
0.844026	0.00174323	0.0110668	330.93
0.768927	1	0.97097	29034.9
0.911293	0.0454441	0.173278	5181.54
0.758346	0.229103	0.477818	14288.2
0.215424	0.121899	0.121839	3643.35
0.0922238	1	0.312043	9331.01
0.482169	1	0.833892	24935.9
0.250447	0.0346348	0.049854	1490.78
0.0272485	1	0.125418	3750.38
0.827034	1	0.984096	29427.4
0.493398	1	0.841954	25176.9
0.396965	1	0.763724	22837.6
0.992657	7.91982e-41	7.33839e-39	2.1944e-34
0.961745	0.137504	0.399788	11954.8
0.502022	0.81797	0.776125	23208.5
0.999975	2.02933e-39	1.82824e-37	5.46698e-33
0.914223	1	0.996211	29789.7
0.725789	1	0.958401	28659.1
0.919715	1	0.996687	29803.9
0.910337	5.06982e-05	0.000506918	15.1584
0.0268216	0.000214275	7.50973e-05	2.24563
0.91193	0.181048	0.462484	13829.7
0.99239	0.388503	0.753009	22517.2
0.31409	5.6053e-06	2.50878e-05	0.750201
0.250273	0.000253279	0.000676119	20.218
0.947733	1	0.99861	29861.4
0.999787	1	1	29903
1	0.814416	0.981603	29352.9
0.986459	0.0354934	0.152377	4556.54
0.569001	1	0.889845	26609
0.948906	1	0.998672	29863.3
0.737462	0.192991	0.419805	12553.4
0.678827	1	0.941797	28162.6
0.943329	1	0.998363	29854
0.757865	0.315749	0.581501	17388.6
0.999999	1.87798e-06	2.66397e-05	0.796606
0.570471	0.18631	0.344535	10302.6
0.90142	0.0330101	0.13434	4017.17
0.586076	1.47777e-08	1.69445e-07	0.00506692
0.999651	2.06767e-05	0.000243628	7.2852
0.00191453	0.200313	0.00340021	101.677
1	1	1	29903
0.976314	1	0.999717	29894.5
0.710944	0.0921334	0.244038	7297.48
0.6011	2.12574e-07	2.156e-06	0.0644708
0.966328	0.435259	0.784873	23470.1
0.808225	0.328864	0.617983	18479.6
0.966503	2.83905e-05	0.000315651	9.43892
0.99999	3.02303e-07	4.84038e-06	0.144742
0.927836	0.00198713	0.0134518	402.248
0.999998	0.125742	0.386471	11556.7
0.999999	0.00354274	0.0235339	703.735
0.928063	1	0.997348	29823.7
0.707104	0.830827	0.899969	26911.8
0.266778	0.578209	0.442578	13234.4
0.555846	0.674046	0.742483	22202.5
0.495902	1	0.843716	25229.6
0.977236	1	0.999739	29895.2
0.911305	0.13769	0.385923	11540.3
0.999999	1	1	29903
0.98956	1	0.999945	29901.4
0.994555	1	0.999985	29902.6
0.984408	2.45787e-12	6.71362e-11	2.00757e-06
0.75475	0.580298	0.799568	23909.5
0.855795	0.197205	0.469044	14025.8
0.975338	1	0.999693	29893.8
0.979068	0.770195	0.966922	28913.9
0.701837	1	0.950325	28417.6
0.775729	1	0.972727	29087.5
0.776526	0.120448	0.315149	9423.89
0.895443	0.376041	0.703245	21029.1
0.999999	0.71596	0.955184	28562.9
0.999998	1	1	29903
0.0715967	0.543983	0.165353	4944.54
0.998945	0.885905	0.993115	29697.1
0.339071	0.877982	0.658411	19688.5
0.910523	0.252766	0.568245	16992.2
0.502789	0.000499764	0.00233409	69.7963
0.514564	0.000484627	0.0023183	69.3241
0.999999	0.790367	0.976307	29194.5
1	1	1	29903
0.991728	0.325947	0.688306	20582.4
0.999995	0.66365	0.935745	27981.6
0.98559	0	0	0
0.980882	7.7008e-05	0.000792439	23.6963
0.999518	1	1	29903
0.999852	9.04927e-10	1.97456e-08	0.000590452
0.592872	0.236713	0.415925	12437.4
0.629362	1	0.920787	27534.3
0.357315	0.148126	0.208472	6233.95
0.813923	1	0.981501	29349.8
0.99957	0.211354	0.539704	16138.8
0.685779	2.00105e-08	2.62163e-07	0.00783947
0.529518	0.00524885	0.0191374	572.265
0.796071	1	0.977628	29234
0.469033	0.00210807	0.00783003	234.141
0.936802	0.315785	0.656139	19620.5
0.647499	0.710048	0.817014	24431.2
0.966271	0.00558725	0.0335891	1004.41
0.207547	1	0.533894	15965
0.543374	1	0.874809	26159.4
0.924383	0.803568	0.963657	28816.2
0.547093	1	0.877065	26226.9
0.128885	1	0.392948	11750.3
0.583201	1	0.897677	26843.2
0.999999	0.450135	0.809436	24204.6
0.801585	1	0.978867	29271.1
1	1	1	29903
0.400533	1	0.767005	22935.7
0.985244	1	0.999891	29899.7
1	8.50235e-08	1.46923e-06	0.0439345
0.812432	0.00174666	0.0107248	320.703
0.795848	2.30506e-05	0.000218416	6.53128
1	1.09161e-16	4.12122e-15	1.23237e-10
0.124457	1	0.3838	11476.8
0.958616	1	0.999132	29877
0.512265	1	0.854926	25564.8
0.830567	0.178538	0.431311	12897.5
0.248611	0.0011578	0.00263466	78.7842
0.999999	0.040991	0.171932	5141.3
0.775817	1	0.972749	29088.1
0.55814	0.00400859	0.0158907	475.181
0.249223	1	0.595495	17807.1
0.844618	3.05948e-05	0.000298813	8.9354
0.848084	1	0.987828	29539
0.192536	0.116662	0.107725	3221.29
0.712742	1	0.954102	28530.5
0.604075	0.025464	0.0795958	2380.15
0.716503	0.00130361	0.00744988	222.774
0.782184	0.63289	0.843108	25211.5
0.987951	1	0.999927	29900.8
0.222156	0.114797	0.119072	3560.61
0.999996	1	1	29903
0.781429	1	0.974154	29130.1
0.259624	0.423488	0.352685	10546.3
0.957401	0.0160465	0.0795155	2377.75
0.995375	0.829242	0.983785	29418.1
0.697201	1	0.948669	28368
0.992586	1	0.999972	29902.2
0.20472	0.179865	0.158396	4736.5
0.994603	0.259903	0.608215	18187.4
0.0034716	0.00294098	0.000127543	3.81393
0.985721	0.287296	0.640477	19152.2
0.653699	0.567128	0.738599	22086.3
0.079392	0.128027	0.0568071	1698.7
0.0973471	1	0.324114	9692
0.995617	1	0.99999	29902.7
0.400085	0.0208512	0.0482718	1443.47
0.634052	1	0.922942	27598.7
0.0561324	1	0.217796	6512.75
0.878954	1	0.992359	29674.5
0.699727	1	0.949575	28395.1
0.8289	0.0132681	0.060599	1812.09
0.994692	0.287282	0.6437	19248.5
0.999995	0.0027234	0.0188074	562.397
1	1	1	29903
0.998799	1	0.999999	29903
0.91043	0.773056	0.951022	28438.4
1	0.689417	0.945817	28282.8
1	0.688084	0.94532	28267.9
0.975625	1	0.9997	29894
0.929625	0.0920221	0.295878	8847.65
0.0372961	0.860236	0.142432	4259.14
0.56685	1	0.888628	26572.7
0.565676	0.790348	0.806988	24131.4
0.997722	0.722895	0.956932	28615.1
0.762396	1	0.969226	28982.8
0.99999	0.699846	0.949615	28396.3
0.999862	5.75196e-09	1.14873e-07	0.00343505
0.750518	1	0.96591	28883.6
0.992874	1.14711e-05	0.000141033	4.2173
1	2.74342e-16	1.01046e-14	3.02159e-10
0.476429	0.144555	0.253134	7569.48
0.923275	0.0360351	0.146492	4380.55
0.555109	0.328744	0.492914	14739.6
0.816112	0.393489	0.685906	20510.6
0.993961	0.573665	0.89052	26629.2
0.87635	1.31435e-05	0.000142499	4.26115
0.999984	0.380154	0.747825	22362.2
0.473715	8.50412e-06	5.40714e-05	1.6169
0.737977	0.605737	0.806939	24129.9
0.946277	0.309001	0.651945	19495.1
0.313265	1	0.676874	20240.6
0.999959	1	1	29903
0.999387	1	1	29903
0.514516	1	0.856426	25609.7
0.847776	1	0.987777	29537.5
0.745902	1	0.964571	28843.6
1	1	1	29903
1	1	1	29903
0.807936	0.000152332	0.00123108	36.8131
0.977867	1	0.999753	29895.6
0.865652	0.0138102	0.0648742	1939.93
0.766057	0.0806326	0.233756	6990.01
0.807605	0.0491166	0.167681	5014.17
0.923316	0.0303034	0.128042	3828.85
0.925713	0.0302726	0.1282	3833.57
0.767886	0.0303351	0.110869	3315.31
0.90367	0.0302758	0.125817	3762.31
0.905568	0.0316383	0.130434	3900.37
0.975254	0.00483457	0.0299729	896.28
0.710747	0.0736657	0.206795	6183.79
0.964528	0.446033	0.793086	23715.6
0.937029	0.549991	0.856985	25626.4
0.918632	0.173398	0.451908	13513.4
0.903967	0.173393	0.447207	13372.8
0.950134	0.287114	0.627168	18754.2
0.459357	0.374223	0.474592	14191.7
0.970554	0.800514	0.973034	29096.6
0.98855	0.0818632	0.284391	8504.15
0.890904	0.0799036	0.259293	7753.65
1	2.53728e-05	0.000293863	8.7874
0.750786	0.579778	0.797338	23842.8
0.967641	1	0.999471	29887.2
0.981753	0.26316	0.608022	18181.7
0.581028	1	0.896501	26808.1
0.749904	1	0.965734	28878.3
0.42658	1	0.790007	23623.6
1	1	1	29903
0.484214	1	0.835379	24980.4
0.79089	1	0.97643	29198.2
0.882598	1	0.992822	29688.3
0.498126	1	0.845271	25276.1
0.613549	0.0827223	0.20204	6041.61
0.999975	3.1572e-13	9.40316e-12	2.81183e-07
0.343877	0.0039241	0.0102664	306.997
0.998756	0.00219023	0.0155859	466.067
0.454142	1.55586e-05	9.0868e-05	2.71723
0.717345	1	0.955646	28576.7
0.383999	1	0.75153	22473
0.829062	1	0.984478	29438.9
0.923928	1	0.99703	29814.2
0.684981	0.489815	0.701925	20989.7
0.935175	0.747409	0.9493	28386.9
0.772485	0.223403	0.475777	14227.1
0.494601	0.395892	0.515098	15403
0.968758	0.0916987	0.303899	9087.51
0.534416	1	0.869271	25993.8
0.521804	1	0.861218	25753
0.521243	1	0.860853	25742.1
1	0.523045	0.862024	25777.1
0.927375	0.492599	0.814726	24362.8
0.438616	0.62212	0.627265	18757.1
0.861372	1	0.989913	29601.4
0.9025	1	0.995084	29756
0.999988	0.0849083	0.294305	8800.61
0.999979	0.0219525	0.105785	3163.28
0.999999	0.0678248	0.250329	7485.6
0.999999	0.0682041	0.251349	7516.09
0.999977	0.0680692	0.250983	7505.13
0.947587	0.415159	0.760413	22738.6
0.997641	1	0.999997	29902.9
0.999985	0.105103	0.341877	10223.2
0.866247	0.132654	0.363532	10870.7
0.327929	0.357913	0.368827	11029
0.163208	1	0.45906	13727.3
0.115505	0.591568	0.251685	7526.15
0.694965	0.61486	0.790625	23642.1
0.999982	9.34463e-05	0.000960437	28.7199
0.289757	0.614917	0.485527	14518.7
0.932666	0.274829	0.60526	18099.1
0.997724	0.256553	0.604778	18084.7
0.382078	4.64253e-16	6.61067e-15	1.97679e-10
1	2.99201e-20	1.375e-18	4.11167e-14
0.442764	1	0.803492	24026.8
0.740451	1	0.962953	28795.2
0.825945	1	0.983888	29421.2
0.882662	1	0.99283	29688.6
0.281469	1	0.638297	19087
0.857626	1	0.989346	29584.4
1	0.184738	0.496726	14853.6
0.938893	1	0.998094	29846
0.906887	0.385919	0.717423	21453.1
0.999999	0.0394025	0.166827	4988.63
0.811391	1	0.980976	29334.1
0.999997	0.0126974	0.0681384	2037.54
0.842102	1	0.986821	29508.9
0.917599	1	0.996508	29798.6
0.879547	1	0.992435	29676.8
0.876507	1	0.99204	29665
0.924981	1	0.997113	29816.7
0.896979	1	0.994501	29738.6
0.857641	1	0.989349	29584.5
0.917086	1	0.996463	29797.2
0.795085	1	0.977403	29227.3
0.840906	1	0.986614	29502.7
0.876507	1	0.99204	29665
0.876507	1	0.99204	29665
0.882056	1	0.992754	29686.3
0.933588	1	0.997744	29835.5
0.975768	1	0.999704	29894.1
0.743105	1	0.963746	28818.9
0.663352	1	0.935624	27978
0.732343	1	0.960472	28721
0.537786	1	0.871372	26056.6
0.707109	1	0.952172	28472.8
0.723663	1	0.957717	28638.6
0.728782	1	0.959354	28687.6
0.712559	1	0.95404	28528.7
0.612042	1	0.912527	27287.3
0.663381	1	0.935636	27978.3
0.510286	1	0.853598	25525.1
0.248815	1	0.594929	17790.2
0.972451	0.00269535	0.0182013	544.274
0.892797	0.168516	0.435422	13020.4
0.0148702	3.21499e-23	2.72503e-23	8.14865e-19
0.969254	1.1916e-11	3.0242e-10	9.04327e-06
0.398793	1	0.765408	22888
0.818773	1	0.982485	29379.3
0.749615	1	0.965651	28875.9
0.999977	1	1	29903
0.476996	0.709278	0.704982	21081.1
0.227088	0.753835	0.473332	14154
1	0.859548	0.989639	29593.2
0.999905	1	1	29903
1	0.0746386	0.268333	8023.96
0.328333	1	0.694006	20752.9
0.81735	1	0.982199	29370.7
0.0925384	0.00181955	0.00163147	48.7857
0.574968	0.000968796	0.00473077	141.464
0.359136	0.0520344	0.0930615	2782.82
0.839243	1	0.986325	29494.1
0.511812	0.174972	0.305637	9139.47
0.524803	0.133532	0.256356	7665.82
0.299006	1.58832e-05	6.29625e-05	1.88277
0.81654	0.0157223	0.0687513	2055.87
0.730167	0.00374819	0.0188866	564.766
0.981284	0.263108	0.607787	18174.6
0.754206	1	0.96696	28915
0.252209	1	0.599626	17930.6
0.409349	0.353886	0.424733	12700.8
0.165515	0.23262	0.163905	4901.24
0.249081	0.354008	0.302306	9039.85
0.226365	0.353928	0.282354	8443.24
0.0518328	1	0.205244	6137.41
0.163247	1	0.45913	13729.4
0.905638	1	0.995401	29765.5
0.807297	0.736171	0.903561	27019.2
0.286113	0.795066	0.564306	16874.4
0.821595	1	0.983045	29396
0.475951	1	0.829316	24799
0.848266	1	0.987857	29539.9
0.532723	1	0.868207	25962
0.0709039	0.00198217	0.00138717	41.4804
0.986162	0.59877	0.901559	26959.3
0.0378523	0.0666215	0.017609	526.563
0.77598	1	0.972791	29089.4
0.862762	0.000433014	0.00332208	99.34
0.999997	0.000237515	0.00221964	66.3739
1	0.0536121	0.21048	6293.98
0.34732	0.155918	0.212061	6341.27
0.793673	1	0.977078	29217.6
0.707694	1	0.952374	28478.9
0.931843	1	0.997623	29831.9
0.904899	1	0.995327	29763.3
0.445324	1	0.80557	24089
0.510312	1	0.853616	25525.7
0.999002	1	1	29903
0.345165	1	0.712328	21300.7
0.800158	1	0.97855	29261.6
0.0516688	0.000134892	8.97276e-05	2.68313
0.974179	0.0196354	0.0948114	2835.14
0.0839404	0.000490602	0.000457011	13.666
0.999967	1	1	29903
0.0629912	0.000975295	0.000657203	19.6524
0.0764808	0.000486959	0.000417049	12.471
0.708107	0.000486959	0.00309388	92.5164
0.0764808	0.000486959	0.000417049	12.471
0.239615	0.000486959	0.00117337	35.0872
0.239615	0.000486959	0.00117337	35.0872
0.538082	0.000486959	0.00242295	72.4536
0.937984	1	0.998036	29844.3
0.999996	0.166855	0.46563	13923.7
0.567203	0.115156	0.243533	7282.38
0.367528	1	0.735408	21990.9
0.963218	1	0.999315	29882.5
0.950091	1	0.998733	29865.1
0.836143	0.213652	0.486332	14542.8
0.999997	0.0114384	0.0625766	1871.23
1	1	1	29903
0.457003	1	0.814866	24366.9
0.999724	0.77154	0.971597	29053.7
1	0.0764678	0.273058	8165.24
0.185357	0.0278359	0.0323345	966.899
0.734275	0.089906	0.245437	7339.31
0.999991	0.000936092	0.00746415	223.2
0.00140256	0.0108115	0.00018343	5.4851
0.179513	0.00362588	0.0054266	162.272
0.0627055	1	0.236356	7067.76
0.864396	0.00783117	0.040584	1213.58
0.595499	9.79159e-06	7.61067e-05	2.27582
0.455976	1	0.814061	24342.9
0.677997	1	0.941475	28152.9
0.479681	1	0.832071	24881.4
0.663837	1	0.935824	27983.9
0.998077	1	0.999998	29902.9
0.0575557	1	0.221877	6634.8
0.694659	0.287917	0.521895	15606.2
1	1	1	29903
0.919638	0.313937	0.647382	19358.7
0.996211	0.00191133	0.0138308	413.584
0.732789	0.0619672	0.185815	5556.44
0.625254	1	0.918872	27477
1	0.898007	0.994612	29741.9
0.798938	1	0.978277	29253.4
0.833531	2.84102e-05	0.000275901	8.25027
0.610898	1	0.911964	27270.5
0.891038	0.184602	0.461374	13796.5
0.979417	0.343219	0.702625	21010.6
0.750809	0.343219	0.607119	18154.7
0.744858	0.343346	0.604471	18075.5
0.999962	0.343418	0.710451	21244.6
0.999997	0.580475	0.896199	26799.1
0.647928	0.54402	0.720038	21531.3
0.980562	0.687262	0.939872	28105
0.539512	0.599411	0.688463	20587.1
0.501956	1	0.847925	25355.5
0.73182	0.675882	0.842818	25202.8
0.374251	0.675892	0.600651	17961.3
0.408164	0.386973	0.44944	13439.6
0.496834	0.548266	0.626648	18738.7
0.98701	0.772324	0.969197	28981.9
0.00176334	0.0319379	0.000607356	18.1618
0.979651	0.772451	0.967668	28936.2
0.964685	0.772453	0.964357	28837.2
0.823013	0.749288	0.914783	27354.8
0.57203	9.0333e-05	0.000561717	16.797
0.938053	0.137392	0.392941	11750.1
0.963748	0.0615179	0.226797	6781.9
0.338361	0.0603138	0.0998319	2985.27
0.578489	0.0614404	0.154149	4609.52
0.0473335	4.87616e-07	4.28935e-07	0.0128264
0.0494734	4.91479e-07	4.50612e-07	0.0134747
0.112861	5.49153e-07	1.09059e-06	0.032612
0.24569	2.66228e-07	1.14745e-06	0.0343123
0.0597833	5.2786e-07	5.76597e-07	0.017242
0.115544	5.28277e-07	1.07501e-06	0.0321461
0.18731	5.10992e-07	1.64263e-06	0.0491197
0.0637567	3.5188e-06	3.65912e-06	0.109419
0.103403	5.4595e-07	9.98642e-07	0.0298624
0.0930761	5.60534e-07	9.27036e-07	0.0277211
0.0874598	5.46153e-07	8.52962e-07	0.0255061
0.109479	5.49963e-07	1.06121e-06	0.0317335
0.111736	5.28694e-07	1.04233e-06	0.0311688
0.140274	5.43183e-07	1.32502e-06	0.0396221
0.312745	5.25025e-07	2.72935e-06	0.0816157
0.0675767	5.71741e-07	6.98123e-07	0.020876
0.0719744	5.42366e-07	7.04951e-07	0.0210801
0.0539018	5.64442e-07	5.57011e-07	0.0166563
0.246762	2.50344e-06	9.44988e-06	0.28258
0.0118137	0.0128691	0.0014886	44.5137
0.1457	0.0127513	0.0135408	404.91
0.0602687	0.0224478	0.0102895	307.687
0.0373018	0.0129622	0.00417486	124.841
0.270463	0.0208263	0.0348055	1040.79
0.286239	0.0208141	0.03648	1090.86
0.564937	0.0208316	0.0640482	1915.23
0.0560336	0.780621	0.180627	5401.29
0.0902153	1	0.307233	9187.2
0.605742	0.0129409	0.0458467	1370.95
0.907349	0.449089	0.773301	23124
0.00952212	0.258747	0.0172616	516.175
0.0326301	0.258747	0.0487531	1457.86
0.000772404	0.201934	0.00152322	45.5489
0.47785	0.586403	0.6367	19039.3
0.527279	0.140736	0.267212	7990.44
0.696496	1	0.948414	28360.4
0.988473	1	0.999933	29901
0.865499	0.590812	0.854311	25546.5
0.983514	1	0.999863	29898.9
0.798645	0.700379	0.884324	26443.9
0.902712	0.556088	0.847947	25356.2
1	0.48517	0.836072	25001.1
0.999999	1	1	29903
0.999999	1	1	29903
0.863496	1	0.990228	29610.8
0.729741	1	0.959657	28696.6
0.859786	1	0.989675	29594.3
0.246872	1	0.592217	17709.1
0.24195	1	0.585283	17501.7
0.85234	0.0852571	0.263193	7870.25
0.807725	0.0853692	0.253361	7576.25
0.921026	0.0852851	0.278382	8324.46
0.911985	0.0852291	0.276286	8261.79
0.919665	0.0848637	0.277099	8286.1
0.999944	1	1	29903
0.954667	1	0.998957	29871.8
0.927102	0.161186	0.433496	12962.8
0.998968	0.00662331	0.0398192	1190.71
0.685339	0.621614	0.789527	23609.2
0.966332	0.558677	0.872659	26095.1
0.227369	7.94882e-57	2.37943e-55	7.11521e-51
0.788496	0.660496	0.860563	25733.4
0.974795	0.302711	0.655229	19593.3
0.52911	1	0.86592	25893.6
0.734686	1	0.961199	28742.7
0.0923182	0.594687	0.214234	6406.25
0.681983	1	0.943012	28198.9
0.963632	0.788531	0.968532	28962
0.48225	1	0.833951	24937.6
0.685668	0.0307718	0.102511	3065.39
0.952906	0.217671	0.533694	15959
0.764091	0.196508	0.434853	13003.4
0.985742	0.0166935	0.0840399	2513.04
0.997249	0.0304495	0.136477	4081.08
0.998532	0.0291243	0.131962	3946.05
0.389297	0.190324	0.266914	7981.53
0.977501	0.283346	0.632559	18915.4
0.940461	0.283916	0.619591	18527.6
0.73442	0.284801	0.536429	16040.8
0.998675	1.01344e-05	0.000126522	3.78337
0.999403	0.000187307	0.00179396	53.6446
0.99581	4.0452e-05	0.000447925	13.3943
0.926511	0.00087396	0.00657407	196.584
0.62036	0.000160968	0.00101973	30.4929
0.789395	0.0147667	0.0635511	1900.37
0.835717	0.0145013	0.0655999	1961.64
0.987764	0.000494939	0.00421583	126.066
0.984895	0.000487631	0.00415006	124.099
0.935043	0.000470684	0.00384149	114.872
0.988498	0.00149124	0.0110847	331.467
0.947283	0.00469573	0.0285363	853.32
0.999728	1	1	29903
0.998467	1	0.999999	29903
0.968658	0.681805	0.934421	27942
0.959276	1	0.999159	29877.9
0.950179	0.370068	0.719146	21504.6
0.829005	0.751552	0.917828	27445.8
0.463129	0.748095	0.713708	21342
0.999243	0.809857	0.980524	29320.6
0.999723	0.746054	0.964555	28843.1
0.633824	0.670712	0.788755	23586.1
0.972627	1	0.999622	29891.7
0.977996	1	0.999756	29895.7
0.972627	1	0.999622	29891.7
0.996628	1	0.999994	29902.8
0.987639	1	0.999923	29900.7
0.659595	1	0.934072	27931.5
0.374526	1	0.742346	22198.4
0.153452	0.0569129	0.050135	1499.19
0.235471	1	0.576002	17224.2
0.463226	1	0.819697	24511.4
0.728807	1	0.959362	28687.8
0.690068	1	0.946059	28290
