quality	AA	AC	AG	AT	A.	CA	CC	CG	CT	C.	GA	GC	GG	GT	G.	TA	TC	TG	TT	T.	.A	.C	.G	.T	..
0	NA	NA	NA	NA	NA	NA	NA	NA	NA	NA	NA	NA	NA	NA	NA	NA	NA	NA	NA	NA	NA	NA	NA	NA	NA
1	NA	NA	NA	NA	NA	NA	NA	NA	NA	NA	NA	NA	NA	NA	NA	NA	NA	NA	NA	NA	NA	NA	NA	NA	NA
2	NA	NA	NA	NA	NA	NA	NA	NA	NA	NA	NA	NA	NA	NA	NA	NA	NA	NA	NA	NA	NA	NA	NA	NA	NA
3	NA	NA	NA	NA	NA	NA	NA	NA	NA	NA	NA	NA	NA	NA	NA	NA	NA	NA	NA	NA	NA	NA	NA	NA	NA
4	NA	NA	NA	NA	NA	NA	NA	NA	NA	NA	NA	NA	NA	NA	NA	NA	NA	NA	NA	NA	NA	NA	NA	NA	NA
5	NA	NA	NA	NA	NA	NA	NA	NA	NA	NA	NA	NA	NA	NA	NA	NA	NA	NA	NA	NA	NA	NA	NA	NA	NA
6	NA	NA	NA	NA	NA	NA	NA	NA	NA	NA	NA	NA	NA	NA	NA	NA	NA	NA	NA	NA	NA	NA	NA	NA	NA
7	NA	NA	NA	NA	NA	NA	NA	NA	NA	NA	NA	NA	NA	NA	NA	NA	NA	NA	NA	NA	NA	NA	NA	NA	NA
8	NA	NA	NA	NA	NA	NA	NA	NA	NA	NA	NA	NA	NA	NA	NA	NA	NA	NA	NA	NA	NA	NA	NA	NA	NA
9	NA	NA	NA	NA	NA	NA	NA	NA	NA	NA	NA	NA	NA	NA	NA	NA	NA	NA	NA	NA	NA	NA	NA	NA	NA
10	NA	NA	NA	NA	NA	NA	NA	NA	NA	NA	NA	NA	NA	NA	NA	NA	NA	NA	NA	NA	NA	NA	NA	NA	NA
11	0.977488	0.00837337	0.00370625	0.0101579	0.000274537	0.0472526	0.931269	0.00608556	0.0152139	0.000178987	0.0224799	0.00637225	0.936189	0.0349588	NA	0.0269107	0.00430571	0.0172228	0.950484	0.00107643	NA	NA	3.84349e-05	3.84349e-05	0.999923
12	0.975594	0.0133148	0.00441903	0.00652745	0.000144413	0.0369987	0.944373	0.00435533	0.0142303	4.3122e-05	0.0133042	0.00493712	0.947771	0.0338582	0.000129924	0.0151367	0.00710297	0.0229744	0.95459	0.000195944	4.28629e-05	1.71452e-05	2.57177e-05	3.42903e-05	0.99988
13	0.967953	0.01506	0.00661038	0.0102488	0.000127473	0.0301071	0.953726	0.00478619	0.0112531	0.000127942	0.0101708	0.00432298	0.963062	0.0223532	9.09538e-05	0.0143352	0.0115983	0.0221161	0.951764	0.000185999	5.70891e-05	2.67969e-05	2.56319e-05	5.00986e-05	0.99984
14	0.963263	0.0160974	0.00795081	0.0125134	0.000175485	0.0296025	0.952255	0.00431315	0.0137256	0.000103433	0.0186834	0.00696366	0.941752	0.0324023	0.000198962	0.017701	0.0115264	0.0214767	0.94895	0.000346398	6.65789e-05	4.51018e-05	5.79881e-05	6.87266e-05	0.999762
15	0.977137	0.00677744	0.005782	0.0102509	5.29487e-05	0.0111885	0.976088	0.00297213	0.00953048	0.000221068	0.0148974	0.00585826	0.954919	0.0241653	0.000160187	0.0280662	0.014979	0.0272218	0.92953	0.000203265	6.81856e-05	2.92224e-05	2.27285e-05	5.84448e-05	0.999821
16	0.960087	0.0132214	0.0100961	0.0164393	0.000155843	0.0198511	0.957028	0.00523011	0.0177056	0.000185076	0.0207673	0.00951617	0.942068	0.0274904	0.000157727	0.0204222	0.0149711	0.0195836	0.944656	0.000367548	0.000112642	5.6321e-05	6.31894e-05	8.51683e-05	0.999683
17	NA	NA	NA	NA	NA	NA	NA	NA	NA	NA	NA	NA	NA	NA	NA	NA	NA	NA	NA	NA	NA	NA	NA	NA	NA
18	NA	NA	NA	NA	NA	NA	NA	NA	NA	NA	NA	NA	NA	NA	NA	NA	NA	NA	NA	NA	NA	NA	NA	NA	NA
19	NA	NA	NA	NA	NA	NA	NA	NA	NA	NA	NA	NA	NA	NA	NA	NA	NA	NA	NA	NA	NA	NA	NA	NA	NA
20	0.996295	0.00164677	0.00123508	0.000823384	NA	0.00366972	0.994495	NA	0.00183486	NA	0.000737826	0.000737826	0.995327	0.00319725	NA	0.00197368	0.000657895	0.00394737	0.992763	0.000657895	NA	NA	NA	NA	1
21	0.997626	0.0011722	0.000439573	0.000761927	NA	0.00227846	0.995891	0.000650989	0.00117992	NA	0.000793621	0.000188957	0.995163	0.00385473	NA	0.00105389	0.00364808	0.00182404	0.993454	2.02671e-05	NA	7.45356e-06	NA	1.49071e-05	0.999978
22	0.996125	0.00199543	0.000751901	0.00101218	0.000115677	0.00393628	0.993748	0.000740947	0.00148189	9.26183e-05	0.00169005	0.000943285	0.993869	0.00345871	3.93035e-05	0.00206693	0.00263322	0.00342602	0.991789	8.49425e-05	3.42322e-05	2.56742e-05	8.55805e-06	8.55805e-06	0.999923
23	0.997256	0.00107131	0.00107131	0.000545051	5.63846e-05	0.00260653	0.995666	0.000790745	0.00093718	NA	0.00119796	0.000707888	0.994037	0.00397506	8.16793e-05	0.00122996	0.00266708	0.00181258	0.994213	7.7682e-05	2.98595e-05	9.95317e-06	1.49298e-05	1.49298e-05	0.99993
24	0.998401	0.000868214	0.000319868	0.000411259	NA	0.00219041	0.996558	0.000312916	0.000938747	NA	0.000922051	0.000141854	0.993829	0.00510675	NA	0.000551107	0.00427918	0.00142639	0.993711	3.24181e-05	2.51772e-05	1.25886e-05	3.77658e-05	1.25886e-05	0.999912
25	0.996986	0.00100452	0.00107149	0.000904068	3.3484e-05	0.00243875	0.99551	0.000831393	0.00121938	NA	0.00225331	0.000524027	0.994026	0.00319656	NA	0.00131307	0.00199392	0.00131307	0.995331	4.86322e-05	1.85171e-05	2.77757e-05	9.25857e-06	5.55514e-05	0.999889
26	0.997066	0.000962596	0.00128346	0.000641731	4.58379e-05	0.00204683	0.996643	0.000409366	0.000900606	NA	0.00104266	0.00060822	0.995395	0.00295421	NA	0.000401718	0.0022558	0.00101975	0.996261	6.18028e-05	7.71258e-05	5.14172e-05	6.42715e-05	7.71258e-05	0.99973
27	0.99589	0.00128159	0.00141928	0.00135573	5.29581e-05	0.00154955	0.996067	0.000517919	0.00183166	3.36858e-05	0.00275218	0.00126084	0.991188	0.00477441	2.44483e-05	0.00120628	0.00118782	0.00403119	0.993478	9.64203e-05	4.45254e-05	1.76566e-05	2.07273e-05	4.60607e-05	0.999871
28	0.995976	0.000678821	0.00261831	0.000678821	4.84872e-05	0.000570125	0.99803	0.000259148	0.00114025	NA	0.00266702	0.000746766	0.992932	0.00365382	NA	0.00101673	0.00083187	0.00036972	0.997689	9.243e-05	4.53453e-05	NA	1.13363e-05	2.26727e-05	0.999921
29	0.999468	NA	NA	0.000532481	NA	NA	0.99911	NA	0.00088968	NA	0.000685088	0.000228363	0.998401	0.000685088	NA	NA	0.00121655	0.00121655	0.997567	NA	NA	NA	NA	NA	1
30	0.997648	0.000599109	0.00101047	0.000704586	3.79717e-05	0.000395605	0.998048	0.000215784	0.00133721	3.26946e-06	0.00146487	0.000419379	0.997215	0.000897825	2.95337e-06	0.000612522	0.00167168	0.000564669	0.997094	5.7424e-05	2.7998e-05	4.89964e-06	1.11992e-05	1.81987e-05	0.999938
31	0.998464	0.000338034	0.000854475	0.000311742	3.19254e-05	0.000326942	0.998655	8.31694e-05	0.000934939	NA	0.000986109	0.000182216	0.997864	0.000961992	5.35929e-06	0.00032489	0.00149834	0.000596345	0.99754	4.06113e-05	2.12853e-05	1.12339e-05	8.86888e-06	2.30591e-05	0.999936
32	0.999563	0.000142735	0.000169498	8.92092e-05	3.56837e-05	9.91142e-05	0.999517	3.71678e-05	0.0003469	NA	0.000285956	4.76593e-05	0.998844	0.000822123	NA	0.0001043	0.00312099	0.000240693	0.99651	2.40693e-05	1.52588e-05	2.54313e-06	2.54313e-06	1.78019e-05	0.999962
33	0.999664	0.000135688	0.000129227	5.81519e-05	1.29227e-05	0.000124034	0.99959	1.90821e-05	0.00026715	NA	0.000141799	4.43121e-05	0.998024	0.00178135	8.86242e-06	5.35877e-05	0.00226043	0.000448188	0.997233	4.87161e-06	1.10259e-05	3.67529e-06	3.67529e-06	1.65388e-05	0.999965
34	0.998493	0.000418133	0.000842574	0.000208165	3.78482e-05	0.000246738	0.998923	6.86195e-05	0.000760655	1.45999e-06	0.000903599	0.000174931	0.998366	0.000542411	1.25849e-05	0.000213955	0.00100046	0.000312394	0.998405	6.83048e-05	2.54231e-05	1.25718e-05	1.1175e-05	2.48643e-05	0.999926
35	0.999355	0.000264257	0.000316705	3.83274e-05	2.52154e-05	6.19716e-05	0.999717	1.71411e-05	0.000203056	1.31854e-06	0.000397816	5.21481e-05	0.999207	0.000341198	1.48995e-06	6.04791e-05	0.000287763	0.00046725	0.999137	4.7798e-05	1.04047e-05	4.36328e-06	2.01382e-06	1.71175e-05	0.999966
36	0.998802	0.00026101	0.000778052	0.000118339	4.0921e-05	0.000219846	0.999072	6.16641e-05	0.000633621	1.25116e-05	0.000573587	0.000101598	0.998722	0.000589586	1.35997e-05	0.000116811	0.00124943	0.000149079	0.998424	6.06643e-05	2.3934e-05	7.86153e-06	7.68683e-06	2.37593e-05	0.999937
37	0.998999	0.000186858	0.000688951	8.05916e-05	4.49316e-05	0.000215016	0.999196	3.30794e-05	0.000553444	2.54457e-06	0.000486662	7.35509e-05	0.999173	0.000254976	1.22585e-05	6.46573e-05	0.0012911	0.000159942	0.998409	7.48663e-05	2.01317e-05	9.17111e-06	9.84217e-06	2.72897e-05	0.999934
38	0.998941	0.000262319	0.000683399	7.25306e-05	4.06977e-05	0.000188991	0.999244	3.54359e-05	0.00052432	7.21842e-06	0.00045642	4.38264e-05	0.999087	0.000397568	1.50262e-05	5.86333e-05	0.00117267	0.00012392	0.998564	8.10886e-05	2.26136e-05	1.04947e-05	7.37129e-06	2.42378e-05	0.999935
39	0.998919	0.000312532	0.000663762	5.77254e-05	4.73316e-05	0.000207359	0.999232	3.43808e-05	0.000520815	5.372e-06	0.000452293	4.15641e-05	0.999153	0.000339692	1.38547e-05	5.20255e-05	0.0011043	9.13085e-05	0.998691	6.1752e-05	2.25337e-05	1.06227e-05	9.55312e-06	2.32629e-05	0.999934
40	0.998831	0.00044754	0.000618344	5.06302e-05	5.28748e-05	0.000253238	0.999117	3.25761e-05	0.000588902	7.87678e-06	0.000386271	3.69808e-05	0.999386	0.000170714	2.02104e-05	4.88231e-05	0.000940664	7.88294e-05	0.998882	4.97946e-05	2.80362e-05	1.41136e-05	1.02032e-05	2.54517e-05	0.999922
