quality	AA	AC	AG	AT	A.	CA	CC	CG	CT	C.	GA	GC	GG	GT	G.	TA	TC	TG	TT	T.	.A	.C	.G	.T	..
0	NA	NA	NA	NA	NA	NA	NA	NA	NA	NA	NA	NA	NA	NA	NA	NA	NA	NA	NA	NA	NA	NA	NA	NA	NA
1	NA	NA	NA	NA	NA	NA	NA	NA	NA	NA	NA	NA	NA	NA	NA	NA	NA	NA	NA	NA	NA	NA	NA	NA	NA
2	NA	NA	NA	NA	NA	NA	NA	NA	NA	NA	NA	NA	NA	NA	NA	NA	NA	NA	NA	NA	NA	NA	NA	NA	NA
3	NA	NA	NA	NA	NA	NA	NA	NA	NA	NA	NA	NA	NA	NA	NA	NA	NA	NA	NA	NA	NA	NA	NA	NA	NA
4	NA	NA	NA	NA	NA	NA	NA	NA	NA	NA	NA	NA	NA	NA	NA	NA	NA	NA	NA	NA	NA	NA	NA	NA	NA
5	NA	NA	NA	NA	NA	NA	NA	NA	NA	NA	NA	NA	NA	NA	NA	NA	NA	NA	NA	NA	NA	NA	NA	NA	NA
6	NA	NA	NA	NA	NA	NA	NA	NA	NA	NA	NA	NA	NA	NA	NA	NA	NA	NA	NA	NA	NA	NA	NA	NA	NA
7	NA	NA	NA	NA	NA	NA	NA	NA	NA	NA	NA	NA	NA	NA	NA	NA	NA	NA	NA	NA	NA	NA	NA	NA	NA
8	NA	NA	NA	NA	NA	NA	NA	NA	NA	NA	NA	NA	NA	NA	NA	NA	NA	NA	NA	NA	NA	NA	NA	NA	NA
9	NA	NA	NA	NA	NA	NA	NA	NA	NA	NA	NA	NA	NA	NA	NA	NA	NA	NA	NA	NA	NA	NA	NA	NA	NA
10	NA	NA	NA	NA	NA	NA	NA	NA	NA	NA	NA	NA	NA	NA	NA	NA	NA	NA	NA	NA	NA	NA	NA	NA	NA
11	0.975129	0.00829035	0.00257922	0.0140015	NA	0.0415081	0.941197	0.00415081	0.0127983	0.000345901	0.0146079	0.00327217	0.95045	0.03167	NA	0.0217763	0.00341588	0.0115286	0.963279	NA	4.52858e-05	NA	NA	NA	0.999955
12	0.972034	0.0143712	0.00489396	0.00858386	0.000116523	0.0336767	0.947642	0.00403918	0.0144401	0.000201959	0.0116501	0.00557333	0.953795	0.0289454	3.5957e-05	0.013254	0.0070021	0.0176553	0.961989	0.00010003	2.15119e-05	3.22678e-05	3.22678e-05	0.000107559	0.999806
13	0.964542	0.0178176	0.00663181	0.010389	0.000619051	0.0269786	0.956327	0.00443815	0.0120861	0.000170353	0.0118877	0.00519853	0.960294	0.0225083	0.000111796	0.0151673	0.0104315	0.0210636	0.95308	0.000257922	0.000186451	3.07548e-05	3.45991e-05	0.000155696	0.999592
14	0.960996	0.0181131	0.00704458	0.0136923	0.000154341	0.0286158	0.953065	0.00434094	0.0137594	0.000219398	0.0242748	0.00767988	0.937057	0.0307987	0.000190018	0.0192661	0.0138192	0.020088	0.946464	0.000362198	0.000117567	5.53254e-05	5.53254e-05	0.000283543	0.999488
15	0.972842	0.00951156	0.00670338	0.0108704	7.2469e-05	0.0141711	0.972421	0.00383671	0.00948864	8.251e-05	0.0127012	0.00506298	0.960074	0.0220739	8.75948e-05	0.0268239	0.0125486	0.0275049	0.932709	0.000413424	7.33322e-05	6.28562e-05	3.14281e-05	6.80942e-05	0.999764
16	0.961484	0.012792	0.00949559	0.0160818	0.000146805	0.0184124	0.959114	0.00530087	0.0170065	0.000166628	0.018083	0.0085586	0.948659	0.0246484	5.13722e-05	0.017502	0.0125286	0.0175179	0.951976	0.000475168	0.000155712	6.39911e-05	2.77295e-05	7.03902e-05	0.999682
17	NA	NA	NA	NA	NA	NA	NA	NA	NA	NA	NA	NA	NA	NA	NA	NA	NA	NA	NA	NA	NA	NA	NA	NA	NA
18	NA	NA	NA	NA	NA	NA	NA	NA	NA	NA	NA	NA	NA	NA	NA	NA	NA	NA	NA	NA	NA	NA	NA	NA	NA
19	NA	NA	NA	NA	NA	NA	NA	NA	NA	NA	NA	NA	NA	NA	NA	NA	NA	NA	NA	NA	NA	NA	NA	NA	NA
20	1	NA	NA	NA	NA	0.00259572	0.994809	0.00129786	0.00129786	NA	0.00139567	NA	0.997209	0.00139567	NA	0.00128866	NA	0.00064433	0.998067	NA	0.000125345	NA	NA	NA	0.999875
21	0.996596	0.00172526	0.000419659	0.000512916	0.00074606	0.00264002	0.995851	0.000377145	0.00106858	6.28575e-05	0.000348837	0.000348837	0.997326	0.00197674	NA	0.000886903	0.000525572	0.00249647	0.996025	6.56965e-05	2.38846e-05	NA	NA	2.38846e-05	0.999952
22	0.996412	0.00207011	0.000598031	0.000506026	0.000414022	0.00319343	0.994982	0.00032586	0.00149896	NA	0.0025936	0.000731529	0.993283	0.00332513	6.65026e-05	0.00131752	0.000726909	0.00304393	0.994866	4.54318e-05	9.47303e-05	2.70658e-05	NA	5.41316e-05	0.999824
23	0.996606	0.00148663	0.000504895	0.000869541	0.000532944	0.00202061	0.993817	0.000606183	0.00351586	4.04122e-05	0.00307076	0.000767689	0.993645	0.00251631	NA	0.00124943	0.000520595	0.00160343	0.996564	6.24714e-05	0.000137681	1.52979e-05	7.64894e-06	0.000168277	0.999671
24	0.996125	0.00212004	0.000292419	0.000731048	0.000731048	0.00190114	0.997338	NA	0.000760456	NA	0.00228283	0.000360447	0.994954	0.00240298	NA	0.000484548	0.000269193	0.000969097	0.998277	NA	4.14645e-05	NA	NA	0.000145126	0.999813
25	0.996631	0.00122493	0.000714541	0.000714541	0.000714541	0.00193908	0.992728	0.00048477	0.00476691	8.0795e-05	0.0056798	0.00124246	0.990238	0.0028399	NA	0.00110011	0.000366703	0.00110011	0.997352	8.14896e-05	8.87193e-05	NA	1.47866e-05	0.000280945	0.999616
26	0.99667	0.00231088	0.000339836	0.000339836	0.000339836	0.00108421	0.992651	0.000120467	0.00614384	NA	0.00638686	0.00121655	0.989203	0.00319343	NA	0.00039053	0.000292897	0.000878692	0.998389	4.88162e-05	0.00020022	2.0022e-05	4.0044e-05	0.000560617	0.999179
27	0.995522	0.00196255	0.00120457	0.00128242	2.86803e-05	0.0017876	0.995478	0.000482467	0.00220822	4.32983e-05	0.00385482	0.00113442	0.991272	0.00371714	2.20275e-05	0.00110599	0.00111589	0.00377356	0.993859	0.000145264	6.16851e-05	2.01663e-05	1.77938e-05	8.77827e-05	0.999813
28	0.997683	0.000434373	0.000361978	0.000796351	0.000723956	0.000386011	0.996063	7.72022e-05	0.0034741	NA	0.00182083	0.000526018	0.996156	0.00149713	NA	0.000473541	0.000591926	0.00023677	0.998461	0.00023677	3.34174e-05	1.67087e-05	NA	NA	0.99995
29	1	NA	NA	NA	NA	NA	1	NA	NA	NA	NA	NA	1	NA	NA	NA	NA	NA	1	NA	NA	NA	NA	NA	1
30	0.997877	0.000714967	0.00065327	0.000627865	0.000127025	0.000303832	0.997451	0.00016479	0.00204958	3.08982e-05	0.00336171	0.00038076	0.995411	0.000836669	1.002e-05	0.000688572	0.000943598	0.000780381	0.997516	7.14074e-05	9.9772e-05	9.28112e-06	1.16014e-05	0.000102092	0.999777
31	0.998574	0.000345585	0.000612628	0.00033616	0.000131951	0.000275049	0.997772	0.00013294	0.00178782	3.2089e-05	0.00258467	0.000239725	0.996592	0.00057098	1.30759e-05	0.000247995	0.000537323	0.000681987	0.998429	0.000103331	9.83617e-05	9.6433e-06	4.82165e-06	0.00010029	0.999787
32	0.998706	0.000475943	0.000118986	4.46196e-05	0.000654421	0.000233244	0.997074	2.1204e-05	0.0026717	NA	0.00038523	9.63076e-05	0.99923	0.000288923	NA	7.91713e-05	7.91713e-05	0.000395857	0.999406	3.95857e-05	0.000228429	NA	8.46034e-06	0.000232659	0.99953
33	0.998662	0.000582274	9.19381e-05	4.08614e-05	0.000623136	6.23733e-05	0.997864	3.11867e-05	0.00204273	NA	0.000324978	5.65179e-05	0.999392	0.000226072	NA	4.85496e-05	4.85496e-05	0.000517862	0.999361	2.42748e-05	0.000115772	5.93703e-06	NA	0.000216701	0.999662
34	0.997959	0.00086257	0.000809882	0.000222793	0.00014602	0.000164207	0.99816	8.43841e-05	0.00157821	1.36839e-05	0.00273004	0.000143464	0.99677	0.000352331	4.21953e-06	0.000188744	0.000465352	0.000484878	0.998754	0.000107389	8.14354e-05	1.23526e-05	9.60755e-06	7.04553e-05	0.999826
35	0.99857	0.000785785	0.000512229	4.03908e-05	9.17974e-05	4.08945e-05	0.999375	2.64611e-05	0.000558089	NA	0.000877819	5.17688e-05	0.998924	0.000146303	NA	4.87273e-05	0.000191429	0.000553403	0.999163	4.35066e-05	2.16439e-05	4.5566e-06	4.5566e-06	2.84788e-05	0.999941
36	0.998704	0.000407489	0.00057539	0.000128284	0.000184879	6.53148e-05	0.998041	5.22518e-05	0.00181865	2.3223e-05	0.00244953	8.13797e-05	0.99731	0.000145127	1.35633e-05	0.00011683	0.000327124	0.000319689	0.999142	9.45261e-05	9.73115e-05	1.60725e-05	7.89012e-06	9.52659e-05	0.999783
37	0.998215	0.000334778	0.00116266	0.000114816	0.000172828	3.52597e-05	0.998023	4.97784e-05	0.00186876	2.28151e-05	0.00247839	7.0506e-05	0.997334	0.000108964	8.54619e-06	6.50551e-05	0.000300166	0.000315003	0.999191	0.000128969	9.36188e-05	1.50998e-05	1.17024e-05	0.000108719	0.999771
38	0.997901	0.000496337	0.00134094	0.000100797	0.000160579	3.61471e-05	0.998175	3.72424e-05	0.00172739	2.4098e-05	0.00207837	5.88219e-05	0.997781	7.51614e-05	6.53577e-06	6.86022e-05	0.000268809	0.000282809	0.999274	0.000105703	8.63349e-05	1.19377e-05	8.10056e-06	0.000100191	0.999793
39	0.997868	0.000607692	0.00130428	7.99414e-05	0.00013976	3.33534e-05	0.998119	2.97718e-05	0.00179191	2.61903e-05	0.00206005	3.13399e-05	0.99785	4.3258e-05	1.50079e-05	4.2348e-05	0.000220106	0.00027893	0.99933	0.000128717	8.96217e-05	1.42561e-05	9.9626e-06	8.37859e-05	0.999802
40	0.998773	0.000683703	0.000349379	9.57276e-05	9.86204e-05	3.24292e-05	0.998136	3.80137e-05	0.00175167	4.17367e-05	0.00141203	2.4818e-05	0.99851	3.57639e-05	1.7882e-05	4.34564e-05	0.000173203	0.000255633	0.999418	0.000110198	0.000109328	1.93699e-05	1.45521e-05	5.63919e-05	0.9998
