
SUMMARISING RUN PARAMETERS
==========================
Input filename: SC2238/host_removal/SC2238_R1.fastq.gz
Trimming mode: paired-end
Trim Galore version: 0.6.4_dev
Cutadapt version: 4.1
Python version: could not detect
Number of cores used for trimming: 2
Quality Phred score cutoff: 20
Quality encoding type selected: ASCII+33
Using Illumina adapter for trimming (count: 653). Second best hit was Nextera (count: 1)
Adapter sequence: 'AGATCGGAAGAGC' (Illumina TruSeq, Sanger iPCR; auto-detected)
Maximum trimming error rate: 0.1 (default)
Minimum required adapter overlap (stringency): 1 bp
Minimum required sequence length for both reads before a sequence pair gets removed: 20 bp
Running FastQC on the data once trimming has completed
Output file will be GZIP compressed


This is cutadapt 4.1 with Python 3.9.13
Command line parameters: -j 2 -e 0.1 -q 20 -O 1 -a AGATCGGAAGAGC SC2238/host_removal/SC2238_R1.fastq.gz
Processing single-end reads on 2 cores ...
Finished in 17.58 s (37 µs/read; 1.63 M reads/minute).

=== Summary ===

Total reads processed:                 477,053
Reads with adapters:                   151,870 (31.8%)
Reads written (passing filters):       477,053 (100.0%)

Total basepairs processed:   119,740,303 bp
Quality-trimmed:                 921,245 bp (0.8%)
Total written (filtered):    118,408,228 bp (98.9%)

=== Adapter 1 ===

Sequence: AGATCGGAAGAGC; Type: regular 3'; Length: 13; Trimmed: 151870 times

Minimum overlap: 1
No. of allowed errors:
1-9 bp: 0; 10-13 bp: 1

Bases preceding removed adapters:
  A: 35.3%
  C: 12.6%
  G: 10.3%
  T: 41.1%
  none/other: 0.7%

Overview of removed sequences
length	count	expect	max.err	error counts
1	99707	119263.2	0	99707
2	45135	29815.8	0	45135
3	3682	7454.0	0	3682
4	577	1863.5	0	577
5	26	465.9	0	26
6	26	116.5	0	26
7	547	29.1	0	547
8	193	7.3	0	193
9	99	1.8	0	99
10	17	0.5	1	11 6
11	8	0.1	1	4 4
12	13	0.0	1	9 4
13	6	0.0	1	5 1
14	2	0.0	1	2
15	4	0.0	1	2 2
16	3	0.0	1	2 1
17	4	0.0	1	2 2
18	2	0.0	1	2
19	4	0.0	1	4
20	10	0.0	1	7 3
21	6	0.0	1	5 1
22	5	0.0	1	3 2
23	2	0.0	1	2
24	13	0.0	1	13
25	7	0.0	1	5 2
26	3	0.0	1	2 1
27	8	0.0	1	3 5
28	9	0.0	1	9
29	5	0.0	1	3 2
30	6	0.0	1	2 4
31	6	0.0	1	4 2
32	17	0.0	1	14 3
33	5	0.0	1	2 3
34	5	0.0	1	4 1
35	5	0.0	1	4 1
36	15	0.0	1	15
37	67	0.0	1	63 4
38	30	0.0	1	20 10
39	12	0.0	1	4 8
40	8	0.0	1	5 3
41	10	0.0	1	6 4
42	8	0.0	1	5 3
43	15	0.0	1	12 3
44	7	0.0	1	5 2
45	8	0.0	1	8
46	10	0.0	1	8 2
47	10	0.0	1	7 3
48	4	0.0	1	2 2
49	6	0.0	1	3 3
50	4	0.0	1	3 1
51	1	0.0	1	1
52	7	0.0	1	5 2
53	10	0.0	1	7 3
54	13	0.0	1	5 8
55	8	0.0	1	6 2
56	5	0.0	1	2 3
57	3	0.0	1	1 2
58	2	0.0	1	2
59	5	0.0	1	4 1
60	7	0.0	1	5 2
61	8	0.0	1	8
62	3	0.0	1	2 1
63	2	0.0	1	2
64	5	0.0	1	4 1
65	11	0.0	1	10 1
66	11	0.0	1	7 4
67	3	0.0	1	2 1
68	2	0.0	1	1 1
69	6	0.0	1	2 4
70	4	0.0	1	2 2
71	8	0.0	1	8
72	22	0.0	1	15 7
73	41	0.0	1	19 22
74	45	0.0	1	18 27
75	93	0.0	1	17 76
76	130	0.0	1	38 92
77	117	0.0	1	27 90
78	56	0.0	1	17 39
79	38	0.0	1	8 30
80	33	0.0	1	8 25
81	22	0.0	1	6 16
82	21	0.0	1	3 18
83	15	0.0	1	2 13
84	11	0.0	1	1 10
85	9	0.0	1	3 6
86	12	0.0	1	2 10
87	9	0.0	1	2 7
88	11	0.0	1	1 10
89	9	0.0	1	2 7
90	6	0.0	1	1 5
91	4	0.0	1	2 2
92	6	0.0	1	1 5
93	7	0.0	1	2 5
94	11	0.0	1	7 4
95	6	0.0	1	0 6
96	7	0.0	1	3 4
97	3	0.0	1	0 3
98	5	0.0	1	2 3
99	2	0.0	1	1 1
100	3	0.0	1	1 2
101	3	0.0	1	2 1
102	4	0.0	1	1 3
103	4	0.0	1	0 4
104	1	0.0	1	1
105	3	0.0	1	1 2
106	2	0.0	1	0 2
107	6	0.0	1	3 3
108	3	0.0	1	1 2
109	3	0.0	1	1 2
110	2	0.0	1	1 1
111	3	0.0	1	1 2
112	3	0.0	1	2 1
113	2	0.0	1	0 2
114	4	0.0	1	0 4
115	9	0.0	1	1 8
116	6	0.0	1	2 4
117	1	0.0	1	1
118	4	0.0	1	2 2
119	4	0.0	1	1 3
120	5	0.0	1	0 5
121	3	0.0	1	0 3
122	2	0.0	1	0 2
123	2	0.0	1	0 2
124	1	0.0	1	0 1
125	2	0.0	1	1 1
126	4	0.0	1	1 3
127	3	0.0	1	0 3
128	2	0.0	1	0 2
129	3	0.0	1	0 3
130	2	0.0	1	0 2
131	1	0.0	1	1
132	3	0.0	1	1 2
133	7	0.0	1	0 7
134	3	0.0	1	1 2
135	4	0.0	1	1 3
136	6	0.0	1	1 5
138	5	0.0	1	0 5
139	4	0.0	1	1 3
140	3	0.0	1	1 2
141	5	0.0	1	0 5
142	4	0.0	1	0 4
143	4	0.0	1	0 4
144	4	0.0	1	0 4
145	3	0.0	1	0 3
146	5	0.0	1	0 5
147	3	0.0	1	0 3
148	4	0.0	1	1 3
149	1	0.0	1	1
150	3	0.0	1	1 2
151	5	0.0	1	0 5
152	3	0.0	1	0 3
153	2	0.0	1	0 2
154	4	0.0	1	1 3
155	2	0.0	1	0 2
156	2	0.0	1	1 1
157	3	0.0	1	0 3
158	1	0.0	1	1
159	3	0.0	1	0 3
160	3	0.0	1	1 2
161	2	0.0	1	1 1
162	8	0.0	1	0 8
163	2	0.0	1	0 2
164	3	0.0	1	0 3
165	2	0.0	1	1 1
166	4	0.0	1	2 2
167	5	0.0	1	0 5
168	4	0.0	1	0 4
169	2	0.0	1	0 2
170	4	0.0	1	0 4
171	1	0.0	1	0 1
172	2	0.0	1	0 2
173	6	0.0	1	1 5
174	4	0.0	1	0 4
175	4	0.0	1	3 1
176	2	0.0	1	0 2
178	2	0.0	1	0 2
179	4	0.0	1	1 3
180	2	0.0	1	0 2
181	2	0.0	1	0 2
182	2	0.0	1	0 2
183	3	0.0	1	0 3
184	2	0.0	1	0 2
186	3	0.0	1	0 3
187	1	0.0	1	0 1
188	1	0.0	1	0 1
189	1	0.0	1	0 1
190	2	0.0	1	0 2
191	2	0.0	1	0 2
192	1	0.0	1	0 1
193	3	0.0	1	0 3
194	1	0.0	1	0 1
196	2	0.0	1	0 2
197	2	0.0	1	0 2
199	4	0.0	1	0 4
201	1	0.0	1	0 1
202	1	0.0	1	0 1
203	2	0.0	1	0 2
206	1	0.0	1	0 1
207	1	0.0	1	0 1
208	1	0.0	1	0 1
210	2	0.0	1	0 2
214	1	0.0	1	0 1
215	2	0.0	1	2
217	1	0.0	1	0 1
218	2	0.0	1	0 2
222	3	0.0	1	1 2
223	1	0.0	1	0 1
225	3	0.0	1	0 3
226	1	0.0	1	0 1
229	2	0.0	1	0 2
233	2	0.0	1	0 2
236	1	0.0	1	0 1
237	2	0.0	1	0 2
238	1	0.0	1	0 1
240	2	0.0	1	0 2
241	1	0.0	1	0 1
242	2	0.0	1	0 2
244	1	0.0	1	0 1
245	1	0.0	1	0 1
246	4	0.0	1	0 4
247	4	0.0	1	0 4
248	4	0.0	1	0 4
249	5	0.0	1	0 5
250	14	0.0	1	0 14
251	251	0.0	1	1 250

RUN STATISTICS FOR INPUT FILE: SC2238/host_removal/SC2238_R1.fastq.gz
=============================================
477053 sequences processed in total

