quality	AA	AC	AG	AT	A.	CA	CC	CG	CT	C.	GA	GC	GG	GT	G.	TA	TC	TG	TT	T.	.A	.C	.G	.T	..
0	NA	NA	NA	NA	NA	NA	NA	NA	NA	NA	NA	NA	NA	NA	NA	NA	NA	NA	NA	NA	NA	NA	NA	NA	NA
1	NA	NA	NA	NA	NA	NA	NA	NA	NA	NA	NA	NA	NA	NA	NA	NA	NA	NA	NA	NA	NA	NA	NA	NA	NA
2	NA	NA	NA	NA	NA	NA	NA	NA	NA	NA	NA	NA	NA	NA	NA	NA	NA	NA	NA	NA	NA	NA	NA	NA	NA
3	NA	NA	NA	NA	NA	NA	NA	NA	NA	NA	NA	NA	NA	NA	NA	NA	NA	NA	NA	NA	NA	NA	NA	NA	NA
4	NA	NA	NA	NA	NA	NA	NA	NA	NA	NA	NA	NA	NA	NA	NA	NA	NA	NA	NA	NA	NA	NA	NA	NA	NA
5	NA	NA	NA	NA	NA	NA	NA	NA	NA	NA	NA	NA	NA	NA	NA	NA	NA	NA	NA	NA	NA	NA	NA	NA	NA
6	NA	NA	NA	NA	NA	NA	NA	NA	NA	NA	NA	NA	NA	NA	NA	NA	NA	NA	NA	NA	NA	NA	NA	NA	NA
7	NA	NA	NA	NA	NA	NA	NA	NA	NA	NA	NA	NA	NA	NA	NA	NA	NA	NA	NA	NA	NA	NA	NA	NA	NA
8	NA	NA	NA	NA	NA	NA	NA	NA	NA	NA	NA	NA	NA	NA	NA	NA	NA	NA	NA	NA	NA	NA	NA	NA	NA
9	NA	NA	NA	NA	NA	NA	NA	NA	NA	NA	NA	NA	NA	NA	NA	NA	NA	NA	NA	NA	NA	NA	NA	NA	NA
10	1	NA	NA	NA	NA	0.2	0.766667	NA	NA	0.0333333	0.0148148	NA	0.97037	0.0148148	NA	0.0434783	NA	NA	0.956522	NA	NA	NA	NA	NA	1
11	0.974598	0.0135041	0.00339428	0.00821198	0.000291981	0.0658729	0.910057	0.00551922	0.0184485	0.000102208	0.0226144	0.00519018	0.923655	0.0484417	9.88606e-05	0.0170146	0.00567153	0.0200314	0.957041	0.000241342	8.36068e-05	NA	3.13525e-05	3.13525e-05	0.999854
12	0.97239	0.0148348	0.00524862	0.00743719	8.91274e-05	0.0490992	0.931955	0.00530359	0.0134777	0.000164029	0.0123415	0.00449678	0.947968	0.0351036	8.97561e-05	0.0103505	0.00527168	0.0251627	0.959112	0.000102862	5.51215e-05	2.75607e-05	2.75607e-05	4.96093e-05	0.99984
13	0.968783	0.0168773	0.00552772	0.00870345	0.000108137	0.0373734	0.948194	0.00451454	0.00983524	8.3136e-05	0.00798793	0.00361622	0.968092	0.0202128	9.14281e-05	0.0118924	0.00943323	0.021254	0.957303	0.000116925	3.65278e-05	3.04398e-05	3.09472e-05	3.70351e-05	0.999865
14	0.965694	0.0181334	0.00624865	0.0097782	0.000145389	0.032212	0.952767	0.00376331	0.0111255	0.000132447	0.0151585	0.00583504	0.947096	0.0317811	0.000129668	0.0138237	0.00890819	0.0197786	0.957289	0.000200635	5.72717e-05	4.07697e-05	2.81505e-05	5.82424e-05	0.999816
15	0.962585	0.0177492	0.00790527	0.0116425	0.000118471	0.0279263	0.954879	0.00460308	0.0124979	9.36674e-05	0.0141693	0.00723277	0.949902	0.0285622	0.000134147	0.0133499	0.00896296	0.0198736	0.957694	0.000119758	6.89237e-05	3.28954e-05	4.22941e-05	4.22941e-05	0.999814
16	0.964149	0.0150479	0.00767025	0.0130398	9.27027e-05	0.0245021	0.958711	0.00404643	0.0126522	8.79261e-05	0.0123068	0.00576959	0.953358	0.0284595	0.000106464	0.0170761	0.0121145	0.0268063	0.943891	0.000112544	6.04397e-05	4.37142e-05	3.19304e-05	4.71353e-05	0.999817
17	NA	NA	NA	NA	NA	NA	NA	NA	NA	NA	NA	NA	NA	NA	NA	NA	NA	NA	NA	NA	NA	NA	NA	NA	NA
18	1	NA	NA	NA	NA	NA	1	NA	NA	NA	NA	NA	1	NA	NA	NA	NA	NA	1	NA	NA	NA	NA	NA	1
19	0.991803	0.00819672	NA	NA	NA	0.0172414	0.982759	NA	NA	NA	NA	NA	1	NA	NA	NA	NA	NA	1	NA	NA	NA	NA	NA	1
20	0.996983	0.00208865	0.000348109	0.000464145	0.000116036	0.00842214	0.989687	0.000687521	0.00120316	NA	0.00147456	0.000327681	0.994184	0.00401409	NA	0.00210822	0.00035137	0.0130007	0.98454	NA	NA	3.10203e-05	6.20405e-05	NA	0.999907
21	0.996821	0.00202592	0.000581699	0.000551611	2.00586e-05	0.00450377	0.994036	0.000513944	0.000919689	2.70497e-05	0.000616935	0.000308467	0.996928	0.00213357	1.28528e-05	0.000526347	0.00316539	0.00217849	0.994093	3.65518e-05	1.28833e-05	1.80366e-05	2.319e-05	1.546e-05	0.99993
22	0.996276	0.00199375	0.00118746	0.000454459	8.79598e-05	0.00513069	0.993151	0.00053243	0.00111326	7.26041e-05	0.00114926	0.000362925	0.995927	0.00256064	NA	0.000959121	0.00171479	0.00268845	0.994521	0.000116257	3.51053e-05	2.6329e-05	2.19408e-05	3.51053e-05	0.999882
23	0.997336	0.00151072	0.000675848	0.00041346	6.36092e-05	0.00293258	0.99568	0.000281979	0.00104896	5.63959e-05	0.000697578	0.000228893	0.996948	0.00208183	4.35986e-05	0.000389617	0.00251627	0.00194267	0.99513	2.16454e-05	2.038e-05	1.6304e-05	2.4456e-05	1.2228e-05	0.999927
24	0.998116	0.000837326	0.000465181	0.000581476	NA	0.00240861	0.995766	0.000233091	0.00159279	NA	0.000937629	0.000187526	0.996962	0.00187526	3.75052e-05	0.000361116	0.00529637	0.000945781	0.99338	1.7196e-05	1.95428e-05	1.30286e-05	2.60571e-05	2.60571e-05	0.999915
25	0.997322	0.00105283	0.00108977	0.000480236	5.54119e-05	0.00273233	0.995933	0.000217344	0.00108672	3.10492e-05	0.00101001	0.00023765	0.996435	0.00228738	2.97062e-05	0.000480251	0.0016445	0.00138254	0.996464	2.91062e-05	4.77016e-05	3.71012e-05	1.06004e-05	5.83019e-05	0.999846
26	0.996484	0.000988957	0.00214274	0.000384594	NA	0.00206204	0.996683	0.000537924	0.000627578	8.96539e-05	0.000461638	0.000276983	0.997784	0.00147724	NA	0.000496486	0.00152765	0.00171861	0.996257	NA	1.50732e-05	4.52195e-05	6.02927e-05	3.01464e-05	0.999849
27	0.996485	0.00131059	0.00140466	0.0007654	3.42078e-05	0.00261284	0.995599	0.000345286	0.0014155	2.74855e-05	0.00182222	0.000624678	0.994104	0.00342981	1.92436e-05	0.000977236	0.000866226	0.00420614	0.99388	6.99274e-05	3.89091e-05	1.85426e-05	2.21903e-05	3.40454e-05	0.999886
28	0.995711	0.000428898	0.0033597	0.000428898	7.1483e-05	0.000569282	0.998452	2.27713e-05	0.000933622	2.27713e-05	0.00143153	0.000357882	0.996396	0.00181497	NA	0.000626114	0.000144488	0.0011559	0.998025	4.81626e-05	2.70482e-05	2.70482e-05	NA	2.16386e-05	0.999924
29	0.999436	0.000225479	0.000338219	NA	NA	NA	0.999576	NA	0.000424088	NA	0.000768425	NA	0.999022	0.00020957	NA	NA	NA	NA	1	NA	3.19356e-05	6.38712e-05	NA	NA	0.999904
30	0.997999	0.000618524	0.00104224	0.000316568	2.33773e-05	0.000427803	0.998349	0.000151422	0.00106583	5.88045e-06	0.00106485	0.000200914	0.997744	0.000984481	5.74041e-06	0.00035886	0.00127119	0.00095926	0.99739	2.07034e-05	2.05071e-05	1.37782e-05	1.57008e-05	1.60212e-05	0.999934
31	0.998345	0.000473408	0.000989101	0.000170978	2.11425e-05	0.000467088	0.998682	7.80803e-05	0.000768255	4.18288e-06	0.000749534	9.11776e-05	0.998394	0.000756238	9.38593e-06	0.000230652	0.00114932	0.000936407	0.997656	2.75994e-05	2.00057e-05	1.60045e-05	1.28608e-05	2.02915e-05	0.999931
32	0.999549	0.000223246	0.000148831	6.97645e-05	9.30194e-06	0.00026656	0.999418	6.05818e-05	0.000254444	NA	0.000200629	3.88314e-05	0.99954	0.000213573	6.47191e-06	5.89319e-05	0.00299374	0.000463598	0.99648	3.92879e-06	6.55014e-06	6.55014e-06	7.86017e-06	1.04802e-05	0.999969
33	0.999587	0.000234278	0.000107842	5.57805e-05	1.48748e-05	0.000489278	0.999214	3.12305e-05	0.000255049	1.04102e-05	0.000205129	3.00189e-05	0.99959	0.00017511	NA	4.28272e-05	0.00248398	0.00089366	0.996571	8.56543e-06	1.26669e-05	1.37224e-05	1.05557e-05	5.27786e-06	0.999958
34	0.998359	0.000437532	0.00104149	0.000127887	3.37237e-05	0.000225399	0.998953	7.46764e-05	0.000739913	6.85105e-06	0.000800027	0.000101934	0.998594	0.000499785	4.32447e-06	0.000140899	0.000780915	0.000731242	0.998306	4.0598e-05	1.93496e-05	1.28997e-05	1.20935e-05	2.02902e-05	0.999935
35	0.998992	0.000338029	0.000601454	4.62149e-05	2.24472e-05	0.000227035	0.999489	2.67643e-05	0.000254723	2.76872e-06	0.000432901	5.7837e-05	0.999295	0.000207687	6.13423e-06	6.23562e-05	0.000260996	0.000633848	0.999013	2.9571e-05	1.60997e-05	1.25452e-05	7.52711e-06	1.54724e-05	0.999948
36	0.998543	0.000341852	0.00100766	8.16175e-05	2.60548e-05	9.5486e-05	0.999179	4.26015e-05	0.000678685	4.40705e-06	0.00062384	6.88534e-05	0.999018	0.000280959	8.31786e-06	8.78553e-05	0.00103248	0.000515704	0.998331	3.28565e-05	2.25713e-05	1.47204e-05	1.2267e-05	1.93328e-05	0.999931
37	0.998694	0.000251727	0.000946117	7.87411e-05	2.89669e-05	8.69824e-05	0.99929	4.52308e-05	0.000574779	3.47929e-06	0.000621345	5.34188e-05	0.999064	0.000248819	1.19489e-05	6.44617e-05	0.000987769	0.000497165	0.998427	2.31599e-05	2.00001e-05	1.16456e-05	1.18988e-05	2.03798e-05	0.999936
38	0.998663	0.000293124	0.000950873	6.51681e-05	2.79669e-05	5.72081e-05	0.999369	4.08629e-05	0.000527949	4.90355e-06	0.000560161	5.61826e-05	0.999175	0.000201009	7.49101e-06	5.44989e-05	0.000905419	0.000461266	0.998545	3.34365e-05	2.00221e-05	1.4313e-05	1.22223e-05	1.83335e-05	0.999935
39	0.998642	0.000309321	0.000964697	5.34952e-05	3.06706e-05	4.06681e-05	0.999344	3.33173e-05	0.000574223	7.63721e-06	0.000534535	4.15009e-05	0.999242	0.000172107	9.8588e-06	4.53151e-05	0.000800958	0.00038199	0.998739	3.26716e-05	2.18765e-05	1.48889e-05	1.33481e-05	2.0909e-05	0.999929
40	0.998777	0.000298884	0.000843108	4.64813e-05	3.45189e-05	2.27283e-05	0.999355	2.77043e-05	0.000587304	7.46402e-06	0.000426924	3.85793e-05	0.999406	0.000116939	1.14837e-05	3.93159e-05	0.000640702	0.000330331	0.99896	2.94003e-05	2.27258e-05	1.55429e-05	1.19311e-05	2.0805e-05	0.999929
