
SUMMARISING RUN PARAMETERS
==========================
Input filename: SC2264/host_removal/SC2264_R1.fastq.gz
Trimming mode: paired-end
Trim Galore version: 0.6.4_dev
Cutadapt version: 4.1
Python version: could not detect
Number of cores used for trimming: 2
Quality Phred score cutoff: 20
Quality encoding type selected: ASCII+33
Using Illumina adapter for trimming (count: 18248). Second best hit was Nextera (count: 0)
Adapter sequence: 'AGATCGGAAGAGC' (Illumina TruSeq, Sanger iPCR; auto-detected)
Maximum trimming error rate: 0.1 (default)
Minimum required adapter overlap (stringency): 1 bp
Minimum required sequence length for both reads before a sequence pair gets removed: 20 bp
Running FastQC on the data once trimming has completed
Output file will be GZIP compressed


This is cutadapt 4.1 with Python 3.9.13
Command line parameters: -j 2 -e 0.1 -q 20 -O 1 -a AGATCGGAAGAGC SC2264/host_removal/SC2264_R1.fastq.gz
Processing single-end reads on 2 cores ...
Finished in 32.81 s (38 µs/read; 1.60 M reads/minute).

=== Summary ===

Total reads processed:                 874,168
Reads with adapters:                   308,328 (35.3%)
Reads written (passing filters):       874,168 (100.0%)

Total basepairs processed:   219,416,168 bp
Quality-trimmed:               2,159,963 bp (1.0%)
Total written (filtered):    215,173,566 bp (98.1%)

=== Adapter 1 ===

Sequence: AGATCGGAAGAGC; Type: regular 3'; Length: 13; Trimmed: 308328 times

Minimum overlap: 1
No. of allowed errors:
1-9 bp: 0; 10-13 bp: 1

Bases preceding removed adapters:
  A: 35.1%
  C: 18.3%
  G: 11.3%
  T: 34.6%
  none/other: 0.6%

Overview of removed sequences
length	count	expect	max.err	error counts
1	198764	218542.0	0	198764
2	71288	54635.5	0	71288
3	4637	13658.9	0	4637
4	1216	3414.7	0	1216
5	227	853.7	0	227
6	309	213.4	0	309
7	9808	53.4	0	9808
8	280	13.3	0	280
9	367	3.3	0	365 2
10	306	0.8	1	291 15
11	110	0.2	1	96 14
12	211	0.1	1	201 10
13	70	0.0	1	65 5
14	60	0.0	1	51 9
15	67	0.0	1	60 7
16	38	0.0	1	32 6
17	53	0.0	1	45 8
18	77	0.0	1	68 9
19	41	0.0	1	36 5
20	403	0.0	1	383 20
21	251	0.0	1	244 7
22	162	0.0	1	153 9
23	113	0.0	1	102 11
24	1205	0.0	1	1172 33
25	274	0.0	1	258 16
26	73	0.0	1	65 8
27	126	0.0	1	111 15
28	547	0.0	1	519 28
29	172	0.0	1	159 13
30	118	0.0	1	111 7
31	63	0.0	1	50 13
32	66	0.0	1	59 7
33	58	0.0	1	47 11
34	68	0.0	1	49 19
35	58	0.0	1	50 8
36	53	0.0	1	46 7
37	788	0.0	1	759 29
38	79	0.0	1	69 10
39	105	0.0	1	89 16
40	48	0.0	1	38 10
41	93	0.0	1	83 10
42	117	0.0	1	108 9
43	177	0.0	1	167 10
44	90	0.0	1	82 8
45	73	0.0	1	64 9
46	115	0.0	1	107 8
47	50	0.0	1	39 11
48	24	0.0	1	17 7
49	88	0.0	1	81 7
50	41	0.0	1	32 9
51	68	0.0	1	62 6
52	47	0.0	1	32 15
53	55	0.0	1	47 8
54	123	0.0	1	98 25
55	98	0.0	1	91 7
56	45	0.0	1	42 3
57	64	0.0	1	52 12
58	41	0.0	1	34 7
59	75	0.0	1	72 3
60	38	0.0	1	32 6
61	34	0.0	1	32 2
62	38	0.0	1	30 8
63	38	0.0	1	32 6
64	22	0.0	1	20 2
65	47	0.0	1	43 4
66	59	0.0	1	48 11
67	34	0.0	1	29 5
68	53	0.0	1	45 8
69	87	0.0	1	70 17
70	73	0.0	1	66 7
71	88	0.0	1	79 9
72	147	0.0	1	127 20
73	203	0.0	1	174 29
74	386	0.0	1	318 68
75	746	0.0	1	608 138
76	2092	0.0	1	1908 184
77	1654	0.0	1	1512 142
78	995	0.0	1	866 129
79	663	0.0	1	593 70
80	454	0.0	1	406 48
81	295	0.0	1	251 44
82	229	0.0	1	203 26
83	172	0.0	1	145 27
84	142	0.0	1	126 16
85	114	0.0	1	92 22
86	120	0.0	1	108 12
87	100	0.0	1	83 17
88	92	0.0	1	75 17
89	93	0.0	1	76 17
90	75	0.0	1	62 13
91	77	0.0	1	66 11
92	68	0.0	1	55 13
93	92	0.0	1	86 6
94	439	0.0	1	424 15
95	93	0.0	1	77 16
96	138	0.0	1	120 18
97	67	0.0	1	59 8
98	53	0.0	1	46 7
99	41	0.0	1	34 7
100	37	0.0	1	29 8
101	42	0.0	1	37 5
102	41	0.0	1	32 9
103	35	0.0	1	30 5
104	41	0.0	1	37 4
105	58	0.0	1	52 6
106	45	0.0	1	39 6
107	29	0.0	1	21 8
108	31	0.0	1	28 3
109	33	0.0	1	28 5
110	22	0.0	1	19 3
111	66	0.0	1	59 7
112	27	0.0	1	18 9
113	46	0.0	1	37 9
114	40	0.0	1	35 5
115	30	0.0	1	17 13
116	28	0.0	1	24 4
117	33	0.0	1	28 5
118	25	0.0	1	22 3
119	12	0.0	1	7 5
120	20	0.0	1	15 5
121	19	0.0	1	14 5
122	22	0.0	1	18 4
123	37	0.0	1	33 4
124	15	0.0	1	9 6
125	18	0.0	1	16 2
126	29	0.0	1	21 8
127	37	0.0	1	31 6
128	21	0.0	1	16 5
129	32	0.0	1	26 6
130	15	0.0	1	9 6
131	17	0.0	1	12 5
132	16	0.0	1	9 7
133	29	0.0	1	23 6
134	30	0.0	1	20 10
135	14	0.0	1	10 4
136	17	0.0	1	11 6
137	14	0.0	1	10 4
138	11	0.0	1	7 4
139	14	0.0	1	9 5
140	12	0.0	1	6 6
141	15	0.0	1	11 4
142	21	0.0	1	13 8
143	12	0.0	1	6 6
144	21	0.0	1	16 5
145	17	0.0	1	11 6
146	28	0.0	1	20 8
147	43	0.0	1	37 6
148	15	0.0	1	10 5
149	32	0.0	1	27 5
150	15	0.0	1	9 6
151	26	0.0	1	20 6
152	14	0.0	1	9 5
153	56	0.0	1	52 4
154	60	0.0	1	54 6
155	32	0.0	1	28 4
156	121	0.0	1	110 11
157	56	0.0	1	49 7
158	43	0.0	1	27 16
159	31	0.0	1	26 5
160	52	0.0	1	45 7
161	51	0.0	1	44 7
162	26	0.0	1	20 6
163	28	0.0	1	18 10
164	21	0.0	1	17 4
165	30	0.0	1	27 3
166	89	0.0	1	77 12
167	48	0.0	1	47 1
168	56	0.0	1	50 6
169	22	0.0	1	17 5
170	11	0.0	1	7 4
171	13	0.0	1	8 5
172	74	0.0	1	66 8
173	28	0.0	1	26 2
174	21	0.0	1	19 2
175	53	0.0	1	45 8
176	27	0.0	1	25 2
177	11	0.0	1	4 7
178	13	0.0	1	9 4
179	8	0.0	1	7 1
180	29	0.0	1	23 6
181	60	0.0	1	52 8
182	11	0.0	1	7 4
183	14	0.0	1	11 3
184	10	0.0	1	4 6
185	43	0.0	1	39 4
186	9	0.0	1	7 2
187	9	0.0	1	6 3
188	5	0.0	1	5
189	19	0.0	1	18 1
190	10	0.0	1	10
191	12	0.0	1	6 6
192	17	0.0	1	15 2
193	23	0.0	1	20 3
194	5	0.0	1	5
195	13	0.0	1	10 3
196	8	0.0	1	6 2
197	9	0.0	1	5 4
198	9	0.0	1	7 2
199	9	0.0	1	9
200	11	0.0	1	10 1
201	14	0.0	1	11 3
202	16	0.0	1	14 2
203	19	0.0	1	18 1
204	4	0.0	1	4
205	28	0.0	1	25 3
206	24	0.0	1	21 3
207	14	0.0	1	13 1
208	28	0.0	1	26 2
209	31	0.0	1	29 2
210	23	0.0	1	21 2
211	29	0.0	1	28 1
212	14	0.0	1	12 2
213	12	0.0	1	12
214	7	0.0	1	6 1
215	11	0.0	1	10 1
216	5	0.0	1	4 1
217	11	0.0	1	10 1
218	4	0.0	1	3 1
219	3	0.0	1	1 2
220	2	0.0	1	2
221	2	0.0	1	1 1
222	1	0.0	1	0 1
223	2	0.0	1	2
224	3	0.0	1	1 2
226	3	0.0	1	1 2
228	2	0.0	1	2
231	1	0.0	1	1
233	1	0.0	1	1
234	2	0.0	1	0 2
235	2	0.0	1	1 1
236	1	0.0	1	0 1
237	4	0.0	1	1 3
239	1	0.0	1	0 1
240	2	0.0	1	0 2
241	1	0.0	1	0 1
242	3	0.0	1	1 2
243	2	0.0	1	0 2
245	2	0.0	1	0 2
246	2	0.0	1	0 2
247	6	0.0	1	0 6
248	11	0.0	1	0 11
249	6	0.0	1	0 6
250	24	0.0	1	0 24
251	416	0.0	1	0 416

RUN STATISTICS FOR INPUT FILE: SC2264/host_removal/SC2264_R1.fastq.gz
=============================================
874168 sequences processed in total

