quality	AA	AC	AG	AT	A.	CA	CC	CG	CT	C.	GA	GC	GG	GT	G.	TA	TC	TG	TT	T.	.A	.C	.G	.T	..
0	NA	NA	NA	NA	NA	NA	NA	NA	NA	NA	NA	NA	NA	NA	NA	NA	NA	NA	NA	NA	NA	NA	NA	NA	NA
1	NA	NA	NA	NA	NA	NA	NA	NA	NA	NA	NA	NA	NA	NA	NA	NA	NA	NA	NA	NA	NA	NA	NA	NA	NA
2	NA	NA	NA	NA	NA	NA	NA	NA	NA	NA	NA	NA	NA	NA	NA	NA	NA	NA	NA	NA	NA	NA	NA	NA	NA
3	NA	NA	NA	NA	NA	NA	NA	NA	NA	NA	NA	NA	NA	NA	NA	NA	NA	NA	NA	NA	NA	NA	NA	NA	NA
4	NA	NA	NA	NA	NA	NA	NA	NA	NA	NA	NA	NA	NA	NA	NA	NA	NA	NA	NA	NA	NA	NA	NA	NA	NA
5	NA	NA	NA	NA	NA	NA	NA	NA	NA	NA	NA	NA	NA	NA	NA	NA	NA	NA	NA	NA	NA	NA	NA	NA	NA
6	NA	NA	NA	NA	NA	NA	NA	NA	NA	NA	NA	NA	NA	NA	NA	NA	NA	NA	NA	NA	NA	NA	NA	NA	NA
7	NA	NA	NA	NA	NA	NA	NA	NA	NA	NA	NA	NA	NA	NA	NA	NA	NA	NA	NA	NA	NA	NA	NA	NA	NA
8	NA	NA	NA	NA	NA	NA	NA	NA	NA	NA	NA	NA	NA	NA	NA	NA	NA	NA	NA	NA	NA	NA	NA	NA	NA
9	NA	NA	NA	NA	NA	NA	NA	NA	NA	NA	NA	NA	NA	NA	NA	NA	NA	NA	NA	NA	NA	NA	NA	NA	NA
10	0.988095	NA	NA	0.0119048	NA	0.0588235	0.911765	0.0294118	NA	NA	0.0714286	NA	0.9	0.0285714	NA	NA	NA	0.037037	0.962963	NA	NA	NA	NA	NA	1
11	0.977428	0.0103794	0.00249286	0.00956352	0.000135974	0.0555136	0.926467	0.00431593	0.0135412	0.000161847	0.0198623	0.00467736	0.933002	0.0422939	0.000164696	0.0246377	0.00322061	0.0133655	0.958615	0.000161031	3.88878e-05	1.29626e-05	5.18504e-05	7.77756e-05	0.999819
12	0.973284	0.0151677	0.00398439	0.0071719	0.000391685	0.0475528	0.934762	0.00442646	0.0131107	0.000147549	0.0112184	0.00410853	0.952272	0.0322546	0.000146733	0.0116511	0.00533213	0.0192511	0.963696	6.92485e-05	0.000267642	0.000161372	0.000212539	7.87182e-05	0.99928
13	0.967226	0.0177752	0.0063502	0.00854937	9.94113e-05	0.0398939	0.945774	0.0045127	0.00971845	0.000101234	0.00789256	0.00334291	0.967016	0.0216391	0.000109348	0.0126597	0.00772938	0.0211469	0.958336	0.000127758	6.85585e-05	7.56507e-05	8.11669e-05	8.98352e-05	0.999685
14	0.967625	0.0176651	0.00529645	0.00926769	0.000145774	0.0323198	0.954508	0.00373587	0.00935251	8.34473e-05	0.0139194	0.00640073	0.949605	0.0298721	0.00020271	0.0144177	0.0107787	0.0211055	0.953457	0.000240999	0.000119624	6.896e-05	3.37763e-05	0.00011118	0.999666
15	0.967857	0.014733	0.006091	0.0112401	7.84923e-05	0.0300566	0.95172	0.00495319	0.0131287	0.00014152	0.0132295	0.00583313	0.951453	0.0294067	7.7775e-05	0.0152287	0.00864984	0.0212489	0.954661	0.000211911	0.000114809	0.000164012	4.92037e-05	0.000194472	0.999478
16	0.965729	0.0147035	0.00734448	0.0121199	0.000103341	0.0246463	0.958152	0.00408118	0.0130257	9.4976e-05	0.0118781	0.00554368	0.956754	0.0257317	9.22084e-05	0.0184133	0.0132086	0.0272612	0.940911	0.000206253	0.000172813	9.18607e-05	9.12866e-05	0.000114252	0.99953
17	NA	NA	NA	NA	NA	NA	NA	NA	NA	NA	NA	NA	NA	NA	NA	NA	NA	NA	NA	NA	NA	NA	NA	NA	NA
18	1	NA	NA	NA	NA	NA	1	NA	NA	NA	NA	NA	1	NA	NA	NA	NA	NA	1	NA	NA	NA	NA	NA	1
19	1	NA	NA	NA	NA	NA	1	NA	NA	NA	NA	NA	1	NA	NA	NA	NA	NA	1	NA	NA	NA	NA	NA	1
20	0.998424	0.000630418	0.000315209	0.000630418	NA	0.00531561	0.992913	0.000664452	0.00110742	NA	0.00622361	0.000333407	0.988998	0.00444543	NA	0.00130634	0.000653168	0.00283039	0.99521	NA	4.09031e-05	4.09031e-05	8.18063e-05	NA	0.999836
21	0.995112	0.00232482	0.00193735	0.00061101	1.49027e-05	0.00735017	0.990962	0.000444119	0.00115471	8.88238e-05	0.00106194	0.000245063	0.996304	0.0023281	6.12658e-05	0.000780966	0.00122095	0.00262889	0.995358	1.09995e-05	0.000123236	5.56549e-05	7.95071e-05	9.54085e-05	0.999646
22	0.995907	0.001953	0.00118427	0.000955725	NA	0.00487723	0.993219	0.000534491	0.00123601	0.000133623	0.00220223	0.000186104	0.994696	0.00291563	NA	0.00146083	0.000558551	0.00266386	0.995274	4.29655e-05	7.01723e-05	4.46551e-05	6.3793e-05	7.01723e-05	0.999751
23	0.996486	0.00130757	0.00175121	0.000420291	3.50242e-05	0.00594471	0.992196	0.00058895	0.00126992	NA	0.000726995	0.000308973	0.997001	0.00194471	1.81749e-05	0.000613919	0.0011034	0.00155969	0.996698	2.48886e-05	0.000145917	5.3926e-05	9.19914e-05	0.000101508	0.999607
24	0.997436	0.00116523	0.000832307	0.000532676	3.32923e-05	0.00440662	0.993481	0.000965834	0.00114693	NA	0.000954949	0.000224694	0.996742	0.00202224	5.61735e-05	0.000417106	0.000515249	0.00105503	0.997988	2.45357e-05	5.71184e-05	3.80789e-05	7.61578e-05	7.61578e-05	0.999752
25	0.997843	0.000931842	0.000878594	0.000292865	5.32481e-05	0.00286887	0.995233	0.000264819	0.00150064	0.000132409	0.00141275	0.000364581	0.994622	0.00355466	4.55726e-05	0.000575043	0.000390208	0.00170459	0.997289	4.10745e-05	7.64701e-05	4.58821e-05	6.11761e-05	3.82351e-05	0.999778
26	0.996102	0.00124037	0.00239213	0.000265793	NA	0.00476644	0.991579	0.00238322	0.00111217	0.000158881	0.00084246	NA	0.997136	0.0020219	NA	0.000666465	0.000424114	0.00139352	0.997455	6.05877e-05	5.002e-05	0.00010004	5.002e-05	7.503e-05	0.999725
27	0.996961	0.00126981	0.000918246	0.00076574	8.50822e-05	0.00252527	0.995522	0.000380835	0.00154379	2.81153e-05	0.00187634	0.000808651	0.99297	0.00431581	2.92826e-05	0.000971157	0.00194101	0.00420965	0.992742	0.000136508	0.000114317	5.78418e-05	5.78418e-05	8.83568e-05	0.999682
28	0.99796	0.00063743	0.00114737	0.000254972	NA	0.000337018	0.99818	6.74036e-05	0.00138177	3.37018e-05	0.00253894	0.00016206	0.99566	0.00163861	NA	0.000377192	0.00132017	0.00100585	0.997234	6.28654e-05	6.79527e-05	7.5503e-06	0.000188758	3.77515e-05	0.999698
29	0.999416	NA	NA	0.000437956	0.000145985	0.0002079	0.999584	NA	0.0002079	NA	0.00473601	8.77039e-05	0.995089	8.77039e-05	NA	NA	0.000315358	0.000630716	0.999054	NA	NA	NA	3.81214e-05	NA	0.999962
30	0.997971	0.000606727	0.00104317	0.000350585	2.86192e-05	0.00113272	0.997261	0.00027433	0.00132077	1.10617e-05	0.00103971	0.000237164	0.997643	0.00107571	4.23506e-06	0.000443652	0.00092206	0.00112242	0.997455	5.72454e-05	9.69002e-05	5.79501e-05	4.84501e-05	8.40752e-05	0.999713
31	0.998453	0.000541244	0.00076609	0.000220806	1.88493e-05	0.00109594	0.997676	0.000196542	0.0010233	8.54531e-06	0.000633297	0.000181227	0.998184	0.000999733	1.9915e-06	0.000280594	0.000872632	0.000990159	0.997788	6.90467e-05	0.000107117	5.71859e-05	5.88929e-05	6.57211e-05	0.999711
32	0.997542	0.000589167	0.00171333	0.000142213	1.35441e-05	0.00301785	0.996146	0.000487092	0.000349436	NA	0.000280657	2.00469e-05	0.999399	0.000300704	NA	0.000190078	0.000639929	0.000557562	0.998606	6.33593e-06	5.02932e-05	3.98154e-05	5.86754e-05	7.33442e-05	0.999778
33	0.997881	0.000498537	0.00148477	0.000130053	5.41888e-06	0.0033638	0.995981	0.00048928	0.000166006	NA	0.00023396	4.52827e-05	0.999585	0.000135848	NA	0.000220291	0.000599193	0.000440583	0.99874	NA	0.000106222	6.53674e-05	5.22939e-05	3.75862e-05	0.999739
34	0.998751	0.000348879	0.000682925	0.000176696	4.06273e-05	0.000462467	0.998485	0.000118659	0.00092899	5.07091e-06	0.000932253	0.00018274	0.997735	0.00113911	1.11314e-05	0.000210614	0.00100006	0.000976739	0.99774	7.2796e-05	9.62609e-05	5.32126e-05	4.32477e-05	7.71283e-05	0.99973
35	0.999386	0.0002086	0.000278801	7.42133e-05	5.21499e-05	0.000264328	0.999349	3.15615e-05	0.000348492	6.57532e-06	0.000713822	8.93808e-05	0.998413	0.000778715	4.89758e-06	8.70447e-05	0.000767491	0.000921925	0.998174	4.96061e-05	4.0928e-05	2.67838e-05	2.5881e-05	3.76177e-05	0.999869
36	0.998691	0.000314452	0.000810105	0.000157687	2.62811e-05	0.000639661	0.998399	0.000141091	0.00081511	5.11728e-06	0.000635995	0.000204402	0.998557	0.000598015	4.14329e-06	0.000183823	0.000887693	0.000770905	0.998091	6.70353e-05	9.30132e-05	5.456e-05	6.31213e-05	8.19851e-05	0.999707
37	0.998699	0.000350077	0.000817853	0.000112266	2.05218e-05	0.000694886	0.998306	0.000154651	0.000833864	1.04494e-05	0.000515345	7.10455e-05	0.998355	0.00105402	4.24153e-06	0.000126169	0.000883181	0.000867339	0.998045	7.86433e-05	9.78909e-05	6.10644e-05	4.86636e-05	6.93315e-05	0.999723
38	0.998817	0.000338118	0.000725154	9.50958e-05	2.42631e-05	0.000533414	0.998607	0.000117783	0.000734446	7.39996e-06	0.00062338	0.000134161	0.998479	0.000756293	6.86404e-06	0.000107016	0.000915585	0.000782103	0.998119	7.67143e-05	9.19668e-05	5.46314e-05	5.14108e-05	8.18278e-05	0.99972
39	0.998896	0.000292516	0.000700169	8.51628e-05	2.57428e-05	0.000477709	0.998648	0.000121844	0.000743435	8.95704e-06	0.000593291	0.00013407	0.998724	0.000541824	7.10869e-06	0.000113897	0.00084246	0.000681501	0.998282	8.03977e-05	9.90033e-05	5.5427e-05	5.25308e-05	7.55943e-05	0.999717
40	0.999115	0.000252189	0.000551312	5.0903e-05	3.05144e-05	0.000268737	0.998936	6.95519e-05	0.000714766	1.05906e-05	0.000512697	7.88047e-05	0.999208	0.000191533	8.8597e-06	8.49178e-05	0.000643885	0.000742806	0.998457	7.17497e-05	9.32841e-05	5.29228e-05	4.50153e-05	7.23415e-05	0.999736
