quality	AA	AC	AG	AT	A.	CA	CC	CG	CT	C.	GA	GC	GG	GT	G.	TA	TC	TG	TT	T.	.A	.C	.G	.T	..
0	NA	NA	NA	NA	NA	NA	NA	NA	NA	NA	NA	NA	NA	NA	NA	NA	NA	NA	NA	NA	NA	NA	NA	NA	NA
1	NA	NA	NA	NA	NA	NA	NA	NA	NA	NA	NA	NA	NA	NA	NA	NA	NA	NA	NA	NA	NA	NA	NA	NA	NA
2	NA	NA	NA	NA	NA	NA	NA	NA	NA	NA	NA	NA	NA	NA	NA	NA	NA	NA	NA	NA	NA	NA	NA	NA	NA
3	NA	NA	NA	NA	NA	NA	NA	NA	NA	NA	NA	NA	NA	NA	NA	NA	NA	NA	NA	NA	NA	NA	NA	NA	NA
4	NA	NA	NA	NA	NA	NA	NA	NA	NA	NA	NA	NA	NA	NA	NA	NA	NA	NA	NA	NA	NA	NA	NA	NA	NA
5	NA	NA	NA	NA	NA	NA	NA	NA	NA	NA	NA	NA	NA	NA	NA	NA	NA	NA	NA	NA	NA	NA	NA	NA	NA
6	NA	NA	NA	NA	NA	NA	NA	NA	NA	NA	NA	NA	NA	NA	NA	NA	NA	NA	NA	NA	NA	NA	NA	NA	NA
7	NA	NA	NA	NA	NA	NA	NA	NA	NA	NA	NA	NA	NA	NA	NA	NA	NA	NA	NA	NA	NA	NA	NA	NA	NA
8	NA	NA	NA	NA	NA	NA	NA	NA	NA	NA	NA	NA	NA	NA	NA	NA	NA	NA	NA	NA	NA	NA	NA	NA	NA
9	NA	NA	NA	NA	NA	NA	NA	NA	NA	NA	NA	NA	NA	NA	NA	NA	NA	NA	NA	NA	NA	NA	NA	NA	NA
10	NA	NA	NA	NA	NA	NA	NA	NA	NA	NA	NA	NA	NA	NA	NA	NA	NA	NA	NA	NA	NA	NA	NA	NA	NA
11	0.980621	0.00674598	0.00306636	0.00944438	0.000122654	0.0498948	0.930117	0.00465885	0.0151788	0.000150286	0.0218228	0.00497433	0.939827	0.0333761	NA	0.023245	0.0032543	0.0079033	0.965597	NA	NA	NA	3.39951e-05	NA	0.999966
12	0.971793	0.0141754	0.00464863	0.00906769	0.000315648	0.0378378	0.943677	0.00478647	0.0135754	0.000123788	0.0135904	0.00537354	0.952342	0.0286676	2.60851e-05	0.0161443	0.0073496	0.0214295	0.954994	8.25798e-05	0.000230259	6.57884e-05	0.000213812	9.86826e-05	0.999391
13	0.965351	0.0166804	0.00700399	0.0108366	0.000127626	0.0341869	0.94934	0.00515077	0.0111989	0.00012293	0.0102841	0.00457208	0.962926	0.0220964	0.000121275	0.0166603	0.01086	0.0223411	0.949981	0.000157668	0.000116997	6.54176e-05	0.000119513	8.55461e-05	0.999613
14	0.963577	0.0170178	0.00659792	0.0126795	0.000127399	0.0299631	0.953299	0.00427906	0.0122744	0.000184359	0.0171511	0.00715111	0.944706	0.0308373	0.000153994	0.0185013	0.0137661	0.0214794	0.945919	0.000333831	0.00019807	5.96338e-05	4.68552e-05	0.000159734	0.999536
15	0.97406	0.00858075	0.00624688	0.0110423	6.96678e-05	0.0127022	0.97504	0.00328668	0.00883633	0.0001347	0.0119131	0.0049973	0.960539	0.0224476	0.000103392	0.0276874	0.0146408	0.0261745	0.931253	0.000244014	7.88157e-05	0.000130217	7.53889e-05	0.000133644	0.999582
16	0.966372	0.0121523	0.00807747	0.0132541	0.000144241	0.0181246	0.96227	0.00425153	0.015214	0.000139811	0.0154218	0.00740322	0.953666	0.0233907	0.000118103	0.0181074	0.0135207	0.0197798	0.948284	0.000308065	0.000177534	9.45984e-05	8.16397e-05	0.000163279	0.999483
17	NA	NA	NA	NA	NA	NA	NA	NA	NA	NA	NA	NA	NA	NA	NA	NA	NA	NA	NA	NA	NA	NA	NA	NA	NA
18	NA	NA	NA	NA	NA	NA	NA	NA	NA	NA	NA	NA	NA	NA	NA	NA	NA	NA	NA	NA	NA	NA	NA	NA	NA
19	NA	NA	NA	NA	NA	NA	NA	NA	NA	NA	NA	NA	NA	NA	NA	NA	NA	NA	NA	NA	NA	NA	NA	NA	NA
20	0.997532	0.000705219	0.000352609	0.00141044	NA	0.0114286	0.987532	NA	0.00103896	NA	0.0051139	0.00023245	0.992329	0.0023245	NA	0.00189215	0.000946074	0.00141911	0.995743	NA	8.94694e-05	NA	8.94694e-05	NA	0.999821
21	0.996602	0.00115344	0.00165222	0.000592306	NA	0.00560626	0.993189	0.000277997	0.000926655	NA	0.000859599	0.000327466	0.997053	0.00176013	NA	0.000985351	0.00166415	0.00271519	0.99457	6.56901e-05	9.72282e-05	2.4307e-05	8.10235e-05	8.10235e-05	0.999716
22	0.996293	0.00167994	0.00110065	0.000753077	0.000173787	0.00562486	0.992606	0.000453618	0.00131549	NA	0.00224904	0.00060551	0.994161	0.0029843	NA	0.00185545	0.00117806	0.00309242	0.993815	5.89032e-05	0.000167346	0.000105692	7.92693e-05	7.04616e-05	0.999577
23	0.995698	0.00173645	0.00161806	0.000927424	1.97324e-05	0.00424582	0.993867	0.000534658	0.00135237	NA	0.00162811	0.000645102	0.995361	0.00236537	NA	0.00130665	0.00150549	0.00198838	0.995185	1.42027e-05	0.000102621	9.18184e-05	5.40108e-05	3.24065e-05	0.999719
24	0.997319	0.00141103	0.000752552	0.000517379	NA	0.00449076	0.994154	0.000338926	0.00101678	NA	0.00134835	0.000396574	0.99651	0.00166561	7.93147e-05	0.000846224	0.000913922	0.00104932	0.997089	0.000101547	0.000199707	6.6569e-05	2.66276e-05	7.98828e-05	0.999627
25	0.996704	0.00161357	0.000926943	0.000686625	6.86625e-05	0.00509474	0.992387	0.0010304	0.00143111	5.72443e-05	0.0020769	0.00106812	0.992879	0.00397579	NA	0.0011124	0.000569137	0.00194024	0.996326	5.17397e-05	0.000127462	4.90239e-05	6.86335e-05	3.92191e-05	0.999716
26	0.996137	0.00146027	0.00155448	0.000847897	NA	0.00673961	0.990722	0.00122538	0.00113786	0.000175055	0.00134284	0.000929656	0.994112	0.00361533	NA	0.000932929	0.00089961	0.00109952	0.997035	3.33189e-05	0.000290537	0.000124516	5.53403e-05	5.53403e-05	0.999474
27	0.996764	0.00095736	0.00102916	0.00119404	5.5846e-05	0.00149463	0.996637	0.000357413	0.00147433	3.65536e-05	0.00264399	0.0010332	0.991523	0.00478574	1.435e-05	0.00116602	0.00190234	0.00374627	0.993069	0.00011681	8.80314e-05	4.0571e-05	5.12879e-05	9.72173e-05	0.999723
28	0.997751	0.000511169	0.000868987	0.00081787	5.11169e-05	0.000447202	0.998379	0.000279501	0.000894404	NA	0.00319068	0.00038054	0.99476	0.00166852	NA	0.000614466	0.00105337	0.00131671	0.996928	8.77809e-05	3.6155e-05	NA	0.000192827	2.41034e-05	0.999747
29	1	NA	NA	NA	NA	0.00142045	0.99858	NA	NA	NA	0.00369686	NA	0.996072	0.000231054	NA	NA	NA	NA	1	NA	NA	NA	NA	NA	1
30	0.997638	0.000660756	0.00101473	0.000651317	3.53976e-05	0.00116017	0.997162	0.000314139	0.00135294	1.07093e-05	0.00166541	0.000532144	0.99664	0.00115298	9.85451e-06	0.000633978	0.00112274	0.00120775	0.997	3.54178e-05	9.2411e-05	4.89235e-05	6.60078e-05	8.93047e-05	0.999703
31	0.998327	0.000399891	0.000934438	0.000324401	1.42818e-05	0.000985363	0.997746	0.000199567	0.00106644	3.11824e-06	0.000999169	0.000248314	0.997756	0.000993257	2.95612e-06	0.000338955	0.000984137	0.00107063	0.997553	5.37652e-05	9.09267e-05	5.4814e-05	4.90101e-05	7.73844e-05	0.999728
32	0.997675	0.000431361	0.00166232	0.000220941	1.0521e-05	0.00363187	0.995758	0.000328747	0.000281783	NA	0.000345587	5.75979e-05	0.999294	0.000287989	1.43995e-05	0.000208915	0.00095911	0.000474807	0.998357	NA	0.000119326	4.58946e-05	6.42524e-05	7.95506e-05	0.999691
33	0.998173	0.000314206	0.00135182	0.000153449	7.30711e-06	0.00296504	0.99638	0.000402234	0.000252833	NA	0.000244994	3.19557e-05	0.999372	0.000340861	1.06519e-05	0.000238306	0.000805701	0.000556047	0.9984	NA	0.000128772	3.43393e-05	4.29241e-05	3.21931e-05	0.999762
34	0.998664	0.000337664	0.000712181	0.000242042	4.38265e-05	0.000477542	0.998483	0.000139348	0.000895587	4.69714e-06	0.00111835	0.000283109	0.997651	0.000942289	5.63402e-06	0.000264249	0.00103616	0.000922132	0.997697	8.00424e-05	7.73256e-05	3.92765e-05	5.58462e-05	7.8553e-05	0.999749
35	0.99958	0.000109293	0.000206306	6.99966e-05	3.43843e-05	6.52642e-05	0.999623	3.01219e-05	0.000277791	3.34688e-06	0.000718566	9.69229e-05	0.998613	0.000563155	8.35542e-06	8.27238e-05	0.000692517	0.000909962	0.998281	3.42713e-05	3.31218e-05	1.83567e-05	1.59623e-05	3.23237e-05	0.9999
36	0.998696	0.000300722	0.000764949	0.000206466	3.14187e-05	0.000762788	0.99822	0.000156443	0.000854814	6.13503e-06	0.000807579	0.000242274	0.998381	0.000555915	1.31466e-05	0.000196923	0.000846397	0.000810728	0.998078	6.76226e-05	8.24924e-05	5.19621e-05	6.20715e-05	8.26946e-05	0.999721
37	0.998741	0.000292379	0.000791338	0.00015327	2.24907e-05	0.000822764	0.998207	0.000159009	0.000799423	1.16704e-05	0.00059176	9.56825e-05	0.998418	0.000889111	5.88815e-06	0.00014405	0.000928062	0.000855643	0.997997	7.55674e-05	8.81611e-05	5.76438e-05	5.63396e-05	6.57296e-05	0.999732
38	0.998912	0.000282615	0.000667246	0.00011373	2.44055e-05	0.000587928	0.998585	0.000140882	0.000677652	8.65758e-06	0.000691447	0.000146342	0.998422	0.000732485	7.74297e-06	0.000142826	0.000862414	0.000797448	0.99812	7.73643e-05	8.69511e-05	4.92119e-05	5.69107e-05	8.4083e-05	0.999723
39	0.998885	0.00025867	0.000716149	0.000111257	2.92834e-05	0.000581168	0.998504	0.000128436	0.000777686	8.88032e-06	0.000633056	0.000140199	0.998549	0.000668385	9.75162e-06	0.000123218	0.000885211	0.000700384	0.99821	8.11187e-05	8.67411e-05	5.4028e-05	5.96818e-05	7.95454e-05	0.99972
40	0.999082	0.000215389	0.00058876	7.66433e-05	3.76148e-05	0.000298456	0.998858	7.696e-05	0.000751211	1.55887e-05	0.000528745	9.99576e-05	0.999083	0.000273111	1.48586e-05	0.000103971	0.000722294	0.000774617	0.998328	7.08585e-05	9.90893e-05	6.49053e-05	5.4792e-05	8.09677e-05	0.9997
