quality	AA	AC	AG	AT	A.	CA	CC	CG	CT	C.	GA	GC	GG	GT	G.	TA	TC	TG	TT	T.	.A	.C	.G	.T	..
0	NA	NA	NA	NA	NA	NA	NA	NA	NA	NA	NA	NA	NA	NA	NA	NA	NA	NA	NA	NA	NA	NA	NA	NA	NA
1	NA	NA	NA	NA	NA	NA	NA	NA	NA	NA	NA	NA	NA	NA	NA	NA	NA	NA	NA	NA	NA	NA	NA	NA	NA
2	NA	NA	NA	NA	NA	NA	NA	NA	NA	NA	NA	NA	NA	NA	NA	NA	NA	NA	NA	NA	NA	NA	NA	NA	NA
3	NA	NA	NA	NA	NA	NA	NA	NA	NA	NA	NA	NA	NA	NA	NA	NA	NA	NA	NA	NA	NA	NA	NA	NA	NA
4	NA	NA	NA	NA	NA	NA	NA	NA	NA	NA	NA	NA	NA	NA	NA	NA	NA	NA	NA	NA	NA	NA	NA	NA	NA
5	NA	NA	NA	NA	NA	NA	NA	NA	NA	NA	NA	NA	NA	NA	NA	NA	NA	NA	NA	NA	NA	NA	NA	NA	NA
6	NA	NA	NA	NA	NA	NA	NA	NA	NA	NA	NA	NA	NA	NA	NA	NA	NA	NA	NA	NA	NA	NA	NA	NA	NA
7	NA	NA	NA	NA	NA	NA	NA	NA	NA	NA	NA	NA	NA	NA	NA	NA	NA	NA	NA	NA	NA	NA	NA	NA	NA
8	NA	NA	NA	NA	NA	NA	NA	NA	NA	NA	NA	NA	NA	NA	NA	NA	NA	NA	NA	NA	NA	NA	NA	NA	NA
9	NA	NA	NA	NA	NA	NA	NA	NA	NA	NA	NA	NA	NA	NA	NA	NA	NA	NA	NA	NA	NA	NA	NA	NA	NA
10	0.990991	NA	0.00900901	NA	NA	NA	0.969697	0.030303	NA	NA	0.015873	0.00529101	0.936508	0.042328	NA	NA	NA	NA	1	NA	NA	NA	NA	NA	1
11	0.974521	0.013052	0.00342615	0.00897324	2.71916e-05	0.0718651	0.90164	0.00611124	0.0203063	7.73575e-05	0.0241666	0.00540817	0.911446	0.0586767	0.000302555	0.0225628	0.00601673	0.0207765	0.950644	NA	4.75817e-05	1.58606e-05	NA	3.96514e-05	0.999897
12	0.970641	0.0152905	0.00580411	0.00819841	6.60497e-05	0.0577136	0.919825	0.00613284	0.0162722	5.59566e-05	0.0124214	0.00416383	0.944538	0.0387363	0.000140196	0.0123341	0.00531282	0.0257925	0.956439	0.000121247	3.60656e-05	2.02869e-05	3.15574e-05	5.40984e-05	0.999858
13	0.965548	0.018164	0.00603039	0.0101266	0.000131251	0.0427516	0.940181	0.00492773	0.0120135	0.000126156	0.00921779	0.00350653	0.963515	0.0236682	9.2468e-05	0.0123544	0.00720512	0.021953	0.958347	0.000140794	3.93452e-05	3.02656e-05	2.57257e-05	4.12368e-05	0.999863
14	0.96385	0.0193426	0.00646308	0.0102334	0.000111088	0.0378392	0.94579	0.00430508	0.0119251	0.000140492	0.0140778	0.00530932	0.947584	0.0328955	0.000133042	0.0142899	0.0100383	0.0206473	0.954859	0.000165498	5.27333e-05	3.58586e-05	3.44524e-05	4.85146e-05	0.999828
15	0.96671	0.0160925	0.0062865	0.0108054	0.00010582	0.0329775	0.946291	0.00531567	0.0153516	6.43673e-05	0.012569	0.00564858	0.953596	0.0281096	7.67141e-05	0.0154976	0.00879938	0.0213379	0.954204	0.000160875	3.73775e-05	1.63527e-05	2.80332e-05	4.789e-05	0.99987
16	0.96444	0.0158356	0.00714306	0.0124903	9.13992e-05	0.0275463	0.953553	0.00464986	0.014151	0.000100027	0.0116204	0.00526304	0.956105	0.0269207	9.06237e-05	0.0176366	0.0112771	0.0255053	0.945453	0.000128354	5.51082e-05	2.61625e-05	3.0894e-05	4.31403e-05	0.999845
17	NA	NA	NA	NA	NA	NA	NA	NA	NA	NA	NA	NA	NA	NA	NA	NA	NA	NA	NA	NA	NA	NA	NA	NA	NA
18	1	NA	NA	NA	NA	NA	1	NA	NA	NA	NA	NA	1	NA	NA	NA	NA	NA	1	NA	NA	NA	NA	NA	1
19	1	NA	NA	NA	NA	NA	1	NA	NA	NA	NA	NA	1	NA	NA	0.00934579	NA	NA	0.990654	NA	NA	NA	NA	NA	1
20	0.996165	0.00287659	0.000287659	0.000479432	0.000191773	0.00932145	0.989308	0.000548321	0.000685401	0.00013708	0.0015448	6.43666e-05	0.994271	0.00411946	NA	0.00109529	0.00046941	0.00328587	0.995149	NA	7.56869e-05	NA	5.04579e-05	5.04579e-05	0.999823
21	0.996566	0.00220279	0.000588942	0.000611887	3.05944e-05	0.00510089	0.993393	0.000462739	0.00103309	1.07614e-05	0.000959	0.000247165	0.996035	0.00271882	3.95464e-05	0.00070469	0.000492165	0.00234337	0.996409	5.0335e-05	3.57639e-05	1.58951e-05	1.58951e-05	1.58951e-05	0.999917
22	0.996045	0.00238621	0.000862619	0.000616157	8.96228e-05	0.00578306	0.992645	0.000307225	0.00124697	1.80721e-05	0.00328341	0.000224891	0.992759	0.0037032	2.99855e-05	0.00101064	0.000723404	0.00265957	0.9955	0.000106383	3.27657e-05	1.31063e-05	9.82972e-06	2.2936e-05	0.999921
23	0.997365	0.00160754	0.000549949	0.000423037	5.43905e-05	0.0035447	0.994661	0.000299056	0.00141612	7.91619e-05	0.00115786	0.000239842	0.996526	0.00205106	2.48112e-05	0.000436106	0.000660273	0.00142244	0.997432	4.89091e-05	2.6354e-05	2.48037e-05	2.0153e-05	1.55023e-05	0.999913
24	0.997925	0.00107148	0.000714322	0.00028913	NA	0.00413377	0.994402	0.000258361	0.00120568	NA	0.00109409	0.000293537	0.996398	0.00218818	2.66852e-05	0.000361438	0.000361438	0.000959681	0.998268	4.98536e-05	2.84005e-05	1.42002e-05	1.89337e-05	1.89337e-05	0.99992
25	0.997904	0.00115806	0.000565244	0.000317088	5.51458e-05	0.00381565	0.993918	0.000346877	0.00191939	NA	0.00431692	0.000322158	0.992848	0.00238397	0.000128863	0.000491678	0.00119258	0.00106705	0.997186	6.27674e-05	5.42913e-05	3.10236e-05	3.87795e-06	3.10236e-05	0.99988
26	0.997165	0.000773096	0.00141734	0.000472448	0.000171799	0.00353063	0.993839	0.000138456	0.00249221	NA	0.00262411	7.0922e-05	0.995461	0.00184397	NA	0.000432651	0.00233631	0.000836458	0.99625	0.000144217	5.78376e-05	2.3135e-05	2.3135e-05	3.47025e-05	0.999861
27	0.996499	0.00161401	0.00117345	0.000646426	6.75248e-05	0.00280608	0.995175	0.000317056	0.00167877	2.3034e-05	0.00150924	0.000489329	0.994865	0.00311704	1.94815e-05	0.000920744	0.00107487	0.00361194	0.994303	8.9796e-05	3.98405e-05	1.66393e-05	1.68736e-05	2.88258e-05	0.999898
28	0.997008	0.00219963	0.000376513	0.000317064	9.90825e-05	0.000605682	0.997464	0.000113565	0.00179812	1.89276e-05	0.00133429	0.000258251	0.996718	0.00168939	NA	0.000391942	0.00141099	0.000548718	0.997609	3.91942e-05	1.80435e-05	4.51088e-06	1.35327e-05	3.60871e-05	0.999928
29	0.999248	0.000376223	0.000188111	NA	0.000188111	0.0015015	0.997998	NA	0.000500501	NA	0.000499688	NA	0.999063	0.000374766	6.2461e-05	NA	NA	0.000265322	0.999735	NA	NA	NA	NA	NA	1
30	0.998129	0.000667824	0.000873013	0.000280501	4.91838e-05	0.000461447	0.998167	0.000147663	0.00121822	6.15263e-06	0.00112808	0.000158983	0.997882	0.000826477	4.67597e-06	0.00033282	0.000852988	0.000629272	0.998149	3.63677e-05	2.01733e-05	8.79348e-06	7.75895e-06	2.66391e-05	0.999937
31	0.998554	0.000549633	0.000697003	0.000160153	3.90984e-05	0.000560046	0.998259	6.9112e-05	0.00109983	1.19159e-05	0.000903742	9.13649e-05	0.998374	0.000625244	5.50391e-06	0.000221319	0.000736107	0.000640446	0.998352	5.02628e-05	2.40809e-05	8.26304e-06	7.08261e-06	1.93591e-05	0.999941
32	0.999115	0.000265425	0.000516104	8.47886e-05	1.84323e-05	0.000356797	0.998935	3.39807e-05	0.00067395	NA	0.000167242	3.65843e-05	0.999582	0.000209053	5.22633e-06	0.000105483	0.000527415	0.000204161	0.999153	1.0208e-05	9.99678e-06	9.99678e-06	6.66452e-06	1.3329e-05	0.99996
33	0.999324	0.000181216	0.000433076	3.9929e-05	2.15002e-05	0.000599583	0.998764	4.08807e-05	0.000590498	4.5423e-06	0.00027311	3.41387e-05	0.999526	0.000162159	4.26734e-06	2.45302e-05	0.000598538	0.000230584	0.999117	2.94363e-05	6.28456e-06	5.38677e-06	7.18235e-06	1.16713e-05	0.999969
34	0.998439	0.00061068	0.000775121	0.000120615	5.43309e-05	0.000230952	0.99872	6.08077e-05	0.000980524	8.18565e-06	0.000958309	7.36363e-05	0.99857	0.00038685	1.14084e-05	0.000153278	0.000670981	0.000520831	0.998603	5.20049e-05	2.304e-05	9.17125e-06	7.60543e-06	2.23689e-05	0.999938
35	0.998875	0.000477146	0.000547764	5.08956e-05	4.8987e-05	0.000291589	0.999213	1.83284e-05	0.000474873	2.49933e-06	0.000569996	4.5022e-05	0.999178	0.000203024	4.24736e-06	6.07694e-05	0.000405497	0.000535323	0.998939	5.9112e-05	1.42332e-05	6.64214e-06	3.98529e-06	1.44229e-05	0.999961
36	0.998706	0.000434975	0.000720334	9.00417e-05	4.89653e-05	0.000104407	0.998875	3.71034e-05	0.000974179	9.06012e-06	0.000707588	5.60225e-05	0.999061	0.000167661	7.30728e-06	9.58585e-05	0.000692141	0.000246231	0.998907	5.88014e-05	2.16727e-05	8.10595e-06	8.44725e-06	1.95396e-05	0.999942
37	0.998614	0.000352168	0.000910889	8.43219e-05	3.82637e-05	0.000103179	0.998941	3.50073e-05	0.000915102	6.14163e-06	0.00071019	4.88294e-05	0.999103	0.000128564	9.8895e-06	7.99947e-05	0.000706343	0.000293092	0.998863	5.77555e-05	2.14776e-05	8.26062e-06	8.15048e-06	2.12573e-05	0.999941
38	0.998577	0.000433689	0.000872631	6.61519e-05	5.06289e-05	5.91264e-05	0.999014	2.59393e-05	0.000889947	1.06809e-05	0.000664379	4.27513e-05	0.999196	8.85838e-05	8.08809e-06	5.83416e-05	0.000667845	0.000217951	0.998992	6.37963e-05	2.22486e-05	9.54559e-06	7.63647e-06	2.26157e-05	0.999938
39	0.998731	0.000429149	0.000726432	5.9799e-05	5.37506e-05	4.27932e-05	0.999	2.48477e-05	0.000923137	8.83473e-06	0.000562961	3.42045e-05	0.999337	5.82846e-05	7.75303e-06	5.855e-05	0.000664262	0.000164047	0.999057	5.57695e-05	2.3413e-05	9.062e-06	7.80435e-06	2.31718e-05	0.999937
40	0.998914	0.000441503	0.000533383	5.59336e-05	5.56786e-05	2.78205e-05	0.999066	2.27483e-05	0.000873041	1.05288e-05	0.000410023	2.7411e-05	0.999513	3.41759e-05	1.49355e-05	5.60747e-05	0.000574254	0.000122666	0.999194	5.26853e-05	2.5979e-05	9.86702e-06	7.9467e-06	2.43397e-05	0.999932
