quality	AA	AC	AG	AT	A.	CA	CC	CG	CT	C.	GA	GC	GG	GT	G.	TA	TC	TG	TT	T.	.A	.C	.G	.T	..
0	NA	NA	NA	NA	NA	NA	NA	NA	NA	NA	NA	NA	NA	NA	NA	NA	NA	NA	NA	NA	NA	NA	NA	NA	NA
1	NA	NA	NA	NA	NA	NA	NA	NA	NA	NA	NA	NA	NA	NA	NA	NA	NA	NA	NA	NA	NA	NA	NA	NA	NA
2	NA	NA	NA	NA	NA	NA	NA	NA	NA	NA	NA	NA	NA	NA	NA	NA	NA	NA	NA	NA	NA	NA	NA	NA	NA
3	NA	NA	NA	NA	NA	NA	NA	NA	NA	NA	NA	NA	NA	NA	NA	NA	NA	NA	NA	NA	NA	NA	NA	NA	NA
4	NA	NA	NA	NA	NA	NA	NA	NA	NA	NA	NA	NA	NA	NA	NA	NA	NA	NA	NA	NA	NA	NA	NA	NA	NA
5	NA	NA	NA	NA	NA	NA	NA	NA	NA	NA	NA	NA	NA	NA	NA	NA	NA	NA	NA	NA	NA	NA	NA	NA	NA
6	NA	NA	NA	NA	NA	NA	NA	NA	NA	NA	NA	NA	NA	NA	NA	NA	NA	NA	NA	NA	NA	NA	NA	NA	NA
7	NA	NA	NA	NA	NA	NA	NA	NA	NA	NA	NA	NA	NA	NA	NA	NA	NA	NA	NA	NA	NA	NA	NA	NA	NA
8	NA	NA	NA	NA	NA	NA	NA	NA	NA	NA	NA	NA	NA	NA	NA	NA	NA	NA	NA	NA	NA	NA	NA	NA	NA
9	NA	NA	NA	NA	NA	NA	NA	NA	NA	NA	NA	NA	NA	NA	NA	NA	NA	NA	NA	NA	NA	NA	NA	NA	NA
10	NA	NA	NA	NA	NA	NA	NA	NA	NA	NA	NA	NA	NA	NA	NA	NA	NA	NA	NA	NA	NA	NA	NA	NA	NA
11	0.979357	0.00958029	0.00353558	0.00729927	0.000228102	0.047683	0.930658	0.00570853	0.0156145	0.000335796	0.0205101	0.00775849	0.932632	0.0390229	7.68167e-05	0.0297075	0.00822669	0.0205667	0.941499	NA	NA	0.000100281	NA	0.000133708	0.999766
12	0.973115	0.0132734	0.00607824	0.00729908	0.000233778	0.034619	0.946889	0.00504641	0.0132336	0.000211737	0.01322	0.00528802	0.951358	0.029952	0.000181649	0.0132502	0.00680855	0.0239318	0.955806	0.000203849	2.13011e-05	1.42007e-05	3.55018e-05	4.26021e-05	0.999886
13	0.967806	0.0153358	0.00639111	0.0103221	0.000144544	0.029646	0.954424	0.00463994	0.011135	0.00015496	0.010711	0.00454017	0.96295	0.0217117	8.6913e-05	0.0144523	0.00929617	0.0220001	0.954063	0.000188182	5.48543e-05	3.14738e-05	3.41716e-05	5.39551e-05	0.999826
14	0.963469	0.0161578	0.00740948	0.0127596	0.000204325	0.0286291	0.952845	0.00416198	0.0141242	0.000239955	0.0190533	0.00716233	0.940245	0.0333395	0.000200237	0.0179362	0.0128205	0.0213166	0.947635	0.000291533	9.64847e-05	5.6857e-05	3.27359e-05	6.54717e-05	0.999748
15	0.977887	0.0080526	0.00490666	0.00906231	9.17913e-05	0.0120504	0.97554	0.0031722	0.00908764	0.000149632	0.0151119	0.00604477	0.950394	0.0283032	0.000146244	0.0261135	0.0170344	0.0251941	0.931569	8.9386e-05	8.73141e-05	1.85212e-05	2.91047e-05	6.6147e-05	0.999799
16	0.962568	0.0122232	0.00995499	0.0150763	0.00017771	0.0179232	0.95912	0.00518253	0.0175769	0.000197075	0.01915	0.00851846	0.945997	0.0262326	0.000101835	0.0202996	0.013956	0.0198753	0.945586	0.000282836	0.000119103	5.63615e-05	4.99809e-05	8.72007e-05	0.999687
17	NA	NA	NA	NA	NA	NA	NA	NA	NA	NA	NA	NA	NA	NA	NA	NA	NA	NA	NA	NA	NA	NA	NA	NA	NA
18	NA	NA	NA	NA	NA	NA	NA	NA	NA	NA	NA	NA	NA	NA	NA	NA	NA	NA	NA	NA	NA	NA	NA	NA	NA
19	NA	NA	NA	NA	NA	NA	NA	NA	NA	NA	NA	NA	NA	NA	NA	NA	NA	NA	NA	NA	NA	NA	NA	NA	NA
20	0.997042	0.000985869	0.00131449	0.000657246	NA	0.00565504	0.993402	0.000471254	0.000471254	NA	0.00158479	0.000396197	0.995444	0.00257528	NA	0.000998502	NA	0.00449326	0.994508	NA	NA	NA	NA	NA	1
21	0.997106	0.00170378	0.000676843	0.000513467	NA	0.00249758	0.995941	0.000437077	0.00109269	3.12198e-05	0.000667324	0.000580282	0.997012	0.00174085	NA	0.000989264	0.00063248	0.00231909	0.996059	NA	5.85158e-06	1.17032e-05	1.17032e-05	1.75547e-05	0.999953
22	0.996148	0.00179893	0.0011301	0.000853341	6.91898e-05	0.00367607	0.994286	0.000655141	0.00127389	0.00010919	0.00340731	0.000500156	0.992779	0.00331354	NA	0.00214195	0.000870167	0.00345835	0.993485	4.46239e-05	3.38774e-05	6.77548e-06	1.3551e-05	2.03264e-05	0.999925
23	0.997437	0.00110074	0.000980111	0.000452359	3.01573e-05	0.00247348	0.995454	0.00073536	0.00133702	NA	0.00213689	0.000592405	0.994605	0.00262351	4.23146e-05	0.00100308	0.000641145	0.00177866	0.996505	7.23873e-05	3.13734e-05	3.13734e-05	1.1765e-05	4.31384e-05	0.999882
24	0.997936	0.000796726	0.000941585	0.000325933	NA	0.00179684	0.995867	0.000838524	0.00149736	NA	0.00240667	0.000167907	0.994739	0.00257458	0.000111938	0.000512571	0.000230657	0.00110203	0.998129	2.56285e-05	9.88543e-06	9.88543e-06	9.88543e-06	2.96563e-05	0.999941
25	0.997426	0.000750851	0.000938564	0.000777668	0.000107264	0.00219102	0.995037	0.000626006	0.00210159	4.47147e-05	0.00380675	0.000850443	0.992346	0.0029563	4.04973e-05	0.00111237	0.0014051	0.00103431	0.99639	5.85457e-05	2.21371e-05	7.37904e-06	2.21371e-05	3.68952e-05	0.999911
26	0.99678	0.000731797	0.00164654	0.000804976	3.65898e-05	0.00165605	0.996306	0.000318471	0.00171975	NA	0.00396258	0.000909445	0.991685	0.0034429	NA	0.000458085	0.000626853	0.00106083	0.997806	4.82195e-05	2.00325e-05	1.00162e-05	4.00649e-05	9.0146e-05	0.99984
27	0.996224	0.00110473	0.00135919	0.00125368	5.79258e-05	0.0014686	0.996528	0.000419601	0.00155383	2.95032e-05	0.00278025	0.00134817	0.990658	0.00518849	2.51733e-05	0.00128089	0.00146878	0.00374138	0.993399	0.000109464	4.66855e-05	1.57639e-05	1.33387e-05	4.12288e-05	0.999883
28	0.997987	0.00110919	0.000287569	0.000616219	NA	0.000426585	0.996843	0.000127975	0.00260217	NA	0.00257486	0.000688109	0.99525	0.0014872	NA	0.00075375	0.00437175	0.000376875	0.994498	NA	2.82811e-05	9.42703e-06	NA	1.88541e-05	0.999943
29	1	NA	NA	NA	NA	NA	1	NA	NA	NA	0.000192864	NA	0.999036	0.000771456	NA	NA	NA	NA	1	NA	NA	9.88338e-05	NA	NA	0.999901
30	0.997574	0.000616609	0.00111665	0.000633503	5.91269e-05	0.00030509	0.99793	0.000213037	0.00154912	2.63008e-06	0.0020453	0.000393874	0.99665	0.000908757	2.37273e-06	0.000602631	0.00110998	0.000667015	0.997584	3.60549e-05	2.6424e-05	6.18434e-06	8.43319e-06	2.41751e-05	0.999935
31	0.998464	0.000370289	0.00086847	0.000264705	3.27163e-05	0.000145512	0.998722	0.000102313	0.00102313	6.82088e-06	0.00125548	0.000230818	0.99781	0.000696769	6.47154e-06	0.000315288	0.000878671	0.000709828	0.998038	5.85781e-05	2.35727e-05	8.01472e-06	8.95762e-06	2.593e-05	0.999934
32	0.99901	0.000108378	0.000715297	0.000144504	2.16757e-05	0.000121625	0.999473	3.04062e-05	0.000354739	2.02708e-05	0.000256195	7.88294e-05	0.999231	0.000433562	NA	9.0803e-05	0.000252951	0.000233493	0.99941	1.29719e-05	1.23834e-05	6.19168e-06	8.25558e-06	1.03195e-05	0.999963
33	0.999124	0.000154648	0.000649521	6.18592e-05	1.03099e-05	8.32608e-05	0.999493	2.27075e-05	0.000401166	NA	0.000190654	6.59955e-05	0.999325	0.000417971	NA	6.72958e-05	0.000174177	0.000387941	0.999351	1.97929e-05	1.18239e-05	7.38995e-06	2.95598e-06	2.36478e-05	0.999954
34	0.998455	0.000404785	0.000887635	0.000190104	6.21634e-05	0.000142355	0.998803	5.95092e-05	0.000990654	4.66739e-06	0.00130594	0.000192465	0.998114	0.000381907	6.04602e-06	0.000212816	0.000803882	0.000415995	0.998497	6.98679e-05	2.52662e-05	1.00618e-05	1.11797e-05	2.66078e-05	0.999927
35	0.999343	0.000221538	0.000340699	6.2937e-05	3.18881e-05	3.07218e-05	0.99964	1.59298e-05	0.000311769	1.13784e-06	0.000620354	4.5685e-05	0.999101	0.000232032	1.20224e-06	5.31576e-05	0.000436987	0.000509688	0.998949	5.08125e-05	1.21549e-05	3.59121e-06	4.6962e-06	1.43648e-05	0.999965
36	0.998762	0.000270114	0.000777247	0.000139529	5.14289e-05	7.37592e-05	0.99894	4.65471e-05	0.000932374	7.16109e-06	0.00094186	8.60352e-05	0.99879	0.000170777	1.0997e-05	0.000137017	0.000717107	0.00024831	0.99884	5.72216e-05	2.45711e-05	1.04498e-05	9.32007e-06	2.25941e-05	0.999933
37	0.998783	0.000235781	0.000848695	8.57385e-05	4.69244e-05	5.10207e-05	0.999055	4.69391e-05	0.000841842	5.10207e-06	0.0010157	6.73177e-05	0.998801	0.000104936	1.08896e-05	8.2242e-05	0.000783231	0.00024783	0.99882	6.67871e-05	2.33419e-05	7.78063e-06	9.22819e-06	2.46085e-05	0.999935
38	0.998637	0.000327567	0.000908767	8.08972e-05	4.54218e-05	4.44519e-05	0.999123	3.10628e-05	0.000792636	9.1046e-06	0.000742838	5.91596e-05	0.9991	8.79677e-05	9.77419e-06	7.60344e-05	0.000741932	0.000191961	0.998923	6.68284e-05	2.59279e-05	1.04531e-05	6.55883e-06	2.66453e-05	0.99993
39	0.998703	0.000315486	0.000870855	5.75111e-05	5.2691e-05	3.00426e-05	0.999083	3.03728e-05	0.000851318	5.50232e-06	0.000650646	3.87314e-05	0.999255	4.76614e-05	7.99549e-06	5.79354e-05	0.000724879	0.000169811	0.998986	6.10569e-05	2.47049e-05	1.00063e-05	9.0638e-06	2.46648e-05	0.999932
40	0.998918	0.000428033	0.000547608	5.15129e-05	5.49285e-05	2.53421e-05	0.999022	2.80843e-05	0.000916664	8.13216e-06	0.000411018	3.08263e-05	0.999516	3.15529e-05	1.10539e-05	5.18612e-05	0.00057423	0.000138358	0.99918	5.5282e-05	2.90578e-05	1.16288e-05	8.63855e-06	2.59156e-05	0.999925
