
SUMMARISING RUN PARAMETERS
==========================
Input filename: SC2294/host_removal/SC2294_R2.fastq.gz
Trimming mode: paired-end
Trim Galore version: 0.6.4_dev
Cutadapt version: 4.1
Python version: could not detect
Number of cores used for trimming: 2
Quality Phred score cutoff: 20
Quality encoding type selected: ASCII+33
Using Illumina adapter for trimming (count: 19290). Second best hit was Nextera (count: 0)
Adapter sequence: 'AGATCGGAAGAGC' (Illumina TruSeq, Sanger iPCR; auto-detected)
Maximum trimming error rate: 0.1 (default)
Minimum required adapter overlap (stringency): 1 bp
Minimum required sequence length for both reads before a sequence pair gets removed: 20 bp
Running FastQC on the data once trimming has completed
Output file will be GZIP compressed


This is cutadapt 4.1 with Python 3.9.13
Command line parameters: -j 2 -e 0.1 -q 20 -O 1 -a AGATCGGAAGAGC SC2294/host_removal/SC2294_R2.fastq.gz
Processing single-end reads on 2 cores ...
Finished in 24.94 s (40 µs/read; 1.52 M reads/minute).

=== Summary ===

Total reads processed:                 630,746
Reads with adapters:                   218,594 (34.7%)
Reads written (passing filters):       630,746 (100.0%)

Total basepairs processed:   158,317,246 bp
Quality-trimmed:               3,314,665 bp (2.1%)
Total written (filtered):    153,472,225 bp (96.9%)

=== Adapter 1 ===

Sequence: AGATCGGAAGAGC; Type: regular 3'; Length: 13; Trimmed: 218594 times

Minimum overlap: 1
No. of allowed errors:
1-9 bp: 0; 10-13 bp: 1

Bases preceding removed adapters:
  A: 38.1%
  C: 19.3%
  G: 10.7%
  T: 31.2%
  none/other: 0.7%

Overview of removed sequences
length	count	expect	max.err	error counts
1	145647	157686.5	0	145647
2	42636	39421.6	0	42636
3	6146	9855.4	0	6146
4	1670	2463.9	0	1670
5	136	616.0	0	136
6	122	154.0	0	122
7	1644	38.5	0	1644
8	76	9.6	0	76
9	184	2.4	0	184
10	195	0.6	1	181 14
11	42	0.2	1	39 3
12	204	0.0	1	187 17
13	46	0.0	1	39 7
14	161	0.0	1	146 15
15	69	0.0	1	61 8
16	79	0.0	1	70 9
17	163	0.0	1	151 12
18	74	0.0	1	67 7
19	139	0.0	1	131 8
20	128	0.0	1	116 12
21	34	0.0	1	32 2
22	112	0.0	1	97 15
23	112	0.0	1	99 13
24	924	0.0	1	884 40
25	65	0.0	1	54 11
26	218	0.0	1	207 11
27	200	0.0	1	190 10
28	318	0.0	1	297 21
29	90	0.0	1	85 5
30	375	0.0	1	349 26
31	70	0.0	1	60 10
32	233	0.0	1	220 13
33	181	0.0	1	170 11
34	220	0.0	1	202 18
35	140	0.0	1	131 9
36	132	0.0	1	118 14
37	476	0.0	1	446 30
38	241	0.0	1	225 16
39	585	0.0	1	557 28
40	310	0.0	1	295 15
41	480	0.0	1	467 13
42	499	0.0	1	473 26
43	536	0.0	1	513 23
44	460	0.0	1	427 33
45	892	0.0	1	862 30
46	343	0.0	1	329 14
47	393	0.0	1	382 11
48	226	0.0	1	219 7
49	186	0.0	1	181 5
50	134	0.0	1	127 7
51	207	0.0	1	188 19
52	156	0.0	1	148 8
53	196	0.0	1	179 17
54	362	0.0	1	348 14
55	126	0.0	1	112 14
56	245	0.0	1	226 19
57	582	0.0	1	563 19
58	217	0.0	1	208 9
59	74	0.0	1	66 8
60	118	0.0	1	116 2
61	56	0.0	1	54 2
62	40	0.0	1	33 7
63	59	0.0	1	56 3
64	35	0.0	1	33 2
65	19	0.0	1	17 2
66	24	0.0	1	22 2
67	24	0.0	1	24
68	26	0.0	1	26
69	25	0.0	1	23 2
70	35	0.0	1	32 3
71	17	0.0	1	15 2
72	26	0.0	1	23 3
73	59	0.0	1	52 7
74	85	0.0	1	76 9
75	66	0.0	1	59 7
76	138	0.0	1	119 19
77	186	0.0	1	156 30
78	386	0.0	1	306 80
79	550	0.0	1	430 120
80	1031	0.0	1	866 165
81	800	0.0	1	668 132
82	490	0.0	1	382 108
83	301	0.0	1	245 56
84	170	0.0	1	131 39
85	114	0.0	1	85 29
86	91	0.0	1	65 26
87	88	0.0	1	64 24
88	57	0.0	1	40 17
89	74	0.0	1	60 14
90	42	0.0	1	30 12
91	34	0.0	1	25 9
92	35	0.0	1	20 15
93	32	0.0	1	23 9
94	204	0.0	1	193 11
95	35	0.0	1	31 4
96	68	0.0	1	62 6
97	50	0.0	1	43 7
98	25	0.0	1	20 5
99	19	0.0	1	17 2
100	26	0.0	1	19 7
101	24	0.0	1	18 6
102	11	0.0	1	8 3
103	20	0.0	1	14 6
104	16	0.0	1	11 5
105	40	0.0	1	37 3
106	22	0.0	1	17 5
107	21	0.0	1	19 2
108	22	0.0	1	16 6
109	14	0.0	1	10 4
110	10	0.0	1	9 1
111	20	0.0	1	15 5
112	9	0.0	1	6 3
113	26	0.0	1	20 6
114	14	0.0	1	6 8
115	11	0.0	1	7 4
116	10	0.0	1	8 2
117	29	0.0	1	26 3
118	12	0.0	1	10 2
119	7	0.0	1	5 2
120	12	0.0	1	5 7
121	10	0.0	1	4 6
122	12	0.0	1	8 4
123	19	0.0	1	18 1
124	12	0.0	1	8 4
125	9	0.0	1	5 4
126	9	0.0	1	3 6
127	39	0.0	1	32 7
128	8	0.0	1	6 2
129	12	0.0	1	8 4
130	9	0.0	1	7 2
131	19	0.0	1	13 6
132	7	0.0	1	5 2
133	12	0.0	1	7 5
134	17	0.0	1	13 4
135	13	0.0	1	9 4
136	8	0.0	1	5 3
137	7	0.0	1	4 3
138	9	0.0	1	4 5
139	6	0.0	1	2 4
140	10	0.0	1	6 4
141	25	0.0	1	24 1
142	17	0.0	1	10 7
143	16	0.0	1	11 5
144	5	0.0	1	4 1
145	10	0.0	1	8 2
146	21	0.0	1	16 5
147	32	0.0	1	27 5
148	9	0.0	1	4 5
149	8	0.0	1	4 4
150	7	0.0	1	2 5
151	13	0.0	1	11 2
152	6	0.0	1	4 2
153	29	0.0	1	26 3
154	32	0.0	1	30 2
155	15	0.0	1	13 2
156	51	0.0	1	48 3
157	28	0.0	1	28
158	21	0.0	1	19 2
159	27	0.0	1	25 2
160	55	0.0	1	51 4
161	24	0.0	1	22 2
162	39	0.0	1	36 3
163	21	0.0	1	15 6
164	42	0.0	1	36 6
165	12	0.0	1	12
166	34	0.0	1	30 4
167	33	0.0	1	29 4
168	35	0.0	1	34 1
169	26	0.0	1	23 3
170	21	0.0	1	20 1
171	5	0.0	1	5
172	30	0.0	1	28 2
173	12	0.0	1	12
174	13	0.0	1	11 2
175	28	0.0	1	27 1
176	33	0.0	1	30 3
177	5	0.0	1	4 1
178	3	0.0	1	3
179	6	0.0	1	6
180	15	0.0	1	13 2
181	9	0.0	1	9
182	3	0.0	1	3
183	7	0.0	1	7
184	4	0.0	1	3 1
185	46	0.0	1	41 5
186	5	0.0	1	5
187	8	0.0	1	7 1
188	4	0.0	1	4
189	3	0.0	1	3
190	10	0.0	1	9 1
191	2	0.0	1	2
192	12	0.0	1	11 1
193	9	0.0	1	9
194	1	0.0	1	1
195	1	0.0	1	1
196	1	0.0	1	1
197	2	0.0	1	2
198	4	0.0	1	4
199	2	0.0	1	2
200	7	0.0	1	6 1
201	2	0.0	1	2
202	2	0.0	1	2
203	1	0.0	1	1
204	3	0.0	1	3
205	1	0.0	1	1
206	2	0.0	1	2
207	3	0.0	1	2 1
208	9	0.0	1	8 1
209	3	0.0	1	3
210	2	0.0	1	2
211	2	0.0	1	2
212	2	0.0	1	2
213	2	0.0	1	2
214	4	0.0	1	4
215	9	0.0	1	7 2
216	4	0.0	1	4
217	3	0.0	1	3
218	1	0.0	1	1
220	2	0.0	1	2
222	2	0.0	1	2
224	1	0.0	1	1
227	1	0.0	1	1
229	2	0.0	1	2
230	4	0.0	1	4
236	1	0.0	1	1
241	1	0.0	1	1
242	1	0.0	1	0 1
243	1	0.0	1	1
246	1	0.0	1	0 1
247	3	0.0	1	0 3
248	2	0.0	1	0 2
249	4	0.0	1	0 4
250	6	0.0	1	0 6
251	235	0.0	1	1 234

RUN STATISTICS FOR INPUT FILE: SC2294/host_removal/SC2294_R2.fastq.gz
=============================================
630746 sequences processed in total

Total number of sequences analysed for the sequence pair length validation: 630746

Number of sequence pairs removed because at least one read was shorter than the length cutoff (20 bp): 3232 (0.51%)
