quality	AA	AC	AG	AT	A.	CA	CC	CG	CT	C.	GA	GC	GG	GT	G.	TA	TC	TG	TT	T.	.A	.C	.G	.T	..
0	NA	NA	NA	NA	NA	NA	NA	NA	NA	NA	NA	NA	NA	NA	NA	NA	NA	NA	NA	NA	NA	NA	NA	NA	NA
1	NA	NA	NA	NA	NA	NA	NA	NA	NA	NA	NA	NA	NA	NA	NA	NA	NA	NA	NA	NA	NA	NA	NA	NA	NA
2	NA	NA	NA	NA	NA	NA	NA	NA	NA	NA	NA	NA	NA	NA	NA	NA	NA	NA	NA	NA	NA	NA	NA	NA	NA
3	NA	NA	NA	NA	NA	NA	NA	NA	NA	NA	NA	NA	NA	NA	NA	NA	NA	NA	NA	NA	NA	NA	NA	NA	NA
4	NA	NA	NA	NA	NA	NA	NA	NA	NA	NA	NA	NA	NA	NA	NA	NA	NA	NA	NA	NA	NA	NA	NA	NA	NA
5	NA	NA	NA	NA	NA	NA	NA	NA	NA	NA	NA	NA	NA	NA	NA	NA	NA	NA	NA	NA	NA	NA	NA	NA	NA
6	NA	NA	NA	NA	NA	NA	NA	NA	NA	NA	NA	NA	NA	NA	NA	NA	NA	NA	NA	NA	NA	NA	NA	NA	NA
7	NA	NA	NA	NA	NA	NA	NA	NA	NA	NA	NA	NA	NA	NA	NA	NA	NA	NA	NA	NA	NA	NA	NA	NA	NA
8	NA	NA	NA	NA	NA	NA	NA	NA	NA	NA	NA	NA	NA	NA	NA	NA	NA	NA	NA	NA	NA	NA	NA	NA	NA
9	NA	NA	NA	NA	NA	NA	NA	NA	NA	NA	NA	NA	NA	NA	NA	NA	NA	NA	NA	NA	NA	NA	NA	NA	NA
10	1	NA	NA	NA	NA	0.0769231	0.923077	NA	NA	NA	0.0222222	NA	0.955556	0.0222222	NA	NA	NA	NA	1	NA	NA	NA	NA	NA	1
11	0.973393	0.0135654	0.00378435	0.008966	0.000291104	0.0760007	0.897453	0.00554085	0.0210056	NA	0.0231382	0.00541198	0.914899	0.0563944	0.000156869	0.0201917	0.00978992	0.0263104	0.943708	NA	6.70511e-05	3.35255e-05	NA	5.02883e-05	0.999849
12	0.970706	0.0149107	0.00564463	0.00861996	0.000119013	0.0611136	0.918068	0.00668502	0.0139715	0.000161921	0.0108864	0.00469833	0.946184	0.0380737	0.000157566	0.0111426	0.00535572	0.0242142	0.959219	6.80812e-05	5.09717e-05	1.85352e-05	1.39014e-05	4.17041e-05	0.999875
13	0.965943	0.0184273	0.00568223	0.00980221	0.000145326	0.0419518	0.941915	0.00497074	0.0110058	0.000156409	0.00786936	0.00359763	0.966338	0.0221049	9.01209e-05	0.0124156	0.00720031	0.0223687	0.957851	0.000164722	4.12169e-05	1.83186e-05	2.28983e-05	3.28209e-05	0.999885
14	0.964909	0.0193894	0.00576368	0.00980597	0.000131715	0.037036	0.946931	0.00428642	0.011601	0.000145185	0.0136943	0.00525959	0.948443	0.0325062	9.68023e-05	0.0154383	0.00999121	0.0205844	0.953809	0.000177044	5.22495e-05	1.74165e-05	3.33816e-05	3.91871e-05	0.999858
15	0.967477	0.0153238	0.0063028	0.0107855	0.000111273	0.0330022	0.947847	0.00541652	0.0136697	6.42275e-05	0.0127265	0.00542494	0.954978	0.0267559	0.000114727	0.0156606	0.00985055	0.0221868	0.952108	0.000194352	6.18656e-05	1.66561e-05	2.37945e-05	4.283e-05	0.999855
16	0.965319	0.0150797	0.00738006	0.0121224	9.88716e-05	0.0286103	0.952553	0.00485689	0.0138768	0.000102791	0.0116376	0.00504532	0.956437	0.0268101	7.01908e-05	0.0182235	0.0110115	0.0264947	0.944093	0.000176867	3.82265e-05	2.45334e-05	2.45334e-05	3.7656e-05	0.999875
17	NA	NA	NA	NA	NA	NA	NA	NA	NA	NA	NA	NA	NA	NA	NA	NA	NA	NA	NA	NA	NA	NA	NA	NA	NA
18	1	NA	NA	NA	NA	NA	1	NA	NA	NA	NA	NA	1	NA	NA	NA	NA	NA	1	NA	NA	NA	NA	NA	1
19	0.986667	0.0133333	NA	NA	NA	NA	1	NA	NA	NA	NA	NA	1	NA	NA	NA	NA	NA	1	NA	NA	NA	NA	NA	1
20	0.998211	0.00139137	0.000198768	NA	0.000198768	0.0108058	0.987033	0.000308737	0.00185242	NA	0.000796495	0.000265498	0.994292	0.00464622	NA	0.00283733	0.000315259	0.00409836	0.992434	0.000315259	NA	NA	5.27176e-05	5.27176e-05	0.999895
21	0.99674	0.0022256	0.000485871	0.000470197	7.83662e-05	0.00547997	0.992975	0.000423164	0.00103675	8.46328e-05	0.000847629	0.000322906	0.996145	0.00266398	2.01816e-05	0.000841581	0.000460064	0.00245742	0.996218	2.24422e-05	1.6021e-05	2.00263e-05	1.20158e-05	1.6021e-05	0.999936
22	0.996531	0.00239819	0.000325968	0.000605369	0.000139701	0.00552082	0.993017	0.000329056	0.00109685	3.65617e-05	0.000921221	0.000326885	0.994889	0.00386318	NA	0.00100452	0.000720634	0.00283886	0.995349	8.73496e-05	3.33997e-05	1.33599e-05	3.33997e-05	1.33599e-05	0.999906
23	0.997799	0.00142177	0.000321444	0.000407987	4.94529e-05	0.0036485	0.995078	0.000258149	0.000980966	3.44199e-05	0.000631901	0.000249435	0.997073	0.00201211	3.32579e-05	0.000318573	0.000318573	0.00134781	0.997999	1.63371e-05	1.55542e-05	6.22167e-06	1.55542e-05	1.55542e-05	0.999947
24	0.997713	0.00137213	0.000351828	0.000422193	0.000140731	0.00372728	0.994438	0.000344056	0.00149091	NA	0.000777648	0.000222185	0.996612	0.00238849	NA	0.000669975	0.000322581	0.00111663	0.997866	2.48139e-05	2.88096e-05	2.88096e-05	1.92064e-05	2.88096e-05	0.999894
25	0.997414	0.00147782	0.000568392	0.000454713	8.52588e-05	0.00236161	0.996316	0.000283393	0.00103911	NA	0.000939127	0.000298813	0.99667	0.00204901	4.26876e-05	0.000407	0.00079258	0.00124242	0.997537	2.14211e-05	7.11789e-05	7.90876e-06	3.16351e-05	5.53614e-05	0.999834
26	0.99797	0.000617829	0.0011474	0.000176523	8.82613e-05	0.00238798	0.996348	0.000140469	0.00112375	NA	0.00102354	0.00014622	0.997807	0.00102354	NA	0.000177557	0.0012429	0.00118371	0.997337	5.91856e-05	2.37164e-05	NA	4.74327e-05	NA	0.999929
27	0.996489	0.00142333	0.0013486	0.000656028	8.30416e-05	0.00284637	0.995172	0.000514005	0.00143148	3.59251e-05	0.00119189	0.000509134	0.995164	0.00311111	2.34624e-05	0.000975337	0.000790593	0.00378588	0.994333	0.000115465	2.95092e-05	1.47546e-05	1.23748e-05	2.52256e-05	0.999918
28	0.999022	0.000407448	0.000285214	0.000244469	4.07448e-05	0.000483505	0.996578	0.000297542	0.00260349	3.71927e-05	0.00141658	0.000321951	0.996888	0.00135219	2.14634e-05	0.000329679	0.000494519	0.000494519	0.998681	NA	2.72418e-05	NA	NA	9.08059e-06	0.999964
29	0.999201	NA	NA	NA	0.000799361	NA	0.998605	NA	0.0013947	NA	0.000265887	0.000132943	0.998671	0.000930604	NA	NA	NA	0.000571755	0.998856	0.000571755	NA	5.83499e-05	NA	NA	0.999942
30	0.998271	0.000581114	0.000836124	0.000275102	3.70924e-05	0.000441093	0.998213	0.000269141	0.00106411	1.24603e-05	0.000741292	0.000194706	0.998194	0.000867968	2.34586e-06	0.000430807	0.000791324	0.000600862	0.998129	4.76155e-05	1.98859e-05	2.61656e-06	4.70981e-06	1.30828e-05	0.99996
31	0.998574	0.000462761	0.000763256	0.000162267	3.75618e-05	0.000525349	0.998436	0.000229243	0.000797576	1.19398e-05	0.000489269	0.000104053	0.998747	0.000648669	1.10694e-05	0.000210559	0.000582328	0.000592198	0.998539	7.56697e-05	1.42392e-05	5.69567e-06	4.7464e-06	1.85109e-05	0.999957
32	0.999341	0.000288782	0.000251759	0.000118475	NA	0.000472102	0.999297	2.19582e-05	0.000208603	NA	0.000272425	3.14337e-05	0.999487	0.00019908	1.04779e-05	8.74226e-05	0.000248818	0.000147946	0.999502	1.34496e-05	2.20058e-06	6.60173e-06	6.60173e-06	8.80231e-06	0.999976
33	0.999477	0.000313781	0.000147661	4.30679e-05	1.84577e-05	0.000392465	0.999376	3.56786e-05	0.000187313	8.91965e-06	0.000189268	6.02218e-05	0.99951	0.000232284	8.60311e-06	5.80114e-05	0.000232045	0.000251383	0.999454	4.83428e-06	5.34545e-06	NA	NA	8.90908e-06	0.999986
34	0.9985	0.000444622	0.000871081	0.000114062	6.97446e-05	0.000221225	0.998786	0.000208281	0.000777819	7.06039e-06	0.000520481	7.49493e-05	0.999007	0.000385156	1.24915e-05	0.000136821	0.000579711	0.000530677	0.998676	7.67148e-05	2.18295e-05	6.97643e-06	5.17606e-06	1.80037e-05	0.999948
35	0.998809	0.0003924	0.00069017	5.17312e-05	5.67782e-05	0.000254014	0.999262	9.60695e-05	0.000385906	1.6283e-06	0.000375452	5.75016e-05	0.999334	0.00022155	1.18386e-05	4.48888e-05	0.000263859	0.0005102	0.999127	5.36476e-05	1.28033e-05	1.88284e-06	3.38911e-06	1.05439e-05	0.999971
36	0.9988	0.000295346	0.000751394	9.39242e-05	5.97206e-05	0.000102279	0.998939	0.000186508	0.000763222	8.59484e-06	0.000378608	5.18863e-05	0.999363	0.000194574	1.21608e-05	9.4067e-05	0.000576698	0.000288964	0.998979	6.08669e-05	2.04633e-05	2.89896e-06	3.7516e-06	1.67117e-05	0.999956
37	0.998577	0.000245442	0.00104101	8.32245e-05	5.2897e-05	0.000101432	0.999059	0.000205307	0.000629365	4.88827e-06	0.000292263	4.21057e-05	0.999542	0.000112695	1.11456e-05	7.83198e-05	0.00050576	0.00032058	0.999028	6.70365e-05	1.51671e-05	4.39627e-06	4.83589e-06	1.80247e-05	0.999958
38	0.998673	0.000291716	0.000896898	7.37565e-05	6.43005e-05	6.03201e-05	0.999024	0.000201318	0.00070273	1.131e-05	0.000333213	4.73835e-05	0.999519	8.63603e-05	1.45208e-05	5.51144e-05	0.000484253	0.000270861	0.999115	7.4899e-05	1.8483e-05	4.07499e-06	7.42231e-06	1.32437e-05	0.999957
39	0.998799	0.000297235	0.000791396	5.74319e-05	5.54167e-05	4.459e-05	0.998965	0.00023992	0.000739075	1.10121e-05	0.00032274	2.96174e-05	0.999586	5.09779e-05	1.02315e-05	5.6541e-05	0.000471771	0.000209349	0.999203	5.93786e-05	1.95251e-05	5.78647e-06	4.9405e-06	1.56336e-05	0.999954
40	0.998945	0.000279525	0.000651999	5.78261e-05	6.5297e-05	2.96369e-05	0.998923	0.000203681	0.000828235	1.58354e-05	0.000293784	2.63588e-05	0.999638	2.86944e-05	1.28458e-05	5.3413e-05	0.000386086	0.000230196	0.999274	5.59655e-05	2.11246e-05	6.99215e-06	5.45151e-06	1.93173e-05	0.999947
