ks_quality_p_value	fisher_strand_p_value	bias_p_value	bias_e_value
0.999781	1	1	29903
0.476415	1	0.82966	24809.3
0.724077	1	0.957851	28642.6
0.970437	1	0.999559	29889.8
0.999998	1	1	29903
0.96664	1	0.999437	29886.2
0.578878	0.790644	0.815401	24382.9
0.999999	0.0365745	0.157578	4712.05
0.999985	1	1	29903
0.991953	1	0.999968	29902
0.997891	1	0.999998	29902.9
0.119469	1	0.373304	11162.9
1	1	1	29903
0.680839	5.89107e-18	1.64677e-16	4.92432e-12
0.888965	0.0722313	0.240508	7191.91
0.467725	1	0.823137	24614.3
0.957106	1	0.999067	29875.1
1.50589e-05	1	0.000182266	5.45029
0.794199	1	0.977199	29221.2
0.197662	0.642703	0.389151	11636.8
0.0757107	0.642703	0.195753	5853.59
0.413271	0.642703	0.617737	18472.2
0.197662	0.642703	0.389151	11636.8
0.270894	0.642703	0.478457	14307.3
0.188572	0.642703	0.376961	11272.3
0.153338	0.375292	0.221851	6634.02
0.437287	1	0.798996	23892.4
0.996642	0.750339	0.965131	28860.3
0.995299	0.690767	0.945109	28261.6
0.530842	1	0.867019	25926.5
0.997816	1	0.999998	29902.9
0.995224	1	0.999989	29902.7
0.998072	1	0.999998	29902.9
0.131406	0.911576	0.373979	11183.1
0.000487081	0.845914	0.00362355	108.355
0.0170686	0.767629	0.0699006	2090.24
0.253577	0.725939	0.495617	14820.4
0.539159	0.873024	0.825388	24681.6
0.999971	0.874515	0.991772	29656.9
0.987872	0.81105	0.978785	29268.6
1	0.219636	0.552556	16523.1
0.782297	1.10617e-05	0.000109533	3.27536
0.754226	0.00372376	0.0193091	577.399
0.979145	0.00641124	0.0381095	1139.59
0.970182	0.0795608	0.274907	8220.54
0.958645	0.0795439	0.272509	8148.83
0.966833	0.110554	0.345885	10343
0.788963	0.07977	0.236993	7086.8
0.905423	0.079895	0.262329	7844.42
0.905964	0.110736	0.331001	9897.93
0.529357	0.298956	0.450005	13456.5
0.559471	0.11065	0.234135	7001.34
0.862328	0.165615	0.420761	12582
0.662001	0.171836	0.361026	10795.8
0.362159	0.00124931	0.00393667	117.718
0.958438	0.0022687	0.0155057	463.667
0.999802	1.5135e-28	9.84462e-27	2.94384e-22
0.980365	4.84866e-09	9.58506e-08	0.00286622
0.999996	9.32185e-05	0.000958335	28.6571
0.99999	2.18771e-26	1.31446e-24	3.93062e-20
0.757231	1	0.967807	28940.3
0.201504	1	0.524302	15678.2
0.999972	0.814737	0.981664	29354.7
0.963537	0.938185	0.995235	29760.5
0.623661	1	0.918122	27454.6
0.494006	1	0.842383	25189.8
0.0851158	0.00586249	0.00429278	128.367
0.333848	2.8354e-05	0.000118966	3.55744
0.953981	0.293316	0.636199	19024.3
0.999993	1.07846e-18	4.56951e-17	1.36642e-12
0.80357	1	0.979304	29284.1
0.156251	1	0.446298	13345.6
0.157877	1	0.449308	13435.7
1	0.630853	0.921476	27554.9
0.882959	1	0.992867	29689.7
0.744998	0.629687	0.824192	24645.8
0.671508	0.626247	0.78481	23468.2
0.45424	0.626216	0.642063	19199.6
1	3.21814e-11	8.09671e-10	2.42116e-05
0.923867	0.000336583	0.00282221	84.3925
0.999997	2.06827e-11	5.2951e-10	1.58339e-05
0.393915	1	0.760895	22753
0.539181	0.862544	0.821111	24553.7
0.965493	1	0.999398	29885
0.139087	0.0010055	0.00138103	41.2969
0.919063	1	0.996632	29802.3
0.862251	0.0049211	0.0274215	819.985
0.0257342	0.068454	0.0129329	386.733
0.978563	0.583096	0.890742	26635.9
0.880197	0.384915	0.7055	21096.6
0.699506	0.294914	0.531919	15906
0.458858	0.0439722	0.0989321	2958.37
0.590784	6.11871e-07	5.72339e-06	0.171147
0.289815	1	0.648755	19399.7
0.921024	1	0.996796	29807.2
0.907361	0.21559	0.514786	15393.7
0.763866	0.000657084	0.00431507	129.034
0.938804	0.00171297	0.0119528	357.425
0.999999	8.24753e-11	1.99743e-09	5.97291e-05
0.58276	1	0.897438	26836.1
0.68012	1	0.942297	28177.5
0.941031	0.699424	0.933481	27913.9
0.782389	1	0.97439	29137.2
0.924525	0.324454	0.66115	19770.4
0.620905	1.27619e-07	1.37487e-06	0.0411127
0.876899	3.0778e-11	6.83787e-10	2.04473e-05
0.415697	2.94545e-12	3.48084e-11	1.04087e-06
0.970427	1	0.999558	29889.8
0.973439	1	0.999644	29892.4
0.0372787	1	0.159901	4781.51
0.567829	1	0.889183	26589.2
0.999603	0.838621	0.986157	29489
0.198355	1	0.519233	15526.6
0.585845	1	0.899096	26885.7
1	6.82582e-11	1.66603e-09	4.98192e-05
0.988039	1.42382e-06	2.03622e-05	0.60889
0.527801	3.0915e-10	3.8404e-09	0.000114839
0.99978	1.49054e-08	2.83465e-07	0.00847646
0.932805	2.49896e-11	5.93999e-10	1.77623e-05
0.976203	1.20433e-10	2.80561e-09	8.38962e-05
1	2.47192e-11	6.28446e-10	1.87924e-05
1	5.05068e-10	1.13167e-08	0.000338404
0.853703	1	0.988735	29566.1
0.629304	0.803404	0.850414	25429.9
0.119599	1	0.373581	11171.2
0.983504	1	0.999863	29898.9
0.999999	1.41374e-20	6.60291e-19	1.97447e-14
0.930992	1	0.997562	29830.1
0.917608	1	0.996509	29798.6
0.882496	1	0.992809	29688
0.990175	1	0.999952	29901.6
0.58093	1	0.896448	26806.5
0.382046	1	0.749656	22417
0.890882	0.790381	0.951135	28441.8
0.467226	1	0.822758	24602.9
0.999998	1	1	29903
0.687953	1	0.945271	28266.4
0.754555	1	0.967058	28917.9
0.874548	1	0.99178	29657.2
1	1	1	29903
0.996959	0.732954	0.959967	28705.9
0.799679	0.377096	0.663061	19827.5
0.61849	1	0.915658	27380.9
0.982905	1	0.999853	29898.6
0.963919	0.37561	0.729891	21825.9
0.58783	0.359042	0.53938	16129.1
0.879839	0.045076	0.167658	5013.47
0.948381	0.647274	0.913418	27313.9
0.999997	1	1	29903
0.999919	1	1	29903
0.24829	0.513353	0.390023	11662.8
0.00492446	0.0970589	0.00413245	123.573
0.949955	0.136565	0.394679	11802.1
0.266404	0.292235	0.276606	8271.34
0.988266	0.0753575	0.267904	8011.13
0.83881	0.10495	0.301957	9029.42
0.789012	0.790251	0.918054	27452.6
1	1	1	29903
0.649943	0.340482	0.555063	16598.1
0.894366	0.406352	0.73128	21867.5
0.836418	5.88213e-09	9.90377e-08	0.00296153
0.84285	0.0632109	0.209499	6264.66
0.999994	0.653081	0.931327	27849.5
0.318437	0.124116	0.167217	5000.29
0.0615228	0.0486093	0.0203727	609.205
0.22977	1	0.567687	16975.5
0.999996	1	1	29903
0.601017	0.713294	0.79181	23677.5
0.996796	0.768239	0.970136	29010
0.928986	1	0.997417	29825.7
0.862137	0.209664	0.489963	14651.4
0.892768	0.00911351	0.0472832	1413.91
0.663127	0.14968	0.328545	9824.49
0.810574	0.00015266	0.00123709	36.9928
0.831833	0.504913	0.784353	23454.5
0.933701	0.754293	0.951188	28443.4
0.104841	0.021691	0.0161147	481.877
0.156633	0.00187868	0.00268692	80.3469
0.207605	0.00186863	0.00343504	102.718
0.129641	0.00187064	0.0022613	67.6195
0.55718	0.01293	0.0427439	1278.17
0.26733	0.000993991	0.00245344	73.3652
0.220372	0.000992482	0.00206199	61.6596
0.230509	0.000992493	0.00214658	64.1891
0.161468	0.00100195	0.00157403	47.0682
0.0374851	0.000998856	0.00041908	12.5317
0.209603	0.00126584	0.00245014	73.2665
0.226817	0.00128039	0.0026556	79.4103
0.657627	1	0.93325	27907
0.568159	1	0.88937	26594.8
0.800681	1	0.978666	29265.1
0.638816	1	0.925094	27663.1
0.457765	1	0.815462	24384.8
0.83729	1	0.98598	29483.8
0.876952	1	0.992098	29666.7
0.932466	1	0.997666	29833.2
0.846341	1	0.987538	29530.4
0.758187	8.45965e-11	1.5695e-09	4.69328e-05
0.985663	3.57114e-15	1.20665e-13	3.60823e-09
0.761058	0.346365	0.615069	18392.4
0.60874	0.346365	0.539055	16119.4
0.625394	4.32928e-05	0.000311821	9.32438
0.999997	1.50295e-08	2.8576e-07	0.00854507
0.925895	0.686393	0.923612	27618.8
0.69025	0.360021	0.594496	17777.2
0.932224	0.358997	0.700999	20962
0.999999	0.731875	0.960326	28716.6
0.895035	0.358805	0.685919	20511
0.0460936	1	0.187927	5619.59
0.95867	1	0.999134	29877.1
1	1	1	29903
0.160563	1	0.454243	13583.2
0.927033	0.86372	0.97867	29265.2
0.239337	1	0.58156	17390.4
0.353504	0.854279	0.663582	19843.1
0.566328	1	0.888332	26563.8
0.992968	0.200004	0.519626	15538.4
0.78461	1	0.974932	29153.4
0.621243	1	0.916975	27420.3
0.992213	0.277506	0.630466	18852.8
0.626657	1	0.919529	27496.7
0.115668	0.347326	0.169316	5063.05
0.430151	0.00059807	0.00238363	71.2776
0.930399	0.132769	0.381861	11418.8
0.988835	0.211355	0.536166	16033
0.89438	0.00410534	0.0242595	725.432
0.86967	0.0475776	0.173163	5178.11
0.649983	1	0.930002	27809.8
0.994939	1	0.999987	29902.6
0.67061	0.802502	0.871607	26063.7
0.411974	1	0.77731	23243.9
0.964591	0.82257	0.977025	29216
0.971771	0.489384	0.829032	24790.6
0.146545	0.000543867	0.000831855	24.875
0.29965	0.000543867	0.00158438	47.3777
0.921187	1	0.996809	29807.6
0.684228	0.000165923	0.00114477	34.232
0.999998	0.139224	0.413727	12371.7
0.97176	0.0675287	0.244365	7307.26
0.983163	0.0675116	0.246413	7368.47
0.964314	0.0674023	0.242661	7256.28
0.776468	1	0.972914	29093.1
0.999998	0.0484015	0.194972	5830.25
0.991111	1	0.99996	29901.8
0.969057	1	0.999516	29888.5
0.507374	0.0730659	0.159219	4761.13
0.396179	0.263103	0.339923	10164.7
0.999955	1	1	29903
0.98418	0.773157	0.968826	28970.8
0.999973	1	1	29903
0.547671	0.150264	0.287823	8606.77
0.345444	0.00533338	0.0134433	401.996
0.0140929	5.88033e-05	1.24334e-05	0.371797
0.79518	0.136269	0.349164	10441.1
0.654183	1	0.931797	27863.5
0.955427	0.394651	0.744827	22272.6
1	1	1	29903
0.85162	0.2199	0.500988	14981
0.899431	0.453484	0.773657	23134.7
0.887166	1	0.99338	29705.1
0.682824	0.859983	0.899829	26907.6
0.764081	1	0.969681	28996.4
0.367604	1	0.735484	21993.2
0.922968	1	0.996954	29811.9
1	1.70278e-09	3.60836e-08	0.00107901
0.788391	0.193342	0.439157	13132.1
0.778009	0.319258	0.59433	17772.2
0.997553	1	0.999997	29902.9
0.765735	0.583913	0.807022	24132.4
0.999992	1.86252e-14	6.07442e-13	1.81643e-08
0.917826	0.190719	0.480102	14356.5
0.999996	3.58947e-18	1.47773e-16	4.41885e-12
0.882268	1	0.99278	29687.1
0.999965	0.271907	0.625998	18719.2
0.127822	0.918491	0.368899	11031.2
0.31093	1	0.674155	20159.2
0.972939	0.662183	0.927512	27735.4
0.924569	0.697995	0.927987	27749.6
0.69051	0.0172283	0.0646151	1932.19
0.753564	0.0875071	0.245237	7333.33
0.637241	0.0286463	0.0913338	2731.15
0.983082	0.0286439	0.128684	3848.05
0.977181	0.0107147	0.0582061	1740.54
0.851417	0.136705	0.366729	10966.3
0.943318	1	0.998362	29854
0.643969	0.00793193	0.0320622	958.755
0.999999	1.01614e-18	4.31153e-17	1.28928e-12
0.694667	1	0.94775	28340.6
0.896594	1	0.994459	29737.3
0.978857	0.831394	0.981479	29349.2
0.115641	1	0.36511	10917.9
1	0.0122863	0.0663372	1983.68
1	2.74846e-07	4.42696e-06	0.13238
0.989753	0.332652	0.695019	20783.1
0.728794	0.0709232	0.204816	6124.62
0.723602	1	0.957697	28638
0.0624564	1.65994e-33	8.21633e-33	2.45693e-28
0.999994	3.95833e-34	3.084e-32	9.22209e-28
0.633964	9.64471e-32	4.45569e-30	1.33238e-25
0.995797	9.90692e-32	7.14184e-30	2.13562e-25
0.999998	2.47962e-36	2.05771e-34	6.15317e-30
1	1.89349e-30	1.31482e-28	3.93172e-24
0.971371	2.63647e-36	2.12441e-34	6.35262e-30
0.916995	1.25493e-36	9.63794e-35	2.88203e-30
0.999997	5.20512e-60	7.1573e-58	2.14025e-53
0.99217	1	0.999969	29902.1
0.999571	5.48535e-60	7.53656e-58	2.25366e-53
8.54662e-06	1.23341e-280	6.92772e-283	2.0716e-278
0.403748	0.00876055	0.0235018	702.774
0.999996	7.46358e-05	0.000783889	23.4406
0.945697	1	0.998498	29858.1
0.963504	0.872087	0.986502	29499.4
0.708925	1	0.952799	28491.6
0.999999	0.053131	0.20907	6251.82
0.795512	0.636158	0.850745	25439.8
0.86799	1	0.990876	29630.2
0.938363	0.134578	0.387591	11590.1
0.975848	1	0.999706	29894.2
0.982303	0.229697	0.561564	16792.4
0.644432	1	0.927586	27737.6
0.464116	0.548701	0.602991	18031.2
0.813022	0.677384	0.879245	26292.1
0.756346	1	0.96756	28933
1	1	1	29903
0.988745	1	0.999936	29901.1
0.945229	1.92183e-05	0.000216462	6.47287
3.2017e-06	0	0	0
0.933012	0.688637	0.926738	27712.2
0.963716	0.000377171	0.00324221	96.9518
0.217665	0.0191121	0.0269663	806.373
0.757079	0.214033	0.456938	13663.8
0.997929	2.95111e-05	0.000336696	10.0682
0.452415	1	0.811251	24258.8
0.827529	1	0.984189	29430.2
0.961108	0.039818	0.163146	4878.57
0.978683	1	0.999771	29896.2
0.888535	0.530447	0.825856	24695.6
1	0.149209	0.433066	12950
0.870843	1	0.991275	29642.1
0.872376	1	0.991486	29648.4
0.596154	0.119676	0.259712	7766.18
0.624965	5.34314e-07	5.31358e-06	0.158892
0.970709	0.00630868	0.0373285	1116.24
0.62664	0.647273	0.771615	23073.6
0.582865	1	0.897495	26837.8
0.989329	1	0.999943	29901.3
0.700845	1.94028e-06	1.97287e-05	0.589947
0.578732	0.000138791	0.000837724	25.0505
0.141051	0.621293	0.300987	9000.41
0.148879	0.0840804	0.0673533	2014.07
0.919219	0.0524592	0.194427	5813.94
0.996953	0.550653	0.878196	26260.7
0.394161	0.0103851	0.0266005	795.436
0.818141	1	0.982359	29375.5
0.721982	1	0.957171	28622.3
0.373301	1.51911e-10	1.39464e-09	4.17038e-05
0.120172	4.17088e-32	3.77787e-31	1.1297e-26
0.0211741	4.15293e-32	6.78095e-32	2.02771e-27
0.256377	6.46013e-31	1.19042e-29	3.55973e-25
0.700829	3.65251e-32	1.88766e-30	5.64466e-26
0.771486	5.14141e-31	2.81632e-29	8.42165e-25
0.885617	1	0.993193	29699.5
0.638485	1	0.924946	27658.6
0.955584	1	0.998999	29873.1
0.393303	1	0.760324	22736
0.925494	1	0.997153	29817.9
0.954047	1	0.998928	29870.9
0.124582	1	0.384059	11484.5
0.999986	0.000554102	0.00470879	140.807
0.824104	0.454105	0.742054	22189.7
0.525071	0.179208	0.316489	9463.97
0.908513	1	0.995681	29773.9
0.000185032	2.3687e-21	2.50203e-23	7.48183e-19
0.575572	1	0.893513	26718.7
0.895877	3.09817e-06	3.82882e-05	1.14493
0.941427	0.0992292	0.314879	9415.83
0.906976	0.58829	0.868737	25977.8
0.980475	0.56995	0.884014	26434.7
0.999995	4.28705e-18	1.75729e-16	5.25483e-12
0.66173	0.180184	0.372803	11147.9
0.725849	0.145	0.342207	10233
0.381959	0.0118514	0.0289611	866.024
0.130991	0.74758	0.325461	9732.26
0.999999	0.847524	0.987735	29536.2
0.911979	0.510806	0.821705	24571.4
0.462174	1	0.818886	24487.2
0.507661	0.0407753	0.100967	3019.21
0.935686	0.557052	0.860842	25741.8
0.996424	1.26751e-10	3.00492e-09	8.9856e-05
0.425819	0.772988	0.694918	20780.1
0.276224	1	0.631598	18886.7
1	0.822047	0.983133	29398.6
1	0.812638	0.981236	29341.9
0.94355	1	0.998376	29854.4
0.794179	0.0121334	0.0543691	1625.8
0.784133	1	0.974816	29149.9
0.873861	1	0.991687	29654.4
0.722555	2.24303e-05	0.000194972	5.83026
0.586601	3.53684e-07	3.40009e-06	0.101673
0.24232	4.01129e-09	2.1143e-08	0.000632238
0.48474	4.04059e-19	8.63307e-18	2.58155e-13
0.445195	1	0.805466	24085.8
0.443217	1	0.803861	24037.8
0.999976	0.632622	0.922281	27579
0.999973	0.399433	0.765987	22905.3
0.997744	1	0.999997	29902.9
0.951206	1	0.99879	29866.8
0.74937	1	0.96558	28873.7
0.69371	1	0.947401	28330.1
0.888327	1	0.993519	29709.2
0.619862	0.069579	0.178709	5343.92
0.948573	0.049847	0.191574	5728.63
0.672181	0.150335	0.332676	9948.02
0.885578	0.415604	0.735929	22006.5
0.502121	0.63459	0.683068	20425.8
0.85003	0.327918	0.634824	18983.1
0.936905	0.444703	0.781426	23367
0.998901	0.390054	0.756874	22632.8
0.999977	0.150451	0.435417	13020.3
0.979876	0.00763061	0.044084	1318.24
0.7009	0.00029265	0.00194697	58.2203
0.791517	0.0944478	0.26864	8033.15
0.775178	0.082213	0.239184	7152.33
0.093666	0.637036	0.227872	6814.04
0.316604	0.363791	0.364109	10888
0.995393	6.59293e-06	8.48809e-05	2.53819
0.00214976	1	0.0153544	459.143
0.998927	0.0178817	0.0897601	2684.1
0.589849	1	0.901223	26949.3
0.811519	0.741589	0.907419	27134.6
1	0	0	0
0.431055	0.55633	0.582235	17410.6
0.624451	1	0.918494	27465.7
0.307609	1	0.670257	20042.7
0.983254	0.802725	0.976051	29186.9
0.994563	0.177854	0.483299	14452.1
0.582562	1.31896e-05	9.81712e-05	2.93561
0.979666	0.00219378	0.0153508	459.036
0.998952	1	0.999999	29903
0.203662	1	0.527748	15781.3
0.472092	1	0.826435	24712.9
0.999991	0.00279547	0.019232	575.094
0.0376578	6.10807e-05	3.21621e-05	0.961744
0.925967	1.76323e-06	2.33888e-05	0.699397
0.768118	0.477272	0.734479	21963.1
0.998804	3.15469e-07	5.03214e-06	0.150476
0.893332	1.28822e-06	1.68882e-05	0.505008
0.976282	3.30502e-06	4.40244e-05	1.31646
0.989374	1.97487e-15	6.813e-14	2.03729e-09
0.999998	9.13632e-16	3.25518e-14	9.73398e-10
0.964878	0.00538305	0.0325157	972.317
0.827615	0.339403	0.637568	19065.2
0.876761	0.726516	0.924269	27638.4
0.974655	2.45314e-19	1.0491e-17	3.13711e-13
0.135611	0.140759	0.0946537	2830.43
0.946985	0.0336608	0.141718	4237.8
0.328463	0.00360591	0.00916555	274.077
0.955485	0.759046	0.958231	28654
0.976563	0.759046	0.963195	28802.4
0.716913	0.759046	0.875294	26173.9
0.716913	0.759046	0.875294	26173.9
0.935598	0.767277	0.955818	28581.8
0.977573	0.220717	0.546657	16346.7
0.259022	0.0701872	0.0910352	2722.22
0.999998	1.50698e-05	0.000182387	5.45391
0.666833	1	0.937044	28020.4
0.989106	1	0.99994	29901.2
0.0651277	0.803255	0.206666	6179.94
0.999996	0.119411	0.373179	11159.2
0.302526	1	0.664223	19862.3
0.0257189	0.156202	0.0261816	782.909
0.717311	7.01453e-07	7.80017e-06	0.233248
0.953869	0.0450994	0.178362	5333.55
0.971151	0.340033	0.696106	20815.7
0.70173	0.224587	0.448795	13420.3
0.654753	0.00196347	0.00984315	294.34
0.998867	4.86393e-06	6.43002e-05	1.92277
0.181346	0.33064	0.228693	6838.6
0.772638	0.583251	0.80984	24216.7
0.983028	0.0721862	0.258697	7735.83
0.364855	0.710366	0.609134	18214.9
0.714775	0.0632717	0.185246	5539.43
0.99965	1	1	29903
0.750679	0.0633814	0.192475	5755.57
0.0684217	1	0.251933	7533.56
0.999977	0.593044	0.902894	26999.3
0.70589	1	0.951748	28460.1
0.913063	0.215053	0.515992	15429.7
0.993494	1	0.999979	29902.4
0.287977	0.103908	0.134927	4034.73
0.999993	5.53958e-18	2.25651e-16	6.74765e-12
0.576201	0.0593396	0.149615	4473.92
0.413118	0.257831	0.345052	10318.1
0.671929	0.000130147	0.000904618	27.0508
0.973962	1.49057e-06	2.09674e-05	0.626988
0.998502	3.85928e-05	0.000430203	12.8643
0.999961	4.4313e-56	5.69205e-54	1.70209e-49
0.801245	1	0.978792	29268.8
0.999973	1	1	29903
0.873617	1	0.991654	29653.4
0.866773	1	0.990703	29625
0.628168	0.647545	0.77266	23104.8
0.894507	1	0.994229	29730.4
0.998633	1	0.999999	29903
1	1	1	29903
0.908556	1	0.995685	29774
0.49009	1	0.839606	25106.7
0.992473	0.031611	0.139981	4185.84
0.960014	0.729544	0.949805	28402
1	0.132596	0.400499	11976.1
0.855143	0.0137816	0.0641224	1917.45
0.557044	0.0233583	0.0695069	2078.46
0.753716	4.69819e-07	5.61394e-06	0.167874
0.699159	0.297644	0.534763	15991
0.808318	0.0763915	0.233699	6988.3
0.0816403	0.00355127	0.00265163	79.2918
0.717052	1.66465e-12	3.39637e-11	1.01562e-06
0.975989	2.45345e-11	6.09537e-10	1.8227e-05
0.999999	3.97884e-30	2.73332e-28	8.17345e-24
0.727129	1	0.95883	28671.9
0.910341	1	0.995855	29779
0.82075	1	0.982878	29391
0.835213	1	0.985608	29472.7
0.856989	0.236884	0.526704	15750
0.974767	0.0428252	0.174333	5213.09
0.0781532	1	0.277372	8294.26
0.87359	0.722386	0.921575	27557.9
1	0.61772	0.915288	27369.9
0.989393	0.39628	0.759177	22701.7
0.999998	0.726232	0.958543	28663.3
0.315019	1	0.678905	20301.3
0.980792	1	0.999814	29897.4
0.870179	1	0.991183	29639.3
0.990991	6.95778e-13	1.99977e-11	5.97991e-07
0.985112	4.9909e-06	6.50117e-05	1.94404
0.998734	0.311826	0.674739	20176.7
0.885969	1	0.993236	29700.7
0.914848	1	0.996267	29791.4
1	1	1	29903
0.999744	0.889894	0.993676	29713.9
0.789777	1	0.976168	29190.3
0.507022	1	0.851392	25459.2
0.000163771	1	0.00159137	47.5866
0.00218257	1	0.0155557	465.163
0.0214294	1	0.103782	3103.41
0.228932	1	0.566453	16938.6
0.355591	1	0.723263	21627.7
0.684292	1	0.943892	28225.2
0.223964	1.88302e-05	5.64118e-05	1.68688
1	0.00108848	0.00851515	254.629
0.994155	0.00420745	0.0270914	810.114
0.987161	0.00419713	0.0268742	803.621
0.983885	0.0167122	0.0839881	2511.5
0.991218	0.00420592	0.0270154	807.841
0.992136	1	0.999969	29902.1
0.995417	0.617197	0.913664	27321.3
0.977964	0.765031	0.965234	28863.4
0.985095	0.158751	0.446547	13353.1
0.942254	0.00856705	0.0469754	1404.71
0.509496	1	0.853066	25509.2
0.568848	1	0.889759	26606.5
0.20962	0.109257	0.109394	3271.2
0.512545	0.142483	0.264139	7898.55
0.1809	1	0.490204	14658.6
0.0444665	1	0.182892	5469.01
0.74031	1	0.962911	28793.9
0.999998	1.36237e-38	1.20146e-36	3.59272e-32
0.998851	1	0.999999	29903
0.695015	1	0.947877	28344.4
0.0514529	1	0.204118	6103.75
0.768647	1	0.970896	29032.7
0.678409	0.317979	0.546585	16344.5
0.732268	0.000103156	0.000792455	23.6968
0.367526	0.209008	0.273952	8191.98
0.980843	0.0907132	0.304242	9097.75
0.689195	0.00469651	0.021794	651.705
0.565462	0.00127605	0.0059414	177.666
0.998249	2.69693e-05	0.000310211	9.27624
0.829838	1	0.984623	29443.2
0.68623	1	0.944625	28247.1
0.772314	1	0.971852	29061.3
0.229718	1	0.567611	16973.3
0.639813	1	0.92554	27676.4
0.164609	0.0214713	0.0234866	702.32
0.88126	0.430766	0.747311	22346.8
0.915927	0.327022	0.660623	19754.6
0.744372	0.301277	0.559521	16731.4
0.659164	0.301319	0.519659	15539.4
0.770775	0.30136	0.571367	17085.6
0.613918	0.301402	0.49723	14868.7
0.4658	1	0.821671	24570.4
0.613817	0.169908	0.340051	10168.5
0.640064	0.162328	0.339163	10142
0.543	0.154328	0.291568	8718.75
0.58828	0.141827	0.29066	8691.6
0.849163	0.128732	0.351285	10504.5
0.877492	0.128672	0.359182	10740.6
0.833473	0.123477	0.336927	10075.1
0.952809	0.123477	0.369425	11046.9
0.890479	0.118302	0.342427	10239.6
0.874965	0.118936	0.339537	10153.2
0.759756	0.112965	0.296565	8868.19
0.801648	0.104979	0.292449	8745.11
0.873647	0.104962	0.310793	9293.64
0.0749474	1.96747e-27	9.59706e-27	2.86981e-22
0.981226	1	0.999823	29897.7
0.992831	1	0.999974	29902.2
0.644198	0.0512396	0.1456	4353.88
0.595939	1.24327e-08	1.46112e-07	0.00436919
1	4.90138e-06	6.48257e-05	1.93848
0.000856666	0.148527	0.00126849	37.9317
0.908757	1	0.995705	29774.6
0.247634	1	0.593283	17740.9
0.996947	1	0.999995	29902.9
0.396472	0.579599	0.567724	16976.6
0.951826	0.0458278	0.180249	5389.98
0.150506	0.00137725	0.00196536	58.7701
0.735633	1	0.96149	28751.4
0.942031	0.0246121	0.110461	3303.1
0.998665	1.17403e-09	2.52831e-08	0.000756041
0.172379	1	0.475431	14216.8
0.999981	1	1	29903
0.954736	1	0.99896	29871.9
0.953515	0.449854	0.792013	23683.6
0.52473	0.382382	0.522928	15637.1
1	5.54662e-11	1.36531e-09	4.0827e-05
0.999997	1	1	29903
0.791638	1	0.976605	29203.4
0.648591	0.377642	0.5895	17627.8
0.976708	1	0.999727	29894.8
0.986283	0.0931957	0.311312	9309.15
0.705731	0.0271164	0.094845	2836.15
0.965345	0.693084	0.937945	28047.4
0.991813	2.52701e-17	9.8311e-16	2.93979e-11
0.984118	1	0.999873	29899.2
0.985301	1	0.999891	29899.8
0.986382	1	0.999907	29900.2
0.987565	1	0.999922	29900.7
0.283793	1	0.641234	19174.8
0.117708	1	0.369551	11050.7
0.386553	1	0.753966	22545.9
0.348678	1	0.716048	21412
0.362729	1	0.730572	21846.3
0.430014	1	0.792919	23710.7
0.342207	1	0.709169	21206.3
0.999922	2.54331e-19	1.11428e-17	3.33204e-13
0.999994	8.93006e-09	1.74437e-07	0.0052162
0.997875	0.688592	0.944962	28257.2
0.277195	1	0.632846	18924
1	0.903517	0.995188	29759.1
0.965026	1	0.999381	29884.5
0.999996	0.0771233	0.274739	8215.53
0.998915	0.919891	0.996618	29801.9
0.607197	1	0.910129	27215.6
0.783507	1	0.974663	29145.4
0.607197	1	0.910129	27215.6
0.607197	1	0.910129	27215.6
0.766105	1	0.970223	29012.6
0.506052	1	0.850732	25439.4
0.756238	1	0.96753	28932.1
0.629892	0.000100462	0.000675069	20.1866
0.157413	1	0.448451	13410
0.475962	0.0215832	0.0573043	1713.57
0.946238	0.297936	0.638866	19104
0.999999	5.87386e-09	1.17199e-07	0.00350462
0.652718	1	0.931174	27844.9
0.479177	1	0.8317	24870.3
0.915566	1	0.996331	29793.3
0.436471	0.00380742	0.0122973	367.725
0.764546	1	0.969806	29000.1
0.287342	1	0.645681	19307.8
0.370764	1	0.738632	22087.3
0.469547	1	0.824518	24655.6
0.281449	1	0.638271	19086.2
0.000606409	1	0.00509866	152.465
0.0923448	1	0.312331	9339.63
0.270325	1	0.623945	18657.8
0.66225	1	0.935171	27964.4
0.920003	1	0.996711	29804.7
0.999997	1	1	29903
0.524146	1	0.862737	25798.4
0.0684471	1.34014e-07	1.78936e-07	0.00535071
0.842325	0.149878	0.387515	11587.9
0.957772	0.0194096	0.0926736	2771.22
0.998679	0.000216975	0.0020449	61.1487
0.955417	0.401377	0.751036	22458.2
1	0.00180643	0.0132166	395.215
0.482217	1	0.833927	24936.9
0.959879	1	0.999184	29878.6
0.984307	0.387506	0.749058	22399.1
0.989557	0.145844	0.423685	12669.4
0.839254	1	0.986327	29494.1
0.0377311	1	0.161386	4825.93
0.89703	1	0.994507	29738.7
0.952791	1	0.998868	29869.1
0.978884	1	0.999775	29896.3
0.997569	1	0.999997	29902.9
0.730226	0.000160893	0.00118066	35.3053
1	0.000143238	0.00141104	42.1942
0.689347	1	0.945791	28282
0.664582	1	0.936128	27993
0.760862	1	0.968808	28970.3
0.256232	1	0.605136	18095.4
0.878012	0.664807	0.89795	26851.4
0.977086	0.115018	0.358033	10706.2
0.838869	0.00282932	0.0167171	499.891
0.942314	1	0.998303	29852.3
0.292043	1	0.651505	19482
0.683236	1	0.943491	28213.2
0.995974	1	0.999992	29902.8
0.282167	1	0.639181	19113.4
0.00133262	0.00598315	0.000101575	3.03739
0.115235	0.107723	0.0668957	2000.38
0.000338134	1.85842e-104	1.55742e-105	4.65716e-101
0.499367	0.0027949	0.0105714	316.117
0.901168	1	0.994947	29751.9
0.940964	0.771534	0.958464	28661
0.985378	0.657218	0.928974	27779.1
0.999778	1	1	29903
0.0107644	0.332996	0.0237694	710.775
0.105333	0.772509	0.285509	8537.56
0.616925	1	0.914904	27358.4
0.856642	1	0.989195	29579.9
0.784935	0.453524	0.723672	21640
0.999996	1.78414e-05	0.000212918	6.36689
0.926376	0.16212	0.434917	13005.3
0.862525	0.580685	0.847166	25332.8
0.999973	0.790313	0.97629	29194
0.998122	0.75373	0.966424	28899
0.999996	0.38256	0.750148	22431.7
0.857425	0.580685	0.845109	25271.3
0.929634	0.580685	0.872632	26094.3
0.75036	0.580685	0.797699	23853.6
0.425171	0.580685	0.592243	17709.9
0.352568	0.580681	0.529444	15832
0.920441	0.262463	0.584759	17486.1
0.227615	1	0.564508	16880.5
0.441283	1	0.802283	23990.7
0.658105	1	0.93345	27913
0.968324	1	0.999493	29887.8
0.715259	1	0.95495	28555.9
0.982349	0.489825	0.833169	24914.3
1	3.53252e-10	8.04137e-09	0.000240461
0.999999	2.73943e-17	1.07211e-15	3.20593e-11
0.999999	0.0370415	0.15912	4758.15
0.327406	0.317448	0.339241	10144.3
0.64731	1	0.928844	27775.2
0.464638	0.645702	0.661213	19772.3
0.46847	0.0128166	0.0367174	1097.96
0.661701	1.48635e-06	1.45877e-05	0.436217
0.602381	0.144887	0.300117	8974.39
0.562054	0.00201444	0.00881274	263.527
0.999972	1	1	29903
0.686405	1	0.944691	28249.1
0.84243	1	0.986877	29510.6
0.868003	1	0.990878	29630.2
0.674588	1	0.940142	28113.1
0.400085	1	0.766594	22923.5
0.479841	0.571326	0.628916	18806.5
0.456367	0.332112	0.437529	13083.4
0.558024	0.237671	0.40056	11978
0.315045	0.00099468	0.00284167	84.9745
0.975595	0.28792	0.637566	19065.1
0.374797	0.0160509	0.0367769	1099.74
0.71221	0.0541853	0.164195	4909.93
0.947518	0.0541668	0.203736	6092.31
0.996503	0.0907323	0.307713	9201.55
0.890509	0.0906512	0.283888	8489.1
0.993262	0.0127165	0.0678481	2028.86
0.991823	0.15143	0.434931	13005.8
0.856516	0.0544116	0.189496	5666.51
0.953774	0.0875107	0.290737	8693.91
0.959274	0.0772143	0.266854	7979.75
0.935121	0.0506316	0.191766	5734.39
0.681109	1	0.942677	28188.9
0.702321	1	0.950497	28422.7
0.99667	0.421253	0.78422	23450.5
0.951037	1	0.998781	29866.6
0.52724	0.840493	0.803799	24036
0.963709	1	0.999333	29883.1
0.123748	1	0.38232	11432.5
0.924267	1	0.997057	29815
0.424647	1	0.788356	23574.2
0.989669	1	0.999946	29901.4
0.999999	1	1	29903
0.23843	1	0.580263	17351.6
0.813674	0.0443355	0.155921	4662.5
0.999998	1	1	29903
0.945356	1	0.998479	29857.5
0.790395	1	0.976314	29194.7
0.835728	1	0.985701	29475.4
0.997043	1	0.999996	29902.9
0.142312	0.188324	0.123801	3702.03
0.918121	1	0.996552	29799.9
0.969925	0.725481	0.950969	28436.8
0.524634	0.454961	0.580632	17362.6
0.999999	0.678301	0.941593	28156.5
0.986031	0.74672	0.961691	28757.4
0.901249	1	0.994955	29752.1
0.902863	0.74113	0.937975	28048.3
0.73702	0.174817	0.392865	11747.8
0.403738	0.320187	0.39374	11774
0.999987	7.3394e-14	2.29302e-12	6.85681e-08
0.999986	1	1	29903
0.999973	0.619492	0.916131	27395.1
0.985842	1	0.999899	29900
0.986579	1	0.99991	29900.3
0.79413	0.417263	0.697365	20853.3
0.838999	1	0.986282	29492.8
1	0.416105	0.780953	23352.8
0.0410504	1	0.172122	5146.98
0.786334	1	0.975348	29165.8
0.0827426	1	0.288939	8640.14
0.836283	6.56604e-09	1.09932e-07	0.00328729
0.916223	1	0.996388	29795
1	1	1	29903
0.529694	1	0.866291	25904.7
0.41403	1	0.779129	23298.3
0.710593	1	0.953371	28508.7
1	0.542049	0.873999	26135.2
0.999852	1	1	29903
0.99624	1	0.999993	29902.8
0.995134	0.528076	0.863614	25824.6
1	0.376761	0.744534	22263.8
0.212125	0.0185892	0.025772	770.661
0.570629	0.0401327	0.109388	3271.03
0.560935	0.0996538	0.217124	6492.67
0.939877	1	0.998155	29847.8
0.902719	1	0.995107	29756.7
0.913817	1	0.996175	29788.6
0.680793	1	0.942556	28185.2
0.941917	1	0.99828	29851.6
0.89802	1	0.994614	29741.9
0.97326	1	0.999639	29892.2
0.98107	1	0.99982	29897.6
0.973024	1	0.999633	29892
0.947699	1	0.998608	29861.4
0.9911	1	0.99996	29901.8
0.814661	1	0.981653	29354.4
0.871237	1	0.991329	29643.7
0.876909	1	0.992093	29666.6
0.976009	1	0.99971	29894.3
0.959564	1	0.999171	29878.2
0.824397	1	0.983591	29412.3
0.860066	1	0.989718	29595.5
0.938848	1	0.998091	29845.9
0.969473	1	0.999529	29888.9
0.949975	1	0.998727	29864.9
0.481092	1	0.833105	24912.3
0.784072	1	0.974801	29149.5
0.708318	1	0.95259	28485.3
0.801337	1	0.978812	29269.4
0.74654	1	0.964758	28849.2
0.545512	1	0.876109	26198.3
0.760978	1	0.96884	28971.2
0.304576	1	0.666667	19935.3
0.892153	1	0.993963	29722.5
0.999926	1	1	29903
0.602211	1	0.907621	27140.6
0.999995	2.58199e-07	4.17494e-06	0.124843
0.988395	0.598438	0.902089	26975.2
0.950414	0.809095	0.970982	29035.3
0.999912	1	1	29903
0.935882	9.78003e-07	1.36416e-05	0.407924
0.967168	6.0333e-09	1.16467e-07	0.00348272
0.0938646	1	0.315939	9447.53
0.965766	1	0.999407	29885.3
0.693258	1	0.947235	28325.2
0.889629	1	0.993672	29713.8
0.999992	1	1	29903
0.37335	1	0.741189	22163.8
1	1	1	29903
1	0.0798964	0.281797	8426.56
0.326814	0.00633284	0.0148609	444.386
0.637207	1.88918e-06	1.76116e-05	0.526639
0.141024	4.71305e-07	1.16491e-06	0.0348342
0.297421	2.94634e-06	1.30986e-05	0.391687
0.102545	4.7131e-07	8.62471e-07	0.0257905
0.232661	4.71418e-07	1.86739e-06	0.0558405
0.238834	9.43677e-07	3.67497e-06	0.109893
0.365037	8.71479e-05	0.000361249	10.8024
0.736968	0.00141992	0.00822748	246.026
0.412899	0.0612454	0.118283	3537.03
0.751495	0.166876	0.385776	11535.8
0.167307	9.82574e-07	2.73236e-06	0.0817058
0.924643	0.376189	0.715164	21385.5
0.944935	0.307358	0.64952	19422.6
0.918894	0.000176741	0.00157947	47.2308
0.873611	0.000176436	0.00150709	45.0667
0.845107	0.000176716	0.00146495	43.8065
0.915063	0.000177632	0.00158068	47.267
0.807481	0.0242258	0.0965215	2886.28
0.936637	0.00670426	0.0381193	1139.88
0.994571	0.0123242	0.0662095	1979.86
0.888446	0.0607397	0.211508	6324.74
0.866802	0.0949571	0.287857	8607.79
0.973712	0.08375	0.285954	8550.89
1	0.60927	0.911159	27246.4
0.77105	0.171536	0.399826	11956
0.848765	0.00518289	0.0282699	845.355
0.751677	0.738075	0.881656	26364.2
0.999998	8.25435e-07	1.23876e-05	0.370426
1	1.01124e-16	3.82555e-15	1.14396e-10
0.95191	0.614743	0.898741	26875
0.997231	1	0.999996	29902.9
0.0202285	0.901636	0.0912703	2729.26
0.859916	1	0.989695	29594.8
0.92269	1	0.996931	29811.2
0.999999	0.543013	0.874588	26152.8
0.0156554	1	0.0807338	2414.18
0.54842	0.0701382	0.163785	4897.66
0.322933	0.000149067	0.000526704	15.75
0.968779	0.166205	0.455071	13608
1	2.95076e-10	6.77016e-09	0.000202448
0.934036	1	0.997775	29836.5
0.997812	1	0.999998	29902.9
0.787786	1	0.975696	29176.2
0.597478	0.0999913	0.22808	6820.27
0.999999	0.000144156	0.00141916	42.4372
0.20168	0.733535	0.430645	12877.6
0.312491	0.0668307	0.101679	3040.52
0.0204212	1	0.0998838	2986.83
0.0123508	1	0.0666204	1992.15
0.461876	1	0.818656	24480.3
0.457327	1	0.81512	24374.5
0.609817	1	0.91143	27254.5
0.137738	1	0.41079	12283.9
0.041681	1	0.174131	5207.05
0.0594728	1	0.227319	6797.52
0.669638	1	0.938175	28054.2
0.00386864	3.24945e-05	2.12315e-06	0.0634884
0.546524	0.152345	0.290227	8678.67
0.000262248	6.10377e-05	3.03337e-07	0.00907068
0.754892	0.486681	0.735271	21986.8
0.00633634	6.06738e-05	6.06334e-06	0.181312
0.00116249	6.06287e-05	1.23114e-06	0.0368149
0.272781	6.06287e-05	0.000198623	5.93942
0.0303346	6.06287e-05	2.61273e-05	0.781284
0.00116249	6.06287e-05	1.23114e-06	0.0368149
0.00678418	6.06287e-05	6.45927e-06	0.193152
0.00678418	6.06287e-05	6.45927e-06	0.193152
0.999992	0.0636971	0.239093	7149.6
0.980411	0.0014801	0.0109347	326.98
0.993931	1	0.999982	29902.4
0.808125	1	0.980287	29313.5
0.999999	0.725798	0.958404	28659.2
0.0521932	1	0.20631	6169.27
0.331394	0.274469	0.309015	9240.49
0.812904	1	0.981291	29343.5
0.996226	1	0.999993	29902.8
0.967688	1	0.999472	29887.2
0.671878	0.00269728	0.0132533	396.313
0.541894	0.000286338	0.00151612	45.3366
0.824561	0.000909711	0.00614738	183.825
1	0.00810777	0.0471462	1409.81
4.9232e-05	1.31047e-09	2.02402e-12	6.05244e-08
0.814206	2.20289e-08	3.37851e-07	0.0101028
0.0045031	6.03202e-10	7.50557e-11	2.24439e-06
0.937002	1.04809e-08	1.909e-07	0.00570849
0.569684	0.718296	0.774842	23170.1
0.827457	1.07892e-19	4.00516e-18	1.19766e-13
0.925034	0.0168827	0.0805746	2409.42
0.157563	0.00668538	0.00827503	247.448
0.871057	1	0.991305	29643
0.388041	1	0.755378	22588.1
0.76757	1	0.970612	29024.2
0.479561	1	0.831983	24878.8
0.53634	1	0.870473	26029.8
0.395898	1	0.762736	22808.1
0.458529	1	0.816058	24402.6
0.554914	1	0.881726	26366.3
0.603011	1	0.908026	27152.7
0.837881	0.0805691	0.249475	7460.04
0.998868	1	0.999999	29903
0.940936	0.688346	0.92901	27780.2
0.91784	1	0.996528	29799.2
0.997909	0.213479	0.542447	16220.8
1	0.15375	0.441635	13206.2
0.91575	1	0.996347	29793.8
0.889363	1	0.993641	29712.8
0.981796	1	0.999833	29898
0.939482	1	0.998131	29847.1
0.241547	1	0.584711	17484.6
0.922939	0.873464	0.979864	29300.9
0.937754	1	0.998021	29843.8
0.936874	1	0.997964	29842.1
0.27346	0.751617	0.530724	15870.2
0.922256	0.0153691	0.0745045	2227.91
0.933349	0.70417	0.933086	27902.1
0.984241	1	0.999875	29899.3
0.999998	1	1	29903
0.0945915	0.0108613	0.00809658	242.112
0.992021	2.23908e-15	7.71665e-14	2.30751e-09
0.801866	0.840893	0.940022	28109.5
0.762201	1	0.969173	28981.2
0.984692	0.689593	0.941878	28165
0.842977	0.838504	0.952079	28470
0.999998	1	1	29903
0.999648	0.830939	0.984774	29447.7
0.128878	0.270378	0.151817	4539.79
0.197687	0.475921	0.316456	9463
0.613238	0.475662	0.651076	19469.1
0.0214329	0.303558	0.0392645	1174.13
3.8519e-07	4.54908e-11	6.93599e-16	2.07407e-11
4.40747e-09	0.900233	8.07243e-08	0.0024139
5.60726e-06	0.802669	5.9911e-05	1.79152
2.33265e-06	0.799821	2.64778e-05	0.791766
4.75433e-08	0.718859	6.21737e-07	0.0185918
7.26572e-05	0.718852	0.000567208	16.9612
1.78636e-05	0.63362	0.000140229	4.19326
0.000389259	0.7189	0.00256928	76.829
0.721287	1	0.956945	28615.5
0.408549	1	0.774259	23152.7
0.789013	1	0.975987	29184.9
0.707011	1	0.952138	28471.8
0.00298911	2.26178e-10	1.96212e-11	5.86734e-07
0.00621678	7.45193e-08	1.04202e-08	0.000311596
0.0119123	4.46462e-09	1.31137e-09	3.92139e-05
0.0124944	4.65084e-09	1.42768e-09	4.26918e-05
0.029288	2.22062e-08	1.44081e-08	0.000430844
0.00957541	4.84328e-10	1.25665e-10	3.75777e-06
0.555298	1	0.881952	26373
0.00809619	1.17485e-08	2.29006e-09	6.84796e-05
0.00313555	5.18932e-10	4.57945e-11	1.36939e-06
0.0024532	5.21052e-10	3.62836e-11	1.08499e-06
0.00319727	5.24537e-10	4.71496e-11	1.40991e-06
0.00267536	5.25763e-10	3.97926e-11	1.18992e-06
0.00222604	5.03402e-10	3.19562e-11	9.55585e-07
0.0117626	5.2919e-10	1.66836e-10	4.98891e-06
0.0133044	5.10203e-10	1.81346e-10	5.42278e-06
0.0104322	4.69651e-09	1.2121e-09	3.62453e-05
0.00252572	5.30294e-10	3.79562e-11	1.135e-06
0.0190503	4.73218e-09	2.17527e-09	6.5047e-05
0.124606	0.173455	0.104489	3124.54
0.0417092	0.167772	0.0417213	1247.59
0.0124287	0.165812	0.0148063	442.753
0.0155926	0.166442	0.0180477	539.679
0.373639	0.166265	0.234741	7019.45
0.415911	0.166212	0.253827	7590.2
0.527297	0.166292	0.301112	9004.14
0.571214	0.40098	0.566621	16943.7
0.567023	1	0.888727	26575.6
0.324081	1	0.689243	20610.4
0.324081	1	0.689243	20610.4
0.324081	1	0.689243	20610.4
0.324081	1	0.689243	20610.4
0.790871	1	0.976425	29198.1
0.567023	1	0.888727	26575.6
0.895484	1	0.994337	29733.7
0.770354	0.401273	0.672037	20095.9
0.5383	0.166288	0.305541	9136.58
0.169932	0.166374	0.129088	3860.11
0.0028218	0.723843	0.0146931	439.369
0.136437	0.723843	0.327393	9790.02
0.261901	0.871163	0.565311	16904.5
0.428939	0.103636	0.182851	5467.78
0.247527	8.19554e-05	0.00023949	7.16148
0.999735	0.173101	0.476619	14252.3
0.995132	0.544846	0.874088	26137.9
0.998766	0.273181	0.627229	18756
0.95565	1	0.999002	29873.1
0.996272	0.479576	0.830676	24839.7
0.968466	1	0.999497	29888
0.999981	5.22479e-12	1.4095e-10	4.21482e-06
1	0.0617151	0.233606	6985.51
0.379661	0.228288	0.298639	8930.2
0.957379	1	0.999079	29875.4
0.576729	0.676111	0.757164	22641.5
1	0.889274	0.99363	29712.5
0.254561	1	0.602855	18027.2
0.767255	1	0.970529	29021.7
0.848296	1	0.987862	29540.1
0.99998	1	1	29903
0.999995	0.891166	0.99385	29719.1
0.55115	0.773618	0.789836	23618.5
0.999999	1	1	29903
0.999998	1	1	29903
0.999999	0.797654	0.977988	29244.8
0.915879	0.702814	0.927261	27727.9
0.999999	0.327047	0.692571	20710
0.174542	1	0.47922	14330.1
0.72021	1	0.956592	28605
0.744719	1	0.964224	28833.2
0.811279	1	0.980953	29333.4
0.950795	1	0.998769	29866.2
0.798039	1	0.978075	29247.4
0.999987	1	1	29903
0.901534	1	0.994985	29753
0.557381	1	0.883174	26409.6
0.970716	1	0.999567	29890.1
0.532019	0.851651	0.811789	24274.9
0.947304	1	0.998587	29860.7
0.250317	0.0378244	0.0535878	1602.44
0.930601	7.31404e-05	0.000721147	21.5645
0.702407	1	0.950527	28423.6
0.893934	1	0.994165	29728.5
0.614896	0.141462	0.299403	8953.06
0.918203	1	0.996559	29800.1
0.840066	1	0.986468	29498.4
0.885068	1	0.993127	29697.5
0.91598	1	0.996367	29794.4
0.839107	1	0.986301	29493.3
0.785548	1	0.975159	29160.2
0.701429	1	0.950181	28413.3
0.78557	1	0.975164	29160.3
0.458548	0.015598	0.0424877	1270.51
0.320433	0.00779377	0.017463	522.195
0.312107	0.00779092	0.0170679	510.381
0.450036	0.00778646	0.0233162	697.223
0.118273	0.00377935	0.00389466	116.462
0.858916	0.724415	0.917435	27434.1
0.67785	0.514199	0.715912	21407.9
0.990403	0.0312472	0.138504	4141.68
0.999827	4.61519e-09	9.31835e-08	0.00278647
0.935082	0.295575	0.631807	18892.9
0.534479	1	0.86931	25995
0.663202	1	0.935563	27976.1
0.971297	0.0101537	0.0554166	1657.12
0.815129	1	0.981749	29357.2
0.565444	0.356694	0.524601	15687.2
0.319426	1.67278e-05	7.02092e-05	2.09946
0.476778	1	0.829929	24817.4
0.999997	0.220955	0.554551	16582.7
1	0.221264	0.555018	16596.7
0.999167	1	1	29903
0.942734	1	0.998328	29853
0.996669	1	0.999994	29902.8
0.998834	1	0.999999	29903
0.975612	1	0.9997	29894
0.996669	1	0.999994	29902.8
0.998332	0.726861	0.958356	28657.7
0.99842	0.00516495	0.0323199	966.461
0.731335	1	0.960158	28711.6
0.881986	1	0.992745	29686.1
0.989388	0.867477	0.989445	29587.4
0.946723	1	0.998555	29859.8
0.648838	0.284157	0.496108	14835.1
0.565345	0.113683	0.240669	7196.73
0.879421	0.584428	0.856056	25598.6
0.475186	0.201385	0.320252	9576.51
0.999988	1.7687e-19	7.81382e-18	2.33657e-13
0.976193	0.724652	0.952273	28475.8
0.749916	0.813583	0.91158	27259
0.870896	0.687159	0.905698	27083.1
0.113521	1	0.360517	10780.5
0.36408	1	0.73194	21887.2
0.315527	1	0.679491	20318.8
0.623362	1	0.91798	27450.4
0.675547	1	0.940518	28124.3
0.691515	1	0.946594	28306
0.691348	0.855299	0.901993	26972.3
0.999998	0.583782	0.897989	26852.6
0.173706	0.28296	0.197238	5898.01
0.999998	3.94971e-05	0.000439969	13.1564
0.581567	0.113315	0.245124	7329.95
0.244919	0.567836	0.413432	12362.9
0.0477552	0.754164	0.155723	4656.59
0.022049	0.621179	0.0724625	2166.85
0.0102112	0.439766	0.0287654	860.171
0.00584894	0.439802	0.0179113	535.6
0.00543329	0.439764	0.0168133	502.769
0.0542901	0.439845	0.113062	3380.89
0.00784147	0.593827	0.0296594	886.905
0.00233208	0.59238	0.010478	313.323
1	0.00653643	0.0394171	1178.69
0.622859	1	0.917742	27443.2
1	0.163545	0.45967	13745.5
0.899833	0.279795	0.599019	17912.5
0.825062	0.279795	0.569271	17022.9
0.614948	0.301334	0.497683	14882.2
0.614948	0.301334	0.497683	14882.2
0.766388	0.301486	0.569573	17032
0.233339	1	0.572908	17131.7
0.0136872	0.375218	0.0322086	963.135
0.994507	0.365498	0.731343	21869.4
0.963157	0.330161	0.68233	20403.7
0.925862	0.189153	0.480246	14360.8
0.999894	0.0477164	0.192877	5767.61
0.859064	0.726716	0.918421	27463.5
0.97939	0.0475319	0.189337	5661.73
0.08823	7.02259e-16	2.37432e-15	7.09994e-11
0.402231	1	0.768554	22982.1
0.495462	1	0.843408	25220.4
0.844697	0.789568	0.93709	28021.8
0.699782	0.802962	0.885796	26488
0.531266	0.813526	0.794757	23765.6
0.247325	1	0.592851	17728
0.320161	1	0.684802	20477.6
0.423521	0.789399	0.700628	20950.9
0.368291	0.646281	0.579673	17334
1	1	1	29903
0.958597	0.123436	0.37087	11090.1
0.954275	0.123597	0.370058	11065.8
0.999718	0.275986	0.631191	18874.5
0.994162	0.275986	0.629212	18815.3
0.606348	0.275986	0.466504	13949.9
0.999718	0.275986	0.631191	18874.5
0.957994	0.275986	0.616119	18423.8
0.808479	0.117062	0.317775	9502.43
0.865695	0.119171	0.337498	10092.2
0.695524	0.112684	0.277936	8311.12
0.818503	0.112982	0.312644	9349.01
0.956977	0.111186	0.344801	10310.6
0.955839	0.112833	0.348034	10407.3
0.970668	0.112684	0.351427	10508.7
0.969864	0.113888	0.353804	10579.8
0.986339	0.140841	0.413121	12353.6
0.878908	0.0139389	0.0661817	1979.03
0.994354	0.00023111	0.00215518	64.4463
0.996925	0.000230554	0.00215552	64.4564
0.966103	0.567028	0.877495	26239.7
0.966103	0.567028	0.877495	26239.7
0.939374	0.567028	0.868162	25960.6
0.971071	0.567028	0.879183	26290.2
0.966103	0.567028	0.877495	26239.7
0.883969	0.1752	0.443732	13268.9
0.977233	0.133191	0.395552	11828.2
0.977569	0.630852	0.914797	27355.2
0.762556	0.794193	0.909338	27191.9
0.971338	1	0.999585	29890.6
0.997982	0.630852	0.920888	27537.3
0.972118	1	0.999608	29891.3
0.971338	1	0.999585	29890.6
0.998818	0.457453	0.814796	24364.8
0.979918	0.457453	0.807941	24159.9
0.723814	0.457453	0.697089	20845
0.693049	0.457453	0.68123	20370.8
0.998165	0.00477058	0.0302239	903.785
0.995368	8.82137e-05	0.000907939	27.1501
0.799808	0.000309523	0.00230326	68.8743
0.936741	0.0181612	0.0863174	2581.15
0.970371	0.0336832	0.144496	4320.86
0.966473	0.00586434	0.0349867	1046.21
0.938574	0.0331604	0.139115	4159.97
0.945137	0.0446174	0.175681	5253.39
0.92243	0.0122714	0.0620446	1855.32
0.902091	0.00886768	0.0466239	1394.19
0.777041	0.00886768	0.041189	1231.67
0.96164	0.00879608	0.0488282	1460.11
0.951114	1	0.998785	29866.7
0.584654	0.121408	0.258752	7737.45
0.554467	0.492535	0.627554	18765.7
0.193235	0.08133	0.080985	2421.69
0.581352	0.00479305	0.0191791	573.512
0.546943	0.0118794	0.0392203	1172.8
0.999998	0.47719	0.830234	24826.5
0.999154	0.0317456	0.141175	4221.57
0.865854	0.099861	0.298133	8915.06
0.999969	0.655949	0.932536	27885.6
0.668064	1	0.937542	28035.3
2.03835e-07	5.41316e-12	4.67267e-17	1.39727e-12
2.23385e-08	2.32036e-12	2.35356e-18	7.03785e-14
3.26393e-13	2.33448e-12	4.30765e-23	1.28812e-18
0.0252338	0.24593	0.0377451	1128.69
0.182567	0.364606	0.246927	7383.87
9.07104e-09	1.54193e-12	6.53413e-19	1.9539e-14
2.35269e-09	2.31639e-12	2.59728e-19	7.76664e-15
3.84919e-09	1.16492e-12	2.14577e-19	6.4165e-15
0.255396	0.246168	0.236812	7081.39
0.0093371	0.364706	0.0227557	680.462
0.139869	0.364706	0.202805	6064.49
0.139869	0.364706	0.202805	6064.49
0.385417	0.364706	0.416364	12450.5
1.3685e-10	3.36714e-12	2.30991e-20	6.90734e-16
3.0122e-11	3.20914e-12	4.99673e-21	1.49417e-16
3.69853e-08	3.2329e-12	5.32928e-18	1.59361e-13
0.515993	0.0163494	0.0487208	1456.9
0.544845	0.0162559	0.0507198	1516.67
0.99999	0.408259	0.773995	23144.8
0.67556	1	0.940524	28124.5
0.999999	0.172993	0.476509	14249.1
0.139998	0.0964977	0.0716594	2142.83
0.999874	0.108938	0.350422	10478.7
0.740739	0.0114331	0.0488771	1461.57
0.720129	0.00736434	0.0330894	989.473
0.592588	0.00746885	0.0284158	849.717
0.502958	0.000414564	0.00197573	59.0801
0.974472	0.000532067	0.00444062	132.788
0.892689	0.00129815	0.00899302	268.918
0.632041	0.00200889	0.0097373	291.174
0.754465	0.167218	0.387338	11582.6
0.793969	0.0795641	0.237645	7106.29
0.997951	0.0290444	0.13162	3935.83
0.99994	0.438178	0.799711	23913.7
0.976083	0.679894	0.93574	27981.4
0.739129	1	0.962555	28783.3
0.336266	0.261692	0.301872	9026.87
0.111079	1	0.355176	10620.8
0.961943	0.48944	0.825474	24684.2
0.803684	1	0.979328	29284.9
0.516029	0.132235	0.251438	7518.74
0.664387	0.737919	0.839729	25110.4
0.883248	0.78489	0.947233	28325.1
0.869248	1	0.991053	29635.5
0.888361	1	0.993523	29709.3
0.937488	0.784684	0.96149	28751.4
0.957796	0.497051	0.829407	24801.8
0.44789	0.069967	0.139857	4182.15
0.999979	0.214519	0.544734	16289.2
0.207185	0.810765	0.467638	13983.8
0.19787	0.810639	0.453947	13574.4
0.438994	0.810674	0.723562	21636.7
0.924547	0.81282	0.966189	28891.9
0.6829	0.726166	0.843714	25229.6
0.640023	0.572369	0.734205	21954.9
