quality	AA	AC	AG	AT	A.	CA	CC	CG	CT	C.	GA	GC	GG	GT	G.	TA	TC	TG	TT	T.	.A	.C	.G	.T	..
0	NA	NA	NA	NA	NA	NA	NA	NA	NA	NA	NA	NA	NA	NA	NA	NA	NA	NA	NA	NA	NA	NA	NA	NA	NA
1	NA	NA	NA	NA	NA	NA	NA	NA	NA	NA	NA	NA	NA	NA	NA	NA	NA	NA	NA	NA	NA	NA	NA	NA	NA
2	NA	NA	NA	NA	NA	NA	NA	NA	NA	NA	NA	NA	NA	NA	NA	NA	NA	NA	NA	NA	NA	NA	NA	NA	NA
3	NA	NA	NA	NA	NA	NA	NA	NA	NA	NA	NA	NA	NA	NA	NA	NA	NA	NA	NA	NA	NA	NA	NA	NA	NA
4	NA	NA	NA	NA	NA	NA	NA	NA	NA	NA	NA	NA	NA	NA	NA	NA	NA	NA	NA	NA	NA	NA	NA	NA	NA
5	NA	NA	NA	NA	NA	NA	NA	NA	NA	NA	NA	NA	NA	NA	NA	NA	NA	NA	NA	NA	NA	NA	NA	NA	NA
6	NA	NA	NA	NA	NA	NA	NA	NA	NA	NA	NA	NA	NA	NA	NA	NA	NA	NA	NA	NA	NA	NA	NA	NA	NA
7	NA	NA	NA	NA	NA	NA	NA	NA	NA	NA	NA	NA	NA	NA	NA	NA	NA	NA	NA	NA	NA	NA	NA	NA	NA
8	NA	NA	NA	NA	NA	NA	NA	NA	NA	NA	NA	NA	NA	NA	NA	NA	NA	NA	NA	NA	NA	NA	NA	NA	NA
9	NA	NA	NA	NA	NA	NA	NA	NA	NA	NA	NA	NA	NA	NA	NA	NA	NA	NA	NA	NA	NA	NA	NA	NA	NA
10	0.978723	0.0212766	NA	NA	NA	0.0588235	0.941176	NA	NA	NA	0.0136986	0.00684932	0.952055	0.0273973	NA	NA	NA	NA	1	NA	NA	NA	NA	NA	1
11	0.975787	0.0133535	0.0031253	0.00767118	6.31373e-05	0.0694432	0.909599	0.00531772	0.0153722	0.00026812	0.0237509	0.00536162	0.921081	0.0497376	6.84463e-05	0.0254475	0.00754901	0.0241081	0.942895	NA	8.48408e-05	1.88535e-05	9.42676e-06	2.82803e-05	0.999859
12	0.972885	0.0145337	0.00556151	0.00700138	1.79984e-05	0.052776	0.928445	0.00537441	0.0132188	0.00018618	0.0114094	0.0037297	0.951813	0.0329535	9.44228e-05	0.0115498	0.0055579	0.0254868	0.957249	0.00015673	2.49011e-05	1.49406e-05	1.74308e-05	4.73121e-05	0.999895
13	0.967689	0.017766	0.00530658	0.00914838	8.99175e-05	0.038726	0.945551	0.00465209	0.0109469	0.00012424	0.00858929	0.00330341	0.967063	0.0209706	7.35051e-05	0.0123649	0.00719363	0.0225164	0.957813	0.000111782	3.82898e-05	2.53728e-05	3.04473e-05	2.90633e-05	0.999877
14	0.966285	0.0181729	0.00554021	0.00992389	7.80312e-05	0.0342982	0.949532	0.00424316	0.0117842	0.000142839	0.0150886	0.0055758	0.948379	0.0308477	0.000109255	0.0141337	0.0112387	0.0204614	0.954064	0.000101708	4.39628e-05	2.98947e-05	2.37399e-05	4.92383e-05	0.999853
15	0.965779	0.0163818	0.00671689	0.0110394	8.25648e-05	0.0291652	0.953638	0.00464962	0.0124393	0.000108279	0.0130996	0.00627376	0.953929	0.0266146	8.30638e-05	0.0145591	0.00913118	0.0213908	0.954768	0.000151279	4.72093e-05	1.85976e-05	2.57505e-05	5.1501e-05	0.999857
16	0.966304	0.0147342	0.00711921	0.0117585	8.44303e-05	0.0256776	0.955946	0.00425766	0.0140469	7.1816e-05	0.011489	0.00515214	0.958212	0.0250718	7.56186e-05	0.019091	0.0117374	0.0280843	0.940988	9.96919e-05	5.44453e-05	2.72226e-05	2.47796e-05	4.53711e-05	0.999848
17	NA	NA	NA	NA	NA	NA	NA	NA	NA	NA	NA	NA	NA	NA	NA	NA	NA	NA	NA	NA	NA	NA	NA	NA	NA
18	1	NA	NA	NA	NA	NA	1	NA	NA	NA	NA	NA	1	NA	NA	NA	NA	NA	1	NA	NA	NA	NA	NA	1
19	1	NA	NA	NA	NA	NA	1	NA	NA	NA	NA	NA	1	NA	NA	NA	NA	NA	1	NA	NA	NA	NA	NA	1
20	0.998028	0.00124533	0.000311333	0.00041511	NA	0.00848846	0.989873	0.000446761	0.00119136	NA	0.00128205	0.00014245	0.994658	0.00391738	NA	0.00152646	0.00050882	0.00407056	0.993894	NA	NA	NA	NA	2.75596e-05	0.999972
21	0.996899	0.00215975	0.000350728	0.000563011	2.76891e-05	0.00475915	0.993753	0.0005042	0.000971507	1.22976e-05	0.00079481	0.000280521	0.996716	0.00219742	1.16884e-05	0.000755595	0.000481441	0.00262787	0.996108	2.67467e-05	1.1775e-05	7.06497e-06	4.70998e-06	9.41997e-06	0.999967
22	0.995668	0.0033093	0.000336311	0.000605359	8.07146e-05	0.00529836	0.992626	0.000353224	0.00167782	4.4153e-05	0.00262726	0.000310162	0.99449	0.00253603	3.64897e-05	0.000891001	0.000715501	0.002808	0.995545	4.05e-05	3.62231e-05	8.04959e-06	2.0124e-05	1.20744e-05	0.999924
23	0.997728	0.00153842	0.00038101	0.000352254	NA	0.00284726	0.995306	0.000244925	0.00160222	NA	0.00117154	0.000226431	0.99684	0.00173269	2.95345e-05	0.000433808	0.000243712	0.001628	0.99766	3.41197e-05	2.94299e-05	1.65543e-05	5.5181e-06	1.65543e-05	0.999932
24	0.998075	0.00125424	0.000324373	0.000324373	2.16249e-05	0.00244635	0.995142	0.000384427	0.00202698	NA	0.0014849	0.000296981	0.996667	0.0015509	NA	0.000374813	0.000312344	0.00103073	0.998266	1.56172e-05	4.73051e-05	1.77394e-05	3.54788e-05	4.73051e-05	0.999852
25	0.996991	0.00233293	0.000304296	0.000321201	5.07159e-05	0.0029309	0.994899	0.000197272	0.00185999	0.000112727	0.00194953	0.000293764	0.995754	0.00197623	2.67058e-05	0.000490144	0.000450403	0.0011525	0.997841	6.62357e-05	4.33685e-05	1.92749e-05	2.40936e-05	2.40936e-05	0.999889
26	0.99725	0.0019501	0.000450023	0.000300015	5.00025e-05	0.0021678	0.993175	0.000240867	0.0044159	NA	0.00387858	0.000252951	0.993845	0.00185497	0.000168634	0.000278435	0.00031324	0.000765697	0.998538	0.000104413	4.10824e-05	1.36941e-05	2.73883e-05	4.10824e-05	0.999877
27	0.996649	0.00146249	0.00117354	0.00067947	3.55021e-05	0.0026818	0.995118	0.00031381	0.00187005	1.60107e-05	0.00158504	0.000578751	0.994969	0.00283464	3.2993e-05	0.000844215	0.00108099	0.00422271	0.993815	3.67405e-05	2.34127e-05	1.29757e-05	1.12832e-05	2.96185e-05	0.999923
28	0.999109	0.000369501	0.000304295	0.000217354	NA	0.00107438	0.996978	8.95315e-05	0.0018354	2.23829e-05	0.00138936	0.000231559	0.996851	0.00149356	3.47339e-05	0.000537556	0.000439818	0.000537556	0.998485	NA	5.06334e-06	1.01267e-05	1.01267e-05	3.03801e-05	0.999944
29	0.999898	NA	0.000101605	NA	NA	0.00166883	0.997775	0.000370851	0.000185426	NA	0.000636578	6.36578e-05	0.998981	0.000318289	NA	NA	NA	NA	1	NA	2.89184e-05	NA	NA	NA	0.999971
30	0.998237	0.000718677	0.000724101	0.000298319	2.16959e-05	0.000429923	0.997865	0.000147079	0.0015514	7.07111e-06	0.00109554	0.000214864	0.997886	0.000794468	9.28426e-06	0.000382571	0.000794571	0.000647428	0.998166	9.36363e-06	1.30035e-05	6.35054e-06	2.41925e-06	1.08866e-05	0.999967
31	0.998592	0.000570355	0.000668155	0.000152326	1.73097e-05	0.000506988	0.99792	8.15997e-05	0.00148618	5.3508e-06	0.000907855	0.000117823	0.998379	0.000586633	8.68168e-06	0.000198515	0.000558503	0.00074467	0.998488	1.04482e-05	1.48718e-05	6.48951e-06	4.05594e-06	1.32494e-05	0.999961
32	0.999512	0.000250812	0.000162808	6.16029e-05	1.32006e-05	0.00034837	0.998442	3.05588e-05	0.00117957	NA	0.000249842	4.26559e-05	0.999506	0.000201092	NA	5.45511e-05	8.57232e-05	0.000237687	0.99961	1.16895e-05	7.6553e-06	2.55177e-06	1.27588e-06	3.82765e-06	0.999985
33	0.999658	0.000192278	8.54567e-05	5.34104e-05	1.06821e-05	0.000431952	0.998384	3.55725e-05	0.00114848	NA	0.000200293	5.24576e-05	0.999561	0.000176448	9.53775e-06	6.3329e-05	9.08633e-05	0.000399248	0.999438	8.2603e-06	5.06732e-06	2.02693e-06	2.02693e-06	3.04039e-06	0.999988
34	0.998549	0.000584155	0.000733609	0.00011592	1.7388e-05	0.000212924	0.99851	6.06471e-05	0.00120833	7.9105e-06	0.000962207	9.8434e-05	0.998571	0.000361701	6.40695e-06	0.00015301	0.000611581	0.000605608	0.998616	1.42442e-05	1.6006e-05	7.04263e-06	5.12191e-06	1.49816e-05	0.999957
35	0.998988	0.000464944	0.000497831	3.6757e-05	1.22523e-05	0.000282027	0.99926	1.83361e-05	0.00043832	1.74629e-06	0.000553481	5.74934e-05	0.999212	0.000171622	5.14866e-06	5.03306e-05	0.000318563	0.00061285	0.999007	1.12504e-05	1.23278e-05	6.56159e-06	4.37439e-06	1.03395e-05	0.999966
36	0.998854	0.000389575	0.000650494	8.77746e-05	1.83365e-05	0.000109506	0.998538	4.26647e-05	0.00130364	5.68862e-06	0.000793328	5.82097e-05	0.998978	0.000165369	4.85081e-06	8.39384e-05	0.000509551	0.000322518	0.999067	1.6718e-05	1.63612e-05	5.86353e-06	4.9178e-06	1.4848e-05	0.999958
37	0.998754	0.000339432	0.000825064	6.78081e-05	1.41104e-05	0.000126384	0.998598	4.03352e-05	0.0012309	4.70577e-06	0.000755341	4.19258e-05	0.999094	0.000103462	5.40978e-06	6.06976e-05	0.000482974	0.000373123	0.999068	1.48951e-05	1.48744e-05	5.97416e-06	3.53573e-06	1.43868e-05	0.999961
38	0.998756	0.000336892	0.000833177	5.50861e-05	1.86171e-05	8.5016e-05	0.99866	3.84596e-05	0.00121208	4.45322e-06	0.000712534	4.85543e-05	0.999161	7.28314e-05	5.26005e-06	5.3937e-05	0.000447496	0.000300395	0.999181	1.67747e-05	1.60959e-05	6.90946e-06	3.69028e-06	1.46041e-05	0.999959
39	0.998858	0.000368108	0.000706538	4.74506e-05	1.94143e-05	6.79168e-05	0.998595	2.8542e-05	0.00130304	5.74608e-06	0.000669022	3.86117e-05	0.999238	4.62227e-05	8.3535e-06	4.48827e-05	0.000414183	0.00023991	0.999284	1.71008e-05	1.52917e-05	6.19455e-06	4.33619e-06	1.45129e-05	0.99996
40	0.99912	0.000304458	0.000507822	3.8368e-05	2.91036e-05	3.72777e-05	0.998539	2.45372e-05	0.00139141	8.15661e-06	0.000486807	3.16834e-05	0.999444	2.51784e-05	1.22448e-05	3.74632e-05	0.000263424	0.000209549	0.999473	1.64996e-05	2.0284e-05	7.2737e-06	4.2956e-06	1.67432e-05	0.999951
