quality	AA	AC	AG	AT	A.	CA	CC	CG	CT	C.	GA	GC	GG	GT	G.	TA	TC	TG	TT	T.	.A	.C	.G	.T	..
0	NA	NA	NA	NA	NA	NA	NA	NA	NA	NA	NA	NA	NA	NA	NA	NA	NA	NA	NA	NA	NA	NA	NA	NA	NA
1	NA	NA	NA	NA	NA	NA	NA	NA	NA	NA	NA	NA	NA	NA	NA	NA	NA	NA	NA	NA	NA	NA	NA	NA	NA
2	NA	NA	NA	NA	NA	NA	NA	NA	NA	NA	NA	NA	NA	NA	NA	NA	NA	NA	NA	NA	NA	NA	NA	NA	NA
3	NA	NA	NA	NA	NA	NA	NA	NA	NA	NA	NA	NA	NA	NA	NA	NA	NA	NA	NA	NA	NA	NA	NA	NA	NA
4	NA	NA	NA	NA	NA	NA	NA	NA	NA	NA	NA	NA	NA	NA	NA	NA	NA	NA	NA	NA	NA	NA	NA	NA	NA
5	NA	NA	NA	NA	NA	NA	NA	NA	NA	NA	NA	NA	NA	NA	NA	NA	NA	NA	NA	NA	NA	NA	NA	NA	NA
6	NA	NA	NA	NA	NA	NA	NA	NA	NA	NA	NA	NA	NA	NA	NA	NA	NA	NA	NA	NA	NA	NA	NA	NA	NA
7	NA	NA	NA	NA	NA	NA	NA	NA	NA	NA	NA	NA	NA	NA	NA	NA	NA	NA	NA	NA	NA	NA	NA	NA	NA
8	NA	NA	NA	NA	NA	NA	NA	NA	NA	NA	NA	NA	NA	NA	NA	NA	NA	NA	NA	NA	NA	NA	NA	NA	NA
9	NA	NA	NA	NA	NA	NA	NA	NA	NA	NA	NA	NA	NA	NA	NA	NA	NA	NA	NA	NA	NA	NA	NA	NA	NA
10	NA	NA	NA	NA	NA	NA	NA	NA	NA	NA	NA	NA	NA	NA	NA	NA	NA	NA	NA	NA	NA	NA	NA	NA	NA
11	0.978736	0.0100184	0.00347577	0.00776937	NA	0.0550225	0.927436	0.00494753	0.0124438	0.000149925	0.0212503	0.00699205	0.932959	0.0386619	0.000137099	0.0300935	0.0126068	0.0219601	0.93534	NA	8.95656e-05	2.98552e-05	NA	2.98552e-05	0.999851
12	0.972573	0.0138469	0.00613442	0.00744577	NA	0.0356034	0.947056	0.00498078	0.0121752	0.000184473	0.0136193	0.00550219	0.949572	0.0311427	0.000163431	0.0151484	0.00753976	0.022275	0.954934	0.000103284	6.18865e-05	2.47546e-05	3.09433e-05	3.71319e-05	0.999845
13	0.966487	0.0162166	0.00621685	0.0109609	0.000118467	0.0298075	0.95311	0.00462132	0.0123414	0.000119659	0.0103172	0.004594	0.962448	0.0225369	0.000104409	0.0148847	0.00979473	0.0229849	0.952175	0.000160464	5.40735e-05	3.37959e-05	2.11224e-05	3.2951e-05	0.999858
14	0.963389	0.0168656	0.00712617	0.0124834	0.000135689	0.0289648	0.952488	0.00456614	0.0137979	0.000183563	0.0179394	0.00697604	0.942307	0.0325033	0.00027426	0.0185919	0.0166952	0.0218675	0.942638	0.000207152	5.90919e-05	3.83299e-05	4.31211e-05	6.54802e-05	0.999794
15	0.97715	0.00843895	0.00538293	0.00895863	6.98075e-05	0.0123946	0.975886	0.00270162	0.00884415	0.000173415	0.0144186	0.00592112	0.952595	0.0269659	9.94386e-05	0.0241577	0.014379	0.0229209	0.938242	0.000300526	5.35968e-05	3.41071e-05	4.3852e-05	6.82142e-05	0.9998
16	0.96445	0.0118096	0.00931985	0.014282	0.0001388	0.0175243	0.961265	0.00483717	0.0162059	0.000167119	0.0164348	0.00780933	0.950984	0.0246273	0.000144283	0.018137	0.0125329	0.0185714	0.950565	0.000193863	0.000109347	5.75013e-05	4.52469e-05	0.000101806	0.999686
17	NA	NA	NA	NA	NA	NA	NA	NA	NA	NA	NA	NA	NA	NA	NA	NA	NA	NA	NA	NA	NA	NA	NA	NA	NA
18	NA	NA	NA	NA	NA	NA	NA	NA	NA	NA	NA	NA	NA	NA	NA	NA	NA	NA	NA	NA	NA	NA	NA	NA	NA
19	NA	NA	NA	NA	NA	NA	NA	NA	NA	NA	NA	NA	NA	NA	NA	NA	NA	NA	NA	NA	NA	NA	NA	NA	NA
20	0.997197	0.00196243	NA	0.000560695	0.000280348	0.0057732	0.992577	0.000412371	0.00123711	NA	0.000168265	0.000504796	0.998317	0.00100959	NA	0.00142586	NA	0.00380228	0.994772	NA	7.12352e-05	NA	NA	NA	0.999929
21	0.996658	0.0017265	0.000575501	0.00101819	2.21347e-05	0.00227228	0.996308	0.000340841	0.00099412	8.52103e-05	0.000909642	0.000303214	0.996665	0.0021225	NA	0.000862069	0.000574713	0.00231397	0.996249	NA	2.73742e-05	5.47483e-06	NA	1.64245e-05	0.999951
22	0.996249	0.0025007	0.000452713	0.000732964	6.46733e-05	0.00373285	0.994283	0.000672585	0.00124428	6.72585e-05	0.00215827	0.000431655	0.994101	0.00322302	8.63309e-05	0.00185481	0.000874107	0.00336851	0.993796	0.000106598	1.90206e-05	6.34019e-06	2.53608e-05	3.17009e-05	0.999918
23	0.997419	0.00139408	0.00044169	0.000717746	2.76056e-05	0.00236388	0.99503	0.000626326	0.00191939	6.06122e-05	0.00192833	0.000617816	0.994964	0.00248998	NA	0.00111759	0.000540168	0.0016857	0.996638	1.86265e-05	2.47717e-05	1.7694e-05	1.06164e-05	1.06164e-05	0.999936
24	0.997419	0.00146479	0.000488264	0.000592892	3.4876e-05	0.00157827	0.996618	0.000958232	0.000845499	NA	0.00135051	0.000727197	0.995637	0.00223353	5.19427e-05	0.000672915	0.000312425	0.00100937	0.998005	NA	3.73019e-05	9.32549e-06	1.8651e-05	2.79765e-05	0.999907
25	0.997098	0.00153758	0.000570394	0.000793592	NA	0.00220714	0.993992	0.000694842	0.00306548	4.0873e-05	0.00345832	0.00054605	0.993666	0.0022206	0.00010921	0.00121617	0.000381187	0.00141584	0.996932	5.44554e-05	6.78887e-06	5.43109e-05	3.39443e-05	NA	0.999905
26	0.997308	0.00124741	0.000426747	0.000951975	6.56534e-05	0.00154498	0.994793	0.000228885	0.00343328	NA	0.00281641	0.000645426	0.994309	0.00222965	NA	0.000508186	0.000596566	0.000684947	0.998188	2.20951e-05	1.81498e-05	2.72247e-05	1.81498e-05	5.44494e-05	0.999882
27	0.996376	0.00118289	0.00133734	0.00107175	3.20208e-05	0.00120985	0.996529	0.00035936	0.00186268	3.89307e-05	0.00273955	0.00115777	0.991637	0.00444066	2.53897e-05	0.00110355	0.00215615	0.00351302	0.993172	5.53231e-05	3.87014e-05	1.47174e-05	1.52625e-05	3.37956e-05	0.999898
28	0.998828	0.000302366	0.000226775	0.000642528	NA	0.000688733	0.996759	0.000121541	0.00243082	NA	0.00264871	0.000554381	0.995421	0.00137569	NA	0.000662837	0.000662837	0.000736485	0.997938	NA	4.40882e-05	NA	8.81764e-06	2.64529e-05	0.999921
29	0.999629	NA	0.000371195	NA	NA	0.00127959	0.997441	NA	0.00127959	NA	0.000864902	NA	0.999135	NA	NA	NA	NA	NA	1	NA	NA	NA	NA	NA	1
30	0.997731	0.000708853	0.000933132	0.00060408	2.2919e-05	0.000317058	0.997847	0.000198161	0.00163235	4.95403e-06	0.0018047	0.000359111	0.996917	0.000910357	9.14932e-06	0.000607161	0.00128457	0.000702501	0.997391	1.50536e-05	1.84082e-05	3.78992e-06	5.95559e-06	1.78668e-05	0.999954
31	0.99864	0.00037579	0.00070072	0.000267008	1.69529e-05	0.000200297	0.99834	8.94946e-05	0.0013616	8.5233e-06	0.00137599	0.000198305	0.997802	0.000623243	NA	0.000336955	0.00103354	0.00061073	0.998012	6.47989e-06	1.64421e-05	8.8876e-06	4.88818e-06	2.13302e-05	0.999948
32	0.999647	0.000131518	0.000131518	8.99859e-05	NA	0.000142412	0.998386	9.49415e-06	0.0014621	NA	0.000344648	7.45184e-05	0.999273	0.000307389	NA	8.6733e-05	0.000185856	0.000260199	0.999455	1.23904e-05	1.96009e-06	3.92019e-06	3.92019e-06	7.84037e-06	0.999982
33	0.999691	0.000129676	0.000109726	6.48382e-05	4.98756e-06	0.000107529	0.998538	2.15058e-05	0.00133336	NA	0.000253042	4.10338e-05	0.999419	0.000287236	NA	4.06955e-05	0.000103589	0.000488346	0.999356	1.10988e-05	5.57673e-06	2.78837e-06	5.57673e-06	4.18255e-06	0.999982
34	0.998517	0.000503016	0.000773552	0.000190966	1.59139e-05	0.000127615	0.998677	7.04082e-05	0.00111333	1.21014e-05	0.00126784	0.000172105	0.998236	0.000312658	1.14737e-05	0.000185337	0.000998381	0.000441606	0.998358	1.67795e-05	2.14592e-05	9.56102e-06	3.39948e-06	1.76348e-05	0.999948
35	0.99939	0.000271904	0.00028278	4.68511e-05	8.36626e-06	5.08746e-05	0.9996	2.82637e-05	0.000316553	4.52219e-06	0.000535524	7.75101e-05	0.999147	0.000238402	1.1744e-06	5.37659e-05	0.000528309	0.000487789	0.998911	1.87012e-05	1.17278e-05	4.0911e-06	4.90932e-06	9.00041e-06	0.99997
36	0.998877	0.000330417	0.000648093	0.000126543	1.75754e-05	7.75819e-05	0.998636	5.95718e-05	0.00122053	6.23426e-06	0.000949218	8.63499e-05	0.998806	0.00015253	5.67262e-06	0.000119493	0.000603646	0.000245167	0.999015	1.64818e-05	1.95953e-05	8.00372e-06	4.41584e-06	1.57314e-05	0.999952
37	0.998819	0.00029958	0.000769944	9.47537e-05	1.64542e-05	5.82836e-05	0.998787	4.05021e-05	0.00111134	2.96357e-06	0.000926521	6.76293e-05	0.998898	9.85455e-05	9.66132e-06	7.67928e-05	0.000766854	0.000324893	0.99882	1.18143e-05	1.7986e-05	6.70068e-06	4.23201e-06	1.587e-05	0.999955
38	0.998787	0.000310304	0.000819336	6.14006e-05	2.24475e-05	5.734e-05	0.998877	4.10323e-05	0.00101897	5.26055e-06	0.000786796	6.28415e-05	0.999063	8.17451e-05	5.61997e-06	5.74509e-05	0.000613711	0.000259881	0.999052	1.72353e-05	1.88923e-05	6.50059e-06	5.48487e-06	1.74703e-05	0.999952
39	0.998788	0.000336457	0.000808746	4.82457e-05	1.88065e-05	5.52005e-05	0.998753	2.96812e-05	0.00115801	4.49052e-06	0.000737824	4.05705e-05	0.999174	3.86041e-05	9.31465e-06	4.60301e-05	0.000441788	0.000265476	0.999231	1.56162e-05	1.8908e-05	8.54881e-06	4.90802e-06	1.75401e-05	0.99995
40	0.999119	0.000301147	0.000516101	3.81907e-05	2.5535e-05	3.93901e-05	0.998556	3.32414e-05	0.00136463	6.86925e-06	0.000489677	3.01144e-05	0.999445	2.34871e-05	1.1558e-05	4.15262e-05	0.00022064	0.00024577	0.999479	1.30086e-05	2.35303e-05	9.72223e-06	5.40232e-06	1.90056e-05	0.999942
