
SUMMARISING RUN PARAMETERS
==========================
Input filename: SC2270/host_removal/SC2270_R1.fastq.gz
Trimming mode: paired-end
Trim Galore version: 0.6.4_dev
Cutadapt version: 4.1
Python version: could not detect
Number of cores used for trimming: 2
Quality Phred score cutoff: 20
Quality encoding type selected: ASCII+33
Using Illumina adapter for trimming (count: 36416). Second best hit was Nextera (count: 1)
Adapter sequence: 'AGATCGGAAGAGC' (Illumina TruSeq, Sanger iPCR; auto-detected)
Maximum trimming error rate: 0.1 (default)
Minimum required adapter overlap (stringency): 1 bp
Minimum required sequence length for both reads before a sequence pair gets removed: 20 bp
Running FastQC on the data once trimming has completed
Output file will be GZIP compressed


This is cutadapt 4.1 with Python 3.9.13
Command line parameters: -j 2 -e 0.1 -q 20 -O 1 -a AGATCGGAAGAGC SC2270/host_removal/SC2270_R1.fastq.gz
Processing single-end reads on 2 cores ...
Finished in 16.82 s (32 µs/read; 1.85 M reads/minute).

=== Summary ===

Total reads processed:                 518,561
Reads with adapters:                   202,580 (39.1%)
Reads written (passing filters):       518,561 (100.0%)

Total basepairs processed:   130,158,811 bp
Quality-trimmed:               3,505,248 bp (2.7%)
Total written (filtered):    123,801,054 bp (95.1%)

=== Adapter 1 ===

Sequence: AGATCGGAAGAGC; Type: regular 3'; Length: 13; Trimmed: 202580 times

Minimum overlap: 1
No. of allowed errors:
1-9 bp: 0; 10-13 bp: 1

Bases preceding removed adapters:
  A: 38.8%
  C: 14.5%
  G: 7.2%
  T: 37.4%
  none/other: 2.1%

Overview of removed sequences
length	count	expect	max.err	error counts
1	105021	129640.2	0	105021
2	36882	32410.1	0	36882
3	3906	8102.5	0	3906
4	615	2025.6	0	615
5	358	506.4	0	358
6	1134	126.6	0	1134
7	10210	31.7	0	10210
8	355	7.9	0	355
9	735	2.0	0	734 1
10	453	0.5	1	422 31
11	150	0.1	1	132 18
12	351	0.0	1	335 16
13	295	0.0	1	281 14
14	201	0.0	1	179 22
15	221	0.0	1	195 26
16	190	0.0	1	168 22
17	1577	0.0	1	1520 57
18	2073	0.0	1	1994 79
19	274	0.0	1	254 20
20	883	0.0	1	845 38
21	906	0.0	1	861 45
22	298	0.0	1	276 22
23	307	0.0	1	278 29
24	773	0.0	1	724 49
25	359	0.0	1	316 43
26	202	0.0	1	177 25
27	358	0.0	1	300 58
28	5448	0.0	1	5243 205
29	1600	0.0	1	1471 129
30	638	0.0	1	593 45
31	193	0.0	1	168 25
32	1368	0.0	1	1306 62
33	543	0.0	1	492 51
34	944	0.0	1	880 64
35	80	0.0	1	58 22
36	190	0.0	1	172 18
37	519	0.0	1	456 63
38	279	0.0	1	233 46
39	1347	0.0	1	1273 74
40	169	0.0	1	153 16
41	541	0.0	1	510 31
42	194	0.0	1	175 19
43	415	0.0	1	389 26
44	117	0.0	1	108 9
45	184	0.0	1	168 16
46	189	0.0	1	166 23
47	361	0.0	1	333 28
48	149	0.0	1	135 14
49	124	0.0	1	109 15
50	93	0.0	1	75 18
51	106	0.0	1	95 11
52	103	0.0	1	88 15
53	110	0.0	1	85 25
54	192	0.0	1	161 31
55	247	0.0	1	223 24
56	90	0.0	1	75 15
57	130	0.0	1	120 10
58	62	0.0	1	56 6
59	189	0.0	1	176 13
60	99	0.0	1	87 12
61	88	0.0	1	82 6
62	76	0.0	1	62 14
63	115	0.0	1	109 6
64	68	0.0	1	53 15
65	104	0.0	1	91 13
66	108	0.0	1	93 15
67	57	0.0	1	41 16
68	84	0.0	1	67 17
69	105	0.0	1	75 30
70	117	0.0	1	93 24
71	130	0.0	1	105 25
72	196	0.0	1	160 36
73	319	0.0	1	244 75
74	560	0.0	1	402 158
75	1028	0.0	1	669 359
76	2057	0.0	1	1660 397
77	1522	0.0	1	1206 316
78	980	0.0	1	754 226
79	638	0.0	1	489 149
80	409	0.0	1	296 113
81	300	0.0	1	216 84
82	237	0.0	1	172 65
83	225	0.0	1	174 51
84	167	0.0	1	125 42
85	166	0.0	1	122 44
86	138	0.0	1	101 37
87	134	0.0	1	104 30
88	124	0.0	1	102 22
89	114	0.0	1	75 39
90	95	0.0	1	66 29
91	84	0.0	1	62 22
92	83	0.0	1	66 17
93	92	0.0	1	78 14
94	210	0.0	1	196 14
95	81	0.0	1	58 23
96	66	0.0	1	48 18
97	68	0.0	1	51 17
98	62	0.0	1	47 15
99	58	0.0	1	46 12
100	39	0.0	1	29 10
101	53	0.0	1	40 13
102	51	0.0	1	37 14
103	50	0.0	1	42 8
104	44	0.0	1	32 12
105	102	0.0	1	90 12
106	63	0.0	1	47 16
107	60	0.0	1	50 10
108	54	0.0	1	37 17
109	62	0.0	1	47 15
110	34	0.0	1	27 7
111	114	0.0	1	97 17
112	51	0.0	1	37 14
113	53	0.0	1	37 16
114	49	0.0	1	32 17
115	55	0.0	1	37 18
116	44	0.0	1	34 10
117	39	0.0	1	28 11
118	32	0.0	1	15 17
119	31	0.0	1	19 12
120	27	0.0	1	15 12
121	21	0.0	1	14 7
122	43	0.0	1	27 16
123	42	0.0	1	30 12
124	26	0.0	1	18 8
125	34	0.0	1	24 10
126	33	0.0	1	23 10
127	54	0.0	1	45 9
128	37	0.0	1	27 10
129	44	0.0	1	26 18
130	28	0.0	1	19 9
131	37	0.0	1	17 20
132	27	0.0	1	12 15
133	38	0.0	1	24 14
134	37	0.0	1	26 11
135	44	0.0	1	26 18
136	39	0.0	1	24 15
137	28	0.0	1	17 11
138	24	0.0	1	14 10
139	23	0.0	1	13 10
140	27	0.0	1	12 15
141	20	0.0	1	9 11
142	18	0.0	1	8 10
143	35	0.0	1	18 17
144	22	0.0	1	15 7
145	23	0.0	1	13 10
146	24	0.0	1	10 14
147	48	0.0	1	36 12
148	35	0.0	1	23 12
149	33	0.0	1	23 10
150	35	0.0	1	16 19
151	14	0.0	1	6 8
152	19	0.0	1	7 12
153	23	0.0	1	13 10
154	37	0.0	1	26 11
155	32	0.0	1	14 18
156	32	0.0	1	16 16
157	22	0.0	1	7 15
158	16	0.0	1	8 8
159	20	0.0	1	10 10
160	20	0.0	1	9 11
161	25	0.0	1	11 14
162	29	0.0	1	12 17
163	25	0.0	1	11 14
164	23	0.0	1	12 11
165	31	0.0	1	14 17
166	19	0.0	1	7 12
167	32	0.0	1	20 12
168	32	0.0	1	19 13
169	27	0.0	1	16 11
170	19	0.0	1	11 8
171	20	0.0	1	7 13
172	20	0.0	1	8 12
173	19	0.0	1	11 8
174	21	0.0	1	13 8
175	33	0.0	1	20 13
176	26	0.0	1	14 12
177	19	0.0	1	10 9
178	16	0.0	1	7 9
179	20	0.0	1	10 10
180	18	0.0	1	9 9
181	24	0.0	1	14 10
182	13	0.0	1	8 5
183	10	0.0	1	5 5
184	23	0.0	1	17 6
185	18	0.0	1	9 9
186	10	0.0	1	6 4
187	20	0.0	1	14 6
188	35	0.0	1	29 6
189	47	0.0	1	37 10
190	47	0.0	1	37 10
191	32	0.0	1	29 3
192	19	0.0	1	13 6
193	28	0.0	1	22 6
194	17	0.0	1	10 7
195	17	0.0	1	14 3
196	30	0.0	1	22 8
197	31	0.0	1	30 1
198	28	0.0	1	24 4
199	29	0.0	1	25 4
200	27	0.0	1	25 2
201	25	0.0	1	22 3
202	35	0.0	1	33 2
203	65	0.0	1	61 4
204	34	0.0	1	31 3
205	58	0.0	1	57 1
206	73	0.0	1	67 6
207	68	0.0	1	62 6
208	78	0.0	1	72 6
209	75	0.0	1	70 5
210	83	0.0	1	76 7
211	59	0.0	1	54 5
212	26	0.0	1	24 2
213	41	0.0	1	38 3
214	32	0.0	1	31 1
215	28	0.0	1	25 3
216	9	0.0	1	9
217	17	0.0	1	15 2
218	4	0.0	1	2 2
219	3	0.0	1	2 1
220	3	0.0	1	1 2
221	3	0.0	1	2 1
222	3	0.0	1	2 1
223	3	0.0	1	1 2
224	7	0.0	1	4 3
225	1	0.0	1	1
226	3	0.0	1	2 1
227	4	0.0	1	2 2
228	3	0.0	1	1 2
229	1	0.0	1	1
230	1	0.0	1	0 1
231	8	0.0	1	5 3
232	3	0.0	1	2 1
233	3	0.0	1	3
234	3	0.0	1	3
235	5	0.0	1	4 1
236	2	0.0	1	0 2
237	3	0.0	1	0 3
238	7	0.0	1	3 4
239	5	0.0	1	2 3
240	2	0.0	1	1 1
241	4	0.0	1	3 1
242	4	0.0	1	0 4
243	4	0.0	1	0 4
244	6	0.0	1	0 6
245	7	0.0	1	0 7
246	7	0.0	1	0 7
247	10	0.0	1	0 10
248	16	0.0	1	0 16
249	19	0.0	1	0 19
250	65	0.0	1	0 65
251	887	0.0	1	0 887

RUN STATISTICS FOR INPUT FILE: SC2270/host_removal/SC2270_R1.fastq.gz
=============================================
518561 sequences processed in total

