ks_quality_p_value	fisher_strand_p_value	bias_p_value	bias_e_value
0.996475	0.424745	0.787155	23538.3
0.909344	1	0.995761	29776.2
0.457514	1	0.815266	24378.9
0.544755	1	0.87565	26184.6
0.996165	0.424755	0.787051	23535.2
0.999622	0.332048	0.697985	20871.8
0.997464	0.33261	0.697813	20866.7
0.999999	0.0240958	0.11387	3405.05
0.680654	1	0.942502	28183.6
0.177375	0.361674	0.240345	7187.04
0.893505	1	0.994117	29727.1
0.97463	1	0.999675	29893.3
0.0611475	1	0.232022	6938.16
0.525152	0.322307	0.469921	14052
0.722795	1	0.957436	28630.2
0.437243	1	0.798959	23891.3
0.0569125	1	0.220038	6579.78
0.189808	1	0.505219	15107.6
0.144582	1	0.42419	12684.6
0.437243	1	0.798959	23891.3
0.999846	0.450091	0.809346	24201.9
0.93128	0.860091	0.978734	29267.1
0.222493	0.855575	0.506135	15135
0.242453	0.867983	0.53843	16100.7
0.649788	0.855574	0.882331	26384.3
0.270656	0.87766	0.578991	17313.6
0.13038	1	0.396003	11841.7
0.504136	1	0.849423	25400.3
0.999988	0.898548	0.994669	29743.6
1	0.00315438	0.0213204	637.543
0.719737	0.00936415	0.0404365	1209.17
0.940711	0.00392575	0.0243787	728.995
0.894088	0.00149298	0.0101702	304.119
0.997116	0.000871496	0.00699374	209.134
0.514967	0.0014933	0.00628306	187.882
0.752543	0.00149479	0.00876298	262.039
0.70182	0.00050537	0.00317235	94.8628
0.619705	0.00149384	0.00739197	221.042
0.872233	7.53285e-35	5.23712e-33	1.56606e-28
0.836385	8.80659e-06	9.44186e-05	2.8234
0.126229	2.33006e-08	6.07196e-08	0.0018157
0.998724	0.0177348	0.0891544	2665.98
1	3.00893e-63	4.36179e-61	1.30431e-56
0.761729	2.40534e-11	4.713e-10	1.40933e-05
0.798084	1	0.978085	29247.7
0.83346	1	0.985291	29463.2
0.246077	1	0.591104	17675.8
0.999814	0.70699	0.952085	28470.2
1.39854e-05	0.441771	8.02846e-05	2.40075
0.58876	1	0.900648	26932.1
0.930973	1	0.997561	29830.1
0.146242	1	0.427391	12780.3
0.999996	0.00642597	0.0388604	1162.04
0.884071	0.0067808	0.0366689	1096.51
0.628304	1.94946e-05	0.00015078	4.50879
0.999965	1.15115e-38	1.01709e-36	3.04141e-32
0.931084	1	0.997569	29830.3
0.99999	2.04926e-25	1.18543e-23	3.54479e-19
0.702692	1	0.950628	28426.6
0.336721	0.887564	0.659819	19730.6
0.991919	1.08152e-17	4.29902e-16	1.28554e-11
0.926802	1	0.997253	29820.9
0.167102	0.55881	0.314787	9413.09
0.145765	0.566544	0.28854	8628.2
0.744058	1	0.964029	28827.3
0.800523	0.558707	0.807131	24135.6
0.559919	0.564657	0.680223	20340.7
1	9.44025e-23	4.88197e-21	1.45986e-16
0.774127	9.84985e-05	0.000799217	23.899
0.999993	1.30679e-19	5.81278e-18	1.7382e-13
0.999716	1	1	29903
0.999707	1	1	29903
0.0277666	1	0.12728	3806.05
0.999781	1	1	29903
0.0107631	0.000156192	2.40331e-05	0.718662
1	0.630929	0.921511	27555.9
0.959349	0.000156007	0.00146778	43.891
0.4935	0.000370058	0.00175466	52.4697
0.507505	0.000246731	0.00125035	37.3893
0.894278	0.0191902	0.0869239	2599.29
1	0.0692255	0.254084	7597.88
0.966492	1.33478e-06	1.87842e-05	0.561704
0.608979	0.0394147	0.113523	3394.68
0.801156	0.141461	0.360105	10768.2
0.76541	0.460983	0.720408	21542.4
0.874604	0.242652	0.541196	16183.4
0.221055	0.789156	0.479054	14325.2
0.920728	0.0330354	0.136655	4086.39
0.461573	3.54224e-06	2.34196e-05	0.700316
0.990015	1	0.99995	29901.5
0.889591	1	0.993667	29713.6
1	0.0374355	0.160416	4796.93
0.920975	1	0.996792	29807.1
0.744027	1	0.964019	28827.1
0.999999	1	1	29903
0.154666	1	0.443348	13257.4
0.817025	1	0.982134	29368.7
0.632977	0.185984	0.369584	11051.7
0.778314	1	0.973379	29107
0.97805	1	0.999757	29895.7
0.999992	1.75942e-15	6.15331e-14	1.84003e-09
0.722049	1	0.957193	28622.9
0.90013	0.589148	0.866682	25916.4
0.837463	0.140475	0.369411	11046.5
1	1.23562e-10	2.94255e-09	8.7991e-05
0.940541	2.54419e-24	1.32542e-22	3.96342e-18
0.149239	2.17719e-35	2.68758e-34	8.03666e-30
0.998237	1	0.999998	29903
0.902682	1	0.995103	29756.6
0.985964	0.548672	0.873338	26115.4
0.852379	1	0.988524	29559.8
0.999998	1	1	29903
0.499569	1	0.846275	25306.1
0.979914	0.138803	0.407363	12181.4
0.0902826	2.56052e-22	1.22801e-21	3.67212e-17
0.73016	3.39718e-18	1.03035e-16	3.08105e-12
0.999996	1.14096e-22	5.8788e-21	1.75794e-16
0.965077	7.55367e-25	4.12447e-23	1.23334e-18
1	6.05247e-29	3.99309e-27	1.19405e-22
1	1.16794e-25	6.82184e-24	2.03993e-19
0.799979	0.00500345	0.0261005	780.483
0.116726	1	0.367444	10987.7
0.45505	1	0.813333	24321.1
0.866345	1	0.990641	29623.1
0.199675	1	0.521364	15590.3
0.9825	1	0.999846	29898.4
0.65645	0.135334	0.303915	9087.97
0.999977	1.43372e-28	9.33503e-27	2.79145e-22
0.93307	0.071899	0.24834	7426.11
0.322424	1	0.687372	20554.5
0.572562	1	0.891842	26668.8
0.327372	1	0.692935	20720.8
0.788679	1	0.975908	29182.6
0.82249	1	0.98322	29401.2
0.661853	1	0.935008	27959.5
0.793338	1	0.977	29215.2
0.899496	1	0.994771	29746.6
0.927817	1	0.99733	29823.2
0.318851	4.91588e-05	0.000189087	5.65426
0.613823	0.556105	0.708249	21178.8
0.514892	0.233938	0.375391	11225.3
0.645651	0.0493249	0.141617	4234.76
0.149111	0.418763	0.235626	7045.93
0.712319	0.39076	0.634319	18968.1
0.411701	0.00834872	0.0229366	685.874
0.846078	0.350775	0.657302	19655.3
0.885839	0.774135	0.944447	28241.8
0.965418	1	0.999395	29884.9
1	0.365279	0.733149	21923.4
0.976216	0.840079	0.982749	29387.2
0.999998	0.200824	0.523212	15645.6
0.505345	3.96771e-16	7.44793e-15	2.22716e-10
0.977328	0.471685	0.817972	24459.8
0.862477	0.230072	0.519357	15530.3
0.874813	0.374643	0.693348	20733.2
0.913418	0.00508478	0.0295953	884.987
0.527729	0.665469	0.718682	21490.8
0.98962	0.58996	0.898019	26853.5
0.991742	0.732866	0.958729	28668.9
0.728825	0.207441	0.436818	13062.2
0.792528	0.00863095	0.0409385	1224.19
0.633731	0.0134991	0.0492864	1473.81
0.752609	1.20905e-05	0.000114719	3.43045
0.908196	0.753919	0.944049	28229.9
0.644331	1	0.927542	27736.3
0.82483	2.26014e-07	3.07509e-06	0.0919546
0.817937	0.681055	0.882986	26403.9
0.991647	0.681055	0.940447	28122.2
1	6.44689e-11	1.57722e-09	4.71636e-05
0.968049	1	0.999484	29887.6
0.531268	1	0.867289	25934.5
0.984054	0.116093	0.362081	10827.3
0.918343	1	0.996571	29800.5
0.360616	1	0.728423	21782
0.936215	1	0.997921	29840.8
1	0.643441	0.92715	27724.6
1	0.760469	0.968701	28967.1
1	1	1	29903
0.494182	1	0.842507	25193.5
1	0.719526	0.956367	28598.2
0.612337	0.24309	0.432387	12929.7
0.889344	1	0.993638	29712.8
0.66885	0.31347	0.537213	16064.3
0.818689	1	0.982469	29378.8
0.999981	1	1	29903
2.18632e-57	0	0	0
0.999987	6.043e-24	3.29116e-22	9.84156e-18
1	0.213409	0.543029	16238.2
0.273115	1	0.627581	18766.5
0.721642	1	0.95706	28619
0.99991	6.11544e-16	2.20323e-14	6.58833e-10
0.627258	1	0.919809	27505.1
0.986107	0.26495	0.611946	18299
0.896288	1	0.994426	29736.3
0.786502	1	0.975388	29167
0.860968	1	0.989853	29599.6
0.626549	1	0.919478	27495.2
0.625682	1	0.919073	27483
0.999997	1	1	29903
0.887153	0.0530303	0.190848	5706.93
0.000139632	0.000127868	3.36396e-07	0.0100592
0.00393567	0.00044068	2.47406e-05	0.739818
2.29355e-10	0	0	0
0.802167	1	0.978995	29274.9
0.978316	1	0.999763	29895.9
0.865636	1	0.990539	29620.1
0.0157029	0.000995153	0.000188561	5.63853
0.6687	1.569e-05	0.00013078	3.91073
0.749593	0.109515	0.287314	8591.54
0.764566	9.00025e-07	1.04522e-05	0.312552
0.387549	0.000629686	0.00227396	67.9982
0.691965	0.0654228	0.185387	5543.62
0.738024	0.0136093	0.0562542	1682.17
0.884327	0.038828	0.150104	4488.56
0.997994	1	0.999998	29902.9
0.956491	0.434823	0.780777	23347.6
0.596638	0.25412	0.437628	13086.4
0.0312235	0.00148924	0.000510379	15.2619
0.999995	1	1	29903
0.0165712	1	0.0845147	2527.24
0.981637	1	0.99983	29897.9
0.116661	0.725936	0.293765	8784.47
1	0.013642	0.0722292	2159.87
1	1	1	29903
0.879572	1	0.992439	29676.9
0.916859	0.00306594	0.0193236	577.834
0.994328	5.91292e-27	3.60985e-25	1.07945e-20
0.872123	0.00831026	0.042957	1284.54
0.840338	0.0219107	0.0919651	2750.03
0.953443	9.06659e-05	0.000895223	26.7698
0.999994	1.31179e-11	3.41812e-10	1.02212e-05
0.904567	1	0.995294	29762.3
0.467235	0.0263964	0.0665437	1989.86
0.641524	0.00489208	0.0212282	634.787
0.78353	0.159445	0.384784	11506.2
1	5.56704e-20	2.52381e-18	7.54695e-14
0.999985	6.77692e-22	3.37102e-20	1.00804e-15
0.999918	0.434871	0.796961	23831.5
0.99999	0.0631364	0.237546	7103.34
0.7802	0.909598	0.953054	28499.2
0.386738	1	0.754142	22551.1
0.945363	0.405339	0.750758	22449.9
0.163248	0.0049855	0.00660354	197.466
0.725525	0.000769149	0.00473834	141.691
0.971283	0.00143955	0.0105881	316.614
0.81217	0.226636	0.495592	14819.7
1	1	1	29903
1	0.262785	0.613975	18359.7
0.949158	0.58012	0.879184	26290.2
0.240414	0.000506283	0.00121886	36.4474
0.999999	7.60675e-29	5.00112e-27	1.49549e-22
0.919573	1	0.996675	29803.6
0.731637	1	0.960252	28714.4
0.535972	1	0.870243	26022.9
0.992086	0.831669	0.983724	29416.3
0.00362339	1	0.0239881	717.315
0.661902	1	0.935028	27960.1
0.0269194	1	0.12423	3714.86
0.994618	1.09377e-12	3.10557e-11	9.28657e-07
0.698244	5.79181e-06	5.42647e-05	1.62268
0.937741	0.0217079	0.0996315	2979.28
0.816781	0.701187	0.891928	26671.3
0.96176	2.90981e-32	2.06122e-30	6.16367e-26
0.99998	7.61286e-34	5.88143e-32	1.75872e-27
0.941019	1.54209e-31	1.04493e-29	3.12466e-25
0.97867	1.56099e-32	1.13445e-30	3.39234e-26
0.999999	5.81006e-36	4.772e-34	1.42697e-29
0.999999	1.50542e-29	1.01414e-27	3.03258e-23
0.88592	3.72211e-35	2.65109e-33	7.92756e-29
0.999999	7.2519e-34	5.60619e-32	1.67642e-27
0.999997	6.20356e-60	8.51933e-58	2.54753e-53
1	7.29881e-62	1.03477e-59	3.09428e-55
8.1546e-10	2.34788e-243	1.11162e-249	3.32408e-245
0.994799	0.0975458	0.323395	9670.48
0.0682685	0.00113655	0.000811916	24.2787
0.163972	4.26926e-05	9.00916e-05	2.69401
0.770307	1	0.971331	29045.7
0.432839	1	0.795294	23781.7
0.70003	0.528148	0.737594	22056.3
0.978501	0.580854	0.889487	26598.3
0.862572	1	0.990092	29606.7
0.9433	1	0.998361	29854
0.646098	1	0.928316	27759.4
0.558534	0.0457611	0.119278	3566.78
1	3.04431e-11	7.67627e-10	2.29543e-05
0.0219734	0.000100581	3.09912e-05	0.926729
0.250809	1	0.597694	17872.8
0.98297	1	0.999854	29898.6
0.443702	1	0.804255	24049.6
0.987716	1	0.999924	29900.7
1	0.726222	0.95854	28663.2
0.99709	0.727603	0.958304	28656.2
0.848169	7.17374e-14	1.9124e-12	5.71865e-08
0.991095	0.00580974	0.035453	1060.15
0.952699	1	0.998863	29869
0.0559251	1	0.217199	6494.9
0.768421	1	0.970837	29030.9
0.213771	1.59656e-07	6.20928e-07	0.0185676
0.973517	0.31127	0.66482	19880.1
0.577948	3.80161e-07	3.58812e-06	0.107296
0.996249	1	0.999993	29902.8
0.984651	1	0.999882	29899.5
0.869267	0.220803	0.508746	15213
0.775399	1	0.972643	29084.9
0.882172	0.514913	0.812695	24302
0.994055	0.197027	0.515174	15405.3
0.866362	1	0.990644	29623.2
0.671128	1	0.938771	28072.1
0.997819	1	0.999998	29902.9
0.982715	1	0.99985	29898.5
0.632108	1	0.922053	27572.1
0.516249	0.107645	0.216178	6464.36
0.0402084	0.00854741	0.00308478	92.2443
0.945535	0.186656	0.48261	14431.5
0.990464	0.31908	0.680079	20336.4
0.373002	9.18217e-14	1.09617e-12	3.27786e-08
0.866499	1	0.990663	29623.8
0.769215	0.673684	0.858867	25682.7
0.275995	0.700163	0.510895	15277.3
1	1	1	29903
0.919028	0.000240041	0.0020779	62.1355
0.926415	1.91911e-07	2.94111e-06	0.0879481
0.990989	1.22017e-16	4.55272e-15	1.3614e-10
0.999983	4.5082e-08	8.07621e-07	0.0241503
0.449015	2.32424e-11	2.74323e-10	8.20309e-06
0.966623	5.31372e-11	1.26828e-09	3.79253e-05
0.126754	1	0.388565	11619.3
0.738351	0.00693081	0.0321121	960.248
0.0181343	0.381121	0.0412925	1234.77
0.995808	0.00496388	0.0311896	932.663
0.994222	0.00499835	0.0313298	936.854
0.724204	0.000451853	0.00295323	88.3105
0.992696	0.719885	0.954738	28549.5
0.996978	1	0.999995	29902.9
0.753372	0.608729	0.816113	24404.2
0.905329	1	0.99537	29764.6
0.829066	2.4228e-14	6.53592e-13	1.95444e-08
0.811674	4.66119e-10	8.58645e-09	0.000256761
0.503456	1.95161e-26	5.98224e-25	1.78887e-20
0.202063	1.81942e-28	2.4438e-27	7.30769e-23
0.999998	7.94643e-28	5.038e-26	1.50651e-21
0.591807	1.05194e-41	5.96898e-40	1.7849e-35
0.999999	1.46049e-25	8.49798e-24	2.54115e-19
1	5.24363e-32	3.8292e-30	1.14504e-25
0.775463	1	0.972659	29085.4
0.572168	1	0.891623	26662.2
0.965111	1	0.999384	29884.6
0.885924	1	0.993231	29700.6
0.942249	0.206172	0.512576	15327.5
0.918961	0.729718	0.938553	28065.5
0.292289	1	0.651808	19491
0.760381	9.7629e-06	9.51018e-05	2.84383
0.999997	0.000390086	0.00345192	103.223
0.501197	1	0.847402	25339.9
0.494386	1	0.842651	25197.8
6.01368e-08	8.34479e-25	3.66685e-30	1.0965e-25
0.978944	3.57262e-08	6.35431e-07	0.0190013
0.516792	1	0.857934	25654.8
0.393215	1	0.760242	22733.5
0.988666	1	0.999936	29901.1
0.951711	0.726558	0.946579	28305.5
4.99688e-09	1	1.0051e-07	0.00300554
0.00299035	1	0.0203714	609.165
0.00635068	9.7464e-28	4.22471e-28	1.26332e-23
0.0752969	0.610099	0.18745	5605.32
0.999988	0.0137906	0.0728654	2178.89
0.966158	0.444608	0.792537	23699.2
0.531446	1	0.867401	25937.9
0.999906	1.12601e-41	1.07285e-39	3.20813e-35
0.996844	6.01097e-06	7.80463e-05	2.33382
0.78155	0.000693447	0.0046177	138.083
0.717435	0.00166338	0.0092259	275.882
1	1	1	29903
0.57078	1	0.890845	26639
0.837285	1	0.985979	29483.7
0.907188	1	0.995553	29770
0.289764	0.738337	0.543854	16262.9
0.988874	0.0382123	0.16157	4831.42
0.141957	0.375273	0.209485	6264.24
0.951133	0.0306125	0.132086	3949.77
0.813827	0.404441	0.69491	20779.9
0.977757	6.05661e-31	4.18094e-29	1.25023e-24
0.388212	0.933258	0.730139	21833.3
0.999974	0.796046	0.977618	29233.7
0.832358	1	0.98509	29457.1
1	0.860217	0.98974	29596.2
0.618511	0.803628	0.844522	25253.7
0.471964	1	0.82634	24710
0.78087	1	0.974015	29126
0.535752	1	0.870106	26018.8
0.520973	1	0.860677	25736.8
0.260817	7.1315e-09	3.92514e-08	0.00117373
1	0.28426	0.641821	19192.4
0.99998	1	1	29903
0.018176	0.517072	0.0532623	1592.7
0.715228	8.17679e-15	1.97512e-13	5.90619e-09
0.771359	9.40825e-07	1.09845e-05	0.328469
0.186223	6.96644e-10	3.08313e-09	9.21949e-05
0.929161	3.58807e-11	8.37617e-10	2.50473e-05
0.300457	2.62154e-07	1.36713e-06	0.0408812
0.661519	1.27321e-22	4.36529e-21	1.30535e-16
0.999926	8.88544e-05	0.000917672	27.4412
0.856791	1	0.989218	29580.6
0.0786456	0.337034	0.122734	3670.11
0.513315	1	0.855627	25585.8
1	1	1	29903
0.526756	1	0.864416	25848.6
0.897205	0.31371	0.638288	19086.7
0.918089	1	0.99655	29799.8
0.987911	1	0.999927	29900.8
0.999997	1	1	29903
0.950026	1	0.99873	29865
1	0.774749	0.972477	29080
0.657788	1	0.933317	27909
0.260949	1	0.611516	18286.2
0.541541	0.00622865	0.0225724	674.982
0.90773	0.568673	0.857544	25643.1
0.859042	1	0.989563	29590.9
0.615273	1	0.914105	27334.5
0.924114	0.687581	0.923556	27617.1
0.37818	0.0787245	0.134396	4018.86
0.88203	0.257562	0.56386	16861.1
0.647384	0.573615	0.739212	22104.7
0.928717	0.275647	0.604818	18085.9
0.999998	1	1	29903
0.0545434	1	0.213197	6375.23
0.999985	0.184665	0.496598	14849.8
0.678912	2.50015e-05	0.000203411	6.0826
0.638961	7.76232e-06	6.55397e-05	1.95983
0.713899	0.286853	0.529531	15834.6
0.817865	0.00129766	0.00832943	249.075
0.92071	0.0337374	0.138903	4153.63
0.445024	0.766542	0.708012	21171.7
0.19124	1	0.507593	15178.6
0.122368	0.131061	0.0823185	2461.57
0.930062	0.0115011	0.0592368	1771.36
0.968061	1	0.999484	29887.6
0.637027	0.304179	0.511763	15303.2
0.207398	1	0.533659	15958
0.0446574	1	0.183485	5486.76
0.863233	1	0.990189	29609.6
0.475448	1	0.828942	24787.9
0.624124	1	0.91834	27461.1
0.35575	0.761928	0.624901	18686.4
0.977312	0.824563	0.9798	29299
0.927721	1	0.997323	29822.9
0.999998	0.527239	0.864725	25857.9
0.64095	0.147625	0.317724	9500.9
0.747044	1	0.964905	28853.6
0.952622	1	0.99886	29868.9
0.999994	0.0244462	0.115172	3444
0.196746	0.153999	0.136243	4074.06
1	0.0875805	0.300856	8996.5
0.974813	1.59294e-09	3.30489e-08	0.00098826
0.694076	1	0.947535	28334.1
0.0706993	0.000122306	0.000109456	3.27305
1	4.5233e-06	6.01883e-05	1.79981
0.411782	8.02785e-05	0.000374118	11.1872
0.969461	1	0.999529	29888.9
0.998845	3.57699e-05	0.000401573	12.0082
1	3.44945e-06	4.68342e-05	1.40048
0.784285	1.44062e-07	1.9203e-06	0.0574229
0.846908	4.0929e-27	2.14657e-25	6.4189e-21
1	4.90444e-19	2.11671e-17	6.32959e-13
0.57171	3.73584e-05	0.000251046	7.50702
0.920209	0.168756	0.444513	13292.3
0.49116	1	0.840368	25129.5
0.137761	0.357474	0.197522	5906.51
0.61283	0.590717	0.729841	21824.4
0.965334	4.05007e-30	2.68649e-28	8.03342e-24
0.28063	0.00322896	0.00725485	216.942
0.781267	0.000325476	0.00235901	70.5414
0.375781	0.0127889	0.0304589	910.811
0.379549	1.348e-05	6.74487e-05	2.01692
0.96351	0.0348997	0.147701	4416.72
0.913393	0.0348997	0.141722	4237.9
0.776007	0.0348997	0.124819	3732.47
0.668816	0.0348997	0.111048	3320.66
0.968278	0.0995985	0.321995	9628.61
0.353515	0.477189	0.468913	14021.9
0.998338	0.39868	0.764695	22866.7
1	3.55922e-07	5.64084e-06	0.168678
0.922552	1	0.99692	29810.9
0.979664	1	0.999792	29896.8
0.767073	1	0.97048	29020.3
0.431864	1	0.794476	23757.2
0.907169	1	0.995551	29770
0.616653	0.0533158	0.145153	4340.5
0.70388	1	0.951046	28439.1
0.9782	3.83391e-22	1.88773e-20	5.64488e-16
0.216691	2.91746e-10	1.54788e-09	4.62861e-05
0.0709817	2.18227e-12	4.72386e-12	1.41258e-07
0.542731	2.94894e-05	0.00019274	5.7635
0.598294	0.000673623	0.00355327	106.253
0.0990967	0.483865	0.193601	5789.25
0.824888	1	0.983685	29415.1
0.888972	0.00742295	0.0397305	1188.06
0.990027	3.51554e-07	5.52385e-06	0.16518
1	3.91962e-05	0.000436917	13.0651
0.998722	0.12815	0.391104	11695.2
0.558973	0.01115	0.0378812	1132.76
0.240622	0.211336	0.202332	6050.32
0.857327	0.0781068	0.248005	7416.1
0.656948	0.170049	0.356569	10662.5
0.893958	1	0.994168	29728.6
0.715231	0.655	0.823708	24631.3
0.904055	1	0.995243	29760.7
0.435432	0.726559	0.680459	20347.8
0.158979	0.82217	0.39667	11861.6
0.865577	1	0.990531	29619.8
0.993932	1	0.999982	29902.4
0.999984	2.79893e-23	1.48145e-21	4.42999e-17
0.393814	0.743939	0.652649	19516.2
0.116574	0.000142853	0.000199885	5.97715
0.999997	0.0013469	0.0102498	306.5
0.889874	7.43122e-12	1.76841e-10	5.28807e-06
0.672461	4.1565e-10	6.42813e-09	0.00019222
1	1.44749e-09	3.09088e-08	0.000924265
0.982318	7.61026e-05	0.000785043	23.4751
0.999949	5.33462e-77	9.42179e-75	2.8174e-70
0.0313855	1	0.140023	4187.12
0.940404	0.774272	0.959147	28681.4
0.832641	1	0.985141	29458.7
0.730247	1	0.959816	28701.4
0.990643	1	0.999956	29901.7
0.802358	1	0.979038	29276.2
0.987353	0.0029207	0.0197499	590.581
0.577131	0.619221	0.7251	21682.7
0.855965	0.000698871	0.00503786	150.647
0.387114	0.00803144	0.0210591	629.731
1	0.00306247	0.0207897	621.673
0.254624	0.434829	0.354382	10597.1
0.824102	4.1658e-09	7.03425e-08	0.00210345
0.452969	9.32824e-06	5.65122e-05	1.68988
0.12656	2.54919e-23	1.77737e-22	5.31487e-18
0.754364	2.35898e-16	6.63143e-15	1.983e-10
0.637034	0.163991	0.340448	10180.4
0.343359	4.51664e-17	6.1576e-16	1.84131e-11
0.932458	0.163926	0.439956	13156
0.46103	2.9482e-11	3.53687e-10	1.05763e-05
0.587114	1	0.899774	26905.9
0.52657	1	0.864297	25845.1
0.912748	1	0.996078	29785.7
0.913091	0.0555973	0.202074	6042.61
0.0853277	0.145955	0.0670737	2005.7
0.633853	0.339956	0.54622	16333.6
0.996746	0.383953	0.750288	22435.9
1	0.256981	0.606155	18125.8
0.397556	1	0.764269	22853.9
0.834546	1	0.985488	29469.1
0.408927	1	0.774598	23162.8
0.716816	1.1679e-09	1.83349e-08	0.000548268
0.697344	6.79161e-24	2.59096e-22	7.74775e-18
0.783374	6.54184e-20	2.32752e-18	6.95999e-14
0.994378	4.61993e-13	1.35103e-11	4.03998e-07
0.998118	2.69688e-13	8.06016e-12	2.41023e-07
0.959608	1	0.999173	29878.3
0.617338	1	0.915104	27364.3
0.688517	1	0.945482	28272.8
0.085182	1	0.294982	8820.86
0.236647	0.791045	0.500866	14977.4
0.999989	0.891423	0.993879	29720
0.954607	1	0.998954	29871.7
0.0306621	1	0.137511	4111.99
0.657299	0.00465503	0.0207739	621.202
0.999968	1.04989e-08	2.03378e-07	0.00608161
0.803908	0.05319	0.177546	5309.15
0.982037	2.75264e-05	0.000311367	9.31081
0.875908	3.81578e-09	6.85721e-08	0.00205051
0.992433	0.000128426	0.00127043	37.9896
0.93995	0.125422	0.36994	11062.3
0.993528	0.0628177	0.23554	7043.36
0.831505	0.0157345	0.0698181	2087.77
0.977515	1	0.999745	29895.4
0.296197	1	0.656589	19634
0.100975	1	0.332498	9942.68
0.999954	0.676722	0.940966	28137.7
0.295812	1	0.65612	19620
0.598429	1	0.905691	27082.9
1	1	1	29903
0.982101	3.06864e-42	2.91141e-40	8.706e-36
1	6.5413e-05	0.000695654	20.8021
0.455571	0.000225573	0.00104646	31.2922
0.915221	0.000223722	0.00194388	58.1279
0.99999	1.24601e-55	1.58768e-53	4.74763e-49
0.547258	1	0.877164	26229.8
0.807071	1	0.980062	29306.8
0.962938	1	0.999305	29882.2
0.937635	0.000122376	0.0011558	34.5618
0.965837	0.125074	0.376127	11247.3
0.550047	5.0167e-07	4.44351e-06	0.132874
0.780315	0.629012	0.840131	25122.4
0.71572	0.0302602	0.104659	3129.62
0.765723	0.0302602	0.110406	3301.48
0.70249	1.65641e-06	1.70632e-05	0.510241
0.0154596	6.06148e-09	2.2575e-09	6.75062e-05
0.864071	1	0.990312	29613.3
1	0.310066	0.673144	20129
0.990591	1	0.999956	29901.7
0.42023	1	0.78455	23460.4
0.811236	0.121258	0.326489	9762.99
0.714269	0.137404	0.325966	9747.35
0.951573	0.137428	0.396804	11865.6
0.679982	0.0439636	0.134826	4031.72
0.236656	0.0433059	0.0571935	1710.26
0.616415	0.041355	0.119032	3559.4
0.999999	0.00204842	0.0147296	440.458
0.725099	1	0.95818	28652.5
0.992041	0.308983	0.668976	20004.4
1	3.18757e-11	8.02286e-10	2.39908e-05
0.943295	0.10387	0.325586	9735.99
0.132595	0.00150443	0.00189901	56.7861
0.99625	1	0.999993	29902.8
0.961277	0.00349887	0.0225172	673.332
0.995789	1.24795e-16	4.67553e-15	1.39812e-10
0.0721346	1	0.261793	7828.38
0.0664833	0.543919	0.156209	4671.12
0.825625	1	0.983827	29419.4
0.9997	0.765384	0.969969	29005
1	8.65733e-08	1.49445e-06	0.0446886
0.512188	0.397907	0.527973	15788
0.4578	1.26841e-09	1.29299e-08	0.000386642
0.0980534	0.0120466	0.00914398	273.432
0.999987	8.54567e-12	2.26334e-10	6.76808e-06
0.999999	0.631695	0.921863	27566.5
0.703377	1.8492e-08	2.49183e-07	0.00745131
0.999991	7.04122e-06	9.05755e-05	2.70848
0.918707	1	0.996602	29801.4
0.961259	1	0.99924	29880.3
0.940812	0.774231	0.959235	28684
0.999976	1	1	29903
0.896008	1	0.994395	29735.4
0.99906	1	1	29903
0.0689682	0.289182	0.0980228	2931.18
0.328682	0.424146	0.414093	12382.6
0.348818	1	0.716195	21416.4
0.990624	1	0.999956	29901.7
0.970182	1	0.999551	29889.6
0.94691	0.14128	0.402885	12047.5
0.891396	0.0245265	0.105444	3153.08
0.968096	0.141106	0.408537	12216.5
0.991635	5.4615e-37	4.57671e-35	1.36857e-30
0.450751	1	0.809928	24219.3
0.139471	1	0.414215	12386.3
0.326942	0.0377846	0.0666318	1992.49
0.999492	2.02451e-56	2.61514e-54	7.82007e-50
0.555603	0.135824	0.270471	8087.9
0.953905	0.136575	0.395799	11835.6
0.682247	2.14156e-05	0.000177283	5.30129
0.588505	0.0726469	0.177524	5308.5
0.525258	0.242163	0.389482	11646.7
0.945539	0.015087	0.0748921	2239.5
0.604235	0.00281428	0.0125442	375.11
0.999988	0.772432	0.97188	29062.1
0.999984	0.388256	0.755576	22594
0.997937	0.65502	0.931579	27857
0.923942	0.557587	0.856866	25622.9
0.453084	1	0.811781	24274.7
0.900236	1	0.994849	29749
0.00224082	0.00064492	2.08785e-05	0.624331
0.031024	8.57708e-16	1.04217e-15	3.1164e-11
0.571863	1	0.891452	26657.1
0.921935	0.607849	0.884929	26462
0.552847	0.0240545	0.0707493	2115.62
0.916868	0.0158092	0.0758659	2268.62
0.99999	1	1	29903
0.771608	1	0.971669	29055.8
0.785831	1	0.975227	29162.2
0.941839	1	0.998275	29851.4
0.322084	1	0.686986	20543
0.588369	1	0.90044	26925.9
7.6705e-17	0	0	0
0.0556951	0.00119121	0.000704621	21.0703
0.865922	1	0.990581	29621.3
0.144096	0.0162281	0.0165051	493.551
0.909467	1	0.995772	29776.6
0.70952	0.637228	0.811021	24252
0.561834	3.88789e-13	6.58631e-12	1.9695e-07
0.581397	8.55859e-05	0.000542791	16.2311
0.161163	3.22887e-07	9.24771e-07	0.0276534
0.683464	1	0.943577	28215.8
0.999999	1	1	29903
0.910613	0.726516	0.934893	27956.1
0.959637	0.838555	0.979552	29291.5
0.999996	1	1	29903
0.926538	6.67088e-05	0.000660821	19.7605
0.781128	1.10347e-08	1.68677e-07	0.00504395
1	1.34082e-12	3.79958e-11	1.13619e-06
0.96725	1	0.999458	29886.8
1	1	1	29903
0.0479569	1	0.193624	5789.93
0.979915	0.253733	0.594681	17782.7
0.633479	0.00535733	0.02269	678.5
0.589454	1	0.901015	26943.1
0.042106	0.0314821	0.0101088	302.283
0.676212	0.0320322	0.10467	3129.94
0.608514	0.0665616	0.170373	5094.67
0.759393	0.0297293	0.108159	3234.29
0.614606	1	0.91378	27324.8
0.514204	1	0.856219	25603.5
0.999994	1	1	29903
0.928348	1	0.997369	29824.3
0.907897	1	0.995622	29772.1
0.227625	1	0.564523	16880.9
0.717099	0.1719	0.381319	11402.6
0.106916	0.00191614	0.00194483	58.1561
0.999963	0.0796395	0.28114	8406.92
0.907622	1	0.995595	29771.3
0.219808	0.237089	0.206075	6162.27
0.901158	1	0.994946	29751.9
2.08512e-05	0.000714337	2.83332e-07	0.00847249
0.16913	0.00923868	0.0116588	348.633
0.625914	7.97048e-07	7.73813e-06	0.231393
0.691091	0.00937969	0.0391441	1170.53
0.829546	0.0331474	0.126314	3777.15
0.92879	0.187822	0.479056	14325.2
0.674797	0.669765	0.810886	24247.9
0.947163	0.033236	0.14035	4196.89
0.726751	0.234087	0.47145	14097.8
0.864312	1	0.990347	29614.4
0.0874866	0.0908041	0.0463566	1386.2
0.959594	0.000103797	0.00101738	30.4226
0.964566	1	0.999365	29884
0.824633	1	0.983636	29413.7
0.999958	1.42247e-22	7.29761e-21	2.18221e-16
1.86165e-05	0.168886	4.29792e-05	1.28521
0.0326484	0.260398	0.0490329	1466.23
0.97244	0.0595107	0.222775	6661.65
0.983676	0.774006	0.968947	28974.4
0.999918	1	1	29903
0.317304	1	0.681535	20379.9
0.980339	0.0475421	0.189506	5666.78
0.947773	0.0193986	0.0918575	2746.82
0.934153	1	0.997783	29836.7
0.996399	1	0.999994	29902.8
1	0.803089	0.979198	29281
0.999978	1	1	29903
0.984299	1	0.999876	29899.3
0.885605	1	0.993192	29699.4
0.994362	1	0.999984	29902.5
0.999388	0.580763	0.896164	26798
0.98084	1	0.999815	29897.5
0.977342	1	0.999741	29895.3
0.976199	0.145743	0.419708	12550.5
0.325592	0.548593	0.486287	14541.5
0.999998	0.774283	0.972358	29076.4
0.699207	0.0408568	0.130138	3891.53
1	4.03673e-27	2.49367e-25	7.45681e-21
0.0170328	0.0142289	0.00226001	67.5811
0.967359	0.319572	0.67206	20096.6
0.907984	1	0.99563	29772.3
0.993272	1	0.999977	29902.3
0.701147	0.000243675	0.00165294	49.4279
0.551059	0.298441	0.461322	13794.9
0.94748	1.11765e-06	1.56282e-05	0.467329
0.187276	1	0.500996	14981.3
0.832812	1	0.985173	29459.6
0.271863	1	0.625953	18717.9
0.820414	0.0441616	0.156439	4678
0.750728	1.74168e-06	1.90211e-05	0.568789
0.797012	1.85002e-05	0.000178776	5.34594
0.397497	0.26312	0.340723	10188.6
0.888206	1	0.993504	29708.8
0.907595	1	0.995593	29771.2
0.979813	0.823969	0.980118	29308.5
0.809886	0.00535352	0.0279259	835.068
0.998505	0.701329	0.949772	28401
0.458249	1	0.81584	24396.1
0.670193	1	0.938397	28060.9
0.967082	1	0.999452	29886.6
1	0.844753	0.987272	29522.4
0.786745	1	0.975447	29168.8
0.98697	1	0.999915	29900.5
0.999947	1.37446e-32	1.02206e-30	3.05626e-26
0.755321	0.182923	0.411638	12309.2
0.93336	1	0.997728	29835.1
0.986999	1	0.999915	29900.5
0.860324	0.682647	0.899871	26908.8
0.230222	0.431017	0.328481	9822.58
0.986726	0.866479	0.988935	29572.1
0.819943	0.308102	0.6002	17947.8
0.960787	0.263514	0.600964	17970.6
0.999985	1.22098e-10	2.9091e-09	8.69908e-05
0.999983	1	1	29903
0.999987	0.0706521	0.257877	7711.29
0.999955	1	1	29903
0.873671	1	0.991661	29653.7
0.976928	1	0.999732	29895
0.863215	1	0.990187	29609.5
0.919703	0.560668	0.857178	25632.2
0.794283	1	0.977219	29221.8
0.999998	0.188163	0.502479	15025.6
0.375426	1	0.743228	22224.8
0.983465	1	0.999863	29898.9
0.877625	1	0.992187	29669.4
0.937319	0.0604145	0.21922	6555.34
0.999999	1	1	29903
0.999995	1	1	29903
0.998092	1	0.999998	29902.9
0.868215	1	0.990908	29631.1
0.683911	1	0.943748	28220.9
0.571606	0.774329	0.803367	24023.1
1	0.280353	0.636879	19044.6
0.684348	1.34169e-07	1.57959e-06	0.0472344
0.92712	0.0228076	0.102689	3070.71
0.044197	0.0227742	0.007953	237.819
0.944518	0.0524179	0.198315	5930.22
0.844501	0.558081	0.82584	24695.1
0.993874	0.130164	0.393936	11779.9
0.0310994	2.38525e-07	1.46278e-07	0.00437415
0.760522	1	0.968715	28967.5
0.999997	1	1	29903
0.571837	1	0.891437	26656.6
0.0347261	1	0.151415	4527.76
0.59646	1	0.904677	27052.5
1	0.376772	0.744545	22264.1
1	1	1	29903
0.753314	1	0.966708	28907.5
0.727141	1	0.958833	28672
0.994714	1	0.999986	29902.6
0.181845	2.64328e-06	7.47344e-06	0.223478
0.941918	0.57846	0.875714	26186.5
0.96692	1	0.999447	29886.5
0.458045	1	0.815681	24391.3
0.710453	0.0790231	0.217824	6513.6
0.0250516	0.0130919	0.00295916	88.4879
0.244022	0.012974	0.0213869	639.533
0.999999	0.105389	0.342523	10242.5
1	2.37929e-25	1.3728e-23	4.10508e-19
0.648926	1	0.929545	27796.2
0.0784688	0.575035	0.184928	5529.91
0.0786811	1	0.278716	8334.45
0.0842458	0.844679	0.259225	7751.61
0.234128	0.00197151	0.00400696	119.82
0.766172	0.474878	0.731696	21879.9
5.81403e-05	0.0100537	8.97389e-06	0.268346
0.822914	1	0.983303	29403.7
0.698633	0.704681	0.841186	25154
0.999979	2.00113e-08	3.74743e-07	0.0112059
0.684237	0.00128209	0.007052	210.876
0.964902	0.00346919	0.0224263	670.613
0.999994	5.45349e-18	2.2223e-16	6.64534e-12
0.961163	1	0.999236	29880.2
0.921836	1	0.996862	29809.2
0.351643	1	0.719159	21505
0.782077	1	0.974313	29134.9
0.510874	0.000101042	0.000561192	16.7813
0.347291	0.0248997	0.049727	1486.99
0.845804	1	0.987449	29527.7
0.786651	1	0.975424	29168.1
0.945685	1	0.998497	29858.1
0.936855	1	0.997963	29842.1
0.964648	1	0.999368	29884.1
0.993466	1	0.999979	29902.4
0.829779	1	0.984612	29442.9
0.666122	0.102615	0.251752	7528.14
0.357643	0.000254215	0.000936963	28.018
0.00661472	0.0019519	0.000158259	4.73242
0.145456	0.00194897	0.00259913	77.7218
0.644639	0.00194876	0.00964752	288.49
0.913001	0.00194876	0.0130445	390.07
0.79118	0.00194876	0.0115248	344.626
0.954609	0.00194876	0.0135561	405.368
0.954609	0.00194876	0.0135561	405.368
0.644639	0.00194876	0.00964752	288.49
1	0.0489451	0.196615	5879.38
0.751456	1	0.966179	28891.7
0.999988	1	1	29903
1	1	1	29903
1	1	1	29903
0.214652	1	0.544945	16295.5
0.894341	1	0.99421	29729.9
0.943265	1	0.998359	29853.9
1	4.40204e-11	1.09375e-09	3.27063e-05
0.572354	0.000139024	0.000830633	24.8384
0.468353	0.00346793	0.0120561	360.514
0.367355	0.00013865	0.000554413	16.5786
1	0.00182869	0.0133571	399.416
8.75338e-07	1.22828e-08	3.56564e-13	1.06623e-08
0.996551	0.00142109	0.0107061	320.144
0.134391	1.23459e-08	3.52027e-08	0.00105266
0.922784	0.0571547	0.207925	6217.59
0.991392	2.34283e-05	0.000271059	8.10548
0.999999	0.0118327	0.064333	1923.75
0.981575	0.727842	0.954672	28547.6
0.390669	0.000127096	0.000541732	16.1994
0.125831	1	0.386655	11562.1
0.882079	0.689989	0.910839	27236.8
0.861953	0.62656	0.872781	26098.8
0.972415	0.312493	0.66583	19910.3
0.48038	0.688617	0.696742	20834.7
0.974719	0.742006	0.957583	28634.6
0.891584	0.268987	0.582258	17411.3
0.984278	0.382013	0.743797	22241.8
0.985986	1	0.999901	29900.1
0.212536	1	0.541678	16197.8
0.999451	0.772397	0.971764	29058.7
0.932831	1	0.997692	29834
0.732623	1	0.96056	28723.6
0.999906	4.14746e-14	1.31934e-12	3.94522e-08
0.987351	0.00223704	0.0157159	469.954
0.747144	0.0841345	0.236785	7080.6
0.914291	1	0.996217	29789.9
0.843704	0.748609	0.921821	27565.2
0.999983	1	1	29903
0.999993	1	1	29903
0.999998	1	1	29903
0.82992	1	0.984639	29443.6
0.999841	1	1	29903
0.999977	1	1	29903
0.602952	1	0.907996	27151.8
0.967699	1	0.999473	29887.2
0.999964	1	1	29903
1	1	1	29903
0.999999	1	1	29903
0.946993	1	0.99857	29860.2
0.999949	1	1	29903
0.99995	1	1	29903
0.999991	1	1	29903
0.999999	1	1	29903
0.999991	1	1	29903
0.972941	6.31942e-29	4.05543e-27	1.21269e-22
0.545859	0.0731095	0.168457	5037.37
0.996888	0.208051	0.533667	15958.3
0.993165	0.242053	0.583076	17435.7
0.868412	0.0336521	0.132465	3961.1
0.999416	0.0535449	0.210192	6285.37
0.264226	1	0.615897	18417.2
0.017699	0.0804589	0.0107576	321.683
0.000126733	1.51733e-18	9.80764e-21	2.93278e-16
0.762052	2.27053e-08	3.26543e-07	0.00976461
0.213633	0.201104	0.178184	5328.24
0.999716	0.823697	0.98341	29406.9
0.774811	1	0.972493	29080.5
0.0732	1	0.264586	7911.91
0.999997	1	1	29903
0.335694	1	0.702122	20995.6
0.640863	1	0.926008	27690.4
0.434019	1	0.79628	23811.2
0.961845	0.0990871	0.319339	9549.2
0.969669	0.0187375	0.0909919	2720.93
0.245633	5.49047e-07	2.26828e-06	0.0678284
0.999447	0.00934658	0.0529966	1584.76
0.991625	0.00774327	0.0450673	1347.65
0.966948	0.0162512	0.0809778	2421.48
0.976672	1	0.999726	29894.8
0.14017	0.411898	0.222391	6650.15
0.999999	4.64064e-25	2.64654e-23	7.91396e-19
0.997235	1	0.999996	29902.9
0.0180682	1	0.0905868	2708.82
0.937384	1	0.997997	29843.1
1	0.455403	0.81361	24329.4
0.732439	0.813425	0.904327	27042.1
0.736946	1	0.961892	28763.5
0.484332	1	0.835466	24982.9
0.999937	0	0	0
0.602677	2.7979e-06	2.41013e-05	0.720702
0.866219	0.0594144	0.204157	6104.89
0.962139	0.0293393	0.128932	3855.44
0.625903	0.0156155	0.0550074	1644.89
0.996061	0.0156129	0.0803013	2401.25
0.999988	1.37325e-08	2.62336e-07	0.00784462
0.777843	1	0.973261	29103.4
0.886362	1	0.993284	29702.2
0.781093	1	0.974071	29127.6
1	0.440326	0.801499	23967.2
1	0.616002	0.914458	27345
0.999999	0.47905	0.831607	24867.5
0.741312	0.127241	0.317028	9480.1
0.125402	4.30926e-05	7.09446e-05	2.12146
0.937038	0.146748	0.410335	12270.2
0.919598	1	0.996677	29803.6
1	0.266793	0.619302	18519
0.558153	0.507715	0.640716	19159.3
0.317587	0.000320661	0.00103794	31.0377
0.775017	1	0.972546	29082
0.694776	0.472843	0.694215	20759.1
0.64442	0.00479296	0.0209413	626.207
0.999999	0.00108225	0.00847263	253.357
0.99998	4.96729e-11	1.22817e-09	3.67259e-05
0.847627	1	0.987752	29536.8
0.662916	0.360583	0.581131	17377.6
0.928429	6.91678e-06	8.31989e-05	2.4879
0.774562	0.784869	0.910494	27226.5
0.738677	0.307922	0.564271	16873.4
0.642447	1	0.926711	27711.4
0.779078	1	0.97357	29112.7
0.645848	1	0.928207	27756.2
0.890136	1	0.993731	29715.5
0.934138	0.0430001	0.169296	5062.44
0.999995	1.16633e-12	3.32137e-11	9.93188e-07
0.556081	0.000128545	0.00075385	22.5424
0.678395	0.113606	0.274603	8211.44
0.985068	0.771324	0.968519	28961.6
0.91351	0.184091	0.467979	13994
0.456404	1.88495e-06	1.28752e-05	0.385008
0.999938	3.42306e-45	3.53874e-43	1.05819e-38
0.778625	1	0.973457	29109.3
0.479012	0.0148966	0.0424046	1268.03
0.0242938	1	0.114607	3427.08
0.594246	0.753549	0.807561	24148.5
4.56191e-244	1.8973e-25	5.35105e-266	1.60012e-261
0.116844	1	0.367697	10995.2
0.986454	1	0.999908	29900.2
0.998088	1	0.999998	29902.9
0.381754	1	0.749375	22408.6
1	0.400531	0.767003	22935.7
0.826292	1	0.983954	29423.2
0.999993	0.294263	0.654227	19563.4
0.790375	0.744878	0.900633	26931.6
0.306007	0.412279	0.387338	11582.6
0.461754	0.433884	0.522447	15622.7
0.997215	6.06298e-15	2.03992e-13	6.09996e-09
0.52568	0.433474	0.564883	16891.7
1	0.0150438	0.0781796	2337.8
0.980778	0.00861738	0.0487951	1459.12
0.735374	1	0.96141	28749.1
0.738476	1	0.962357	28777.4
0.650133	0.108552	0.25767	7705.11
0.4094	0.162285	0.246588	7373.71
0.524862	1	0.863198	25812.2
0.645789	1	0.928181	27755.4
0.447969	0.189032	0.293745	8783.87
0.71139	0.166887	0.371715	11115.4
0.565523	0.166885	0.31715	9483.75
0.689122	0.0385265	0.122891	3674.8
0.138849	1	0.412988	12349.6
0.960213	1	0.999198	29879
0.263964	1	0.615548	18406.7
0.955138	0.172621	0.462077	13817.5
0.0591153	0.000695489	0.000456332	13.6457
0.0724445	0.000702315	0.00055387	16.5624
0.072338	0.000679668	0.000536907	16.0551
0.355876	0.0125367	0.0286085	855.479
0.548905	0.0506572	0.127421	3810.27
0.219246	0.000630739	0.00136713	40.8814
0.993764	2.16443e-20	9.95578e-19	2.97708e-14
0.00317949	4.24643e-35	1.15972e-35	3.46791e-31
0.976278	1	0.999716	29894.5
0.394424	0.0430885	0.0862473	2579.05
0.909349	1	0.995761	29776.2
0.320206	1	0.684854	20479.2
1	1	1	29903
1	1	1	29903
0.603501	1	0.908274	27160.1
0.501172	0.713154	0.725142	21683.9
0.973824	0.0788673	0.273918	8190.98
0.253054	0.515404	0.396095	11844.4
0.49202	0.000235828	0.00116747	34.911
0.838848	0.0105228	0.0505783	1512.44
0.726359	0.0282929	0.100388	3001.9
0.984202	1.11704e-05	0.000136525	4.0825
0.999999	1.21136e-11	3.16608e-10	9.46754e-06
0.857602	1	0.989343	29584.3
0.780219	1	0.973854	29121.2
0.918417	1	0.996578	29800.7
0.961019	1	0.99923	29880
0.290443	1	0.649531	19422.9
0.0511253	0.00590705	0.00274974	82.2253
0.150822	0.095342	0.0753773	2254.01
0.57365	0.153256	0.301671	9020.88
0.932038	0.0275487	0.119708	3579.64
0.995007	0.645977	0.926846	27715.5
0.664061	0.0313408	0.101402	3032.21
0.150176	1	0.434902	13004.9
0.41762	0.0014317	0.00503561	150.58
0.858047	4.07756e-09	7.16222e-08	0.00214172
1	2.30843e-05	0.00026954	8.06006
0.816027	9.49902e-06	9.89678e-05	2.95943
0.968157	6.73093e-07	9.93373e-06	0.297048
1	5.02847e-06	6.63778e-05	1.9849
0.330499	1	0.696411	20824.8
0.960719	1	0.999218	29879.6
0.992678	4.10574e-11	1.0158e-09	3.03754e-05
0.998195	1	0.999998	29903
1	1	1	29903
0.958769	1	0.999138	29877.2
0.469148	0.0351006	0.0840887	2514.5
0.999962	1	1	29903
