quality	AA	AC	AG	AT	A.	CA	CC	CG	CT	C.	GA	GC	GG	GT	G.	TA	TC	TG	TT	T.	.A	.C	.G	.T	..
0	NA	NA	NA	NA	NA	NA	NA	NA	NA	NA	NA	NA	NA	NA	NA	NA	NA	NA	NA	NA	NA	NA	NA	NA	NA
1	NA	NA	NA	NA	NA	NA	NA	NA	NA	NA	NA	NA	NA	NA	NA	NA	NA	NA	NA	NA	NA	NA	NA	NA	NA
2	NA	NA	NA	NA	NA	NA	NA	NA	NA	NA	NA	NA	NA	NA	NA	NA	NA	NA	NA	NA	NA	NA	NA	NA	NA
3	NA	NA	NA	NA	NA	NA	NA	NA	NA	NA	NA	NA	NA	NA	NA	NA	NA	NA	NA	NA	NA	NA	NA	NA	NA
4	NA	NA	NA	NA	NA	NA	NA	NA	NA	NA	NA	NA	NA	NA	NA	NA	NA	NA	NA	NA	NA	NA	NA	NA	NA
5	NA	NA	NA	NA	NA	NA	NA	NA	NA	NA	NA	NA	NA	NA	NA	NA	NA	NA	NA	NA	NA	NA	NA	NA	NA
6	NA	NA	NA	NA	NA	NA	NA	NA	NA	NA	NA	NA	NA	NA	NA	NA	NA	NA	NA	NA	NA	NA	NA	NA	NA
7	NA	NA	NA	NA	NA	NA	NA	NA	NA	NA	NA	NA	NA	NA	NA	NA	NA	NA	NA	NA	NA	NA	NA	NA	NA
8	NA	NA	NA	NA	NA	NA	NA	NA	NA	NA	NA	NA	NA	NA	NA	NA	NA	NA	NA	NA	NA	NA	NA	NA	NA
9	NA	NA	NA	NA	NA	NA	NA	NA	NA	NA	NA	NA	NA	NA	NA	NA	NA	NA	NA	NA	NA	NA	NA	NA	NA
10	NA	NA	NA	NA	NA	NA	NA	NA	NA	NA	NA	NA	NA	NA	NA	NA	NA	NA	NA	NA	NA	NA	NA	NA	NA
11	0.974776	0.0138989	0.00329455	0.00782457	0.00020591	0.0491607	0.930905	0.00689448	0.0128897	0.00014988	0.0221619	0.0058707	0.934982	0.0369854	NA	0.0287899	0.0062978	0.0278902	0.937022	NA	3.1026e-05	9.30781e-05	NA	NA	0.999876
12	0.972307	0.0133381	0.00584131	0.00837176	0.000141894	0.0381761	0.944021	0.00523986	0.0123999	0.000162729	0.0132212	0.0056107	0.950448	0.0305903	0.00012962	0.0137764	0.00832556	0.024678	0.953033	0.000186672	6.50368e-05	1.30074e-05	NA	6.50368e-05	0.999857
13	0.965656	0.0163745	0.00677633	0.0110991	9.41541e-05	0.0301458	0.953271	0.00475674	0.0117076	0.000118601	0.00944753	0.00471782	0.963573	0.0221472	0.000114876	0.0156924	0.0106678	0.0232647	0.950241	0.000134439	4.09782e-05	2.96438e-05	2.17969e-05	4.18501e-05	0.999866
14	0.961399	0.016256	0.00948007	0.0127519	0.000113534	0.0281926	0.953421	0.00451427	0.0137234	0.000149167	0.017472	0.00678978	0.943055	0.0325222	0.000160965	0.0184547	0.0157292	0.0206562	0.944974	0.000185674	5.42387e-05	2.95847e-05	4.10899e-05	6.08131e-05	0.999814
15	0.977402	0.00831221	0.00547083	0.00872036	9.41893e-05	0.0119848	0.977265	0.00246008	0.00817861	0.0001114	0.0144614	0.00574394	0.953744	0.0259309	0.00012005	0.0248195	0.0165545	0.0243326	0.934086	0.000206931	4.72791e-05	4.23023e-05	3.48372e-05	7.71396e-05	0.999798
16	0.966108	0.0114749	0.008637	0.0136678	0.000111797	0.0180276	0.96163	0.00458201	0.015638	0.000122062	0.0169344	0.00760184	0.950891	0.0244464	0.000125873	0.018233	0.0125343	0.0185496	0.950496	0.000187079	9.13665e-05	5.18058e-05	4.61542e-05	6.1225e-05	0.999749
17	NA	NA	NA	NA	NA	NA	NA	NA	NA	NA	NA	NA	NA	NA	NA	NA	NA	NA	NA	NA	NA	NA	NA	NA	NA
18	NA	NA	NA	NA	NA	NA	NA	NA	NA	NA	NA	NA	NA	NA	NA	NA	NA	NA	NA	NA	NA	NA	NA	NA	NA
19	NA	NA	NA	NA	NA	NA	NA	NA	NA	NA	NA	NA	NA	NA	NA	NA	NA	NA	NA	NA	NA	NA	NA	NA	NA
20	0.998888	0.000556019	NA	0.000556019	NA	0.0034632	0.996537	NA	NA	NA	0.00110558	0.000184264	0.99613	0.00257969	NA	0.00249169	0.000415282	0.00415282	0.992525	0.000415282	7.27802e-05	7.27802e-05	NA	NA	0.999854
21	0.997057	0.00157412	0.000707214	0.000570334	9.12534e-05	0.00261236	0.996052	0.000504661	0.00080152	2.96859e-05	0.000677201	0.000282167	0.99526	0.00378104	NA	0.00111991	0.000536295	0.00217672	0.996136	3.15467e-05	1.13417e-05	1.70125e-05	NA	2.26833e-05	0.999949
22	0.995986	0.0021633	0.00078057	0.00104819	2.2302e-05	0.00339919	0.994653	0.000566532	0.00138092	NA	0.00127653	0.000712483	0.994567	0.00341398	2.96868e-05	0.00203565	0.000736297	0.00398467	0.993222	2.16558e-05	1.96163e-05	6.53877e-06	6.53877e-06	3.92326e-05	0.999928
23	0.997047	0.00133973	0.00093637	0.00063385	4.32171e-05	0.00219849	0.996482	0.000565327	0.000753769	NA	0.00118925	0.00049552	0.994866	0.00338936	5.94625e-05	0.00116156	0.00140559	0.00152272	0.995891	1.95221e-05	1.11094e-05	3.70314e-06	NA	1.48126e-05	0.99997
24	0.997317	0.00123579	0.000776781	0.000670857	NA	0.0015597	0.996765	0.000519901	0.00115533	NA	0.00131313	0.000382995	0.996225	0.00207912	NA	0.000635433	0.000244397	0.00119755	0.997898	2.44397e-05	9.54016e-06	9.54016e-06	9.54016e-06	1.90803e-05	0.999952
25	0.996253	0.00174502	0.00115479	0.000821187	2.56621e-05	0.00234122	0.995786	0.000851354	0.00102162	NA	0.00123186	0.000846903	0.994303	0.00358009	3.84956e-05	0.00123728	0.00194965	0.00157471	0.995201	3.74932e-05	2.82167e-05	NA	NA	2.82167e-05	0.999944
26	0.996955	0.000923803	0.00133438	0.000786944	NA	0.0019034	0.99655	0.000237925	0.00130859	NA	0.00134441	0.000855537	0.994439	0.00329993	6.11098e-05	0.000296269	0.00164088	0.000843228	0.997174	4.55799e-05	1.8823e-05	NA	3.7646e-05	4.70575e-05	0.999896
27	0.995961	0.000953726	0.0019384	0.00110269	4.44943e-05	0.00128207	0.996753	0.000380426	0.00156664	1.79729e-05	0.00231127	0.00112085	0.991997	0.00453494	3.60734e-05	0.00100073	0.00178321	0.00340606	0.993762	4.75126e-05	3.26706e-05	1.43972e-05	1.32897e-05	2.27033e-05	0.999917
28	0.996538	0.000523371	0.00225452	0.000684408	NA	0.00025001	0.997833	0.000125005	0.00175007	4.16684e-05	0.00316308	0.000467032	0.994926	0.00144355	NA	0.000825206	0.00510128	0.000525131	0.993473	7.50188e-05	9.15206e-06	1.83041e-05	NA	9.15206e-06	0.999963
29	0.999221	0.00038956	0.00038956	NA	NA	NA	1	NA	NA	NA	0.000185908	NA	0.999628	0.000185908	NA	NA	NA	NA	1	NA	NA	NA	NA	NA	1
30	0.997449	0.000531634	0.00140637	0.000591082	2.20806e-05	0.00048546	0.998189	0.00014355	0.00118233	NA	0.00127563	0.000440198	0.997087	0.00119753	NA	0.000603385	0.00181545	0.000579567	0.996988	1.32321e-05	2.37368e-05	6.78194e-06	4.52129e-06	1.52594e-05	0.99995
31	0.998248	0.000354736	0.00112406	0.000258388	1.45982e-05	0.000262061	0.998825	6.88465e-05	0.000837262	6.66257e-06	0.000768484	0.000166329	0.998219	0.000837964	8.42174e-06	0.000270762	0.00128781	0.000680289	0.997741	2.03071e-05	1.89216e-05	5.07653e-06	3.23052e-06	1.33836e-05	0.999959
32	0.999224	0.000168333	0.000468405	0.000131739	7.31882e-06	0.000108912	0.999584	6.93076e-05	0.000237626	NA	0.000269045	4.98231e-05	0.998057	0.00162423	NA	7.09613e-05	0.000903144	0.000219335	0.998794	1.29021e-05	6.18595e-06	NA	4.12397e-06	2.06198e-06	0.999988
33	0.999537	6.31878e-05	0.000331736	5.26565e-05	1.5797e-05	0.000144754	0.999665	7.61864e-05	0.00011428	NA	0.000219964	3.66607e-05	0.998167	0.00157641	NA	8.49109e-05	0.000744901	0.000432274	0.998738	NA	7.3568e-06	2.94272e-06	1.47136e-06	5.88544e-06	0.999982
34	0.998135	0.000384454	0.00124787	0.000195449	3.72283e-05	0.000225366	0.999042	5.71994e-05	0.000666945	8.00792e-06	0.000712072	0.000168596	0.998609	0.000503806	6.94221e-06	0.00017279	0.00110094	0.000399479	0.998302	2.45711e-05	1.82996e-05	4.63002e-06	5.07097e-06	1.63153e-05	0.999956
35	0.999183	0.000187004	0.000577311	3.2597e-05	1.97298e-05	4.87032e-05	0.999715	8.11719e-06	0.000228441	NA	0.000320254	7.6663e-05	0.999361	0.000234935	7.419e-06	4.6975e-05	0.000659243	0.000457011	0.998809	2.78666e-05	7.02407e-06	3.65252e-06	3.09059e-06	8.99081e-06	0.999977
36	0.998575	0.000264645	0.00102796	0.000110155	2.19395e-05	0.00017315	0.999175	3.71035e-05	0.000610389	4.36512e-06	0.000447282	8.31232e-05	0.999028	0.000434748	7.25679e-06	0.000114728	0.0010444	0.000242382	0.998581	1.77747e-05	1.54306e-05	4.90319e-06	2.59581e-06	1.7017e-05	0.99996
37	0.998436	0.0002392	0.0012214	8.44584e-05	1.88998e-05	0.000169447	0.999279	3.51293e-05	0.000511442	5.16608e-06	0.000324968	6.80402e-05	0.999168	0.000428552	1.01553e-05	8.2609e-05	0.00116378	0.000242245	0.998478	3.2932e-05	1.74736e-05	6.62158e-06	3.67866e-06	1.3611e-05	0.999959
38	0.99848	0.000265673	0.00116301	6.64182e-05	2.49068e-05	0.000142152	0.999346	2.62006e-05	0.000482203	3.90222e-06	0.000335353	4.62185e-05	0.99931	0.000302033	6.4491e-06	5.61053e-05	0.00100248	0.000209954	0.998709	2.25832e-05	1.42879e-05	4.47828e-06	2.98552e-06	1.52475e-05	0.999963
39	0.998577	0.000261632	0.00109769	3.96202e-05	2.36331e-05	0.00014958	0.999318	2.93158e-05	0.000498023	4.61667e-06	0.000274847	2.65031e-05	0.999434	0.000255543	8.83438e-06	4.66082e-05	0.000881814	0.000193785	0.998854	2.3698e-05	1.66915e-05	5.28986e-06	3.11912e-06	1.55324e-05	0.999959
40	0.999002	0.000272795	0.000662337	3.41698e-05	2.88059e-05	0.000232935	0.999188	2.28417e-05	0.000550158	6.12458e-06	0.000242489	1.71039e-05	0.99962	0.000108803	1.13106e-05	3.89023e-05	0.000557502	0.000272381	0.99911	2.1166e-05	2.23669e-05	6.95995e-06	3.69242e-06	1.77641e-05	0.999949
