quality	AA	AC	AG	AT	A.	CA	CC	CG	CT	C.	GA	GC	GG	GT	G.	TA	TC	TG	TT	T.	.A	.C	.G	.T	..
0	NA	NA	NA	NA	NA	NA	NA	NA	NA	NA	NA	NA	NA	NA	NA	NA	NA	NA	NA	NA	NA	NA	NA	NA	NA
1	NA	NA	NA	NA	NA	NA	NA	NA	NA	NA	NA	NA	NA	NA	NA	NA	NA	NA	NA	NA	NA	NA	NA	NA	NA
2	NA	NA	NA	NA	NA	NA	NA	NA	NA	NA	NA	NA	NA	NA	NA	NA	NA	NA	NA	NA	NA	NA	NA	NA	NA
3	NA	NA	NA	NA	NA	NA	NA	NA	NA	NA	NA	NA	NA	NA	NA	NA	NA	NA	NA	NA	NA	NA	NA	NA	NA
4	NA	NA	NA	NA	NA	NA	NA	NA	NA	NA	NA	NA	NA	NA	NA	NA	NA	NA	NA	NA	NA	NA	NA	NA	NA
5	NA	NA	NA	NA	NA	NA	NA	NA	NA	NA	NA	NA	NA	NA	NA	NA	NA	NA	NA	NA	NA	NA	NA	NA	NA
6	NA	NA	NA	NA	NA	NA	NA	NA	NA	NA	NA	NA	NA	NA	NA	NA	NA	NA	NA	NA	NA	NA	NA	NA	NA
7	NA	NA	NA	NA	NA	NA	NA	NA	NA	NA	NA	NA	NA	NA	NA	NA	NA	NA	NA	NA	NA	NA	NA	NA	NA
8	NA	NA	NA	NA	NA	NA	NA	NA	NA	NA	NA	NA	NA	NA	NA	NA	NA	NA	NA	NA	NA	NA	NA	NA	NA
9	NA	NA	NA	NA	NA	NA	NA	NA	NA	NA	NA	NA	NA	NA	NA	NA	NA	NA	NA	NA	NA	NA	NA	NA	NA
10	0.988636	0.0113636	NA	NA	NA	0.0961538	0.903846	NA	NA	NA	0.0185185	NA	0.962963	0.0185185	NA	NA	NA	NA	1	NA	NA	NA	NA	NA	1
11	0.977091	0.0117427	0.00277358	0.00832073	7.20409e-05	0.0614519	0.917894	0.00547035	0.0150307	0.000153374	0.0220944	0.00580468	0.919623	0.0522944	0.00018303	0.01991	0.00968226	0.021001	0.94927	0.00013637	6.45981e-05	1.07663e-05	1.07663e-05	6.45981e-05	0.999849
12	0.972369	0.0148429	0.00517599	0.00749214	0.000119613	0.0487639	0.933486	0.00491488	0.0126869	0.000148038	0.0106482	0.00403558	0.942858	0.0423691	8.94807e-05	0.0104353	0.00499636	0.023697	0.960814	5.71013e-05	4.39559e-05	1.17216e-05	2.05128e-05	7.03295e-05	0.999853
13	0.967079	0.0177378	0.0056141	0.00945059	0.000118174	0.0353096	0.949571	0.00437167	0.0106395	0.000108645	0.00799706	0.00328653	0.965422	0.023193	0.00010101	0.0114054	0.00818582	0.020762	0.959527	0.000119737	2.70967e-05	2.24069e-05	2.44913e-05	3.12655e-05	0.999895
14	0.963453	0.0178774	0.00855367	0.0100071	0.000109087	0.0323504	0.952813	0.00381437	0.0109508	7.16986e-05	0.0137825	0.00563609	0.947557	0.0328823	0.000141677	0.0135279	0.0111532	0.0192362	0.955951	0.000131698	4.14356e-05	3.234e-05	2.62762e-05	4.64887e-05	0.999853
15	0.964926	0.0161398	0.00707305	0.0118052	5.6002e-05	0.0280345	0.955332	0.00431621	0.0121784	0.000138785	0.0136504	0.00667999	0.949366	0.0302168	8.71303e-05	0.0134035	0.00886786	0.0202563	0.957328	0.000144406	4.2279e-05	1.95134e-05	1.46351e-05	5.69141e-05	0.999867
16	0.96399	0.0150332	0.00747557	0.0133957	0.000106054	0.0244742	0.958731	0.00408095	0.0126391	7.46516e-05	0.0123163	0.0058418	0.953531	0.0282289	8.15135e-05	0.016912	0.0116842	0.0262029	0.945086	0.000114913	5.40677e-05	2.48633e-05	3.03884e-05	4.42014e-05	0.999846
17	NA	NA	NA	NA	NA	NA	NA	NA	NA	NA	NA	NA	NA	NA	NA	NA	NA	NA	NA	NA	NA	NA	NA	NA	NA
18	1	NA	NA	NA	NA	NA	1	NA	NA	NA	NA	NA	1	NA	NA	NA	NA	NA	1	NA	NA	NA	NA	NA	1
19	0.991453	NA	0.00854701	NA	NA	NA	1	NA	NA	NA	NA	NA	0.98913	0.0108696	NA	NA	NA	0.0140845	0.985915	NA	NA	NA	NA	NA	1
20	0.997132	0.00240909	0.000114718	0.000229437	0.000114718	0.00723615	0.990822	0.00105895	0.000882457	NA	0.000914837	0.000332668	0.994428	0.00424152	8.3167e-05	0.00172249	0.000956938	0.00287081	0.99445	NA	NA	NA	NA	NA	1
21	0.997019	0.00212305	0.000366044	0.000470628	2.09168e-05	0.00420919	0.994295	0.000318458	0.00117691	NA	0.000656901	0.000249622	0.994311	0.00471655	6.56901e-05	0.0005856	0.0005124	0.00210084	0.996765	3.66e-05	7.88399e-06	7.88399e-06	1.0512e-05	1.314e-05	0.999961
22	0.996356	0.00264449	0.000645747	0.000338248	1.53749e-05	0.00459793	0.993836	0.000480004	0.00108632	NA	0.00130906	0.000265903	0.995193	0.00321129	2.04541e-05	0.000696771	0.00109704	0.00253506	0.995656	1.48249e-05	1.81041e-05	9.05203e-06	1.81041e-05	9.05203e-06	0.999946
23	0.997482	0.00130051	0.000770365	0.000430742	1.6567e-05	0.0028057	0.995679	0.000319636	0.001172	2.36768e-05	0.00063805	0.000264021	0.995149	0.00394931	NA	0.000376782	0.00123261	0.00116264	0.997212	1.61478e-05	2.28286e-05	1.2452e-05	1.8678e-05	1.66026e-05	0.999929
24	0.997935	0.000860437	0.000762101	0.000442511	NA	0.00267738	0.994848	0.00077076	0.00170378	NA	0.000876558	0.000228667	0.996799	0.00209612	NA	0.000225749	0.000555691	0.000989824	0.998177	5.2096e-05	6.70515e-06	1.34103e-05	6.70515e-06	2.68206e-05	0.999946
25	0.996725	0.00146224	0.00126728	0.000487415	5.84898e-05	0.00298092	0.996025	0.000165607	0.000794913	3.31214e-05	0.000812274	0.000391095	0.996691	0.00204573	6.01685e-05	0.000414502	0.00239819	0.00119909	0.995959	2.96073e-05	2.74348e-05	NA	1.64609e-05	3.29218e-05	0.999923
26	0.996412	0.000882249	0.00229385	0.000294083	0.000117633	0.00235827	0.996415	0.000282992	0.000848977	9.43307e-05	0.000735227	NA	0.997978	0.00128665	NA	0.000382614	0.00474441	0.00053566	0.994337	NA	NA	4.64375e-05	6.19166e-05	6.19166e-05	0.99983
27	0.996111	0.00129769	0.00182522	0.000723411	4.22917e-05	0.00278978	0.995528	0.000337069	0.00131779	2.68938e-05	0.00132952	0.00056436	0.994743	0.00333596	2.73813e-05	0.000911785	0.00118994	0.00407904	0.993774	4.53227e-05	2.72455e-05	1.06477e-05	1.56583e-05	2.91245e-05	0.999917
28	0.997938	0.000242589	0.00140702	0.000412401	NA	0.000396742	0.997853	9.33511e-05	0.00165698	NA	0.00122608	0.000182608	0.997196	0.00139565	NA	0.000461444	0.000922888	0.000615258	0.997949	5.12715e-05	1.10971e-05	5.54856e-06	NA	2.21942e-05	0.999961
29	0.999888	NA	NA	NA	0.000112133	0.0010502	0.99874	NA	0.00021004	NA	0.00110221	7.34808e-05	0.998604	0.000220442	NA	NA	0.000326052	NA	0.999674	NA	NA	NA	NA	NA	1
30	0.997743	0.000619497	0.00126941	0.000350812	1.72364e-05	0.000607459	0.998182	0.000154154	0.00105008	6.10512e-06	0.000810646	0.000242896	0.99766	0.00128154	4.47047e-06	0.000371084	0.00137872	0.000629416	0.997602	1.85542e-05	1.69624e-05	3.99116e-06	2.66077e-06	1.19735e-05	0.999964
31	0.998306	0.000447634	0.00104416	0.000183253	1.90889e-05	0.000580866	0.998614	8.09167e-05	0.00071958	4.33482e-06	0.000483315	0.000108641	0.998535	0.000867738	5.57135e-06	0.000181503	0.00100734	0.000627194	0.998171	1.31086e-05	1.26952e-05	7.0857e-06	1.77143e-06	1.09238e-05	0.999968
32	0.999425	0.000172494	0.000330613	5.7498e-05	1.43745e-05	0.000235927	0.999491	3.72516e-05	0.000235927	NA	0.000179905	4.66421e-05	0.997874	0.00189234	6.66316e-06	2.74022e-05	0.00137011	0.000172242	0.998419	1.17438e-05	1.33143e-06	2.66285e-06	1.33143e-06	5.32571e-06	0.999989
33	0.999482	0.00025138	0.000208839	4.64086e-05	1.16021e-05	0.000378595	0.999481	1.0817e-05	0.000129804	NA	0.000144485	4.12814e-05	0.998271	0.00154289	NA	4.85186e-05	0.00105314	0.000231177	0.998661	5.70807e-06	8.63172e-06	NA	2.15793e-06	5.39483e-06	0.999984
34	0.998171	0.00045935	0.00121614	0.000129618	2.36497e-05	0.000348506	0.998911	6.10417e-05	0.000673588	5.6783e-06	0.000503317	8.86705e-05	0.998928	0.000467593	1.27583e-05	0.000130615	0.000917244	0.000543008	0.998378	3.13086e-05	1.30427e-05	4.16257e-06	3.33006e-06	1.19327e-05	0.999968
35	0.998871	0.00032741	0.000746144	3.31469e-05	2.23234e-05	0.00028329	0.999403	2.18647e-05	0.000288994	2.85192e-06	0.000294629	3.95233e-05	0.999513	0.000147314	5.38955e-06	4.15403e-05	0.000408912	0.000536129	0.998986	2.79099e-05	5.34645e-06	3.20787e-06	2.99401e-06	1.11206e-05	0.999977
36	0.998556	0.000329962	0.0010029	9.01374e-05	2.05006e-05	0.000223819	0.999166	3.48612e-05	0.000570916	4.04188e-06	0.000375713	5.74339e-05	0.999127	0.000433147	6.70062e-06	9.27503e-05	0.000974794	0.000224727	0.998688	1.97965e-05	1.58074e-05	4.35718e-06	3.44521e-06	1.14503e-05	0.999965
37	0.998363	0.000296385	0.00125784	6.63801e-05	1.60665e-05	0.000268588	0.999195	2.73628e-05	0.000501172	7.92081e-06	0.000290738	4.88207e-05	0.999211	0.000441572	8.01534e-06	6.2564e-05	0.000893603	0.000278193	0.998744	2.12482e-05	1.23905e-05	4.82578e-06	3.26066e-06	1.56512e-05	0.999964
38	0.998429	0.00029951	0.00119722	5.29672e-05	2.15691e-05	0.000212558	0.999253	2.53045e-05	0.000504404	5.06091e-06	0.000280683	3.99136e-05	0.999376	0.000294846	9.01276e-06	5.48778e-05	0.000851682	0.000213862	0.998859	2.04447e-05	1.3162e-05	4.38732e-06	2.98007e-06	1.5397e-05	0.999964
39	0.99863	0.000325593	0.00097531	4.56564e-05	2.32566e-05	0.000188258	0.999293	1.80278e-05	0.000494041	6.30481e-06	0.000293395	2.86712e-05	0.999459	0.000211256	7.9427e-06	4.0671e-05	0.000777039	0.0001914	0.998967	2.40251e-05	1.44405e-05	4.73367e-06	2.98387e-06	1.40352e-05	0.999964
40	0.998969	0.000316438	0.000642613	4.30031e-05	2.85786e-05	0.000207136	0.999227	1.54753e-05	0.000541498	8.62781e-06	0.000267414	2.61718e-05	0.999619	7.71297e-05	1.03148e-05	3.34587e-05	0.000580201	0.000224354	0.999141	2.05084e-05	1.69346e-05	5.5528e-06	3.56373e-06	1.5139e-05	0.999959
