quality	AA	AC	AG	AT	A.	CA	CC	CG	CT	C.	GA	GC	GG	GT	G.	TA	TC	TG	TT	T.	.A	.C	.G	.T	..
0	NA	NA	NA	NA	NA	NA	NA	NA	NA	NA	NA	NA	NA	NA	NA	NA	NA	NA	NA	NA	NA	NA	NA	NA	NA
1	NA	NA	NA	NA	NA	NA	NA	NA	NA	NA	NA	NA	NA	NA	NA	NA	NA	NA	NA	NA	NA	NA	NA	NA	NA
2	NA	NA	NA	NA	NA	NA	NA	NA	NA	NA	NA	NA	NA	NA	NA	NA	NA	NA	NA	NA	NA	NA	NA	NA	NA
3	NA	NA	NA	NA	NA	NA	NA	NA	NA	NA	NA	NA	NA	NA	NA	NA	NA	NA	NA	NA	NA	NA	NA	NA	NA
4	NA	NA	NA	NA	NA	NA	NA	NA	NA	NA	NA	NA	NA	NA	NA	NA	NA	NA	NA	NA	NA	NA	NA	NA	NA
5	NA	NA	NA	NA	NA	NA	NA	NA	NA	NA	NA	NA	NA	NA	NA	NA	NA	NA	NA	NA	NA	NA	NA	NA	NA
6	NA	NA	NA	NA	NA	NA	NA	NA	NA	NA	NA	NA	NA	NA	NA	NA	NA	NA	NA	NA	NA	NA	NA	NA	NA
7	NA	NA	NA	NA	NA	NA	NA	NA	NA	NA	NA	NA	NA	NA	NA	NA	NA	NA	NA	NA	NA	NA	NA	NA	NA
8	NA	NA	NA	NA	NA	NA	NA	NA	NA	NA	NA	NA	NA	NA	NA	NA	NA	NA	NA	NA	NA	NA	NA	NA	NA
9	NA	NA	NA	NA	NA	NA	NA	NA	NA	NA	NA	NA	NA	NA	NA	NA	NA	NA	NA	NA	NA	NA	NA	NA	NA
10	1	NA	NA	NA	NA	0.0882353	0.882353	NA	0.0294118	NA	NA	NA	0.986395	0.0136054	NA	NA	NA	NA	1	NA	NA	NA	NA	NA	1
11	0.976001	0.012311	0.00374007	0.0077918	0.000155836	0.0650397	0.912671	0.00600103	0.0161742	0.000114305	0.0228388	0.00553239	0.923908	0.0475501	0.000170227	0.0173745	0.00756113	0.021879	0.953185	NA	8.27364e-05	3.54585e-05	NA	9.45559e-05	0.999787
12	0.973709	0.0137422	0.00486491	0.00758153	0.000102299	0.04765	0.93553	0.00499825	0.0116785	0.000142807	0.0112187	0.0043525	0.949853	0.0344484	0.000127152	0.0110486	0.00593153	0.0222509	0.960615	0.000153666	5.34274e-05	3.14279e-05	2.51423e-05	3.45706e-05	0.999855
13	0.968181	0.0170355	0.00549548	0.0091394	0.000148914	0.0351949	0.950329	0.00419086	0.0101552	0.000130444	0.007728	0.0033237	0.968282	0.0205736	9.24717e-05	0.0114166	0.00690572	0.0215707	0.959931	0.000176156	4.00587e-05	2.9903e-05	3.61092e-05	4.40081e-05	0.99985
14	0.966706	0.0173071	0.00551673	0.0103188	0.000151384	0.0334929	0.951911	0.00381631	0.0106688	0.000110694	0.0143116	0.00613007	0.947752	0.031647	0.000159662	0.0137176	0.0090884	0.0192836	0.957695	0.000215844	7.68507e-05	4.0096e-05	3.0072e-05	6.23716e-05	0.999791
15	0.96645	0.0160845	0.0064633	0.0108784	0.000123954	0.0287427	0.954602	0.00456758	0.0119674	0.0001202	0.0148131	0.00685364	0.951012	0.0272271	9.37143e-05	0.0142933	0.00960688	0.0196963	0.956221	0.000182779	4.9278e-05	2.99188e-05	3.51986e-05	4.9278e-05	0.999836
16	0.965951	0.0142038	0.00722054	0.0124987	0.000125955	0.0257606	0.955864	0.004193	0.0140687	0.00011378	0.0132847	0.00565398	0.95322	0.0277628	7.83271e-05	0.0191234	0.0119291	0.027972	0.940795	0.000180648	7.03886e-05	3.2848e-05	2.98618e-05	5.37513e-05	0.999813
17	NA	NA	NA	NA	NA	NA	NA	NA	NA	NA	NA	NA	NA	NA	NA	NA	NA	NA	NA	NA	NA	NA	NA	NA	NA
18	1	NA	NA	NA	NA	NA	1	NA	NA	NA	NA	NA	1	NA	NA	NA	NA	NA	1	NA	NA	NA	NA	NA	1
19	1	NA	NA	NA	NA	NA	1	NA	NA	NA	NA	NA	0.988372	0.0116279	NA	NA	NA	NA	1	NA	NA	NA	NA	NA	1
20	0.997725	0.000884732	0.000505561	0.000884732	NA	0.00621616	0.991378	0.00100261	0.00120313	0.000200521	0.00154799	0.000364232	0.994445	0.00364232	NA	0.00117509	0.000391696	0.00332942	0.995104	NA	NA	NA	3.45435e-05	NA	0.999965
21	0.99654	0.00198814	0.000856766	0.000582162	3.29525e-05	0.00419698	0.994183	0.000309251	0.00129591	1.47262e-05	0.000785905	0.000242916	0.996628	0.00231485	2.85784e-05	0.00069342	0.00044634	0.00246284	0.996358	3.98518e-05	1.69509e-05	8.47544e-06	5.65029e-06	2.54263e-05	0.999943
22	0.996923	0.00189776	0.000581296	0.000478714	0.000119679	0.00444154	0.993869	0.000381482	0.00130794	NA	0.00109509	0.000357582	0.995374	0.00312884	4.46977e-05	0.00100758	0.000396426	0.00246114	0.996036	9.91064e-05	2.994e-05	1.497e-05	1.996e-05	3.493e-05	0.9999
23	0.997413	0.00131571	0.000888992	0.000373376	8.88992e-06	0.00258314	0.995857	0.000299495	0.00124789	1.24789e-05	0.00086165	0.000424757	0.996808	0.00186893	3.64078e-05	0.000398956	0.00041069	0.00146088	0.997647	8.21379e-05	2.47109e-05	4.4929e-06	2.69574e-05	4.26825e-05	0.999901
24	0.998024	0.00120183	0.000373902	0.000373902	2.67073e-05	0.00245838	0.995773	0.000431295	0.00133701	NA	0.0011785	0.000420893	0.996507	0.00185193	4.20893e-05	0.000360203	0.000417077	0.000891029	0.998256	7.58323e-05	2.91754e-05	2.91754e-05	5.10569e-05	5.10569e-05	0.99984
25	0.998043	0.000769451	0.000527623	0.000527623	0.000131906	0.00246145	0.996054	0.00032578	0.00112213	3.61978e-05	0.000596758	0.000364685	0.996453	0.00258595	NA	0.000394925	0.00037847	0.000905037	0.998305	1.64552e-05	4.26892e-05	1.21969e-05	4.26892e-05	4.26892e-05	0.99986
26	0.998446	0.000559458	0.000435134	0.000435134	0.000124324	0.00273445	0.995746	0.00050638	0.000911485	0.000101276	0.000636605	0.000212202	0.997029	0.00190981	0.000212202	0.000387547	0.000516729	0.000516729	0.998536	4.30608e-05	6.82815e-05	1.70704e-05	1.70704e-05	3.41408e-05	0.999863
27	0.996817	0.00125723	0.0009956	0.000872482	5.80076e-05	0.00277215	0.995333	0.000345559	0.00151278	3.64757e-05	0.00187601	0.000598311	0.994354	0.00313749	3.40502e-05	0.00091503	0.000893591	0.00435882	0.993733	9.93962e-05	3.67451e-05	1.78669e-05	2.46091e-05	3.30369e-05	0.999888
28	0.999158	0.000331878	0.000153175	0.00028082	7.65873e-05	0.000439926	0.998582	0.000171082	0.00080653	NA	0.00204566	0.000260856	0.996211	0.00146903	1.37293e-05	0.000689728	0.00026528	0.000583616	0.998461	NA	1.74736e-05	1.74736e-05	1.1649e-05	5.82452e-05	0.999895
29	0.99952	0.000120034	0.000120034	0.000120034	0.000120034	0.000448029	0.999328	NA	0.000224014	NA	0.000562114	NA	0.998876	0.000562114	NA	NA	NA	0.000384025	0.999616	NA	3.59673e-05	NA	NA	7.19347e-05	0.999892
30	0.998225	0.000475139	0.000838357	0.000418122	4.32905e-05	0.000473574	0.998308	0.000200611	0.00100963	8.22178e-06	0.00106378	0.000191014	0.997955	0.000778032	1.24237e-05	0.000458496	0.000687744	0.000656765	0.998168	2.94305e-05	2.75069e-05	7.05306e-06	9.16898e-06	1.97486e-05	0.999937
31	0.99862	0.00038963	0.000694988	0.000251822	4.36227e-05	0.000464645	0.998647	8.89419e-05	0.000786676	1.22679e-05	0.000829166	0.000120126	0.998437	0.000603562	1.02547e-05	0.000260778	0.000472661	0.000688889	0.998526	5.21557e-05	1.96882e-05	1.03129e-05	1.2813e-05	2.25008e-05	0.999935
32	0.999367	0.000228698	0.000321151	5.35251e-05	2.91955e-05	0.000263645	0.999361	0.000105458	0.000250463	1.97734e-05	0.000251528	8.38428e-05	0.999441	0.000195633	2.79476e-05	7.40597e-05	0.000172806	0.000423786	0.999301	2.8801e-05	5.62874e-06	4.22155e-06	5.62874e-06	8.44311e-06	0.999976
33	0.999203	0.000214984	0.000480782	7.03584e-05	3.12704e-05	0.000450276	0.999251	3.93991e-05	0.000258908	NA	0.000250769	3.34359e-05	0.999493	0.000200615	2.22906e-05	6.62641e-05	0.00018072	0.000418668	0.999307	2.7108e-05	1.13761e-05	7.96329e-06	5.68806e-06	1.25137e-05	0.999962
34	0.998731	0.000290072	0.000695319	0.000223715	5.97206e-05	0.000237452	0.999006	7.51429e-05	0.000672529	9.01715e-06	0.000805861	0.000119682	0.998699	0.000363701	1.19682e-05	0.000208445	0.000537431	0.000516903	0.998677	6.0007e-05	2.50566e-05	9.96404e-06	9.81751e-06	2.62289e-05	0.999929
35	0.999267	0.00026806	0.000309835	9.81725e-05	5.70932e-05	0.000270451	0.99946	2.08769e-05	0.000241034	7.59161e-06	0.000463826	6.20232e-05	0.999313	0.000155507	5.39332e-06	7.07471e-05	0.000277748	0.000514226	0.999094	4.32343e-05	1.4012e-05	6.25151e-06	7.76049e-06	1.4012e-05	0.999958
36	0.998961	0.000189627	0.000652011	0.000153905	4.30668e-05	9.96822e-05	0.999247	4.53581e-05	0.000597566	1.0021e-05	0.000753875	6.04476e-05	0.999014	0.000161685	9.82888e-06	0.000151748	0.000514708	0.000228201	0.99905	5.52162e-05	2.16525e-05	8.40874e-06	8.61896e-06	2.42802e-05	0.999937
37	0.998944	0.000150394	0.000690942	0.000166088	4.83877e-05	0.000109213	0.999277	5.12171e-05	0.000553597	9.03832e-06	0.000613883	5.94323e-05	0.999196	0.000118112	1.27892e-05	0.00011503	0.000472163	0.000310207	0.999049	5.31547e-05	1.93007e-05	7.88338e-06	8.56298e-06	2.41938e-05	0.99994
38	0.998975	0.000188082	0.000639368	0.000149416	4.86085e-05	7.49935e-05	0.999355	3.7716e-05	0.000521885	1.00868e-05	0.000687517	4.69354e-05	0.999175	8.08333e-05	9.56092e-06	0.000117244	0.00050703	0.000204547	0.999119	5.26058e-05	2.64156e-05	1.06172e-05	7.98413e-06	2.14892e-05	0.999933
39	0.998938	0.000170995	0.000716414	0.000119219	5.4897e-05	4.86214e-05	0.999392	3.30427e-05	0.000514295	1.19073e-05	0.000690275	4.12828e-05	0.999202	5.38808e-05	1.24042e-05	0.000112087	0.000515381	0.000119354	0.999199	5.43577e-05	2.2512e-05	9.45728e-06	8.90097e-06	2.23452e-05	0.999937
40	0.99906	0.000165645	0.000625075	9.29588e-05	5.63412e-05	3.24606e-05	0.999373	2.9272e-05	0.000543477	2.15554e-05	0.00068462	3.35301e-05	0.99924	2.7749e-05	1.45249e-05	0.000108014	0.000545745	7.5378e-05	0.999224	4.69249e-05	2.60598e-05	1.08766e-05	1.0398e-05	2.4469e-05	0.999928
