quality	AA	AC	AG	AT	A.	CA	CC	CG	CT	C.	GA	GC	GG	GT	G.	TA	TC	TG	TT	T.	.A	.C	.G	.T	..
0	NA	NA	NA	NA	NA	NA	NA	NA	NA	NA	NA	NA	NA	NA	NA	NA	NA	NA	NA	NA	NA	NA	NA	NA	NA
1	NA	NA	NA	NA	NA	NA	NA	NA	NA	NA	NA	NA	NA	NA	NA	NA	NA	NA	NA	NA	NA	NA	NA	NA	NA
2	NA	NA	NA	NA	NA	NA	NA	NA	NA	NA	NA	NA	NA	NA	NA	NA	NA	NA	NA	NA	NA	NA	NA	NA	NA
3	NA	NA	NA	NA	NA	NA	NA	NA	NA	NA	NA	NA	NA	NA	NA	NA	NA	NA	NA	NA	NA	NA	NA	NA	NA
4	NA	NA	NA	NA	NA	NA	NA	NA	NA	NA	NA	NA	NA	NA	NA	NA	NA	NA	NA	NA	NA	NA	NA	NA	NA
5	NA	NA	NA	NA	NA	NA	NA	NA	NA	NA	NA	NA	NA	NA	NA	NA	NA	NA	NA	NA	NA	NA	NA	NA	NA
6	NA	NA	NA	NA	NA	NA	NA	NA	NA	NA	NA	NA	NA	NA	NA	NA	NA	NA	NA	NA	NA	NA	NA	NA	NA
7	NA	NA	NA	NA	NA	NA	NA	NA	NA	NA	NA	NA	NA	NA	NA	NA	NA	NA	NA	NA	NA	NA	NA	NA	NA
8	NA	NA	NA	NA	NA	NA	NA	NA	NA	NA	NA	NA	NA	NA	NA	NA	NA	NA	NA	NA	NA	NA	NA	NA	NA
9	NA	NA	NA	NA	NA	NA	NA	NA	NA	NA	NA	NA	NA	NA	NA	NA	NA	NA	NA	NA	NA	NA	NA	NA	NA
10	NA	NA	NA	NA	NA	NA	NA	NA	NA	NA	NA	NA	NA	NA	NA	NA	NA	NA	NA	NA	NA	NA	NA	NA	NA
11	0.97457	0.013044	0.00372684	0.00865943	NA	0.0528083	0.923535	0.00778388	0.0155678	0.00030525	0.0200899	0.00819553	0.932115	0.0394546	0.000145054	0.0255896	0.0160562	0.0260913	0.932263	NA	NA	NA	NA	NA	1
12	0.971067	0.0137256	0.00574021	0.00939728	6.9438e-05	0.03483	0.946742	0.00569945	0.0126971	3.16636e-05	0.0119212	0.00474723	0.952793	0.030485	5.31406e-05	0.0152126	0.00795795	0.0255395	0.951105	0.000185069	5.0566e-05	3.16038e-05	1.89623e-05	5.68868e-05	0.999842
13	0.965183	0.016094	0.0070862	0.0114855	0.000151415	0.0292098	0.953914	0.00508677	0.0116534	0.000136032	0.00898095	0.00442311	0.964819	0.0217036	7.31411e-05	0.01491	0.0101261	0.0246026	0.950214	0.000147754	5.2148e-05	3.50503e-05	2.82112e-05	4.61638e-05	0.999838
14	0.962017	0.0171908	0.00729042	0.0133426	0.000159269	0.0283693	0.953458	0.00437755	0.0135642	0.000231209	0.0172312	0.00676762	0.943857	0.0319363	0.000208124	0.0180478	0.012655	0.0214795	0.947602	0.00021571	7.30086e-05	5.5162e-05	3.89379e-05	7.4631e-05	0.999758
15	0.978374	0.0081714	0.00525194	0.00808644	0.000115852	0.0126911	0.976406	0.00271888	0.00808365	0.000100361	0.0142687	0.00549282	0.953099	0.0270492	9.01941e-05	0.0253427	0.0169312	0.0245364	0.933033	0.000156436	5.86542e-05	1.95514e-05	3.1771e-05	6.84299e-05	0.999822
16	0.966482	0.0113683	0.00856329	0.0134295	0.000156445	0.0172279	0.962954	0.00451016	0.0151827	0.000125034	0.0159939	0.00698225	0.954179	0.0227347	0.000110157	0.0175454	0.0118655	0.0182747	0.952111	0.000202976	7.17928e-05	5.20498e-05	4.30757e-05	8.61513e-05	0.999747
17	NA	NA	NA	NA	NA	NA	NA	NA	NA	NA	NA	NA	NA	NA	NA	NA	NA	NA	NA	NA	NA	NA	NA	NA	NA
18	NA	NA	NA	NA	NA	NA	NA	NA	NA	NA	NA	NA	NA	NA	NA	NA	NA	NA	NA	NA	NA	NA	NA	NA	NA
19	NA	NA	NA	NA	NA	NA	NA	NA	NA	NA	NA	NA	NA	NA	NA	NA	NA	NA	NA	NA	NA	NA	NA	NA	NA
20	0.996837	0.000575043	0.000862565	0.00115009	0.000575043	0.00537153	0.99239	0.00134288	0.000895255	NA	0.00109389	0.000182315	0.997265	0.00145852	NA	0.00168279	0.000841397	0.00210349	0.994952	0.000420698	NA	NA	NA	NA	1
21	0.996608	0.0015601	0.00113051	0.000587863	0.000113051	0.0024897	0.996079	0.000429258	0.000972985	2.86172e-05	0.00101021	0.000140308	0.99652	0.00230104	2.80615e-05	0.00130312	0.000524426	0.00243143	0.995693	4.7675e-05	1.69029e-05	5.63431e-06	5.63431e-06	3.94402e-05	0.999932
22	0.996068	0.00187746	0.000949772	0.000927685	0.000176702	0.00356009	0.99445	0.000698056	0.0012565	3.49028e-05	0.00148338	0.000727146	0.99523	0.00255955	NA	0.00149187	0.000745935	0.00323949	0.994501	2.13124e-05	3.22244e-05	1.28898e-05	6.44488e-06	1.93346e-05	0.999929
23	0.996983	0.00125109	0.000903568	0.000834063	2.78021e-05	0.00251504	0.996016	0.000583489	0.000865174	2.01203e-05	0.00119941	0.000657742	0.995744	0.00234079	5.80361e-05	0.0011446	0.000648607	0.00176459	0.996385	5.72301e-05	2.1587e-05	1.79892e-05	1.43913e-05	1.43913e-05	0.999932
24	0.998139	0.000913798	0.000507666	0.000372288	6.76888e-05	0.00222854	0.995877	0.000724274	0.00116998	NA	0.00102013	0.000536913	0.996403	0.00204027	NA	0.000811863	0.000214905	0.00148046	0.997421	7.16349e-05	1.8523e-05	NA	9.26149e-06	1.8523e-05	0.999954
25	0.997829	0.000623768	0.000798423	0.00069862	4.99014e-05	0.00187556	0.996412	0.000326184	0.00138628	NA	0.00155251	0.000830415	0.99509	0.00252735	NA	0.00113481	0.000522372	0.00153109	0.99665	0.000162115	4.06053e-05	3.38377e-05	3.38377e-05	2.03026e-05	0.999871
26	0.9976	0.000843389	0.000746075	0.000713637	9.73141e-05	0.00112032	0.997535	0.000336097	0.000840242	0.000168048	0.00148845	0.000535842	0.994999	0.00291736	5.9538e-05	0.000345274	0.000388433	0.00125162	0.997972	4.31593e-05	2.68464e-05	1.78976e-05	6.26415e-05	2.68464e-05	0.999866
27	0.996649	0.000916611	0.00108813	0.00128547	6.08615e-05	0.00125328	0.997	0.000338414	0.00137373	3.4415e-05	0.00256015	0.00120242	0.991335	0.00487732	2.50504e-05	0.0012361	0.00114438	0.00324241	0.994287	9.02691e-05	3.95732e-05	1.71127e-05	1.55084e-05	3.42255e-05	0.999894
28	0.99863	0.000201434	0.000684876	0.000483442	NA	0.000313173	0.998043	3.91466e-05	0.00160501	NA	0.00301292	0.000706479	0.994909	0.0013714	NA	0.000222338	0.000518788	0.0005929	0.998592	7.41125e-05	3.57334e-05	1.78667e-05	NA	3.57334e-05	0.999911
29	0.999195	NA	0.000402414	NA	0.000402414	0.000645578	0.999354	NA	NA	NA	0.000591949	NA	0.999211	0.000197316	NA	NA	NA	NA	1	NA	NA	NA	NA	NA	1
30	0.997749	0.000482156	0.00102647	0.000705594	3.69597e-05	0.00036441	0.998281	0.000182205	0.00116765	5.13253e-06	0.00145525	0.000400253	0.997381	0.000758861	4.6272e-06	0.000749822	0.000846154	0.000663905	0.997665	7.55029e-05	3.00372e-05	1.55748e-05	9.45615e-06	2.89247e-05	0.999916
31	0.998642	0.000248162	0.000740207	0.000332309	3.70817e-05	0.000195125	0.99878	9.22019e-05	0.000919874	1.28654e-05	0.00101926	0.000175378	0.998182	0.000614855	8.25309e-06	0.000348776	0.000597425	0.000605769	0.998408	4.00509e-05	3.0689e-05	1.08314e-05	5.41571e-06	2.39194e-05	0.999929
32	0.999225	0.000164974	0.000494922	0.000100419	1.43456e-05	0.00015568	0.999533	7.78399e-05	0.00023352	NA	0.00031702	9.90688e-05	0.999207	0.000376461	NA	7.57882e-05	0.000145261	0.000669462	0.999084	2.52627e-05	2.02494e-05	8.09977e-06	1.01247e-05	1.61995e-05	0.999945
33	0.999404	7.50973e-05	0.000440571	6.00778e-05	2.00259e-05	7.29325e-05	0.999628	4.37595e-05	0.000255264	NA	0.000168692	9.53478e-05	0.999362	0.000374057	NA	7.15868e-05	0.000162012	0.000825132	0.998911	3.01418e-05	1.42437e-05	5.69749e-06	5.69749e-06	8.54624e-06	0.999966
34	0.998673	0.000261501	0.000705559	0.000298858	6.06175e-05	0.00014284	0.999103	8.03477e-05	0.000667333	6.69564e-06	0.000968649	0.000162896	0.99851	0.000346154	1.2605e-05	0.000225411	0.000584515	0.000351331	0.998777	6.21825e-05	2.96078e-05	1.44797e-05	9.07685e-06	2.55016e-05	0.999921
35	0.999427	0.000160561	0.0002693	0.000106191	3.73792e-05	3.79432e-05	0.999722	2.87449e-05	0.000203514	8.04857e-06	0.000501582	5.15072e-05	0.999232	0.000212161	2.45272e-06	7.54055e-05	0.000284342	0.000450077	0.999137	5.34123e-05	1.63831e-05	7.49737e-06	7.21969e-06	1.27733e-05	0.999956
36	0.998917	0.00015654	0.000678188	0.000201782	4.61476e-05	6.9989e-05	0.999261	6.07047e-05	0.000598477	9.99842e-06	0.000753247	0.000107235	0.998971	0.000158578	9.74867e-06	0.000184554	0.000498348	0.000248908	0.999005	6.27589e-05	2.5756e-05	1.20954e-05	9.10709e-06	2.5756e-05	0.999927
37	0.998952	0.000141144	0.000674223	0.000191302	4.14099e-05	5.87503e-05	0.999361	3.74786e-05	0.000530779	1.21552e-05	0.000567687	7.50909e-05	0.999223	0.000123149	1.10133e-05	0.000128772	0.000479717	0.00025478	0.999076	6.02409e-05	2.59593e-05	1.01659e-05	9.62129e-06	2.28733e-05	0.999931
38	0.999011	0.000150299	0.000648101	0.000147218	4.34806e-05	4.42995e-05	0.999412	5.14093e-05	0.000478544	1.36727e-05	0.000642229	6.48608e-05	0.999207	7.60254e-05	9.56963e-06	9.50273e-05	0.000499592	0.000183417	0.999158	6.42832e-05	2.57098e-05	1.1169e-05	8.2187e-06	2.434e-05	0.999931
39	0.999033	0.00015262	0.00063971	0.000123183	5.14464e-05	3.26698e-05	0.999437	3.89089e-05	0.000481426	9.75558e-06	0.000615248	4.25391e-05	0.999286	4.48122e-05	1.13654e-05	0.000110349	0.00051729	0.000136517	0.99918	5.57292e-05	2.76993e-05	1.1731e-05	9.30964e-06	2.55076e-05	0.999926
40	0.999064	0.00015573	0.000641157	8.10689e-05	5.80331e-05	2.98547e-05	0.999386	3.39846e-05	0.000538678	1.11457e-05	0.000741938	3.88233e-05	0.999178	2.83603e-05	1.32715e-05	9.96231e-05	0.000557096	8.8796e-05	0.999206	4.80883e-05	3.3041e-05	1.33371e-05	8.94169e-06	2.63423e-05	0.999918
