quality	AA	AC	AG	AT	A.	CA	CC	CG	CT	C.	GA	GC	GG	GT	G.	TA	TC	TG	TT	T.	.A	.C	.G	.T	..
0	NA	NA	NA	NA	NA	NA	NA	NA	NA	NA	NA	NA	NA	NA	NA	NA	NA	NA	NA	NA	NA	NA	NA	NA	NA
1	NA	NA	NA	NA	NA	NA	NA	NA	NA	NA	NA	NA	NA	NA	NA	NA	NA	NA	NA	NA	NA	NA	NA	NA	NA
2	NA	NA	NA	NA	NA	NA	NA	NA	NA	NA	NA	NA	NA	NA	NA	NA	NA	NA	NA	NA	NA	NA	NA	NA	NA
3	NA	NA	NA	NA	NA	NA	NA	NA	NA	NA	NA	NA	NA	NA	NA	NA	NA	NA	NA	NA	NA	NA	NA	NA	NA
4	NA	NA	NA	NA	NA	NA	NA	NA	NA	NA	NA	NA	NA	NA	NA	NA	NA	NA	NA	NA	NA	NA	NA	NA	NA
5	NA	NA	NA	NA	NA	NA	NA	NA	NA	NA	NA	NA	NA	NA	NA	NA	NA	NA	NA	NA	NA	NA	NA	NA	NA
6	NA	NA	NA	NA	NA	NA	NA	NA	NA	NA	NA	NA	NA	NA	NA	NA	NA	NA	NA	NA	NA	NA	NA	NA	NA
7	NA	NA	NA	NA	NA	NA	NA	NA	NA	NA	NA	NA	NA	NA	NA	NA	NA	NA	NA	NA	NA	NA	NA	NA	NA
8	NA	NA	NA	NA	NA	NA	NA	NA	NA	NA	NA	NA	NA	NA	NA	NA	NA	NA	NA	NA	NA	NA	NA	NA	NA
9	NA	NA	NA	NA	NA	NA	NA	NA	NA	NA	NA	NA	NA	NA	NA	NA	NA	NA	NA	NA	NA	NA	NA	NA	NA
10	NA	NA	NA	NA	NA	NA	NA	NA	NA	NA	NA	NA	NA	NA	NA	NA	NA	NA	NA	NA	NA	NA	NA	NA	NA
11	0.972769	0.0144844	0.00318656	0.00941483	0.000144844	0.0551695	0.91893	0.00652769	0.0191619	0.000210571	0.0200019	0.00840661	0.932361	0.0390376	0.000193255	0.0291147	0.0142602	0.0219846	0.934641	NA	8.45237e-05	NA	4.22619e-05	8.45237e-05	0.999789
12	0.969887	0.0134336	0.00626687	0.0102841	0.000128551	0.0387337	0.942069	0.00508539	0.0139001	0.000211891	0.013704	0.00530633	0.949225	0.0315946	0.000170387	0.0133686	0.00905166	0.0232558	0.954185	0.000139256	5.96939e-05	2.55831e-05	2.55831e-05	5.96939e-05	0.999829
13	0.966797	0.0152894	0.00652979	0.0112478	0.000135967	0.0304211	0.953419	0.00478516	0.0112543	0.000120283	0.00950038	0.0045569	0.964308	0.0215571	7.73175e-05	0.0151427	0.0112836	0.0229955	0.950423	0.000155017	5.22926e-05	2.88143e-05	1.92095e-05	7.68381e-05	0.999823
14	0.963518	0.0166128	0.00690798	0.0127995	0.000161855	0.028081	0.954582	0.00408538	0.0130216	0.000229623	0.0170936	0.0071385	0.944785	0.0307611	0.000221635	0.0185851	0.0136407	0.0212602	0.946315	0.000198771	7.1761e-05	3.2805e-05	3.8956e-05	6.76604e-05	0.999789
15	0.977063	0.00803489	0.00658762	0.00820458	0.000109794	0.0120685	0.976578	0.00274598	0.00848025	0.000126915	0.0144443	0.00509065	0.954672	0.0256346	0.000158728	0.0257224	0.0178569	0.0252061	0.931063	0.000151844	0.000114949	3.10672e-05	1.86403e-05	4.97075e-05	0.999786
16	0.9664	0.0109603	0.00909856	0.0134042	0.000136741	0.0183538	0.960821	0.00478668	0.0159054	0.000133124	0.0176432	0.0073977	0.950673	0.0241375	0.000148725	0.0187074	0.0119301	0.0185609	0.950615	0.000186408	0.000109919	5.09101e-05	4.62819e-05	7.2894e-05	0.99972
17	NA	NA	NA	NA	NA	NA	NA	NA	NA	NA	NA	NA	NA	NA	NA	NA	NA	NA	NA	NA	NA	NA	NA	NA	NA
18	NA	NA	NA	NA	NA	NA	NA	NA	NA	NA	NA	NA	NA	NA	NA	NA	NA	NA	NA	NA	NA	NA	NA	NA	NA
19	NA	NA	NA	NA	NA	NA	NA	NA	NA	NA	NA	NA	NA	NA	NA	NA	NA	NA	NA	NA	NA	NA	NA	NA	NA
20	0.997985	0.0012087	NA	0.000805802	NA	0.00566974	0.992913	NA	0.00141743	NA	0.00269014	NA	0.994375	0.00269014	0.000244559	0.00107585	NA	0.00484131	0.994083	NA	NA	NA	NA	NA	1
21	0.996783	0.00156674	0.000531573	0.00106315	5.5955e-05	0.00240883	0.996183	0.000444708	0.000889416	7.4118e-05	0.00067088	0.000423714	0.997069	0.00180078	3.53095e-05	0.000861394	0.00213391	0.00234926	0.994616	3.91543e-05	3.52108e-05	NA	7.04215e-06	2.81686e-05	0.99993
22	0.99689	0.00163807	0.000610806	0.000777389	8.32917e-05	0.00422437	0.993859	0.000391952	0.00152426	NA	0.00160473	0.000547066	0.995113	0.00273533	NA	0.00150806	0.00161388	0.0033336	0.993518	2.64571e-05	1.61189e-05	8.05945e-06	NA	3.22378e-05	0.999944
23	0.997454	0.00115542	0.000812406	0.000487444	9.02674e-05	0.00268488	0.995986	0.000521336	0.000782003	2.60668e-05	0.00110108	0.000415963	0.996305	0.00217769	NA	0.001249	0.00139451	0.00185531	0.995416	8.48835e-05	2.30566e-05	1.38339e-05	1.84452e-05	4.61131e-05	0.999899
24	0.997606	0.00113186	0.000870663	0.000304732	8.70663e-05	0.00218248	0.996198	0.000633624	0.000985638	NA	0.000876365	0.000404476	0.995888	0.00276392	6.74127e-05	0.000606722	0.00191118	0.00094042	0.996511	3.03361e-05	1.17726e-05	NA	1.17726e-05	9.41808e-05	0.999882
25	0.99715	0.00108863	0.000960553	0.000672387	0.000128074	0.00277385	0.99529	0.000680379	0.00125608	NA	0.00178053	0.000937119	0.994658	0.00262393	NA	0.00130887	0.00112189	0.00137899	0.996167	2.33727e-05	1.7484e-05	1.7484e-05	3.49681e-05	5.24521e-05	0.999878
26	0.997565	0.000683556	0.00132439	0.000427223	NA	0.00243902	0.996009	0.000221729	0.00133038	NA	0.00114199	0.00106585	0.995128	0.00266464	NA	0.000565451	0.00132881	0.00118745	0.996833	8.48176e-05	7.02667e-05	3.51333e-05	NA	0.000175667	0.999719
27	0.996187	0.000959088	0.0015493	0.00123515	6.90162e-05	0.00123181	0.99678	0.000339302	0.00163381	1.47523e-05	0.00239687	0.00102631	0.991915	0.00462966	3.21728e-05	0.00116068	0.00132303	0.00300434	0.994421	9.14365e-05	4.61191e-05	1.7897e-05	2.06503e-05	3.51056e-05	0.99988
28	0.997424	0.000375698	0.00112709	0.00096608	0.000107342	0.00040205	0.998141	0.000251282	0.00110564	0.000100513	0.00257242	0.000615144	0.995079	0.00173359	NA	0.000645399	0.0022128	0.000460999	0.996589	9.21999e-05	2.35009e-05	NA	NA	3.52514e-05	0.999941
29	0.998896	NA	NA	0.000551876	0.000551876	0.00088574	0.999114	NA	NA	NA	0.000535332	NA	0.999465	NA	NA	NA	NA	NA	1	NA	NA	NA	NA	NA	1
30	0.997855	0.000414664	0.00106929	0.000623049	3.78881e-05	0.000380317	0.998154	0.000234041	0.00122872	3.25057e-06	0.00145362	0.000423243	0.997189	0.000931134	2.91892e-06	0.000611192	0.0018077	0.000588555	0.996957	3.5572e-05	3.00342e-05	7.68317e-06	2.09541e-06	4.67975e-05	0.999913
31	0.998432	0.000238115	0.000977715	0.000315683	3.6078e-05	0.000235342	0.998714	0.000123144	0.000911265	1.64192e-05	0.000895546	0.000212103	0.998235	0.000649402	7.85567e-06	0.000294189	0.00117465	0.000613594	0.997882	3.57229e-05	3.42908e-05	3.42908e-06	8.57271e-06	3.37193e-05	0.99992
32	0.999244	0.000136659	0.000473752	0.000136659	9.11062e-06	0.000161688	0.999478	0.000136813	0.000211438	1.24375e-05	0.000260724	8.69079e-05	0.999416	0.000235893	NA	0.000128428	0.00169365	0.000280937	0.997849	4.81607e-05	2.56912e-06	2.56912e-06	NA	8.4781e-05	0.99991
33	0.999258	0.00010421	0.000579669	3.25657e-05	2.60525e-05	0.000130951	0.999486	0.000149659	0.000233842	NA	0.000255682	6.39205e-05	0.999306	0.00036526	9.1315e-06	5.33124e-05	0.00137643	0.000591283	0.997969	9.69316e-06	5.48063e-06	3.65376e-06	3.65376e-06	7.67289e-05	0.99991
34	0.998576	0.000170267	0.000979919	0.000225248	4.87743e-05	0.000100475	0.999021	9.48145e-05	0.000778328	5.66057e-06	0.000729216	0.000201332	0.998675	0.00037934	1.47316e-05	0.000190391	0.000952931	0.000316342	0.998473	6.73691e-05	3.27086e-05	8.17715e-06	4.90629e-06	2.56217e-05	0.999929
35	0.999495	7.71639e-05	0.000352596	4.82274e-05	2.6793e-05	4.29407e-05	0.999737	2.0039e-05	0.000193233	7.15678e-06	0.000356995	9.31978e-05	0.9993	0.000243262	6.3185e-06	6.0149e-05	0.000316522	0.000459499	0.999127	3.64838e-05	1.54094e-05	4.55277e-06	1.75106e-06	1.19072e-05	0.999966
36	0.998825	0.000108952	0.000903965	0.000123139	3.85873e-05	6.01891e-05	0.99919	9.16312e-05	0.000648605	9.8818e-06	0.000571903	0.000143386	0.999129	0.000145844	9.83215e-06	0.000114772	0.00107673	0.000199689	0.998561	4.77662e-05	2.35654e-05	6.2484e-06	4.82019e-06	2.785e-05	0.999938
37	0.998873	9.91072e-05	0.000887593	8.81763e-05	5.24685e-05	4.47695e-05	0.999202	9.08182e-05	0.000653635	8.9539e-06	0.000422749	8.40481e-05	0.999349	0.000136735	7.52669e-06	8.59945e-05	0.000979922	0.000210132	0.998671	5.27063e-05	2.93734e-05	7.28642e-06	3.18781e-06	2.61856e-05	0.999934
38	0.998959	8.07195e-05	0.000842832	6.91268e-05	4.80882e-05	3.17513e-05	0.999339	7.0405e-05	0.000553577	4.83172e-06	0.000428536	8.46409e-05	0.999392	8.93062e-05	5.99818e-06	7.15819e-05	0.000968538	0.000173717	0.99873	5.63052e-05	2.68262e-05	7.53249e-06	4.22877e-06	2.86763e-05	0.999933
39	0.998941	6.54576e-05	0.000888465	5.60573e-05	4.94166e-05	3.0885e-05	0.999314	7.04922e-05	0.000576806	7.86424e-06	0.000372701	7.91361e-05	0.999494	4.25595e-05	1.15577e-05	6.10898e-05	0.000880833	0.000142054	0.998863	5.30259e-05	2.78725e-05	7.27564e-06	4.99873e-06	2.54124e-05	0.999934
40	0.998978	5.8948e-05	0.000856553	5.44199e-05	5.21766e-05	2.54765e-05	0.999137	5.37276e-05	0.000773375	1.00266e-05	0.000376597	5.82323e-05	0.999524	2.82465e-05	1.33579e-05	4.83242e-05	0.000737424	0.000121404	0.999045	4.75876e-05	3.08811e-05	9.23511e-06	5.8434e-06	2.27511e-05	0.999931
