quality	AA	AC	AG	AT	A.	CA	CC	CG	CT	C.	GA	GC	GG	GT	G.	TA	TC	TG	TT	T.	.A	.C	.G	.T	..
0	NA	NA	NA	NA	NA	NA	NA	NA	NA	NA	NA	NA	NA	NA	NA	NA	NA	NA	NA	NA	NA	NA	NA	NA	NA
1	NA	NA	NA	NA	NA	NA	NA	NA	NA	NA	NA	NA	NA	NA	NA	NA	NA	NA	NA	NA	NA	NA	NA	NA	NA
2	NA	NA	NA	NA	NA	NA	NA	NA	NA	NA	NA	NA	NA	NA	NA	NA	NA	NA	NA	NA	NA	NA	NA	NA	NA
3	NA	NA	NA	NA	NA	NA	NA	NA	NA	NA	NA	NA	NA	NA	NA	NA	NA	NA	NA	NA	NA	NA	NA	NA	NA
4	NA	NA	NA	NA	NA	NA	NA	NA	NA	NA	NA	NA	NA	NA	NA	NA	NA	NA	NA	NA	NA	NA	NA	NA	NA
5	NA	NA	NA	NA	NA	NA	NA	NA	NA	NA	NA	NA	NA	NA	NA	NA	NA	NA	NA	NA	NA	NA	NA	NA	NA
6	NA	NA	NA	NA	NA	NA	NA	NA	NA	NA	NA	NA	NA	NA	NA	NA	NA	NA	NA	NA	NA	NA	NA	NA	NA
7	NA	NA	NA	NA	NA	NA	NA	NA	NA	NA	NA	NA	NA	NA	NA	NA	NA	NA	NA	NA	NA	NA	NA	NA	NA
8	NA	NA	NA	NA	NA	NA	NA	NA	NA	NA	NA	NA	NA	NA	NA	NA	NA	NA	NA	NA	NA	NA	NA	NA	NA
9	NA	NA	NA	NA	NA	NA	NA	NA	NA	NA	NA	NA	NA	NA	NA	NA	NA	NA	NA	NA	NA	NA	NA	NA	NA
10	NA	NA	NA	NA	NA	NA	NA	NA	NA	NA	NA	NA	NA	NA	NA	NA	NA	NA	NA	NA	NA	NA	NA	NA	NA
11	0.974692	0.0117549	0.0042871	0.00857419	0.000691467	0.0559135	0.923301	0.00519642	0.0153814	0.000207857	0.0205276	0.00763586	0.932666	0.0389726	0.000198334	0.0377604	0.00911458	0.0240885	0.927734	0.00130208	NA	4.22869e-05	NA	8.45737e-05	0.999873
12	0.973044	0.0127673	0.00574529	0.00838581	5.80333e-05	0.0363478	0.946347	0.00470151	0.0124452	0.000158034	0.0119831	0.00565676	0.9553	0.0269216	0.000138533	0.014107	0.0090285	0.0248754	0.951801	0.000188094	4.02207e-05	8.04415e-06	2.41324e-05	3.21766e-05	0.999895
13	0.965053	0.0164334	0.00675742	0.0116151	0.000141599	0.0291209	0.95389	0.00454593	0.0123373	0.000105447	0.00933745	0.00474785	0.963509	0.0222923	0.000113044	0.0140662	0.0100447	0.0227858	0.952946	0.000157527	4.52672e-05	3.30328e-05	3.54797e-05	4.40438e-05	0.999842
14	0.962707	0.0161962	0.00765825	0.0132837	0.000155235	0.0299206	0.950567	0.00492063	0.0143197	0.000272109	0.0186814	0.00712328	0.940177	0.0338382	0.000179934	0.0172831	0.0126542	0.0199456	0.949863	0.000254024	6.13173e-05	6.36756e-05	2.35836e-05	7.78258e-05	0.999774
15	0.977533	0.00867444	0.0054258	0.00829828	6.83924e-05	0.0111522	0.976357	0.0024726	0.00989039	0.000127453	0.0146732	0.00622415	0.951626	0.0273672	0.000109196	0.0233447	0.0156197	0.0239728	0.936842	0.000220713	8.87293e-05	3.54917e-05	2.48442e-05	5.67867e-05	0.999794
16	0.965521	0.0116366	0.0086384	0.0140467	0.000157363	0.0176574	0.962491	0.0043362	0.0153629	0.000152964	0.0166439	0.00730394	0.950482	0.0254668	0.000103419	0.0164655	0.0115618	0.0178103	0.95396	0.000202217	9.1416e-05	4.70524e-05	4.43637e-05	6.18403e-05	0.999755
17	NA	NA	NA	NA	NA	NA	NA	NA	NA	NA	NA	NA	NA	NA	NA	NA	NA	NA	NA	NA	NA	NA	NA	NA	NA
18	NA	NA	NA	NA	NA	NA	NA	NA	NA	NA	NA	NA	NA	NA	NA	NA	NA	NA	NA	NA	NA	NA	NA	NA	NA
19	NA	NA	NA	NA	NA	NA	NA	NA	NA	NA	NA	NA	NA	NA	NA	NA	NA	NA	NA	NA	NA	NA	NA	NA	NA
20	0.997228	0.001386	NA	0.0010395	0.0003465	0.00567859	0.99205	0.000567859	0.00170358	NA	0.00131291	0.000875274	0.99628	0.00153173	NA	0.00197316	NA	0.00276243	0.995264	NA	NA	NA	NA	NA	1
21	0.997044	0.00159158	0.000649625	0.000682106	3.24812e-05	0.00200329	0.995633	0.000681117	0.00168276	NA	0.00113118	0.000312049	0.996645	0.0019113	NA	0.00122617	0.000578382	0.00224412	0.995859	9.25412e-05	8.0331e-06	1.60662e-05	8.0331e-06	8.0331e-06	0.99996
22	0.997131	0.00165274	0.000592491	0.000623675	NA	0.00394789	0.994128	0.000444137	0.00148046	NA	0.00168007	0.000840034	0.99432	0.00316013	NA	0.0014682	0.00128468	0.00302817	0.994158	6.11752e-05	9.09281e-06	1.81856e-05	1.81856e-05	2.72784e-05	0.999927
23	0.997587	0.000864739	0.000703857	0.000804408	4.02204e-05	0.00196791	0.99601	0.000601306	0.00142127	NA	0.000975059	0.00046187	0.996433	0.00207842	5.13189e-05	0.00121324	0.000719942	0.00198651	0.996054	2.66645e-05	4.99598e-06	1.99839e-05	9.99196e-06	9.99196e-06	0.999955
24	0.997993	0.00108058	0.000360193	0.000566018	NA	0.00197083	0.996453	0.000473	0.00110367	NA	0.00113542	0.000227083	0.996442	0.00219514	NA	0.000464236	0.000678499	0.00153555	0.997286	3.57105e-05	NA	NA	NA	4.09338e-05	0.999959
25	0.997913	0.000791709	0.000683748	0.000611775	NA	0.0017313	0.995845	0.000577101	0.0017313	0.00011542	0.00185278	0.000751127	0.994141	0.00320481	5.00751e-05	0.00139218	0.00087656	0.00128906	0.996365	7.73435e-05	3.85238e-05	NA	9.63094e-06	1.92619e-05	0.999933
26	0.997295	0.00096623	0.00115948	0.000434804	0.000144935	0.00136294	0.997354	0.000160346	0.00112242	NA	0.00122579	0.000980633	0.995342	0.00236986	8.17194e-05	0.000530786	0.000905458	0.00103035	0.997533	NA	5.16762e-05	NA	2.58381e-05	5.16762e-05	0.999871
27	0.996591	0.000868169	0.00132028	0.00115663	6.37951e-05	0.00129031	0.99644	0.00036986	0.00183669	6.30443e-05	0.00318727	0.00108699	0.990862	0.00484539	1.84235e-05	0.00112558	0.00111925	0.00344418	0.994239	7.16659e-05	1.89073e-05	2.20585e-05	1.81195e-05	3.23e-05	0.999909
28	0.998161	0.000445881	0.000501616	0.000724557	0.000167205	0.000394419	0.993739	0.000147907	0.00571908	NA	0.0024037	0.000638958	0.995253	0.00170389	NA	NA	0.00117222	0.000488424	0.998242	9.76849e-05	1.23007e-05	1.23007e-05	NA	1.23007e-05	0.999963
29	1	NA	NA	NA	NA	NA	0.999138	NA	0.000862069	NA	0.000270416	NA	0.999459	0.000270416	NA	NA	NA	NA	1	NA	NA	NA	NA	NA	1
30	0.997932	0.000406997	0.0010151	0.000603312	4.30937e-05	0.000315485	0.998151	0.000224828	0.0012837	2.53838e-05	0.00171333	0.000403332	0.997003	0.000876664	3.33332e-06	0.000584183	0.00118316	0.000543512	0.997656	3.32763e-05	2.5368e-05	9.51298e-06	3.96374e-06	1.9026e-05	0.999942
31	0.998681	0.000230627	0.000768758	0.000292959	2.70104e-05	0.000206692	0.998501	6.16991e-05	0.00121856	1.23398e-05	0.000852099	0.000209288	0.99838	0.000553117	5.97965e-06	0.000286365	0.000702895	0.000582196	0.9984	2.83998e-05	1.82196e-05	5.85631e-06	3.25351e-06	2.01717e-05	0.999952
32	0.999454	0.000131538	0.000313667	0.000101183	NA	7.97491e-05	0.99891	3.98745e-05	0.000956989	1.32915e-05	0.000327914	6.83153e-05	0.999221	0.000382566	NA	0.000151518	0.000338687	0.00022282	0.999251	3.56513e-05	5.65224e-06	NA	5.65224e-06	8.47836e-06	0.99998
33	0.999638	0.000123037	0.000166462	6.51371e-05	7.23746e-06	0.000120811	0.999034	3.02027e-05	0.000815472	NA	0.000198768	4.96919e-05	0.999404	0.000337905	9.93838e-06	4.19672e-05	0.000215082	0.000403934	0.999308	3.14754e-05	1.98907e-06	1.98907e-06	NA	1.19344e-05	0.999984
34	0.998817	0.000171604	0.000759961	0.000207355	4.39225e-05	0.000117801	0.998738	6.52681e-05	0.00105066	2.86543e-05	0.0014969	0.000172073	0.997969	0.000348343	1.39897e-05	0.000204089	0.000631225	0.000333456	0.998787	4.46095e-05	1.86614e-05	1.05748e-05	4.97638e-06	1.80394e-05	0.999948
35	0.99947	0.000103316	0.000351767	5.04281e-05	2.45991e-05	2.98486e-05	0.999546	1.98991e-05	0.000401298	3.31651e-06	0.00152417	8.57454e-05	0.998163	0.000223988	3.49981e-06	6.07409e-05	0.000324334	0.000481343	0.999098	3.55277e-05	1.04408e-05	3.21255e-06	2.81098e-06	9.23608e-06	0.999974
36	0.999077	0.000104947	0.000644025	0.00014471	2.93331e-05	5.45435e-05	0.998794	4.44429e-05	0.00109491	1.21208e-05	0.000655928	0.00010191	0.999075	0.000155644	1.11174e-05	0.000120232	0.000554279	0.000159554	0.999135	3.10033e-05	1.60411e-05	8.73124e-06	5.68546e-06	2.13205e-05	0.999948
37	0.999112	8.11804e-05	0.00066551	9.38649e-05	4.73553e-05	3.43749e-05	0.999116	4.44009e-05	0.000786326	1.86197e-05	0.00046747	7.3811e-05	0.999347	9.84147e-05	1.30255e-05	9.14883e-05	0.000561659	0.000169452	0.999142	3.50042e-05	1.4891e-05	8.88236e-06	4.44118e-06	1.41073e-05	0.999958
38	0.99913	6.56272e-05	0.000692293	7.64828e-05	3.60209e-05	3.52473e-05	0.998936	2.60523e-05	0.000989988	1.30262e-05	0.000668163	5.18665e-05	0.9992	7.01723e-05	9.91566e-06	7.07416e-05	0.00053583	0.000137971	0.999205	5.0673e-05	2.00467e-05	1.00987e-05	4.67253e-06	1.83887e-05	0.999947
39	0.999189	7.56656e-05	0.00064037	4.81871e-05	4.64945e-05	2.56118e-05	0.998909	3.20148e-05	0.00102303	1.05649e-05	0.000835774	3.84441e-05	0.999071	4.16734e-05	1.3071e-05	6.33845e-05	0.000465914	0.000101734	0.999329	3.95684e-05	2.05066e-05	1.00739e-05	5.23127e-06	1.8444e-05	0.999946
40	0.999364	8.11674e-05	0.000460829	4.46661e-05	4.90846e-05	2.1583e-05	0.998955	3.11992e-05	0.000980994	1.08271e-05	0.000813777	3.95917e-05	0.99911	2.27374e-05	1.40718e-05	5.72712e-05	0.000310901	8.91843e-05	0.99951	3.22958e-05	2.83646e-05	1.08746e-05	6.58621e-06	2.00367e-05	0.999934
