quality	AA	AC	AG	AT	A.	CA	CC	CG	CT	C.	GA	GC	GG	GT	G.	TA	TC	TG	TT	T.	.A	.C	.G	.T	..
0	NA	NA	NA	NA	NA	NA	NA	NA	NA	NA	NA	NA	NA	NA	NA	NA	NA	NA	NA	NA	NA	NA	NA	NA	NA
1	NA	NA	NA	NA	NA	NA	NA	NA	NA	NA	NA	NA	NA	NA	NA	NA	NA	NA	NA	NA	NA	NA	NA	NA	NA
2	NA	NA	NA	NA	NA	NA	NA	NA	NA	NA	NA	NA	NA	NA	NA	NA	NA	NA	NA	NA	NA	NA	NA	NA	NA
3	NA	NA	NA	NA	NA	NA	NA	NA	NA	NA	NA	NA	NA	NA	NA	NA	NA	NA	NA	NA	NA	NA	NA	NA	NA
4	NA	NA	NA	NA	NA	NA	NA	NA	NA	NA	NA	NA	NA	NA	NA	NA	NA	NA	NA	NA	NA	NA	NA	NA	NA
5	NA	NA	NA	NA	NA	NA	NA	NA	NA	NA	NA	NA	NA	NA	NA	NA	NA	NA	NA	NA	NA	NA	NA	NA	NA
6	NA	NA	NA	NA	NA	NA	NA	NA	NA	NA	NA	NA	NA	NA	NA	NA	NA	NA	NA	NA	NA	NA	NA	NA	NA
7	NA	NA	NA	NA	NA	NA	NA	NA	NA	NA	NA	NA	NA	NA	NA	NA	NA	NA	NA	NA	NA	NA	NA	NA	NA
8	NA	NA	NA	NA	NA	NA	NA	NA	NA	NA	NA	NA	NA	NA	NA	NA	NA	NA	NA	NA	NA	NA	NA	NA	NA
9	NA	NA	NA	NA	NA	NA	NA	NA	NA	NA	NA	NA	NA	NA	NA	NA	NA	NA	NA	NA	NA	NA	NA	NA	NA
10	0.984375	0.015625	NA	NA	NA	0.0869565	0.869565	0.0434783	NA	NA	0.00884956	NA	0.973451	0.0176991	NA	NA	NA	NA	1	NA	NA	NA	NA	NA	1
11	0.973308	0.0134391	0.00363976	0.00928605	0.000326645	0.0728444	0.901538	0.00658318	0.0188909	0.000143113	0.0237167	0.00500537	0.922299	0.048878	0.000100779	0.0210707	0.00967534	0.0223608	0.946893	NA	4.29793e-05	1.43264e-05	NA	4.29793e-05	0.9999
12	0.972824	0.0142801	0.0056114	0.00718411	0.000100653	0.053174	0.929445	0.00572966	0.0115292	0.000122279	0.010995	0.00411491	0.95433	0.0304503	0.000109731	0.0105994	0.0056471	0.0255099	0.958137	0.000106885	3.52223e-05	2.11334e-05	2.81778e-05	3.52223e-05	0.99988
13	0.96765	0.0171544	0.00560661	0.00948864	0.000100619	0.0367584	0.947343	0.00444723	0.011339	0.000112267	0.00806845	0.00346694	0.966852	0.0215077	0.000105378	0.011319	0.00710822	0.0207018	0.960727	0.000143518	3.16879e-05	2.80033e-05	3.0951e-05	2.43187e-05	0.999885
14	0.965608	0.0178565	0.00618794	0.0102406	0.000106765	0.0338983	0.949796	0.00406095	0.0121486	9.5874e-05	0.0175203	0.00583393	0.943033	0.0334895	0.0001236	0.0136295	0.0091557	0.018323	0.958695	0.000196524	4.2528e-05	2.8352e-05	1.55936e-05	3.11872e-05	0.999882
15	0.967814	0.0154174	0.00630879	0.0103852	7.46603e-05	0.0281006	0.953547	0.00500088	0.0133031	4.88367e-05	0.0144707	0.00627546	0.951773	0.0274088	7.25953e-05	0.0141649	0.00927121	0.0204349	0.956005	0.000124253	2.72188e-05	2.72188e-05	2.72188e-05	2.9487e-05	0.999889
16	0.964482	0.0151001	0.00762147	0.0126955	0.000100993	0.0255986	0.956642	0.00429748	0.0133567	0.000105277	0.0119654	0.00541853	0.955779	0.0267757	6.17879e-05	0.0178074	0.0119572	0.0283891	0.941705	0.000140868	5.39174e-05	2.66808e-05	2.89042e-05	4.44679e-05	0.999846
17	NA	NA	NA	NA	NA	NA	NA	NA	NA	NA	NA	NA	NA	NA	NA	NA	NA	NA	NA	NA	NA	NA	NA	NA	NA
18	1	NA	NA	NA	NA	0.0909091	0.909091	NA	NA	NA	NA	NA	1	NA	NA	NA	NA	NA	1	NA	NA	NA	NA	NA	1
19	1	NA	NA	NA	NA	NA	1	NA	NA	NA	NA	NA	1	NA	NA	NA	NA	NA	1	NA	NA	NA	NA	NA	1
20	0.997487	0.00139626	0.000279252	0.000698129	0.000139626	0.00754631	0.990396	0.000914704	0.00114338	NA	0.00113379	0.000188964	0.995276	0.00340136	NA	0.00100949	0.000807591	0.00323037	0.994953	NA	NA	NA	NA	3.6974e-05	0.999963
21	0.996905	0.00187462	0.000523149	0.000624873	7.26596e-05	0.00394226	0.993824	0.000319135	0.00189604	1.87726e-05	0.000930932	0.000232733	0.996455	0.00234523	3.58051e-05	0.000761631	0.00041255	0.00192523	0.996869	3.17346e-05	2.93789e-05	3.67237e-06	1.10171e-05	1.46895e-05	0.999941
22	0.996695	0.0020875	0.000630599	0.000521875	6.52344e-05	0.00477668	0.993341	0.000453262	0.00142952	NA	0.00127477	0.000498822	0.995455	0.00271581	5.54247e-05	0.000890511	0.000999109	0.00310593	0.994918	8.68791e-05	1.91401e-05	1.27601e-05	1.91401e-05	1.27601e-05	0.999936
23	0.997662	0.00152163	0.000324465	0.000481103	1.11884e-05	0.00313326	0.994778	0.000291823	0.0017663	3.07182e-05	0.000521293	0.000304088	0.99722	0.00188245	7.24019e-05	0.000392734	0.000445603	0.00123862	0.997908	1.51052e-05	2.24842e-05	1.40526e-05	1.40526e-05	1.96736e-05	0.99993
24	0.997617	0.00137209	0.000505506	0.000505506	NA	0.00227926	0.995333	0.000271341	0.00206219	5.42682e-05	0.00138188	0.000159447	0.995854	0.00255116	5.31491e-05	0.000384882	0.000436199	0.000923716	0.998204	5.13176e-05	1.92552e-05	4.8138e-05	4.8138e-05	1.92552e-05	0.999865
25	0.997671	0.00117845	0.000617284	0.000420875	0.000112233	0.00240816	0.995753	0.000218924	0.00162004	NA	0.000958413	0.000250021	0.996708	0.00208351	NA	0.000336658	0.00128351	0.0010731	0.997244	6.31233e-05	1.53899e-05	7.69497e-06	7.69497e-06	7.69497e-06	0.999962
26	0.998066	0.000644745	0.000886525	0.000402966	NA	0.00296454	0.995968	0.000118582	0.000948654	NA	0.000374018	0.000249345	0.997631	0.00149607	0.000249345	0.000596529	0.00135575	0.000976139	0.997072	NA	0.000105775	NA	2.11551e-05	NA	0.999873
27	0.996946	0.00116871	0.0010985	0.000745854	4.05695e-05	0.00272291	0.995368	0.000293502	0.00159083	2.4664e-05	0.00286634	0.000598937	0.993311	0.00319576	2.78078e-05	0.000862886	0.000823375	0.00417168	0.994057	8.53964e-05	3.04452e-05	1.19134e-05	1.45608e-05	2.20618e-05	0.999921
28	0.999113	0.000197057	0.000262743	0.000328429	9.85286e-05	0.000617593	0.99303	2.94092e-05	0.00632297	NA	0.00142051	0.000254963	0.996685	0.00162083	1.82116e-05	0.000133672	0.000601524	0.000267344	0.998931	6.6836e-05	7.44812e-06	NA	NA	7.44812e-06	0.999985
29	0.999118	0.000146972	0.000146972	NA	0.000587889	0.000515198	0.998712	NA	0.000772798	NA	0.000771159	NA	0.999036	0.00019279	NA	NA	0.000519211	NA	0.999481	NA	NA	NA	NA	NA	1
30	0.998363	0.000436915	0.000807157	0.000354639	3.8301e-05	0.000439346	0.998216	0.00012741	0.0012082	8.78692e-06	0.00144583	0.000163875	0.997598	0.000786185	6.2231e-06	0.000432845	0.000769966	0.000493194	0.998275	2.91338e-05	1.88941e-05	6.61293e-06	3.77882e-06	1.22812e-05	0.999958
31	0.998827	0.000357368	0.000629711	0.000164735	2.12561e-05	0.000467198	0.998266	7.14058e-05	0.00118942	6.1205e-06	0.000544087	9.71583e-05	0.998801	0.0005402	1.74885e-05	0.000248567	0.000574628	0.000554158	0.99859	3.21675e-05	1.83805e-05	4.17738e-06	7.51929e-06	1.58741e-05	0.999954
32	0.999451	0.000221049	0.000214351	0.000107175	6.69846e-06	0.000308619	0.998429	3.74083e-05	0.00119707	2.80563e-05	0.000179184	4.71538e-05	0.999434	0.000264061	7.54461e-05	2.28419e-05	0.000428285	0.000102788	0.999435	1.14209e-05	NA	1.93504e-06	1.93504e-06	9.67518e-06	0.999986
33	0.99939	0.000270966	0.000244912	7.29524e-05	2.08435e-05	0.000420613	0.998701	2.25328e-05	0.000848737	7.51095e-06	0.000174049	2.90082e-05	0.99963	0.000108781	5.80164e-05	3.66239e-05	0.000411002	0.000223813	0.999308	2.03466e-05	6.03378e-06	1.50845e-06	3.01689e-06	6.03378e-06	0.999983
34	0.998867	0.000233359	0.000736924	0.000126053	3.68462e-05	0.000197278	0.998557	6.7437e-05	0.0011726	6.03913e-06	0.00185099	0.000101634	0.997663	0.000369659	1.43906e-05	0.00016114	0.000571834	0.000484847	0.998742	3.99286e-05	1.80415e-05	6.146e-06	4.16342e-06	1.34815e-05	0.999958
35	0.999254	0.00017858	0.000464703	5.42647e-05	4.83449e-05	0.000235847	0.999225	2.05084e-05	0.000517837	1.28178e-06	0.00163841	5.23578e-05	0.998147	0.000157073	5.10807e-06	5.87862e-05	0.000259564	0.000518223	0.999142	2.17057e-05	7.7771e-06	5.08502e-06	5.68326e-06	8.97357e-06	0.999972
36	0.999128	0.000135217	0.000608014	9.07621e-05	3.75088e-05	9.11574e-05	0.998715	5.48369e-05	0.00112807	1.06825e-05	0.000792963	6.13081e-05	0.998984	0.000148891	1.28006e-05	0.000118352	0.000559388	0.000156034	0.999134	3.23744e-05	1.76025e-05	5.91558e-06	4.76132e-06	1.34183e-05	0.999958
37	0.999072	0.000112081	0.000711257	7.6336e-05	2.78687e-05	7.49021e-05	0.998984	3.64389e-05	0.000894777	1.01219e-05	0.000484757	4.28342e-05	0.999356	9.92499e-05	1.67158e-05	8.21896e-05	0.000486815	0.000213233	0.999184	3.39104e-05	2.00577e-05	5.24874e-06	8.99784e-06	1.14348e-05	0.999954
38	0.999112	0.000114819	0.000676763	6.26996e-05	3.33091e-05	5.29197e-05	0.998841	2.46558e-05	0.00107463	7.21633e-06	0.000548576	3.6735e-05	0.999316	8.32659e-05	1.53062e-05	6.9693e-05	0.000469738	0.000138992	0.999285	3.66183e-05	1.60978e-05	6.20065e-06	4.412e-06	1.55016e-05	0.999958
39	0.999173	0.000114168	0.000614126	5.73925e-05	4.12591e-05	3.96874e-05	0.998915	2.21254e-05	0.00101334	1.0233e-05	0.000869361	3.0097e-05	0.999038	4.59738e-05	1.67052e-05	6.4532e-05	0.000439651	7.8854e-05	0.999379	3.76368e-05	1.64726e-05	6.478e-06	6.45155e-06	1.36699e-05	0.999957
40	0.999352	0.000107395	0.000438726	5.22605e-05	4.93861e-05	2.71907e-05	0.998951	1.84164e-05	0.000987542	1.55237e-05	0.000578765	2.94194e-05	0.999349	2.35576e-05	1.93548e-05	6.21137e-05	0.000295136	5.25479e-05	0.999556	3.45643e-05	2.09369e-05	7.28325e-06	6.44975e-06	1.68686e-05	0.999948
