ks_quality_p_value	fisher_strand_p_value	bias_p_value	bias_e_value
0.561294	1	0.885447	26477.5
0.689015	1	0.945668	28278.3
0.593858	1	0.903326	27012.2
0.998958	1	0.999999	29903
0.997704	1	0.999997	29902.9
0.997503	1	0.999997	29902.9
0.995401	0.782051	0.973414	29108
0.998894	0.848391	0.987723	29535.9
0.286482	0.848391	0.586839	17548.2
0.235826	0.782088	0.496217	14838.4
0.0166769	0.849673	0.074486	2227.35
0.0281576	0.849675	0.113232	3385.99
0.937549	1	0.998008	29843.4
0.991026	1	0.99996	29901.8
0.999999	1	1	29903
0.965621	1	0.999402	29885.1
0.561748	1	0.885709	26485.4
0.764627	1	0.969828	29000.8
0.477432	1	0.830414	24831.9
0.614237	1	0.9136	27319.4
0.429144	1	0.792184	23688.7
0.985858	1	0.9999	29900
0.873419	1	0.991627	29652.6
0.780893	1	0.974021	29126.2
0.000318345	1	0.00288178	86.1738
0.416614	0.580038	0.584859	17489
0.984628	0.827117	0.9816	29352.8
0.900873	0.789049	0.953453	28511.1
0.992262	0.370428	0.735441	21991.9
0.436925	1	0.798696	23883.4
0.999958	0.0144582	0.0757077	2263.89
0.928718	0.912221	0.987681	29534.6
0.378637	0.738104	0.635759	19011.1
0.985237	0.832485	0.982769	29387.7
0.794201	0.00296121	0.0165862	495.977
1	1	1	29903
0.720039	0.00378848	0.0188337	563.186
0.866552	0.000564666	0.0042191	126.164
0.234975	4.29026e-05	0.000126062	3.76963
0.767776	0.00219014	0.0124233	371.493
0.436351	0.445521	0.512801	15334.3
0.616775	0.445521	0.629745	18831.3
0.998941	0.0011928	0.0092136	275.514
0.978704	0.00119714	0.00907951	271.505
0.97556	0.000263165	0.00237927	71.1473
0.0932834	4.5312e-05	5.65302e-05	1.69042
0.572244	0.000756477	0.00378563	113.202
0.554484	0.000277032	0.00150247	44.9284
0.449674	0.00699985	0.0212816	636.383
0.177454	0.000277057	0.000536897	16.0548
0.617843	0.000756913	0.00405352	121.212
0.957764	0.685085	0.932629	27888.4
0.844254	0.825476	0.948564	28364.9
1	2.95233e-06	4.05441e-05	1.21239
0.710005	0.000560246	0.00351222	105.026
0.872485	0.0226594	0.0973393	2910.74
0.308686	5.95895e-09	3.88377e-08	0.00116136
0.655689	0.0482554	0.140905	4213.49
0.740289	5.30066e-06	5.27717e-05	1.57803
0.695556	1.21558e-11	2.24026e-10	6.69906e-06
0.999976	8.65207e-45	8.86458e-43	2.65077e-38
0.134665	1	0.404665	12100.7
0.637498	1	0.924502	27645.4
0.832965	0.882969	0.961444	28750
0.28701	0.941855	0.623941	18657.7
0.832283	0.340281	0.640499	19152.8
0.329949	1	0.695802	20806.6
0.72541	0.00689449	0.0314987	941.904
0.994102	0.0276305	0.126206	3773.95
0.965048	0.0272609	0.122014	3648.57
0.987025	0.0350553	0.150992	4515.13
0.999999	0.00450682	0.0288534	862.803
0.976135	3.31132e-07	5.15386e-06	0.154116
0.853381	0.000174487	0.00146108	43.6907
0.973469	0.0336491	0.144739	4328.14
0.99988	1.80693e-28	1.17221e-26	3.50526e-22
0.645136	1	0.927895	27746.8
0.998113	0.556796	0.882215	26380.9
0.477654	0.893296	0.790097	23626.3
0.0673916	1	0.249163	7450.71
0.756072	0.0069113	0.032681	977.261
1	1	1	29903
0.990253	1	0.999952	29901.6
0.442125	1	0.802971	24011.2
0.189734	0.736234	0.414643	12399.1
0.985413	1	0.999893	29899.8
0.917244	1	0.996477	29797.7
0.92682	1	0.997255	29820.9
0.999998	1.43025e-19	6.34906e-18	1.89856e-13
0.341548	0.00280348	0.00761341	227.664
0.72661	0.530016	0.752597	22504.9
0.954766	0.0503927	0.194098	5804.12
0.999984	2.57833e-12	7.13771e-11	2.13439e-06
0.935198	1	0.997853	29838.8
0.999989	0.727253	0.958867	28673
0.904041	0.753275	0.942632	28187.5
0.981315	1	0.999824	29897.7
0.899973	1	0.994822	29748.2
0.73169	1	0.960269	28714.9
1	0.725936	0.958448	28660.5
0.280888	1	0.637559	19064.9
1	0.773478	0.972152	29070.3
0.0196438	1.04016e-06	3.82218e-07	0.0114295
0.999993	0.820278	0.982784	29388.2
0.989455	1.42047e-06	2.03447e-05	0.608367
0.969161	0.0718972	0.255297	7634.13
0.95327	0.251077	0.581571	17390.7
1	1.36855e-05	0.000166952	4.99237
0.603344	0.0673353	0.170766	5106.43
0.84278	0.31565	0.618284	18488.6
0.994108	4.70662e-06	6.21003e-05	1.85698
0.139805	0.000249704	0.000393181	11.7573
0.672386	1	0.939271	28087
0.992985	1	0.999975	29902.3
0.999993	1	1	29903
0.999997	1	1	29903
0.999977	1	1	29903
0.999996	1	1	29903
0.937226	1	0.997987	29842.8
0.961502	0.112982	0.349774	10459.3
0.74729	8.60758e-05	0.000685149	20.488
0.74502	1	0.964312	28835.8
0.99996	0.726134	0.958503	28662.1
0.880402	1	0.992545	29680.1
0.999986	7.20364e-12	1.92021e-10	5.742e-06
0.99767	1	0.999997	29902.9
1	0.118676	0.371617	11112.5
0.704523	0.259895	0.493957	14770.8
0.744144	1	0.964054	28828.1
0.95899	0.0692269	0.246448	7369.53
0.982094	0.380596	0.741613	22176.5
0.389735	4.02857e-25	9.12425e-24	2.72843e-19
0.00010849	6.37645e-41	7.10337e-43	2.12412e-38
0.211471	1	0.540027	16148.4
0.832612	1	0.985136	29458.5
0.134028	1	0.403385	12062.4
0.999947	1	1	29903
0.999998	0.831705	0.984969	29453.5
0.86996	1	0.991152	29638.4
0.817097	1	0.982149	29369.2
0.708149	1	0.952532	28483.6
0.236231	0.30655	0.262533	7850.54
0.981936	5.31319e-07	8.069e-06	0.241287
1	8.79552e-19	3.74468e-17	1.11977e-12
1	6.02272e-20	2.72565e-18	8.15052e-14
0.999997	2.42451e-18	1.00765e-16	3.01317e-12
0.954453	8.71259e-22	4.11952e-20	1.23186e-15
1	3.14185e-24	1.7317e-22	5.17831e-18
1	6.29695e-23	3.28193e-21	9.81397e-17
1	1	1	29903
0.437882	1	0.799487	23907.1
0.902242	1	0.995058	29755.2
0.323482	1	0.688567	20590.2
0.552864	1	0.880515	26330
0.992854	1	0.999974	29902.2
0.267436	1	0.620151	18544.4
0.872833	1	0.991548	29650.3
0.999981	2.04498e-24	1.13589e-22	3.39666e-18
0.111318	0.0748387	0.0482174	1441.85
0.377685	1	0.745435	22290.7
0.419689	1	0.78408	23446.4
0.389129	1	0.756406	22618.8
0.745172	1	0.964357	28837.2
0.906099	1	0.995446	29766.8
0.982775	1	0.999851	29898.5
0.81985	1	0.9827	29385.7
0.109754	1	0.352258	10533.6
0.990711	0.343468	0.707094	21144.2
1	0.00137665	0.0104462	312.372
0.904371	0.280525	0.601673	17991.8
0.996714	0.0684009	0.251274	7513.85
0.886015	0.230085	0.528061	15790.6
0.63603	1	0.92384	27625.6
0.847473	0.687212	0.897241	26830.2
0.43665	0.125234	0.213604	6387.41
0.976645	0.43737	0.790496	23638.2
0.835181	1	0.985603	29472.5
0.994097	0.640378	0.924096	27633.3
0.670644	0.324046	0.549033	16417.7
0.0264124	1	0.122393	3659.92
0.109268	0.146869	0.0823616	2462.86
0.0990441	0.277217	0.126168	3772.79
0.987261	0.229285	0.562654	16825
0.603167	0.235774	0.419585	12546.9
0.99999	0.109554	0.351813	10520.3
0.990948	1	0.999959	29901.8
0.526491	0.490993	0.608219	18187.6
0.304594	1.74075e-10	1.30755e-09	3.90996e-05
0.321056	1.62646e-07	9.27809e-07	0.0277443
0.952726	0.240698	0.567024	16955.7
0.988827	0.21722	0.545162	16302
0.524623	0.00585805	0.0208522	623.543
0.277276	0.709121	0.516423	15442.6
0.342866	1	0.709875	21227.4
0.986822	0.708412	0.949342	28388.2
0.964903	0.0840399	0.284805	8516.52
0.660459	0.00156783	0.00815228	243.778
0.849643	0.00803141	0.0408565	1221.73
0.680013	0.0100313	0.0408444	1221.37
0.704071	4.0264e-06	3.90461e-05	1.1676
0.987487	1	0.999921	29900.6
0.972589	0.503926	0.839622	25107.2
0.547427	0.344052	0.502781	15034.6
0.305767	0.00392021	0.00926158	276.949
0.204536	0.0117686	0.0169203	505.968
0.520599	0.0655206	0.149339	4465.69
0.569344	0.0391601	0.107094	3202.43
0.82199	0.109503	0.30674	9172.45
0.541152	0.065624	0.154049	4606.52
0.548351	0.0165471	0.0517412	1547.22
0.532921	0.0166106	0.050697	1515.99
0.848759	1	0.987939	29542.3
0.859178	1	0.989583	29591.5
0.422361	1	0.786392	23515.5
0.578594	1	0.895174	26768.4
0.964576	9.21416e-11	2.14584e-09	6.4167e-05
0.839454	5.63036e-05	0.000518005	15.4899
0.999996	2.03219e-07	3.3346e-06	0.0997145
0.994374	1	0.999984	29902.5
0.999997	0.750136	0.9658	28880.3
0.625945	0.740788	0.820056	24522.1
0.549724	1	0.878645	26274.1
0.219763	1	0.552749	16528.8
0.200222	0.87048	0.478779	14316.9
1	0.507647	0.851816	25471.9
0.524662	1	0.863069	25808.4
0.774473	1	0.972407	29077.9
0.58447	0.82759	0.835008	24969.2
0.897248	1	0.99453	29739.4
0.193336	1	0.511049	15281.9
0.827262	0.797364	0.934086	27932
0.889731	1	0.993684	29714.1
0.899836	1	0.994807	29747.7
0.999996	1	1	29903
0.998794	0.675436	0.940155	28113.4
0.836143	0.014473	0.0655227	1959.33
1.92005e-48	0	0	0
0.234768	0.0428149	0.0562891	1683.21
0.918782	0.303487	0.634949	18986.9
0.999992	4.53828e-15	1.54419e-13	4.6176e-09
0.623363	1	0.917981	27450.4
0.441471	1	0.802437	23995.3
0.536686	1	0.870688	26036.2
0.974982	1	0.999684	29893.6
0.40943	1	0.775046	23176.2
0.31564	0.0620658	0.0966341	2889.65
0.553793	0.726133	0.76846	22979.3
0.982488	1	0.999846	29898.4
0.314837	1	0.678694	20295
0.918852	1	0.996615	29801.8
0.0885807	1	0.303286	9069.17
0.415833	1	0.780715	23345.7
0.567554	1	0.889027	26584.6
0.791427	1	0.976556	29201.9
0.680492	1	0.94244	28181.8
0.65759	1	0.933234	27906.5
0.318751	1	0.683193	20429.5
0.966827	1	0.999444	29886.4
0.996325	1	0.999993	29902.8
1.69984e-05	0	0	0
0.775831	0.231916	0.488539	14608.8
0.929989	0.525837	0.838843	25083.9
0.916589	0.161833	0.431398	12900.1
0.85558	0.218532	0.500485	14966
0.895574	0.305176	0.627831	18774
0.788879	0.342365	0.623631	18648.4
0.896856	0.305032	0.62817	18784.2
0.820641	0.299361	0.59053	17658.6
0.84485	0.285617	0.584364	17474.2
0.973026	1	0.999633	29892
0.303082	0.330457	0.330616	9886.42
0.0166373	0.192779	0.0216248	646.648
0.39192	0.0216495	0.0489533	1463.85
0.997218	0.000915218	0.00730058	218.309
0.962679	0.194484	0.500911	14978.7
0.497577	2.10327e-05	0.000130477	3.90165
0.984557	0.0256986	0.118333	3538.52
0.642367	0.0420284	0.124513	3723.32
0.751064	0.712961	0.869936	26013.7
0.632746	0.303733	0.509156	15225.3
0.998709	0.401817	0.767704	22956.7
0.483255	0.309139	0.433415	12960.4
0.889233	1	0.993625	29712.4
0.329193	0.838709	0.631435	18881.8
0.536271	1	0.87043	26028.5
0.970823	1	0.99957	29890.1
0.932928	1	0.997699	29834.2
0.961142	0.905573	0.991211	29640.2
0.393399	0.0390237	0.0794692	2376.37
0.880815	3.26783e-38	2.51686e-36	7.52618e-32
0.997081	8.26117e-26	4.83998e-24	1.4473e-19
1	0.0253473	0.118501	3543.53
0.815509	0.0255593	0.101524	3035.87
0.992638	0.087554	0.29922	8947.56
0.999995	1.46153e-12	4.12902e-11	1.2347e-06
0.751204	0.37405	0.637686	19068.7
1	5.13354e-17	1.97683e-15	5.91132e-11
1	7.97128e-18	3.21806e-16	9.62297e-12
0.999973	0.00328541	0.0220717	660.011
0.999999	0.404001	0.770162	23030.2
0.992033	0.522926	0.859229	25693.5
0.85879	0.38255	0.694226	20759.5
0.155081	1	0.444122	13280.6
0.727954	0.823653	0.906282	27100.5
0.999975	0.344138	0.711225	21267.8
0.999993	1	1	29903
0.84255	0.663008	0.883895	26431.1
0.999991	0.0239532	0.113337	3389.12
0.0941347	0.792703	0.268287	8022.58
0.815051	1	0.981733	29356.8
1	1	1	29903
0.184691	1	0.496647	14851.2
0.999993	0.735878	0.961564	28753.6
0.886725	0.356696	0.680372	20345.2
0.664573	0.00282438	0.013661	408.505
0.91334	0.00151131	0.0104705	313.099
0.803356	0.162306	0.396023	11842.3
0.994238	1	0.999983	29902.5
0.812683	1	0.981245	29342.2
0.944063	1	0.998405	29855.3
0.00158784	8.24337e-06	2.50676e-07	0.00749597
0.540275	1	0.87291	26102.6
0.940241	1	0.998178	29848.5
0.955554	0.000859499	0.00665631	199.044
0.87875	0.000346548	0.00277022	82.8379
1	1.15e-14	3.80608e-13	1.13813e-08
0.48095	1	0.833002	24909.2
0.925917	1	0.997185	29818.8
0.616928	1	0.914906	27358.4
0.0413404	0.68263	0.128902	3854.56
0.718209	1	0.955932	28585.2
0.229455	3.72983e-06	1.28128e-05	0.38314
0.724551	1	0.958003	28647.2
0.863837	1.60915e-11	3.61398e-10	1.08069e-05
0.999992	4.31388e-15	1.47003e-13	4.39582e-09
1	3.50173e-11	8.78064e-10	2.62567e-05
0.999997	5.81559e-13	1.69658e-11	5.07328e-07
1	6.97609e-16	2.50434e-14	7.48872e-10
1	6.24403e-13	1.81714e-11	5.43379e-07
0.918011	2.30466e-15	7.36041e-14	2.20098e-09
0.438645	2.30091e-15	3.58593e-14	1.0723e-09
1	1.43936e-35	1.16914e-33	3.49607e-29
0.980836	0.497386	0.838006	25058.9
0.999998	2.28281e-35	1.84371e-33	5.51324e-29
1.6502e-07	9.26545e-151	5.53618e-155	1.65548e-150
0.373331	0.00175988	0.0054715	163.614
0.998204	1	0.999998	29903
0.605312	1	0.909186	27187.4
0.311406	1	0.674711	20175.9
0.678423	1	0.94164	28157.9
0.700264	1	0.949767	28400.9
0.725316	1	0.95825	28654.5
0.772841	1	0.971988	29065.4
0.554572	1	0.881525	26360.2
0.114528	0.798609	0.310226	9276.69
0.634786	1	0.923275	27608.7
0.675583	0.54925	0.73893	22096.2
0.972913	0.361192	0.718914	21497.7
0.835391	1	0.985641	29473.6
0.633215	1	0.92256	27587.3
0.977359	1	0.999742	29895.3
0.601547	1	0.907284	27130.5
0.523157	1	0.862097	25779.3
0.695192	1	0.947941	28346.3
0.790665	0.135857	0.34707	10378.4
0.990956	1	0.999959	29901.8
0.533324	1	0.868585	25973.3
0.973148	0.377336	0.735082	21981.2
0.976566	0.701209	0.944076	28230.7
0.999999	1.24551e-05	0.000153115	4.57859
0.994275	1	0.999984	29902.5
0.119087	1	0.372492	11138.6
0.265798	1	0.617985	18479.6
0.999658	1	1	29903
0.999997	1	1	29903
0.552382	1	0.880229	26321.5
0.921272	4.343e-13	1.1822e-11	3.53514e-07
0.984404	1.95323e-06	2.72297e-05	0.814249
0.767363	0.469759	0.72828	21777.8
0.674573	0.46968	0.680995	20363.8
0.893733	0.743795	0.936198	27995.1
0.56485	0.346781	0.515213	15406.4
0.663261	5.81811e-06	5.19609e-05	1.55379
0.436959	0.217861	0.319081	9541.46
0.964466	0.0185112	0.0897232	2682.99
0.676861	0.689126	0.822161	24585.1
0.268884	0.000322907	0.000898773	26.876
0.816593	1	0.982046	29366.1
0.869451	1	0.991081	29636.3
0.84771	1	0.987766	29537.2
0.322477	0.0279465	0.0514517	1538.56
0.650552	0.0158737	0.0575508	1720.94
0.841232	1	0.986671	29504.4
0.503828	1	0.849212	25394
0.667426	1	0.937284	28027.6
0.555692	1	0.882184	26379.9
0.258645	1	0.60841	18193.3
0.13339	1	0.402102	12024.1
0.248779	1	0.594877	17788.6
0.195203	1	0.51411	15373.4
0.51528	1	0.856933	25624.9
0.313372	1	0.676998	20244.3
0.319594	1	0.684157	20458.3
0.455631	1	0.813789	24334.7
0.425859	1	0.789392	23605.2
0.999368	1	1	29903
0.896647	1	0.994465	29737.5
0.976316	1	0.999717	29894.5
0.935262	1	0.997858	29838.9
0.74668	1	0.964799	28850.4
0.97224	1	0.999611	29891.4
0.978585	6.94669e-10	1.50297e-08	0.000449433
0.724404	1	0.957956	28645.8
0.0124162	0.0181192	0.00211464	63.234
0.884119	0.666816	0.901063	26944.5
0.855344	1	0.988993	29573.9
0.998313	1.41396e-15	4.9679e-14	1.48555e-09
0.397294	2.38422e-20	4.46204e-19	1.33429e-14
0.958453	1.22589e-06	1.72182e-05	0.514876
0.10696	8.00766e-08	1.67665e-07	0.00501369
0.925222	1.42352e-06	1.91503e-05	0.572653
0.615443	1.6784e-13	3.19196e-12	9.54492e-08
0.999997	1.52322e-12	4.29702e-11	1.28494e-06
0.957773	1.78644e-08	3.23099e-07	0.00966163
0.529679	1	0.866282	25904.4
0.70679	0.383966	0.625328	18699.2
0.152851	0.00711691	0.00851071	254.496
0.790878	0.146712	0.36595	10943
0.0335119	1	0.147314	4405.12
0.976296	1.62297e-06	2.27458e-05	0.680169
0.412542	3.29656e-57	1.79434e-55	5.36562e-51
0.0466238	3.15181e-60	2.07305e-59	6.19905e-55
0.790012	2.18907e-58	2.31742e-56	6.92979e-52
0.798474	1.36194e-58	1.46229e-56	4.37268e-52
0.900803	4.06218e-57	4.79176e-55	1.43288e-50
0.989467	1	0.999944	29901.3
0.713255	1	0.954275	28535.7
0.395149	0.461923	0.492982	14741.6
0.819073	1	0.982545	29381.1
0.310351	0.130294	0.170159	5088.26
0.662051	1	0.935089	27962
0.999997	8.78728e-06	0.00011109	3.32193
0.671716	1	0.939005	28079.1
0.948865	0.242718	0.568476	16999.1
9.72432e-05	1.31973e-21	7.48384e-24	2.23789e-19
0.788394	1	0.97584	29180.6
0.924023	1	0.997038	29814.4
0.965926	1	0.999413	29885.4
0.268414	0.697731	0.501003	14981.5
0.244822	0.376112	0.311701	9320.79
0.244647	0.115195	0.128766	3850.48
0.00230054	0.084252	0.00185075	55.3429
0.0540213	0.0700263	0.0248812	744.023
0.00838217	0.112621	0.00751937	224.852
0.136496	0.162375	0.106591	3187.4
0.926384	7.87988e-10	1.60873e-08	0.000481058
0.803153	0.389924	0.676761	20237.2
0.605391	0.116237	0.257128	7688.89
0.989676	0.454263	0.808988	24191.2
0.752326	0.193973	0.426793	12762.4
0.841852	0.617231	0.859791	25710.3
0.115733	1	0.365308	10923.8
0.999509	0.00273051	0.0188415	563.418
0.999509	0.00273051	0.0188415	563.418
0.995947	0.00273051	0.0187841	561.701
0.995947	0.00273051	0.0187841	561.701
0.969833	0.00273051	0.0183619	549.077
0.999999	1.71318e-05	0.000205146	6.13448
0.832496	9.67645e-06	0.000102541	3.06628
0.138995	1	0.413276	12358.2
0.999961	7.28696e-30	4.9616e-28	1.48367e-23
0.971718	0.00372519	0.0239681	716.718
0.999998	2.21177e-13	6.66621e-12	1.9934e-07
0.609758	0.00230941	0.0106536	318.573
0.633042	0.00402408	0.0177623	531.146
0.529709	0.845431	0.807592	24149.4
0.111911	1	0.357001	10675.4
0.831859	1	0.984998	29454.4
0.0197884	0.0551369	0.00853281	255.157
0.996011	0.259697	0.608432	18193.9
0.764883	0.146925	0.358029	10706.2
1	0.164078	0.460635	13774.4
0.999995	1.50116e-23	8.03916e-22	2.40395e-17
0.110581	1	0.35408	10588.1
0.6699	0.694912	0.821458	24564.1
0.199544	0.742517	0.431075	12890.4
0.522669	1	0.86178	25769.8
0.519097	1	0.85945	25700.1
0.0830197	1	0.289629	8660.77
0.0834584	1	0.29072	8693.39
0.940371	1	0.998186	29848.7
0.00289981	1.15426e-09	9.17885e-11	2.74475e-06
0.486381	1	0.836946	25027.2
0.874217	1	0.991735	29655.9
0.00515192	0.517303	0.0184625	552.085
0.908327	1	0.995663	29773.3
0.95919	1	0.999156	29877.8
0.919815	1	0.996696	29804.2
0.960498	1	0.999209	29879.4
0.96307	1	0.99931	29882.4
0.726421	1	0.958604	28665.1
0.555362	1	0.88199	26374.1
0.0424556	1	0.176586	5280.44
0.9574	1	0.999079	29875.5
0.949063	1	0.99868	29863.5
1	1	1	29903
0.933952	1	0.997769	29836.3
0.907046	1	0.995539	29769.6
0.908163	1	0.995648	29772.9
0.930813	1	0.997549	29829.7
0.99669	1	0.999995	29902.8
0.602098	2.76446e-05	0.000199794	5.97443
0.451927	0.235437	0.344795	10310.4
0.321456	1	0.686275	20521.7
0.506008	0.179471	0.308671	9230.18
0.356804	5.7994e-28	1.33974e-26	4.00622e-22
0.910496	1	0.995869	29779.5
0.954295	0.297424	0.64128	19176.2
0.999996	0.525192	0.86341	25818.5
0.810118	1	0.980709	29326.1
0.812058	0.444484	0.728761	21792.1
0.57293	1	0.892048	26674.9
0.976894	1	0.999731	29895
0.366569	0.603313	0.554855	16591.8
0.579667	1	0.89576	26785.9
0.75307	1	0.966639	28905.4
1	1	1	29903
0.0908489	1	0.308755	9232.71
0.593455	1	0.903116	27005.9
0.988375	1	0.999932	29901
0.999995	1	1	29903
0.296938	0.0799652	0.112559	3365.86
0.999996	1	1	29903
0.99381	1	0.999981	29902.4
0.858623	1	0.989499	29589
0.478535	1	0.831227	24856.2
0.343377	1	0.710421	21243.7
0.951066	0.864012	0.983072	29396.8
0.849622	1	0.98808	29546.5
0.994976	1	0.999987	29902.6
0.913346	1	0.996132	29787.3
0.869374	1	0.991071	29636
0.947475	1	0.998596	29861
0.999998	1	1	29903
0.601482	1	0.907251	27129.5
0.889487	1	0.993655	29713.3
0.893206	1	0.994083	29726.1
0.928215	1	0.997359	29824
1	1	1	29903
0.857972	1	0.989399	29586
0.880222	1	0.992522	29679.4
0.984485	1	0.999879	29899.4
0.388309	1	0.755631	22595.6
0.000262719	1	0.00242869	72.6251
0.411963	0.0172178	0.0421942	1261.73
0.87877	0.199708	0.480887	14380
0.294857	1	0.654955	19585.1
0.648206	1	0.929233	27786.9
0.0794324	0.820793	0.243209	7272.67
0.778735	1	0.973484	29110.1
0.142394	0.673634	0.320783	9592.38
0.951018	0.0153427	0.0762729	2280.79
0.979547	0.0572885	0.217751	6511.41
0.718382	0.503419	0.729474	21813.5
0.651252	0.261426	0.471682	14104.7
0.109481	0.347255	0.162325	4854.01
0.980828	0.220057	0.546767	16350
0.982496	0.502688	0.8423	25187.3
0.785397	0.0069312	0.0338236	1011.43
0.965515	0.000118859	0.00115594	34.5661
0.930296	0.000145067	0.00133748	39.9947
0.0196471	0.00130437	0.000296552	8.86781
0.962694	0.00118605	0.00887768	265.469
0.999992	0.45493	0.813235	24318.2
0.435582	1	0.797582	23850.1
0.971535	0.428037	0.780732	23346.2
0.0741499	0.0425103	0.0213074	637.155
0.999842	1	1	29903
1	9.90489e-18	3.97716e-16	1.18929e-11
0.838675	0.0547692	0.187435	5604.86
0.969567	2.97381e-05	0.000330253	9.87556
0.367665	0.740667	0.626545	18735.6
0.970477	1	0.99956	29889.8
0.919417	0.121707	0.356976	10674.7
0.558547	1	0.883854	26429.9
0.892631	0.542035	0.835106	24972.2
0.175247	1	0.480449	14366.9
0.994523	1	0.999985	29902.6
0.424117	0.834764	0.721653	21579.6
1	0.123312	0.381409	11405.3
0.84189	0.0779728	0.244428	7309.12
0.999995	0.0779329	0.276809	8277.43
0.710615	0.312962	0.556722	16647.7
0.812271	0.0159658	0.06932	2072.88
0.697035	0.0158491	0.0608221	1818.76
0.717745	0.0159482	0.0626143	1872.36
0.999923	0.695983	0.948209	28354.3
0.995735	0.174951	0.478633	14312.6
0.606509	1	0.909785	27205.3
0.5423	1	0.874153	26139.8
1	0.396564	0.763353	22826.5
0.273255	0.17472	0.192974	5770.5
0.959569	8.51953e-05	0.000851175	25.4527
0.839484	1	0.986367	29495.3
0.832535	1	0.985122	29458.1
0.110981	0.000486746	0.000584826	17.4881
0.993436	0.0984429	0.325161	9723.28
0.877634	0.78033	0.944102	28231.5
0.949126	0.0262089	0.116763	3491.55
0.868088	4.21428e-09	7.47266e-08	0.00223455
0.997991	1.97616e-10	4.6044e-09	0.000137685
0.94372	3.7922e-07	5.66988e-06	0.169546
0.534078	8.17137e-43	4.30034e-41	1.28593e-36
0.999999	2.76556e-34	2.16462e-32	6.47286e-28
1.17404e-12	0	0	0
0.507813	0.00186225	0.00753097	225.199
0.959904	1	0.999185	29878.6
0.849721	0.0816071	0.254399	7607.28
0.540474	0.219285	0.37128	11102.4
0.954189	6.08285e-19	2.49525e-17	7.46155e-13
0.722662	0.748865	0.873464	26119.2
0.293189	0.00340289	0.00789179	235.988
0.488784	0.221977	0.349477	10450.4
0.392994	0.221977	0.300016	8971.37
0.392994	0.221977	0.300016	8971.37
0.488784	0.221977	0.349477	10450.4
0.975117	0.554571	0.873215	26111.8
0.82009	0.35783	0.653237	19533.7
0.897502	0.203682	0.493452	14755.7
0.999999	9.64158e-07	1.43197e-05	0.428201
0.365374	1	0.733245	21926.2
0.999996	0.753296	0.966702	28907.3
0.535979	0.864051	0.81961	24508.8
0.999998	1	1	29903
0.834675	0.0525357	0.180969	5411.51
0.435425	1.5473e-11	1.80044e-10	5.38385e-06
0.759071	2.50822e-05	0.000225976	6.75737
0.675442	0.652642	0.801905	23979.4
0.9725	0.478937	0.821645	24569.6
0.414477	0.0122555	0.0319128	954.289
0.733083	0.61044	0.807328	24141.5
0.312776	1	0.676306	20223.6
0.776531	0.0119434	0.0526833	1575.39
0.448262	0.627035	0.637798	19072.1
0.892356	0.610494	0.875663	26185
0.746135	0.251898	0.502124	15015
0.204034	0.729444	0.432346	12928.4
0.639566	0.0234606	0.078015	2332.88
0.00161928	0.0037846	7.96842e-05	2.3828
0.000812975	0.00381471	4.24367e-05	1.26899
0.0046287	0.00381566	0.000210952	6.30809
0.00201808	0.00379429	9.78576e-05	2.92624
0.00168592	0.00842888	0.00017282	5.16785
0.991392	0.757095	0.965928	28884.1
0.782666	0.663725	0.859698	25707.6
0.0842451	0.00354064	0.00271957	81.3234
0.369484	0.00277513	0.00808265	241.695
0.0937519	0.00352295	0.00297768	89.0417
0.592248	1	0.902485	26987
0.842765	0.741	0.918512	27466.3
0.517032	1	0.858093	25659.5
0.949238	0.236872	0.560395	16757.5
0.891381	1	0.993875	29719.8
0.999998	9.97379e-12	2.6262e-10	7.85312e-06
0.111579	0.104421	0.0635262	1899.62
0.936513	0.215248	0.524429	15682
0.849505	0.183875	0.446209	13343
0.99993	4.389e-57	5.73902e-55	1.71614e-50
0.895847	1	0.994377	29734.9
0.963389	1	0.999321	29882.7
0.974916	1	0.999683	29893.5
0.963545	0.0729019	0.256797	7679.01
0.975564	0.137751	0.404102	12083.9
0.994359	0.1156	0.363611	10873.1
0.911267	1	0.995941	29781.6
0.996861	0.150001	0.433676	12968.2
0.670305	1	0.938442	28062.2
0.965728	1	0.999406	29885.2
0.971335	1	0.999585	29890.6
0.906012	0.00597525	0.0336666	1006.73
0.6733	1	0.939634	28097.9
0.985067	1	0.999888	29899.6
0.664786	1	0.936211	27995.5
0.901329	1	0.994964	29752.4
0.996287	1	0.999993	29902.8
0.910018	0.00113731	0.00814874	243.672
1	0.000508156	0.00436237	130.448
0.997274	0.0345277	0.150431	4498.33
0.901019	0.799434	0.956623	28605.9
0.888753	1.122e-05	0.000124804	3.73202
0.99291	0.00277108	0.0189729	567.345
0.697125	0.530391	0.737624	22057.2
0.981865	4.13939e-05	0.000451574	13.5034
0.403338	0.021871	0.0505517	1511.65
0.711301	0.0399885	0.129699	3878.39
0.998384	0.00182852	0.0133373	398.826
0.629074	4.43642e-23	1.47727e-21	4.4175e-17
0.979136	9.99152e-16	3.47893e-14	1.0403e-09
0.799655	0.137665	0.352986	10555.3
0.698422	1.05818e-12	2.13833e-11	6.39426e-07
0.964671	1	0.999368	29884.1
0.882728	1	0.992838	29688.8
0.707144	1	0.952184	28473.2
0.726338	1	0.958577	28664.3
0.194207	1	0.512479	15324.7
0.983276	1	0.999859	29898.8
0.958328	1	0.999119	29876.7
0.732709	1	0.960586	28724.4
0.445833	1	0.805982	24101.3
0.711427	0.0564739	0.169324	5063.31
0.417968	0.156659	0.243975	7295.58
0.596523	0.380943	0.563954	16863.9
0.52425	1	0.862804	25800.4
0.999958	0.62225	0.917441	27434.3
1	0.112271	0.357791	10699
0.982332	1	0.999843	29898.3
0.0964738	1	0.322076	9631.05
0.778213	1	0.973354	29106.2
0.999241	1	1	29903
0.999914	1	1	29903
0.669751	1	0.93822	28055.6
0.773281	0.22989	0.484825	14497.7
0.546812	3.20739e-06	2.49987e-05	0.747535
0.831807	1.31337e-19	4.87904e-18	1.45898e-13
0.986071	1.96213e-11	4.96633e-10	1.48508e-05
0.528399	6.75379e-11	8.94182e-10	2.67387e-05
0.999987	1.69705e-06	2.42448e-05	0.724992
0.799064	1	0.978305	29254.3
0.986346	1	0.999906	29900.2
0.831143	1	0.984866	29450.4
0.55258	1	0.880347	26325
0.98464	0.917738	0.995201	29759.5
0.689521	1	0.945856	28283.9
0.965427	1	0.999395	29884.9
0.966027	1	0.999416	29885.5
0.636386	1	0.924	27630.4
0.495758	1	0.843615	25226.6
0.558001	1	0.883536	26420.4
0.620202	1	0.916479	27405.5
0.637263	1	0.924396	27642.2
0.857818	1	0.989376	29585.3
0.669304	1	0.938041	28050.2
0.559386	1	0.884342	26444.5
0.0396241	1	0.167543	5010.04
0.561711	1	0.885688	26484.7
0.981853	1	0.999834	29898
0.962958	1	0.999305	29882.2
0.510997	1	0.854076	25539.4
0.806865	1	0.980017	29305.5
0.788047	0.125625	0.327947	9806.6
0.439123	5.59702e-05	0.000285438	8.53547
0.609397	0.00150475	0.00733078	219.212
0.981493	0.000267239	0.00242518	72.5201
0.892476	0.000265559	0.00221539	66.2467
0.997504	0.0344388	0.150159	4490.2
1	4.15131e-06	5.55948e-05	1.66245
0.999999	3.80891e-05	0.000425668	12.7287
1	1.62478e-07	2.70245e-06	0.0808114
1	0.0020087	0.0144832	433.092
1	1.09912e-06	1.61801e-05	0.483835
0.999998	4.19084e-06	5.60843e-05	1.67709
0.792184	0.0156935	0.0669778	2002.84
0.98177	0.0313376	0.137874	4122.86
0.15815	1	0.449811	13450.7
0.66581	1	0.936629	28008
0.686684	0.0413682	0.129567	3874.45
0.664147	0.022601	0.0780392	2333.61
0.927445	0.0426639	0.167364	5004.67
0.899869	0.0612964	0.214983	6428.65
0.00812008	1	0.0472054	1411.58
0.79707	0.121166	0.322319	9638.31
0.86927	0.0308175	0.123758	3700.73
0.540633	0.0308246	0.084898	2538.71
0.942201	0.0129108	0.065801	1967.65
0.413288	1	0.778473	23278.7
0.945305	1	0.998476	29857.4
0.593016	1	0.902887	26999
0.721538	1	0.957027	28618
0.991946	8.52526e-28	5.35619e-26	1.60166e-21
1	1.03043e-05	0.000128628	3.84635
0.538493	4.03879e-06	3.05319e-05	0.912995
0.104026	0.0842771	0.0502943	1503.95
0.914589	1.31191e-05	0.000147951	4.42418
0.950439	1.30076e-05	0.000152074	4.54746
0.246685	4.30103e-05	0.000132134	3.9512
1	2.85081e-41	2.68998e-39	8.04383e-35
0.788319	1	0.975823	29180
0.999988	0.774057	0.972298	29074.6
0.901025	1	0.994932	29751.4
0.209154	3.14402e-07	1.15323e-06	0.0344849
0.824857	0.501541	0.778838	23289.6
0.919807	1	0.996695	29804.2
0.519564	0.00502411	0.0181374	542.363
0.418106	3.59762e-06	2.16712e-05	0.648034
0.0502192	1	0.200443	5993.84
0.869695	1	0.991116	29637.3
0.584063	1	0.898141	26857.1
0.970443	1	0.999559	29889.8
0.978195	0.647426	0.922603	27588.6
0.559328	1	0.884308	26443.5
0.366897	0.850352	0.675392	20196.3
0.910352	1	0.995856	29779.1
0.497671	1	0.844954	25266.7
0.497671	1	0.844954	25266.7
0.807912	1	0.980241	29312.2
0.900991	0.0359419	0.143462	4289.94
0.989512	0.780355	0.971815	29060.2
0.989646	0.000225339	0.00209811	62.7398
0.280163	9.94342e-08	5.12476e-07	0.0153246
0.979309	1	0.999784	29896.6
0.976257	1	0.999716	29894.5
0.919605	1	0.996678	29803.7
5.31949e-05	0.499033	0.000306252	9.15784
0.778171	1	0.973343	29105.9
0.972303	1	0.999613	29891.4
0.691403	0.15969	0.353705	10576.8
0.999999	9.2537e-06	0.000116508	3.48395
0.611495	1	0.912258	27279.2
0.90742	1	0.995576	29770.7
0.301121	0.0353204	0.0589595	1763.07
0.824374	0.159781	0.398725	11923.1
0.185165	0.159781	0.133741	3999.27
0.21379	1	0.543617	16255.8
0.771614	0.760494	0.89961	26901
0.53131	0.00345769	0.0134101	401.001
0.996481	1.11341e-09	2.39865e-08	0.000717268
0.914157	1	0.996205	29789.5
0.650585	1	0.930261	27817.6
0.978399	1	0.999765	29896
0.981336	1	0.999825	29897.8
0.29273	0.844728	0.592784	17726
0.998969	1	0.999999	29903
0.105659	1	0.343132	10260.7
1	1.37395e-08	2.62466e-07	0.00784851
0.279112	1	0.635299	18997.3
0.665696	1	0.936582	28006.6
0.730521	1	0.959902	28704
0.867547	1	0.990813	29628.3
0.640131	1	0.925682	27680.7
0.79326	0.30379	0.583911	17460.7
0.999998	2.65978e-14	8.57988e-13	2.56564e-08
0.995517	1.78299e-31	1.27456e-29	3.81133e-25
0.980369	1	0.999806	29897.2
0.950772	1	0.998768	29866.2
0.974478	0.630921	0.913884	27327.9
0.979631	0.630929	0.91546	27375
0.946665	1	0.998552	29859.7
0.757777	0.814112	0.9149	27358.3
0.815717	1	0.981869	29360.8
0.783469	1	0.974654	29145.1
0.549028	1	0.878228	26261.7
0.286118	1	0.644152	19262.1
0.208687	1	0.535682	16018.5
0.236094	1	0.576901	17251.1
0.808088	1	0.980279	29313.3
0.596321	1	0.904605	27050.4
0.961515	1	0.99925	29880.6
0.999661	1.13094e-54	1.41565e-52	4.23321e-48
0.577689	0.135119	0.277127	8286.93
1	4.97032e-12	1.34335e-10	4.01703e-06
0.955638	0.135691	0.394557	11798.4
0.928954	0.000255599	0.00221902	66.3553
0.940147	0.00295308	0.0191196	571.732
0.664155	1	0.935954	27987.8
0.28296	1	0.640182	19143.4
0.99999	0.792073	0.976705	29206.4
0.999983	0.299606	0.660711	19757.2
0.998676	1	0.999999	29903
0.0698586	0.858749	0.228779	6841.19
0.784131	1	0.974815	29149.9
0.848514	1	0.987898	29541.1
0.771068	1	0.971529	29051.6
0.99808	1	0.999998	29902.9
0.832681	0.584793	0.837354	25039.4
0.528675	7.45746e-19	1.71018e-17	5.11396e-13
0.910337	1	0.995854	29779
0.694715	1	0.947767	28341.1
0.540266	0.0656046	0.15382	4599.67
0.451292	0.155688	0.256841	7680.31
0.932102	1	0.997641	29832.5
0.631615	1	0.921827	27565.4
0.295215	1	0.655393	19598.2
0.912741	1	0.996077	29785.7
0.129117	0.00919811	0.0091873	274.728
0.994104	0.0931873	0.313029	9360.5
0.196442	0.598931	0.369437	11047.3
0.850396	0.774266	0.933587	27917
0.740318	1	0.962913	28794
1	0.00613879	0.0374044	1118.51
0.0237956	0.0104786	0.00231807	69.3172
0.114779	0.0604722	0.0414395	1239.17
0.370259	1	0.738131	22072.3
0.624605	1	0.918567	27467.9
0.735949	1	0.961587	28754.3
0.356675	1	0.724382	21661.2
0.00167966	1	0.0124113	371.134
0.019998	1	0.0982325	2937.45
0.873375	1	0.991622	29652.5
0.43395	1	0.796223	23809.5
0.946179	1	0.998525	29858.9
0.875628	1	0.991924	29661.5
0.997982	1	0.999998	29902.9
0.911507	1	0.995964	29782.3
0.937318	1	0.997993	29843
0.921447	1	0.996831	29808.2
0.550776	1	0.879273	26292.9
0.345939	1	0.71315	21325.3
0.725799	1	0.958405	28659.2
0.785226	1	0.975081	29157.8
0.905555	0.00413081	0.0246454	736.971
0.951793	0.12759	0.377474	11287.6
0.153978	8.60227e-11	3.45012e-10	1.03169e-05
0.99047	0.113174	0.357406	10687.5
0.994942	0.783435	0.973669	29115.6
0.999789	0.113253	0.359881	10761.5
0.396404	0.00110336	0.00382035	114.24
0.211198	0.0113109	0.0168102	502.674
0.902222	0.000289351	0.002415	72.2156
0.406116	0.151614	0.23321	6973.67
0.734017	0.216102	0.450683	13476.8
0.917382	0.00536847	0.0310933	929.784
0.56743	1	0.888958	26582.5
0.982482	0.0852492	0.291458	8715.46
0.972948	0.0523781	0.202657	6060.05
0.98218	0.00658437	0.0390676	1168.24
0.894295	0.000815021	0.00599423	179.246
0.959725	0.000219831	0.00199664	59.7056
0.929074	3.97631e-05	0.000413987	12.3794
0.945524	0.00234009	0.0157396	470.66
0.931244	0.507633	0.826914	24727.2
0.210149	1	0.537969	16086.9
0.545266	0.855418	0.822152	24584.8
0.157819	0.850278	0.40371	12072.1
0.774539	0.0500718	0.164818	4928.54
0.780422	2.14794e-05	0.000201095	6.01334
0.77461	0.555139	0.792921	23710.7
0.66911	3.21507e-08	4.01305e-07	0.0120002
0.993934	1	0.999982	29902.4
1	1	1	29903
0.978168	1	0.99976	29895.8
0.944497	0.0997313	0.316722	9470.95
0.708826	0.138117	0.325403	9730.51
0.955074	1	0.998975	29872.4
0.981862	1	0.999834	29898.1
0.992914	1	0.999975	29902.2
0.985665	1	0.999897	29899.9
0.951708	1	0.998815	29867.6
0.991211	1	0.999961	29901.8
0.995205	1	0.999988	29902.7
0.992275	1	0.99997	29902.1
0.801901	1	0.978937	29273.1
0.994562	1	0.999985	29902.6
1	1	1	29903
0.982859	1	0.999852	29898.6
0.982443	1	0.999845	29898.4
0.211981	0.00788638	0.0123608	369.626
0.940656	1	0.998203	29849.3
0.922785	1	0.996939	29811.5
0.78761	0.00137713	0.00848897	253.846
0.99847	0.0874928	0.300316	8980.36
0.785972	0.279067	0.552106	16509.6
0.403624	1	0.769821	23019.9
0.934964	1	0.997838	29838.3
0.142259	0.051642	0.043444	1299.1
1	1	1	29903
0.482588	1	0.834198	24945
0.969819	1	0.99954	29889.2
0.986997	0.0318437	0.140176	4191.69
0.489377	1	0.839096	25091.5
0.394612	1	0.761543	22772.4
0.11405	0.023802	0.0187556	560.849
0.899884	0.182598	0.461066	13787.3
0.999997	0.754673	0.967091	28918.9
0.61503	1	0.913987	27330.9
0.929014	1	0.997419	29825.8
0.468475	0.0765958	0.155284	4643.46
0.294396	0.114979	0.148457	4439.32
0.972215	1	0.99961	29891.3
0.00132672	2.7153e-160	1.35107e-160	4.04009e-156
0.919931	0.0380396	0.152313	4554.63
0.515477	0.000192457	0.00101373	30.3136
0.797663	0.042319	0.148143	4429.91
0.451868	1	0.810816	24245.8
0.936689	1	0.997952	29841.8
0.240992	1	0.583922	17461
0.768697	0.844953	0.929799	27803.8
0.723378	1	0.957625	28635.9
0.411764	0.301523	0.383173	11458
0.245116	1	0.589755	17635.4
0.595229	1	0.904039	27033.5
0.190008	1	0.505553	15117.5
0.252361	1	0.599836	17936.9
0.65678	0.0547691	0.155577	4652.22
0.928658	0.29806	0.632334	18908.7
0.889955	1	0.99371	29714.9
0.000108704	0.0397643	5.77133e-05	1.7258
0.000476508	1	0.00412133	123.24
0.595317	0.733318	0.798391	23874.3
0.52432	1	0.862849	25801.8
0.933062	1	0.997708	29834.5
0.859866	0.790296	0.942076	28170.9
0.346303	1	0.713537	21336.9
0.733108	0.0214403	0.0809942	2421.97
1	1	1	29903
0.679954	1	0.942233	28175.6
0.754811	0.752922	0.889457	26597.4
0.664723	1	0.936186	27994.8
1	1	1	29903
0.406167	1	0.77212	23088.7
0.312298	0.719592	0.560215	16752.1
0.629189	1	0.920707	27531.9
0.459428	1	0.816758	24423.5
0.459428	1	0.816758	24423.5
0.353427	1	0.721019	21560.6
0.575788	1	0.893632	26722.3
0.804208	0.850295	0.943711	28219.8
0.982535	1	0.999847	29898.4
0.445152	1	0.805431	24084.8
0.767867	1	0.97069	29026.6
0.961021	1	0.99923	29880
0.308278	0.497334	0.440825	13182
0.483183	0.0306004	0.0770935	2305.33
0.999995	4.57549e-14	1.45113e-12	4.33932e-08
0.999995	0.0035798	0.0237427	709.979
0.788713	0.0159785	0.0677238	2025.14
0.783588	0.722196	0.888091	26556.6
0.990866	0.67448	0.937645	28038.4
0.610053	0.000518883	0.00286729	85.7406
0.995254	0.0322869	0.142604	4264.3
0.997019	0.349906	0.716242	21417.8
0.518178	0.000750952	0.0034444	102.998
0.814159	0.00127086	0.00814672	243.611
0.986754	0.315428	0.674528	20170.4
0.963442	7.42992e-05	0.000754818	22.5713
0.949479	1	0.998702	29864.2
0.967319	0.789871	0.969675	28996.2
0.834153	1	0.985417	29466.9
0.598439	1	0.905696	27083
0.41599	1	0.780853	23349.8
0.614522	1	0.913739	27323.5
0.900646	0.831744	0.965504	28871.5
0.907373	1	0.995571	29770.6
0.968951	1	0.999513	29888.4
0.996648	1	0.999994	29902.8
0.980468	0.0340124	0.146757	4388.47
0.946023	0.035777	0.148446	4438.98
0.604933	0.0965135	0.224237	6705.35
0.155009	0.0401896	0.0378671	1132.34
0.12551	0.000367552	0.000506707	15.1521
0.252514	2.94732e-07	1.29598e-06	0.0387536
0.691769	1	0.946688	28308.8
0.0441036	0.617821	0.125417	3750.35
0.953868	1.72933e-05	0.000198151	5.92531
0.705847	8.93014e-06	8.17819e-05	2.44552
0.728222	8.92481e-06	8.41251e-05	2.51559
0.721712	4.62851e-06	4.54616e-05	1.35944
0.455891	2.41339e-06	1.61956e-05	0.484296
0.437599	4.63382e-06	2.86088e-05	0.855488
0.612114	2.39458e-06	2.11554e-05	0.632611
0.446836	1.25882e-06	8.65714e-06	0.258875
0.715519	3.63408e-07	4.20266e-06	0.125672
0.559261	0.206323	0.364564	10901.5
0.855754	0.10032	0.296623	8869.91
0.878058	0.539836	0.827869	24755.8
0.974979	0.876522	0.988875	29570.3
0.928023	0.540059	0.847395	25339.7
0.71202	0.398294	0.640982	19167.3
0.764935	0.560908	0.792111	23686.5
1	0.131798	0.398885	11927.9
0.625404	0.695145	0.796887	23829.3
0.99984	0.00696491	0.0415532	1242.56
0.835349	1	0.985633	29473.4
0.872483	1	0.9915	29648.8
0.853357	1	0.98868	29564.5
0.976887	1	0.999731	29895
0.0962345	1	0.321516	9614.3
0.947262	0.725574	0.94503	28259.2
0.430648	1	0.793453	23726.6
0.971652	1	0.999594	29890.9
0.988764	1	0.999937	29901.1
0.862831	0.0105087	0.0517113	1546.32
0.888094	0.0480338	0.177226	5299.59
0.859697	0.586945	0.849738	25409.7
0.962716	0.0764275	0.265573	7941.43
0.825401	0.274097	0.562468	16819.5
0.916355	0.232311	0.54221	16213.7
0.894585	0.383371	0.709974	21230.3
0.957129	0.212866	0.527872	15785
0.992112	0.214251	0.541718	16199
0.944434	0.123437	0.367127	10978.2
0.397898	0.725959	0.647568	19364.2
0.584471	1	0.89836	26863.7
0.999999	0.0811411	0.284932	8520.33
0.972442	1	0.999617	29891.5
0.803511	0.0122754	0.0554216	1657.27
0.888986	0.853519	0.968232	28953.1
0.14843	0.446826	0.24627	7364.2
0.546579	1	0.876754	26217.6
0.538814	0.522005	0.638036	19079.2
0.555669	0.746066	0.779601	23312.4
0.999965	5.66483e-06	7.41005e-05	2.21583
0.991005	0.361536	0.726037	21710.7
0.999994	0.104632	0.340816	10191.4
0.910136	1	0.995836	29778.5
0.318988	1	0.683465	20437.6
0.303194	1	0.66502	19886.1
0.699707	1	0.949568	28394.9
0.820079	0.0312544	0.119542	3574.66
0.569287	1	0.890007	26613.9
0.969827	0.0711771	0.253561	7582.22
0.744857	1	0.964264	28834.4
1	0.418842	0.783344	23424.3
0.859446	1	0.989624	29592.7
0.97918	1	0.999782	29896.5
0.0681882	1	0.251306	7514.82
1	1	1	29903
0.950747	1	0.998767	29866.1
0.921205	1	0.996811	29807.6
0.392802	0.628849	0.592415	17715
0.591009	0.628892	0.739541	22114.5
0.461267	0.629075	0.649196	19412.9
0.492499	0.629073	0.672853	20120.3
0.145847	0.628893	0.310846	9295.22
0.428931	0.628876	0.623185	18635.1
0.33035	0.629028	0.53429	15976.9
0.0816742	1	0.286269	8560.31
0.46199	0.628934	0.649677	19427.3
0.986222	1	0.999905	29900.1
0.976139	1	0.999713	29894.4
0.212858	1	0.542177	16212.7
0.955822	0.133303	0.389927	11660
0.99999	1	1	29903
0.887065	1	0.993368	29704.7
0.716123	0.838289	0.906657	27111.8
0.393578	0.0477803	0.0935303	2796.84
0.984402	1	0.999878	29899.3
0.111248	0.0331125	0.0243266	727.439
0.765215	0.195566	0.433903	12975
0.860749	1	0.98982	29598.6
0.291403	2.16023e-06	9.61769e-06	0.287598
0.428921	0.0502092	0.104191	3115.62
1	6.20376e-07	9.48737e-06	0.283701
0.468169	0.0080196	0.0247228	739.285
1	1	1	29903
0.9033	1	0.995166	29758.5
0.656033	1	0.93258	27886.9
0.235935	1	0.576671	17244.2
0.888719	1	0.993565	29710.6
0.716523	1	0.955372	28568.5
0.651308	1	0.930571	27826.9
0.849113	1	0.987996	29544.1
0.998708	1	0.999999	29903
0.690726	1	0.946303	28297.3
1	1	1	29903
0.323366	1	0.688437	20586.3
0.528827	1	0.865739	25888.2
0.724663	1	0.95804	28648.3
0.98013	1	0.999801	29897.1
0.81618	1	0.981963	29363.6
0.025542	1	0.119215	3564.9
0.23777	1	0.579315	17323.3
0.16451	1	0.461415	13797.7
0.308963	1	0.67185	20090.3
0.418961	1	0.783447	23427.4
0.064781	1	0.24207	7238.61
0.364673	1	0.732538	21905.1
0.492702	1	0.841462	25162.2
0.521874	1	0.861264	25754.4
0.423555	1	0.787419	23546.2
0.0979909	1	0.325612	9736.78
0.0527001	1	0.207804	6213.96
0.0103566	1	0.0576875	1725.03
0.564978	1	0.887563	26540.8
0.353804	1	0.72141	21572.3
0.623969	1	0.918267	27458.9
0.382729	0.0160994	0.037521	1121.99
1	0.0027796	0.0191388	572.307
0.999526	0.00299596	0.0203957	609.893
0.777361	0.000851218	0.00550584	164.641
0.899719	1.83619e-06	2.36467e-05	0.707107
0.928074	1	0.997349	29823.7
0.99998	0.0646589	0.241732	7228.52
0.492311	1	0.841184	25153.9
0.167996	1	0.46767	13984.7
0.0447378	1	0.183735	5494.24
0.585949	0.197492	0.36528	10923
0.88326	0.60702	0.870358	26026.3
0.1214	0.85525	0.338999	10137.1
0.779959	1	0.97379	29119.2
0.999438	1	1	29903
0.945708	0.790315	0.965011	28856.7
0.788623	0.753656	0.903583	27019.8
0.459454	0.823624	0.746147	22312
0.75462	1	0.967076	28918.5
0.990378	1	0.999954	29901.6
0.91278	0.00130757	0.00922695	275.913
0.879921	0.000400514	0.00315441	94.3263
0.898326	1.99811e-06	2.55431e-05	0.763816
1	1.99488e-06	2.81776e-05	0.842594
0.148359	5.71535e-11	2.24643e-10	6.7175e-06
0.23386	9.73134e-12	6.32862e-11	1.89245e-06
0.136819	8.8602e-13	3.72657e-12	1.11436e-07
0.183589	1.77022e-12	9.67017e-12	2.89167e-07
0.233224	1.33373e-08	6.40419e-08	0.00191504
0.250621	8.44825e-10	4.92819e-09	0.000147368
0.758618	1.37798e-07	1.78482e-06	0.0533716
0.859439	1.02915e-08	1.72859e-07	0.00516901
0.917324	9.4462e-05	0.000897163	26.8279
0.728884	1	0.959387	28688.5
0.469344	0.00179869	0.00681873	203.9
0.650327	0.00185228	0.00930134	278.138
0.999998	1	1	29903
0.408136	5.0156e-06	2.88616e-05	0.863048
0.978683	0.324633	0.682004	20394
0.368426	0.0452156	0.0848727	2537.95
0.204333	0.00804456	0.0121816	364.266
0.985837	0.22613	0.55752	16671.5
0.994539	0.451903	0.808877	24187.9
0.984054	0.31172	0.669242	20012.3
0.993379	0.631658	0.919911	27508.1
0.991304	0.466541	0.819125	24494.3
0.986808	0.373704	0.736652	22028.1
0.407389	0.00558371	0.0161185	481.993
0.722628	0.311318	0.560574	16762.8
0.872583	0.456854	0.765271	22883.9
0.999988	1.14661e-15	4.05916e-14	1.21381e-09
0.402467	1	0.768769	22988.5
0.633149	0.823214	0.860836	25741.6
0.886584	0.823119	0.959665	28696.9
0.460129	0.0156961	0.0428322	1280.81
0.900219	1	0.994848	29748.9
0.0644509	1	0.241166	7211.58
0.589009	1	0.900779	26936
0.731589	0.121489	0.304012	9090.87
0.762785	0.00257	0.0141824	424.098
0.87095	0.0313001	0.125463	3751.71
0.999971	1.15811e-15	4.09865e-14	1.22562e-09
0.927573	1	0.997311	29822.6
0.535287	1	0.869816	26010.1
0.500459	1	0.846891	25324.6
0.084914	0.00927428	0.0064156	191.846
0.789063	0.734223	0.895586	26780.7
0.36488	1	0.732748	21911.4
0.296675	1	0.657171	19651.4
0.364457	1	0.732321	21898.6
0.50621	1	0.85084	25442.7
0.56819	1	0.889387	26595.4
0.591121	1	0.901893	26969.3
0.585314	1	0.898812	26877.2
0.175784	1	0.481384	14394.8
0.382534	1	0.750125	22431
0.396157	1	0.762977	22815.3
0.906057	1	0.995442	29766.7
0.0131242	1.04985e-06	2.63169e-07	0.00786956
0.61091	0.00153791	0.00748813	223.918
0.0721395	3.79721e-06	4.4131e-06	0.131965
0.999983	0.310105	0.673184	20130.2
0.108962	3.77168e-06	6.45418e-06	0.192999
0.159586	3.76984e-06	9.21894e-06	0.275674
0.159586	3.76984e-06	9.21894e-06	0.275674
0.650739	3.76984e-06	3.41437e-05	1.021
0.270759	3.76984e-06	1.51015e-05	0.451581
0.159586	3.76984e-06	9.21894e-06	0.275674
0.511454	3.76984e-06	2.72999e-05	0.81635
0.738631	0.773749	0.891258	26651.3
0.999383	0.000154526	0.00150968	45.144
0.705844	0.000154638	0.00110491	33.04
0.291551	1	0.6509	19463.9
0.901073	1	0.994937	29751.6
0.999999	1	1	29903
0.835944	1	0.98574	29476.6
0.999905	0.000702622	0.00580366	173.547
1	1	1	29903
0.961481	1	0.999248	29880.5
0.732649	0.647331	0.828062	24761.6
0.714817	1	0.954801	28551.4
0.537545	1	0.871222	26052.1
0.999995	0.790267	0.976283	29193.8
1	0.0104401	0.0580688	1736.43
0.00188348	6.39988e-08	2.87356e-09	8.59282e-05
0.0548674	2.52682e-08	2.96641e-08	0.000887047
0.811364	0.418728	0.706516	21126.9
0.146247	4.44941e-08	1.29169e-07	0.00386253
0.327794	1	0.693406	20734.9
0.724998	1	0.958148	28651.5
0.997222	1	0.999996	29902.9
1	0.326576	0.692044	20694.2
0.999028	1	1	29903
0.999929	1	1	29903
0.725187	1	0.958208	28653.3
0.554052	1	0.881218	26351.1
0.804353	1	0.979474	29289.2
0.837779	1	0.986067	29486.3
0.1563	1	0.446389	13348.4
0.382095	1	0.749704	22418.4
0.993684	1	0.99998	29902.4
0.957263	1	0.999073	29875.3
0.676405	1	0.940854	28134.4
0.968621	1	0.999502	29888.1
0.997156	0.641821	0.925622	27678.9
0.819372	0.258302	0.540297	16156.5
0.315599	0.252474	0.281251	8410.25
0.799266	0.010119	0.0470498	1406.93
0.733577	0.762323	0.884247	26441.6
0.0347883	1	0.151624	4534.01
0.663195	1	0.93556	27976.1
0.963143	1	0.999312	29882.4
1	1	1	29903
1	1	1	29903
0.969451	1	0.999529	29888.9
0.96883	1	0.999509	29888.3
0.999816	4.03239e-10	9.12429e-09	0.000272844
0.907526	6.64022e-05	0.000645814	19.3118
0.476363	0.250619	0.373128	11157.6
0.999993	1	1	29903
0.756617	1	0.967636	28935.2
0.766123	1	0.970228	29012.7
0.766123	1	0.970228	29012.7
0.977425	1	0.999743	29895.3
0.982775	1.52009e-05	0.000180935	5.4105
0.991108	0.578203	0.892121	26677.1
0.875703	0.402272	0.719815	21524.6
0.799583	0.323158	0.608068	18183
0.989193	0.203457	0.523909	15666.5
0.985421	0.402285	0.76322	22822.6
1	0.642676	0.926812	27714.5
0.748902	0.719741	0.872133	26079.4
0.581259	0.753148	0.799398	23904.4
0.498813	0.753246	0.743525	22233.6
0.578289	1	0.895007	26763.4
0.0260927	0.0598603	0.0116548	348.513
4.4776e-05	2.14454e-17	4.74309e-20	1.41833e-15
0.713476	0.221602	0.449735	13448.4
2.3751e-05	0.786795	0.000222147	6.64285
0.00130495	1	0.00997192	298.19
0.000519435	0.792724	0.00362153	108.294
1.31963e-13	1	4.0455e-12	1.20972e-07
1.4329e-11	1	3.72107e-10	1.11271e-05
8.6823e-12	1	2.29818e-10	6.87225e-06
3.54065e-10	1	8.05905e-09	0.00024099
0.793296	0.149401	0.371283	11102.5
0.9249	0.863562	0.978226	29251.9
0.894278	1	0.994203	29729.7
1	0.877088	0.992116	29667.3
0.19309	1	0.510645	15269.8
3.88327e-06	1.08738e-13	1.82874e-17	5.46849e-13
8.68395e-06	5.35844e-14	2.01074e-17	6.01271e-13
0.000165337	2.31578e-10	1.22116e-12	3.65164e-08
4.59874e-05	1.28315e-12	2.26409e-15	6.77031e-11
0.000221159	4.98182e-09	3.14381e-11	9.40094e-07
7.31922e-05	1.08817e-13	3.21542e-16	9.61506e-12
0.722245	1	0.957257	28624.9
3.84539e-05	8.69821e-09	9.94282e-12	2.9732e-07
1.39899e-05	1.09442e-13	6.43369e-17	1.92387e-12
8.47633e-06	1.09368e-13	3.94198e-17	1.17877e-12
1.17625e-05	1.09126e-13	5.41638e-17	1.61966e-12
1.31201e-05	1.09521e-13	6.04718e-17	1.80829e-12
1.56186e-05	2.51058e-12	1.52054e-15	4.54687e-11
0.000159221	8.1054e-12	4.55355e-14	1.36165e-09
0.00056196	2.51264e-12	4.96937e-14	1.48599e-09
5.48005e-05	6.58404e-13	1.40213e-15	4.19279e-11
2.03981e-05	1.10459e-13	9.38087e-17	2.80516e-12
0.000454342	1.48312e-12	2.42136e-14	7.24059e-10
0.0505716	0.270366	0.0723614	2163.82
0.105909	0.265201	0.128427	3840.36
0.0265813	0.41989	0.0613344	1834.08
0.000232128	0.422442	0.00100315	29.9972
0.130445	0.424564	0.215631	6448
0.0887102	0.415693	0.158575	4741.86
0.383117	0.416678	0.452546	13532.5
0.484216	0.238134	0.364391	10896.4
0.115042	0.137714	0.0815122	2437.46
0.762437	0.137714	0.341644	10216.2
0.96013	0.137694	0.399706	11952.4
0.114938	0.137694	0.0814431	2435.39
0.268512	0.137694	0.158892	4751.34
0.714814	0.137694	0.32662	9766.92
0.383189	0.137694	0.207988	6219.46
0.650941	0.137694	0.305824	9145.06
0.565842	0.236907	0.403433	12063.8
0.524558	0.416653	0.550921	16474.2
0.338818	1	0.705518	21097.1
0.0178636	0.137304	0.0171951	514.185
0.012622	0.0946607	0.00923558	276.172
0.0118253	0.0780957	0.00737635	220.575
0.999581	0.864065	0.990258	29611.7
0.637442	0.758824	0.835012	24969.3
0.584662	1	0.898462	26866.7
0.396008	1	0.762838	22811.1
0.999882	0.0039594	0.0258589	773.258
0.992286	0.0278345	0.126753	3790.31
0.515446	0.126699	0.243506	7281.56
0.887647	1	0.993438	29706.8
0.997098	0.780942	0.97347	29109.7
0.957886	0.316036	0.664462	19869.4
0.907586	0.0682374	0.234208	7003.51
1	1.1048e-19	4.93288e-18	1.47508e-13
0.00798614	1	0.0465596	1392.27
0.219251	1	0.551973	16505.7
0.238594	1	0.580498	17358.6
0.513257	1	0.855589	25584.7
0.652291	0.801553	0.861895	25773.3
1	0.690024	0.946043	28289.5
0.958889	0.801494	0.970869	29031.9
0.956678	0.801652	0.970441	29019.1
0.975162	0.0013105	0.00979231	292.82
0.994073	0.00182187	0.0132459	396.092
0.994481	0.00182101	0.0132452	396.071
0.992916	0.00182359	0.0132434	396.017
0.983165	0.0024122	0.0167059	499.558
0.927191	0	0	0
0.568951	0.000204347	0.00116957	34.9736
0.578958	0.00188023	0.00851578	254.648
0.960049	0.000103641	0.00101643	30.3943
0.456214	1	0.814248	24348.5
0.962677	1	0.999295	29881.9
1	0.85936	0.989611	29592.3
0.991442	0.85933	0.98846	29557.9
1	0.208401	0.535235	16005.1
0.678896	1	0.941824	28163.4
1	1	1	29903
0.917289	1	0.996481	29797.8
0.982318	1	0.999843	29898.3
0.210423	0.720637	0.437667	13087.6
0.228639	0.720527	0.461831	13810.1
1	0.339632	0.706399	21123.4
0.999999	0.51764	0.858492	25671.5
0.999999	0.517949	0.858696	25677.6
0.999994	0.517403	0.858335	25666.8
1	0.517684	0.858522	25672.4
0.999999	0.410824	0.776288	23213.3
0.951136	0.000773092	0.00604077	180.637
0.80539	0.762394	0.913497	27316.3
0.830615	0.704539	0.898751	26875.4
0.33334	6.65989e-05	0.000260083	7.77727
0.735936	0.112352	0.288793	8635.77
0.990403	1	0.999954	29901.6
0.996706	1	0.999995	29902.8
0.277448	1	0.633169	18933.7
0.217062	1	0.548639	16406
0.969027	1	0.999515	29888.5
0.569507	0.187429	0.34556	10333.3
0.999998	1	1	29903
0.953082	1.65496e-05	0.00019018	5.68695
0.855549	0.0111189	0.0537958	1608.66
0.982574	0.405489	0.765068	22877.8
0.813062	0.0272463	0.106551	3186.19
0.999936	7.18754e-09	1.41952e-07	0.00424479
0.962641	1	0.999293	29881.9
0.80401	1	0.9794	29287
0.264453	1	0.616199	18426.2
0.985365	1	0.999892	29899.8
0.077046	0.00174489	0.00133286	39.8565
0.792375	0.080726	0.239832	7171.71
0.380403	1	0.748072	22369.6
0.825979	1	0.983895	29421.4
0.870932	1	0.991287	29642.5
0.486646	1	0.837137	25032.9
0.701196	1	0.950098	28410.8
0.681175	0.100644	0.252294	7544.34
1	0.22382	0.558858	16711.5
0.389124	0.461964	0.488254	14600.3
0.557286	0.00184222	0.00809146	241.959
0.994805	0.203155	0.525256	15706.7
0.822863	0.0164446	0.0717547	2145.68
0.999875	5.37547e-28	3.42862e-26	1.02526e-21
0.920879	0.817047	0.966448	28899.7
0.666675	0.00629224	0.0271572	812.082
0.234263	1	0.574251	17171.8
0.0280185	0.453269	0.0681497	2037.88
0.30353	1	0.665422	19898.1
0.101085	1	0.332752	9950.27
0.000700822	1	0.00579107	173.17
0.807456	0.665974	0.871346	26055.9
0.20759	1	0.533961	15967
0.107887	1	0.348117	10409.7
0.944902	1	0.998453	29856.8
0.627079	1	0.919726	27502.6
0.966195	1	0.999422	29885.7
0.801229	1	0.978788	29268.7
0.970659	0.895571	0.991059	29635.6
1	0.703207	0.950809	28432
0.377899	1	0.745643	22297
0.459148	0.700926	0.686698	20534.3
0.610068	0.761632	0.820788	24544
0.738307	0.423885	0.676516	20229.9
0.604797	0.809899	0.839416	25101.1
1	1.59076e-08	3.01551e-07	0.00901729
0.59162	0.586434	0.714218	21357.3
0.620104	1	0.916432	27404.1
0.79954	0.845835	0.940805	28132.9
0.939207	1	0.998113	29846.6
0.483015	0.690549	0.699771	20925.2
0.432551	1	0.795052	23774.5
0.384118	1	0.751644	22476.4
0.730054	1	0.959756	28699.6
0.744676	1	0.964211	28832.8
0.556229	1	0.882499	26389.4
0.704186	1	0.951153	28442.3
1	0.0024664	0.0172771	516.638
0.584034	1	0.898125	26856.6
0.881247	1	0.992652	29683.3
1	0.449977	0.80931	24200.8
0.999988	7.05169e-06	9.06995e-05	2.71219
0.24117	0.334369	0.283671	8482.62
0.822165	0.12017	0.327486	9792.82
0.999996	9.94233e-22	4.90752e-20	1.4675e-15
0.543236	1	0.874725	26156.9
0.787156	0.46163	0.731226	21865.9
0.103155	0.0267099	0.0189954	568.021
0.0758917	0.0266778	0.0145821	436.048
0.54299	0.0336186	0.0913338	2731.15
0.179382	0.0266987	0.0303706	908.173
0.0551605	0.590403	0.144091	4308.76
0.0032381	0.590268	0.0138763	414.942
1.23159e-06	0.022993	5.20479e-07	0.0155639
0.006676	0.0248731	0.00161124	48.1811
8.35481e-08	0.0180092	3.20709e-08	0.000959016
0.02493	0.0179282	0.0038943	116.451
0.190038	0.0153919	0.019991	597.792
0.102808	0.0153176	0.0117377	350.993
0.0878121	0.0141348	0.00954695	285.482
0.0895913	0.000537021	0.000526445	15.7423
0.0199862	0.00054036	0.000134306	4.01614
0.0558281	0.000193085	0.000134075	4.00924
0.0334971	2.57317e-05	1.28981e-05	0.385691
0.00107538	0.000193887	3.41595e-06	0.102147
0.00522323	3.931e-05	3.36706e-06	0.100685
0.128371	0.000195246	0.000290592	8.68958
0.857075	1	0.989262	29581.9
0.439942	1	0.801184	23957.8
0.531213	0.470491	0.596478	17836.5
0.705167	1	0.951496	28452.6
0.688735	0.158802	0.351413	10508.3
0.831071	0.16288	0.406065	12142.6
0.87423	0.159033	0.413348	12360.3
0.99989	0.0419091	0.174841	5228.26
0.649045	0.171311	0.355417	10628
0.821201	0.0402858	0.145853	4361.45
0.995561	0.000334022	0.00299577	89.5824
0.933111	0.000334022	0.00282804	84.5668
0.97498	0.000334022	0.00294064	87.9339
0.999974	0.0694453	0.254666	7615.28
0.999975	0.0346121	0.151029	4516.21
0.999994	0.131839	0.398967	11930.3
0.996357	0.000338432	0.00303305	90.6972
0.999991	0.0351211	0.152739	4567.35
0.999984	0.034301	0.149982	4484.91
0.902528	1.6558e-07	2.4981e-06	0.0747007
0.0191605	4.85289e-19	4.38182e-19	1.3103e-14
0.515243	1	0.856909	25624.2
0.99397	1	0.999982	29902.5
0.996348	1	0.999993	29902.8
0.995009	0.327266	0.690987	20662.6
0.99196	0.33039	0.693338	20732.9
0.994051	0.331243	0.695051	20784.1
0.989491	0.330674	0.692741	20715
0.985242	0.334061	0.694894	20779.4
0.98739	0.334921	0.696632	20831.4
0.813524	1	0.981419	29347.4
0.907122	0.830826	0.966806	28910.4
1	0.371354	0.739217	22104.8
0.973276	0.00239457	0.0164577	492.135
0.983204	0.0024155	0.0167261	500.161
0.746914	0.590234	0.801932	23980.2
0.999672	8.75365e-08	1.50964e-06	0.0451429
0.786418	2.58845e-06	2.87116e-05	0.858564
0.970798	2.16161e-07	3.43666e-06	0.102766
0.751902	0.000304025	0.00214505	64.1435
0.257885	0.000304025	0.000819603	24.5086
0.999772	0.0028827	0.0197399	590.281
0.999812	0.00021983	0.00207103	61.93
0.990101	0.000261719	0.00239906	71.739
0.999732	8.25373e-05	0.000858366	25.6677
0.999786	2.77358e-05	0.000318699	9.53007
0.996567	6.63324e-10	1.46337e-08	0.000437592
0.968513	1	0.999499	29888
0.991845	1	0.999967	29902
0.998007	5.62507e-12	1.51045e-10	4.51671e-06
0.998492	1.23458e-11	3.21977e-10	9.62809e-06
0.991759	0.152512	0.436943	13065.9
0.997916	1.88734e-09	3.97214e-08	0.00118779
0.99938	1.73554e-09	3.6723e-08	0.00109813
0.992541	0.152318	0.436806	13061.8
0.863179	0.152318	0.398236	11908.4
0.99938	8.00672e-09	1.57183e-07	0.00470026
0.767894	0.0717766	0.214862	6425.02
0.961594	0.620713	0.904891	27058.9
0.869658	0.375911	0.692423	20705.5
0.239251	0.718659	0.474659	14193.7
0.659872	0.717906	0.827659	24749.5
0.707858	0.000223199	0.0015409	46.0777
0.95776	0.000327012	0.0028403	84.9334
0.819189	0.000119764	0.0010036	30.0108
0.71289	0.000121292	0.000895442	26.7764
0.773666	0.000332139	0.00238118	71.2044
0.110895	7.00237e-07	1.34891e-06	0.0403365
0.187611	1.32814e-06	4.03789e-06	0.120745
0.175014	9.74381e-07	2.82813e-06	0.0845695
0.577342	5.64959e-07	5.19786e-06	0.155432
0.934535	0.0782509	0.264398	7906.29
0.928695	0.239054	0.556139	16630.2
0.990543	1	0.999955	29901.7
0.873356	0.0884989	0.27517	8228.4
0.594998	0.160045	0.319151	9543.59
