quality	AA	AC	AG	AT	A.	CA	CC	CG	CT	C.	GA	GC	GG	GT	G.	TA	TC	TG	TT	T.	.A	.C	.G	.T	..
0	NA	NA	NA	NA	NA	NA	NA	NA	NA	NA	NA	NA	NA	NA	NA	NA	NA	NA	NA	NA	NA	NA	NA	NA	NA
1	NA	NA	NA	NA	NA	NA	NA	NA	NA	NA	NA	NA	NA	NA	NA	NA	NA	NA	NA	NA	NA	NA	NA	NA	NA
2	NA	NA	NA	NA	NA	NA	NA	NA	NA	NA	NA	NA	NA	NA	NA	NA	NA	NA	NA	NA	NA	NA	NA	NA	NA
3	NA	NA	NA	NA	NA	NA	NA	NA	NA	NA	NA	NA	NA	NA	NA	NA	NA	NA	NA	NA	NA	NA	NA	NA	NA
4	NA	NA	NA	NA	NA	NA	NA	NA	NA	NA	NA	NA	NA	NA	NA	NA	NA	NA	NA	NA	NA	NA	NA	NA	NA
5	NA	NA	NA	NA	NA	NA	NA	NA	NA	NA	NA	NA	NA	NA	NA	NA	NA	NA	NA	NA	NA	NA	NA	NA	NA
6	NA	NA	NA	NA	NA	NA	NA	NA	NA	NA	NA	NA	NA	NA	NA	NA	NA	NA	NA	NA	NA	NA	NA	NA	NA
7	NA	NA	NA	NA	NA	NA	NA	NA	NA	NA	NA	NA	NA	NA	NA	NA	NA	NA	NA	NA	NA	NA	NA	NA	NA
8	NA	NA	NA	NA	NA	NA	NA	NA	NA	NA	NA	NA	NA	NA	NA	NA	NA	NA	NA	NA	NA	NA	NA	NA	NA
9	NA	NA	NA	NA	NA	NA	NA	NA	NA	NA	NA	NA	NA	NA	NA	NA	NA	NA	NA	NA	NA	NA	NA	NA	NA
10	NA	NA	NA	NA	NA	NA	NA	NA	NA	NA	NA	NA	NA	NA	NA	NA	NA	NA	NA	NA	NA	NA	NA	NA	NA
11	0.969092	0.00903922	0.013413	0.00816446	0.000291588	0.0508677	0.928985	0.00558548	0.0145621	NA	0.0218724	0.00786999	0.93009	0.039861	0.000306623	0.0246667	0.014	0.0186667	0.942667	NA	8.64043e-05	NA	NA	8.64043e-05	0.999827
12	0.963577	0.0141993	0.0146695	0.00739742	0.000156725	0.0359375	0.946094	0.00448191	0.0134457	4.11184e-05	0.0128912	0.00553519	0.95147	0.029958	0.000145663	0.0133285	0.00835597	0.024504	0.953606	0.000205055	3.42331e-05	1.71165e-05	3.42331e-05	5.99079e-05	0.999855
13	0.966337	0.0159491	0.00672241	0.0108553	0.000136288	0.0291437	0.954324	0.00470634	0.0117318	9.42315e-05	0.00913913	0.00431987	0.965654	0.0207752	0.000111512	0.0144054	0.00996882	0.023056	0.95238	0.00018949	4.93043e-05	3.42986e-05	4.28733e-05	8.89621e-05	0.999785
14	0.962377	0.0168956	0.00710068	0.0133614	0.000264902	0.0286526	0.952321	0.00470988	0.0141198	0.000196655	0.0171412	0.00703901	0.943516	0.0320144	0.000289151	0.017987	0.0139099	0.0208897	0.946924	0.000289445	5.94518e-05	5.74018e-05	4.92015e-05	0.000100453	0.999733
15	0.977194	0.00836783	0.00577331	0.00852627	0.000138639	0.0116827	0.975415	0.00312009	0.00964178	0.000140756	0.0139968	0.00542977	0.956825	0.0236168	0.000131631	0.0254353	0.0185873	0.0265664	0.929212	0.000198713	5.5677e-05	2.16522e-05	4.33044e-05	5.5677e-05	0.999824
16	0.964001	0.0116487	0.00946298	0.0146812	0.000206268	0.018789	0.958594	0.00522487	0.0172167	0.000175372	0.0176071	0.00781302	0.950846	0.0235893	0.000144686	0.0193153	0.0130977	0.0195331	0.94785	0.000203856	0.000124314	5.85709e-05	5.49849e-05	8.24774e-05	0.99968
17	NA	NA	NA	NA	NA	NA	NA	NA	NA	NA	NA	NA	NA	NA	NA	NA	NA	NA	NA	NA	NA	NA	NA	NA	NA
18	NA	NA	NA	NA	NA	NA	NA	NA	NA	NA	NA	NA	NA	NA	NA	NA	NA	NA	NA	NA	NA	NA	NA	NA	NA
19	NA	NA	NA	NA	NA	NA	NA	NA	NA	NA	NA	NA	NA	NA	NA	NA	NA	NA	NA	NA	NA	NA	NA	NA	NA
20	0.991416	0.00214592	0.00600858	0.000429185	NA	0.00636537	0.990452	NA	0.00318269	NA	0.00133583	0.000267165	0.996527	0.00187016	NA	0.00118203	0.000591017	0.00177305	0.995863	0.000591017	0.00010717	NA	NA	NA	0.999893
21	0.99713	0.00153267	0.000724537	0.00061307	NA	0.00284091	0.995613	0.000647296	0.000899022	NA	0.000910237	0.000490127	0.996289	0.0023106	NA	0.00124814	0.00077266	0.00208024	0.995899	NA	7.02094e-06	7.02094e-06	NA	1.40419e-05	0.999972
22	0.99434	0.00176708	0.0028715	0.00093876	8.28317e-05	0.00330996	0.994382	0.000522625	0.00169853	8.71042e-05	0.00218494	0.000518461	0.993816	0.00348109	NA	0.00124741	0.00111471	0.0031318	0.9944	0.000106163	2.42315e-05	2.42315e-05	8.07715e-06	6.46172e-05	0.999879
23	0.996037	0.00130298	0.0017735	0.000814362	7.23877e-05	0.00181809	0.996078	0.000986962	0.00106488	5.19454e-05	0.00103249	0.000579199	0.99592	0.00239234	7.55477e-05	0.000945783	0.000442184	0.00152308	0.99704	4.91316e-05	2.32893e-05	9.31571e-06	1.86314e-05	7.45257e-05	0.999874
24	0.997938	0.000902101	0.000730272	0.000386615	4.29572e-05	0.00210615	0.99663	0.000351025	0.000912665	NA	0.00108541	0.000474866	0.996133	0.00230649	NA	0.000583341	0.000368426	0.0013816	0.997605	6.14043e-05	2.35958e-05	1.17979e-05	3.53936e-05	5.89894e-05	0.99987
25	0.996083	0.00103583	0.00220115	0.000647396	3.23698e-05	0.00277259	0.994881	0.000693148	0.00154625	0.000106638	0.0014412	0.000816679	0.994716	0.00302652	NA	0.00117434	0.00110388	0.00150316	0.996125	9.39474e-05	1.7701e-05	1.7701e-05	1.7701e-05	0.000115056	0.999832
26	0.997611	0.000651579	0.0011294	0.00060814	NA	0.00177607	0.99667	0.00103604	0.00051802	NA	0.00156507	0.00101729	0.994288	0.00313014	NA	0.000230428	0.000432053	0.000835302	0.998445	5.7607e-05	8.33403e-05	3.57173e-05	2.38115e-05	0.000226209	0.999631
27	0.995982	0.000936025	0.00176535	0.00123187	8.48728e-05	0.00121912	0.996434	0.000425362	0.00189514	2.65851e-05	0.00262116	0.00129935	0.991675	0.0043793	2.56662e-05	0.00119635	0.00148603	0.00363418	0.993612	7.14798e-05	5.87575e-05	2.51818e-05	1.74873e-05	3.35757e-05	0.999865
28	0.998219	0.000203521	0.000457922	0.0010176	0.00010176	0.000706999	0.997879	0.000101	0.0012625	5.04999e-05	0.00265525	0.000812832	0.995367	0.00111087	5.41888e-05	0.00077235	0.00173779	0.000868894	0.996524	9.65437e-05	2.30699e-05	NA	1.1535e-05	NA	0.999965
29	0.995751	0.000531067	0.0031864	0.000531067	NA	NA	1	NA	NA	NA	0.000566251	NA	0.999434	NA	NA	NA	NA	NA	1	NA	0.000137855	NA	NA	NA	0.999862
30	0.997243	0.00037908	0.00173323	0.000600042	4.45977e-05	0.000361681	0.998068	0.000266502	0.00129444	9.51792e-06	0.00132228	0.00039471	0.997299	0.000975497	8.45807e-06	0.000645545	0.00131335	0.000556504	0.997437	4.77004e-05	2.98512e-05	7.46279e-06	3.39218e-06	5.2918e-05	0.999906
31	0.998649	0.000237263	0.000771989	0.000297464	4.42654e-05	0.000310628	0.998572	0.00014169	0.00096458	1.08992e-05	0.000768975	0.00024708	0.998258	0.000713508	1.26061e-05	0.000327225	0.000838773	0.00059439	0.998206	3.31367e-05	3.76262e-05	9.54695e-06	7.86219e-06	3.31335e-05	0.999912
32	0.999248	8.64103e-05	0.000483897	0.000146897	3.45641e-05	0.00015403	0.999325	0.000308061	0.000201424	1.18485e-05	0.000239458	NA	0.999521	0.000227485	1.19729e-05	0.000109588	0.000164382	0.000195693	0.999507	2.34832e-05	4.94894e-06	7.42341e-06	4.94894e-06	7.9183e-05	0.999903
33	0.999356	7.5771e-05	0.000473569	6.94567e-05	2.5257e-05	6.46484e-05	0.999511	0.000221652	0.000203181	NA	0.000233332	3.58973e-05	0.999444	0.000287178	NA	5.24326e-05	0.000119165	0.000390861	0.999414	2.3833e-05	5.39754e-06	5.39754e-06	5.39754e-06	9.17581e-05	0.999892
34	0.998484	0.000153556	0.00108783	0.000219981	5.43483e-05	0.000232223	0.998755	0.000114026	0.000888565	9.73389e-06	0.000720381	0.000232995	0.998619	0.000410118	1.78312e-05	0.000188848	0.000959656	0.000294834	0.998503	5.39566e-05	3.49136e-05	1.25263e-05	7.19594e-06	2.90503e-05	0.999916
35	0.998976	4.91902e-05	0.000893621	4.40662e-05	3.68926e-05	3.24511e-05	0.999712	2.83947e-05	0.000227158	NA	0.000368114	9.38915e-05	0.999338	0.000196725	2.98068e-06	5.65914e-05	0.000422549	0.000434811	0.999039	4.71595e-05	1.47239e-05	5.01952e-06	4.35025e-06	1.07083e-05	0.999965
36	0.998941	9.18455e-05	0.000801066	0.000123366	4.29337e-05	0.000145246	0.999029	0.000136549	0.000681003	7.82763e-06	0.000483826	0.000175367	0.999093	0.000241913	6.26312e-06	0.000158025	0.000886483	0.000131688	0.998768	5.5887e-05	3.45247e-05	6.87059e-06	3.77882e-06	3.58988e-05	0.999919
37	0.99898	8.55435e-05	0.000800042	9.04517e-05	4.41741e-05	0.000142656	0.999119	0.000109163	0.000623967	4.96196e-06	0.000377187	9.60985e-05	0.999313	0.000207813	6.00616e-06	0.000127972	0.000767833	0.000144137	0.998913	4.71476e-05	2.6825e-05	1.36324e-05	3.95779e-06	3.67195e-05	0.999919
38	0.99901	7.14504e-05	0.00081623	6.86246e-05	3.3505e-05	0.000110497	0.999224	8.61615e-05	0.000570245	9.2081e-06	0.000372729	0.0001324	0.999273	0.000210209	1.19223e-05	9.1434e-05	0.000824164	0.000106114	0.998922	5.6622e-05	3.12287e-05	9.53165e-06	5.51833e-06	3.63708e-05	0.999917
39	0.999029	6.79692e-05	0.000803133	5.54719e-05	4.45065e-05	0.000117469	0.999159	9.92413e-05	0.000617052	6.75111e-06	0.000308702	0.000118849	0.99941	0.00015117	1.17068e-05	7.20603e-05	0.000746444	8.24426e-05	0.999051	4.82197e-05	3.3546e-05	9.29648e-06	5.53362e-06	3.27344e-05	0.999919
40	0.999155	7.77047e-05	0.000663801	5.00572e-05	5.34617e-05	0.000204872	0.998995	6.9171e-05	0.00072156	9.58635e-06	0.000276981	7.74092e-05	0.999414	0.000219316	1.26613e-05	8.59519e-05	0.000690176	7.61171e-05	0.999107	4.07492e-05	4.53068e-05	1.13985e-05	6.08993e-06	2.55203e-05	0.999912
