quality	AA	AC	AG	AT	A.	CA	CC	CG	CT	C.	GA	GC	GG	GT	G.	TA	TC	TG	TT	T.	.A	.C	.G	.T	..
0	NA	NA	NA	NA	NA	NA	NA	NA	NA	NA	NA	NA	NA	NA	NA	NA	NA	NA	NA	NA	NA	NA	NA	NA	NA
1	NA	NA	NA	NA	NA	NA	NA	NA	NA	NA	NA	NA	NA	NA	NA	NA	NA	NA	NA	NA	NA	NA	NA	NA	NA
2	NA	NA	NA	NA	NA	NA	NA	NA	NA	NA	NA	NA	NA	NA	NA	NA	NA	NA	NA	NA	NA	NA	NA	NA	NA
3	NA	NA	NA	NA	NA	NA	NA	NA	NA	NA	NA	NA	NA	NA	NA	NA	NA	NA	NA	NA	NA	NA	NA	NA	NA
4	NA	NA	NA	NA	NA	NA	NA	NA	NA	NA	NA	NA	NA	NA	NA	NA	NA	NA	NA	NA	NA	NA	NA	NA	NA
5	NA	NA	NA	NA	NA	NA	NA	NA	NA	NA	NA	NA	NA	NA	NA	NA	NA	NA	NA	NA	NA	NA	NA	NA	NA
6	NA	NA	NA	NA	NA	NA	NA	NA	NA	NA	NA	NA	NA	NA	NA	NA	NA	NA	NA	NA	NA	NA	NA	NA	NA
7	NA	NA	NA	NA	NA	NA	NA	NA	NA	NA	NA	NA	NA	NA	NA	NA	NA	NA	NA	NA	NA	NA	NA	NA	NA
8	NA	NA	NA	NA	NA	NA	NA	NA	NA	NA	NA	NA	NA	NA	NA	NA	NA	NA	NA	NA	NA	NA	NA	NA	NA
9	NA	NA	NA	NA	NA	NA	NA	NA	NA	NA	NA	NA	NA	NA	NA	NA	NA	NA	NA	NA	NA	NA	NA	NA	NA
10	0.97561	0.0121951	NA	0.0121951	NA	0.0344828	0.965517	NA	NA	NA	0.030303	NA	0.939394	0.030303	NA	NA	NA	0.0454545	0.954545	NA	NA	NA	NA	NA	1
11	0.958044	0.0142744	0.0194795	0.0080836	0.000118297	0.0620678	0.915406	0.00648228	0.0159356	0.000108038	0.0224667	0.00610886	0.914129	0.057209	8.68558e-05	0.0171997	0.0098081	0.0241649	0.948117	0.000710732	3.51226e-05	1.17075e-05	1.17075e-05	4.68302e-05	0.999895
12	0.970049	0.014758	0.00754375	0.00746137	0.0001883	0.0538049	0.927447	0.00495919	0.0135717	0.000217645	0.0125711	0.00425845	0.945355	0.0375091	0.000306363	0.0113013	0.00580124	0.0227294	0.959946	0.000221905	5.80694e-05	1.29043e-05	4.1939e-05	0.000177434	0.99971
13	0.966742	0.0184498	0.00582879	0.00885943	0.000120423	0.0385936	0.947118	0.00450206	0.00967708	0.000109552	0.00799326	0.00363307	0.966738	0.0215151	0.00012035	0.0120763	0.00761894	0.0221445	0.958024	0.00013661	4.1765e-05	2.85482e-05	2.96056e-05	6.76698e-05	0.999832
14	0.965281	0.0190607	0.00561176	0.0098246	0.000221898	0.0343664	0.950889	0.00407995	0.0105082	0.000156556	0.0139557	0.00613448	0.948114	0.0316445	0.000150921	0.0144373	0.0112962	0.020308	0.953778	0.000180571	5.88967e-05	4.26493e-05	2.74174e-05	4.16339e-05	0.999829
15	0.965078	0.0162699	0.0074585	0.0110721	0.000121417	0.0291421	0.95377	0.00467086	0.0123227	9.42876e-05	0.0140742	0.00626307	0.951142	0.0283965	0.00012408	0.0160381	0.00998849	0.0227935	0.951018	0.000162357	6.73605e-05	2.69442e-05	2.52602e-05	4.54683e-05	0.999835
16	0.966398	0.0150959	0.00690169	0.0114869	0.000117726	0.0267383	0.955916	0.00439147	0.012855	9.93194e-05	0.0119269	0.00550501	0.956858	0.0256133	9.7013e-05	0.0193494	0.0123127	0.0279462	0.940217	0.000175169	6.46401e-05	3.17252e-05	3.45011e-05	4.04496e-05	0.999829
17	NA	NA	NA	NA	NA	NA	NA	NA	NA	NA	NA	NA	NA	NA	NA	NA	NA	NA	NA	NA	NA	NA	NA	NA	NA
18	1	NA	NA	NA	NA	NA	1	NA	NA	NA	NA	NA	1	NA	NA	NA	NA	NA	1	NA	NA	NA	NA	NA	1
19	1	NA	NA	NA	NA	0.0196078	0.980392	NA	NA	NA	NA	NA	1	NA	NA	NA	0.0149254	0.0149254	0.970149	NA	NA	NA	NA	NA	1
20	0.987015	0.00173135	0.0108209	0.000432838	NA	0.00758054	0.989261	0.000842283	0.00231628	NA	0.00132141	0.000406587	0.992783	0.00548892	NA	0.00190718	0.00148337	0.00402628	0.992583	NA	NA	7.62515e-05	NA	3.81257e-05	0.999886
21	0.99654	0.00213475	0.000830766	0.000431157	6.30961e-05	0.00472844	0.993869	0.000318121	0.00107004	1.44601e-05	0.000988728	0.000268369	0.996017	0.00271194	1.41247e-05	0.000684985	0.000389196	0.00194598	0.996933	4.67035e-05	1.92845e-05	8.26478e-06	5.50985e-06	6.61183e-05	0.999901
22	0.993773	0.00227851	0.00335534	0.000468187	0.00012485	0.00457817	0.993692	0.000559554	0.00106824	0.000101737	0.00110575	0.000425288	0.995449	0.00301954	NA	0.000803896	0.000927572	0.00309191	0.995084	9.27572e-05	2.32513e-05	2.79015e-05	2.79015e-05	6.51036e-05	0.999856
23	0.998021	0.00122303	0.000458638	0.000254799	4.24665e-05	0.0035445	0.995445	0.000267969	0.000718645	2.43608e-05	0.000555415	0.00022941	0.997211	0.00194395	6.03712e-05	0.000419109	0.000344473	0.00135493	0.997859	2.29649e-05	2.6289e-05	1.53352e-05	1.53352e-05	5.47687e-05	0.999888
24	0.99761	0.00109922	0.00095584	0.000310648	2.3896e-05	0.00344116	0.994373	0.000688231	0.00141695	8.09684e-05	0.000646595	0.000242473	0.99709	0.00202061	NA	0.000442282	0.000318443	0.00106148	0.99816	1.76913e-05	3.38581e-05	3.38581e-05	2.03149e-05	6.77163e-05	0.999844
25	0.99767	0.00119453	0.000763718	0.000352485	1.95825e-05	0.00343053	0.995217	0.000395831	0.000923605	3.29859e-05	0.000972854	0.000470736	0.996265	0.00225953	3.13824e-05	0.000429619	0.000767177	0.0010587	0.997637	0.000107405	2.80304e-05	1.12121e-05	5.60607e-06	3.92425e-05	0.999916
26	0.997015	0.00118159	0.00118159	0.000497512	0.000124378	0.0026482	0.995824	0.000916684	0.000611122	NA	0.000644884	0.000322442	0.998065	0.000967326	NA	0.000387714	0.000430793	0.00107698	0.998105	NA	6.85084e-05	6.85084e-05	1.71271e-05	0.000188398	0.999657
27	0.996613	0.00118295	0.00147416	0.000640201	8.95148e-05	0.00268107	0.995629	0.000316632	0.00135084	2.24827e-05	0.00140263	0.00068021	0.994623	0.00326955	2.43512e-05	0.00102214	0.00133569	0.00372899	0.993838	7.47908e-05	3.72023e-05	1.44858e-05	1.25105e-05	3.35808e-05	0.999902
28	0.998906	0.000300958	0.000629275	0.000164159	NA	0.0004243	0.998852	9.98353e-05	0.00062397	NA	0.00145188	0.000421047	0.996704	0.00137929	4.35565e-05	0.000445831	0.00122604	0.00050156	0.997827	NA	6.12063e-06	6.12063e-06	NA	6.12063e-06	0.999982
29	0.993191	0.000247617	0.00619042	NA	0.000371425	0.000456934	0.999543	NA	NA	NA	0.000642674	NA	0.998898	0.000459053	NA	NA	NA	NA	1	NA	3.8841e-05	NA	NA	NA	0.999961
30	0.997913	0.000418162	0.00129955	0.00032908	3.9825e-05	0.000479767	0.998293	0.000195823	0.00102318	8.15931e-06	0.000784431	0.000197652	0.998079	0.000934214	4.63247e-06	0.000408587	0.00109827	0.000554511	0.997905	3.37929e-05	2.30929e-05	6.99784e-06	3.49892e-06	3.95378e-05	0.999927
31	0.998775	0.000354098	0.000664693	0.000174014	3.23747e-05	0.000542347	0.998538	0.000139505	0.000768064	1.25398e-05	0.000510591	0.000170197	0.998671	0.00063152	1.64225e-05	0.000238662	0.000768157	0.000525056	0.998431	3.66318e-05	2.41853e-05	6.04631e-06	4.45518e-06	3.0868e-05	0.999934
32	0.99913	0.00021111	0.000576689	7.20862e-05	1.0298e-05	0.000376241	0.99902	0.000376241	0.000227165	NA	0.000174289	5.80965e-05	0.999542	0.0002106	1.45241e-05	9.5904e-05	9.15448e-05	0.000196167	0.999612	4.35927e-06	5.8926e-06	4.41945e-06	4.41945e-06	8.54428e-05	0.9999
33	0.999248	0.000250766	0.000459029	4.25027e-05	NA	0.000427601	0.9992	0.00017104	0.000201583	NA	0.000252732	2.93874e-05	0.999518	0.000199834	NA	4.52379e-05	0.000148639	0.000213264	0.999586	6.46256e-06	8.47232e-06	4.84133e-06	3.63099e-06	9.19852e-05	0.999891
34	0.998666	0.000216537	0.000942006	0.000120992	5.47343e-05	0.000279138	0.998913	8.84323e-05	0.000710534	8.45874e-06	0.000505639	0.000132054	0.998913	0.000437217	1.16317e-05	0.000167113	0.000903373	0.000458627	0.998426	4.53822e-05	2.26711e-05	6.26438e-06	4.77286e-06	2.31186e-05	0.999943
35	0.998769	0.00012864	0.00102376	4.28801e-05	3.52229e-05	0.000253693	0.999428	2.32552e-05	0.000291747	3.17117e-06	0.000275417	7.60481e-05	0.999438	0.000204508	6.16606e-06	6.53695e-05	0.000491692	0.000446218	0.998955	4.19217e-05	1.28559e-05	2.61879e-06	4.28529e-06	8.33251e-06	0.999972
36	0.998972	0.000130918	0.000776385	8.45881e-05	3.58008e-05	0.000179524	0.999081	9.78211e-05	0.000636393	5.55802e-06	0.000396115	0.000145416	0.999197	0.000254348	7.29686e-06	0.000109679	0.000872572	0.000151769	0.998822	4.41143e-05	2.96608e-05	6.30845e-06	5.97643e-06	3.09889e-05	0.999927
37	0.998988	0.000116605	0.000779795	6.96896e-05	4.55488e-05	0.000169601	0.999072	0.00010829	0.000641775	7.96247e-06	0.000310566	5.42892e-05	0.999411	0.000214762	9.58045e-06	8.36978e-05	0.000740572	0.000205958	0.998929	4.07534e-05	2.59162e-05	4.2955e-06	4.2955e-06	3.36481e-05	0.999932
38	0.999041	9.77084e-05	0.00076423	6.31347e-05	3.39725e-05	0.000151597	0.999154	9.55928e-05	0.000589489	9.65584e-06	0.000327566	0.000102155	0.999333	0.000224452	1.24696e-05	8.47759e-05	0.000747182	0.00013552	0.998985	4.80093e-05	2.67382e-05	4.82773e-06	4.54921e-06	2.99876e-05	0.999934
39	0.99904	9.26741e-05	0.000761188	5.81376e-05	4.77559e-05	0.000141757	0.999119	9.3485e-05	0.000638077	8.04537e-06	0.000301714	8.96236e-05	0.999423	0.000171788	1.34714e-05	7.67011e-05	0.000744851	7.12271e-05	0.999063	4.43851e-05	2.99111e-05	6.26488e-06	5.35784e-06	3.25689e-05	0.999926
40	0.999229	9.46109e-05	0.000575912	4.78069e-05	5.31002e-05	0.000215322	0.998987	5.29827e-05	0.00073006	1.49199e-05	0.000283324	6.16624e-05	0.999399	0.000241519	1.46318e-05	8.33878e-05	0.000675946	5.83769e-05	0.999144	3.87371e-05	5.41887e-05	6.71395e-06	6.33906e-06	2.52029e-05	0.999908
