quality	AA	AC	AG	AT	A.	CA	CC	CG	CT	C.	GA	GC	GG	GT	G.	TA	TC	TG	TT	T.	.A	.C	.G	.T	..
0	NA	NA	NA	NA	NA	NA	NA	NA	NA	NA	NA	NA	NA	NA	NA	NA	NA	NA	NA	NA	NA	NA	NA	NA	NA
1	NA	NA	NA	NA	NA	NA	NA	NA	NA	NA	NA	NA	NA	NA	NA	NA	NA	NA	NA	NA	NA	NA	NA	NA	NA
2	NA	NA	NA	NA	NA	NA	NA	NA	NA	NA	NA	NA	NA	NA	NA	NA	NA	NA	NA	NA	NA	NA	NA	NA	NA
3	NA	NA	NA	NA	NA	NA	NA	NA	NA	NA	NA	NA	NA	NA	NA	NA	NA	NA	NA	NA	NA	NA	NA	NA	NA
4	NA	NA	NA	NA	NA	NA	NA	NA	NA	NA	NA	NA	NA	NA	NA	NA	NA	NA	NA	NA	NA	NA	NA	NA	NA
5	NA	NA	NA	NA	NA	NA	NA	NA	NA	NA	NA	NA	NA	NA	NA	NA	NA	NA	NA	NA	NA	NA	NA	NA	NA
6	NA	NA	NA	NA	NA	NA	NA	NA	NA	NA	NA	NA	NA	NA	NA	NA	NA	NA	NA	NA	NA	NA	NA	NA	NA
7	NA	NA	NA	NA	NA	NA	NA	NA	NA	NA	NA	NA	NA	NA	NA	NA	NA	NA	NA	NA	NA	NA	NA	NA	NA
8	NA	NA	NA	NA	NA	NA	NA	NA	NA	NA	NA	NA	NA	NA	NA	NA	NA	NA	NA	NA	NA	NA	NA	NA	NA
9	NA	NA	NA	NA	NA	NA	NA	NA	NA	NA	NA	NA	NA	NA	NA	NA	NA	NA	NA	NA	NA	NA	NA	NA	NA
10	0.986111	NA	NA	0.0138889	NA	0.0769231	0.884615	0.0384615	NA	NA	0.0434783	0.0144928	0.913043	0.0289855	NA	NA	NA	NA	1	NA	NA	NA	NA	NA	1
11	0.977578	0.0104791	0.0028794	0.008827	0.000236016	0.0572471	0.922985	0.00517413	0.014461	0.00013267	0.0198155	0.00619686	0.92344	0.0504035	0.000144113	0.0190493	0.00816401	0.0239478	0.948839	NA	5.75506e-05	NA	2.87753e-05	5.75506e-05	0.999856
12	0.971762	0.0159592	0.0052876	0.00692692	6.4287e-05	0.0465756	0.936119	0.00403587	0.0131064	0.000163066	0.0120789	0.00435656	0.949282	0.0341467	0.000135718	0.0102327	0.00598284	0.0236631	0.960018	0.000103152	4.71555e-05	2.14343e-05	1.71474e-05	4.28686e-05	0.999871
13	0.968676	0.0175871	0.0051925	0.00843376	0.000110203	0.0368251	0.948552	0.00403452	0.0104757	0.000112755	0.00907023	0.00319928	0.967765	0.0198812	8.40147e-05	0.0122525	0.00692373	0.0212489	0.959442	0.000132689	4.92836e-05	2.46418e-05	2.25296e-05	3.23863e-05	0.999871
14	0.965553	0.0186083	0.00623351	0.00942844	0.000176382	0.0327317	0.951854	0.00399541	0.0112888	0.000130028	0.0160177	0.00580935	0.947819	0.0302238	0.000130181	0.013736	0.0115055	0.0205986	0.95393	0.000230003	5.44537e-05	2.91264e-05	2.65937e-05	5.57201e-05	0.999834
15	0.964606	0.0165851	0.00691765	0.0117766	0.000115174	0.0284721	0.951177	0.00540515	0.0148433	0.000101984	0.0139464	0.00630311	0.950459	0.0291445	0.000147269	0.0143841	0.00895339	0.0205056	0.95595	0.000207215	6.76154e-05	3.16947e-05	4.43726e-05	4.43726e-05	0.999812
16	0.964442	0.0150546	0.00745669	0.0129124	0.000134788	0.0246523	0.9579	0.00440952	0.0129505	8.78002e-05	0.0120503	0.00585638	0.955219	0.0267467	0.000128116	0.0179094	0.0122422	0.0279212	0.941784	0.000142727	5.60146e-05	3.30996e-05	2.64797e-05	4.68486e-05	0.999838
17	NA	NA	NA	NA	NA	NA	NA	NA	NA	NA	NA	NA	NA	NA	NA	NA	NA	NA	NA	NA	NA	NA	NA	NA	NA
18	1	NA	NA	NA	NA	NA	1	NA	NA	NA	NA	NA	1	NA	NA	NA	NA	NA	1	NA	NA	NA	NA	NA	1
19	1	NA	NA	NA	NA	NA	1	NA	NA	NA	0.0128205	NA	0.987179	NA	NA	NA	NA	NA	1	NA	NA	NA	NA	NA	1
20	0.997543	0.00175469	0.000175469	0.000350939	0.000175469	0.00476668	0.993477	0.000501756	0.00100351	0.000250878	0.00110467	0.000276167	0.994753	0.00372825	0.000138083	0.000821243	0.000273748	0.00164249	0.997263	NA	NA	NA	9.72384e-05	NA	0.999903
21	0.996833	0.00222541	0.000423237	0.000491501	2.73056e-05	0.00443764	0.994031	0.00035344	0.00113886	3.92711e-05	0.00067747	0.00025634	0.996961	0.00205072	5.493e-05	0.000786973	0.000383397	0.00278467	0.996035	1.00894e-05	1.08229e-05	1.08229e-05	3.60763e-06	1.44305e-05	0.99996
22	0.99612	0.00313082	0.000134452	0.000499395	0.000115245	0.00451349	0.992805	0.000392478	0.00222404	6.54129e-05	0.00214175	0.000394533	0.994787	0.00262083	5.63618e-05	0.000854214	0.000569476	0.00258298	0.995912	8.13537e-05	4.18578e-05	1.7939e-05	1.19594e-05	1.19594e-05	0.999916
23	0.997066	0.00197795	0.000355587	0.000488932	0.000111121	0.00320329	0.994302	0.000236032	0.0022423	1.68594e-05	0.00105555	0.000324786	0.996882	0.00172137	1.62393e-05	0.000480885	0.000240442	0.00172963	0.997464	8.53183e-05	2.94975e-05	1.76985e-05	1.47487e-05	2.3598e-05	0.999914
24	0.997801	0.00146619	0.000336001	0.000397092	NA	0.00233531	0.995492	0.000217238	0.00190083	5.43095e-05	0.00143818	0.000205455	0.996764	0.00159227	NA	0.000504344	0.000229247	0.00112331	0.998051	9.1699e-05	5.25449e-05	NA	2.62725e-05	8.75749e-06	0.999912
25	0.996644	0.00236618	0.000410459	0.000531183	4.82893e-05	0.00263169	0.99364	0.000482477	0.00315803	8.77231e-05	0.00267466	0.000162101	0.995542	0.00162101	NA	0.00040458	0.000384351	0.00129466	0.997815	0.000101145	7.23191e-05	NA	7.23191e-06	2.16957e-05	0.999899
26	0.997371	0.00205406	8.21625e-05	0.000410813	8.21625e-05	0.00218404	0.990536	NA	0.00728014	NA	0.00357347	NA	0.995569	0.000857633	NA	0.00029417	0.000117668	0.000647173	0.998941	NA	2.32515e-05	NA	0.000116257	9.3006e-05	0.999767
27	0.996162	0.00174341	0.00128721	0.000758006	4.913e-05	0.00271433	0.995284	0.000405989	0.00157988	1.62396e-05	0.00187829	0.000559661	0.994504	0.00303183	2.61712e-05	0.000912582	0.00114625	0.00444666	0.993397	9.7652e-05	3.04117e-05	1.8247e-05	1.37866e-05	2.87898e-05	0.999909
28	0.998743	0.000244507	0.000558874	0.000314367	0.000139718	0.000594716	0.997402	9.39026e-05	0.00190935	NA	0.00164376	0.000221631	0.996509	0.0016253	NA	0.000481928	0.000413081	0.000688468	0.998417	NA	2.32178e-05	7.73928e-06	1.54786e-05	2.32178e-05	0.99993
29	0.999721	0.00013947	NA	0.00013947	NA	NA	1	NA	NA	NA	0.000776311	0.000332705	0.998447	0.000443607	NA	NA	NA	0.000413565	0.999586	NA	NA	NA	NA	4.51916e-05	0.999955
30	0.99813	0.000785577	0.000692549	0.000356611	3.48858e-05	0.000507519	0.997869	0.000179705	0.00143962	3.94956e-06	0.00140801	0.000181678	0.99758	0.000819446	1.13549e-05	0.00033855	0.000897156	0.000669576	0.998051	4.32591e-05	1.45634e-05	2.99836e-06	5.14004e-06	1.58485e-05	0.999961
31	0.998516	0.000625735	0.000626964	0.000196695	3.44215e-05	0.000522235	0.998249	9.68508e-05	0.00112993	1.89904e-06	0.00100463	9.61881e-05	0.998343	0.000548628	7.12504e-06	0.000210813	0.000563958	0.000792227	0.998378	5.50531e-05	1.57896e-05	6.54692e-06	5.77669e-06	2.15663e-05	0.99995
32	0.999492	0.000292038	0.000107927	8.8881e-05	1.90459e-05	0.000158028	0.998235	5.26759e-05	0.00155394	NA	0.000212632	8.50528e-06	0.999566	0.000212632	NA	7.31122e-05	0.000101232	0.000185592	0.999623	1.6872e-05	7.31829e-06	NA	7.31829e-06	3.65914e-06	0.999982
33	0.999436	0.0003656	9.92343e-05	7.83429e-05	2.08914e-05	0.000442385	0.99792	3.10446e-05	0.0015988	7.76114e-06	0.000242066	3.36202e-05	0.999543	0.000174825	6.72405e-06	3.64672e-05	5.67268e-05	0.000563216	0.99934	4.05191e-06	1.04791e-05	7.48507e-06	1.04791e-05	8.98209e-06	0.999963
34	0.998302	0.000732441	0.000777567	0.00014348	4.45481e-05	0.000239384	0.998778	7.52089e-05	0.000900672	6.42027e-06	0.00105464	9.44575e-05	0.998518	0.000324441	8.21369e-06	0.000158206	0.000648195	0.000559805	0.998568	6.59724e-05	1.64673e-05	6.26472e-06	6.08572e-06	1.68252e-05	0.999954
35	0.998731	0.000520502	0.0006759	4.26093e-05	3.00771e-05	0.000274841	0.999372	1.98083e-05	0.00033179	1.23802e-06	0.000462147	3.84152e-05	0.999309	0.000185092	5.82049e-06	6.30282e-05	0.00035716	0.000574817	0.998954	5.12629e-05	9.56489e-06	3.55267e-06	2.73283e-06	1.28443e-05	0.999971
36	0.998798	0.000462042	0.000600986	9.16618e-05	4.72825e-05	9.32135e-05	0.998761	3.74167e-05	0.00109887	9.19007e-06	0.000913033	5.57998e-05	0.998859	0.000166173	6.13185e-06	9.2103e-05	0.00053162	0.000293489	0.999018	6.49016e-05	1.7888e-05	8.6176e-06	4.96165e-06	1.57989e-05	0.999953
37	0.998423	0.000469986	0.000980073	8.18064e-05	4.49133e-05	0.000105755	0.998832	3.08841e-05	0.00102573	5.6153e-06	0.000886323	3.72014e-05	0.998961	0.000107884	7.44028e-06	6.70616e-05	0.000553898	0.000368071	0.998955	5.63113e-05	1.4918e-05	6.87234e-06	4.19045e-06	1.79351e-05	0.999956
38	0.998501	0.000445607	0.000951339	5.97808e-05	4.22588e-05	6.80167e-05	0.998927	2.55743e-05	0.000973454	5.98547e-06	0.000824037	4.85048e-05	0.999034	8.50196e-05	8.17497e-06	5.28623e-05	0.000491411	0.000259095	0.999144	5.21667e-05	1.55447e-05	6.13329e-06	5.18157e-06	1.64964e-05	0.999957
39	0.998728	0.000503343	0.000661093	5.91077e-05	4.80443e-05	4.23406e-05	0.998946	2.31986e-05	0.000983467	5.19749e-06	0.000785494	3.02634e-05	0.999126	5.0808e-05	7.62735e-06	4.73147e-05	0.000399627	0.000183799	0.999315	5.42299e-05	1.69903e-05	6.46802e-06	5.81185e-06	1.79745e-05	0.999953
40	0.999048	0.000413787	0.000437626	4.70608e-05	5.3287e-05	2.55866e-05	0.999089	2.06399e-05	0.000859199	5.45848e-06	0.000610259	2.8717e-05	0.999321	2.83379e-05	1.19417e-05	3.87161e-05	0.000244318	0.000150695	0.999515	5.13868e-05	1.73161e-05	7.70175e-06	4.91819e-06	1.817e-05	0.999952
