quality	AA	AC	AG	AT	A.	CA	CC	CG	CT	C.	GA	GC	GG	GT	G.	TA	TC	TG	TT	T.	.A	.C	.G	.T	..
0	NA	NA	NA	NA	NA	NA	NA	NA	NA	NA	NA	NA	NA	NA	NA	NA	NA	NA	NA	NA	NA	NA	NA	NA	NA
1	NA	NA	NA	NA	NA	NA	NA	NA	NA	NA	NA	NA	NA	NA	NA	NA	NA	NA	NA	NA	NA	NA	NA	NA	NA
2	NA	NA	NA	NA	NA	NA	NA	NA	NA	NA	NA	NA	NA	NA	NA	NA	NA	NA	NA	NA	NA	NA	NA	NA	NA
3	NA	NA	NA	NA	NA	NA	NA	NA	NA	NA	NA	NA	NA	NA	NA	NA	NA	NA	NA	NA	NA	NA	NA	NA	NA
4	NA	NA	NA	NA	NA	NA	NA	NA	NA	NA	NA	NA	NA	NA	NA	NA	NA	NA	NA	NA	NA	NA	NA	NA	NA
5	NA	NA	NA	NA	NA	NA	NA	NA	NA	NA	NA	NA	NA	NA	NA	NA	NA	NA	NA	NA	NA	NA	NA	NA	NA
6	NA	NA	NA	NA	NA	NA	NA	NA	NA	NA	NA	NA	NA	NA	NA	NA	NA	NA	NA	NA	NA	NA	NA	NA	NA
7	NA	NA	NA	NA	NA	NA	NA	NA	NA	NA	NA	NA	NA	NA	NA	NA	NA	NA	NA	NA	NA	NA	NA	NA	NA
8	NA	NA	NA	NA	NA	NA	NA	NA	NA	NA	NA	NA	NA	NA	NA	NA	NA	NA	NA	NA	NA	NA	NA	NA	NA
9	NA	NA	NA	NA	NA	NA	NA	NA	NA	NA	NA	NA	NA	NA	NA	NA	NA	NA	NA	NA	NA	NA	NA	NA	NA
10	1	NA	NA	NA	NA	0.037037	0.925926	0.037037	NA	NA	NA	NA	0.955224	0.0447761	NA	NA	NA	NA	1	NA	NA	NA	NA	NA	1
11	0.975493	0.0138557	0.00297874	0.0070858	0.000586722	0.0740935	0.903761	0.00683132	0.0150139	0.000300278	0.0238881	0.00572776	0.918363	0.051752	0.000269542	0.0206797	0.00701313	0.0257148	0.946233	0.000359648	5.65883e-05	1.41471e-05	2.82941e-05	9.90295e-05	0.999802
12	0.972305	0.0137501	0.00582234	0.00801871	0.00010397	0.0506301	0.931518	0.00542281	0.0123433	8.60763e-05	0.0109125	0.0041996	0.951506	0.0331994	0.000182592	0.00944934	0.00518925	0.0254028	0.959731	0.000227906	3.50791e-05	2.80633e-05	3.8587e-05	9.12057e-05	0.999807
13	0.967188	0.0182511	0.005842	0.00862588	9.34886e-05	0.0360108	0.950058	0.00438398	0.00943058	0.000116194	0.0084262	0.00353144	0.968286	0.0196932	6.30614e-05	0.0119738	0.00730216	0.022491	0.95812	0.000112983	3.57237e-05	2.8579e-05	1.81866e-05	3.18266e-05	0.999886
14	0.965277	0.0199282	0.00535325	0.00932344	0.000117967	0.0329502	0.952383	0.00411503	0.0104195	0.000131969	0.0136957	0.00577284	0.949788	0.0306136	0.00012979	0.0148968	0.0108743	0.0200302	0.954067	0.000131346	5.43878e-05	2.71939e-05	2.4604e-05	5.0503e-05	0.999843
15	0.96536	0.0166145	0.00690982	0.0110318	8.42661e-05	0.0282329	0.955144	0.00483742	0.011689	9.67484e-05	0.0133695	0.00622274	0.954873	0.025409	0.000125995	0.0147847	0.0102692	0.0229965	0.951777	0.000172974	5.16158e-05	1.44524e-05	2.47756e-05	4.12926e-05	0.999868
16	0.965481	0.0150491	0.00755947	0.0118018	0.000108658	0.0257274	0.956309	0.00428027	0.013602	8.18959e-05	0.0121733	0.00556887	0.956369	0.0257993	9.00497e-05	0.0195974	0.0117585	0.0300772	0.938427	0.000140185	6.32304e-05	3.28599e-05	2.34002e-05	4.63026e-05	0.999834
17	NA	NA	NA	NA	NA	NA	NA	NA	NA	NA	NA	NA	NA	NA	NA	NA	NA	NA	NA	NA	NA	NA	NA	NA	NA
18	1	NA	NA	NA	NA	NA	1	NA	NA	NA	NA	NA	1	NA	NA	NA	NA	NA	1	NA	NA	NA	NA	NA	1
19	1	NA	NA	NA	NA	NA	1	NA	NA	NA	NA	NA	1	NA	NA	NA	NA	NA	1	NA	NA	NA	NA	NA	1
20	0.9965	0.00218723	0.00058326	0.00058326	0.000145815	0.00817504	0.990382	0.000240442	0.00120221	NA	0.000924214	0.00010269	0.995379	0.00359417	NA	0.00175093	0.000875465	0.00284526	0.994309	0.000218866	7.89921e-05	7.89921e-05	NA	NA	0.999842
21	0.99651	0.00255575	0.000454068	0.000441094	3.89201e-05	0.00402258	0.994761	0.000304229	0.000912686	NA	0.00223645	0.000291711	0.994895	0.00251195	6.48246e-05	0.000710028	0.000504494	0.00220482	0.996525	5.60549e-05	1.31188e-05	1.31188e-05	1.63985e-05	1.96782e-05	0.999938
22	0.995609	0.00210777	0.00171744	0.000507426	5.85492e-05	0.004201	0.994086	0.000581677	0.00113104	NA	0.00132151	0.00027955	0.995883	0.00246512	5.08272e-05	0.000851789	0.000696918	0.00245857	0.995954	3.87177e-05	3.46504e-05	2.31003e-05	NA	2.88754e-05	0.999913
23	0.997779	0.00132034	0.00051176	0.000317291	7.16464e-05	0.00284427	0.995593	0.00026753	0.00129541	NA	0.00169362	0.00023219	0.996299	0.00174825	2.73164e-05	0.000432959	0.000547964	0.00126505	0.99772	3.38249e-05	2.05314e-05	1.02657e-05	1.53985e-05	2.05314e-05	0.999933
24	0.997871	0.00122604	0.0004517	0.000290379	0.000161322	0.00265526	0.99523	0.000491715	0.00162266	NA	0.000846066	4.97686e-05	0.997312	0.00179167	NA	0.000341281	0.000250273	0.00129687	0.998089	2.27521e-05	1.73385e-05	NA	3.46771e-05	4.33463e-05	0.999905
25	0.997122	0.00101877	0.00122253	0.000534855	0.000101877	0.00320767	0.995751	0.000166632	0.00083316	4.1658e-05	0.00116063	0.000309502	0.996595	0.00193439	NA	0.000444436	0.000367143	0.00135263	0.997739	9.66165e-05	4.97039e-05	1.42011e-05	1.42011e-05	2.84022e-05	0.999893
26	0.99639	0.000676794	0.00248158	0.000451196	NA	0.00305914	0.995808	0.000566508	0.000566508	NA	0.00108134	0.000240298	0.997597	0.000841043	0.000240298	0.000408873	0.000306654	0.000408873	0.998824	5.11091e-05	4.0004e-05	4.0004e-05	NA	2.0002e-05	0.9999
27	0.996902	0.00132748	0.000945991	0.000755948	6.89785e-05	0.00271554	0.995272	0.000349236	0.00162529	3.80578e-05	0.00189392	0.000631308	0.994318	0.00313491	2.16336e-05	0.000878984	0.000786459	0.0047176	0.993528	8.90549e-05	3.16445e-05	1.64231e-05	1.20169e-05	3.28462e-05	0.999907
28	0.997465	0.00202156	0.000320883	0.000160442	3.20883e-05	0.000393712	0.998622	0.000168734	0.000815546	NA	0.00142925	0.000306268	0.996937	0.00132716	NA	0.000132582	0.000198873	0.000861783	0.99874	6.6291e-05	1.42294e-05	NA	7.1147e-06	2.13441e-05	0.999957
29	0.999292	0.000283286	NA	0.000141643	0.000283286	0.00169252	0.998307	NA	NA	NA	0.00119747	0.000108861	0.998367	0.000326584	NA	NA	0.000488759	NA	0.999511	NA	NA	NA	NA	NA	1
30	0.998354	0.00043839	0.000832562	0.00032216	5.30616e-05	0.000436559	0.998353	0.000162982	0.00103804	9.70132e-06	0.00106235	0.000164132	0.997967	0.000800821	5.41095e-06	0.00040496	0.000863154	0.000572267	0.998129	3.04195e-05	2.64546e-05	1.0078e-05	6.71864e-06	1.4697e-05	0.999942
31	0.998713	0.000427274	0.00066505	0.000166564	2.77607e-05	0.000541209	0.998536	8.98957e-05	0.000829242	3.66921e-06	0.000913101	0.000128704	0.99841	0.000542643	5.21772e-06	0.00023663	0.000510692	0.000707215	0.998509	3.60961e-05	2.00036e-05	7.54855e-06	6.03884e-06	1.88714e-05	0.999948
32	0.999435	0.000336359	0.000156166	6.0064e-05	1.20128e-05	0.000233297	0.999413	8.04473e-05	0.000265476	8.04473e-06	0.00128302	4.96652e-05	0.99846	0.000182106	2.48326e-05	3.10447e-05	0.000444973	0.00020179	0.999312	1.03482e-05	8.56739e-06	5.14044e-06	3.42696e-06	2.22752e-05	0.999961
33	0.999526	0.000236869	0.000183695	4.35066e-05	9.66814e-06	0.000438224	0.999315	3.42363e-05	0.000212265	NA	0.00107881	3.30924e-05	0.998676	0.000191936	1.98555e-05	5.54898e-05	0.000332939	0.000221959	0.999382	7.39864e-06	4.12977e-06	4.12977e-06	5.50636e-06	1.65191e-05	0.99997
34	0.998868	0.000248565	0.00071159	0.00012197	4.97131e-05	0.000213053	0.998993	5.86799e-05	0.000723117	1.26387e-05	0.000747542	8.61001e-05	0.998828	0.000329916	8.04674e-06	0.000160793	0.000526115	0.000625163	0.998637	5.08106e-05	1.74296e-05	6.04701e-06	5.51345e-06	1.56511e-05	0.999955
35	0.999377	0.000198258	0.000339624	4.74095e-05	3.79276e-05	0.000275521	0.999434	2.33493e-05	0.000263847	3.50239e-06	0.000408495	5.76838e-05	0.999369	0.000158925	5.8861e-06	4.55113e-05	0.00022991	0.000601063	0.999083	4.08032e-05	1.49835e-05	4.81613e-06	4.281e-06	6.15394e-06	0.99997
36	0.999079	0.000194363	0.000604134	8.91345e-05	3.30128e-05	9.81194e-05	0.999218	4.39626e-05	0.000632679	7.64567e-06	0.000748615	6.5227e-05	0.999007	0.000171146	8.37779e-06	0.000101326	0.000526609	0.000282095	0.999049	4.09109e-05	2.11205e-05	6.56795e-06	6.05282e-06	1.53252e-05	0.999951
37	0.999109	0.000155293	0.000615799	8.59754e-05	3.43902e-05	0.000116219	0.999168	3.35944e-05	0.000672797	9.07958e-06	0.000805852	3.14569e-05	0.999052	9.9922e-05	1.11024e-05	6.69095e-05	0.000479093	0.000320246	0.999094	3.93285e-05	1.53328e-05	5.66648e-06	6.83311e-06	1.66661e-05	0.999956
38	0.999183	0.000151789	0.0005546	6.6386e-05	4.42573e-05	6.34466e-05	0.999329	3.01103e-05	0.000568869	8.60293e-06	0.000699544	4.58806e-05	0.999169	6.63919e-05	1.8892e-05	7.23605e-05	0.000484259	0.000253958	0.999143	4.66169e-05	2.02583e-05	6.96381e-06	6.33073e-06	1.50882e-05	0.999951
39	0.999181	0.000142006	0.000573164	5.86243e-05	4.53891e-05	4.54541e-05	0.999331	2.75442e-05	0.000584233	1.21046e-05	0.000694966	3.64676e-05	0.999215	4.16074e-05	1.1748e-05	6.33722e-05	0.000426124	0.000205923	0.99926	4.47976e-05	2.14084e-05	6.2801e-06	5.85987e-06	1.80232e-05	0.999948
40	0.999268	0.000132947	0.000497402	5.22355e-05	4.93935e-05	3.00584e-05	0.999327	2.28816e-05	0.000603617	1.64646e-05	0.000481448	2.99336e-05	0.99945	2.22088e-05	1.63186e-05	5.91973e-05	0.000328559	0.000172627	0.999401	3.84646e-05	3.00299e-05	7.86457e-06	6.86644e-06	1.85342e-05	0.999937
