quality	AA	AC	AG	AT	A.	CA	CC	CG	CT	C.	GA	GC	GG	GT	G.	TA	TC	TG	TT	T.	.A	.C	.G	.T	..
0	NA	NA	NA	NA	NA	NA	NA	NA	NA	NA	NA	NA	NA	NA	NA	NA	NA	NA	NA	NA	NA	NA	NA	NA	NA
1	NA	NA	NA	NA	NA	NA	NA	NA	NA	NA	NA	NA	NA	NA	NA	NA	NA	NA	NA	NA	NA	NA	NA	NA	NA
2	NA	NA	NA	NA	NA	NA	NA	NA	NA	NA	NA	NA	NA	NA	NA	NA	NA	NA	NA	NA	NA	NA	NA	NA	NA
3	NA	NA	NA	NA	NA	NA	NA	NA	NA	NA	NA	NA	NA	NA	NA	NA	NA	NA	NA	NA	NA	NA	NA	NA	NA
4	NA	NA	NA	NA	NA	NA	NA	NA	NA	NA	NA	NA	NA	NA	NA	NA	NA	NA	NA	NA	NA	NA	NA	NA	NA
5	NA	NA	NA	NA	NA	NA	NA	NA	NA	NA	NA	NA	NA	NA	NA	NA	NA	NA	NA	NA	NA	NA	NA	NA	NA
6	NA	NA	NA	NA	NA	NA	NA	NA	NA	NA	NA	NA	NA	NA	NA	NA	NA	NA	NA	NA	NA	NA	NA	NA	NA
7	NA	NA	NA	NA	NA	NA	NA	NA	NA	NA	NA	NA	NA	NA	NA	NA	NA	NA	NA	NA	NA	NA	NA	NA	NA
8	NA	NA	NA	NA	NA	NA	NA	NA	NA	NA	NA	NA	NA	NA	NA	NA	NA	NA	NA	NA	NA	NA	NA	NA	NA
9	NA	NA	NA	NA	NA	NA	NA	NA	NA	NA	NA	NA	NA	NA	NA	NA	NA	NA	NA	NA	NA	NA	NA	NA	NA
10	NA	NA	NA	NA	NA	NA	NA	NA	NA	NA	NA	NA	NA	NA	NA	NA	NA	NA	NA	NA	NA	NA	NA	NA	NA
11	0.975791	0.0117548	0.00419815	0.00783655	0.000419815	0.0570696	0.922199	0.00489168	0.0158397	NA	0.0225239	0.00894922	0.924082	0.0443439	0.000100553	0.0255236	0.00981675	0.0222513	0.942408	NA	4.36586e-05	4.36586e-05	NA	8.73172e-05	0.999825
12	0.972098	0.0129912	0.00599368	0.00873956	0.000177153	0.0388684	0.941257	0.00633114	0.0133435	0.000200353	0.0126751	0.00512169	0.951624	0.0303858	0.000193678	0.0135842	0.00849594	0.0246009	0.953132	0.000186724	2.36845e-05	1.57897e-05	3.15794e-05	7.10536e-05	0.999858
13	0.965005	0.0162239	0.00715058	0.0115048	0.000115785	0.0293414	0.953213	0.00507944	0.0122868	7.92012e-05	0.00982362	0.0044096	0.962925	0.0226703	0.000171485	0.0143091	0.00941538	0.0231866	0.952879	0.000210309	4.86244e-05	3.78189e-05	3.56579e-05	6.05103e-05	0.999817
14	0.962653	0.0169149	0.00728723	0.0129322	0.000212766	0.0280218	0.953575	0.00452807	0.0136746	0.000200801	0.017469	0.00697619	0.943791	0.0315829	0.000180583	0.018867	0.0132576	0.0210752	0.946521	0.000279197	7.60787e-05	5.49458e-05	4.64926e-05	8.87585e-05	0.999734
15	0.977409	0.00828695	0.00548356	0.00870797	0.000112957	0.0121216	0.976836	0.00296153	0.00794334	0.000137746	0.0143189	0.00578351	0.954397	0.0253612	0.000139924	0.0245793	0.0183915	0.0261262	0.930747	0.000156257	6.0227e-05	2.21889e-05	4.1208e-05	6.65667e-05	0.99981
16	0.965483	0.0116516	0.00872774	0.0139658	0.000171562	0.0180511	0.961352	0.00454511	0.0158932	0.000158755	0.017012	0.00696909	0.95239	0.0235228	0.000106185	0.0182084	0.0125719	0.0190028	0.94998	0.000236531	0.000103963	6.14328e-05	4.48932e-05	9.09677e-05	0.999699
17	NA	NA	NA	NA	NA	NA	NA	NA	NA	NA	NA	NA	NA	NA	NA	NA	NA	NA	NA	NA	NA	NA	NA	NA	NA
18	NA	NA	NA	NA	NA	NA	NA	NA	NA	NA	NA	NA	NA	NA	NA	NA	NA	NA	NA	NA	NA	NA	NA	NA	NA
19	NA	NA	NA	NA	NA	NA	NA	NA	NA	NA	NA	NA	NA	NA	NA	NA	NA	NA	NA	NA	NA	NA	NA	NA	NA
20	0.997714	0.000761905	0.000761905	0.000761905	NA	0.00392157	0.994118	NA	0.00196078	NA	0.00144823	0.000724113	0.993966	0.00386194	NA	0.00211416	0.00105708	0.00528541	0.991543	NA	NA	NA	NA	NA	1
21	0.99729	0.00154877	0.000357409	0.000744602	5.95681e-05	0.00239773	0.995858	0.000581269	0.00112621	3.63293e-05	0.002	0.000206897	0.996069	0.00168966	3.44828e-05	0.00139139	0.00117583	0.0020381	0.995395	NA	1.41769e-05	7.08843e-06	1.41769e-05	2.12653e-05	0.999943
22	0.996306	0.0016921	0.00104346	0.000902451	5.64032e-05	0.00347492	0.994376	0.000502949	0.00155457	9.14453e-05	0.0014281	0.000476034	0.99524	0.0028562	NA	0.00151033	0.000943956	0.00372188	0.993716	0.000107881	NA	8.21767e-06	2.4653e-05	4.10883e-05	0.999926
23	0.99716	0.0010442	0.00109916	0.000641178	5.49581e-05	0.00211793	0.995919	0.000878167	0.00108479	NA	0.00162141	0.000388225	0.995707	0.00228368	NA	0.00116788	0.000672416	0.00198186	0.996119	5.89838e-05	1.80357e-05	9.01786e-06	1.80357e-05	3.15625e-05	0.999923
24	0.997557	0.000939761	0.000657833	0.000845785	NA	0.0024035	0.995776	0.000801165	0.00101966	NA	0.00141815	0.000540249	0.996016	0.0019584	6.75311e-05	0.000591827	0.000404934	0.00208697	0.996823	9.34463e-05	2.44242e-05	3.66363e-05	1.22121e-05	4.88484e-05	0.999878
25	0.996687	0.00110449	0.00157306	0.00060245	3.34694e-05	0.00254953	0.995273	0.000796728	0.00132788	5.31152e-05	0.0015259	0.000583431	0.995153	0.00273764	NA	0.00116439	0.000372604	0.00139727	0.996949	0.000116439	8.78048e-06	8.78048e-06	2.63414e-05	5.26829e-05	0.999903
26	0.996252	0.000617338	0.00216068	0.000926008	4.40956e-05	0.00157646	0.996847	7.50694e-05	0.00142632	7.50694e-05	0.00202596	0.000450214	0.995798	0.00165078	7.50356e-05	0.000343426	0.000429283	0.000887184	0.998311	2.86189e-05	4.74794e-05	1.18699e-05	3.56096e-05	8.3089e-05	0.999822
27	0.996761	0.000937191	0.00107072	0.00117953	5.19288e-05	0.00120544	0.996901	0.000381661	0.0014813	3.02305e-05	0.00267231	0.00108532	0.991754	0.00446587	2.29523e-05	0.00111557	0.00126369	0.0037067	0.993818	9.56204e-05	4.14388e-05	1.96659e-05	1.89635e-05	4.28435e-05	0.999877
28	0.996945	0.00169112	0.000654629	0.000545524	0.000163657	0.000381116	0.998237	4.76395e-05	0.00133391	NA	0.00235094	0.000566492	0.995695	0.00138791	NA	0.00028222	0.000376294	0.00056444	0.998777	NA	2.34637e-05	1.17319e-05	1.17319e-05	2.34637e-05	0.99993
29	0.999466	NA	NA	NA	0.000533903	NA	1	NA	NA	NA	0.000622084	0.000311042	0.999067	NA	NA	NA	NA	NA	1	NA	NA	NA	NA	NA	1
30	0.998023	0.000376112	0.000937056	0.000623271	4.0835e-05	0.000330388	0.998263	0.00016683	0.00123977	NA	0.0017347	0.000430724	0.996852	0.000964704	1.7701e-05	0.00058067	0.00113165	0.000666451	0.997572	4.94889e-05	2.41041e-05	9.92523e-06	5.67156e-06	2.33952e-05	0.999937
31	0.998601	0.000277642	0.000765392	0.000315162	4.12712e-05	0.000201461	0.998886	8.11438e-05	0.000817035	1.39903e-05	0.001042	0.000178096	0.998131	0.000637957	1.06326e-05	0.000328004	0.000764632	0.000675176	0.998187	4.47278e-05	2.34034e-05	9.36134e-06	7.02101e-06	2.22332e-05	0.999938
32	0.999661	9.4209e-05	0.00010363	0.000122472	1.88418e-05	0.00011882	0.99943	0.000106938	0.000332696	1.1882e-05	0.00112095	4.92726e-05	0.998473	0.000357226	NA	4.8268e-05	0.000345921	0.00024134	0.999332	3.21787e-05	1.53862e-05	NA	NA	1.79506e-05	0.999967
33	0.999589	0.000181756	0.000134634	7.40486e-05	2.01951e-05	7.53494e-05	0.999576	6.59308e-05	0.00028256	NA	0.000920374	7.14854e-05	0.998508	0.000482526	1.78713e-05	9.12207e-05	0.000417695	0.0004417	0.999035	1.44033e-05	3.65751e-06	5.48627e-06	7.31502e-06	2.92601e-05	0.999954
34	0.998803	0.000213956	0.000704311	0.000223139	5.5096e-05	0.000120427	0.99907	6.88152e-05	0.00073833	2.8673e-06	0.00103295	0.000179427	0.998441	0.000340164	6.2301e-06	0.000205856	0.000625523	0.000470385	0.998639	5.96683e-05	2.6735e-05	9.74715e-06	8.07621e-06	2.47856e-05	0.999931
35	0.999543	0.000106706	0.000281315	5.06582e-05	1.83232e-05	2.3875e-05	0.999758	2.68593e-05	0.000189508	1.49219e-06	0.000375891	6.878e-05	0.999293	0.000259125	3.19907e-06	6.52329e-05	0.000302443	0.000534712	0.99907	2.76745e-05	8.18466e-06	4.27026e-06	4.27026e-06	1.20991e-05	0.999971
36	0.999087	0.000163946	0.000592549	0.000114762	4.15721e-05	6.36881e-05	0.9992	6.09586e-05	0.000666906	8.18847e-06	0.000841325	0.000111181	0.998898	0.000140221	9.1268e-06	0.000130535	0.000591128	0.00027595	0.998944	5.88422e-05	2.38627e-05	9.65436e-06	8.1971e-06	2.7688e-05	0.999931
37	0.999149	0.000111876	0.000609273	8.01277e-05	4.98908e-05	5.16103e-05	0.999279	5.032e-05	0.000607711	1.16123e-05	0.000805082	7.29565e-05	0.999029	8.70359e-05	6.3997e-06	7.64671e-05	0.000582708	0.000286752	0.999002	5.23941e-05	2.05093e-05	9.55546e-06	7.45792e-06	2.49374e-05	0.999938
38	0.999185	0.000121217	0.000583164	7.58158e-05	3.43816e-05	3.31163e-05	0.999395	4.00155e-05	0.000524341	7.58914e-06	0.000721189	6.68518e-05	0.999108	8.84605e-05	1.55312e-05	6.99475e-05	0.000503444	0.000241029	0.99914	4.58891e-05	2.21706e-05	9.67444e-06	7.12147e-06	2.13644e-05	0.99994
39	0.99923	0.000110771	0.000559353	5.22371e-05	4.76253e-05	2.34222e-05	0.999385	3.69294e-05	0.000546038	8.90904e-06	0.000656104	4.12549e-05	0.999246	4.28996e-05	1.37059e-05	5.32668e-05	0.000464549	0.000236548	0.999196	4.92012e-05	2.56276e-05	1.06981e-05	6.91917e-06	2.4776e-05	0.999932
40	0.999286	0.000115535	0.000502742	4.26513e-05	5.34814e-05	1.83599e-05	0.999307	3.74092e-05	0.000627309	9.77526e-06	0.000534398	3.54593e-05	0.999392	2.33377e-05	1.47689e-05	5.28937e-05	0.00033007	0.000217186	0.999359	4.11349e-05	3.42384e-05	1.23263e-05	7.77567e-06	2.38624e-05	0.999922
