quality	AA	AC	AG	AT	A.	CA	CC	CG	CT	C.	GA	GC	GG	GT	G.	TA	TC	TG	TT	T.	.A	.C	.G	.T	..
0	NA	NA	NA	NA	NA	NA	NA	NA	NA	NA	NA	NA	NA	NA	NA	NA	NA	NA	NA	NA	NA	NA	NA	NA	NA
1	NA	NA	NA	NA	NA	NA	NA	NA	NA	NA	NA	NA	NA	NA	NA	NA	NA	NA	NA	NA	NA	NA	NA	NA	NA
2	NA	NA	NA	NA	NA	NA	NA	NA	NA	NA	NA	NA	NA	NA	NA	NA	NA	NA	NA	NA	NA	NA	NA	NA	NA
3	NA	NA	NA	NA	NA	NA	NA	NA	NA	NA	NA	NA	NA	NA	NA	NA	NA	NA	NA	NA	NA	NA	NA	NA	NA
4	NA	NA	NA	NA	NA	NA	NA	NA	NA	NA	NA	NA	NA	NA	NA	NA	NA	NA	NA	NA	NA	NA	NA	NA	NA
5	NA	NA	NA	NA	NA	NA	NA	NA	NA	NA	NA	NA	NA	NA	NA	NA	NA	NA	NA	NA	NA	NA	NA	NA	NA
6	NA	NA	NA	NA	NA	NA	NA	NA	NA	NA	NA	NA	NA	NA	NA	NA	NA	NA	NA	NA	NA	NA	NA	NA	NA
7	NA	NA	NA	NA	NA	NA	NA	NA	NA	NA	NA	NA	NA	NA	NA	NA	NA	NA	NA	NA	NA	NA	NA	NA	NA
8	NA	NA	NA	NA	NA	NA	NA	NA	NA	NA	NA	NA	NA	NA	NA	NA	NA	NA	NA	NA	NA	NA	NA	NA	NA
9	NA	NA	NA	NA	NA	NA	NA	NA	NA	NA	NA	NA	NA	NA	NA	NA	NA	NA	NA	NA	NA	NA	NA	NA	NA
10	0.97619	0.0238095	NA	NA	NA	0.130435	0.826087	NA	0.0434783	NA	0.0125	NA	0.9875	NA	NA	NA	NA	NA	1	NA	NA	NA	NA	NA	1
11	0.973326	0.0143859	0.00353653	0.00851166	0.000239765	0.0722983	0.906373	0.00545806	0.0157024	0.00016794	0.0220866	0.00562992	0.918543	0.0535827	0.00015748	0.0172023	0.00604915	0.0160681	0.960491	0.000189036	8.43668e-05	NA	1.68734e-05	3.37467e-05	0.999865
12	0.973279	0.0138191	0.00528858	0.00746623	0.00014736	0.0545601	0.926133	0.00582333	0.0133937	8.95897e-05	0.0113084	0.00479045	0.946608	0.0372059	8.70992e-05	0.0107363	0.00589319	0.0248586	0.958298	0.000214298	4.97425e-05	1.35661e-05	2.71323e-05	5.42645e-05	0.999855
13	0.967068	0.0180491	0.0058024	0.00896548	0.000115535	0.0393098	0.946257	0.00409628	0.0101923	0.000145144	0.00816801	0.00346463	0.966678	0.0215968	9.29062e-05	0.0121241	0.00909154	0.0224226	0.956223	0.000138802	2.77133e-05	3.58642e-05	2.03774e-05	3.17888e-05	0.999884
14	0.965355	0.0185179	0.00633853	0.00965175	0.000136627	0.0339448	0.950592	0.00453901	0.0108444	7.96317e-05	0.0146568	0.00592294	0.948902	0.0304111	0.000107081	0.0144138	0.00949466	0.0209621	0.954926	0.000203639	4.15744e-05	2.92561e-05	2.46367e-05	4.92734e-05	0.999855
15	0.96672	0.0155437	0.00762944	0.0100201	8.63059e-05	0.0304437	0.952488	0.00503012	0.0119351	0.000102889	0.0117831	0.00595212	0.956977	0.0251754	0.000112467	0.0159448	0.00952853	0.0235563	0.950835	0.000135316	5.37472e-05	2.55939e-05	3.07127e-05	4.09503e-05	0.999849
16	0.966719	0.0149624	0.00717878	0.0110298	0.000109976	0.0252012	0.95742	0.00466388	0.0126367	7.82833e-05	0.0107265	0.00521205	0.960148	0.0237982	0.000115626	0.0187775	0.011695	0.0269115	0.942453	0.000162495	5.03989e-05	2.58141e-05	3.01164e-05	3.0731e-05	0.999863
17	NA	NA	NA	NA	NA	NA	NA	NA	NA	NA	NA	NA	NA	NA	NA	NA	NA	NA	NA	NA	NA	NA	NA	NA	NA
18	1	NA	NA	NA	NA	NA	1	NA	NA	NA	NA	NA	1	NA	NA	NA	NA	NA	1	NA	NA	NA	NA	NA	1
19	1	NA	NA	NA	NA	NA	1	NA	NA	NA	NA	NA	1	NA	NA	NA	NA	NA	1	NA	NA	NA	NA	NA	1
20	0.996223	0.00278275	0.000795071	0.000198768	NA	0.00835013	0.989634	0.000575871	0.00143968	NA	0.00146667	0.000266667	0.9932	0.00506667	NA	0.00111297	0.000556483	0.0111297	0.987201	NA	NA	NA	NA	NA	1
21	0.997072	0.0019902	0.000411198	0.000509885	1.64479e-05	0.00414143	0.994567	0.000333986	0.000957428	NA	0.000635095	0.000275208	0.996909	0.00215932	2.11698e-05	0.000871767	0.00280637	0.00255559	0.99373	3.5826e-05	1.69057e-05	NA	1.26793e-05	2.11321e-05	0.999949
22	0.996506	0.00169849	0.00121321	0.000485284	9.70568e-05	0.0051953	0.993419	0.000384837	0.00092361	7.69675e-05	0.00091134	0.000358026	0.995606	0.00312459	NA	0.00105758	0.00112808	0.0027262	0.995041	4.70035e-05	3.56042e-05	NA	NA	2.13625e-05	0.999943
23	0.997502	0.00160944	0.000592272	0.000270385	2.5751e-05	0.00352119	0.99507	0.000315054	0.00107489	1.85326e-05	0.000644341	0.000250577	0.996993	0.00205831	5.36951e-05	0.000462789	0.00171145	0.00186862	0.995922	3.49275e-05	2.64984e-05	1.32492e-05	1.65615e-05	1.98738e-05	0.999924
24	0.997658	0.0013222	0.000453326	0.000566658	NA	0.003901	0.994756	0.000127902	0.00121507	NA	0.000785166	0.000362384	0.996135	0.00259709	0.000120795	0.000434134	0.00434134	0.00108533	0.994085	5.42667e-05	3.14179e-05	3.14179e-05	3.14179e-05	1.04726e-05	0.999895
25	0.9977	0.00108959	0.000877724	0.00033293	NA	0.0031	0.99615	5e-05	0.0007	NA	0.000865093	0.000240304	0.99654	0.00221079	0.000144182	0.000370636	0.00097292	0.00136672	0.997197	9.26591e-05	4.27409e-05	8.54818e-06	1.70964e-05	2.56445e-05	0.999906
26	0.995399	0.00124605	0.00316304	0.000191699	NA	0.0017166	0.997191	0.000156055	0.00093633	NA	0.000483247	NA	0.996778	0.00257732	0.000161082	0.00025942	0.000843116	0.00110254	0.99773	6.4855e-05	7.80457e-05	2.60152e-05	2.60152e-05	NA	0.99987
27	0.996551	0.00133431	0.00135759	0.000680585	7.70136e-05	0.00233681	0.995988	0.000289905	0.00134411	4.09967e-05	0.00189361	0.000588283	0.994708	0.00278235	2.7773e-05	0.000959913	0.000876051	0.00344281	0.994622	9.88366e-05	2.88496e-05	1.33945e-05	1.08186e-05	2.21524e-05	0.999925
28	0.99669	0.000194704	0.00292056	0.000155763	3.89408e-05	0.000468585	0.998594	0.000156195	0.000780975	NA	0.00104712	0.000106849	0.99735	0.00149589	NA	0.000416216	0.000249729	0.000749188	0.998585	NA	1.81694e-05	NA	NA	9.08471e-06	0.999973
29	0.999013	0.000394945	NA	0.000394945	0.000197472	0.00106914	0.998574	NA	0.000356379	NA	0.000241517	NA	0.999275	0.000483033	NA	NA	NA	NA	0.999485	0.000514668	NA	NA	NA	NA	1
30	0.998192	0.000598351	0.000886387	0.000284853	3.81926e-05	0.0004071	0.998437	0.000140726	0.00101021	5.02592e-06	0.000991785	0.000171972	0.997986	0.000848083	2.35578e-06	0.000323144	0.00101158	0.00082191	0.997797	4.68325e-05	2.13528e-05	4.27057e-06	5.87203e-06	1.54808e-05	0.999953
31	0.998492	0.000429609	0.000876217	0.000163808	3.86339e-05	0.000501378	0.998665	4.82094e-05	0.000785813	NA	0.000786711	0.000124336	0.998454	0.000628464	6.78199e-06	0.000211985	0.000975477	0.000925497	0.997861	2.58519e-05	1.85513e-05	6.83469e-06	5.37011e-06	1.56221e-05	0.999954
32	0.999406	0.000304855	0.000198156	4.57282e-05	4.57282e-05	0.000341884	0.999294	3.30856e-05	0.000319827	1.10285e-05	0.000249987	3.12484e-05	0.9995	0.000218739	NA	6.98017e-05	0.00218479	0.00041881	0.997327	NA	NA	4.49551e-06	4.49551e-06	NA	0.999991
33	0.99957	0.000202456	0.000132862	7.5921e-05	1.89803e-05	0.000479929	0.999194	3.62211e-05	0.000280713	9.05526e-06	0.000138504	5.19391e-05	0.999654	0.000147161	8.65651e-06	5.57309e-05	0.00201645	0.000714369	0.997198	1.51993e-05	7.34271e-06	1.83568e-06	1.83568e-06	5.50703e-06	0.999983
34	0.998353	0.000439682	0.00103362	0.000111038	6.25987e-05	0.000209719	0.998986	6.43456e-05	0.000730442	9.53268e-06	0.000750873	8.92126e-05	0.99875	0.000398271	1.16826e-05	0.000125081	0.000646115	0.000596414	0.998582	5.05295e-05	1.6893e-05	6.24808e-06	3.23975e-06	1.50417e-05	0.999959
35	0.998886	0.000364261	0.000662406	4.36614e-05	4.36614e-05	0.000255587	0.999431	1.81384e-05	0.000291864	3.2979e-06	0.000466909	4.51847e-05	0.99926	0.000222577	5.02053e-06	4.82422e-05	0.000249982	0.000506543	0.999142	5.37242e-05	1.35984e-05	5.28826e-06	3.02186e-06	1.17097e-05	0.999966
36	0.998676	0.000270005	0.000913109	8.94563e-05	5.12737e-05	8.16686e-05	0.999158	4.04045e-05	0.000716105	4.29835e-06	0.000655163	4.77217e-05	0.999064	0.000222432	1.0515e-05	8.06579e-05	0.000840968	0.000405165	0.99861	6.31507e-05	1.69781e-05	6.51684e-06	5.14487e-06	1.28622e-05	0.999958
37	0.998812	0.000216823	0.000863713	5.93937e-05	4.79443e-05	8.51369e-05	0.999294	3.57822e-05	0.000581152	3.70161e-06	0.000653185	5.23545e-05	0.999088	0.000200692	6.23268e-06	7.43003e-05	0.00080367	0.000486701	0.99857	6.54388e-05	1.63087e-05	7.14901e-06	4.02132e-06	1.47448e-05	0.999958
38	0.99874	0.000245638	0.000915731	5.31745e-05	4.56454e-05	5.16639e-05	0.999313	3.66888e-05	0.000594509	4.49251e-06	0.000573935	4.34572e-05	0.999225	0.000146106	1.12389e-05	6.45155e-05	0.000763275	0.000380926	0.998735	5.64511e-05	1.5648e-05	6.2302e-06	5.65065e-06	1.40542e-05	0.999958
39	0.998707	0.000259564	0.00093081	4.71935e-05	5.50957e-05	3.40522e-05	0.99933	2.73476e-05	0.000599354	9.35112e-06	0.000554162	2.82664e-05	0.999299	0.000109227	9.24766e-06	5.87182e-05	0.000673763	0.000327955	0.998879	6.06789e-05	1.63941e-05	5.06727e-06	4.73608e-06	1.54336e-05	0.999958
40	0.998828	0.000239714	0.000826776	4.58317e-05	5.94549e-05	2.55978e-05	0.999335	1.53587e-05	0.000611249	1.32031e-05	0.000393707	2.78812e-05	0.9995	6.78647e-05	1.08767e-05	4.7815e-05	0.000525704	0.000312583	0.999063	5.06021e-05	2.08745e-05	7.45127e-06	6.02676e-06	1.69023e-05	0.999949
