
SUMMARISING RUN PARAMETERS
==========================
Input filename: SC2196/host_removal/SC2196_R2.fastq.gz
Trimming mode: paired-end
Trim Galore version: 0.6.4_dev
Cutadapt version: 4.1
Python version: could not detect
Number of cores used for trimming: 2
Quality Phred score cutoff: 20
Quality encoding type selected: ASCII+33
Using Illumina adapter for trimming (count: 14429). Second best hit was Nextera (count: 0)
Adapter sequence: 'AGATCGGAAGAGC' (Illumina TruSeq, Sanger iPCR; auto-detected)
Maximum trimming error rate: 0.1 (default)
Minimum required adapter overlap (stringency): 1 bp
Minimum required sequence length for both reads before a sequence pair gets removed: 20 bp
Running FastQC on the data once trimming has completed
Output file will be GZIP compressed


This is cutadapt 4.1 with Python 3.9.13
Command line parameters: -j 2 -e 0.1 -q 20 -O 1 -a AGATCGGAAGAGC SC2196/host_removal/SC2196_R2.fastq.gz
Processing single-end reads on 2 cores ...
Finished in 31.16 s (45 µs/read; 1.35 M reads/minute).

=== Summary ===

Total reads processed:                 700,073
Reads with adapters:                   234,330 (33.5%)
Reads written (passing filters):       700,073 (100.0%)

Total basepairs processed:   175,718,323 bp
Quality-trimmed:               3,034,984 bp (1.7%)
Total written (filtered):    171,304,709 bp (97.5%)

=== Adapter 1 ===

Sequence: AGATCGGAAGAGC; Type: regular 3'; Length: 13; Trimmed: 234330 times

Minimum overlap: 1
No. of allowed errors:
1-9 bp: 0; 10-13 bp: 1

Bases preceding removed adapters:
  A: 37.4%
  C: 18.3%
  G: 11.3%
  T: 32.2%
  none/other: 0.7%

Overview of removed sequences
length	count	expect	max.err	error counts
1	157166	175018.2	0	157166
2	47964	43754.6	0	47964
3	6059	10938.6	0	6059
4	1579	2734.7	0	1579
5	139	683.7	0	139
6	158	170.9	0	158
7	5059	42.7	0	5059
8	112	10.7	0	112
9	205	2.7	0	205
10	222	0.7	1	206 16
11	50	0.2	1	43 7
12	218	0.0	1	203 15
13	32	0.0	1	28 4
14	154	0.0	1	142 12
15	42	0.0	1	37 5
16	40	0.0	1	35 5
17	79	0.0	1	73 6
18	35	0.0	1	32 3
19	89	0.0	1	87 2
20	65	0.0	1	60 5
21	16	0.0	1	14 2
22	71	0.0	1	66 5
23	95	0.0	1	90 5
24	1119	0.0	1	1072 47
25	36	0.0	1	29 7
26	110	0.0	1	102 8
27	104	0.0	1	95 9
28	265	0.0	1	248 17
29	40	0.0	1	36 4
30	379	0.0	1	369 10
31	32	0.0	1	28 4
32	68	0.0	1	60 8
33	69	0.0	1	64 5
34	66	0.0	1	57 9
35	111	0.0	1	104 7
36	533	0.0	1	511 22
37	138	0.0	1	133 5
38	58	0.0	1	54 4
39	58	0.0	1	52 6
40	95	0.0	1	87 8
41	182	0.0	1	174 8
42	315	0.0	1	300 15
43	135	0.0	1	128 7
44	245	0.0	1	233 12
45	284	0.0	1	274 10
46	232	0.0	1	220 12
47	371	0.0	1	360 11
48	178	0.0	1	174 4
49	116	0.0	1	111 5
50	74	0.0	1	73 1
51	96	0.0	1	90 6
52	43	0.0	1	41 2
53	151	0.0	1	139 12
54	295	0.0	1	286 9
55	86	0.0	1	80 6
56	165	0.0	1	159 6
57	476	0.0	1	473 3
58	245	0.0	1	242 3
59	79	0.0	1	75 4
60	206	0.0	1	203 3
61	76	0.0	1	72 4
62	36	0.0	1	35 1
63	155	0.0	1	151 4
64	74	0.0	1	71 3
65	40	0.0	1	38 2
66	25	0.0	1	25
67	20	0.0	1	17 3
68	24	0.0	1	23 1
69	22	0.0	1	21 1
70	22	0.0	1	20 2
71	25	0.0	1	23 2
72	30	0.0	1	29 1
73	39	0.0	1	35 4
74	84	0.0	1	74 10
75	112	0.0	1	101 11
76	158	0.0	1	135 23
77	271	0.0	1	237 34
78	438	0.0	1	350 88
79	658	0.0	1	463 195
80	1139	0.0	1	862 277
81	757	0.0	1	609 148
82	381	0.0	1	288 93
83	211	0.0	1	142 69
84	125	0.0	1	83 42
85	103	0.0	1	71 32
86	59	0.0	1	45 14
87	43	0.0	1	30 13
88	57	0.0	1	35 22
89	51	0.0	1	41 10
90	26	0.0	1	14 12
91	35	0.0	1	19 16
92	29	0.0	1	19 10
93	43	0.0	1	29 14
94	225	0.0	1	212 13
95	33	0.0	1	24 9
96	52	0.0	1	41 11
97	29	0.0	1	18 11
98	15	0.0	1	13 2
99	17	0.0	1	10 7
100	10	0.0	1	6 4
101	22	0.0	1	14 8
102	10	0.0	1	8 2
103	10	0.0	1	4 6
104	7	0.0	1	6 1
105	26	0.0	1	20 6
106	6	0.0	1	4 2
107	18	0.0	1	4 14
108	18	0.0	1	9 9
109	11	0.0	1	7 4
110	14	0.0	1	6 8
111	22	0.0	1	19 3
112	9	0.0	1	6 3
113	19	0.0	1	14 5
114	15	0.0	1	5 10
115	6	0.0	1	4 2
116	10	0.0	1	3 7
117	14	0.0	1	12 2
118	12	0.0	1	4 8
119	12	0.0	1	7 5
120	6	0.0	1	2 4
121	9	0.0	1	3 6
122	14	0.0	1	9 5
123	14	0.0	1	11 3
124	8	0.0	1	3 5
125	12	0.0	1	7 5
126	6	0.0	1	4 2
127	31	0.0	1	27 4
128	11	0.0	1	6 5
129	6	0.0	1	2 4
130	16	0.0	1	8 8
131	11	0.0	1	7 4
132	6	0.0	1	3 3
133	13	0.0	1	9 4
134	15	0.0	1	11 4
135	11	0.0	1	3 8
136	9	0.0	1	4 5
137	12	0.0	1	4 8
138	7	0.0	1	2 5
139	10	0.0	1	8 2
140	11	0.0	1	5 6
141	19	0.0	1	12 7
142	5	0.0	1	4 1
143	7	0.0	1	5 2
144	7	0.0	1	3 4
145	6	0.0	1	5 1
146	10	0.0	1	6 4
147	18	0.0	1	15 3
148	11	0.0	1	6 5
149	12	0.0	1	10 2
150	6	0.0	1	2 4
151	11	0.0	1	9 2
152	12	0.0	1	8 4
153	18	0.0	1	14 4
154	29	0.0	1	22 7
155	19	0.0	1	15 4
156	40	0.0	1	35 5
157	19	0.0	1	15 4
158	20	0.0	1	19 1
159	17	0.0	1	16 1
160	29	0.0	1	27 2
161	22	0.0	1	19 3
162	13	0.0	1	9 4
163	16	0.0	1	10 6
164	15	0.0	1	15
165	13	0.0	1	9 4
166	18	0.0	1	16 2
167	20	0.0	1	20
168	25	0.0	1	22 3
169	14	0.0	1	13 1
170	15	0.0	1	14 1
171	4	0.0	1	3 1
172	33	0.0	1	31 2
173	8	0.0	1	7 1
174	14	0.0	1	10 4
175	25	0.0	1	24 1
176	14	0.0	1	14
177	10	0.0	1	10
178	9	0.0	1	9
179	7	0.0	1	7
180	16	0.0	1	12 4
181	16	0.0	1	16
182	5	0.0	1	3 2
183	3	0.0	1	3
184	1	0.0	1	1
185	35	0.0	1	33 2
187	5	0.0	1	5
188	4	0.0	1	4
189	6	0.0	1	6
190	6	0.0	1	6
191	5	0.0	1	3 2
192	8	0.0	1	8
193	6	0.0	1	6
194	5	0.0	1	3 2
195	3	0.0	1	3
196	3	0.0	1	2 1
197	2	0.0	1	2
198	5	0.0	1	5
199	3	0.0	1	3
200	6	0.0	1	5 1
201	4	0.0	1	4
202	7	0.0	1	7
203	8	0.0	1	8
204	3	0.0	1	3
205	4	0.0	1	4
206	2	0.0	1	2
207	6	0.0	1	5 1
208	8	0.0	1	8
209	11	0.0	1	10 1
210	9	0.0	1	9
211	4	0.0	1	2 2
212	8	0.0	1	7 1
213	4	0.0	1	4
214	6	0.0	1	6
215	6	0.0	1	6
216	1	0.0	1	1
217	4	0.0	1	4
218	1	0.0	1	1
221	2	0.0	1	2
222	1	0.0	1	1
223	1	0.0	1	1
226	2	0.0	1	2
227	1	0.0	1	0 1
229	3	0.0	1	3
236	1	0.0	1	1
240	2	0.0	1	2
241	1	0.0	1	1
242	1	0.0	1	1
243	1	0.0	1	0 1
247	1	0.0	1	0 1
248	2	0.0	1	0 2
250	10	0.0	1	0 10
251	300	0.0	1	1 299

RUN STATISTICS FOR INPUT FILE: SC2196/host_removal/SC2196_R2.fastq.gz
=============================================
700073 sequences processed in total

Total number of sequences analysed for the sequence pair length validation: 700073

Number of sequence pairs removed because at least one read was shorter than the length cutoff (20 bp): 3510 (0.50%)
