
SUMMARISING RUN PARAMETERS
==========================
Input filename: SC2201/host_removal/SC2201_R2.fastq.gz
Trimming mode: paired-end
Trim Galore version: 0.6.4_dev
Cutadapt version: 4.1
Python version: could not detect
Number of cores used for trimming: 2
Quality Phred score cutoff: 20
Quality encoding type selected: ASCII+33
Using Illumina adapter for trimming (count: 17277). Second best hit was smallRNA (count: 0)
Adapter sequence: 'AGATCGGAAGAGC' (Illumina TruSeq, Sanger iPCR; auto-detected)
Maximum trimming error rate: 0.1 (default)
Minimum required adapter overlap (stringency): 1 bp
Minimum required sequence length for both reads before a sequence pair gets removed: 20 bp
Running FastQC on the data once trimming has completed
Output file will be GZIP compressed


This is cutadapt 4.1 with Python 3.9.13
Command line parameters: -j 2 -e 0.1 -q 20 -O 1 -a AGATCGGAAGAGC SC2201/host_removal/SC2201_R2.fastq.gz
Processing single-end reads on 2 cores ...
Finished in 34.13 s (39 µs/read; 1.55 M reads/minute).

=== Summary ===

Total reads processed:                 879,507
Reads with adapters:                   299,731 (34.1%)
Reads written (passing filters):       879,507 (100.0%)

Total basepairs processed:   220,756,257 bp
Quality-trimmed:               4,222,905 bp (1.9%)
Total written (filtered):    214,871,409 bp (97.3%)

=== Adapter 1 ===

Sequence: AGATCGGAAGAGC; Type: regular 3'; Length: 13; Trimmed: 299731 times

Minimum overlap: 1
No. of allowed errors:
1-9 bp: 0; 10-13 bp: 1

Bases preceding removed adapters:
  A: 39.8%
  C: 17.5%
  G: 12.1%
  T: 29.6%
  none/other: 0.9%

Overview of removed sequences
length	count	expect	max.err	error counts
1	204605	219876.8	0	204605
2	62494	54969.2	0	62494
3	6117	13742.3	0	6117
4	1602	3435.6	0	1602
5	119	858.9	0	119
6	130	214.7	0	130
7	5084	53.7	0	5084
8	106	13.4	0	106
9	229	3.4	0	228 1
10	234	0.8	1	219 15
11	51	0.2	1	45 6
12	206	0.1	1	196 10
13	25	0.0	1	19 6
14	125	0.0	1	117 8
15	47	0.0	1	42 5
16	26	0.0	1	24 2
17	87	0.0	1	82 5
18	22	0.0	1	19 3
19	84	0.0	1	77 7
20	54	0.0	1	44 10
21	16	0.0	1	15 1
22	49	0.0	1	46 3
23	127	0.0	1	112 15
24	1285	0.0	1	1231 54
25	23	0.0	1	18 5
26	114	0.0	1	108 6
27	88	0.0	1	80 8
28	135	0.0	1	123 12
29	38	0.0	1	36 2
30	176	0.0	1	156 20
31	34	0.0	1	30 4
32	120	0.0	1	108 12
33	91	0.0	1	79 12
34	58	0.0	1	50 8
35	68	0.0	1	59 9
36	155	0.0	1	141 14
37	331	0.0	1	310 21
38	87	0.0	1	79 8
39	157	0.0	1	143 14
40	184	0.0	1	171 13
41	255	0.0	1	226 29
42	708	0.0	1	563 145
43	1356	0.0	1	1256 100
44	1287	0.0	1	1187 100
45	925	0.0	1	858 67
46	423	0.0	1	377 46
47	609	0.0	1	571 38
48	295	0.0	1	280 15
49	158	0.0	1	139 19
50	114	0.0	1	100 14
51	137	0.0	1	120 17
52	106	0.0	1	86 20
53	130	0.0	1	108 22
54	248	0.0	1	234 14
55	113	0.0	1	81 32
56	247	0.0	1	208 39
57	511	0.0	1	484 27
58	205	0.0	1	191 14
59	81	0.0	1	69 12
60	148	0.0	1	140 8
61	29	0.0	1	25 4
62	20	0.0	1	18 2
63	29	0.0	1	27 2
64	23	0.0	1	20 3
65	21	0.0	1	17 4
66	17	0.0	1	16 1
67	7	0.0	1	6 1
68	9	0.0	1	7 2
69	22	0.0	1	19 3
70	14	0.0	1	14
71	10	0.0	1	8 2
72	8	0.0	1	8
73	13	0.0	1	10 3
74	20	0.0	1	17 3
75	33	0.0	1	27 6
76	43	0.0	1	28 15
77	52	0.0	1	36 16
78	92	0.0	1	66 26
79	220	0.0	1	137 83
80	362	0.0	1	260 102
81	496	0.0	1	375 121
82	477	0.0	1	348 129
83	456	0.0	1	319 137
84	349	0.0	1	238 111
85	297	0.0	1	192 105
86	218	0.0	1	152 66
87	167	0.0	1	91 76
88	121	0.0	1	78 43
89	127	0.0	1	87 40
90	74	0.0	1	37 37
91	67	0.0	1	41 26
92	64	0.0	1	33 31
93	62	0.0	1	38 24
94	386	0.0	1	357 29
95	68	0.0	1	54 14
96	98	0.0	1	86 12
97	29	0.0	1	22 7
98	42	0.0	1	27 15
99	31	0.0	1	16 15
100	15	0.0	1	10 5
101	17	0.0	1	13 4
102	23	0.0	1	14 9
103	20	0.0	1	17 3
104	18	0.0	1	7 11
105	24	0.0	1	19 5
106	15	0.0	1	8 7
107	27	0.0	1	15 12
108	15	0.0	1	8 7
109	14	0.0	1	11 3
110	9	0.0	1	5 4
111	21	0.0	1	15 6
112	17	0.0	1	8 9
113	25	0.0	1	21 4
114	20	0.0	1	15 5
115	12	0.0	1	7 5
116	17	0.0	1	10 7
117	32	0.0	1	22 10
118	13	0.0	1	5 8
119	15	0.0	1	4 11
120	9	0.0	1	2 7
121	8	0.0	1	3 5
122	8	0.0	1	5 3
123	18	0.0	1	13 5
124	9	0.0	1	5 4
125	12	0.0	1	3 9
126	6	0.0	1	6
127	43	0.0	1	37 6
128	8	0.0	1	6 2
129	14	0.0	1	5 9
130	10	0.0	1	4 6
131	4	0.0	1	4
132	17	0.0	1	5 12
133	21	0.0	1	11 10
134	16	0.0	1	10 6
135	8	0.0	1	5 3
136	12	0.0	1	4 8
137	8	0.0	1	4 4
138	11	0.0	1	2 9
139	7	0.0	1	3 4
140	8	0.0	1	4 4
141	16	0.0	1	11 5
142	12	0.0	1	6 6
143	13	0.0	1	4 9
144	11	0.0	1	2 9
145	7	0.0	1	2 5
146	13	0.0	1	11 2
147	21	0.0	1	15 6
148	5	0.0	1	2 3
149	11	0.0	1	9 2
150	10	0.0	1	1 9
151	29	0.0	1	18 11
152	21	0.0	1	16 5
153	20	0.0	1	15 5
154	17	0.0	1	14 3
155	13	0.0	1	9 4
156	61	0.0	1	59 2
157	35	0.0	1	29 6
158	17	0.0	1	10 7
159	22	0.0	1	20 2
160	43	0.0	1	35 8
161	29	0.0	1	26 3
162	19	0.0	1	18 1
163	15	0.0	1	11 4
164	24	0.0	1	23 1
165	12	0.0	1	8 4
166	33	0.0	1	30 3
167	28	0.0	1	26 2
168	34	0.0	1	28 6
169	27	0.0	1	25 2
170	9	0.0	1	7 2
171	8	0.0	1	5 3
172	41	0.0	1	38 3
173	18	0.0	1	11 7
174	23	0.0	1	20 3
175	39	0.0	1	34 5
176	19	0.0	1	16 3
177	9	0.0	1	9
178	9	0.0	1	8 1
179	1	0.0	1	1
180	21	0.0	1	17 4
181	26	0.0	1	25 1
182	2	0.0	1	2
183	5	0.0	1	3 2
184	2	0.0	1	1 1
185	27	0.0	1	24 3
187	6	0.0	1	4 2
188	4	0.0	1	2 2
189	4	0.0	1	4
190	11	0.0	1	11
191	11	0.0	1	10 1
192	19	0.0	1	18 1
193	16	0.0	1	15 1
194	3	0.0	1	3
195	7	0.0	1	6 1
196	4	0.0	1	4
197	7	0.0	1	6 1
198	4	0.0	1	4
199	5	0.0	1	4 1
200	6	0.0	1	6
201	7	0.0	1	7
202	10	0.0	1	10
203	9	0.0	1	9
204	5	0.0	1	5
205	5	0.0	1	4 1
206	1	0.0	1	1
207	16	0.0	1	15 1
208	12	0.0	1	12
209	11	0.0	1	11
210	15	0.0	1	15
211	2	0.0	1	2
212	14	0.0	1	13 1
213	9	0.0	1	5 4
214	10	0.0	1	10
215	8	0.0	1	7 1
217	6	0.0	1	5 1
218	2	0.0	1	1 1
220	2	0.0	1	2
221	4	0.0	1	3 1
222	1	0.0	1	0 1
227	2	0.0	1	2
228	1	0.0	1	1
229	1	0.0	1	1
230	1	0.0	1	1
231	1	0.0	1	1
236	1	0.0	1	0 1
240	1	0.0	1	0 1
241	1	0.0	1	1
243	2	0.0	1	1 1
247	3	0.0	1	0 3
248	3	0.0	1	0 3
249	2	0.0	1	0 2
250	18	0.0	1	0 18
251	423	0.0	1	0 423

RUN STATISTICS FOR INPUT FILE: SC2201/host_removal/SC2201_R2.fastq.gz
=============================================
879507 sequences processed in total

Total number of sequences analysed for the sequence pair length validation: 879507

Number of sequence pairs removed because at least one read was shorter than the length cutoff (20 bp): 4988 (0.57%)
