quality	AA	AC	AG	AT	A.	CA	CC	CG	CT	C.	GA	GC	GG	GT	G.	TA	TC	TG	TT	T.	.A	.C	.G	.T	..
0	NA	NA	NA	NA	NA	NA	NA	NA	NA	NA	NA	NA	NA	NA	NA	NA	NA	NA	NA	NA	NA	NA	NA	NA	NA
1	NA	NA	NA	NA	NA	NA	NA	NA	NA	NA	NA	NA	NA	NA	NA	NA	NA	NA	NA	NA	NA	NA	NA	NA	NA
2	NA	NA	NA	NA	NA	NA	NA	NA	NA	NA	NA	NA	NA	NA	NA	NA	NA	NA	NA	NA	NA	NA	NA	NA	NA
3	NA	NA	NA	NA	NA	NA	NA	NA	NA	NA	NA	NA	NA	NA	NA	NA	NA	NA	NA	NA	NA	NA	NA	NA	NA
4	NA	NA	NA	NA	NA	NA	NA	NA	NA	NA	NA	NA	NA	NA	NA	NA	NA	NA	NA	NA	NA	NA	NA	NA	NA
5	NA	NA	NA	NA	NA	NA	NA	NA	NA	NA	NA	NA	NA	NA	NA	NA	NA	NA	NA	NA	NA	NA	NA	NA	NA
6	NA	NA	NA	NA	NA	NA	NA	NA	NA	NA	NA	NA	NA	NA	NA	NA	NA	NA	NA	NA	NA	NA	NA	NA	NA
7	NA	NA	NA	NA	NA	NA	NA	NA	NA	NA	NA	NA	NA	NA	NA	NA	NA	NA	NA	NA	NA	NA	NA	NA	NA
8	NA	NA	NA	NA	NA	NA	NA	NA	NA	NA	NA	NA	NA	NA	NA	NA	NA	NA	NA	NA	NA	NA	NA	NA	NA
9	NA	NA	NA	NA	NA	NA	NA	NA	NA	NA	NA	NA	NA	NA	NA	NA	NA	NA	NA	NA	NA	NA	NA	NA	NA
10	0.945455	0.0181818	NA	0.0363636	NA	0.107143	0.857143	NA	0.0357143	NA	0.0241935	0.00806452	0.943548	0.0241935	NA	0.0909091	NA	NA	0.909091	NA	NA	NA	NA	NA	1
11	0.970487	0.0144734	0.00541742	0.00937942	0.000242571	0.0810409	0.893804	0.00557621	0.0194548	0.000123916	0.0285215	0.00589613	0.907411	0.0580585	0.000112845	0.0242215	0.0115842	0.026779	0.937114	0.000300888	3.61685e-05	4.82247e-05	NA	2.41124e-05	0.999891
12	0.954638	0.0154887	0.0218746	0.00788401	0.000114261	0.0589282	0.918229	0.0080661	0.0145973	0.000179609	0.012234	0.00457366	0.945249	0.0378301	0.000112803	0.0128446	0.0107612	0.0267911	0.949362	0.000241051	3.04581e-05	2.70739e-05	2.36896e-05	4.73793e-05	0.999871
13	0.964154	0.0194434	0.00634763	0.00992446	0.000130216	0.0442113	0.939195	0.0052039	0.0112197	0.000170113	0.00799348	0.00346215	0.965742	0.0227052	9.69789e-05	0.0126397	0.00784673	0.0244927	0.954859	0.000161926	3.31348e-05	2.38157e-05	2.69221e-05	3.15816e-05	0.999885
14	0.962979	0.019729	0.00600862	0.0111488	0.000135025	0.0384666	0.944473	0.0043224	0.0126513	8.69975e-05	0.0123761	0.00541135	0.949613	0.0324893	0.000110349	0.0146931	0.0109809	0.0214371	0.952706	0.000182692	5.11193e-05	3.1829e-05	2.41129e-05	3.3758e-05	0.999859
15	0.965836	0.0161881	0.00675344	0.0110993	0.000122891	0.0308619	0.951482	0.00527227	0.0122827	0.000100974	0.0124971	0.00606956	0.955745	0.025604	8.39109e-05	0.015369	0.0106638	0.0242053	0.949552	0.000210055	5.21227e-05	2.44325e-05	2.11748e-05	4.72362e-05	0.999855
16	0.963782	0.0161028	0.00812932	0.0118901	9.54685e-05	0.0272168	0.955444	0.00480919	0.0124581	7.1892e-05	0.010889	0.00515309	0.959275	0.0246017	8.1151e-05	0.0183975	0.0128143	0.0284886	0.940144	0.000155448	5.01511e-05	2.70044e-05	2.66187e-05	3.93493e-05	0.999857
17	NA	NA	NA	NA	NA	NA	NA	NA	NA	NA	NA	NA	NA	NA	NA	NA	NA	NA	NA	NA	NA	NA	NA	NA	NA
18	1	NA	NA	NA	NA	NA	1	NA	NA	NA	NA	NA	1	NA	NA	NA	NA	NA	1	NA	NA	NA	NA	NA	1
19	1	NA	NA	NA	NA	NA	1	NA	NA	NA	NA	NA	0.987179	0.0128205	NA	NA	NA	NA	1	NA	NA	NA	NA	NA	1
20	0.995357	0.00215553	0.00215553	0.00016581	0.00016581	0.0118056	0.985417	0.00208333	0.000694444	NA	0.0080806	0.000104943	0.987197	0.00461748	NA	0.00262906	0.000717017	0.00478011	0.991874	NA	4.15628e-05	NA	NA	NA	0.999958
21	0.994232	0.00268584	0.00237553	0.000620633	8.56045e-05	0.00566915	0.993092	0.00032062	0.00091814	NA	0.00140036	0.000322084	0.995239	0.00302479	1.40036e-05	0.00070103	0.00124028	0.00252679	0.995509	2.31109e-05	2.20238e-05	2.75297e-06	1.92708e-05	1.37649e-05	0.999942
22	0.996239	0.00234461	0.000755311	0.000582219	7.86782e-05	0.00679113	0.991579	0.00044451	0.00116067	2.4695e-05	0.00220591	0.00030924	0.993733	0.0037315	2.0616e-05	0.000983621	0.00105814	0.00326383	0.994575	0.000119227	4.55365e-05	1.82146e-05	9.1073e-06	2.73219e-05	0.9999
23	0.995627	0.00206402	0.00192867	0.000312986	6.76727e-05	0.00442467	0.99432	0.000370716	0.000884935	NA	0.000921637	0.000259949	0.996373	0.00242225	2.36317e-05	0.000380198	0.00135865	0.00157111	0.996668	2.23646e-05	1.93453e-05	2.14948e-05	1.28969e-05	1.50464e-05	0.999931
24	0.997776	0.00130104	0.000520414	0.000331173	7.09656e-05	0.0036502	0.994253	0.000271824	0.00174744	7.76639e-05	0.000684879	0.000152195	0.99669	0.00247318	NA	0.0003571	0.000714201	0.00122434	0.99767	3.40096e-05	3.26614e-05	3.91937e-05	2.61291e-05	2.61291e-05	0.999876
25	0.997895	0.00133256	0.000328312	0.000366937	7.72499e-05	0.00385719	0.994358	0.000510041	0.00117947	9.56328e-05	0.00086433	0.000327849	0.996185	0.00262279	NA	0.000481935	0.000759412	0.0014458	0.997211	0.000102229	3.78154e-05	1.08044e-05	3.78154e-05	3.24132e-05	0.999881
26	0.997188	0.000937266	0.00143714	0.000437391	NA	0.00267592	0.99663	0.000297324	0.000297324	9.9108e-05	0.000104603	0.000627615	0.996862	0.00240586	NA	0.00029994	0.00132831	0.00107121	0.997215	8.56971e-05	0.000101762	NA	5.08811e-05	1.69604e-05	0.99983
27	0.996628	0.0012664	0.00140558	0.000623423	7.70652e-05	0.00280995	0.995428	0.000305144	0.00143025	2.62087e-05	0.00172695	0.000540285	0.994615	0.00309154	2.61165e-05	0.00102567	0.00139103	0.00346426	0.99401	0.000109418	2.70287e-05	1.35144e-05	1.61513e-05	2.17548e-05	0.999922
28	0.999008	0.00031002	0.000341022	0.000248016	9.3006e-05	0.000642312	0.998475	5.3526e-05	0.00080289	2.6763e-05	0.00156718	0.000294816	0.996354	0.0017689	1.55166e-05	0.000378167	0.0011345	0.000378167	0.998046	6.30279e-05	6.67111e-06	NA	6.67111e-06	4.00267e-05	0.999947
29	0.999017	0.00028082	0.00028082	0.00028082	0.00014041	0.0014518	0.998258	NA	NA	0.00029036	0.00980392	NA	0.989886	0.000309598	NA	0.000496278	0.000496278	0.000992556	0.998015	NA	NA	NA	NA	NA	1
30	0.997625	0.000527792	0.00152017	0.000282746	4.43522e-05	0.000584048	0.998198	0.000167611	0.00103677	1.38236e-05	0.000931259	0.000149001	0.99804	0.000874573	4.85874e-06	0.000328843	0.00157651	0.000667359	0.997379	4.83593e-05	1.58566e-05	4.05635e-06	4.42511e-06	1.36441e-05	0.999962
31	0.997976	0.000436463	0.00142094	0.000123466	4.33214e-05	0.000607383	0.998532	9.67809e-05	0.000747549	1.66864e-05	0.000676461	0.000108548	0.998579	0.000627693	7.86583e-06	0.000208365	0.00122547	0.00066041	0.997863	4.23793e-05	1.85949e-05	3.71897e-06	5.40942e-06	1.1495e-05	0.999961
32	0.998787	0.000628025	0.000498089	7.57961e-05	1.0828e-05	0.000319686	0.999414	9.89504e-05	0.000167454	NA	0.000177596	3.69992e-05	0.999652	0.000133197	NA	6.23531e-05	0.000652309	0.000249412	0.999007	2.87784e-05	9.39785e-06	3.13262e-06	3.13262e-06	6.26523e-06	0.999978
33	0.998328	0.000505622	0.0010556	7.09645e-05	3.99175e-05	0.000523808	0.999121	0.000106009	0.000243197	6.23581e-06	0.000145258	6.94712e-05	0.999564	0.000208414	1.26311e-05	5.98097e-05	0.00121378	0.00029553	0.99841	2.11093e-05	8.9802e-06	NA	2.56577e-06	7.69731e-06	0.999981
34	0.998447	0.000222311	0.00115748	0.000113765	5.89697e-05	0.000308437	0.998895	6.63305e-05	0.000721345	9.12045e-06	0.000829136	9.25375e-05	0.998598	0.00047009	1.03642e-05	0.000137603	0.0010306	0.000508507	0.998266	5.77591e-05	1.94258e-05	4.33468e-06	7.54555e-06	1.70176e-05	0.999952
35	0.999117	0.000155362	0.000641672	5.14808e-05	3.49334e-05	0.000256728	0.99947	3.24025e-05	0.000240526	NA	0.000704205	6.5418e-05	0.998975	0.000244997	1.02616e-05	7.16973e-05	0.000512238	0.000536933	0.998824	5.49679e-05	1.00231e-05	4.73314e-06	6.12523e-06	1.75404e-05	0.999962
36	0.998495	0.000168349	0.00119277	8.95475e-05	5.41265e-05	0.00021101	0.999094	6.45442e-05	0.000621238	9.30926e-06	0.000630333	6.23859e-05	0.998998	0.000302513	6.474e-06	9.89618e-05	0.00111827	0.000239758	0.998485	5.80276e-05	1.56625e-05	7.20973e-06	5.71806e-06	1.76514e-05	0.999954
37	0.998561	0.000164851	0.00115396	7.98499e-05	4.06977e-05	0.000219277	0.999084	5.65877e-05	0.000629539	1.06102e-05	0.000579642	6.52098e-05	0.999098	0.000248159	9.05691e-06	7.85373e-05	0.00105201	0.00025161	0.998565	5.33278e-05	1.77946e-05	7.69496e-06	4.80935e-06	1.57105e-05	0.999954
38	0.998637	0.000128941	0.00111252	7.10421e-05	5.04399e-05	0.000167159	0.99924	4.36067e-05	0.000541171	7.82685e-06	0.000564623	5.36107e-05	0.999149	0.000220146	1.25472e-05	7.39164e-05	0.00103308	0.000197578	0.998644	5.14963e-05	1.80237e-05	5.86313e-06	5.9717e-06	1.82408e-05	0.999952
39	0.998664	0.000113113	0.00111141	5.84684e-05	5.27745e-05	0.000162336	0.999237	3.82931e-05	0.000552379	1.02571e-05	0.000649708	4.40854e-05	0.999091	0.000203757	1.17102e-05	6.18674e-05	0.000910233	0.000129794	0.998847	5.12639e-05	1.7982e-05	6.04544e-06	5.37659e-06	1.65156e-05	0.999954
40	0.998846	8.72924e-05	0.000952281	5.88497e-05	5.53926e-05	0.000114432	0.999251	3.09147e-05	0.000586899	1.64159e-05	0.000635244	3.948e-05	0.999045	0.000267038	1.27488e-05	5.62179e-05	0.000660142	0.000107408	0.99913	4.5858e-05	2.34072e-05	7.30421e-06	6.65334e-06	2.02252e-05	0.999942
