quality	AA	AC	AG	AT	A.	CA	CC	CG	CT	C.	GA	GC	GG	GT	G.	TA	TC	TG	TT	T.	.A	.C	.G	.T	..
0	NA	NA	NA	NA	NA	NA	NA	NA	NA	NA	NA	NA	NA	NA	NA	NA	NA	NA	NA	NA	NA	NA	NA	NA	NA
1	NA	NA	NA	NA	NA	NA	NA	NA	NA	NA	NA	NA	NA	NA	NA	NA	NA	NA	NA	NA	NA	NA	NA	NA	NA
2	NA	NA	NA	NA	NA	NA	NA	NA	NA	NA	NA	NA	NA	NA	NA	NA	NA	NA	NA	NA	NA	NA	NA	NA	NA
3	NA	NA	NA	NA	NA	NA	NA	NA	NA	NA	NA	NA	NA	NA	NA	NA	NA	NA	NA	NA	NA	NA	NA	NA	NA
4	NA	NA	NA	NA	NA	NA	NA	NA	NA	NA	NA	NA	NA	NA	NA	NA	NA	NA	NA	NA	NA	NA	NA	NA	NA
5	NA	NA	NA	NA	NA	NA	NA	NA	NA	NA	NA	NA	NA	NA	NA	NA	NA	NA	NA	NA	NA	NA	NA	NA	NA
6	NA	NA	NA	NA	NA	NA	NA	NA	NA	NA	NA	NA	NA	NA	NA	NA	NA	NA	NA	NA	NA	NA	NA	NA	NA
7	NA	NA	NA	NA	NA	NA	NA	NA	NA	NA	NA	NA	NA	NA	NA	NA	NA	NA	NA	NA	NA	NA	NA	NA	NA
8	NA	NA	NA	NA	NA	NA	NA	NA	NA	NA	NA	NA	NA	NA	NA	NA	NA	NA	NA	NA	NA	NA	NA	NA	NA
9	NA	NA	NA	NA	NA	NA	NA	NA	NA	NA	NA	NA	NA	NA	NA	NA	NA	NA	NA	NA	NA	NA	NA	NA	NA
10	NA	NA	NA	NA	NA	NA	NA	NA	NA	NA	NA	NA	NA	NA	NA	NA	NA	NA	NA	NA	NA	NA	NA	NA	NA
11	0.976146	0.0109916	0.00350795	0.00912067	0.000233863	0.0465407	0.93238	0.00646979	0.0144005	0.000208703	0.0189144	0.00920569	0.935862	0.0357161	0.000301826	0.0266002	0.00831255	0.019673	0.945137	0.000277085	2.1796e-05	2.1796e-05	2.1796e-05	4.3592e-05	0.999891
12	0.97332	0.0123296	0.00687274	0.00727047	0.000206819	0.0347233	0.948296	0.00574236	0.0111258	0.000112155	0.0117701	0.00507633	0.9572	0.0258171	0.000136862	0.013511	0.00866496	0.0286023	0.948932	0.00028971	4.43113e-05	2.65868e-05	1.77245e-05	6.20358e-05	0.999849
13	0.966692	0.0157757	0.00665244	0.0106876	0.000192534	0.0293924	0.952419	0.00504696	0.0130045	0.000136824	0.00971908	0.0045567	0.965515	0.0200831	0.000126185	0.0148316	0.0102475	0.0230173	0.951701	0.00020297	5.56978e-05	4.62039e-05	3.22794e-05	5.06344e-05	0.999815
14	0.961751	0.0173455	0.00772259	0.012938	0.000242753	0.0276555	0.953881	0.00466396	0.0136296	0.000169804	0.0181349	0.00673844	0.944694	0.0302128	0.000220344	0.018553	0.0156911	0.0233014	0.942207	0.000247571	8.00485e-05	5.61534e-05	5.01796e-05	7.7659e-05	0.999736
15	0.976356	0.00768063	0.00736013	0.00850717	9.55862e-05	0.0117189	0.976765	0.00283501	0.00849149	0.000189452	0.0138208	0.00599027	0.954751	0.0253256	0.00011267	0.0252204	0.0153193	0.026339	0.932903	0.000218472	8.33196e-05	3.01369e-05	3.90007e-05	6.73648e-05	0.99978
16	0.963185	0.0124475	0.00968353	0.0144992	0.000184552	0.0179324	0.960358	0.00476861	0.0167657	0.000175704	0.0177384	0.00832064	0.949088	0.0247108	0.000142092	0.0195293	0.0134098	0.0199259	0.94687	0.000265351	0.000120377	6.3729e-05	5.6648e-05	8.00154e-05	0.999679
17	NA	NA	NA	NA	NA	NA	NA	NA	NA	NA	NA	NA	NA	NA	NA	NA	NA	NA	NA	NA	NA	NA	NA	NA	NA
18	NA	NA	NA	NA	NA	NA	NA	NA	NA	NA	NA	NA	NA	NA	NA	NA	NA	NA	NA	NA	NA	NA	NA	NA	NA
19	NA	NA	NA	NA	NA	NA	NA	NA	NA	NA	NA	NA	NA	NA	NA	NA	NA	NA	NA	NA	NA	NA	NA	NA	NA
20	0.997076	0.00194932	0.000389864	0.000584795	NA	0.00353165	0.995653	NA	0.000814996	NA	0.00177012	0.00059004	0.993982	0.00342223	0.000236016	0.00030553	0.00061106	0.00397189	0.995112	NA	4.86594e-05	NA	9.73189e-05	4.86594e-05	0.999805
21	0.997338	0.00134746	0.000598872	0.000682049	3.32707e-05	0.00239969	0.996065	0.000562089	0.000951228	2.16188e-05	0.000794613	0.00029798	0.997199	0.00166869	3.97306e-05	0.00101926	0.000557037	0.00246519	0.995947	1.18519e-05	2.07451e-05	1.65961e-05	4.14902e-06	2.07451e-05	0.999938
22	0.995936	0.00238381	0.000783937	0.00075194	0.000143988	0.00358733	0.99397	0.000610609	0.00180639	2.54421e-05	0.00220946	0.000820655	0.993961	0.00298803	2.10424e-05	0.00196082	0.000925505	0.00334123	0.993694	7.84326e-05	2.81706e-05	2.34755e-05	4.6951e-05	1.87804e-05	0.999883
23	0.997299	0.00146392	0.000587629	0.000639175	1.03093e-05	0.00223622	0.993835	0.000649714	0.00323346	4.53289e-05	0.00145816	0.000546808	0.995555	0.00241156	2.80414e-05	0.00115863	0.00213016	0.00169117	0.99497	5.03753e-05	2.41085e-05	2.14297e-05	1.8751e-05	2.94659e-05	0.999906
24	0.998057	0.000997315	0.000434727	0.000434727	7.67165e-05	0.00185874	0.996325	0.000464684	0.00135181	NA	0.00124961	0.000585754	0.996368	0.00175726	3.90503e-05	0.00055535	0.000499815	0.00157349	0.997316	5.5535e-05	4.21541e-05	4.21541e-05	2.1077e-05	3.51284e-05	0.999859
25	0.997094	0.00128974	0.000744777	0.000781108	9.08265e-05	0.00250778	0.99296	0.000906427	0.00359549	3.02142e-05	0.00359071	0.000657841	0.99249	0.00320697	5.48201e-05	0.0013165	0.00350618	0.0014374	0.993646	9.40355e-05	5.02606e-05	1.50782e-05	2.01042e-05	3.01564e-05	0.999884
26	0.996992	0.00156491	0.000537937	0.000806905	9.78067e-05	0.00229251	0.992655	0.000466992	0.00458501	NA	0.00376256	0.000841043	0.992652	0.00274446	NA	0.000363096	0.00292127	0.00103978	0.995593	8.25219e-05	4.74557e-05	3.38969e-05	1.35588e-05	4.74557e-05	0.999858
27	0.996041	0.00112311	0.00155646	0.00120811	7.10651e-05	0.00133299	0.996502	0.000441402	0.00170412	1.97643e-05	0.0027924	0.00134332	0.990795	0.00504858	2.04096e-05	0.00125016	0.00160201	0.00406275	0.992949	0.000136341	3.33146e-05	2.88456e-05	1.6251e-05	4.22527e-05	0.999879
28	0.997842	0.000442686	0.000940708	0.0007747	NA	0.000370212	0.997266	0.000199345	0.00216432	NA	0.00290049	0.000378959	0.99535	0.00137008	NA	0.000865286	0.00481315	0.000540804	0.993727	5.40804e-05	2.52651e-05	2.52651e-05	1.89488e-05	NA	0.999931
29	0.999407	NA	0.00029656	NA	0.00029656	0.000457457	0.999543	NA	NA	NA	0.000663394	NA	0.999071	0.000265358	NA	0.000621504	NA	0.000621504	0.998757	NA	6.80318e-05	NA	NA	NA	0.999932
30	0.997506	0.00076866	0.0010387	0.000634825	5.21125e-05	0.000301279	0.997773	0.000161529	0.00176411	NA	0.00188005	0.000361857	0.996922	0.00082825	8.04126e-06	0.000690171	0.00138405	0.000602972	0.997282	4.08166e-05	2.66549e-05	1.45034e-05	1.09755e-05	2.4303e-05	0.999924
31	0.998311	0.000550947	0.000801095	0.000279091	5.78856e-05	0.000192449	0.998252	7.66666e-05	0.00146762	1.09524e-05	0.00141046	0.000170178	0.997791	0.000617255	1.15375e-05	0.000333314	0.00111708	0.000609867	0.997895	4.46833e-05	2.76561e-05	1.17132e-05	8.78487e-06	2.57039e-05	0.999926
32	0.99958	0.000174853	0.000139882	8.49287e-05	1.99832e-05	0.000129126	0.998158	2.71844e-05	0.00168544	NA	0.000402338	5.27656e-05	0.999202	0.000342976	NA	0.000134502	0.000166968	0.000315384	0.99936	2.319e-05	1.71028e-05	1.28271e-05	1.42523e-05	8.55141e-06	0.999947
33	0.999657	0.000104777	0.000115616	9.39378e-05	2.89039e-05	0.000127042	0.998237	3.17605e-05	0.00159861	5.29341e-06	0.000211495	4.53204e-05	0.99936	0.00037767	5.0356e-06	6.88112e-05	0.000170652	0.000470669	0.999251	3.85343e-05	1.5459e-05	7.2142e-06	1.23672e-05	7.2142e-06	0.999958
34	0.998277	0.000539705	0.000891247	0.000211937	8.04246e-05	0.000129578	0.998644	8.15858e-05	0.0011398	4.79917e-06	0.00139207	0.000183637	0.998056	0.000364523	4.12668e-06	0.000209107	0.00119417	0.000417083	0.998085	9.49457e-05	2.56139e-05	1.33503e-05	1.14875e-05	2.67006e-05	0.999923
35	0.999268	0.000259103	0.000389531	4.32813e-05	3.9772e-05	2.3692e-05	0.999669	1.89536e-05	0.000287463	7.89733e-07	0.000564841	7.93785e-05	0.999105	0.000247327	3.34225e-06	5.06757e-05	0.000614234	0.000527918	0.998743	6.45976e-05	1.31378e-05	5.40968e-06	6.37569e-06	1.48766e-05	0.99996
36	0.998682	0.000393617	0.000738308	0.000137624	4.89259e-05	5.44388e-05	0.998604	6.24298e-05	0.00127257	6.99213e-06	0.00101815	0.000100829	0.998729	0.000146538	5.37755e-06	0.000122314	0.000883215	0.000240502	0.998683	7.09124e-05	2.68263e-05	1.24196e-05	1.19228e-05	2.51372e-05	0.999924
37	0.998552	0.000368688	0.000921925	0.000103758	5.33142e-05	5.27275e-05	0.998717	4.06144e-05	0.00118281	7.12534e-06	0.00103548	6.14858e-05	0.998786	0.000110395	6.28832e-06	9.45772e-05	0.000996004	0.00029315	0.998534	8.20193e-05	2.55779e-05	1.13822e-05	1.11264e-05	2.4299e-05	0.999928
38	0.998602	0.000371102	0.000898841	7.25815e-05	5.57239e-05	4.01642e-05	0.998782	4.24164e-05	0.00112948	5.63049e-06	0.000901553	6.09256e-05	0.998944	8.48606e-05	8.341e-06	6.63535e-05	0.000825271	0.000239556	0.998795	7.41598e-05	2.25546e-05	1.13135e-05	1.00807e-05	2.34973e-05	0.999933
39	0.998583	0.000390815	0.000911809	5.51132e-05	5.93852e-05	3.15365e-05	0.998766	3.6638e-05	0.00115858	6.80198e-06	0.000853493	4.052e-05	0.999049	5.01536e-05	7.05974e-06	6.02235e-05	0.000691543	0.000227	0.998947	7.41178e-05	2.38303e-05	1.17656e-05	9.79992e-06	2.37449e-05	0.999931
40	0.99904	0.000344217	0.000504126	4.80338e-05	6.33183e-05	2.75409e-05	0.998778	3.22962e-05	0.00115695	5.6799e-06	0.000628449	3.04994e-05	0.999302	3.10467e-05	8.31802e-06	4.91543e-05	0.000371854	0.000227976	0.999288	6.28035e-05	2.76052e-05	1.20205e-05	9.98484e-06	2.66574e-05	0.999924
