quality	AA	AC	AG	AT	A.	CA	CC	CG	CT	C.	GA	GC	GG	GT	G.	TA	TC	TG	TT	T.	.A	.C	.G	.T	..
0	NA	NA	NA	NA	NA	NA	NA	NA	NA	NA	NA	NA	NA	NA	NA	NA	NA	NA	NA	NA	NA	NA	NA	NA	NA
1	NA	NA	NA	NA	NA	NA	NA	NA	NA	NA	NA	NA	NA	NA	NA	NA	NA	NA	NA	NA	NA	NA	NA	NA	NA
2	NA	NA	NA	NA	NA	NA	NA	NA	NA	NA	NA	NA	NA	NA	NA	NA	NA	NA	NA	NA	NA	NA	NA	NA	NA
3	NA	NA	NA	NA	NA	NA	NA	NA	NA	NA	NA	NA	NA	NA	NA	NA	NA	NA	NA	NA	NA	NA	NA	NA	NA
4	NA	NA	NA	NA	NA	NA	NA	NA	NA	NA	NA	NA	NA	NA	NA	NA	NA	NA	NA	NA	NA	NA	NA	NA	NA
5	NA	NA	NA	NA	NA	NA	NA	NA	NA	NA	NA	NA	NA	NA	NA	NA	NA	NA	NA	NA	NA	NA	NA	NA	NA
6	NA	NA	NA	NA	NA	NA	NA	NA	NA	NA	NA	NA	NA	NA	NA	NA	NA	NA	NA	NA	NA	NA	NA	NA	NA
7	NA	NA	NA	NA	NA	NA	NA	NA	NA	NA	NA	NA	NA	NA	NA	NA	NA	NA	NA	NA	NA	NA	NA	NA	NA
8	NA	NA	NA	NA	NA	NA	NA	NA	NA	NA	NA	NA	NA	NA	NA	NA	NA	NA	NA	NA	NA	NA	NA	NA	NA
9	NA	NA	NA	NA	NA	NA	NA	NA	NA	NA	NA	NA	NA	NA	NA	NA	NA	NA	NA	NA	NA	NA	NA	NA	NA
10	1	NA	NA	NA	NA	0.025	0.95	NA	0.025	NA	0.00735294	NA	0.948529	0.0441176	NA	NA	NA	NA	1	NA	NA	NA	NA	NA	1
11	0.973667	0.0129159	0.00354706	0.00963874	0.00023133	0.0644871	0.910868	0.00559888	0.0188962	0.00014997	0.0203762	0.00498718	0.925002	0.049468	0.000166239	0.0149727	0.00495786	0.0141795	0.96589	NA	7.1363e-05	1.01947e-05	2.03894e-05	8.15578e-05	0.999816
12	0.972233	0.0145744	0.00561434	0.00746354	0.000114384	0.0481546	0.932063	0.00581449	0.0138094	0.000158577	0.0115713	0.00382892	0.950697	0.033801	0.000101428	0.00889261	0.0047848	0.0224323	0.96381	8.03204e-05	3.89192e-05	2.33515e-05	2.33515e-05	3.373e-05	0.999881
13	0.967602	0.0177437	0.00589488	0.00861194	0.000147577	0.0367234	0.948177	0.00436461	0.0106196	0.000115203	0.00791621	0.00345255	0.967785	0.0207572	8.87799e-05	0.0121603	0.00926602	0.0214283	0.957016	0.000129157	4.19376e-05	2.25415e-05	2.35899e-05	3.93165e-05	0.999873
14	0.966394	0.0181535	0.00619549	0.00912036	0.000137055	0.0322308	0.953597	0.0039328	0.0100843	0.000154584	0.0148212	0.005931	0.949084	0.0300134	0.000150046	0.0138589	0.0091673	0.0207759	0.955945	0.000253263	5.58068e-05	2.34976e-05	1.95814e-05	3.81836e-05	0.999863
15	0.965317	0.0159792	0.00762203	0.010979	0.000102708	0.028784	0.953196	0.00514356	0.0127771	9.95988e-05	0.0133446	0.00664506	0.951812	0.0280836	0.000114382	0.0142086	0.00979382	0.0208012	0.954954	0.000242714	5.58435e-05	2.7124e-05	2.87195e-05	3.82927e-05	0.99985
16	0.964639	0.0147829	0.00783533	0.012611	0.000131339	0.0243115	0.958483	0.0042907	0.0128352	7.92866e-05	0.01234	0.00562826	0.956276	0.0256759	8.01905e-05	0.0183056	0.012798	0.0276386	0.941051	0.000206859	5.8166e-05	2.15715e-05	2.65792e-05	4.66099e-05	0.999847
17	NA	NA	NA	NA	NA	NA	NA	NA	NA	NA	NA	NA	NA	NA	NA	NA	NA	NA	NA	NA	NA	NA	NA	NA	NA
18	1	NA	NA	NA	NA	NA	1	NA	NA	NA	NA	NA	1	NA	NA	NA	NA	NA	1	NA	NA	NA	NA	NA	1
19	1	NA	NA	NA	NA	NA	1	NA	NA	NA	NA	NA	1	NA	NA	NA	NA	NA	1	NA	NA	NA	NA	NA	1
20	0.996562	0.00237079	0.000237079	0.000829777	NA	0.00673401	0.991663	0.000481	0.00112233	NA	0.00158443	0.000226347	0.995322	0.00286706	NA	0.00234192	0.000156128	0.00327869	0.993911	0.000312256	8.74049e-05	NA	NA	NA	0.999913
21	0.99701	0.00213602	0.000427203	0.000395945	3.12588e-05	0.00444255	0.993934	0.000370212	0.00123879	1.42389e-05	0.000757932	0.000300559	0.997138	0.00180336	NA	0.000641781	0.00338055	0.00229101	0.993657	2.98503e-05	1.8596e-05	NA	1.06263e-05	2.39091e-05	0.999947
22	0.99545	0.00261913	0.00136195	0.000478927	8.97989e-05	0.00451721	0.993403	0.000525813	0.00155354	NA	0.00129886	0.000324715	0.995495	0.00288184	NA	0.00102817	0.00175223	0.00240388	0.994787	2.89624e-05	3.08464e-05	8.81325e-06	1.32199e-05	2.20331e-05	0.999925
23	0.997044	0.0017031	0.000795315	0.000417741	4.01674e-05	0.00280938	0.995435	0.000316056	0.0014281	1.17058e-05	0.000704311	0.000319141	0.997337	0.00160671	3.30146e-05	0.000436807	0.00248814	0.00112243	0.995931	2.21168e-05	1.8704e-05	1.24693e-05	1.45475e-05	1.66258e-05	0.999938
24	0.996944	0.00165841	0.000852899	0.000402758	0.00014215	0.00294106	0.994953	0.000437185	0.00166925	NA	0.00075466	3.7733e-05	0.997208	0.00192438	7.5466e-05	0.000429067	0.00538908	0.000806645	0.993358	1.71627e-05	3.94498e-05	1.31499e-05	1.31499e-05	6.57497e-06	0.999928
25	0.996746	0.00124056	0.00169004	0.000251708	7.19166e-05	0.0022512	0.996092	0.000281399	0.00137573	NA	0.00108197	0.000555604	0.996345	0.00201772	NA	0.000301937	0.00188351	0.0012365	0.996492	8.62676e-05	2.09084e-05	1.56813e-05	NA	1.04542e-05	0.999953
26	0.994868	0.00205272	0.00270095	0.000378133	NA	0.00212569	0.996858	9.24214e-05	0.000831793	9.24214e-05	0.000639678	9.13826e-05	0.997259	0.00201042	NA	0.000231258	0.00192715	0.000809405	0.996878	0.000154172	4.53316e-05	3.02211e-05	3.02211e-05	3.02211e-05	0.999864
27	0.996248	0.00141945	0.00152613	0.000727142	7.94631e-05	0.00266599	0.995506	0.000309352	0.00149636	2.25931e-05	0.00203145	0.000622301	0.994236	0.00308458	2.54306e-05	0.000938169	0.00119241	0.00407674	0.99368	0.000112795	3.46341e-05	1.57709e-05	1.29878e-05	2.65941e-05	0.99991
28	0.996065	0.000585604	0.00292802	0.000351362	7.02724e-05	0.000530492	0.998455	9.22594e-05	0.000922594	NA	0.00154229	0.000227551	0.996498	0.00173192	NA	0.000747838	0.000373919	0.000701098	0.99813	4.67399e-05	2.68094e-05	NA	NA	3.21712e-05	0.999941
29	0.999237	0.000381582	0.000127194	NA	0.000254388	0.000822538	0.998561	NA	0.000616903	NA	0.000465024	NA	0.999469	6.64319e-05	NA	0.000217061	NA	0.000217061	0.999566	NA	NA	NA	NA	NA	1
30	0.997972	0.000663436	0.00103464	0.000289266	4.04775e-05	0.000463298	0.998196	0.000142438	0.00119498	2.99869e-06	0.00124183	0.000197207	0.997708	0.00084742	5.71616e-06	0.000405152	0.00138522	0.00063198	0.997536	4.13711e-05	1.46489e-05	4.55745e-06	3.90638e-06	1.39979e-05	0.999963
31	0.998237	0.000460645	0.00108964	0.000175748	3.69996e-05	0.00047296	0.998445	8.31264e-05	0.00099035	8.59928e-06	0.000939876	0.00010963	0.998381	0.000558845	1.06956e-05	0.000216984	0.00132209	0.000611593	0.997789	6.05538e-05	1.39226e-05	4.06074e-06	4.3508e-06	1.36325e-05	0.999964
32	0.999141	0.000635078	0.000135421	6.53757e-05	2.33484e-05	0.000205246	0.999514	2.05246e-05	0.000253137	6.84154e-06	0.000185771	6.63469e-05	0.999555	0.000192406	NA	6.68109e-05	0.00305242	0.000162851	0.996693	2.50541e-05	1.38972e-05	2.77945e-06	4.16917e-06	9.72807e-06	0.999969
33	0.999083	0.000678381	0.000134185	7.08199e-05	3.35463e-05	0.00048175	0.999193	3.92122e-05	0.000285689	NA	0.00020068	4.51531e-05	0.999569	0.000185629	NA	6.21309e-05	0.00251482	0.000275151	0.997124	2.36689e-05	1.30848e-05	3.2712e-06	6.5424e-06	6.5424e-06	0.999971
34	0.998193	0.000448144	0.00115452	0.000137105	6.74434e-05	0.000247684	0.998871	7.44444e-05	0.000799408	7.65316e-06	0.000990632	0.000103359	0.998532	0.000362381	1.18303e-05	0.000149458	0.0010021	0.00055814	0.99821	7.98744e-05	1.63898e-05	3.6877e-06	3.41454e-06	1.65264e-05	0.99996
35	0.998821	0.000412828	0.000674722	5.03113e-05	4.13517e-05	0.000266435	0.999455	1.6257e-05	0.0002565	5.41902e-06	0.000472933	5.0918e-05	0.999334	0.000136357	6.04112e-06	4.14814e-05	0.00040907	0.000567976	0.998911	7.01993e-05	1.10501e-05	3.54438e-06	5.21232e-06	1.04246e-05	0.99997
36	0.998513	0.000285949	0.00105865	8.95975e-05	5.27418e-05	9.70992e-05	0.99912	4.01277e-05	0.000736666	6.44025e-06	0.000877885	5.37954e-05	0.99889	0.000167415	1.06663e-05	8.62717e-05	0.00120159	0.000214583	0.998422	7.5305e-05	1.89954e-05	5.56934e-06	3.87864e-06	1.33266e-05	0.999958
37	0.998639	0.000229504	0.00101744	6.17258e-05	5.21976e-05	0.000102338	0.999147	3.38775e-05	0.000711428	5.64625e-06	0.000883385	5.22964e-05	0.998952	0.000106006	6.36037e-06	6.36163e-05	0.00120321	0.000292556	0.998367	7.34336e-05	1.78433e-05	4.10782e-06	3.85108e-06	1.63029e-05	0.999958
38	0.998647	0.000252223	0.000990418	5.83702e-05	5.24796e-05	6.33154e-05	0.999233	2.33267e-05	0.000675642	4.58204e-06	0.000870446	3.88443e-05	0.999007	7.39295e-05	1.00243e-05	5.31655e-05	0.00115998	0.000200579	0.998517	6.92763e-05	1.65706e-05	3.67328e-06	3.51002e-06	1.53461e-05	0.999961
39	0.998616	0.000285308	0.000994278	4.56565e-05	5.85896e-05	4.24544e-05	0.999223	2.0794e-05	0.000707958	6.16118e-06	0.000859068	2.97636e-05	0.999055	4.52141e-05	1.09007e-05	4.61951e-05	0.00105717	0.000132245	0.998691	7.34254e-05	1.74604e-05	4.63679e-06	4.25643e-06	1.71887e-05	0.999956
40	0.998843	0.000252082	0.000803226	4.1253e-05	6.07162e-05	2.52741e-05	0.999136	1.71623e-05	0.000815945	5.96657e-06	0.000822932	2.23197e-05	0.999109	3.1994e-05	1.34832e-05	3.46515e-05	0.000904366	0.000101569	0.998899	6.04993e-05	1.94889e-05	5.18887e-06	3.9223e-06	1.82223e-05	0.999953
