
SUMMARISING RUN PARAMETERS
==========================
Input filename: SC2230/host_removal/SC2230_R2.fastq.gz
Trimming mode: paired-end
Trim Galore version: 0.6.4_dev
Cutadapt version: 4.1
Python version: could not detect
Number of cores used for trimming: 2
Quality Phred score cutoff: 20
Quality encoding type selected: ASCII+33
Using Illumina adapter for trimming (count: 22623). Second best hit was Nextera (count: 0)
Adapter sequence: 'AGATCGGAAGAGC' (Illumina TruSeq, Sanger iPCR; auto-detected)
Maximum trimming error rate: 0.1 (default)
Minimum required adapter overlap (stringency): 1 bp
Minimum required sequence length for both reads before a sequence pair gets removed: 20 bp
Running FastQC on the data once trimming has completed
Output file will be GZIP compressed


This is cutadapt 4.1 with Python 3.9.13
Command line parameters: -j 2 -e 0.1 -q 20 -O 1 -a AGATCGGAAGAGC SC2230/host_removal/SC2230_R2.fastq.gz
Processing single-end reads on 2 cores ...
Finished in 40.01 s (46 µs/read; 1.29 M reads/minute).

=== Summary ===

Total reads processed:                 861,567
Reads with adapters:                   293,884 (34.1%)
Reads written (passing filters):       861,567 (100.0%)

Total basepairs processed:   216,253,317 bp
Quality-trimmed:               4,145,980 bp (1.9%)
Total written (filtered):    210,169,994 bp (97.2%)

=== Adapter 1 ===

Sequence: AGATCGGAAGAGC; Type: regular 3'; Length: 13; Trimmed: 293884 times

Minimum overlap: 1
No. of allowed errors:
1-9 bp: 0; 10-13 bp: 1

Bases preceding removed adapters:
  A: 38.3%
  C: 16.8%
  G: 11.6%
  T: 32.7%
  none/other: 0.6%

Overview of removed sequences
length	count	expect	max.err	error counts
1	196587	215391.8	0	196587
2	60406	53847.9	0	60406
3	5952	13462.0	0	5952
4	1322	3365.5	0	1322
5	123	841.4	0	123
6	170	210.3	0	170
7	5836	52.6	0	5836
8	86	13.1	0	86
9	213	3.3	0	213
10	215	0.8	1	198 17
11	73	0.2	1	62 11
12	170	0.1	1	156 14
13	37	0.0	1	30 7
14	180	0.0	1	173 7
15	39	0.0	1	34 5
16	42	0.0	1	36 6
17	93	0.0	1	86 7
18	21	0.0	1	19 2
19	119	0.0	1	110 9
20	124	0.0	1	117 7
21	32	0.0	1	26 6
22	151	0.0	1	142 9
23	145	0.0	1	122 23
24	1909	0.0	1	1836 73
25	37	0.0	1	26 11
26	152	0.0	1	137 15
27	116	0.0	1	107 9
28	265	0.0	1	252 13
29	37	0.0	1	31 6
30	140	0.0	1	124 16
31	27	0.0	1	25 2
32	91	0.0	1	82 9
33	57	0.0	1	44 13
34	87	0.0	1	82 5
35	113	0.0	1	104 9
36	1015	0.0	1	981 34
37	427	0.0	1	400 27
38	181	0.0	1	160 21
39	123	0.0	1	112 11
40	183	0.0	1	169 14
41	283	0.0	1	263 20
42	336	0.0	1	299 37
43	636	0.0	1	605 31
44	498	0.0	1	471 27
45	517	0.0	1	498 19
46	506	0.0	1	483 23
47	356	0.0	1	347 9
48	277	0.0	1	267 10
49	181	0.0	1	168 13
50	101	0.0	1	93 8
51	132	0.0	1	123 9
52	91	0.0	1	88 3
53	146	0.0	1	140 6
54	378	0.0	1	371 7
55	128	0.0	1	124 4
56	267	0.0	1	257 10
57	709	0.0	1	699 10
58	341	0.0	1	329 12
59	78	0.0	1	72 6
60	209	0.0	1	206 3
61	71	0.0	1	67 4
62	45	0.0	1	44 1
63	112	0.0	1	110 2
64	45	0.0	1	45
65	21	0.0	1	21
66	21	0.0	1	21
67	13	0.0	1	11 2
68	8	0.0	1	8
69	23	0.0	1	23
70	16	0.0	1	15 1
71	16	0.0	1	14 2
72	25	0.0	1	25
73	57	0.0	1	55 2
74	51	0.0	1	47 4
75	83	0.0	1	73 10
76	88	0.0	1	79 9
77	166	0.0	1	143 23
78	313	0.0	1	276 37
79	598	0.0	1	501 97
80	1231	0.0	1	1065 166
81	1243	0.0	1	1071 172
82	872	0.0	1	712 160
83	608	0.0	1	490 118
84	411	0.0	1	317 94
85	287	0.0	1	228 59
86	171	0.0	1	137 34
87	144	0.0	1	118 26
88	124	0.0	1	100 24
89	94	0.0	1	76 18
90	68	0.0	1	46 22
91	68	0.0	1	48 20
92	69	0.0	1	51 18
93	80	0.0	1	66 14
94	652	0.0	1	633 19
95	94	0.0	1	83 11
96	103	0.0	1	91 12
97	40	0.0	1	32 8
98	43	0.0	1	33 10
99	22	0.0	1	17 5
100	28	0.0	1	23 5
101	26	0.0	1	21 5
102	15	0.0	1	13 2
103	30	0.0	1	28 2
104	15	0.0	1	13 2
105	42	0.0	1	32 10
106	26	0.0	1	15 11
107	23	0.0	1	12 11
108	23	0.0	1	16 7
109	15	0.0	1	12 3
110	11	0.0	1	7 4
111	111	0.0	1	100 11
112	30	0.0	1	29 1
113	40	0.0	1	29 11
114	23	0.0	1	16 7
115	15	0.0	1	10 5
116	25	0.0	1	18 7
117	38	0.0	1	29 9
118	12	0.0	1	4 8
119	12	0.0	1	8 4
120	4	0.0	1	3 1
121	18	0.0	1	9 9
122	16	0.0	1	12 4
123	21	0.0	1	17 4
124	14	0.0	1	5 9
125	10	0.0	1	4 6
126	12	0.0	1	9 3
127	44	0.0	1	32 12
128	13	0.0	1	9 4
129	15	0.0	1	10 5
130	16	0.0	1	9 7
131	15	0.0	1	5 10
132	6	0.0	1	3 3
133	20	0.0	1	14 6
134	17	0.0	1	11 6
135	7	0.0	1	3 4
136	13	0.0	1	5 8
137	12	0.0	1	7 5
138	7	0.0	1	4 3
139	6	0.0	1	3 3
140	7	0.0	1	5 2
141	13	0.0	1	8 5
142	2	0.0	1	0 2
143	7	0.0	1	5 2
144	6	0.0	1	3 3
145	8	0.0	1	2 6
146	15	0.0	1	8 7
147	25	0.0	1	20 5
148	10	0.0	1	8 2
149	28	0.0	1	22 6
150	1	0.0	1	0 1
151	15	0.0	1	9 6
152	8	0.0	1	4 4
153	25	0.0	1	19 6
154	31	0.0	1	27 4
155	16	0.0	1	11 5
156	81	0.0	1	74 7
157	21	0.0	1	19 2
158	22	0.0	1	17 5
159	24	0.0	1	20 4
160	32	0.0	1	29 3
161	24	0.0	1	21 3
162	21	0.0	1	20 1
163	15	0.0	1	12 3
164	19	0.0	1	16 3
165	15	0.0	1	13 2
166	34	0.0	1	29 5
167	23	0.0	1	22 1
168	25	0.0	1	23 2
169	21	0.0	1	19 2
170	7	0.0	1	4 3
171	8	0.0	1	7 1
172	41	0.0	1	37 4
173	12	0.0	1	8 4
174	11	0.0	1	11
175	51	0.0	1	50 1
176	16	0.0	1	15 1
177	19	0.0	1	16 3
178	5	0.0	1	5
179	5	0.0	1	3 2
180	8	0.0	1	8
181	32	0.0	1	30 2
182	6	0.0	1	5 1
183	5	0.0	1	4 1
184	4	0.0	1	2 2
185	38	0.0	1	35 3
186	8	0.0	1	8
187	11	0.0	1	10 1
188	14	0.0	1	13 1
189	11	0.0	1	8 3
190	20	0.0	1	17 3
191	11	0.0	1	11
192	9	0.0	1	8 1
193	9	0.0	1	9
194	9	0.0	1	8 1
195	5	0.0	1	5
196	4	0.0	1	4
197	8	0.0	1	8
198	11	0.0	1	11
199	9	0.0	1	8 1
200	13	0.0	1	12 1
201	3	0.0	1	3
202	15	0.0	1	15
203	19	0.0	1	19
204	7	0.0	1	7
205	17	0.0	1	17
206	21	0.0	1	20 1
207	19	0.0	1	19
208	28	0.0	1	27 1
209	21	0.0	1	20 1
210	26	0.0	1	23 3
211	13	0.0	1	13
212	12	0.0	1	10 2
213	11	0.0	1	9 2
214	12	0.0	1	12
215	12	0.0	1	11 1
216	2	0.0	1	2
217	5	0.0	1	5
218	1	0.0	1	1
219	2	0.0	1	2
221	2	0.0	1	1 1
225	3	0.0	1	3
226	1	0.0	1	1
228	1	0.0	1	1
233	1	0.0	1	1
237	1	0.0	1	1
241	1	0.0	1	0 1
245	1	0.0	1	0 1
247	3	0.0	1	0 3
249	5	0.0	1	0 5
250	9	0.0	1	0 9
251	288	0.0	1	0 288

RUN STATISTICS FOR INPUT FILE: SC2230/host_removal/SC2230_R2.fastq.gz
=============================================
861567 sequences processed in total

Total number of sequences analysed for the sequence pair length validation: 861567

Number of sequence pairs removed because at least one read was shorter than the length cutoff (20 bp): 3912 (0.45%)
