ks_quality_p_value	fisher_strand_p_value	bias_p_value	bias_e_value
0.965822	0.752652	0.958765	28670
0.992103	1	0.999969	29902.1
0.999995	0.815129	0.981748	29357.2
0.989816	1	0.999948	29901.4
0.846789	1	0.987613	29532.6
0.987146	1	0.999917	29900.5
0.832143	1	0.98505	29456
0.503855	1	0.849231	25394.5
0.726445	1	0.958611	28665.4
0.668869	1	0.937866	28045
0.398072	1	0.764745	22868.2
0.737331	1	0.962009	28767
0.749827	1	0.965712	28877.7
0.223835	1	0.558882	16712.3
0.294481	1	0.654496	19571.4
0.594661	1	0.903744	27024.7
0.195621	1	0.514792	15393.8
0.286238	1	0.644302	19266.6
0.309355	1	0.672311	20104.1
0.323816	1	0.688944	20601.5
0.135938	1	0.40721	12176.8
0.19052	1	0.506402	15142.9
0.466175	1	0.821957	24579
6.69449e-09	1	1.32698e-07	0.00396807
0.000171217	1	0.00165611	49.5226
0.206654	1	0.532487	15923
0.508768	1	0.852575	25494.5
0.740162	1	0.962867	28792.6
0.49198	1	0.84095	25146.9
0.952049	1	0.998832	29868.1
0.659096	1	0.933864	27925.3
0.000246056	0.929976	0.00214697	64.201
0.000417322	1	0.00366478	109.588
1	0.0432244	0.179007	5352.86
0.00232874	0.701325	0.0121138	362.24
0.735656	0.459441	0.704622	21070.3
0.999956	0.41913	0.783579	23431.4
0.620939	1	0.91683	27416
0.0350517	1	0.152508	4560.44
0.80455	0.931213	0.965533	28872.3
0.817165	0.382872	0.676414	20226.8
0.562301	0.00568242	0.0215554	644.57
0.029829	0.130568	0.0255031	762.618
0.645023	0.00756583	0.0308551	922.659
0.617204	2.45007e-20	7.05258e-19	2.10893e-14
0.0757455	9.1619e-05	8.93715e-05	2.67248
0.0426749	0.00035841	0.000184887	5.52867
0.911085	4.08925e-10	8.46119e-09	0.000253015
0.876415	6.00227e-10	1.17654e-08	0.000351821
0.8832	4.10357e-10	8.24094e-09	0.000246429
0.000694228	1.09109e-09	2.18975e-11	6.548e-07
0.164335	6.0001e-10	2.37041e-09	7.08822e-05
0.125517	2.82097e-10	8.87471e-10	2.65381e-05
0.0215727	8.59607e-09	4.34085e-09	0.000129804
0.00414446	1.36779e-09	1.52467e-10	4.55923e-06
0.38374	2.59782e-09	2.16588e-08	0.000647662
0.549026	0.0168387	0.052545	1571.25
0.151017	1.35984e-05	2.89471e-05	0.865606
0.999877	6.33189e-45	6.50654e-43	1.94565e-38
0.927664	3.00816e-08	5.13308e-07	0.0153494
0.855045	1	0.988946	29572.5
0.999919	1	1	29903
0.00953417	0.729315	0.0415016	1241.02
0.874646	1	0.991793	29657.6
0.814121	1	0.981542	29351
0.954104	1	0.99893	29871
0.638836	0.888891	0.889198	26589.7
0.999997	0.0389026	0.165207	4940.18
0.999035	0.00860823	0.0495012	1480.23
0.76133	2.9513e-07	3.66439e-06	0.109576
0.999995	1.51948e-05	0.000183773	5.49537
0.918965	0.00149694	0.0104394	312.171
0.999763	4.21352e-28	2.69746e-26	8.06621e-22
1	3.42862e-15	1.17624e-13	3.51732e-09
0.352497	0.686072	0.585124	17497
0.808757	1	0.980421	29317.5
0.0104237	0.107229	0.00871429	260.583
0.223652	0.109645	0.115455	3452.45
0.867599	0.106396	0.312245	9337.08
0.371273	0.0164555	0.0372551	1114.04
0.928999	0.00401697	0.0245956	735.482
0.999922	1.54992e-16	5.79676e-15	1.73341e-10
0.762656	0.720791	0.87864	26274
0.999997	1.6445e-16	6.14118e-15	1.8364e-10
0.348781	0.00399193	0.0105492	315.454
0.938706	1	0.998082	29845.6
0.486562	0.00429912	0.0149976	448.472
0.00192355	0.00228912	5.87094e-05	1.75559
0.148275	0.127863	0.0941403	2815.08
0.958034	0.0168904	0.0829124	2479.33
0.964715	0.0704297	0.250652	7495.24
4.4509e-62	0	0	0
1	1	1	29903
0.999994	1	1	29903
0.999999	1	1	29903
0.999992	1	1	29903
0.990128	1	0.999951	29901.5
0.966629	1	0.999437	29886.2
0.746705	1	0.964806	28850.6
0.942868	1	0.998336	29853.2
0.709319	1	0.952935	28495.6
0.998646	1	0.999999	29903
0.869684	1	0.991114	29637.3
0.365116	1	0.732985	21918.4
0.155259	1	0.444455	13290.5
0.972381	1	0.999615	29891.5
0.83722	0.109003	0.309739	9262.13
0.999971	1.77861e-10	4.17074e-09	0.000124718
0.96197	0.61796	0.903639	27021.5
0.95386	0.617863	0.900962	26941.5
0.914101	0.617919	0.887484	26538.4
0.839768	3.72037e-12	8.58913e-11	2.56841e-06
0.35697	1.14294e-27	2.61388e-26	7.81628e-22
0.0992572	1	0.328545	9824.49
0.723617	0.0269729	0.0963493	2881.13
1	1.1816e-09	2.5471e-08	0.00076166
0.836691	0.000246647	0.00195757	58.5372
0.18308	3.8868e-18	3.04469e-17	9.10454e-13
0.74464	4.83017e-22	1.81192e-20	5.41819e-16
0.999793	3.77231e-23	1.98503e-21	5.93583e-17
1	1.70143e-21	8.30686e-20	2.484e-15
0.999999	2.36657e-24	1.31109e-22	3.92056e-18
1	2.32985e-24	1.29111e-22	3.86082e-18
0.995886	1	0.999992	29902.7
1	1	1	29903
0.98638	1	0.999907	29900.2
0.99175	1	0.999966	29902
0.901754	1	0.995008	29753.7
0.693838	1	0.947447	28331.5
0.62727	1	0.919815	27505.2
0.872366	1	0.991484	29648.4
0.999981	7.53908e-25	4.26286e-23	1.27472e-18
0.974028	1	0.99966	29892.8
0.950093	1	0.998733	29865.1
0.810283	0.105428	0.295584	8838.84
0.878669	0.115038	0.33274	9949.91
0.951926	0.103914	0.327763	9801.09
0.506197	1	0.850831	25442.4
0.58225	1	0.897163	26827.9
0.883318	1	0.992911	29691
0.836125	0.119436	0.329944	9866.32
0.169176	1	0.469771	14047.6
0.301111	0.237881	0.26046	7788.54
0.804287	0.603413	0.836178	25004.2
0.148976	0.237455	0.15359	4592.79
0.672905	0.20215	0.407389	12182.2
0.903173	1	0.995153	29758.1
0.917819	1	0.996527	29799.1
0.941852	1	0.998276	29851.4
0.0201289	6.38639e-07	2.46427e-07	0.0073689
0.836189	0.0662152	0.215591	6446.8
0.973753	1	0.999652	29892.6
0.0507606	8.28154e-07	7.56034e-07	0.0226077
0.950946	0.013183	0.0674345	2016.5
0.981833	0.365262	0.726389	21721.2
0.306412	0.0210817	0.0390305	1167.13
1	1.18478e-05	0.000146242	4.37308
0.897812	1	0.994591	29741.3
0.940799	0.337396	0.681671	20384
0.529044	0.0898532	0.192344	5751.67
0.701295	0.522717	0.734456	21962.4
0.194824	0.010631	0.0148702	444.665
0.742334	1	0.963517	28812
0.123315	0.122881	0.0786376	2351.5
0.129849	0.0529443	0.0411104	1229.32
0.0951518	1.13066e-05	1.58605e-05	0.474278
0.425838	6.28464e-08	4.93398e-07	0.0147541
0.420092	3.11945e-08	2.50956e-07	0.00750435
0.52046	1.5885e-08	1.62134e-07	0.00484829
0.667705	4.90657e-07	5.21937e-06	0.156075
0.686582	4.94615e-07	5.39801e-06	0.161417
0.496766	3.88889e-06	2.73495e-05	0.817832
0.525562	3.90702e-06	2.89445e-05	0.865528
0.51578	1.00017e-06	7.98429e-06	0.238754
0.293462	1.58494e-05	6.17602e-05	1.84682
0.247414	3.12919e-05	9.8857e-05	2.95612
0.276072	2.31144e-05	8.27146e-05	2.47341
0.216494	4.45064e-05	0.000120925	3.61601
0.490905	4.38606e-05	0.000252908	7.56271
0.456009	4.44479e-05	0.000239301	7.15581
0.792322	1	0.976765	29208.2
0.84247	1	0.986884	29510.8
0.803937	1	0.979384	29286.5
0.785712	1	0.975198	29161.4
0.69922	1	0.949394	28389.7
0.827567	1	0.984197	29430.4
0.796772	1	0.977788	29238.8
0.746647	1	0.964789	28850.1
0.876278	1	0.99201	29664.1
0.823411	1	0.9834	29406.6
0.681893	1	0.942978	28197.9
0.926803	1	0.997253	29820.9
0.869924	1	0.991147	29638.3
0.964418	1	0.999359	29883.8
0.91297	1	0.996098	29786.3
0.923448	3.82194e-09	7.22184e-08	0.00215955
0.496183	0.101039	0.200188	5986.21
0.99763	6.14977e-12	1.64527e-10	4.91986e-06
0.986353	0.0994726	0.3259	9745.4
0.203013	0.0994726	0.0989993	2960.38
1	8.75634e-09	1.71217e-07	0.0051199
1	0.345072	0.712229	21297.8
0.976099	1	0.999712	29894.4
0.927079	0.874375	0.980813	29329.3
0.999999	0.635091	0.923414	27612.9
0.334632	1	0.700962	20960.9
0.67914	1	0.941918	28166.2
0.926268	1	0.997212	29819.6
0.924822	1	0.997101	29816.3
0.801419	1	0.97883	29270
0.950006	0.521182	0.843172	25213.4
0.423842	0.3305	0.415413	12422.1
0.302045	0.202941	0.232441	6950.67
0.410093	2.27749e-05	0.000117506	3.51379
0.999999	0.0253006	0.118329	3538.39
0.979672	0.330982	0.689437	20616.2
0.750939	0.00924525	0.0414479	1239.42
0.945432	0.131912	0.384335	11492.8
0.917298	0.000273791	0.00233303	69.7647
0.0230092	0.00931393	0.00202479	60.5473
0.999977	8.03507e-29	5.27821e-27	1.57834e-22
0.999992	1	1	29903
0.0406524	1	0.17085	5108.92
0.203179	1	0.526979	15758.3
0.731732	1	0.960282	28715.3
0.658511	1	0.93362	27918
0.195028	1	0.513823	15364.9
0.0786493	1	0.278635	8332.03
0.489565	1	0.839231	25095.5
0.117821	1	0.369791	11057.9
0.396022	1	0.762852	22811.6
0.318811	1	0.683262	20431.6
0.146758	1	0.428383	12809.9
0.493086	1	0.841733	25170.3
0.396022	1	0.762852	22811.6
0.195028	1	0.513823	15364.9
0.658511	1	0.93362	27918
0.658511	1	0.93362	27918
0.318811	1	0.683262	20431.6
0.942611	0.324673	0.668404	19987.3
0.716132	0.678029	0.836353	25009.5
0.999998	1.80859e-12	5.07099e-11	1.51638e-06
0.997059	5.83876e-07	8.93993e-06	0.267331
0.988601	4.85112e-07	7.45768e-06	0.223007
0.862456	0.0035699	0.0208846	624.513
0.982958	1	0.999854	29898.6
0.853181	0.00361389	0.0209102	625.278
0.913208	0.0036309	0.0222457	665.213
0.909266	0.0157267	0.075038	2243.86
0.979608	1	0.999791	29896.7
0.991773	1	0.999966	29902
0.994962	1	0.999987	29902.6
0.987634	1	0.999923	29900.7
0.86798	1	0.990874	29630.1
0.959096	1	0.999152	29877.6
0.838878	1	0.986261	29492.1
0.94393	1	0.998398	29855.1
0.967574	1	0.999468	29887.1
0.934081	1	0.997778	29836.6
0.880058	1	0.992501	29678.8
0.997882	1	0.999998	29902.9
0.983222	1	0.999858	29898.8
0.555039	1	0.8818	26368.5
0.00834179	0.000307078	3.55416e-05	1.0628
0.865758	0.0564716	0.196451	5874.47
0.718466	0.280179	0.523974	15668.4
0.997985	0.218803	0.550622	16465.3
0.977003	0.453155	0.803468	24026.1
0.675454	1	0.940482	28123.2
0.777696	7.86549e-07	9.36325e-06	0.279989
0.76177	7.88789e-07	9.20835e-06	0.275357
0.963249	8.06639e-08	1.34967e-06	0.0403592
0.998586	0.000417355	0.00366044	109.458
0.940975	0.000417707	0.0034752	103.919
0.401696	0.831579	0.700315	20941.5
0.221226	1	0.554961	16595
0.661651	1	0.934924	27957
0.661651	1	0.934924	27957
0.573617	1	0.89243	26686.3
0.361753	1	0.729581	21816.7
0.32076	1	0.685484	20498
0.560816	0.831555	0.82209	24583
0.999947	4.06866e-05	0.00045199	13.5159
0.786774	0.308466	0.586336	17533.2
0.0124333	0.000465074	7.5522e-05	2.25834
0.726228	0.00159787	0.00900365	269.236
0.403706	8.54284e-10	7.85907e-09	0.00023501
0.672662	0.0365149	0.115603	3456.88
0.857736	0.0132317	0.0621783	1859.32
0.591856	0.00425876	0.0176018	526.348
0.611274	0.0365422	0.107252	3207.17
0.902055	0.0131462	0.0644481	1927.19
0.921526	0.00258086	0.0167467	500.775
0.852629	0.0294	0.11747	3512.71
1	0.00734672	0.0434448	1299.13
0.746506	0.0209446	0.0806502	2411.68
0.80669	0.0209634	0.0859043	2568.8
0.687675	0.0209692	0.0755484	2259.13
0.536879	0.0124958	0.0402814	1204.53
0.0687519	1	0.252818	7560.01
0.598288	0.00280546	0.0124037	370.907
0.995998	9.31258e-17	3.51688e-15	1.05165e-10
0.729998	0.00808758	0.0362036	1082.6
0.999998	2.83895e-07	4.5635e-06	0.136462
1	1	1	29903
1	1	1	29903
1	1	1	29903
1	1	1	29903
1	1	1	29903
0.694944	0.0473761	0.145311	4345.24
0.825932	0.159099	0.398087	11904
0.99999	3.11001e-13	9.26741e-12	2.77123e-07
1	1.03227e-16	3.90296e-15	1.1671e-10
0.895693	3.30113e-14	9.50673e-13	2.8428e-08
1	0.379033	0.746745	22329.9
0.631524	0.89699	0.888413	26566.2
1	0.646885	0.92866	27769.7
0.638244	0.0828178	0.208268	6227.84
0.903014	0.0503325	0.185945	5560.33
0.66256	1	0.935299	27968.2
0.999956	0.423522	0.787374	23544.9
0.977357	1	0.999742	29895.3
0	0	0	0
0.999998	1.79164e-21	8.73802e-20	2.61293e-15
0.999988	0.879961	0.992487	29678.3
0.969206	0.687412	0.936805	28013.3
1	0.0220601	0.106197	3175.61
0.995791	0.232703	0.570551	17061.2
0.548205	0.00544045	0.0203256	607.797
0.0416831	1.19838e-15	1.92494e-15	5.75614e-11
0.741358	2.10208e-14	5.11036e-13	1.52815e-08
0.0640046	1.18539e-14	2.71729e-14	8.12551e-10
0.299273	2.21176e-15	2.37969e-14	7.11599e-10
1	2.17875e-17	8.57668e-16	2.56469e-11
0.999999	1.53474e-15	5.38854e-14	1.61133e-09
0.366802	1.4749e-18	2.32957e-17	6.96613e-13
0.988775	7.91409e-19	3.34074e-17	9.98981e-13
0.999998	4.04196e-38	3.5206e-36	1.05276e-31
0.999998	1.25382e-38	1.10677e-36	3.30957e-32
1.54472e-08	2.56494e-169	1.6133e-174	4.82425e-170
0.333034	0.00620418	0.0148396	443.747
0.650606	0.00283	0.0134359	401.775
0.0100217	0.169802	0.0125519	375.34
0.0040322	2.46293e-06	1.92936e-07	0.00576936
0.83893	1	0.98627	29492.4
0.428405	1	0.791558	23670
0.414719	0.127079	0.20781	6214.14
0.971337	0.175274	0.471675	14104.5
0.882081	0.192699	0.471191	14090
0.926191	1	0.997207	29819.5
0.940714	1	0.998207	29849.4
0.827535	1	0.984191	29430.3
0.928729	1	0.997398	29825.2
0.934275	1	0.997791	29836.9
1	0.133652	0.40263	12039.8
0.87886	1	0.992347	29674.1
0.983633	0.102133	0.331319	9907.43
1	0.0395016	0.167148	4998.22
0.447982	0.101621	0.186172	5567.11
0.512998	1	0.855416	25579.5
0.681423	1	0.942798	28192.5
0.858563	1	0.98949	29588.7
0.903572	1	0.995194	29759.3
0.936303	1	0.997927	29841
0.858291	0.346662	0.658216	19682.6
0.637994	1	0.924725	27652.1
0.971443	1	0.999588	29890.7
0.970175	1	0.999551	29889.6
0.999991	5.17528e-06	6.81662e-05	2.03837
0.999536	0.541953	0.873786	26128.8
0.732857	1	0.960632	28725.8
0.994367	2.24994e-08	4.16477e-07	0.0124539
1	3.42717e-06	4.6554e-05	1.3921
0.803437	1	0.979275	29283.2
0.680898	1	0.942596	28186.5
0.999999	0.789415	0.976082	29187.8
1	0.767772	0.970665	29025.8
0.950937	1	0.998776	29866.4
0.05982	2.00701e-05	1.75679e-05	0.525333
0.533593	0.0536629	0.130376	3898.62
0.915026	0.298853	0.628026	18779.9
0.168328	5.05448e-07	1.47018e-06	0.0439627
0.999997	0.241597	0.584781	17486.7
0.959144	1	0.999154	29877.7
0.887148	1	0.993378	29705
0.224922	0.718124	0.455995	13635.6
0.104297	1	0.340063	10168.9
0.337794	0.579576	0.515046	15401.4
0.578344	0.0457697	0.122605	3666.25
0.937854	0.000236112	0.00208493	62.3455
0.75614	1.59729e-09	2.60088e-08	0.000777741
0.344774	9.39004e-17	1.26161e-15	3.77258e-11
0.967792	0.000340725	0.00297342	88.9142
0.751508	0.000221475	0.00161462	48.2819
1	2.21962e-05	0.000260042	7.77602
0.750316	4.87942e-12	1.0007e-10	2.99239e-06
0.999997	2.04072e-11	5.22732e-10	1.56313e-05
0.995078	3.31456e-10	7.53072e-09	0.000225191
0.867709	0.397381	0.711952	21289.5
0.996106	0.0326191	0.143835	4301.08
0.296223	0.38209	0.359782	10758.6
0.997733	0.018641	0.0927084	2772.26
0.299921	0.39835	0.373314	11163.2
0.635841	1.80996e-47	1.25536e-45	3.7539e-41
0.00442812	1.74432e-47	8.81197e-48	2.63504e-43
0.468433	6.36122e-43	2.9476e-41	8.81422e-37
0.653097	2.56146e-47	1.81854e-45	5.43798e-41
0.16838	3.27217e-45	5.79687e-44	1.73344e-39
0.999996	3.8799e-13	1.14758e-11	3.43162e-07
0.79272	1	0.976857	29211
0.639188	1	0.925261	27668.1
0.991482	1	0.999964	29901.9
0.969396	1	0.999527	29888.9
0.87002	1	0.991161	29638.7
0.863733	1	0.990263	29611.8
0.578226	1	0.894973	26762.4
0.960759	2.85121e-12	7.56693e-11	2.26274e-06
0.824184	1	0.983549	29411.1
0.86691	1	0.990722	29625.6
0.43834	1	0.799866	23918.4
0.699757	0.676816	0.82757	24746.8
0.947265	1	0.998584	29860.7
0.879849	1	0.992474	29678
0.830534	1	0.984753	29447.1
0.966282	1	0.999425	29885.8
0.0811463	0.687595	0.216826	6483.74
0.0569917	0.687595	0.16613	4967.8
0.0748503	0.687575	0.204155	6104.84
0.99991	4.43083e-06	5.90444e-05	1.76561
0.322102	6.43733e-06	2.92076e-05	0.873394
0.000129003	6.85042e-22	5.1864e-24	1.55089e-19
0.933433	5.64789e-05	0.000572032	17.1055
0.0503245	1.38703e-26	4.43444e-26	1.32603e-21
0.640525	1	0.925858	27685.9
0.0401625	1	0.169278	5061.91
1	0.00330566	0.022188	663.487
0.999938	2.25214e-28	1.45615e-26	4.35433e-22
0.980626	0.0385942	0.161764	4837.23
0.502765	0.0186137	0.0530756	1587.12
0.0584763	0.0469203	0.0189274	565.987
0.881815	1	0.992723	29685.4
0.86628	1	0.990632	29622.9
0.818773	1	0.982485	29379.3
0.914098	1	0.9962	29789.4
0.91029	1	0.99585	29778.9
0.938798	1	0.998088	29845.8
0.0329512	1	0.145405	4348.04
0.551773	0.115029	0.238468	7130.92
0.945004	0.205085	0.511823	15305
0.808341	0.0787705	0.239029	7147.69
0.208602	0.00623181	0.0099388	297.2
0.276514	0.0208711	0.0355208	1062.18
0.999253	1.78915e-25	1.03664e-23	3.09986e-19
0.339336	0.415058	0.416913	12466.9
0.999557	0.934851	0.997802	29837.3
0.999521	0.753551	0.966673	28906.4
1	0.917191	0.996473	29797.5
0.0041854	0.819791	0.0229025	684.852
0.143533	1	0.422157	12623.8
0.467643	1	0.823075	24612.4
0.257804	1	0.607271	18159.2
0.376462	0.877113	0.69608	20814.9
0.0265171	1	0.122773	3671.28
0.01788	1	0.0898303	2686.2
0.0356893	1	0.154638	4624.15
0.7716	0.725135	0.884417	26446.7
0.459316	0.00099831	0.00398355	119.12
0.350831	1	0.718309	21479.6
0.707654	1	0.952361	28478.4
0.738095	1	0.962242	28773.9
0.703886	1	0.951048	28439.2
0.709719	1	0.953072	28499.7
0.478608	1	0.831282	24857.8
0.648893	0.262405	0.471716	14105.7
0.582461	0.245999	0.421676	12609.4
0.223731	0.24607	0.214678	6419.52
0.0158255	0.348357	0.0341838	1022.2
1.22631e-06	0.0481101	1.04106e-06	0.0311309
0.550607	0.0468971	0.12024	3595.55
0.612045	0.267169	0.459625	13744.2
0.635009	0.319393	0.526402	15741
0.631537	0.224699	0.41899	12529
0.790185	0.174919	0.411742	12312.3
0.830753	0.157091	0.396255	11849.2
0.841102	2.36668e-11	5.10395e-10	1.52624e-05
0.511407	1.19318e-09	1.3557e-08	0.000405394
0.901993	1.82258e-09	3.48948e-08	0.00104346
0.992515	0.0127129	0.0677907	2027.14
0.239441	3.33406e-12	2.30363e-11	6.88853e-07
0.795749	0.154682	0.38094	11391.3
0.999303	0.000234537	0.0021934	65.5894
0.999999	0.363669	0.731524	21874.7
0.998828	1	0.999999	29903
0.56386	1	0.886923	26521.7
0.295361	1	0.65557	19603.5
0.76717	1	0.970506	29021
0.422075	0.360585	0.438714	13118.9
1	1	1	29903
0.999911	1	1	29903
0.523156	1	0.862096	25779.2
0.630017	1	0.92109	27543.4
0.785165	1	0.975066	29157.4
0.938648	1	0.998078	29845.5
0.168257	1	0.468134	13998.6
0.69671	1	0.948491	28362.7
0.999987	1	1	29903
0.424232	1	0.788	23563.6
0.970665	1	0.999565	29890
0.770159	1	0.971292	29044.6
0.406149	1	0.772103	23088.2
0.811074	0.0392153	0.141478	4230.62
0.999999	0.0766674	0.27357	8180.58
0.950796	0.0575583	0.213729	6391.13
0.987054	0.786509	0.972878	29092
0.974501	1	0.999672	29893.2
0.7889	1	0.975961	29184.2
0.75523	1	0.967248	28923.6
0.364463	0.771084	0.637742	19070.4
0.552996	0.0290855	0.0825105	2467.31
0.888317	0.333155	0.656285	19624.9
0.670409	0.758232	0.852275	25485.6
0.258039	0.665429	0.474248	14181.4
1	0.237571	0.579029	17314.7
0.677521	0.000650152	0.00384444	114.96
0.845852	2.31142e-06	2.76552e-05	0.826975
0.661033	0.000643927	0.00372956	111.525
0.790906	1	0.976434	29198.3
0.116588	0.344312	0.169214	5060
1	1.98895e-15	6.93172e-14	2.07279e-09
0.379748	6.76708e-05	0.000297301	8.89019
0.8501	0.16389	0.413922	12377.5
0.976755	0.609983	0.904337	27042.4
0.963104	0.036508	0.152874	4571.38
0.980682	0.00113952	0.00871284	260.54
0.990553	0.00114449	0.00882258	263.822
0.975433	0.00115207	0.00875534	261.811
0.993601	1	0.999979	29902.4
0.999365	0.0684516	0.251897	7532.47
0.960684	0.00584762	0.0347278	1038.47
0.948847	0.0058518	0.0343892	1028.34
0.27418	0.0112751	0.0209571	626.679
0.999996	0.0469454	0.19054	5697.72
0.534076	0.72564	0.75491	22574.1
0.943526	1	0.998374	29854.4
0.197064	0.148706	0.13275	3969.63
0.944524	0.150341	0.419174	12534.6
0.322259	9.22158e-08	5.44766e-07	0.0162901
0.888837	1	0.993579	29711
0.987376	1.75121e-19	7.64291e-18	2.28546e-13
1	2.63709e-16	9.72338e-15	2.90758e-10
0.650495	1.73637e-19	5.04065e-18	1.50731e-13
0.641249	8.41372e-67	8.28651e-65	2.47791e-60
0.999999	4.01656e-61	5.62587e-59	1.6823e-54
0.84993	1.54862e-07	2.21695e-06	0.0662935
0.000595957	1	0.00502114	150.147
0.539359	1	0.872345	26085.7
0.719936	0.584821	0.785245	23481.2
0.944933	0.357693	0.704627	21070.5
0.507371	0.136354	0.253968	7594.4
0.982836	4.69381e-22	2.31252e-20	6.91514e-16
0.330013	0.0546563	0.0904627	2705.11
0.896049	0.00363085	0.0218892	654.552
0.442366	0.0533326	0.11199	3348.83
0.871448	0.00036367	0.00287029	85.8304
0.679371	0.606367	0.777288	23243.2
0.856596	0.103433	0.303334	9070.59
0.734795	0.103433	0.271859	8129.4
0.734795	0.103433	0.271859	8129.4
0.480165	0.103433	0.198782	5944.17
0.948044	0.20391	0.511016	15280.9
0.999998	0.00161779	0.0120148	359.279
0.647166	1	0.928782	27773.4
0.963499	0.724839	0.949093	28380.7
0.685265	0.724839	0.84428	25246.5
0.589031	1	0.900791	26936.4
0.452058	1	0.810967	24250.4
0.587572	1.3349e-07	1.36171e-06	0.0407192
0.629107	1.63767e-42	1.00636e-40	3.0093e-36
0.999944	0.365176	0.733025	21919.6
0.908844	0.706177	0.926426	27702.9
1	3.36139e-06	4.57255e-05	1.36733
0.999054	1	1	29903
0.978269	0.592815	0.895905	26790.2
0.886678	0.0561779	0.199222	5957.34
0.992919	0.0028257	0.0192922	576.896
0.985948	0.364077	0.726732	21731.5
0.42128	1	0.785459	23487.6
0.999949	0.812502	0.981199	29340.8
0.98973	1	0.999947	29901.4
0.594048	0.59242	0.719455	21513.8
0.690087	0.358505	0.592955	17731.1
0.99998	4.67756e-12	1.26704e-10	3.78884e-06
0.085861	0.352245	0.136052	4068.35
0.867733	0.000108053	0.000963376	28.8078
0.963965	7.8632e-05	0.000794932	23.7709
0.373671	1.54896e-05	7.55898e-05	2.26036
0.766218	1	0.970253	29013.5
0.682396	1	0.94317	28203.6
0.825896	1	0.983879	29420.9
0.944379	1	0.998424	29855.9
0.257955	5.3442e-07	2.31558e-06	0.0692428
0.0509964	5.03659e-05	3.56305e-05	1.06546
0.00994078	2.47245e-07	5.11814e-08	0.00153048
1	1	1	29903
0.850254	0.000300023	0.00236573	70.7423
0.985122	0.000772084	0.00622275	186.079
0.727103	0.00979873	0.0423505	1266.41
0.921981	6.27239e-09	1.15477e-07	0.00345312
0.426092	1.49571e-06	9.72921e-06	0.290933
0.893462	0.0829953	0.267072	7986.25
0.999997	0.000388008	0.0034356	102.735
0.548992	1.24048e-20	3.23045e-19	9.66003e-15
0.976807	2.17025e-12	5.91025e-11	1.76734e-06
0.170166	0.0818965	0.0734884	2197.52
0.839685	1.93433e-13	4.94554e-12	1.47887e-07
0.237981	0.0464366	0.0608386	1819.26
1	9.13614e-25	5.14843e-23	1.53954e-18
0.825032	1	0.983713	29416
0.878424	1	0.99229	29672.5
0.74506	0.601234	0.807691	24152.4
0.999316	1	1	29903
0.600111	0.0551724	0.145945	4364.18
0.16811	0.149021	0.117414	3511.03
0.540561	0.60081	0.690024	20633.8
0.992116	0.234274	0.57158	17092
1	0.0133439	0.0709457	2121.49
0.958336	1	0.99912	29876.7
1	0.00219091	0.0156068	466.69
0.890428	2.08712e-12	5.2057e-11	1.55666e-06
0.880473	7.70327e-06	8.75024e-05	2.61659
0.993821	2.1083e-06	2.94926e-05	0.881918
0.978366	5.16071e-09	1.01507e-07	0.00303535
0.97486	7.11811e-10	1.53277e-08	0.000458344
0.991291	1	0.999962	29901.9
0.911873	1	0.995997	29783.3
0.962391	0.850459	0.982425	29377.5
0.318871	0.514735	0.460736	13777.4
0.211711	0.178911	0.161866	4840.27
0.775408	1	0.972645	29085
0.966662	1	0.999438	29886.2
0.950954	1	0.998777	29866.4
0.585408	1	0.898862	26878.7
0.999579	1	1	29903
0.855242	1	0.988977	29573.4
0.860627	1	0.989802	29598
0.308179	1	0.670929	20062.8
0.649233	1	0.929678	27800.2
0.383152	2.69711e-06	1.52764e-05	0.456811
0.390261	1.56446e-05	7.94096e-05	2.37459
0.811315	1.19693e-07	1.66517e-06	0.0497935
0.749107	1.19716e-07	1.54492e-06	0.0461976
0.712446	0.000694585	0.00426131	127.426
0.907583	0.0047531	0.0278067	831.503
0.714889	0.596309	0.789764	23616.3
0.829005	1	0.984468	29438.5
0.966872	0.126035	0.37836	11314.1
0.107742	0.000531509	0.000616628	18.439
0.253951	0.000542915	0.00136346	40.7714
0.349923	0.000102578	0.00040327	12.059
0.133537	8.71141e-05	0.000143803	4.30014
0.0532472	8.70845e-05	6.15861e-05	1.84161
0.160254	0.000154992	0.000288199	8.61802
0.126775	1.88718e-06	3.88677e-06	0.116226
0.998256	1	0.999998	29903
0.988822	2.5524e-29	1.68719e-27	5.04519e-23
1	0.0171912	0.0870453	2602.92
0.584177	0.00551857	0.0217195	649.478
1	6.67313e-50	7.62279e-48	2.27944e-43
0.983412	1	0.999862	29898.9
0.738708	2.08757e-05	0.000186283	5.57041
0.994255	6.31086e-28	3.9929e-26	1.194e-21
0.822263	0.00081239	0.00555188	166.018
1	0.00052935	0.00452269	135.242
0.757246	0.00365427	0.0190657	570.121
0.352731	0.0080769	0.0195462	584.491
0.978849	0.346771	0.706187	21117.1
0.0847191	2.25305e-06	3.14405e-06	0.0940165
1	4.24902e-10	9.59393e-09	0.000286887
0.437615	1	0.799267	23900.5
0.570215	1	0.890529	26629.5
0.489277	1	0.839025	25089.4
0.542747	1	0.874426	26148
0.42889	1	0.791969	23682.3
0.420651	1	0.784914	23471.3
0.428867	1	0.79195	23681.7
0.321104	1	0.685875	20509.7
0.339575	1	0.706337	21121.6
0.512258	1	0.854921	25564.7
0.517102	1	0.858139	25660.9
0.457529	1	0.815278	24379.3
0.97621	1	0.999715	29894.5
0.712893	1	0.954153	28532
0.456615	1	0.814562	24357.9
0.867905	1	0.990864	29629.8
0.921578	1	0.996841	29808.5
0.88983	2.60066e-09	4.83291e-08	0.00144518
1	1	1	29903
0.999996	7.5696e-10	1.66544e-08	0.000498015
0.60552	0.330933	0.522509	15624.6
0.628251	0.01385	0.0499827	1494.63
0.980941	0.124995	0.379943	11361.4
0.0137573	2.81678e-08	8.78539e-09	0.00026271
0.0956657	0.790611	0.270911	8101.04
0.938723	0.579812	0.875363	26176
0.586629	0.050582	0.134048	4008.44
0.809409	0.00114143	0.00737898	220.653
0.982276	0.211384	0.534035	15969.3
0.957138	0.000503006	0.00415908	124.369
0.45186	0.0733192	0.146014	4366.27
0.857756	0.138051	0.371059	11095.8
1	0.188681	0.503344	15051.5
0.989042	0.0240552	0.112735	3371.11
0.898988	1	0.994717	29745
0.973693	0.590166	0.892997	26703.3
0.999998	1.21328e-09	2.61218e-08	0.00078112
0.347111	1	0.714393	21362.5
0.944004	1	0.998402	29855.2
0.779856	0.16455	0.391801	11716
0.751483	0.0902632	0.250347	7486.13
0.96767	0.656938	0.92369	27621.1
0.995161	1.26936e-22	6.49586e-21	1.94246e-16
1	0.100254	0.330843	9893.19
0.998278	0.546792	0.876314	26204.4
0.996603	0.547856	0.876401	26207
0.997821	0.546161	0.875781	26188.5
1	0.551427	0.879662	26304.5
0.0501822	3.85508e-06	3.18395e-06	0.0952096
0.150308	1	0.435152	13012.4
0.999999	1	1	29903
1	1	1	29903
0.999998	1	1	29903
0.999524	1	1	29903
0.999999	1	1	29903
0.999997	1	1	29903
1	1	1	29903
1	1	1	29903
1	1	1	29903
1	1	1	29903
1	1	1	29903
1	0.131121	0.397512	11886.8
0.999445	1.86927e-54	2.32996e-52	6.96727e-48
1	1.66555e-15	5.83418e-14	1.7446e-09
0.67385	4.30437e-05	0.000332051	9.92931
1	0.0887421	0.303677	9080.86
0.984356	0.00611543	0.036797	1100.34
0.644447	0.0245903	0.0815298	2437.99
1	0.10426	0.339978	10166.4
0.671524	1.37005e-06	1.37072e-05	0.409888
0.612719	8.76247e-08	9.52452e-07	0.0284812
0.663325	0.613708	0.772948	23113.5
0.855283	1	0.988983	29573.6
0.643003	0.716497	0.817754	24453.3
0.867982	0.119771	0.339296	10146
1	4.42488e-07	6.91646e-06	0.206823
0.85475	1	0.9889	29571.1
0.516268	1	0.857588	25644.4
0.484864	1	0.835851	24994.4
0.791758	0.0694805	0.214557	6415.9
0.999832	1	1	29903
0.753465	1	0.96675	28908.7
0.740854	1	0.963074	28798.8
0.961049	1	0.999231	29880
0.963843	1	0.999338	29883.2
0.789753	7.44359e-06	7.66816e-05	2.29301
0.412217	7.44359e-06	4.20194e-05	1.25651
0.756846	7.44359e-06	7.37262e-05	2.20463
0.756846	7.44359e-06	7.37262e-05	2.20463
0.21771	7.44359e-06	2.32269e-05	0.694553
0.756846	7.44359e-06	7.37262e-05	2.20463
0.21771	7.44359e-06	2.32269e-05	0.694553
0.756846	7.44359e-06	7.37262e-05	2.20463
0.756846	7.44359e-06	7.37262e-05	2.20463
0.308018	1	0.670739	20057.1
0.922348	9.30041e-06	0.000108654	3.24909
0.746702	1	0.964805	28850.6
0.993988	1	0.999982	29902.5
0.998446	1	0.999999	29903
0.99913	1	1	29903
0.997535	1	0.999997	29902.9
0.995206	1	0.999988	29902.7
0.995405	1	0.999989	29902.7
0.996106	1	0.999992	29902.8
0.994858	1	0.999987	29902.6
0.845266	1	0.987359	29525
0.996109	1	0.999992	29902.8
0.996595	1	0.999994	29902.8
0.994864	1	0.999987	29902.6
0.986277	1	0.999905	29900.2
0.996952	1	0.999995	29902.9
0.994701	1	0.999986	29902.6
0.994876	1	0.999987	29902.6
0.993991	1	0.999982	29902.5
0.568782	1	0.889722	26605.3
0.857154	1	0.989274	29582.3
0.833983	1	0.985386	29466
0.552291	1	0.880175	26319.9
0.996604	1	0.999994	29902.8
0.638819	1	0.925095	27663.1
0.0566006	1	0.219143	6553.02
0.790776	1	0.976403	29197.4
0.776569	0.0323538	0.117683	3519.06
0.604573	0.0165272	0.0560143	1675
0.152169	6.05192e-11	2.43222e-10	7.27306e-06
0.999999	0.000587237	0.00495632	148.209
1	0.000588082	0.00496262	148.397
0.999428	0.000586051	0.00494501	147.871
0.999194	0.000589432	0.00496912	148.592
0.996549	8.13072e-05	0.000844357	25.2488
0.998792	8.05834e-05	0.000839262	25.0965
0.999453	8.10808e-05	0.00084445	25.2516
0.998549	8.08659e-05	0.000841736	25.1704
0.997966	8.1234e-05	0.000844754	25.2607
0.492489	0.0233998	0.0629599	1882.69
0.874779	0.0234336	0.100187	2995.9
0.946466	0.483872	0.815621	24389.5
0.994466	0.0225135	0.107449	3213.03
0.963332	0.43472	0.78329	23422.7
0.986636	0.0465278	0.18735	5602.32
0.972372	0.0951722	0.312803	9353.73
0.0679075	0.000968194	0.000698876	20.8985
0.213073	0.00669796	0.010778	322.294
0.999458	1	1	29903
0.996234	1	0.999993	29902.8
0.999998	1	1	29903
0.809475	0.0106547	0.0496191	1483.76
0.943077	0.0521383	0.197295	5899.7
0.94284	0.00900454	0.0489769	1464.56
0.576822	7.35648e-06	5.67347e-05	1.69654
0.62858	7.57298e-05	0.000521369	15.5905
0.999548	1	1	29903
1	1	1	29903
1	2.63542e-09	5.4696e-08	0.00163558
0.429351	4.33021e-07	3.06727e-06	0.0917206
0.993634	0.578367	0.893022	26704
0.797833	0.336675	0.621697	18590.6
0.277041	0.0444702	0.0664856	1988.12
0.999999	0.743359	0.963821	28821.1
0.594749	1	0.90379	27026
0.929542	1	0.997457	29827
0.941249	1	0.998239	29850.4
0.899723	1	0.994795	29747.4
0.877821	0.0598893	0.207427	6202.69
0.720053	1	0.95654	28603.4
0.926403	1	0.997223	29820
0.00875119	0.00377291	0.000373707	11.175
0.902371	1	0.995071	29755.6
0.867097	1	0.990749	29626.4
0.967835	1	0.999477	29887.4
0.795971	1	0.977606	29233.3
0.31232	1	0.675776	20207.7
0.336732	1	0.703254	21029.4
0.246049	1	0.591065	17674.6
0.0607419	1	0.230887	6904.22
0.412808	0.038992	0.0825601	2468.8
0.114385	3.02031e-05	4.69011e-05	1.40248
0.0262497	2.06765e-05	8.37282e-06	0.250373
0.0280273	1.07855e-05	4.8402e-06	0.144736
0.0112645	1.07877e-05	2.05647e-06	0.0614948
0.0204035	7.87075e-07	3.04272e-07	0.00909864
0.0191513	4.12901e-07	1.55427e-07	0.00464773
0.146013	4.08037e-07	1.05072e-06	0.0314198
0.198951	4.10712e-07	1.41525e-06	0.0423201
0.230075	2.16389e-07	8.86957e-07	0.0265227
0.379542	1.91301e-06	1.09895e-05	0.328619
0.225502	3.82844e-06	1.29174e-05	0.386269
0.219927	3.82315e-06	1.26029e-05	0.376863
0.221681	3.80848e-06	1.26512e-05	0.378309
0.0695781	7.66382e-06	8.23543e-06	0.246264
0.806814	1	0.980006	29305.1
0.919955	0.0429809	0.167273	5001.97
0.909458	0.0429809	0.165813	4958.32
0.976122	0.0429809	0.175	5233.02
0.652509	0.0429809	0.128278	3835.89
0.95094	0.0429809	0.171553	5129.96
0.923576	0.0429809	0.167776	5017
0.915746	0.0429809	0.166688	4984.49
1.05875e-11	8.47834e-173	3.79237e-181	1.13403e-176
0.806005	1.51542e-05	0.000150395	4.49725
0.800136	0.0203228	0.0832399	2489.12
0.903325	0.00686935	0.0377426	1128.62
0.771722	0.685081	0.865654	25885.6
1	1	1	29903
0.409117	0.00203065	0.00672359	201.055
0.956272	0.00101844	0.00772718	231.066
0.99964	1	1	29903
0.999992	4.03436e-19	1.74905e-17	5.2302e-13
0.598235	0.779487	0.822065	24582.2
0.00433427	0.328928	0.0107682	322.002
0.129728	0.72574	0.316611	9467.62
0.621469	1	0.917083	27423.5
0.588989	0.0114142	0.040352	1206.65
0.957036	1	0.999064	29875
0.119522	1	0.373418	11166.3
0.985016	1	0.999887	29899.6
0.97973	1	0.999793	29896.8
0.994243	1	0.999983	29902.5
0.891308	1	0.993867	29719.6
0.99988	0.782328	0.974352	29136
0.964479	1	0.999362	29883.9
0.289113	1	0.647884	19373.7
0.980206	1	0.999803	29897.1
0.969211	1	0.999521	29888.7
0.996457	1	0.999994	29902.8
0.997043	1	0.999996	29902.9
0.797177	1	0.97788	29241.5
0.928986	0.0642867	0.22802	6818.49
0.999701	4.74382e-15	1.61157e-13	4.81909e-09
0.999999	4.21649e-20	1.92325e-18	5.7511e-14
0.0223467	0.174443	0.0255226	763.201
1	3.17557e-07	5.06904e-06	0.15158
0.102045	0.000105902	0.000134385	4.01853
0.845767	2.20992e-06	2.65223e-05	0.793097
0.99443	0.431714	0.792323	23692.8
0.993531	3.39041e-05	0.000380586	11.3807
0.559455	1	0.884382	26445.7
0.950062	0.663476	0.921241	27547.9
0.998208	0.523297	0.861579	25763.8
0.999991	0.791161	0.976492	29200
1	1	1	29903
1	0.648433	0.929332	27789.8
0.934338	1	0.997795	29837.1
0.684471	1	0.94396	28227.2
0.596687	0.00264391	0.0117559	351.538
0.905725	9.78609e-07	1.32387e-05	0.395876
0.981821	0.654419	0.926744	27712.4
0.496403	0.690884	0.709972	21230.3
1	1.93586e-07	3.18595e-06	0.0952693
0.999999	3.1442e-08	5.74606e-07	0.0171824
0.981581	5.41769e-09	1.06636e-07	0.00318872
0.983091	3.06221e-09	6.20785e-08	0.00185633
0.906433	3.05336e-09	5.73053e-08	0.0017136
0.886894	3.11244e-09	5.71621e-08	0.00170932
0.970316	3.0438e-09	6.09599e-08	0.00182288
0.959174	3.07859e-09	6.09493e-08	0.00182257
0.971419	3.43742e-08	6.0823e-07	0.0181879
0.98678	1.27577e-06	1.83614e-05	0.549061
0.91119	0.0061994	0.0348889	1043.28
0.883341	0.000107768	0.00097667	29.2054
0.999994	2.49329e-05	0.000289203	8.64804
0.993987	0.000216568	0.00203289	60.7895
0.999901	1	1	29903
1	1	1	29903
0.989603	0.333922	0.696358	20823.2
0.99613	0.793463	0.976313	29194.7
0.994575	0.0039871	0.0258951	774.34
0.988127	1	0.999929	29900.9
0.0144795	1	0.0758005	2266.66
0.258646	1	0.608412	18193.3
0.631798	1	0.92191	27567.9
0.498625	0.0408405	0.0996616	2980.18
0.587461	0.0408403	0.113483	3393.5
0.363305	0.00850485	0.020948	626.409
0.446351	0.0146954	0.0395321	1182.13
0.35599	0.00306417	0.00853106	255.104
0.522471	0.014363	0.0442171	1322.22
0.685533	0.00184044	0.00968379	289.574
0.686822	0.0664787	0.186588	5579.54
0.910499	0.810528	0.962208	28772.9
0.906905	0.382847	0.714494	21365.5
0.660633	0.769658	0.852367	25488.3
0.623003	0.76979	0.831998	24879.2
0.742834	1	0.963666	28816.5
0.618209	1	0.915524	27376.9
0.999995	0.452009	0.810927	24249.1
0.999998	1	1	29903
0.714653	0.130336	0.314234	9396.53
0.798429	0.579251	0.819131	24494.5
0.860037	1	0.989713	29595.4
1	0.144906	0.424817	12703.3
0.584352	1	0.898296	26861.7
3.11984e-06	1	4.26724e-05	1.27603
0.00218578	0.817181	0.0130885	391.387
0.886817	0.21843	0.51166	15300.2
0.932016	0.476486	0.804572	24059.1
0.938416	0.388127	0.732086	21891.6
0.412886	0.776788	0.685444	20496.8
0.696331	1	0.948354	28358.6
0.824655	1	0.98364	29413.8
0.114082	1	0.361736	10817
0.196303	1	0.515902	15427
0.852674	1	0.988571	29561.3
0.992384	0.455402	0.810869	24247.4
0.980789	1	0.999814	29897.4
0.999037	1	1	29903
0.987819	0.0171349	0.0859662	2570.65
1	0.512519	0.855096	25569.9
0.528851	1	0.865755	25888.7
0.878915	1	0.992354	29674.4
0.602627	0.445516	0.621525	18585.5
0.999989	0.273581	0.628181	18784.5
0.971014	0.128942	0.385355	11523.3
0.842173	1	0.986833	29509.3
0.963682	1	0.999332	29883
0.966698	1	0.999439	29886.2
0.957442	1	0.999081	29875.5
0.774364	1	0.972379	29077.1
0.914138	1	0.996204	29789.5
0.541405	1	0.873605	26123.4
0.195027	1	0.513821	15364.8
0.653865	1	0.931662	27859.5
0.319348	1	0.683875	20449.9
0.427452	1	0.790749	23645.8
0.367173	1	0.735052	21980.3
0.506982	1	0.851365	25458.4
0.643461	1	0.927159	27724.8
0.852421	1	0.988531	29560
0.893072	0.241382	0.546358	16337.8
0.540838	0.0549914	0.134289	4015.65
0.842324	0.0352475	0.134108	4010.22
0.383062	0.158281	0.230578	6894.96
0.275377	1	0.630507	18854
0.9895	0.151591	0.434567	12994.9
0.989215	0.0573556	0.219534	6564.73
0.997112	0.493513	0.841026	25149.2
0.302911	0.494497	0.434166	12982.9
0.943006	1	0.998344	29853.5
0.366965	0.00151743	0.00472941	141.424
0.357878	0.00557622	0.0144019	430.661
0.119944	0.0580332	0.041538	1242.11
0.886292	1	0.993275	29701.9
0.765479	1	0.970056	29007.6
0.0215203	1	0.104131	3113.84
0.00150979	1	0.0113171	338.414
0.0603063	1	0.229666	6867.69
0.0131797	1	0.0702355	2100.25
0.0280441	1	0.128273	3835.75
0.168107	1	0.467868	13990.7
0.221333	1	0.555123	16599.8
0.0737789	1	0.266097	7957.1
0.460655	1	0.817712	24452
0.00772489	1	0.0452934	1354.41
0.0224852	1	0.107814	3223.97
0.0612032	1	0.232178	6942.81
0.121565	1	0.37774	11295.6
0.0893159	1	0.305065	9122.37
0.00448365	1	0.0287282	859.059
0.00571584	1	0.0352354	1053.64
0.00369607	1	0.0243959	729.51
0.0160559	1	0.0823935	2463.81
0.0263821	1	0.122283	3656.63
0.000493272	1	0.00424927	127.066
0.00682316	1	0.0408532	1221.63
0.0216301	1	0.104553	3126.45
0.0278674	1	0.127641	3816.84
0.0130837	1	0.0698195	2087.81
0.00108905	1	0.00851905	254.745
0.0122544	1	0.0661966	1979.48
3.60031e-06	1	4.87284e-05	1.45712
0.00159682	1	0.0118799	355.246
0.77331	0.592823	0.815986	24400.4
0.86412	0.221178	0.507402	15172.9
0.354534	0.213303	0.270881	8100.17
0.962612	1	0.999292	29881.8
0.673634	0.000156674	0.00107191	32.0534
0.623833	1	0.918203	27457
0.160004	2.87021e-09	1.03337e-08	0.000309008
0.189661	1	0.504975	15100.3
0.70369	1	0.950979	28437.1
1	0.0864397	0.298071	8913.21
0.212008	1	0.540859	16173.3
0.360966	0.0145549	0.03283	981.716
0.737508	0.000667266	0.00424045	126.802
0.772269	0.00042401	0.00295496	88.3622
0.0038809	3.20518e-18	5.8256e-19	1.74203e-14
0.0305551	3.19399e-18	4.36957e-18	1.30663e-13
0.00208094	1.01456e-19	1.07483e-20	3.21405e-16
0.00422892	1.07867e-19	2.28716e-20	6.83929e-16
0.00489865	3.06199e-21	8.03291e-22	2.40208e-17
0.00298163	1.09087e-19	1.64182e-20	4.90952e-16
0.00180335	1.08898e-19	1.00119e-20	2.99387e-16
0.000627765	2.32425e-23	8.82591e-25	2.63921e-20
0.0045216	2.35732e-23	6.23551e-24	1.8646e-19
0.00813753	9.36545e-23	4.30852e-23	1.28838e-18
0.0491068	1.84031e-21	4.67747e-21	1.3987e-16
0.151868	1.78342e-08	5.61376e-08	0.00167868
0.24539	4.52414e-06	1.63318e-05	0.488371
0.435161	7.63766e-05	0.000375963	11.2424
0.772733	0.00520785	0.0262198	784.051
0.972958	0.319919	0.674549	20171
0.157672	0.0633676	0.0560116	1674.92
0.534853	2.14893e-07	1.95149e-06	0.0583553
0.763075	6.46155e-08	8.78898e-07	0.0262817
0.969123	1.99448e-08	3.62644e-07	0.0108441
0.668523	6.51161e-08	7.81383e-07	0.0233657
0.626616	6.62203e-08	7.46809e-07	0.0223318
0.801866	6.62203e-08	9.4258e-07	0.028186
0.716772	1.69119e-05	0.000149349	4.46597
0.809334	1.81476e-05	0.000178137	5.32685
0.477107	9.22551e-05	0.000485534	14.5189
0.722301	3.91993e-05	0.000324819	9.71308
0.831187	4.75018e-05	0.000439825	13.1521
0.813404	4.7991e-05	0.000435293	13.0166
0.894949	0.612188	0.877537	26241
0.986806	7.90551e-07	1.17516e-05	0.351408
0.668627	2.99271e-07	3.28654e-06	0.0982775
0.987372	0.578952	0.891328	26653.4
1	0.000277027	0.00254626	76.1409
1	9.20284e-19	3.91393e-17	1.17038e-12
0.00266154	0.829414	0.0157084	469.729
0.999997	1	1	29903
0.353902	1	0.721513	21575.4
0.990964	0.0489937	0.195425	5843.78
0.46712	0.000883065	0.00362721	108.464
0.321987	0.0520268	0.0852546	2549.37
0.999982	7.64808e-13	2.21019e-11	6.60913e-07
0.974779	1	0.999679	29893.4
0.999332	1	1	29903
0.0336493	0.169079	0.0350988	1049.56
1	0.00103618	0.00815705	243.92
0.919461	1	0.996666	29803.3
0.850336	1	0.988196	29550
0.803663	1	0.979324	29284.7
0.868465	1	0.990943	29632.2
0.962659	1	0.999294	29881.9
0.965014	1	0.999381	29884.5
1	1	1	29903
0.987252	1	0.999918	29900.6
0.242331	0.0158894	0.0252575	755.275
0.157816	0.0156221	0.0172712	516.46
0.999989	0.00488487	0.03088	923.404
0.890081	0.0702439	0.23585	7052.62
0.771469	0.015602	0.0652353	1950.73
0.926578	0.015602	0.0757029	2263.74
0.647731	0.015602	0.0565387	1690.68
0.771469	0.015602	0.0652353	1950.73
0.647731	0.015602	0.0565387	1690.68
0.771469	0.015602	0.0652353	1950.73
0.999999	0.507666	0.851828	25472.2
0.699646	0.773857	0.873617	26123.8
0.561788	1	0.885732	26486.1
0.512626	1	0.855167	25572.1
0.936636	1	0.997949	29841.7
0.809364	1	0.98055	29321.4
0.957962	1	0.999104	29876.2
1	6.96749e-08	1.21788e-06	0.0364182
0.661488	2.07267e-08	2.61941e-07	0.00783281
0.989674	2.06395e-08	3.82105e-07	0.0114261
0.993792	3.74551e-08	6.73965e-07	0.0201536
0.974158	3.74551e-08	6.61378e-07	0.0197772
0.989531	2.05874e-08	3.8114e-07	0.0113972
0.976484	2.2443e-08	4.08413e-07	0.0122128
0.991586	2.24052e-08	4.13729e-07	0.0123717
0.991157	2.24619e-08	4.14549e-07	0.0123963
0.0729099	2.23863e-08	3.46567e-08	0.00103634
0.922647	1.89518e-08	3.29815e-07	0.00986246
0.94458	1.73012e-08	3.09352e-07	0.00925056
0.0455705	1.44801e-08	1.46088e-08	0.000436845
0.0281018	0.531492	0.0777261	2324.24
0.555384	0.447018	0.594165	17767.3
0.772353	0.788462	0.911011	27242
0.834371	0.528071	0.80173	23974.1
0.602063	0.788488	0.828401	24771.7
0.633786	0.788487	0.846388	25309.5
0.1097	0.788473	0.298207	8917.28
0.227604	0.788486	0.487741	14584.9
0.425808	0.788485	0.702176	20997.2
0.11542	0.788459	0.309126	9243.8
0.191974	0.788469	0.437152	13072.2
0.0369503	0.788468	0.132148	3951.62
0.124366	0.788483	0.325774	9741.61
0.383864	0.788469	0.664389	19867.2
0.792011	0.788481	0.91851	27466.2
0.726854	0.788486	0.89215	26678
0.877299	0.80038	0.950444	28421.1
0.452041	0.800388	0.729637	21818.3
0.852818	0.146999	0.385685	11533.2
0.963983	1	0.999343	29883.4
0.508736	1	0.852553	25493.9
0.798698	0.155986	0.384069	11484.8
0.999986	6.45684e-07	9.84847e-06	0.294499
0.554006	2.30334e-05	0.000156562	4.68167
0.998102	1.26569e-05	0.000155121	4.63859
1	0.000235445	0.00220236	65.8573
6.02388e-07	1.2375e-16	3.8727e-21	1.15805e-16
0.940745	8.3606e-10	1.72746e-08	0.000516564
0.0852291	6.92388e-17	2.40009e-16	7.17698e-12
0.958154	1.52533e-11	3.79246e-10	1.13406e-05
1	1.12992e-21	5.56285e-20	1.66346e-15
0.350046	8.03303e-07	4.52276e-06	0.135244
0.768534	1	0.970866	29031.8
0.196228	1	0.515781	15423.4
0.284105	2.52357e-06	1.08607e-05	0.324767
0.917597	0.192219	0.482419	14425.8
0.963049	1	0.999309	29882.3
0.977085	0.722351	0.951717	28459.2
0.797324	1	0.977913	29242.5
0.686188	1	0.944609	28246.6
0.47505	0.751208	0.724574	21666.9
0.0161753	1	0.0828867	2478.56
0.603075	1	0.908058	27153.7
0.882813	1	0.992849	29689.1
0.916146	1	0.996382	29794.8
0.480543	1	0.832704	24900.3
0.818007	1	0.982332	29374.7
0.994512	1	0.999985	29902.5
0.881579	1	0.992694	29684.5
0.46309	1	0.819592	24508.3
0.0914546	1	0.310206	9276.09
0.586159	1	0.899264	26890.7
0.80214	1	0.97899	29274.7
0.273435	1	0.627996	18779
0.586159	1	0.899264	26890.7
0.46309	1	0.819592	24508.3
0.943801	1	0.99839	29854.9
0.994512	1	0.999985	29902.5
1	1	1	29903
0.961297	1	0.999241	29880.3
0.300163	1	0.661388	19777.5
4.84459e-05	0.899446	0.000481108	14.3866
0.105295	1	0.342313	10236.2
0.306821	1	0.669328	20014.9
0.400111	1	0.766618	22924.2
0.466585	1	0.822269	24588.3
0.194975	0.00202953	0.00349601	104.541
0.990087	1	0.999951	29901.5
0.999951	1	1	29903
0.978044	2.74833e-18	1.11438e-16	3.33233e-12
0.812194	0.580764	0.826136	24703.9
0.636342	0.626795	0.765467	22889.7
0.996666	0.879475	0.992045	29665.1
0.988822	0.384413	0.747794	22361.3
0.969053	0.62676	0.910212	27218.1
0.999954	0.638398	0.924894	27657.1
0.897347	0.203661	0.493367	14753.2
0.405678	0.34203	0.412801	12344
0.261756	0.0605117	0.0814974	2437.02
0.131996	0.0605196	0.0465703	1392.59
0.257405	0.108851	0.128182	3833.04
0.00316875	1	0.0214031	640.017
4.75652e-05	5.10196e-19	1.28795e-21	3.85136e-17
0.932285	0.00016918	0.00153855	46.0071
0.602374	0.000168564	0.00103519	30.9553
0.960926	0.000203624	0.00186649	55.8136
0.935411	0.813503	0.968835	28971.1
0.925417	0.627079	0.896111	26796.4
0.468927	0.830839	0.756853	22632.2
1	0.802624	0.979096	29277.9
0.371579	0.802663	0.659083	19708.6
0.415233	0.80286	0.699583	20919.6
0.00595189	0.656509	0.0255738	764.735
0.590968	1	0.901813	26966.9
0.0962938	1	0.321655	9618.45
0.0962938	1	0.321655	9618.45
0.0311114	1	0.139074	4158.72
0.338764	1	0.70546	21095.4
0.00805217	1	0.0468782	1401.8
0.347164	1	0.714449	21364.2
0.338764	1	0.70546	21095.4
0.0951962	0.660718	0.236889	7083.68
0.99916	0.262253	0.612969	18329.6
1.42101e-05	0.0370962	8.14738e-06	0.243631
0.00842662	0.0370962	0.00283543	84.7879
3.16087e-06	0.116952	5.84472e-06	0.174775
0.86029	0.419066	0.728324	21779.1
0.530233	0.314668	0.465617	13923.3
0.875796	0.0253317	0.106674	3189.89
1	0.0026723	0.0185052	553.361
0.999944	0.0575153	0.221753	6631.08
0.999902	0.0789775	0.27945	8356.38
0.999653	0.178132	0.485344	14513.2
0.970154	8.59535e-08	1.44259e-06	0.0431379
0.999987	0.00178438	0.013077	391.041
0.999993	0.00355271	0.02359	705.412
0.800509	0.670742	0.870843	26040.8
0.999994	0.4709	0.825537	24686
0.619652	1	0.916216	27397.6
0.980519	1	0.999809	29897.3
0.99999	5.88155e-15	1.986e-13	5.93874e-09
0	0	0	0
0.315469	1	0.679424	20316.8
1	0.853487	0.988701	29565.1
0.464874	1	0.820962	24549.2
0.952538	0.848485	0.980306	29314.1
0.96843	0.848527	0.983073	29396.8
0.999698	0	0	0
0.880728	0.17022	0.434412	12990.2
0.467182	0.0186566	0.0500526	1496.72
0.990297	0.0573248	0.219625	6567.44
0.984597	0.103798	0.335299	10026.5
0.951147	1	0.998787	29866.7
0.945028	1	0.998461	29857
0.978478	0.850427	0.985047	29455.8
0.999999	0.568899	0.889788	26607.3
1	0.159183	0.451714	13507.6
0.544793	1	0.875673	26185.2
0.783127	1	0.974571	29142.6
0.998464	0.867786	0.990657	29623.6
1	0.867818	0.990851	29629.4
0.884327	1	0.993036	29694.8
1	1	1	29903
0.765287	1	0.970004	29006
0.861671	1	0.989958	29602.7
0.770568	0.350625	0.623757	18652.2
0.56986	0.48279	0.630179	18844.2
0.956585	0.488251	0.822626	24599
0.979759	0.487534	0.830586	24837
0.923164	0.487205	0.809145	24195.9
0.999659	0.29278	0.652289	19505.4
0.409775	0.0380318	0.080439	2405.37
0.145006	0.0389104	0.0348548	1042.26
0.055627	0.00180099	0.00102273	30.5826
0.204659	0.0384451	0.0459887	1375.2
0.215836	0.0386903	0.0483126	1444.69
0.209778	0.038636	0.0471327	1409.41
0.195994	1.98087e-06	6.11929e-06	0.182985
0.957534	0.707939	0.941428	28151.5
0.914045	0.723558	0.934806	27953.5
0.808042	0.00294224	0.0167414	500.618
0.623949	1	0.918257	27458.7
0.440383	1	0.801545	23968.6
0.738083	1	0.962238	28773.8
0.887351	1	0.993402	29705.7
0.650312	1	0.930143	27814.1
0.402677	1	0.768961	22994.2
0.475238	1	0.828787	24783.2
0.50107	1	0.847314	25337.2
0.8877	0.374519	0.698577	20889.6
0.840746	1	0.986587	29501.9
0.772694	1	0.97195	29064.2
0.693857	1	0.947454	28331.7
0.365734	1	0.733607	21937.1
0.358444	1	0.726202	21715.6
0.599045	1	0.906007	27092.3
0.71208	1	0.953877	28523.8
0.7344	1	0.96111	28740.1
0.542425	1	0.874229	26142.1
0.316715	1	0.680859	20359.7
0.237748	0.382666	0.309065	9241.98
0.327858	0.382752	0.385944	11540.9
0.0665834	0.000486417	0.000367199	10.9803
0.0992282	0.000486025	0.000527588	15.7765
0.0989363	0.000485654	0.000525812	15.7234
0.155149	0.000485081	0.000789819	23.618
0.0224926	0.000482527	0.000134918	4.03444
0.0171067	0.000482404	0.000104846	3.13521
0.705146	0.0699136	0.197683	5911.31
0.998146	0.00101262	0.0079819	238.683
0.999987	3.66602e-08	6.64333e-07	0.0198655
0.302667	1	0.664391	19867.3
0.771336	1	0.971599	29053.7
0.99893	1	0.999999	29903
1	0.0659727	0.24532	7335.82
0.998064	0.0659727	0.244973	7325.43
1	0.0659727	0.24532	7335.82
1	0.0659727	0.24532	7335.82
0.976713	0.0659727	0.241126	7210.39
0.918997	0.146333	0.404291	12089.5
1	0.146449	0.427789	12792.2
0.999999	0.0238753	0.113047	3380.46
0.999998	0.00465644	0.0296592	886.898
0.807179	1	0.980085	29307.5
0.997394	0.853556	0.988356	29554.8
0.999992	0.598759	0.905858	27087.9
0.998426	0.40669	0.772014	23085.5
0.854574	0.481649	0.776983	23234.1
0.615712	0.260697	0.454155	13580.6
0.835611	0.0642341	0.210663	6299.46
0.734888	0.0121372	0.0510149	1525.5
0.699234	5.12938e-05	0.000402984	12.0504
0.999989	3.87854e-26	2.30816e-24	6.9021e-20
0.978966	1	0.999777	29896.3
0.987382	0.774338	0.969812	29000.3
0.846495	0.892333	0.967283	28924.7
0.785694	1	0.975194	29161.2
0.764482	1	0.969789	28999.6
0.948066	1	0.998627	29862
0.998611	0.783088	0.974294	29134.3
0.999922	0.506701	0.851146	25451.8
0.542321	1	0.874166	26140.2
1	0.779568	0.973692	29116.3
0.979504	0.830061	0.981321	29344.4
0.677094	0.659993	0.806824	24126.5
0.159973	0.754095	0.375776	11236.8
0.81038	0.496169	0.768422	22978.1
0.85397	0.00299126	0.0178043	532.401
0.995056	0.0203818	0.0993381	2970.51
0.907419	0.0236003	0.103728	3101.79
0.749307	0.0236109	0.0890721	2663.52
0.691875	0.0235941	0.0834999	2496.9
0.994362	0.0235967	0.111507	3334.38
1	0.0322002	0.142833	4271.13
0.805052	0.0438901	0.153452	4588.67
0.967207	0.0807477	0.277236	8290.19
0.999998	0.000214249	0.0020243	60.5327
0.900901	1	0.994919	29751.1
0.797922	0.535506	0.790613	23641.7
0.96545	0.676892	0.93151	27854.9
0.696931	0.632246	0.80175	23974.7
0.369948	1	0.737822	22063.1
0.946821	1	0.99856	29859.9
0.979015	6.48648e-06	8.23451e-05	2.46237
0.828935	1	0.984454	29438.1
0.793523	1	0.977043	29216.5
0.667969	1	0.937504	28034.2
0.808741	1	0.980418	29317.4
0.984438	1	0.999878	29899.4
0.939761	1	0.998148	29847.6
0.974552	1	0.999673	29893.2
0.999954	1	1	29903
0.898907	1	0.994709	29744.8
0.543402	1	0.874826	26159.9
0.999927	1	1	29903
0.748347	1	0.965284	28864.9
0.68319	0.640539	0.799263	23900.4
0.691234	0.642097	0.804367	24053
0.763291	0.642097	0.839617	25107.1
0.845367	0.641211	0.874005	26135.4
0.717898	0.642097	0.817948	24459.1
0.763291	0.642097	0.839617	25107.1
0.709262	0.375412	0.618604	18498.1
0.693369	0.373806	0.609141	18215.1
0.671173	0.373806	0.597804	17876.1
0.595796	0.167105	0.329246	9845.44
0.696667	0.168133	0.368318	11013.8
0.847256	0.0857113	0.263065	7866.45
0.783393	0.084366	0.245644	7345.49
0.871019	0.218229	0.505674	15121.2
0.906335	0.0608346	0.214919	6426.73
0.950128	0.0141559	0.0714027	2135.15
0.893517	0.376535	0.702936	21019.9
0.090578	0.328581	0.134362	4017.82
0.0884908	0.725084	0.240377	7187.98
0.0513117	0.880044	0.185034	5533.08
0.074595	0.4226	0.140502	4201.44
0.0855463	0.423088	0.156316	4674.31
0.0532107	0.267991	0.0748691	2238.81
0.0487479	0.32013	0.0805271	2408
0.999991	1.44801e-06	2.09168e-05	0.625476
0.999991	1.44652e-06	2.08968e-05	0.624876
0.999998	1.84941e-05	0.000220043	6.57995
0.999995	1.47697e-06	2.13059e-05	0.637111
0.999995	1.47241e-06	2.12447e-05	0.63528
0.999976	1.93607e-05	0.000229463	6.86162
0.969887	1.98306e-05	0.000228087	6.82049
0.966646	1.96115e-05	0.000225087	6.73077
0.955658	1.95947e-05	0.000222568	6.65546
0.999963	0.00016387	0.00159218	47.6109
0.999917	0.000159489	0.00155387	46.4654
0.999993	0.0601188	0.229138	6851.9
0.995258	2.32724e-05	0.00027037	8.08488
0.999959	2.78581e-08	5.12462e-07	0.0153241
0.999957	2.46198e-09	5.12619e-08	0.00153289
0.929631	0.00147121	0.0103871	310.605
0.999966	0.000356658	0.00318798	95.3301
0.931291	0.00148516	0.0104887	313.645
0.911297	0.00571566	0.0325929	974.624
0.942231	0.00140919	0.0101234	302.719
0.966953	0.000772374	0.0061239	183.123
0.981178	0.000729241	0.00589764	176.357
0.964765	0.000741662	0.00589774	176.36
0.940057	3.23588e-05	0.000346791	10.3701
0.936664	1.92234e-05	0.000214716	6.42066
0.953053	1.75135e-05	0.000200306	5.98976
0.947883	5.51036e-06	6.87495e-05	2.05582
0.999954	0.00191406	0.0138927	415.434
0.986618	0.000188258	0.00178145	53.2707
0.757559	6.47948e-07	7.62161e-06	0.227909
0.908039	0.00197967	0.0131609	393.549
0.457974	0.75392	0.712446	21304.3
0.978467	0.803141	0.975231	29162.3
0.973363	0.576315	0.885256	26471.8
0.999832	0.000521542	0.00446307	133.459
0.999604	0.0890651	0.304374	9101.69
0.334	0.0321558	0.0594329	1777.22
0.999999	0.000219118	0.00206539	61.7612
0.806711	0.00875661	0.0420505	1257.43
0.00590934	0.000509326	4.12751e-05	1.23425
0.439714	0.332192	0.427059	12770.3
0.444237	0.330327	0.428355	12809.1
0.534094	0.367738	0.516072	15432.1
0.844811	0.660188	0.88338	26415.7
0.972086	1	0.999607	29891.2
0.854858	0.245197	0.537125	16061.7
0.964183	1	0.999351	29883.6
0.815648	0.273919	0.558263	16693.7
