quality	AA	AC	AG	AT	A.	CA	CC	CG	CT	C.	GA	GC	GG	GT	G.	TA	TC	TG	TT	T.	.A	.C	.G	.T	..
0	NA	NA	NA	NA	NA	NA	NA	NA	NA	NA	NA	NA	NA	NA	NA	NA	NA	NA	NA	NA	NA	NA	NA	NA	NA
1	NA	NA	NA	NA	NA	NA	NA	NA	NA	NA	NA	NA	NA	NA	NA	NA	NA	NA	NA	NA	NA	NA	NA	NA	NA
2	NA	NA	NA	NA	NA	NA	NA	NA	NA	NA	NA	NA	NA	NA	NA	NA	NA	NA	NA	NA	NA	NA	NA	NA	NA
3	NA	NA	NA	NA	NA	NA	NA	NA	NA	NA	NA	NA	NA	NA	NA	NA	NA	NA	NA	NA	NA	NA	NA	NA	NA
4	NA	NA	NA	NA	NA	NA	NA	NA	NA	NA	NA	NA	NA	NA	NA	NA	NA	NA	NA	NA	NA	NA	NA	NA	NA
5	NA	NA	NA	NA	NA	NA	NA	NA	NA	NA	NA	NA	NA	NA	NA	NA	NA	NA	NA	NA	NA	NA	NA	NA	NA
6	NA	NA	NA	NA	NA	NA	NA	NA	NA	NA	NA	NA	NA	NA	NA	NA	NA	NA	NA	NA	NA	NA	NA	NA	NA
7	NA	NA	NA	NA	NA	NA	NA	NA	NA	NA	NA	NA	NA	NA	NA	NA	NA	NA	NA	NA	NA	NA	NA	NA	NA
8	NA	NA	NA	NA	NA	NA	NA	NA	NA	NA	NA	NA	NA	NA	NA	NA	NA	NA	NA	NA	NA	NA	NA	NA	NA
9	NA	NA	NA	NA	NA	NA	NA	NA	NA	NA	NA	NA	NA	NA	NA	NA	NA	NA	NA	NA	NA	NA	NA	NA	NA
10	0.947368	0.0263158	NA	0.0263158	NA	0.0526316	0.947368	NA	NA	NA	NA	NA	0.971014	0.0289855	NA	NA	NA	NA	1	NA	NA	NA	NA	NA	1
11	0.972495	0.0153611	0.00321699	0.00884671	8.04246e-05	0.0713763	0.906662	0.0057345	0.0161054	0.000122011	0.0245735	0.00582309	0.922495	0.0465848	0.000524078	0.0215016	0.00599225	0.0299612	0.942545	NA	0.000196938	2.46172e-05	4.92344e-05	0.000123086	0.999606
12	0.971191	0.0137263	0.00647064	0.00842135	0.000190313	0.0529355	0.927903	0.00625806	0.0127742	0.000129032	0.0111189	0.00456112	0.949828	0.0343748	0.000117454	0.0114325	0.00563436	0.0256822	0.956792	0.00045861	4.52858e-05	1.29388e-05	1.29388e-05	5.17551e-05	0.999877
13	0.967559	0.0174863	0.0055033	0.00935562	9.5864e-05	0.0368047	0.948242	0.00484547	0.00998178	0.000126213	0.00790847	0.00310066	0.969544	0.0193701	7.71307e-05	0.0123021	0.00726118	0.0228281	0.957452	0.000156473	4.36004e-05	2.57131e-05	2.45951e-05	4.02465e-05	0.999866
14	0.964496	0.0186059	0.00582934	0.010918	0.000150877	0.0326407	0.951925	0.00373525	0.0114575	0.000241633	0.0134271	0.00608073	0.947367	0.0329635	0.000161772	0.0137601	0.0100336	0.0205995	0.955417	0.000189483	4.7736e-05	4.99058e-05	4.55662e-05	8.02833e-05	0.999777
15	0.963346	0.017901	0.00698518	0.0116704	9.73544e-05	0.0278457	0.956402	0.00471568	0.0109502	8.67917e-05	0.0137392	0.00628078	0.953644	0.0262532	8.32679e-05	0.0143149	0.00912836	0.0231173	0.953202	0.0002371	5.54879e-05	2.0808e-05	1.734e-05	3.8148e-05	0.999868
16	0.964774	0.0153505	0.00758499	0.0121831	0.000107236	0.0253376	0.957211	0.00458768	0.0127742	8.91598e-05	0.0130448	0.00540119	0.953688	0.0277534	0.000112525	0.0180679	0.0117334	0.0282123	0.941816	0.000170364	6.24836e-05	2.1661e-05	3.24915e-05	4.08226e-05	0.999843
17	NA	NA	NA	NA	NA	NA	NA	NA	NA	NA	NA	NA	NA	NA	NA	NA	NA	NA	NA	NA	NA	NA	NA	NA	NA
18	1	NA	NA	NA	NA	NA	1	NA	NA	NA	NA	NA	1	NA	NA	NA	NA	NA	1	NA	NA	NA	NA	NA	1
19	1	NA	NA	NA	NA	NA	1	NA	NA	NA	NA	NA	1	NA	NA	NA	NA	NA	1	NA	NA	NA	NA	NA	1
20	0.996233	0.00269107	0.000538213	NA	0.000538213	0.00734024	0.989637	0.000863558	0.00215889	NA	0.000918949	0.000551369	0.995589	0.00294064	NA	NA	0.000826788	0.00537412	0.993799	NA	NA	NA	NA	7.19994e-05	0.999928
21	0.997037	0.00166128	0.000583693	0.000606142	0.000112249	0.00477116	0.993992	0.000412323	0.000824645	NA	0.00111831	0.000344096	0.9961	0.00243735	NA	0.000704872	0.000360632	0.00221297	0.996607	0.000114747	5.7374e-06	5.7374e-06	1.72122e-05	2.29496e-05	0.999948
22	0.996452	0.002276	0.000502058	0.000635941	0.000133882	0.00508783	0.993252	0.000535561	0.00107112	5.35561e-05	0.00109151	0.000130981	0.995983	0.00275061	4.36605e-05	0.0011134	0.000622196	0.00311098	0.995055	9.82415e-05	2.94221e-05	NA	NA	NA	0.999971
23	0.997527	0.00130827	0.000519723	0.000627251	1.79215e-05	0.00292007	0.995719	0.000247463	0.00108884	2.47463e-05	0.000792907	0.000312357	0.996973	0.00185012	7.20825e-05	0.000471237	0.000294523	0.0012959	0.997927	1.17809e-05	3.14409e-05	1.79662e-05	1.34747e-05	1.79662e-05	0.999919
24	0.998459	0.000690718	0.000425057	0.000425057	NA	0.00269951	0.995445	0.000506158	0.0012654	8.43597e-05	0.00108705	0.000501714	0.99699	0.00142152	NA	0.000266443	0.000266443	0.00148447	0.997907	7.61267e-05	4.35641e-05	4.35641e-05	2.90428e-05	NA	0.999884
25	0.997535	0.00116747	0.00086479	0.000432395	NA	0.0030186	0.995507	0.0002808	0.0011934	NA	0.000709769	0.000451671	0.997032	0.00180668	NA	0.000227931	0.000293055	0.00120478	0.998242	3.25616e-05	5.98351e-05	1.1967e-05	NA	1.1967e-05	0.999916
26	0.997172	0.00179995	0.000514271	0.000385703	0.000128568	0.00191022	0.99618	0.00095511	0.00095511	NA	0.000857633	0.000428816	0.995926	0.00278731	NA	0.000345363	0.000690727	0.000518045	0.99836	8.63409e-05	3.41939e-05	NA	6.83878e-05	NA	0.999897
27	0.99679	0.00131957	0.00103394	0.000807324	4.95725e-05	0.00272429	0.995394	0.000368758	0.00148256	3.01027e-05	0.00172408	0.000555102	0.994139	0.00355918	2.28571e-05	0.00103682	0.000926968	0.00401815	0.993937	8.09411e-05	2.40871e-05	1.20436e-05	1.5389e-05	1.94035e-05	0.999929
28	0.998838	0.000442478	0.000497788	0.000221239	NA	0.000602621	0.998795	0.000100437	0.000502185	NA	0.00211952	0.000206064	0.996438	0.00114807	8.83132e-05	0.000465441	0.00011636	0.000465441	0.998953	NA	2.48324e-05	NA	NA	2.48324e-05	0.99995
29	0.998937	0.000265816	0.000531632	NA	0.000265816	NA	1	NA	NA	NA	0.00110681	NA	0.998524	0.000368936	NA	NA	NA	0.000874891	0.999125	NA	NA	NA	NA	NA	1
30	0.998302	0.000464512	0.000826786	0.000371165	3.55607e-05	0.000438395	0.998405	0.000124774	0.00102854	3.37227e-06	0.00100385	0.000184836	0.997897	0.000901874	1.27473e-05	0.000400294	0.000644376	0.000572779	0.998353	2.92898e-05	1.9055e-05	4.39731e-06	5.13019e-06	1.09933e-05	0.99996
31	0.998636	0.000428653	0.000680802	0.000231137	2.31137e-05	0.000461303	0.99875	6.54552e-05	0.000716891	6.23383e-06	0.000953448	9.86326e-05	0.998329	0.000597773	2.09221e-05	0.00027657	0.000494199	0.000550873	0.998642	3.62715e-05	1.29553e-05	6.47766e-06	7.77319e-06	1.36031e-05	0.999959
32	0.999336	0.000276708	0.000298844	6.64099e-05	2.21366e-05	0.00030345	0.999472	2.6387e-05	0.000197902	NA	0.000200685	5.3516e-05	0.999505	0.000214064	2.6758e-05	8.05874e-05	0.000161175	0.000232808	0.999516	8.95415e-06	NA	5.85408e-06	2.92704e-06	2.92704e-06	0.999988
33	0.999492	0.000223953	0.000146431	0.000103363	3.44542e-05	0.000477973	0.999363	1.13803e-05	0.000147944	NA	0.000289936	3.34541e-05	0.999487	0.000144968	4.46055e-05	8.798e-05	0.000113117	0.000232519	0.999548	1.88529e-05	7.05751e-06	4.70501e-06	7.05751e-06	9.41002e-06	0.999972
34	0.998793	0.0002712	0.000662488	0.000220162	5.30391e-05	0.0002179	0.999065	5.44749e-05	0.000650586	1.24514e-05	0.000936816	9.3542e-05	0.998607	0.000350433	1.25653e-05	0.000198067	0.000522676	0.000479761	0.998741	5.83196e-05	1.44116e-05	4.90608e-06	7.05249e-06	1.59448e-05	0.999958
35	0.999256	0.000215949	0.00037717	0.000110932	3.99357e-05	0.000246657	0.999494	1.07242e-05	0.000246657	2.14485e-06	0.000495578	5.3634e-05	0.99926	0.000184501	6.43608e-06	7.65919e-05	0.000295021	0.000465225	0.999121	4.25511e-05	1.10033e-05	4.78403e-06	3.82722e-06	1.00465e-05	0.99997
36	0.99899	0.000156822	0.000647524	0.000171276	3.46888e-05	9.17277e-05	0.99929	3.46776e-05	0.000570502	1.34236e-05	0.000779674	5.81846e-05	0.998995	0.00015657	1.0579e-05	0.000148357	0.000533752	0.000169906	0.999106	4.22692e-05	1.44512e-05	6.99979e-06	5.64499e-06	1.60318e-05	0.999957
37	0.998973	0.000115281	0.000702931	0.000169641	3.93641e-05	0.000111169	0.999339	3.6527e-05	0.000503438	9.52879e-06	0.000764662	5.04351e-05	0.99906	0.00011714	8.1347e-06	0.000124264	0.000500604	0.000231663	0.999101	4.26046e-05	1.77465e-05	5.52759e-06	3.78203e-06	1.45463e-05	0.999958
38	0.999017	0.00013893	0.000655651	0.000149898	3.83885e-05	5.78828e-05	0.999438	3.03648e-05	0.000462114	1.13868e-05	0.00079394	4.8352e-05	0.999058	8.02644e-05	1.93408e-05	0.000114539	0.000522736	0.000119413	0.999196	4.69122e-05	1.41544e-05	4.65605e-06	5.21478e-06	1.34094e-05	0.999963
39	0.998997	0.000139807	0.000680229	0.000136488	4.66024e-05	4.67762e-05	0.999404	2.25056e-05	0.000513656	1.25766e-05	0.000794477	3.41899e-05	0.999111	4.99699e-05	1.07391e-05	0.000109196	0.000543776	6.89933e-05	0.999233	4.53903e-05	1.73514e-05	6.44956e-06	5.32609e-06	1.69769e-05	0.999954
40	0.998995	0.000130258	0.00072037	0.00010508	4.95229e-05	2.6038e-05	0.999347	2.08928e-05	0.000588116	1.77745e-05	0.000745751	2.65711e-05	0.999182	3.06184e-05	1.53092e-05	0.000107229	0.000541877	4.83837e-05	0.999259	4.30524e-05	1.87728e-05	7.30055e-06	5.97318e-06	1.75403e-05	0.99995
