quality	AA	AC	AG	AT	A.	CA	CC	CG	CT	C.	GA	GC	GG	GT	G.	TA	TC	TG	TT	T.	.A	.C	.G	.T	..
0	NA	NA	NA	NA	NA	NA	NA	NA	NA	NA	NA	NA	NA	NA	NA	NA	NA	NA	NA	NA	NA	NA	NA	NA	NA
1	NA	NA	NA	NA	NA	NA	NA	NA	NA	NA	NA	NA	NA	NA	NA	NA	NA	NA	NA	NA	NA	NA	NA	NA	NA
2	NA	NA	NA	NA	NA	NA	NA	NA	NA	NA	NA	NA	NA	NA	NA	NA	NA	NA	NA	NA	NA	NA	NA	NA	NA
3	NA	NA	NA	NA	NA	NA	NA	NA	NA	NA	NA	NA	NA	NA	NA	NA	NA	NA	NA	NA	NA	NA	NA	NA	NA
4	NA	NA	NA	NA	NA	NA	NA	NA	NA	NA	NA	NA	NA	NA	NA	NA	NA	NA	NA	NA	NA	NA	NA	NA	NA
5	NA	NA	NA	NA	NA	NA	NA	NA	NA	NA	NA	NA	NA	NA	NA	NA	NA	NA	NA	NA	NA	NA	NA	NA	NA
6	NA	NA	NA	NA	NA	NA	NA	NA	NA	NA	NA	NA	NA	NA	NA	NA	NA	NA	NA	NA	NA	NA	NA	NA	NA
7	NA	NA	NA	NA	NA	NA	NA	NA	NA	NA	NA	NA	NA	NA	NA	NA	NA	NA	NA	NA	NA	NA	NA	NA	NA
8	NA	NA	NA	NA	NA	NA	NA	NA	NA	NA	NA	NA	NA	NA	NA	NA	NA	NA	NA	NA	NA	NA	NA	NA	NA
9	NA	NA	NA	NA	NA	NA	NA	NA	NA	NA	NA	NA	NA	NA	NA	NA	NA	NA	NA	NA	NA	NA	NA	NA	NA
10	NA	NA	NA	NA	NA	NA	NA	NA	NA	NA	NA	NA	NA	NA	NA	NA	NA	NA	NA	NA	NA	NA	NA	NA	NA
11	0.975468	0.00941846	0.00394261	0.0111707	NA	0.0483331	0.930412	0.00480419	0.0164507	NA	0.01971	0.00659092	0.935158	0.0383529	0.000188312	0.0324381	0.00592954	0.0212766	0.940007	0.000348797	NA	2.87439e-05	NA	5.74878e-05	0.999914
12	0.971204	0.0134955	0.00608157	0.00906864	0.000150428	0.0357525	0.946066	0.00491979	0.012987	0.000275019	0.0133626	0.0057985	0.949839	0.0308882	0.00011151	0.0134659	0.00735607	0.0281172	0.950757	0.00030397	7.23419e-05	1.2057e-05	3.61709e-05	9.04274e-05	0.999789
13	0.964473	0.0157747	0.00869652	0.0109026	0.000153318	0.0288679	0.954062	0.00518524	0.0116876	0.000197575	0.00963177	0.00436955	0.963046	0.0228219	0.000130434	0.015686	0.0100162	0.0231549	0.950927	0.000216152	5.0675e-05	3.20053e-05	2.66711e-05	7.37899e-05	0.999817
14	0.962389	0.0165525	0.00765335	0.0131889	0.000216655	0.0283132	0.953015	0.00498935	0.0135219	0.000160688	0.0181941	0.00787726	0.941347	0.0324129	0.000169008	0.0175906	0.0150468	0.0220424	0.945029	0.000290922	9.62128e-05	6.41418e-05	4.21986e-05	7.59574e-05	0.999721
15	0.974536	0.00916604	0.00636597	0.00982019	0.000111684	0.0123944	0.975668	0.00302166	0.00878518	0.000130565	0.0151522	0.00652901	0.95152	0.0266088	0.000189521	0.0266136	0.0177705	0.0268059	0.928414	0.000396501	9.57944e-05	3.02509e-05	4.53763e-05	8.06689e-05	0.999748
16	0.9601	0.0132793	0.0103331	0.0160945	0.000193356	0.0176424	0.959667	0.00534932	0.0171074	0.000233708	0.0192224	0.00892024	0.945201	0.0265362	0.000119735	0.020924	0.0147687	0.0205216	0.943379	0.000406368	0.000102286	7.06514e-05	5.58884e-05	9.59594e-05	0.999675
17	NA	NA	NA	NA	NA	NA	NA	NA	NA	NA	NA	NA	NA	NA	NA	NA	NA	NA	NA	NA	NA	NA	NA	NA	NA
18	NA	NA	NA	NA	NA	NA	NA	NA	NA	NA	NA	NA	NA	NA	NA	NA	NA	NA	NA	NA	NA	NA	NA	NA	NA
19	NA	NA	NA	NA	NA	NA	NA	NA	NA	NA	NA	NA	NA	NA	NA	NA	NA	NA	NA	NA	NA	NA	NA	NA	NA
20	0.997194	0.000841751	0.000561167	0.00112233	0.000280584	0.00278884	0.996813	0.000398406	NA	NA	0.00175972	0.000319949	0.994881	0.00303951	NA	0.00244927	0.000349895	0.0255423	0.971659	NA	NA	NA	NA	NA	1
21	0.996459	0.00144418	0.00130442	0.000745382	4.65864e-05	0.00221322	0.996509	0.000498753	0.00074813	3.11721e-05	0.0010627	0.000391521	0.996476	0.0020415	2.79658e-05	0.00102964	0.000506899	0.00259786	0.995834	3.16812e-05	5.75801e-06	5.75801e-06	1.1516e-05	2.87901e-05	0.999948
22	0.994379	0.00182058	0.00268536	0.00106959	4.55145e-05	0.00440576	0.993356	0.000781666	0.00135015	0.000106591	0.00135367	0.000571549	0.994044	0.00403092	NA	0.0018003	0.00109304	0.00432928	0.992606	0.000171457	1.97481e-05	1.31654e-05	NA	3.29136e-05	0.999934
23	0.995635	0.00124712	0.00239273	0.000652562	7.25069e-05	0.00231136	0.99542	0.00131769	0.000907265	4.32031e-05	0.000963448	0.000707839	0.994986	0.00328359	5.89866e-05	0.00113458	0.000843661	0.00308373	0.99486	7.7578e-05	7.4392e-06	1.11588e-05	1.8598e-05	7.81116e-05	0.999885
24	0.995209	0.00121559	0.00286021	0.000607794	0.000107258	0.00174856	0.996037	0.00128228	0.000932564	NA	0.000914372	0.000591652	0.995966	0.00252797	NA	0.000539785	0.000662463	0.00208553	0.996663	4.90713e-05	2.87365e-05	9.57882e-06	2.87365e-05	4.78941e-05	0.999885
25	0.995074	0.00132231	0.00272239	0.000725972	0.000155565	0.0020917	0.994771	0.00175703	0.00129685	8.3668e-05	0.00212017	0.000800064	0.992719	0.00424034	0.00012001	0.00127786	0.000967524	0.00193505	0.995801	1.82552e-05	3.51912e-05	1.40765e-05	3.51912e-05	8.44589e-05	0.999831
26	0.993365	0.000721922	0.00512221	0.000790677	NA	0.00225787	0.994474	0.00213904	0.00112894	NA	0.0013235	0.000630239	0.992815	0.00510493	0.000126048	0.000514714	0.000716124	0.00167842	0.997001	8.95155e-05	4.70358e-05	3.76286e-05	9.40716e-06	0.000141107	0.999765
27	0.996056	0.00124963	0.0013827	0.001233	7.90116e-05	0.00143949	0.99635	0.000535774	0.00164283	3.22756e-05	0.00276408	0.00171535	0.990792	0.00469622	3.25186e-05	0.00121955	0.00195256	0.00377387	0.992896	0.000158445	3.70459e-05	2.2108e-05	2.27055e-05	2.39006e-05	0.999894
28	0.99865	0.000291864	0.000583729	0.000474279	NA	0.000580069	0.998144	0.000154685	0.00112147	NA	0.00275317	0.000725643	0.995049	0.0014086	6.40273e-05	0.000855038	0.00624836	0.0023678	0.990463	6.57722e-05	4.33681e-05	NA	8.67363e-06	8.67363e-06	0.999939
29	1	NA	NA	NA	NA	NA	1	NA	NA	NA	0.000310174	NA	0.99969	NA	NA	NA	0.000769823	NA	0.997691	0.00153965	NA	NA	NA	NA	1
30	0.996813	0.000608889	0.00189621	0.000620762	6.10586e-05	0.000582684	0.997567	0.000473272	0.00136893	7.63341e-06	0.00132855	0.000573376	0.996853	0.00122833	1.63156e-05	0.000578498	0.00162734	0.00102872	0.996728	3.77282e-05	1.66205e-05	7.20222e-06	5.54017e-06	2.60388e-05	0.999945
31	0.997757	0.000374264	0.00155795	0.000273272	3.71294e-05	0.000413684	0.99826	0.000373434	0.00094812	4.47226e-06	0.000930285	0.000453593	0.997806	0.000797987	1.25998e-05	0.000307981	0.00139093	0.000969135	0.997297	3.515e-05	2.04258e-05	9.74868e-06	6.96334e-06	3.15672e-05	0.999931
32	0.996288	0.000113118	0.00349959	7.06989e-05	2.82795e-05	7.64343e-05	0.998825	0.000716572	0.000382172	NA	0.000283781	2.74627e-05	0.99838	0.00130906	NA	9.35046e-05	0.000349084	0.00124049	0.998286	3.11682e-05	3.96138e-06	3.96138e-06	5.94206e-06	5.94206e-05	0.999927
33	0.99688	0.000125013	0.00290029	7.50075e-05	2.0002e-05	0.000154361	0.998964	0.000654195	0.000227866	NA	0.000202456	3.37427e-05	0.998475	0.00128897	NA	2.98616e-05	0.00023516	0.00159013	0.998104	4.10596e-05	9.8852e-06	9.8852e-06	8.47303e-06	5.22504e-05	0.99992
34	0.998121	0.000341738	0.00124629	0.000225417	6.57466e-05	0.000304368	0.998578	0.000271309	0.000833308	1.25395e-05	0.000812447	0.000467652	0.998226	0.000484496	8.9171e-06	0.000198321	0.00149649	0.000690567	0.997525	8.92839e-05	1.78887e-05	8.83392e-06	1.0159e-05	2.60601e-05	0.999937
35	0.999484	9.9168e-05	0.000317825	6.0964e-05	3.82041e-05	6.99777e-05	0.999705	4.41397e-05	0.000178712	2.15316e-06	0.000353061	0.000188145	0.999233	0.000219502	5.80693e-06	4.93883e-05	0.000626116	0.000639658	0.998584	0.00010037	8.35143e-06	4.84922e-06	1.13148e-05	1.18536e-05	0.999964
36	0.997974	0.0003221	0.00152019	0.000130798	5.2497e-05	0.000225401	0.99867	0.00039533	0.000697971	1.12349e-05	0.000604856	0.000537015	0.998492	0.000355686	1.01443e-05	0.000118417	0.00157223	0.000526469	0.99771	7.33058e-05	1.79254e-05	9.17115e-06	7.50367e-06	2.61239e-05	0.999939
37	0.998131	0.000256764	0.0014692	9.90212e-05	4.37536e-05	0.000232568	0.998735	0.000354867	0.000670639	7.01715e-06	0.000422525	0.000157105	0.99907	0.000341533	8.78228e-06	8.24639e-05	0.000957016	0.000571822	0.998288	0.00010091	1.78577e-05	7.14309e-06	8.39313e-06	2.73223e-05	0.999939
38	0.998192	0.000301125	0.00137204	8.09967e-05	5.38889e-05	0.000188077	0.998868	0.000312249	0.000623458	7.79323e-06	0.000438751	0.000388938	0.998886	0.000273213	1.3082e-05	7.02762e-05	0.0012546	0.000476874	0.998094	0.000104745	2.07871e-05	8.63619e-06	9.23871e-06	2.34985e-05	0.999938
39	0.99829	0.000258917	0.00133216	5.64247e-05	6.22752e-05	0.000193399	0.998872	0.000309095	0.00061862	6.86878e-06	0.000429059	0.00042603	0.998925	0.000205141	1.46385e-05	5.4582e-05	0.00123399	0.000466667	0.998157	8.75878e-05	1.73716e-05	8.46009e-06	9.79486e-06	2.41829e-05	0.99994
40	0.998582	0.000254819	0.00103683	5.94456e-05	6.65087e-05	0.000150225	0.998786	0.000236955	0.000816645	9.93832e-06	0.000455099	0.000256471	0.999191	7.86163e-05	1.91637e-05	4.69684e-05	0.0010714	0.000415967	0.998399	6.64663e-05	2.39792e-05	1.08652e-05	1.20775e-05	2.30075e-05	0.99993
