quality	AA	AC	AG	AT	A.	CA	CC	CG	CT	C.	GA	GC	GG	GT	G.	TA	TC	TG	TT	T.	.A	.C	.G	.T	..
0	NA	NA	NA	NA	NA	NA	NA	NA	NA	NA	NA	NA	NA	NA	NA	NA	NA	NA	NA	NA	NA	NA	NA	NA	NA
1	NA	NA	NA	NA	NA	NA	NA	NA	NA	NA	NA	NA	NA	NA	NA	NA	NA	NA	NA	NA	NA	NA	NA	NA	NA
2	NA	NA	NA	NA	NA	NA	NA	NA	NA	NA	NA	NA	NA	NA	NA	NA	NA	NA	NA	NA	NA	NA	NA	NA	NA
3	NA	NA	NA	NA	NA	NA	NA	NA	NA	NA	NA	NA	NA	NA	NA	NA	NA	NA	NA	NA	NA	NA	NA	NA	NA
4	NA	NA	NA	NA	NA	NA	NA	NA	NA	NA	NA	NA	NA	NA	NA	NA	NA	NA	NA	NA	NA	NA	NA	NA	NA
5	NA	NA	NA	NA	NA	NA	NA	NA	NA	NA	NA	NA	NA	NA	NA	NA	NA	NA	NA	NA	NA	NA	NA	NA	NA
6	NA	NA	NA	NA	NA	NA	NA	NA	NA	NA	NA	NA	NA	NA	NA	NA	NA	NA	NA	NA	NA	NA	NA	NA	NA
7	NA	NA	NA	NA	NA	NA	NA	NA	NA	NA	NA	NA	NA	NA	NA	NA	NA	NA	NA	NA	NA	NA	NA	NA	NA
8	NA	NA	NA	NA	NA	NA	NA	NA	NA	NA	NA	NA	NA	NA	NA	NA	NA	NA	NA	NA	NA	NA	NA	NA	NA
9	NA	NA	NA	NA	NA	NA	NA	NA	NA	NA	NA	NA	NA	NA	NA	NA	NA	NA	NA	NA	NA	NA	NA	NA	NA
10	NA	NA	NA	NA	NA	NA	NA	NA	NA	NA	NA	NA	NA	NA	NA	NA	NA	NA	NA	NA	NA	NA	NA	NA	NA
11	0.975376	0.0101504	0.00281955	0.0116541	NA	0.0542612	0.926119	0.00398529	0.0156346	NA	0.0224765	0.00967171	0.929029	0.0386868	0.000136221	0.0324803	0.011811	0.0246063	0.931102	NA	0.000118085	NA	NA	NA	0.999882
12	0.97212	0.0139186	0.00522484	0.00856531	0.000171306	0.0380198	0.946478	0.00435644	0.0110891	5.65771e-05	0.0133435	0.00564166	0.949447	0.0314412	0.000126779	0.0140974	0.00662578	0.0219215	0.957144	0.000211461	4.61185e-05	2.30593e-05	3.45889e-05	4.61185e-05	0.99985
13	0.966579	0.0159009	0.00628959	0.0111417	8.84611e-05	0.0301309	0.953829	0.0042778	0.0116292	0.000133057	0.00904134	0.00445141	0.963501	0.0228678	0.000138516	0.0144137	0.00939595	0.0231857	0.952843	0.000161192	4.39964e-05	2.4748e-05	2.06233e-05	3.57471e-05	0.999875
14	0.962587	0.0169736	0.00739056	0.0128842	0.000164235	0.0283872	0.953182	0.00442237	0.0138724	0.000135883	0.0177223	0.00696058	0.940575	0.0345245	0.000217897	0.0182559	0.0121247	0.0211574	0.948134	0.000328268	9.48389e-05	4.21506e-05	2.63441e-05	5.00539e-05	0.999787
15	0.977575	0.00882464	0.00480164	0.00866891	0.000129774	0.0122888	0.974993	0.00302401	0.00953157	0.00016306	0.0154957	0.00666728	0.951321	0.0263473	0.000168598	0.0242369	0.0179303	0.0236742	0.934062	9.70252e-05	5.27283e-05	2.02801e-05	5.27283e-05	9.32885e-05	0.999781
16	0.964649	0.0122539	0.00891577	0.0139766	0.000204853	0.018527	0.960217	0.00486694	0.0162102	0.000178817	0.0174423	0.00805484	0.949228	0.0251566	0.000118454	0.0179446	0.0121536	0.0181546	0.95152	0.000227442	0.000113938	5.85087e-05	4.00323e-05	9.39219e-05	0.999694
17	NA	NA	NA	NA	NA	NA	NA	NA	NA	NA	NA	NA	NA	NA	NA	NA	NA	NA	NA	NA	NA	NA	NA	NA	NA
18	NA	NA	NA	NA	NA	NA	NA	NA	NA	NA	NA	NA	NA	NA	NA	NA	NA	NA	NA	NA	NA	NA	NA	NA	NA
19	NA	NA	NA	NA	NA	NA	NA	NA	NA	NA	NA	NA	NA	NA	NA	NA	NA	NA	NA	NA	NA	NA	NA	NA	NA
20	0.994253	0.00402299	0.00114943	0.000574713	NA	0.00762631	0.99142	NA	0.000953289	NA	0.00146735	0.000733676	0.995598	0.00220103	NA	0.00159872	0.00159872	0.00319744	0.993605	NA	NA	NA	NA	NA	1
21	0.997327	0.00109834	0.000475946	0.00102512	7.32225e-05	0.00230317	0.996898	0.000235018	0.000564042	NA	0.000765111	0.000270039	0.996985	0.00198029	NA	0.000887897	0.00065958	0.00230853	0.996093	5.0737e-05	1.81632e-05	NA	9.08158e-06	2.72447e-05	0.999946
22	0.996398	0.00150371	0.000629459	0.00122395	0.000244789	0.00299266	0.994975	0.000451722	0.00158103	NA	0.00156391	0.000568693	0.994645	0.0032226	NA	0.00172158	0.000540103	0.00361194	0.994126	NA	5.15421e-05	1.03084e-05	1.03084e-05	1.03084e-05	0.999918
23	0.99767	0.00101217	0.000376621	0.000870937	7.06165e-05	0.00246747	0.99564	0.000574616	0.00128443	3.38009e-05	0.000824272	0.000538947	0.996069	0.00250452	6.34055e-05	0.00143737	0.000552835	0.0020218	0.995988	NA	5.99682e-06	5.99682e-06	NA	1.79905e-05	0.99997
24	0.997448	0.00147434	0.00062376	0.000283527	0.000170116	0.00250761	0.994985	0.000985133	0.00143292	8.95576e-05	0.00119894	0.000428192	0.996232	0.00214096	NA	0.000741059	0.000819065	0.00159913	0.996802	3.90031e-05	1.51332e-05	NA	NA	NA	0.999985
25	0.997696	0.000795945	0.000544594	0.000795945	0.000167567	0.00256948	0.995334	0.000811414	0.00128474	NA	0.00176014	0.000789026	0.994598	0.00285263	NA	0.00129479	0.000662451	0.00165613	0.996387	NA	2.26462e-05	NA	1.13231e-05	NA	0.999966
26	0.998147	0.000673968	0.000393148	0.000673968	0.000112328	0.00200521	0.996992	0.000200521	0.000802085	NA	0.00192094	0.000606612	0.994338	0.00313416	NA	0.000262251	0.00033718	0.00101154	0.998389	NA	6.21697e-05	NA	3.10849e-05	0.000108797	0.999798
27	0.996561	0.00117095	0.00111884	0.00109432	5.51758e-05	0.00134086	0.996479	0.000467855	0.00170261	9.6465e-06	0.00251268	0.00112332	0.991474	0.00486911	2.1115e-05	0.00130355	0.00106872	0.00335233	0.994206	6.94907e-05	4.19323e-05	2.40888e-05	8.92176e-06	3.0334e-05	0.999895
28	0.997415	0.00169892	0.000517063	0.000221598	0.000147732	0.000566002	0.993837	0.000251557	0.00534558	NA	0.002487	0.000489864	0.995403	0.00162032	NA	0.000651806	0.000651806	0.00117325	0.997523	NA	1.57166e-05	NA	NA	1.57166e-05	0.999969
29	0.999266	NA	NA	NA	0.000733676	NA	1	NA	NA	NA	0.000375375	NA	0.998874	0.000750751	NA	NA	NA	NA	1	NA	NA	0.000192308	NA	NA	0.999808
30	0.997883	0.00054805	0.000940281	0.000588347	4.02978e-05	0.000316354	0.998268	0.00017899	0.00122795	8.32511e-06	0.00138073	0.000340455	0.997413	0.000862486	3.78284e-06	0.000569509	0.000973943	0.000623158	0.997813	2.06344e-05	1.61122e-05	6.26586e-06	2.68537e-06	2.41683e-05	0.999951
31	0.998762	0.000374601	0.000579351	0.000253612	3.02473e-05	0.000211991	0.998725	7.773e-05	0.000978691	7.06636e-06	0.000836583	0.00022878	0.998289	0.000638535	6.82925e-06	0.000358186	0.000569356	0.000654893	0.998394	2.40573e-05	2.06275e-05	1.03137e-05	7.36695e-06	2.6521e-05	0.999935
32	0.999501	0.000104511	0.000209023	0.000162573	2.32248e-05	0.000110428	0.999653	3.15507e-05	0.00020508	NA	0.000325108	6.50216e-05	0.999187	0.000422641	NA	0.000151908	0.000151908	0.000141781	0.999524	3.03816e-05	3.28841e-06	NA	3.28841e-06	9.86524e-06	0.999984
33	0.999554	0.000134528	0.000201793	9.24883e-05	1.6816e-05	8.47078e-05	0.999661	1.21011e-05	0.000242022	NA	0.000219058	2.43398e-05	0.999416	0.000340757	NA	5.54956e-05	0.000172653	0.00046863	0.999279	2.46647e-05	9.49643e-06	NA	NA	9.49643e-06	0.999981
34	0.998697	0.000404489	0.000628827	0.000219806	4.98529e-05	0.000130094	0.998773	5.78197e-05	0.00102269	1.62618e-05	0.000864104	0.000164893	0.998613	0.000348813	9.51307e-06	0.000197912	0.000506606	0.000428188	0.998825	4.23209e-05	2.33779e-05	8.02526e-06	6.62956e-06	2.16333e-05	0.99994
35	0.999359	0.00025589	0.000295787	6.46604e-05	2.47635e-05	3.08632e-05	0.999622	1.08929e-05	0.000330418	5.44645e-06	0.000356034	6.63793e-05	0.999374	0.000201149	2.01149e-06	6.20948e-05	0.000252181	0.000465077	0.999178	4.30862e-05	6.72019e-06	8.06423e-06	4.03212e-06	9.40827e-06	0.999972
36	0.999069	0.000284649	0.00048766	0.000121373	3.75679e-05	4.69091e-05	0.999001	4.46208e-05	0.000898137	9.15299e-06	0.000537087	0.000100704	0.999208	0.000142664	1.1539e-05	0.000129621	0.000455357	0.000252508	0.999111	5.13434e-05	2.00068e-05	8.86666e-06	4.31966e-06	2.34171e-05	0.999943
37	0.999011	0.000250277	0.00060252	9.45492e-05	4.17129e-05	5.0366e-05	0.999196	4.71165e-05	0.000701874	4.87413e-06	0.000421962	6.5532e-05	0.999385	0.000115081	1.27867e-05	8.69815e-05	0.000429636	0.000199442	0.999219	6.50165e-05	1.99583e-05	6.07425e-06	6.942e-06	1.90905e-05	0.999948
38	0.998924	0.000302441	0.000647854	7.01706e-05	5.60277e-05	3.40426e-05	0.999109	3.84071e-05	0.000805675	1.30933e-05	0.000378016	5.52158e-05	0.999487	7.13558e-05	8.49474e-06	7.3929e-05	0.000417092	0.000199719	0.999249	6.01363e-05	2.02601e-05	8.20452e-06	5.02318e-06	2.15997e-05	0.999945
39	0.998954	0.000325786	0.000609259	5.97184e-05	5.14514e-05	2.74593e-05	0.999078	3.70339e-05	0.000846722	1.10199e-05	0.000342563	4.25191e-05	0.999563	4.04534e-05	1.15335e-05	5.88917e-05	0.000404547	0.000148255	0.999333	5.56085e-05	2.08404e-05	9.94132e-06	6.86975e-06	2.03781e-05	0.999942
40	0.999176	0.000363066	0.000350517	5.02464e-05	6.03272e-05	2.19401e-05	0.998946	3.3668e-05	0.000987622	1.06908e-05	0.000282881	3.84782e-05	0.999637	2.62713e-05	1.57451e-05	4.71227e-05	0.000348397	0.000102116	0.999456	4.61388e-05	2.92526e-05	1.13054e-05	5.7894e-06	2.27877e-05	0.999931
