quality	AA	AC	AG	AT	A.	CA	CC	CG	CT	C.	GA	GC	GG	GT	G.	TA	TC	TG	TT	T.	.A	.C	.G	.T	..
0	NA	NA	NA	NA	NA	NA	NA	NA	NA	NA	NA	NA	NA	NA	NA	NA	NA	NA	NA	NA	NA	NA	NA	NA	NA
1	NA	NA	NA	NA	NA	NA	NA	NA	NA	NA	NA	NA	NA	NA	NA	NA	NA	NA	NA	NA	NA	NA	NA	NA	NA
2	NA	NA	NA	NA	NA	NA	NA	NA	NA	NA	NA	NA	NA	NA	NA	NA	NA	NA	NA	NA	NA	NA	NA	NA	NA
3	NA	NA	NA	NA	NA	NA	NA	NA	NA	NA	NA	NA	NA	NA	NA	NA	NA	NA	NA	NA	NA	NA	NA	NA	NA
4	NA	NA	NA	NA	NA	NA	NA	NA	NA	NA	NA	NA	NA	NA	NA	NA	NA	NA	NA	NA	NA	NA	NA	NA	NA
5	NA	NA	NA	NA	NA	NA	NA	NA	NA	NA	NA	NA	NA	NA	NA	NA	NA	NA	NA	NA	NA	NA	NA	NA	NA
6	NA	NA	NA	NA	NA	NA	NA	NA	NA	NA	NA	NA	NA	NA	NA	NA	NA	NA	NA	NA	NA	NA	NA	NA	NA
7	NA	NA	NA	NA	NA	NA	NA	NA	NA	NA	NA	NA	NA	NA	NA	NA	NA	NA	NA	NA	NA	NA	NA	NA	NA
8	NA	NA	NA	NA	NA	NA	NA	NA	NA	NA	NA	NA	NA	NA	NA	NA	NA	NA	NA	NA	NA	NA	NA	NA	NA
9	NA	NA	NA	NA	NA	NA	NA	NA	NA	NA	NA	NA	NA	NA	NA	NA	NA	NA	NA	NA	NA	NA	NA	NA	NA
10	0.988095	0.0119048	NA	NA	NA	NA	1	NA	NA	NA	0.0380952	NA	0.961905	NA	NA	NA	NA	NA	1	NA	NA	NA	NA	NA	1
11	0.976188	0.0143391	0.00291127	0.00643087	0.000130355	0.0699353	0.908138	0.00715015	0.0147089	6.80967e-05	0.0242424	0.00540893	0.918605	0.05145	0.000293255	0.0200385	0.0111753	0.0240848	0.944701	NA	4.07847e-05	1.35949e-05	1.35949e-05	6.79745e-05	0.999864
12	0.972997	0.0136714	0.00575637	0.00743096	0.000143909	0.0482426	0.934799	0.00504308	0.0117615	0.000153857	0.0100271	0.00413388	0.954463	0.0313009	7.5554e-05	0.0104048	0.00545182	0.0247648	0.9592	0.000178164	3.87896e-05	1.41053e-05	1.41053e-05	9.87372e-05	0.999834
13	0.967902	0.017845	0.00532507	0.00880488	0.000122745	0.0346814	0.951131	0.00444658	0.00959426	0.000146453	0.00743632	0.00329936	0.970102	0.0190486	0.000114082	0.0115004	0.00719628	0.0216254	0.9595	0.000178017	4.25131e-05	2.51214e-05	2.96304e-05	5.86166e-05	0.999844
14	0.96494	0.0192254	0.00545643	0.0101998	0.000178264	0.0311122	0.95405	0.00401939	0.0107052	0.000112746	0.0136167	0.00561036	0.949133	0.0315048	0.000135516	0.014802	0.00884536	0.0198994	0.956179	0.000274111	6.91927e-05	3.33608e-05	3.70675e-05	5.56013e-05	0.999805
15	0.964304	0.0175379	0.0068318	0.0111956	0.000130983	0.0264702	0.956659	0.00478689	0.0120007	8.36869e-05	0.0175161	0.0066581	0.948681	0.0270187	0.00012642	0.0137092	0.00999057	0.0211721	0.954871	0.000257047	5.42513e-05	3.21489e-05	3.61675e-05	5.2242e-05	0.999825
16	0.963433	0.0155967	0.00764362	0.0132126	0.000114174	0.0253968	0.957448	0.00428126	0.0127866	8.69989e-05	0.0131267	0.00553535	0.953136	0.0281008	0.000100851	0.0178286	0.012328	0.029079	0.940599	0.000164947	6.48953e-05	3.3402e-05	2.91075e-05	5.34432e-05	0.999819
17	NA	NA	NA	NA	NA	NA	NA	NA	NA	NA	NA	NA	NA	NA	NA	NA	NA	NA	NA	NA	NA	NA	NA	NA	NA
18	1	NA	NA	NA	NA	NA	1	NA	NA	NA	NA	NA	1	NA	NA	NA	NA	NA	1	NA	NA	NA	NA	NA	1
19	1	NA	NA	NA	NA	NA	1	NA	NA	NA	NA	NA	0.988506	0.0114943	NA	NA	NA	NA	1	NA	NA	NA	NA	NA	1
20	0.997911	0.000835538	0.000417769	0.000557025	0.000278513	0.00571701	0.992377	0.000476417	0.00142925	NA	0.00173611	0.000408497	0.994077	0.00377859	NA	0.00109051	0.00152672	0.00370774	0.993675	NA	NA	NA	NA	NA	1
21	0.996855	0.00222587	0.000336469	0.000517645	6.47057e-05	0.00398834	0.994767	0.000272707	0.000954475	1.70442e-05	0.000665714	0.000162369	0.997159	0.00199714	1.62369e-05	0.000757429	0.000424899	0.00218915	0.996573	5.54216e-05	2.61692e-05	NA	6.5423e-06	9.81345e-06	0.999957
22	0.996888	0.00216731	0.000500148	0.000426052	1.8524e-05	0.00463142	0.992726	0.000267197	0.0023454	2.96886e-05	0.00102341	0.000499226	0.995707	0.00269582	7.48839e-05	0.00101683	0.000847362	0.0028622	0.995217	5.64908e-05	4.42488e-05	2.21244e-05	2.21244e-05	3.87177e-05	0.999873
23	0.997906	0.00139588	0.00031251	0.000354178	3.1251e-05	0.00294724	0.995522	0.000271832	0.00125901	NA	0.000691764	0.000304376	0.997523	0.00146654	1.38353e-05	0.000391152	0.000364176	0.00142973	0.997741	7.4184e-05	2.07062e-05	1.29414e-05	1.29414e-05	1.8118e-05	0.999935
24	0.99831	0.000983314	0.000338014	0.000368743	NA	0.00272871	0.994351	0.000861698	0.0020585	NA	0.000697038	0.000199154	0.997162	0.00184217	9.95768e-05	0.000345662	0.000324058	0.000907363	0.998358	6.48116e-05	3.33957e-05	NA	4.17446e-05	4.17446e-05	0.999883
25	0.99792	0.00095616	0.00047808	0.00047808	0.000167328	0.0024998	0.995119	0.000277756	0.00206333	3.96794e-05	0.000717604	0.000377686	0.996941	0.00196397	NA	0.000314059	0.000369481	0.00105302	0.99819	7.38962e-05	4.74284e-05	1.3551e-05	2.71019e-05	6.09793e-05	0.999851
26	0.998305	0.000958066	0.000368487	0.00029479	7.36974e-05	0.00148504	0.995545	0.0003427	0.00262737	NA	0.000246853	0.000493705	0.997531	0.00172797	NA	0.000261028	0.000626468	0.000626468	0.998486	NA	4.03584e-05	0.000100896	4.03584e-05	6.05376e-05	0.999758
27	0.996718	0.00139826	0.000824238	0.000974099	8.56351e-05	0.00260742	0.995533	0.000357797	0.0014719	2.9995e-05	0.00215761	0.000655454	0.994105	0.00306931	1.29977e-05	0.000921296	0.000640901	0.00446358	0.99388	9.41865e-05	2.80412e-05	1.51574e-05	1.21259e-05	2.57676e-05	0.999919
28	0.998984	0.000277085	0.00033866	0.00033866	6.15745e-05	0.000559057	0.99878	0.000101647	0.000559057	NA	0.00738789	0.000274823	0.991044	0.00126095	3.23321e-05	0.000125786	0.000440252	0.000566038	0.998868	NA	1.33723e-05	NA	NA	2.00584e-05	0.999967
29	0.999453	NA	0.000136761	0.000273523	0.000136761	NA	0.999179	0.000273823	0.000547645	NA	0.000612245	NA	0.998878	0.000510204	NA	NA	0.00049554	0.00049554	0.999009	NA	4.39387e-05	NA	NA	NA	0.999956
30	0.998456	0.000446028	0.000629475	0.000429242	3.9567e-05	0.000446528	0.998237	0.000136839	0.00117214	7.20207e-06	0.00102241	0.000218965	0.997893	0.000856894	8.62066e-06	0.000478109	0.000486963	0.000618	0.998373	4.42693e-05	1.89816e-05	5.5363e-06	5.5363e-06	2.76815e-05	0.999942
31	0.99881	0.000371868	0.000498486	0.000269205	5.01908e-05	0.00047119	0.998482	8.42638e-05	0.000952697	1.0318e-05	0.00118004	0.000113245	0.998144	0.000556376	6.56491e-06	0.000271641	0.000327204	0.000650704	0.998701	4.93893e-05	1.76887e-05	5.66039e-06	2.47642e-06	2.37029e-05	0.99995
32	0.999565	0.000211448	0.000105724	9.39767e-05	2.34942e-05	0.000231052	0.999478	5.2173e-05	0.000238505	NA	0.000225043	4.65607e-05	0.999565	0.000147442	1.55202e-05	6.24958e-05	0.000149028	0.000259598	0.999505	2.40368e-05	3.21985e-06	1.60993e-06	NA	1.93191e-05	0.999976
33	0.999576	0.000224091	9.5358e-05	9.05901e-05	1.43037e-05	0.000454854	0.999255	4.61446e-05	0.000243907	NA	0.000199424	2.4928e-05	0.999526	0.000211888	3.7392e-05	5.15967e-05	0.000185748	0.000213267	0.999532	1.71989e-05	9.19124e-06	9.19124e-06	1.31303e-06	3.8078e-05	0.999942
34	0.998912	0.000271272	0.000525355	0.000233133	5.85518e-05	0.000229056	0.998817	5.83051e-05	0.000886237	9.16222e-06	0.00129081	0.000101196	0.998212	0.000383796	1.19936e-05	0.000215173	0.000293039	0.000492758	0.998941	5.82512e-05	2.22497e-05	5.76843e-06	5.60362e-06	2.02719e-05	0.999946
35	0.999335	0.000249453	0.000269107	0.000103561	4.30873e-05	0.000302576	0.999327	2.42944e-05	0.000343435	2.20859e-06	0.000866205	3.97145e-05	0.99892	0.000164225	9.66028e-06	6.63869e-05	0.000146789	0.000490525	0.999256	3.98321e-05	9.37292e-06	3.45318e-06	3.69984e-06	9.61958e-06	0.999974
36	0.999116	0.00014871	0.000496715	0.000190167	4.86827e-05	9.21322e-05	0.999008	3.52098e-05	0.000856184	8.80244e-06	0.00120899	5.7227e-05	0.998557	0.000163902	1.27788e-05	0.000170326	0.000270775	0.000179935	0.999333	4.58571e-05	1.75737e-05	5.10589e-06	5.58085e-06	2.07798e-05	0.999951
37	0.999154	0.000112151	0.000509106	0.000173145	5.11565e-05	0.000111004	0.998985	3.95241e-05	0.000860279	4.20469e-06	0.000865791	3.85367e-05	0.998981	0.000101052	1.37019e-05	0.00012002	0.000256449	0.000229257	0.999341	5.29776e-05	1.74799e-05	5.05997e-06	4.7533e-06	2.23865e-05	0.99995
38	0.999175	0.000130438	0.000499543	0.000147955	4.75457e-05	6.30792e-05	0.99912	2.86282e-05	0.000782667	5.82269e-06	0.00117754	3.65972e-05	0.998701	7.36889e-05	1.13748e-05	0.000120058	0.000252438	0.000138383	0.99943	5.90813e-05	1.91509e-05	5.2665e-06	3.63868e-06	2.12575e-05	0.999951
39	0.999104	0.00014543	0.000568283	0.00012712	5.47189e-05	4.25346e-05	0.999084	2.02011e-05	0.00084351	9.98835e-06	0.00117139	3.12621e-05	0.998743	4.06517e-05	1.38083e-05	0.000120369	0.000269391	7.35952e-05	0.999485	5.13531e-05	2.18251e-05	5.3565e-06	4.97839e-06	2.21612e-05	0.999946
40	0.999044	0.000142621	0.000669182	8.74505e-05	5.65396e-05	2.84913e-05	0.999253	1.81987e-05	0.000686179	1.39473e-05	0.00102015	2.96122e-05	0.998916	2.29012e-05	1.09053e-05	0.000108189	0.000270354	4.874e-05	0.999532	4.05532e-05	3.32787e-05	6.52993e-06	5.22694e-06	2.06531e-05	0.999934
