quality	AA	AC	AG	AT	A.	CA	CC	CG	CT	C.	GA	GC	GG	GT	G.	TA	TC	TG	TT	T.	.A	.C	.G	.T	..
0	NA	NA	NA	NA	NA	NA	NA	NA	NA	NA	NA	NA	NA	NA	NA	NA	NA	NA	NA	NA	NA	NA	NA	NA	NA
1	NA	NA	NA	NA	NA	NA	NA	NA	NA	NA	NA	NA	NA	NA	NA	NA	NA	NA	NA	NA	NA	NA	NA	NA	NA
2	NA	NA	NA	NA	NA	NA	NA	NA	NA	NA	NA	NA	NA	NA	NA	NA	NA	NA	NA	NA	NA	NA	NA	NA	NA
3	NA	NA	NA	NA	NA	NA	NA	NA	NA	NA	NA	NA	NA	NA	NA	NA	NA	NA	NA	NA	NA	NA	NA	NA	NA
4	NA	NA	NA	NA	NA	NA	NA	NA	NA	NA	NA	NA	NA	NA	NA	NA	NA	NA	NA	NA	NA	NA	NA	NA	NA
5	NA	NA	NA	NA	NA	NA	NA	NA	NA	NA	NA	NA	NA	NA	NA	NA	NA	NA	NA	NA	NA	NA	NA	NA	NA
6	NA	NA	NA	NA	NA	NA	NA	NA	NA	NA	NA	NA	NA	NA	NA	NA	NA	NA	NA	NA	NA	NA	NA	NA	NA
7	NA	NA	NA	NA	NA	NA	NA	NA	NA	NA	NA	NA	NA	NA	NA	NA	NA	NA	NA	NA	NA	NA	NA	NA	NA
8	NA	NA	NA	NA	NA	NA	NA	NA	NA	NA	NA	NA	NA	NA	NA	NA	NA	NA	NA	NA	NA	NA	NA	NA	NA
9	NA	NA	NA	NA	NA	NA	NA	NA	NA	NA	NA	NA	NA	NA	NA	NA	NA	NA	NA	NA	NA	NA	NA	NA	NA
10	NA	NA	NA	NA	NA	NA	NA	NA	NA	NA	NA	NA	NA	NA	NA	NA	NA	NA	NA	NA	NA	NA	NA	NA	NA
11	0.975918	0.0110579	0.00442315	0.00798624	0.000614326	0.0615063	0.912762	0.00794979	0.0175732	0.000209205	0.0239876	0.00884714	0.924206	0.0427764	0.000182415	0.0289157	0.0126506	0.0379518	0.91988	0.00060241	0.0001175	NA	NA	0.0001175	0.999765
12	0.972688	0.0125991	0.0059797	0.00870533	2.78125e-05	0.0387779	0.943438	0.004978	0.0127336	7.21449e-05	0.0127472	0.00571498	0.952031	0.0293045	0.000202659	0.014812	0.00721278	0.0239997	0.953503	0.000472265	6.60575e-05	2.93589e-05	5.87178e-05	5.87178e-05	0.999787
13	0.965865	0.0159368	0.006562	0.0114819	0.000153947	0.0299671	0.95287	0.00496677	0.0120642	0.000132251	0.00923134	0.00407305	0.964646	0.0219454	0.000104437	0.0150551	0.00938389	0.0227115	0.952649	0.000200786	4.501e-05	2.7006e-05	3.70083e-05	6.30141e-05	0.999828
14	0.961574	0.0171225	0.00664368	0.0144927	0.000167245	0.0290648	0.95184	0.00423172	0.0146978	0.000165437	0.0167787	0.00681296	0.942568	0.0335907	0.000249559	0.0179311	0.011885	0.0202253	0.949737	0.000222012	6.99366e-05	4.60109e-05	3.86492e-05	9.38623e-05	0.999752
15	0.977844	0.00793543	0.00510588	0.00905092	6.34834e-05	0.0122215	0.976403	0.00290842	0.0083849	8.25083e-05	0.0181214	0.00564472	0.951333	0.0247972	0.000104146	0.0254956	0.017933	0.0257354	0.930624	0.00021164	6.78589e-05	2.82745e-05	1.41373e-05	6.50315e-05	0.999825
16	0.965549	0.0116488	0.00845868	0.0141473	0.000195832	0.0176084	0.962728	0.00448046	0.0150496	0.000133592	0.0168319	0.00683642	0.952575	0.0236194	0.000136924	0.0175315	0.0116694	0.0183879	0.952173	0.000238551	8.96187e-05	6.28361e-05	4.32642e-05	8.65284e-05	0.999718
17	NA	NA	NA	NA	NA	NA	NA	NA	NA	NA	NA	NA	NA	NA	NA	NA	NA	NA	NA	NA	NA	NA	NA	NA	NA
18	NA	NA	NA	NA	NA	NA	NA	NA	NA	NA	NA	NA	NA	NA	NA	NA	NA	NA	NA	NA	NA	NA	NA	NA	NA
19	NA	NA	NA	NA	NA	NA	NA	NA	NA	NA	NA	NA	NA	NA	NA	NA	NA	NA	NA	NA	NA	NA	NA	NA	NA
20	0.996597	0.00136101	0.000680504	0.00102076	0.000340252	0.00588582	0.992937	NA	0.00117716	NA	0.00234342	0.000852152	0.994461	0.00234342	NA	0.00167434	0.000418585	0.00125576	0.996651	NA	NA	NA	NA	NA	1
21	0.997216	0.00162646	0.000358374	0.000771881	2.75672e-05	0.00229122	0.995999	0.000512961	0.00116271	3.41974e-05	0.000986323	0.000361652	0.996548	0.00210416	NA	0.00139593	0.000404085	0.00192859	0.996216	5.51025e-05	1.33061e-05	6.65305e-06	1.33061e-05	1.99592e-05	0.999947
22	0.997007	0.00149666	0.000608813	0.000862484	2.53672e-05	0.00407963	0.993636	0.00044876	0.00183584	NA	0.00151306	0.000470731	0.994856	0.00309337	6.72472e-05	0.0019305	0.000904159	0.00364107	0.993378	0.00014662	1.48641e-05	1.48641e-05	2.22962e-05	4.45924e-05	0.999903
23	0.997561	0.00129651	0.000409424	0.000648254	8.52966e-05	0.00236497	0.995461	0.000644992	0.00150498	2.38886e-05	0.00132711	0.000530844	0.996085	0.0020349	2.21185e-05	0.00129208	0.000478959	0.00201608	0.996168	4.45543e-05	1.27459e-05	NA	8.4973e-06	5.09838e-05	0.999928
24	0.998238	0.00113288	0.000335669	0.00029371	NA	0.00183414	0.995284	0.000786061	0.00203066	6.5505e-05	0.00084088	0.000517464	0.996831	0.00174644	6.46831e-05	0.000388457	0.00063818	0.00127636	0.997586	0.000110988	1.10403e-05	1.10403e-05	1.10403e-05	2.20807e-05	0.999945
25	0.997627	0.00118666	0.000444998	0.000652664	8.89996e-05	0.0026592	0.995014	0.000569828	0.00175697	NA	0.00152704	0.000678685	0.99508	0.00271474	NA	0.00125982	0.000503926	0.00167975	0.996557	NA	2.38212e-05	7.94042e-06	1.58808e-05	4.76425e-05	0.999905
26	0.998025	0.000868913	0.000552944	0.000513448	3.9496e-05	0.00300772	0.993985	0.000273429	0.00273429	NA	0.000713878	0.000428327	0.996288	0.00256996	NA	0.000480538	0.000533931	0.00128144	0.997597	0.000106786	3.28271e-05	1.09424e-05	2.18847e-05	9.84812e-05	0.999836
27	0.996662	0.000860971	0.00110481	0.00129469	7.76816e-05	0.00123333	0.996792	0.000362354	0.00158571	2.65948e-05	0.00298344	0.00112453	0.991139	0.00471039	4.30304e-05	0.00114071	0.000837507	0.0033992	0.994529	9.34206e-05	4.41064e-05	1.59273e-05	1.89902e-05	2.81791e-05	0.999893
28	0.998302	0.000399481	0.000599221	0.000699091	NA	0.000171174	0.998588	0.000213968	0.000984252	4.27936e-05	0.00975386	0.000868144	0.988306	0.00104688	2.55337e-05	0.000534855	0.000445712	0.000980567	0.99795	8.91424e-05	2.13381e-05	NA	NA	1.06691e-05	0.999968
29	0.999053	NA	NA	NA	0.00094697	0.000959693	0.99904	NA	NA	NA	NA	NA	1	NA	NA	NA	NA	NA	1	NA	NA	NA	NA	NA	1
30	0.998056	0.000441078	0.000744803	0.000708047	5.02984e-05	0.000307908	0.998179	0.000168757	0.00134118	2.96066e-06	0.00149748	0.000375703	0.997245	0.000879306	2.66456e-06	0.000637755	0.000711913	0.000536901	0.998078	3.55956e-05	2.1734e-05	3.83541e-06	7.03158e-06	3.0044e-05	0.999937
31	0.998799	0.000226656	0.000565813	0.000362319	4.63239e-05	0.000197741	0.998706	6.50792e-05	0.00102375	7.50914e-06	0.00147213	0.000207578	0.997733	0.000582172	4.7719e-06	0.000318406	0.000501441	0.000615839	0.998513	5.14788e-05	2.08608e-05	8.34432e-06	3.12912e-06	3.02482e-05	0.999937
32	0.999571	0.000122627	9.63501e-05	0.000166423	4.37955e-05	0.000198844	0.999536	2.20938e-05	0.000231985	1.10469e-05	0.00026491	5.75891e-05	0.999251	0.000426159	NA	0.000118188	0.000228988	0.000339789	0.999298	1.47734e-05	7.13211e-06	NA	NA	2.61511e-05	0.999967
33	0.999708	7.45601e-05	0.000105627	9.32001e-05	1.864e-05	0.000139756	0.999624	8.73477e-06	0.000227104	NA	0.000144733	3.40547e-05	0.999438	0.000374602	8.51368e-06	4.00675e-05	0.000253761	0.000489714	0.999208	8.90389e-06	6.82158e-06	5.11619e-06	1.7054e-06	2.72863e-05	0.999959
34	0.998831	0.000247043	0.000555034	0.000316118	5.11964e-05	0.000122005	0.99889	7.70559e-05	0.000893848	1.66954e-05	0.00149537	0.000174609	0.99797	0.000351456	8.9543e-06	0.000255522	0.000359853	0.000322719	0.998993	6.89645e-05	2.35766e-05	7.69341e-06	4.96349e-06	2.35766e-05	0.99994
35	0.999463	0.000152431	0.000239535	9.84649e-05	4.63921e-05	3.06599e-05	0.999667	2.26617e-05	0.000278605	1.33304e-06	0.000767891	8.09829e-05	0.998891	0.000253072	7.23062e-06	6.59244e-05	0.000145034	0.000440375	0.999301	4.74656e-05	9.81442e-06	4.74891e-06	2.21616e-06	1.07642e-05	0.999972
36	0.999136	0.000110672	0.000489896	0.000216624	4.72063e-05	6.10059e-05	0.999059	4.53422e-05	0.000825228	9.06844e-06	0.001241	8.70352e-05	0.998507	0.000158314	6.75273e-06	0.000176515	0.000332336	0.000149125	0.999287	5.47806e-05	2.28086e-05	7.71227e-06	6.23545e-06	2.7075e-05	0.999936
37	0.999208	7.81148e-05	0.000460608	0.000206062	4.71383e-05	4.44291e-05	0.999086	3.62448e-05	0.000821938	1.16919e-05	0.000827	6.71792e-05	0.998996	0.000105402	4.63305e-06	0.000139531	0.000293583	0.000165417	0.99935	5.11403e-05	2.00556e-05	8.56543e-06	4.805e-06	2.65319e-05	0.99994
38	0.999229	9.22904e-05	0.000482049	0.000154477	4.19862e-05	3.02234e-05	0.999183	3.71496e-05	0.000743621	5.66688e-06	0.00114632	6.49438e-05	0.998705	7.22959e-05	1.16409e-05	0.000117274	0.000290394	0.000131236	0.999401	5.98339e-05	2.24227e-05	7.15103e-06	6.1814e-06	2.25439e-05	0.999942
39	0.999157	0.000104036	0.000548136	0.000137312	5.32888e-05	2.55332e-05	0.999128	3.27349e-05	0.000804754	9.2967e-06	0.00107682	3.64033e-05	0.998838	3.96336e-05	9.31825e-06	0.000116142	0.00029623	9.39845e-05	0.999437	5.68815e-05	2.52641e-05	8.34147e-06	4.93777e-06	2.4545e-05	0.999937
40	0.999098	0.000120949	0.000643683	8.06327e-05	5.70465e-05	2.07741e-05	0.999283	3.01705e-05	0.000657582	8.88701e-06	0.00115213	2.91315e-05	0.998781	2.33803e-05	1.41282e-05	0.000104625	0.000291832	7.30132e-05	0.999486	4.42716e-05	3.59012e-05	9.65122e-06	5.36179e-06	2.24625e-05	0.999927
