quality	AA	AC	AG	AT	A.	CA	CC	CG	CT	C.	GA	GC	GG	GT	G.	TA	TC	TG	TT	T.	.A	.C	.G	.T	..
0	NA	NA	NA	NA	NA	NA	NA	NA	NA	NA	NA	NA	NA	NA	NA	NA	NA	NA	NA	NA	NA	NA	NA	NA	NA
1	NA	NA	NA	NA	NA	NA	NA	NA	NA	NA	NA	NA	NA	NA	NA	NA	NA	NA	NA	NA	NA	NA	NA	NA	NA
2	NA	NA	NA	NA	NA	NA	NA	NA	NA	NA	NA	NA	NA	NA	NA	NA	NA	NA	NA	NA	NA	NA	NA	NA	NA
3	NA	NA	NA	NA	NA	NA	NA	NA	NA	NA	NA	NA	NA	NA	NA	NA	NA	NA	NA	NA	NA	NA	NA	NA	NA
4	NA	NA	NA	NA	NA	NA	NA	NA	NA	NA	NA	NA	NA	NA	NA	NA	NA	NA	NA	NA	NA	NA	NA	NA	NA
5	NA	NA	NA	NA	NA	NA	NA	NA	NA	NA	NA	NA	NA	NA	NA	NA	NA	NA	NA	NA	NA	NA	NA	NA	NA
6	NA	NA	NA	NA	NA	NA	NA	NA	NA	NA	NA	NA	NA	NA	NA	NA	NA	NA	NA	NA	NA	NA	NA	NA	NA
7	NA	NA	NA	NA	NA	NA	NA	NA	NA	NA	NA	NA	NA	NA	NA	NA	NA	NA	NA	NA	NA	NA	NA	NA	NA
8	NA	NA	NA	NA	NA	NA	NA	NA	NA	NA	NA	NA	NA	NA	NA	NA	NA	NA	NA	NA	NA	NA	NA	NA	NA
9	NA	NA	NA	NA	NA	NA	NA	NA	NA	NA	NA	NA	NA	NA	NA	NA	NA	NA	NA	NA	NA	NA	NA	NA	NA
10	0.964706	0.0117647	NA	0.0235294	NA	0.0666667	0.933333	NA	NA	NA	0.0198675	NA	0.960265	0.0198675	NA	NA	NA	0.0526316	0.947368	NA	NA	NA	NA	NA	1
11	0.975077	0.0106549	0.00388843	0.0100119	0.000367411	0.0630791	0.915081	0.00529451	0.0164626	8.27267e-05	0.0208663	0.00567945	0.921133	0.0521761	0.000145627	0.0208998	0.00494183	0.0200762	0.953979	0.000102955	9.60053e-05	1.74555e-05	NA	3.4911e-05	0.999852
12	0.970722	0.0167042	0.00524628	0.0071937	0.000134305	0.0478315	0.933637	0.00491981	0.0134803	0.000131195	0.0125877	0.00435	0.948384	0.0345348	0.00014399	0.0106219	0.00507138	0.0206449	0.963592	6.98812e-05	6.57027e-05	2.49217e-05	1.13281e-05	4.75778e-05	0.99985
13	0.968031	0.0174707	0.00574552	0.00861828	0.00013502	0.0385891	0.946216	0.00455587	0.0105367	0.000102118	0.00838065	0.00348729	0.966747	0.0213026	8.24472e-05	0.0125148	0.00736087	0.0213901	0.958612	0.000122511	3.83824e-05	2.26595e-05	1.71102e-05	2.77463e-05	0.999894
14	0.96527	0.0188412	0.00635749	0.00938025	0.0001506	0.0349532	0.949245	0.00416928	0.0114725	0.000159896	0.0130107	0.00544176	0.952283	0.0290957	0.000168598	0.0142577	0.0106615	0.0213972	0.953465	0.000219023	5.99969e-05	2.95759e-05	2.87309e-05	5.83068e-05	0.999823
15	0.965262	0.0164848	0.00668856	0.0114886	7.64954e-05	0.0295945	0.951549	0.00530013	0.0134503	0.000106253	0.0132204	0.005838	0.953679	0.0271484	0.000114752	0.0155728	0.00900148	0.0205955	0.954662	0.000168198	5.30837e-05	2.3748e-05	2.79388e-05	4.7496e-05	0.999848
16	0.965629	0.0152066	0.00715513	0.0118858	0.000123382	0.0256516	0.956417	0.00435239	0.013487	9.22187e-05	0.0118173	0.00525869	0.957395	0.0254389	9.03838e-05	0.0190178	0.0120014	0.0274564	0.941324	0.00020065	5.54006e-05	2.53357e-05	2.63491e-05	5.13469e-05	0.999842
17	NA	NA	NA	NA	NA	NA	NA	NA	NA	NA	NA	NA	NA	NA	NA	NA	NA	NA	NA	NA	NA	NA	NA	NA	NA
18	1	NA	NA	NA	NA	NA	1	NA	NA	NA	NA	NA	1	NA	NA	NA	NA	NA	1	NA	NA	NA	NA	NA	1
19	1	NA	NA	NA	NA	NA	1	NA	NA	NA	0.00813008	NA	0.99187	NA	NA	NA	NA	NA	1	NA	NA	NA	NA	NA	1
20	0.997707	0.00125078	0.000312695	0.000416927	0.000312695	0.00649594	0.99263	0.000499688	0.000374766	NA	0.00111508	0.000669045	0.994053	0.00416295	NA	0.0016096	0.000146327	0.00468247	0.993562	NA	2.64187e-05	NA	NA	NA	0.999974
21	0.996853	0.00198043	0.000669187	0.000479282	1.80861e-05	0.0045285	0.993987	0.000380546	0.00107821	2.53698e-05	0.000761945	0.000351667	0.996577	0.00229756	1.17222e-05	0.00067859	0.000322498	0.00212983	0.996835	3.35936e-05	3.54629e-05	9.45678e-06	7.09258e-06	7.09258e-06	0.999941
22	0.996739	0.00201897	0.000698875	0.00042709	0.000116479	0.00479851	0.993694	0.000424646	0.00106162	2.12323e-05	0.00128873	0.000322182	0.995149	0.00320392	3.5798e-05	0.000927329	0.000757536	0.00270362	0.99552	9.14268e-05	3.89617e-05	7.79235e-06	1.94809e-05	1.55847e-05	0.999918
23	0.997798	0.00133218	0.000490804	0.000350575	2.8046e-05	0.0031945	0.995366	0.000275564	0.00110225	6.12364e-05	0.00072453	0.000178651	0.99739	0.00169719	9.92507e-06	0.000455195	0.000653106	0.00131611	0.997546	2.96867e-05	2.02736e-05	1.65875e-05	7.37221e-06	1.47444e-05	0.999941
24	0.997829	0.000993995	0.000872282	0.000304284	NA	0.00255976	0.995261	0.000345913	0.00183334	NA	0.000772849	0.000268817	0.997245	0.00164651	6.72043e-05	0.000481965	0.000264303	0.00101057	0.998181	6.21891e-05	2.90387e-05	5.80774e-06	1.74232e-05	2.90387e-05	0.999919
25	0.997707	0.00110768	0.000624044	0.000483634	7.80056e-05	0.00303055	0.995617	0.000270585	0.00100116	8.11754e-05	0.00130692	0.000548905	0.996105	0.00201265	2.61383e-05	0.000425614	0.00123815	0.00122525	0.997072	3.86922e-05	3.6908e-05	1.38405e-05	1.8454e-05	2.30675e-05	0.999908
26	0.996908	0.00065583	0.00201433	0.000421605	NA	0.00206424	0.996615	0.000165139	0.0010734	8.25696e-05	0.000717246	0.000478164	0.997131	0.00167357	NA	0.000489203	0.00283039	0.000978405	0.995667	3.4943e-05	5.36704e-05	NA	4.02528e-05	5.36704e-05	0.999852
27	0.996068	0.0018157	0.00135385	0.000675006	8.73763e-05	0.00254945	0.995689	0.000346393	0.00139635	1.84743e-05	0.00152089	0.000586302	0.995039	0.00282259	3.09288e-05	0.000900849	0.00132811	0.00402826	0.993618	0.000124586	3.90196e-05	1.5388e-05	1.26402e-05	3.32491e-05	0.9999
28	0.998251	0.00116584	0.000270642	0.000270642	4.16372e-05	0.000725241	0.998272	0.000127984	0.000874555	NA	0.00145591	0.000361065	0.996669	0.0015025	1.16473e-05	0.000285551	0.0011422	0.000611895	0.997838	0.000122379	1.94918e-05	NA	NA	9.74588e-06	0.999971
29	0.998527	NA	0.000210438	NA	0.00126263	0.00105708	0.998591	NA	0.000352361	NA	0.000436627	NA	0.999251	0.000311876	NA	NA	0.000230362	0.000230362	0.999539	NA	5.62936e-05	NA	NA	NA	0.999944
30	0.998108	0.000705899	0.000836982	0.000296708	5.2256e-05	0.000429255	0.99843	0.000137582	0.000991965	1.10065e-05	0.00073842	0.000208938	0.998232	0.000805903	1.42753e-05	0.000366453	0.000966218	0.000859706	0.997754	5.32561e-05	2.08476e-05	6.1662e-06	4.1108e-06	1.90859e-05	0.99995
31	0.99849	0.000479916	0.000829023	0.00015799	4.33198e-05	0.000523679	0.9986	7.85518e-05	0.000790755	6.54598e-06	0.000511667	0.000102578	0.998808	0.000560513	1.70963e-05	0.000227559	0.000820869	0.000769277	0.998133	4.97496e-05	1.90565e-05	6.08749e-06	5.55814e-06	1.77331e-05	0.999952
32	0.998965	0.000269614	0.000678385	6.95779e-05	1.73945e-05	0.000329592	0.999328	3.10936e-05	0.000310936	NA	0.00024282	1.82115e-05	0.999496	0.000230679	1.2141e-05	0.00010015	0.000640961	0.000188282	0.999059	1.2018e-05	7.7277e-06	2.5759e-06	1.28795e-06	6.43975e-06	0.999982
33	0.999159	0.000259935	0.000513029	5.81433e-05	1.02606e-05	0.000457404	0.999311	3.01585e-05	0.000201057	NA	0.000218517	3.71944e-05	0.999605	0.00013018	9.29861e-06	4.77382e-05	0.00057005	0.000233075	0.999146	2.80813e-06	1.30358e-05	6.01654e-06	3.00827e-06	3.00827e-06	0.999975
34	0.998203	0.000694273	0.000904585	0.000127486	7.06453e-05	0.000207707	0.99904	6.83836e-05	0.000677445	6.39099e-06	0.000535461	9.87131e-05	0.998965	0.000388539	1.20522e-05	0.000138404	0.000840183	0.000690689	0.998253	7.76304e-05	1.86076e-05	7.99253e-06	5.49487e-06	2.02311e-05	0.999948
35	0.998507	0.000647529	0.000743129	4.71626e-05	5.54479e-05	0.000259701	0.99944	2.39199e-05	0.000272516	4.27141e-06	0.000331786	7.49465e-05	0.999417	0.000167577	8.42095e-06	5.44284e-05	0.000505829	0.000612911	0.998744	8.28258e-05	1.52359e-05	3.90664e-06	4.10197e-06	1.44546e-05	0.999962
36	0.998715	0.000385446	0.000750838	8.93574e-05	5.92767e-05	9.21603e-05	0.999271	4.3533e-05	0.000588622	4.63117e-06	0.000429276	6.20692e-05	0.999307	0.00018534	1.60599e-05	0.000101392	0.000788227	0.000416682	0.998622	7.20857e-05	1.91347e-05	6.10091e-06	6.28578e-06	1.80254e-05	0.99995
37	0.998345	0.0002968	0.00123969	6.21388e-05	5.63495e-05	7.28024e-05	0.999286	3.77249e-05	0.000596318	7.28024e-06	0.000335967	4.23265e-05	0.999497	0.000110446	1.38884e-05	7.99487e-05	0.00084658	0.000431504	0.998558	8.35993e-05	1.89238e-05	6.46764e-06	5.62924e-06	1.89238e-05	0.99995
38	0.99833	0.000380005	0.00116545	5.9179e-05	6.4971e-05	5.30571e-05	0.9994	3.47065e-05	0.000507433	5.18603e-06	0.000337857	3.88615e-05	0.999519	8.84296e-05	1.62584e-05	5.98182e-05	0.000795557	0.000381877	0.998678	8.45532e-05	2.26148e-05	6.71497e-06	5.24848e-06	2.13027e-05	0.999944
39	0.998581	0.000447866	0.000854673	4.65836e-05	6.99045e-05	3.18878e-05	0.999437	2.55844e-05	0.00049973	5.74722e-06	0.000323969	3.93633e-05	0.999568	5.45593e-05	1.45553e-05	5.07794e-05	0.000753736	0.000330393	0.998782	8.34155e-05	1.90262e-05	6.97105e-06	6.53426e-06	2.12626e-05	0.999946
40	0.998815	0.000438312	0.000635868	4.11766e-05	6.91491e-05	1.95625e-05	0.999422	2.36522e-05	0.000528255	6.95252e-06	0.00030494	3.17389e-05	0.999604	3.89628e-05	1.99041e-05	4.20519e-05	0.000583284	0.000364684	0.998941	6.90477e-05	2.20441e-05	7.99463e-06	6.19341e-06	2.26676e-05	0.999941
