quality	AA	AC	AG	AT	A.	CA	CC	CG	CT	C.	GA	GC	GG	GT	G.	TA	TC	TG	TT	T.	.A	.C	.G	.T	..
0	NA	NA	NA	NA	NA	NA	NA	NA	NA	NA	NA	NA	NA	NA	NA	NA	NA	NA	NA	NA	NA	NA	NA	NA	NA
1	NA	NA	NA	NA	NA	NA	NA	NA	NA	NA	NA	NA	NA	NA	NA	NA	NA	NA	NA	NA	NA	NA	NA	NA	NA
2	NA	NA	NA	NA	NA	NA	NA	NA	NA	NA	NA	NA	NA	NA	NA	NA	NA	NA	NA	NA	NA	NA	NA	NA	NA
3	NA	NA	NA	NA	NA	NA	NA	NA	NA	NA	NA	NA	NA	NA	NA	NA	NA	NA	NA	NA	NA	NA	NA	NA	NA
4	NA	NA	NA	NA	NA	NA	NA	NA	NA	NA	NA	NA	NA	NA	NA	NA	NA	NA	NA	NA	NA	NA	NA	NA	NA
5	NA	NA	NA	NA	NA	NA	NA	NA	NA	NA	NA	NA	NA	NA	NA	NA	NA	NA	NA	NA	NA	NA	NA	NA	NA
6	NA	NA	NA	NA	NA	NA	NA	NA	NA	NA	NA	NA	NA	NA	NA	NA	NA	NA	NA	NA	NA	NA	NA	NA	NA
7	NA	NA	NA	NA	NA	NA	NA	NA	NA	NA	NA	NA	NA	NA	NA	NA	NA	NA	NA	NA	NA	NA	NA	NA	NA
8	NA	NA	NA	NA	NA	NA	NA	NA	NA	NA	NA	NA	NA	NA	NA	NA	NA	NA	NA	NA	NA	NA	NA	NA	NA
9	NA	NA	NA	NA	NA	NA	NA	NA	NA	NA	NA	NA	NA	NA	NA	NA	NA	NA	NA	NA	NA	NA	NA	NA	NA
10	NA	NA	NA	NA	NA	NA	NA	NA	NA	NA	NA	NA	NA	NA	NA	NA	NA	NA	NA	NA	NA	NA	NA	NA	NA
11	0.978128	0.00882914	0.00321059	0.00913013	0.000702318	0.0549266	0.922851	0.00614955	0.0160727	NA	0.0197963	0.00717535	0.93555	0.0374784	NA	0.0261324	0.00522648	0.0170732	0.951568	NA	0.00011241	2.81025e-05	5.6205e-05	2.81025e-05	0.999775
12	0.969847	0.0159928	0.00581947	0.0081257	0.000215536	0.0331707	0.950573	0.00424914	0.0118428	0.000164483	0.0139062	0.00554541	0.949545	0.0307813	0.000221817	0.0139674	0.00747719	0.0235083	0.954838	0.000209361	5.73441e-05	3.44064e-05	2.29376e-05	5.73441e-05	0.999828
13	0.966225	0.0159588	0.00688341	0.0107889	0.000144351	0.0306201	0.953427	0.0043328	0.0115209	9.96045e-05	0.0101127	0.00444814	0.961966	0.0233487	0.000124452	0.0151389	0.00992114	0.0216731	0.953107	0.000159761	4.42169e-05	1.95575e-05	2.29588e-05	4.84686e-05	0.999865
14	0.963392	0.0164421	0.00744823	0.0125538	0.000164228	0.0296323	0.952017	0.0045314	0.0136524	0.000167291	0.0165071	0.00702244	0.944117	0.0321845	0.000168647	0.0182203	0.0140103	0.0215223	0.946005	0.000242522	9.33844e-05	5.35812e-05	4.43959e-05	7.96064e-05	0.999729
15	0.976544	0.0083872	0.00559146	0.00934507	0.000132388	0.0128491	0.975021	0.00305064	0.00894247	0.000136596	0.0142287	0.00556663	0.956031	0.0240527	0.000121391	0.0257997	0.0141942	0.0248453	0.934909	0.000252293	5.94194e-05	2.61445e-05	3.56516e-05	5.94194e-05	0.999819
16	0.964679	0.0121971	0.00887992	0.0140911	0.000153102	0.017639	0.961854	0.0046932	0.0156064	0.000207784	0.0165483	0.00768809	0.951416	0.0241874	0.000160447	0.0188	0.0132144	0.0184235	0.94928	0.000282419	0.000112502	3.7808e-05	5.90173e-05	7.93045e-05	0.999711
17	NA	NA	NA	NA	NA	NA	NA	NA	NA	NA	NA	NA	NA	NA	NA	NA	NA	NA	NA	NA	NA	NA	NA	NA	NA
18	NA	NA	NA	NA	NA	NA	NA	NA	NA	NA	NA	NA	NA	NA	NA	NA	NA	NA	NA	NA	NA	NA	NA	NA	NA
19	NA	NA	NA	NA	NA	NA	NA	NA	NA	NA	NA	NA	NA	NA	NA	NA	NA	NA	NA	NA	NA	NA	NA	NA	NA
20	0.996981	0.000603865	0.000603865	0.000301932	0.00150966	0.00332447	0.995013	NA	0.00166223	NA	0.00183722	0.000367444	0.996142	0.0016535	NA	0.00187196	NA	0.00336952	0.994759	NA	6.93866e-05	NA	NA	NA	0.999931
21	0.997305	0.00145624	0.000412963	0.00080419	2.17349e-05	0.00277504	0.995673	0.000387909	0.00113389	2.98392e-05	0.000882223	0.000303264	0.996857	0.00195743	NA	0.000928859	0.000517724	0.0020709	0.996483	NA	1.10403e-05	NA	NA	5.52017e-06	0.999983
22	0.995909	0.00182296	0.00118704	0.000975072	0.000105986	0.00385651	0.993916	0.00063167	0.0015958	NA	0.00170925	0.000795686	0.994578	0.00291751	NA	0.00197201	0.000944049	0.00293704	0.994084	6.29366e-05	5.04112e-05	1.89042e-05	6.3014e-06	2.52056e-05	0.999899
23	0.996817	0.00126799	0.00107914	0.000755399	8.09356e-05	0.00241223	0.996128	0.000425687	0.00103381	NA	0.000997105	0.000632778	0.99605	0.00232019	NA	0.00131018	0.000525984	0.0019031	0.996203	5.738e-05	1.43054e-05	1.78817e-05	1.0729e-05	1.0729e-05	0.999946
24	0.997364	0.000979995	0.000946202	0.000540687	0.000168965	0.00233685	0.995782	0.000512967	0.00131091	5.69963e-05	0.000795756	0.000212202	0.997082	0.00190981	NA	0.00062494	0.000360542	0.00129795	0.997644	7.21085e-05	9.30397e-06	9.30397e-06	9.30397e-06	2.79119e-05	0.999944
25	0.997006	0.00135879	0.00101333	0.000506667	0.000115152	0.00235239	0.99557	0.000470478	0.00156826	3.92065e-05	0.0017331	0.000626867	0.994727	0.00287621	3.68745e-05	0.00133114	0.000905914	0.00114626	0.996487	0.000129416	3.99987e-05	3.99987e-05	1.33329e-05	2.66658e-05	0.99988
26	0.997345	0.00091659	0.00107462	0.000632131	3.16066e-05	0.00235863	0.996031	0.00069033	0.000862912	5.75275e-05	0.00132858	0.000483121	0.995592	0.00259678	NA	0.000418517	0.000604525	0.00116255	0.997745	6.97528e-05	7.37762e-05	1.84441e-05	6.45542e-05	1.84441e-05	0.999825
27	0.996387	0.0011529	0.00124668	0.00114555	6.80341e-05	0.00140042	0.996827	0.000403413	0.00134855	2.01706e-05	0.00235295	0.00105375	0.992165	0.0043935	3.47116e-05	0.00118184	0.0015724	0.00348744	0.993638	0.000120507	3.9522e-05	1.81588e-05	1.49543e-05	4.11242e-05	0.999886
28	0.998057	0.0010077	0.000467862	0.000395883	7.19787e-05	0.000386115	0.99834	7.72231e-05	0.00119696	NA	0.00269642	0.000699833	0.994916	0.00162608	6.175e-05	0.000827393	0.00267312	0.000381874	0.996118	NA	1.69586e-05	1.69586e-05	8.47932e-06	7.63139e-05	0.999881
29	0.999622	NA	NA	NA	0.000377501	NA	1	NA	NA	NA	0.000174277	NA	0.999826	NA	NA	NA	0.000693481	NA	0.999307	NA	NA	NA	NA	NA	1
30	0.997648	0.000581471	0.00104632	0.000675413	4.85909e-05	0.000327182	0.998279	0.000180683	0.00120618	7.32497e-06	0.00122843	0.000371911	0.997543	0.000838489	1.8032e-05	0.000546665	0.00118484	0.000787487	0.997447	3.3715e-05	3.24132e-05	5.845e-06	5.31363e-06	2.97564e-05	0.999927
31	0.998464	0.000292623	0.000893271	0.000296824	5.32042e-05	0.000173366	0.998865	0.000105711	0.000841457	1.47995e-05	0.000839653	0.000165112	0.998464	0.000517484	1.40949e-05	0.00029364	0.000933585	0.00068782	0.998029	5.58555e-05	2.06818e-05	1.01209e-05	6.60057e-06	1.84816e-05	0.999944
32	0.998919	0.000123909	0.000832943	0.000110141	1.37677e-05	0.00010798	0.999617	1.96327e-05	0.000255225	NA	0.00031331	8.54482e-05	0.999231	0.000370275	NA	6.29346e-05	0.000232858	0.000119576	0.999578	6.29346e-06	3.98524e-06	1.99262e-06	3.98524e-06	1.19557e-05	0.999978
33	0.999188	7.82683e-05	0.000655497	5.87012e-05	1.95671e-05	8.04458e-05	0.999634	2.19398e-05	0.000263277	NA	0.000165072	5.5024e-05	0.999594	0.000185706	NA	4.94846e-05	0.000159873	0.000498652	0.999277	1.5226e-05	4.23565e-06	5.64753e-06	4.23565e-06	1.27069e-05	0.999973
34	0.998272	0.000534937	0.000884284	0.000224483	8.39251e-05	0.000116725	0.999031	9.63781e-05	0.000750678	5.35434e-06	0.000772951	0.00017261	0.998626	0.000402124	2.65554e-05	0.00020647	0.000976246	0.000489245	0.998244	8.37851e-05	2.42536e-05	1.33813e-05	1.10814e-05	2.65536e-05	0.999925
35	0.999104	0.000419238	0.00037872	5.04409e-05	4.71333e-05	2.98994e-05	0.999738	1.55034e-05	0.000213725	3.32216e-06	0.000330257	7.31364e-05	0.99939	0.000199982	6.85654e-06	6.28054e-05	0.00052678	0.000503228	0.998842	6.51606e-05	1.9831e-05	4.82377e-06	4.55578e-06	1.33994e-05	0.999957
36	0.998742	0.000293299	0.00078213	0.000118531	6.40239e-05	6.47325e-05	0.999261	5.85999e-05	0.00060576	9.53952e-06	0.000490244	0.000116784	0.999204	0.000172366	1.62374e-05	0.000115503	0.000775233	0.000326839	0.998714	6.80914e-05	2.47308e-05	9.24009e-06	7.60949e-06	2.47308e-05	0.999934
37	0.998613	0.000196394	0.00103904	8.95241e-05	6.21074e-05	4.87834e-05	0.99934	5.95157e-05	0.00054735	3.90267e-06	0.000384378	7.45808e-05	0.999417	0.00010709	1.7211e-05	8.89408e-05	0.000877691	0.000319548	0.99862	9.3734e-05	2.35499e-05	8.19885e-06	8.54773e-06	2.33754e-05	0.999936
38	0.998489	0.000292111	0.00109305	7.3762e-05	5.18945e-05	3.7039e-05	0.999389	3.80824e-05	0.000527937	8.34682e-06	0.000362533	7.12931e-05	0.999447	9.65743e-05	2.27531e-05	8.32878e-05	0.000806892	0.000327821	0.998691	9.12834e-05	2.41075e-05	9.44209e-06	6.62955e-06	2.3103e-05	0.999937
39	0.998447	0.000354673	0.00107971	5.35851e-05	6.46829e-05	2.86907e-05	0.999404	3.92609e-05	0.000520639	7.87376e-06	0.00034041	4.8996e-05	0.999534	5.62737e-05	1.99879e-05	6.25648e-05	0.000795413	0.000291907	0.998766	8.4478e-05	2.40377e-05	9.36456e-06	8.13186e-06	2.58271e-05	0.999933
40	0.998842	0.000401852	0.000632118	5.16856e-05	7.2115e-05	2.73519e-05	0.999354	3.98982e-05	0.000569824	9.27754e-06	0.000297257	4.8999e-05	0.999566	5.3841e-05	3.37361e-05	5.16553e-05	0.00065939	0.000337205	0.99888	7.14816e-05	2.83843e-05	1.19657e-05	9.01322e-06	2.70786e-05	0.999924
