quality	AA	AC	AG	AT	A.	CA	CC	CG	CT	C.	GA	GC	GG	GT	G.	TA	TC	TG	TT	T.	.A	.C	.G	.T	..
0	NA	NA	NA	NA	NA	NA	NA	NA	NA	NA	NA	NA	NA	NA	NA	NA	NA	NA	NA	NA	NA	NA	NA	NA	NA
1	NA	NA	NA	NA	NA	NA	NA	NA	NA	NA	NA	NA	NA	NA	NA	NA	NA	NA	NA	NA	NA	NA	NA	NA	NA
2	NA	NA	NA	NA	NA	NA	NA	NA	NA	NA	NA	NA	NA	NA	NA	NA	NA	NA	NA	NA	NA	NA	NA	NA	NA
3	NA	NA	NA	NA	NA	NA	NA	NA	NA	NA	NA	NA	NA	NA	NA	NA	NA	NA	NA	NA	NA	NA	NA	NA	NA
4	NA	NA	NA	NA	NA	NA	NA	NA	NA	NA	NA	NA	NA	NA	NA	NA	NA	NA	NA	NA	NA	NA	NA	NA	NA
5	NA	NA	NA	NA	NA	NA	NA	NA	NA	NA	NA	NA	NA	NA	NA	NA	NA	NA	NA	NA	NA	NA	NA	NA	NA
6	NA	NA	NA	NA	NA	NA	NA	NA	NA	NA	NA	NA	NA	NA	NA	NA	NA	NA	NA	NA	NA	NA	NA	NA	NA
7	NA	NA	NA	NA	NA	NA	NA	NA	NA	NA	NA	NA	NA	NA	NA	NA	NA	NA	NA	NA	NA	NA	NA	NA	NA
8	NA	NA	NA	NA	NA	NA	NA	NA	NA	NA	NA	NA	NA	NA	NA	NA	NA	NA	NA	NA	NA	NA	NA	NA	NA
9	NA	NA	NA	NA	NA	NA	NA	NA	NA	NA	NA	NA	NA	NA	NA	NA	NA	NA	NA	NA	NA	NA	NA	NA	NA
10	NA	NA	NA	NA	NA	NA	NA	NA	NA	NA	NA	NA	NA	NA	NA	NA	NA	NA	NA	NA	NA	NA	NA	NA	NA
11	0.976384	0.00743889	0.00354233	0.0126343	NA	0.0376575	0.940516	0.00338149	0.0182908	0.000153704	0.0206765	0.0067108	0.928448	0.0441643	NA	0.0335484	0.00301075	0.0107527	0.952258	0.000430108	3.53182e-05	3.53182e-05	NA	3.53182e-05	0.999894
12	0.972303	0.0149507	0.00593505	0.00672639	8.47865e-05	0.0331578	0.947687	0.00507823	0.0139278	0.00014936	0.0127508	0.00564381	0.950855	0.0305648	0.000185805	0.0130499	0.00833509	0.0251736	0.953399	4.20964e-05	3.87976e-05	3.10381e-05	7.75952e-06	3.10381e-05	0.999891
13	0.966475	0.0161117	0.00616418	0.0111119	0.000137643	0.0292438	0.953972	0.00453137	0.0120741	0.000178491	0.00986077	0.00496212	0.961896	0.0231431	0.000138478	0.0159358	0.0112032	0.0211496	0.951542	0.00016934	4.64561e-05	2.6206e-05	2.14413e-05	4.52649e-05	0.999861
14	0.963349	0.0157857	0.00693913	0.0137005	0.000225607	0.0281038	0.953443	0.00447388	0.0137316	0.000247975	0.0184663	0.00685976	0.940751	0.0337585	0.000164017	0.0174623	0.0115851	0.0192381	0.951495	0.000219864	6.6709e-05	2.36709e-05	3.22785e-05	5.16457e-05	0.999826
15	0.977262	0.0074622	0.00605755	0.0090534	0.000164607	0.0119525	0.975155	0.00348211	0.00928562	0.000124361	0.0140711	0.0058747	0.955406	0.0245189	0.000128985	0.0310951	0.0153866	0.0249952	0.928362	0.000160948	6.47152e-05	3.06546e-05	4.76849e-05	5.79031e-05	0.999799
16	0.963713	0.0122397	0.00928256	0.0146527	0.000112138	0.0164151	0.963375	0.0046226	0.015497	9.05124e-05	0.0165788	0.00786223	0.950309	0.025154	9.63509e-05	0.0174411	0.0133861	0.0179672	0.950982	0.000223349	8.2446e-05	5.98399e-05	3.45741e-05	8.11163e-05	0.999742
17	NA	NA	NA	NA	NA	NA	NA	NA	NA	NA	NA	NA	NA	NA	NA	NA	NA	NA	NA	NA	NA	NA	NA	NA	NA
18	NA	NA	NA	NA	NA	NA	NA	NA	NA	NA	NA	NA	NA	NA	NA	NA	NA	NA	NA	NA	NA	NA	NA	NA	NA
19	NA	NA	NA	NA	NA	NA	NA	NA	NA	NA	NA	NA	NA	NA	NA	NA	NA	NA	NA	NA	NA	NA	NA	NA	NA
20	0.997596	0.00137363	NA	0.000686813	0.000343407	0.00353357	0.995141	0.000883392	0.000441696	NA	0.00112587	0.000675524	0.995046	0.00315244	NA	0.00261233	NA	0.0015674	0.99582	NA	8.67528e-05	8.67528e-05	NA	NA	0.999826
21	0.997382	0.00143079	0.000547962	0.000639289	NA	0.00325926	0.994878	0.00042328	0.00143915	NA	0.000994985	0.000318395	0.996577	0.00210937	NA	0.0010477	0.00160363	0.00269409	0.994655	NA	NA	NA	NA	1.55897e-05	0.999984
22	0.997373	0.00141459	0.000548515	0.000635122	2.88692e-05	0.00360555	0.99378	0.000721111	0.00184785	4.50694e-05	0.00196505	0.000459905	0.994565	0.00296848	4.18095e-05	0.00172951	0.00121065	0.00265191	0.99435	5.76502e-05	1.73375e-05	2.60062e-05	1.73375e-05	3.4675e-05	0.999905
23	0.997123	0.00113961	0.00095279	0.000728604	5.60465e-05	0.0022833	0.995962	0.000584746	0.00116949	NA	0.000858047	0.000348582	0.996621	0.00217193	NA	0.00109091	0.00139322	0.00195839	0.995479	7.88612e-05	4.93503e-06	4.93503e-06	9.87006e-06	1.48051e-05	0.999965
24	0.998012	0.000804772	0.000899451	0.000284037	NA	0.00205144	0.996528	0.000394508	0.00102572	NA	0.000933416	0.000855632	0.995644	0.00256689	NA	0.000697651	0.000863759	0.00132886	0.997077	3.32215e-05	3.91155e-05	1.30385e-05	NA	NA	0.999948
25	0.996352	0.00113785	0.00157291	0.000836652	0.000100398	0.00226865	0.995938	0.000633112	0.00105519	0.000105519	0.00155796	0.000882842	0.994495	0.00306398	NA	0.00104157	0.0011836	0.00151501	0.996141	0.00011836	NA	9.07071e-06	1.81414e-05	3.62828e-05	0.999937
26	0.997359	0.000671351	0.00152173	0.000402811	4.47567e-05	0.00307831	0.994895	0.000675726	0.00135145	NA	0.00149608	0.000704039	0.994632	0.00316818	NA	0.000613784	0.0010522	0.000993745	0.997223	0.000116911	2.46579e-05	1.23289e-05	2.46579e-05	3.69868e-05	0.999901
27	0.996574	0.00102815	0.00116969	0.00115901	6.94335e-05	0.00118679	0.99692	0.000455824	0.00141675	2.05326e-05	0.00286342	0.00122868	0.991424	0.00445616	2.80041e-05	0.00109538	0.00100427	0.00319301	0.994622	8.50388e-05	3.4873e-05	1.81946e-05	1.44041e-05	4.70027e-05	0.999886
28	0.99719	0.000612996	0.00153249	0.000612996	5.1083e-05	0.00040008	0.9983	0.00015003	0.00115023	NA	0.00349291	0.000763157	0.994012	0.00173178	NA	0.000725748	0.0010483	0.000806387	0.99742	NA	2.32504e-05	NA	NA	1.16252e-05	0.999965
29	0.999519	NA	NA	0.000480538	NA	NA	0.99928	NA	0.000719942	NA	0.00163819	NA	0.998128	0.000234028	NA	NA	0.000942507	NA	0.999057	NA	NA	NA	NA	NA	1
30	0.997672	0.000483473	0.00107922	0.000726355	3.89528e-05	0.000254014	0.998208	0.000212822	0.00132499	NA	0.00201641	0.00040586	0.996692	0.000876142	9.66333e-06	0.000536864	0.000909591	0.000605254	0.997887	6.15513e-05	1.88253e-05	6.0241e-06	7.53013e-07	2.10844e-05	0.999953
31	0.998513	0.000344858	0.00083324	0.000289043	1.9934e-05	0.000186281	0.998837	7.51134e-05	0.000895352	6.00907e-06	0.0012197	0.000226189	0.997907	0.000638482	8.58944e-06	0.000278884	0.000836653	0.000611746	0.99823	4.27323e-05	1.37285e-05	5.6162e-06	3.12011e-06	1.93447e-05	0.999958
32	0.9995	0.000220965	0.000182536	9.60716e-05	NA	9.19468e-05	0.999356	5.2541e-05	0.00049914	NA	0.00020885	5.22125e-05	0.999347	0.000391594	NA	9.18458e-05	0.0010938	0.000233789	0.998497	8.34962e-05	5.39088e-06	2.69544e-06	2.69544e-06	5.39088e-06	0.999984
33	0.999664	0.000130189	0.000116485	8.22244e-05	6.85204e-06	8.10627e-05	0.999625	2.02657e-05	0.000273587	NA	0.000194024	3.88048e-05	0.999525	0.00024253	NA	5.11912e-05	0.000926561	0.000424887	0.998546	5.11912e-05	1.93518e-06	1.93518e-06	NA	5.80555e-06	0.99999
34	0.998552	0.000236059	0.000915948	0.000212648	8.29133e-05	0.000136571	0.999071	8.64952e-05	0.000701066	4.55238e-06	0.00123757	0.000182746	0.998226	0.000346681	6.71861e-06	0.000178957	0.000551695	0.000367443	0.998846	5.61225e-05	1.60287e-05	6.5302e-06	5.63971e-06	2.10747e-05	0.999951
35	0.999446	9.69644e-05	0.000345986	5.39915e-05	5.72971e-05	3.98678e-05	0.999718	2.87048e-05	0.000210502	3.18943e-06	0.000490025	6.74196e-05	0.999227	0.000215414	NA	3.66884e-05	0.000184521	0.00034854	0.999383	4.74791e-05	4.86676e-06	1.87183e-06	3.74366e-06	1.19797e-05	0.999978
36	0.998816	0.000204161	0.000816643	0.000118069	4.55057e-05	5.71478e-05	0.999266	6.58653e-05	0.000606348	4.84304e-06	0.000942699	0.00011951	0.99877	0.000161427	6.24304e-06	0.000115051	0.000665605	0.000230103	0.998943	4.58794e-05	1.54008e-05	6.35282e-06	4.81275e-06	1.84809e-05	0.999955
37	0.998888	0.000168532	0.000826685	7.50806e-05	4.15339e-05	3.31501e-05	0.999347	5.66315e-05	0.00056079	2.76251e-06	0.000953728	9.01051e-05	0.998829	0.000120602	6.93116e-06	8.0014e-05	0.00060347	0.000237799	0.999006	7.25361e-05	1.11585e-05	9.42271e-06	5.70322e-06	2.35568e-05	0.99995
38	0.99884	0.000176278	0.000871673	7.12514e-05	4.11778e-05	2.85897e-05	0.999452	3.37212e-05	0.000480893	4.39841e-06	0.000864849	7.53302e-05	0.998975	7.96762e-05	5.0703e-06	7.47979e-05	0.000592773	0.000192137	0.999072	6.87206e-05	1.70394e-05	6.81575e-06	3.97586e-06	2.24352e-05	0.99995
39	0.99886	0.000181637	0.000852833	5.05894e-05	5.53497e-05	2.03482e-05	0.999412	5.0415e-05	0.000511591	5.7704e-06	0.000796589	5.3719e-05	0.999095	4.68582e-05	8.17464e-06	6.13178e-05	0.00064523	0.000181689	0.999049	6.3234e-05	1.71268e-05	8.95648e-06	6.59803e-06	2.34441e-05	0.999944
40	0.998782	0.000249433	0.000855698	5.07838e-05	6.24928e-05	1.93087e-05	0.999348	4.24257e-05	0.000584138	6.41396e-06	0.000746631	4.85908e-05	0.999167	2.86826e-05	9.58543e-06	5.65208e-05	0.000773381	0.000252274	0.998862	5.56928e-05	2.11563e-05	1.01984e-05	5.9129e-06	2.21191e-05	0.999941
