quality	AA	AC	AG	AT	A.	CA	CC	CG	CT	C.	GA	GC	GG	GT	G.	TA	TC	TG	TT	T.	.A	.C	.G	.T	..
0	NA	NA	NA	NA	NA	NA	NA	NA	NA	NA	NA	NA	NA	NA	NA	NA	NA	NA	NA	NA	NA	NA	NA	NA	NA
1	NA	NA	NA	NA	NA	NA	NA	NA	NA	NA	NA	NA	NA	NA	NA	NA	NA	NA	NA	NA	NA	NA	NA	NA	NA
2	NA	NA	NA	NA	NA	NA	NA	NA	NA	NA	NA	NA	NA	NA	NA	NA	NA	NA	NA	NA	NA	NA	NA	NA	NA
3	NA	NA	NA	NA	NA	NA	NA	NA	NA	NA	NA	NA	NA	NA	NA	NA	NA	NA	NA	NA	NA	NA	NA	NA	NA
4	NA	NA	NA	NA	NA	NA	NA	NA	NA	NA	NA	NA	NA	NA	NA	NA	NA	NA	NA	NA	NA	NA	NA	NA	NA
5	NA	NA	NA	NA	NA	NA	NA	NA	NA	NA	NA	NA	NA	NA	NA	NA	NA	NA	NA	NA	NA	NA	NA	NA	NA
6	NA	NA	NA	NA	NA	NA	NA	NA	NA	NA	NA	NA	NA	NA	NA	NA	NA	NA	NA	NA	NA	NA	NA	NA	NA
7	NA	NA	NA	NA	NA	NA	NA	NA	NA	NA	NA	NA	NA	NA	NA	NA	NA	NA	NA	NA	NA	NA	NA	NA	NA
8	NA	NA	NA	NA	NA	NA	NA	NA	NA	NA	NA	NA	NA	NA	NA	NA	NA	NA	NA	NA	NA	NA	NA	NA	NA
9	NA	NA	NA	NA	NA	NA	NA	NA	NA	NA	NA	NA	NA	NA	NA	NA	NA	NA	NA	NA	NA	NA	NA	NA	NA
10	0.989691	0.0103093	NA	NA	NA	0.04	0.92	NA	0.04	NA	0.0185185	0.00925926	0.944444	0.0277778	NA	NA	NA	0.03125	0.96875	NA	NA	NA	NA	NA	1
11	0.975091	0.010922	0.00246627	0.0114153	0.000105697	0.0530014	0.925482	0.00368858	0.0176086	0.000219558	0.018959	0.00456945	0.917154	0.0592326	8.5145e-05	0.0190264	0.00382653	0.0131803	0.963861	0.000106293	2.08821e-05	4.17641e-05	NA	5.22051e-05	0.999885
12	0.972214	0.0169371	0.00450144	0.00621782	0.000129538	0.0516832	0.927831	0.00564339	0.0147818	6.05189e-05	0.0105982	0.0039818	0.954584	0.0307267	0.000109774	0.0105903	0.00513513	0.0223079	0.961855	0.000111331	6.05325e-05	2.4213e-05	1.21065e-05	2.72396e-05	0.999876
13	0.96739	0.0179064	0.00595745	0.00861187	0.000134123	0.0383069	0.946428	0.00439163	0.0107745	9.90833e-05	0.00845141	0.00377128	0.965648	0.022052	7.76249e-05	0.0123783	0.00829351	0.0208864	0.958273	0.000169304	2.5972e-05	2.01283e-05	1.9479e-05	2.5972e-05	0.999908
14	0.966994	0.0173312	0.00524097	0.0102702	0.000163432	0.0332308	0.951677	0.00376735	0.0112128	0.000111625	0.0158663	0.00591979	0.947771	0.0303153	0.000127913	0.0142547	0.00904988	0.019898	0.956651	0.000146202	4.24147e-05	2.35637e-05	3.29892e-05	4.59492e-05	0.999855
15	0.967065	0.0150292	0.00736152	0.0104682	7.65497e-05	0.0304761	0.949878	0.00569425	0.0138328	0.000119012	0.0130073	0.00583603	0.953279	0.0277537	0.000123755	0.0170214	0.00966056	0.0209037	0.952266	0.00014837	4.08767e-05	2.33581e-05	2.72511e-05	4.08767e-05	0.999868
16	0.965918	0.0150294	0.00723581	0.0117446	7.23581e-05	0.0253235	0.957309	0.00434901	0.0129627	5.62069e-05	0.0112752	0.00541913	0.957269	0.0259564	7.98658e-05	0.0187259	0.0121837	0.0268353	0.94215	0.000105433	4.48191e-05	2.50602e-05	1.9759e-05	3.99999e-05	0.99987
17	NA	NA	NA	NA	NA	NA	NA	NA	NA	NA	NA	NA	NA	NA	NA	NA	NA	NA	NA	NA	NA	NA	NA	NA	NA
18	1	NA	NA	NA	NA	NA	1	NA	NA	NA	NA	NA	1	NA	NA	NA	NA	NA	1	NA	NA	NA	NA	NA	1
19	1	NA	NA	NA	NA	NA	1	NA	NA	NA	NA	NA	1	NA	NA	NA	NA	NA	1	NA	NA	NA	NA	NA	1
20	0.996127	0.00271143	0.000387347	0.000774693	NA	0.00490196	0.994026	0.000459559	0.000612745	NA	0.00151989	0.000268216	0.992758	0.00536433	8.94055e-05	0.00163693	0.000327386	0.00261909	0.995417	NA	3.16847e-05	NA	NA	NA	0.999968
21	0.997193	0.00194082	0.00034178	0.000524877	NA	0.00384352	0.994875	0.000280805	0.00100037	NA	0.000675927	0.000287269	0.996823	0.00216297	5.06945e-05	0.000625735	0.0011394	0.00199862	0.996208	2.8018e-05	2.95132e-05	6.5585e-06	1.3117e-05	3.27925e-06	0.999948
22	0.99623	0.00198395	0.00122644	0.000505005	5.41077e-05	0.00463405	0.993918	0.000376517	0.00107163	NA	0.00128952	0.000148791	0.995338	0.00322381	NA	0.000818753	0.00108574	0.00265205	0.995319	0.000124593	1.60992e-05	1.07328e-05	1.60992e-05	1.60992e-05	0.999941
23	0.997625	0.00122086	0.00079498	0.00030285	5.67843e-05	0.0034003	0.995126	0.000255023	0.00120427	1.41679e-05	0.00069543	0.000222537	0.997093	0.0019472	4.17258e-05	0.000624105	0.000963293	0.00124821	0.99713	3.39188e-05	1.26487e-05	5.05949e-06	1.77082e-05	1.26487e-05	0.999952
24	0.997727	0.00110758	0.000612084	0.00046635	8.74406e-05	0.00239188	0.995997	0.000439324	0.00117153	NA	0.000714898	0.000285959	0.997331	0.00162044	4.76599e-05	0.000575988	0.00172796	0.00110931	0.996501	8.53315e-05	3.26373e-05	2.4478e-05	1.63187e-05	1.63187e-05	0.99991
25	0.997119	0.00113916	0.00104981	0.000603082	8.93455e-05	0.00274641	0.995613	3.81446e-05	0.00156393	3.81446e-05	0.0012107	0.000427305	0.995941	0.00238578	3.56087e-05	0.000285144	0.00103994	0.00102316	0.997601	5.03195e-05	3.7821e-05	1.2607e-05	1.2607e-05	1.89105e-05	0.999918
26	0.994934	0.00141854	0.00310727	0.000540394	NA	0.00203535	0.996786	0.000214247	0.000964114	NA	0.000237107	NA	0.997392	0.00237107	NA	0.000172258	0.00142113	0.000904354	0.997416	8.61289e-05	5.38493e-05	NA	NA	1.79498e-05	0.999928
27	0.996729	0.00135127	0.0010922	0.000713133	0.000114538	0.00256165	0.995745	0.000338659	0.00133075	2.38798e-05	0.00210729	0.000598835	0.994084	0.00320074	9.47524e-06	0.000990986	0.00081709	0.00368304	0.994424	8.47187e-05	2.16776e-05	1.08388e-05	1.08388e-05	3.29035e-05	0.999924
28	0.997369	0.000565899	0.00175429	0.000311244	NA	0.000491213	0.998444	0.000163738	0.000900557	NA	0.00117003	0.000292507	0.99701	0.00152754	NA	0.000574383	0.0003133	0.000365516	0.998695	5.22166e-05	2.62067e-05	6.55166e-06	NA	6.55166e-06	0.999961
29	0.999749	0.000125565	0.000125565	NA	NA	0.000540054	0.99838	0.000180018	0.00090009	NA	0.000692941	0.000259853	0.998614	0.000433088	NA	NA	NA	0.000289771	0.99971	NA	NA	NA	NA	NA	1
30	0.998183	0.000586103	0.000913882	0.000265635	5.11774e-05	0.000439294	0.998347	0.000144504	0.00106933	NA	0.00117429	0.000176598	0.997766	0.000879349	3.6412e-06	0.000402865	0.000951902	0.000565081	0.99802	6.0608e-05	9.006e-06	5.32173e-06	3.27491e-06	1.30996e-05	0.999969
31	0.998558	0.000433033	0.000819503	0.000154821	3.4922e-05	0.000447226	0.998725	7.6084e-05	0.000751562	NA	0.000977901	0.000104653	0.998362	0.000552428	3.43123e-06	0.000220889	0.00077825	0.000577908	0.998375	4.75169e-05	1.4418e-05	4.806e-06	4.4363e-06	1.14605e-05	0.999965
32	0.999625	0.00018481	0.000125018	5.97914e-05	5.43558e-06	0.000385549	0.999246	2.62874e-05	0.000341737	NA	0.000208574	8.82428e-05	0.999503	0.00019253	8.02208e-06	6.78872e-05	0.00115408	0.000234994	0.998465	7.83314e-05	1.01616e-05	1.6936e-06	1.6936e-06	5.08081e-06	0.999981
33	0.999611	0.000218927	0.00010723	6.25505e-05	NA	0.000421206	0.9992	8.42413e-05	0.000294844	NA	0.00018441	7.63077e-05	0.999561	0.000178051	NA	5.12394e-05	0.00094061	0.000237897	0.998741	2.92797e-05	4.02558e-06	NA	2.68372e-06	2.68372e-06	0.999991
34	0.998527	0.000351944	0.00091956	0.000116564	8.44666e-05	0.000220915	0.999012	8.76505e-05	0.000677055	2.68318e-06	0.0010486	0.000117578	0.99844	0.000387128	6.39881e-06	0.000142154	0.000554898	0.000461999	0.998784	5.67367e-05	1.2377e-05	5.05541e-06	4.18379e-06	1.935e-05	0.999959
35	0.999099	0.000218592	0.000545577	5.96161e-05	7.67783e-05	0.000245044	0.99946	1.793e-05	0.000277318	NA	0.000621388	7.67739e-05	0.999123	0.00017514	3.59877e-06	4.69164e-05	0.000210712	0.000474103	0.99923	3.78624e-05	5.76694e-06	5.76694e-06	3.02078e-06	1.62024e-05	0.999969
36	0.998786	0.000245353	0.000839279	9.01129e-05	3.97316e-05	6.78714e-05	0.999292	6.01147e-05	0.000574645	5.17116e-06	0.000863135	6.27845e-05	0.998912	0.000156047	6.09559e-06	8.23561e-05	0.000672343	0.000198678	0.998985	6.18834e-05	1.26037e-05	3.60105e-06	3.47244e-06	1.60761e-05	0.999964
37	0.998828	0.000240993	0.000831104	6.67035e-05	3.28138e-05	8.21974e-05	0.999317	4.24841e-05	0.00055414	3.69427e-06	0.000947218	6.35271e-05	0.998863	0.00012421	1.89633e-06	5.94234e-05	0.000639944	0.000250391	0.998997	5.28208e-05	1.19062e-05	4.6954e-06	4.6954e-06	2.11293e-05	0.999958
38	0.998855	0.000240932	0.000805441	5.18284e-05	4.69257e-05	4.96087e-05	0.999441	3.14189e-05	0.000475141	2.75604e-06	0.000839039	5.94904e-05	0.999032	6.00516e-05	8.97968e-06	5.03033e-05	0.000663725	0.000180254	0.999046	5.97352e-05	1.28879e-05	6.87355e-06	3.65157e-06	1.90097e-05	0.999958
39	0.99883	0.000231016	0.000835274	4.75168e-05	5.57066e-05	3.59613e-05	0.999412	3.27504e-05	0.000516173	3.33926e-06	0.000822345	5.39158e-05	0.999074	4.39029e-05	5.39158e-06	3.89201e-05	0.000642746	0.000158692	0.999099	6.10526e-05	1.26768e-05	5.94986e-06	4.71132e-06	1.98653e-05	0.999957
40	0.998828	0.000257374	0.000816686	4.31339e-05	5.46969e-05	1.86975e-05	0.999405	1.73552e-05	0.00055316	5.75309e-06	0.000600355	3.9644e-05	0.999337	1.66461e-05	6.68034e-06	3.64111e-05	0.000767243	0.000188393	0.998952	5.63565e-05	1.40915e-05	6.29119e-06	3.0182e-06	2.09706e-05	0.999956
