quality	AA	AC	AG	AT	A.	CA	CC	CG	CT	C.	GA	GC	GG	GT	G.	TA	TC	TG	TT	T.	.A	.C	.G	.T	..
0	NA	NA	NA	NA	NA	NA	NA	NA	NA	NA	NA	NA	NA	NA	NA	NA	NA	NA	NA	NA	NA	NA	NA	NA	NA
1	NA	NA	NA	NA	NA	NA	NA	NA	NA	NA	NA	NA	NA	NA	NA	NA	NA	NA	NA	NA	NA	NA	NA	NA	NA
2	NA	NA	NA	NA	NA	NA	NA	NA	NA	NA	NA	NA	NA	NA	NA	NA	NA	NA	NA	NA	NA	NA	NA	NA	NA
3	NA	NA	NA	NA	NA	NA	NA	NA	NA	NA	NA	NA	NA	NA	NA	NA	NA	NA	NA	NA	NA	NA	NA	NA	NA
4	NA	NA	NA	NA	NA	NA	NA	NA	NA	NA	NA	NA	NA	NA	NA	NA	NA	NA	NA	NA	NA	NA	NA	NA	NA
5	NA	NA	NA	NA	NA	NA	NA	NA	NA	NA	NA	NA	NA	NA	NA	NA	NA	NA	NA	NA	NA	NA	NA	NA	NA
6	NA	NA	NA	NA	NA	NA	NA	NA	NA	NA	NA	NA	NA	NA	NA	NA	NA	NA	NA	NA	NA	NA	NA	NA	NA
7	NA	NA	NA	NA	NA	NA	NA	NA	NA	NA	NA	NA	NA	NA	NA	NA	NA	NA	NA	NA	NA	NA	NA	NA	NA
8	NA	NA	NA	NA	NA	NA	NA	NA	NA	NA	NA	NA	NA	NA	NA	NA	NA	NA	NA	NA	NA	NA	NA	NA	NA
9	NA	NA	NA	NA	NA	NA	NA	NA	NA	NA	NA	NA	NA	NA	NA	NA	NA	NA	NA	NA	NA	NA	NA	NA	NA
10	0.987805	NA	NA	0.0121951	NA	0.0952381	0.904762	NA	NA	NA	0.00787402	NA	0.96063	0.0314961	NA	0.047619	NA	NA	0.952381	NA	NA	NA	NA	NA	1
11	0.976347	0.0122572	0.0035636	0.0077146	0.000117481	0.0550352	0.922306	0.00669688	0.01571	0.000251762	0.0214525	0.00674783	0.92628	0.0453791	0.00014058	0.016801	0.00751263	0.0202158	0.955197	0.000273187	5.66547e-05	4.53237e-05	1.13309e-05	3.39928e-05	0.999853
12	0.972054	0.0152856	0.00626719	0.00630144	9.13252e-05	0.043788	0.940919	0.00438031	0.010822	9.09408e-05	0.0112037	0.00434207	0.953263	0.0311414	4.97943e-05	0.0115386	0.00686896	0.0228222	0.958595	0.00017531	5.68704e-05	1.89568e-05	3.15947e-05	0.000145336	0.999747
13	0.967499	0.0180312	0.00606118	0.00829004	0.000118708	0.0340019	0.952005	0.00477509	0.00911384	0.000104284	0.00781915	0.00348023	0.968986	0.019584	0.000131077	0.0117335	0.00777277	0.0221489	0.958205	0.000139992	3.79313e-05	3.45345e-05	3.62329e-05	6.90689e-05	0.999822
14	0.96615	0.0188923	0.00592452	0.00886239	0.000170766	0.0306367	0.954607	0.00392397	0.0107498	8.21773e-05	0.0139025	0.00631217	0.950545	0.0290925	0.000148195	0.0136618	0.0105932	0.0210254	0.954492	0.000227302	6.3848e-05	4.40331e-05	3.8529e-05	5.50414e-05	0.999799
15	0.966741	0.0160688	0.00682792	0.0102096	0.000152645	0.0299635	0.953198	0.00481108	0.0118945	0.000133206	0.0158447	0.00661473	0.951076	0.0263487	0.00011637	0.0153482	0.00954405	0.0218454	0.953049	0.000213275	5.53071e-05	2.14092e-05	3.5682e-05	6.42276e-05	0.999823
16	0.964698	0.0152139	0.00822225	0.0117403	0.000125356	0.025069	0.95815	0.0042208	0.0124669	9.36108e-05	0.0124957	0.00580432	0.956355	0.025252	9.30511e-05	0.018871	0.0132074	0.0295505	0.93818	0.000191002	5.9375e-05	4.63731e-05	3.77053e-05	5.28741e-05	0.999804
17	NA	NA	NA	NA	NA	NA	NA	NA	NA	NA	NA	NA	NA	NA	NA	NA	NA	NA	NA	NA	NA	NA	NA	NA	NA
18	1	NA	NA	NA	NA	NA	1	NA	NA	NA	NA	NA	1	NA	NA	NA	NA	NA	1	NA	NA	NA	NA	NA	1
19	0.990826	0.00917431	NA	NA	NA	NA	1	NA	NA	NA	NA	NA	1	NA	NA	NA	NA	NA	1	NA	NA	NA	NA	NA	1
20	0.996672	0.00209514	0.000246488	0.000862706	0.000123244	0.0079516	0.990493	0.000691443	0.000691443	0.000172861	0.00146025	9.12659e-05	0.994159	0.00419823	9.12659e-05	0.00102229	0.000613371	0.00388469	0.994275	0.000204457	0.000101259	3.3753e-05	3.3753e-05	3.3753e-05	0.999797
21	0.996489	0.00215565	0.000711143	0.000600027	4.44464e-05	0.00355491	0.994987	0.000431349	0.000996564	2.97482e-05	0.00077246	0.00024777	0.996604	0.0023611	1.45747e-05	0.000554075	0.000782224	0.00236297	0.99626	4.07408e-05	3.15896e-05	3.15896e-05	1.43589e-05	4.30767e-05	0.999879
22	0.996169	0.00201299	0.0011039	0.000584416	0.00012987	0.00419332	0.993975	0.000875819	0.000928899	2.654e-05	0.00133927	0.000363191	0.995596	0.00270123	NA	0.00106036	0.000942539	0.00294543	0.994917	0.000134648	3.45577e-05	2.4684e-05	2.96209e-05	0.000138231	0.999773
23	0.997258	0.00137986	0.000817367	0.0004746	7.03111e-05	0.00244505	0.995743	0.000696776	0.0010895	2.53373e-05	0.000598108	0.000286594	0.997483	0.00160742	2.49212e-05	0.000406981	0.000698549	0.00136673	0.997467	6.07434e-05	2.28647e-05	6.8594e-06	2.74376e-05	5.48752e-05	0.999888
24	0.997641	0.00110256	0.000974359	0.00025641	2.5641e-05	0.0025942	0.995067	0.000935613	0.00136089	4.25279e-05	0.000941015	0.000556055	0.996578	0.0019248	NA	0.000349169	0.000834125	0.00128029	0.997498	3.87965e-05	2.91157e-05	3.63946e-05	2.18368e-05	8.73471e-05	0.999825
25	0.997383	0.00110398	0.00112442	0.000327105	6.13321e-05	0.00283748	0.995247	0.000602965	0.00127687	3.54685e-05	0.00116263	0.000444536	0.99658	0.00174395	6.83901e-05	0.000330044	0.000891119	0.00135318	0.997343	8.2511e-05	4.19584e-05	5.99405e-06	2.39762e-05	4.19584e-05	0.999886
26	0.996263	0.000560538	0.00267813	0.000435974	6.2282e-05	0.00253566	0.993344	0.00316957	0.000845219	0.000105652	0.000542241	0.000108448	0.99859	0.000650689	0.000108448	0.000224235	0.00174904	0.00183873	0.996143	4.48471e-05	0.000105261	1.75436e-05	3.50871e-05	0.000263153	0.999579
27	0.996153	0.00146179	0.00151383	0.000784114	8.7518e-05	0.00301971	0.995016	0.000326091	0.00162273	1.54362e-05	0.00185687	0.0009528	0.99408	0.00308526	2.52064e-05	0.000911864	0.00155899	0.00456743	0.99284	0.000121717	3.72374e-05	1.86187e-05	1.99979e-05	2.89624e-05	0.999895
28	0.999123	0.000350675	0.000200386	0.00027553	5.00964e-05	0.00056681	0.995835	0.000147863	0.0034255	2.46439e-05	0.00176128	0.000243869	0.996667	0.00131419	1.35483e-05	0.000335871	0.00039185	0.000671742	0.998545	5.59785e-05	4.06972e-05	1.74417e-05	2.32555e-05	1.16278e-05	0.999907
29	0.999762	NA	0.00011885	NA	0.00011885	0.000196812	0.999213	0.000393623	0.000196812	NA	0.000225428	NA	0.999549	0.000225428	NA	0.000330907	NA	NA	0.999669	NA	NA	NA	NA	3.37621e-05	0.999966
30	0.997351	0.000711824	0.00156412	0.000323937	4.9272e-05	0.000530723	0.998063	0.000404055	0.000995706	6.41357e-06	0.00117238	0.000360498	0.997642	0.000817938	7.5735e-06	0.000391279	0.00137574	0.000820121	0.997371	4.22582e-05	2.71892e-05	1.39432e-05	1.25488e-05	5.01954e-05	0.999896
31	0.998066	0.000590143	0.00113315	0.000178712	3.24039e-05	0.000680414	0.998026	0.000317936	0.00097224	3.07185e-06	0.00087758	0.000282439	0.998301	0.00052453	1.44102e-05	0.000240026	0.00105302	0.000741093	0.997921	4.53505e-05	2.1237e-05	1.46785e-05	1.06185e-05	4.24739e-05	0.999911
32	0.998358	0.000300856	0.00125274	6.41168e-05	2.46603e-05	0.000237465	0.998712	0.000741178	0.00028064	2.87836e-05	0.000265695	5.59358e-05	0.999504	0.000167808	6.99198e-06	6.93972e-05	0.00102361	0.000546503	0.998334	2.60239e-05	7.28549e-06	5.82839e-06	8.74258e-06	8.59687e-05	0.999892
33	0.998572	0.000257156	0.00109984	5.93437e-05	1.18687e-05	0.00047281	0.998747	0.000585103	0.000195034	NA	0.000224074	4.9187e-05	0.99959	0.000131165	5.46523e-06	5.95201e-05	0.000717374	0.000588936	0.998593	4.07243e-05	5.80939e-06	9.29502e-06	9.29502e-06	8.13314e-05	0.999894
34	0.998098	0.000491806	0.00119197	0.000142192	7.55542e-05	0.000376683	0.998546	0.000218237	0.000857252	2.24216e-06	0.000890975	0.000337772	0.998396	0.000367028	7.97888e-06	0.000166186	0.00108235	0.000637941	0.998065	4.82476e-05	2.44809e-05	1.31933e-05	1.23137e-05	3.01979e-05	0.99992
35	0.999114	0.00022895	0.000553414	5.61842e-05	4.70542e-05	0.000301312	0.999346	3.96221e-05	0.00031237	9.21444e-07	0.000362003	0.000157315	0.99931	0.000167147	3.57534e-06	4.79317e-05	0.000619173	0.000590939	0.998684	5.84373e-05	1.33216e-05	8.16482e-06	6.44591e-06	1.20324e-05	0.99996
36	0.998262	0.00039856	0.00120688	8.72878e-05	4.54555e-05	0.000236029	0.998746	0.000263063	0.000752277	3.11932e-06	0.000717207	0.000266947	0.998844	0.000162405	9.72484e-06	9.85962e-05	0.0010678	0.000332031	0.998451	5.06621e-05	2.54702e-05	1.15868e-05	1.26307e-05	3.92491e-05	0.999911
37	0.998366	0.000398898	0.00111537	7.27604e-05	4.70803e-05	0.000316096	0.998803	0.00028709	0.000590542	3.71878e-06	0.000755468	0.00034753	0.998743	0.000137968	1.6407e-05	6.34233e-05	0.00110282	0.000373447	0.998391	6.9265e-05	2.83148e-05	1.42922e-05	1.25394e-05	4.31464e-05	0.999902
38	0.998423	0.000365633	0.00111048	5.62303e-05	4.50929e-05	0.000208804	0.99896	0.000230852	0.000596152	4.32307e-06	0.000693347	0.000248145	0.998958	9.10152e-05	9.8743e-06	6.36321e-05	0.00105035	0.000292652	0.998528	6.55944e-05	2.9104e-05	1.22809e-05	1.0178e-05	3.84408e-05	0.99991
39	0.9985	0.000331909	0.00105776	5.38312e-05	5.66645e-05	0.000218781	0.998919	0.00024207	0.000613119	6.61177e-06	0.000709525	0.000274937	0.998927	7.87185e-05	9.33458e-06	4.54899e-05	0.000989507	0.000214098	0.998692	5.87843e-05	3.22973e-05	1.33637e-05	1.02388e-05	3.89516e-05	0.999905
40	0.998738	0.00024852	0.000909211	4.62888e-05	5.8042e-05	0.000142995	0.99911	0.000149489	0.000589124	8.31215e-06	0.000728137	0.000143678	0.999024	9.21994e-05	1.18408e-05	3.92701e-05	0.000689177	0.000147076	0.999075	4.98555e-05	5.29441e-05	1.32425e-05	1.05732e-05	3.08471e-05	0.999892
