quality	AA	AC	AG	AT	A.	CA	CC	CG	CT	C.	GA	GC	GG	GT	G.	TA	TC	TG	TT	T.	.A	.C	.G	.T	..
0	NA	NA	NA	NA	NA	NA	NA	NA	NA	NA	NA	NA	NA	NA	NA	NA	NA	NA	NA	NA	NA	NA	NA	NA	NA
1	NA	NA	NA	NA	NA	NA	NA	NA	NA	NA	NA	NA	NA	NA	NA	NA	NA	NA	NA	NA	NA	NA	NA	NA	NA
2	NA	NA	NA	NA	NA	NA	NA	NA	NA	NA	NA	NA	NA	NA	NA	NA	NA	NA	NA	NA	NA	NA	NA	NA	NA
3	NA	NA	NA	NA	NA	NA	NA	NA	NA	NA	NA	NA	NA	NA	NA	NA	NA	NA	NA	NA	NA	NA	NA	NA	NA
4	NA	NA	NA	NA	NA	NA	NA	NA	NA	NA	NA	NA	NA	NA	NA	NA	NA	NA	NA	NA	NA	NA	NA	NA	NA
5	NA	NA	NA	NA	NA	NA	NA	NA	NA	NA	NA	NA	NA	NA	NA	NA	NA	NA	NA	NA	NA	NA	NA	NA	NA
6	NA	NA	NA	NA	NA	NA	NA	NA	NA	NA	NA	NA	NA	NA	NA	NA	NA	NA	NA	NA	NA	NA	NA	NA	NA
7	NA	NA	NA	NA	NA	NA	NA	NA	NA	NA	NA	NA	NA	NA	NA	NA	NA	NA	NA	NA	NA	NA	NA	NA	NA
8	NA	NA	NA	NA	NA	NA	NA	NA	NA	NA	NA	NA	NA	NA	NA	NA	NA	NA	NA	NA	NA	NA	NA	NA	NA
9	NA	NA	NA	NA	NA	NA	NA	NA	NA	NA	NA	NA	NA	NA	NA	NA	NA	NA	NA	NA	NA	NA	NA	NA	NA
10	NA	NA	NA	NA	NA	NA	NA	NA	NA	NA	NA	NA	NA	NA	NA	NA	NA	NA	NA	NA	NA	NA	NA	NA	NA
11	0.97235	0.0118501	0.00512437	0.010569	0.000106758	0.0514333	0.926485	0.00562337	0.01591	0.000548622	0.0187057	0.00738193	0.935641	0.038128	0.000143338	0.0223964	0.00933184	0.0179171	0.950355	NA	6.01016e-05	NA	NA	0.000120203	0.99982
12	0.970385	0.0148306	0.00635265	0.0083162	0.000115503	0.0351262	0.946915	0.005205	0.0125407	0.00021307	0.0141695	0.00641819	0.948864	0.0303769	0.000171406	0.0145329	0.00902689	0.0255824	0.950783	7.4912e-05	7.08512e-05	3.86461e-05	1.9323e-05	9.66152e-05	0.999775
13	0.96442	0.0169947	0.00740508	0.0110515	0.000128665	0.030246	0.952581	0.00533387	0.0116772	0.00016201	0.00986507	0.00481903	0.963889	0.0212953	0.000131428	0.0155271	0.0106897	0.0230594	0.950531	0.000192966	4.83922e-05	3.19734e-05	4.23432e-05	0.00010629	0.999771
14	0.96132	0.0172344	0.00811148	0.0131987	0.000135191	0.0300258	0.950406	0.00481783	0.0146514	9.89443e-05	0.0172378	0.00735213	0.945567	0.0296501	0.000193295	0.0185615	0.0139375	0.021701	0.94557	0.000229884	6.84784e-05	3.9813e-05	4.14056e-05	9.39588e-05	0.999756
15	0.976729	0.00806994	0.00557304	0.00948669	0.000140891	0.0128366	0.975819	0.00313087	0.00804818	0.000165752	0.0136818	0.005526	0.958336	0.0223704	8.59409e-05	0.0264982	0.0169769	0.0258809	0.930466	0.00017808	5.32692e-05	1.69493e-05	3.14772e-05	8.71677e-05	0.999811
16	0.96483	0.012008	0.00924031	0.0137717	0.000149753	0.0182358	0.962522	0.00448021	0.0146161	0.000146383	0.0162004	0.00715475	0.954333	0.0221584	0.000153316	0.0182183	0.0128477	0.0186102	0.950065	0.000258912	0.000132025	6.69166e-05	6.05867e-05	8.31936e-05	0.999657
17	NA	NA	NA	NA	NA	NA	NA	NA	NA	NA	NA	NA	NA	NA	NA	NA	NA	NA	NA	NA	NA	NA	NA	NA	NA
18	NA	NA	NA	NA	NA	NA	NA	NA	NA	NA	NA	NA	NA	NA	NA	NA	NA	NA	NA	NA	NA	NA	NA	NA	NA
19	NA	NA	NA	NA	NA	NA	NA	NA	NA	NA	NA	NA	NA	NA	NA	NA	NA	NA	NA	NA	NA	NA	NA	NA	NA
20	0.996739	0.00118589	0.000889416	0.00118589	NA	0.00423403	0.994996	NA	0.000769823	NA	0.00164745	0.00128135	0.995973	0.0010983	NA	0.00177305	0.000886525	0.00265957	0.994681	NA	NA	NA	NA	NA	1
21	0.997393	0.00131476	0.000579387	0.000623955	8.91365e-05	0.00292826	0.995168	0.000527086	0.00137628	NA	0.000653632	0.000397863	0.997044	0.00187564	2.84188e-05	0.00101005	0.000833694	0.00256521	0.995559	3.20652e-05	1.7011e-05	1.7011e-05	1.7011e-05	1.7011e-05	0.999932
22	0.996294	0.00194022	0.000915611	0.00080661	4.36005e-05	0.00376654	0.993892	0.000678656	0.00162878	3.39328e-05	0.00161125	0.000556613	0.994258	0.00351545	5.85909e-05	0.00139306	0.000857265	0.0033862	0.994256	0.000107158	5.12794e-05	2.56397e-05	5.12794e-05	4.48695e-05	0.999827
23	0.996242	0.00136155	0.00161684	0.000723322	5.67312e-05	0.0025019	0.995468	0.00116892	0.000840801	2.05074e-05	0.00130837	0.000462963	0.996256	0.0019525	2.01288e-05	0.00101388	0.00101388	0.00214588	0.995748	7.87479e-05	4.06821e-05	7.39675e-06	4.06821e-05	5.54756e-05	0.999856
24	0.997694	0.00122275	0.000593907	0.000454164	3.49357e-05	0.00260668	0.99541	0.000963337	0.000963337	5.66669e-05	0.00108489	0.000271223	0.996528	0.0020613	5.42446e-05	0.000529234	0.000831653	0.00196573	0.996623	5.04032e-05	1.91687e-05	9.58433e-06	9.58433e-06	3.83373e-05	0.999923
25	0.996311	0.000947206	0.00184456	0.000747794	0.000149559	0.00242151	0.994906	0.00141951	0.001169	8.35003e-05	0.00199379	0.00103524	0.994172	0.00276063	3.83421e-05	0.00124291	0.000998098	0.00161956	0.996008	0.000131824	5.58737e-05	4.19053e-05	4.19053e-05	0.000160637	0.9997
26	0.995769	0.000839518	0.00272004	0.000570872	0.000100742	0.00158181	0.99584	0.00146464	0.00111313	NA	0.00109329	0.000546647	0.995991	0.00230807	6.07386e-05	0.000487228	0.00118327	0.00150809	0.996798	2.32013e-05	7.52127e-05	2.82048e-05	2.82048e-05	0.000150425	0.999718
27	0.996336	0.00104876	0.00139461	0.00113663	8.41254e-05	0.00130337	0.996403	0.000455887	0.00180601	3.21459e-05	0.00265792	0.00128279	0.991752	0.00428013	2.74527e-05	0.00107014	0.001541	0.00356468	0.993736	8.85634e-05	5.13847e-05	2.65037e-05	1.73085e-05	3.94851e-05	0.999865
28	0.998333	0.00023818	0.000793934	0.000595451	3.96967e-05	0.000404433	0.995349	0.00012133	0.00408477	4.04433e-05	0.00270688	0.000528687	0.995305	0.00141688	4.22949e-05	0.000684775	0.00114129	0.000836947	0.997337	NA	1.81431e-05	NA	1.81431e-05	2.72146e-05	0.999936
29	1	NA	NA	NA	NA	0.000597015	0.998209	NA	0.00119403	NA	0.000749906	NA	0.999063	0.000187477	NA	NA	NA	NA	1	NA	NA	NA	NA	NA	1
30	0.997181	0.000655285	0.00149492	0.000613387	5.53054e-05	0.000436117	0.997934	0.000481757	0.00113847	1.01422e-05	0.00161058	0.000551537	0.996948	0.000887558	2.31738e-06	0.000686139	0.00156647	0.000794886	0.996893	5.95517e-05	3.15754e-05	1.82805e-05	1.2187e-05	4.54243e-05	0.999893
31	0.998073	0.000515539	0.00109732	0.00028081	3.31212e-05	0.00032714	0.998312	0.000322778	0.00102722	1.09047e-05	0.00106117	0.000344882	0.997937	0.000648949	8.16288e-06	0.000321141	0.00113829	0.000800331	0.99769	5.0441e-05	3.31362e-05	1.81568e-05	1.54333e-05	4.44842e-05	0.999889
32	0.998137	0.000215218	0.00158074	5.19492e-05	1.48426e-05	0.000147339	0.998802	0.000815276	0.00022592	9.8226e-06	0.000252707	9.7195e-05	0.999252	0.00038878	9.7195e-06	0.00013194	0.000897192	0.000679491	0.998252	3.9582e-05	1.03413e-05	6.2048e-06	1.44779e-05	8.47989e-05	0.999884
33	0.998376	0.000105821	0.00142329	7.93655e-05	1.58731e-05	9.89278e-05	0.998965	0.000631616	0.000304393	NA	0.00028801	5.04018e-05	0.999302	0.000352812	7.20025e-06	5.57041e-05	0.000696301	0.0007719	0.998456	1.98943e-05	7.41288e-06	1.0378e-05	1.0378e-05	9.04371e-05	0.999881
34	0.998146	0.000443332	0.00112381	0.000208999	7.74072e-05	0.000261337	0.99864	0.000197678	0.000893458	7.81776e-06	0.000991535	0.000350414	0.998279	0.000375863	2.93643e-06	0.000200737	0.0011464	0.00045401	0.998136	6.27303e-05	3.9937e-05	1.73639e-05	1.28059e-05	2.93016e-05	0.999901
35	0.999391	0.000138976	0.000389643	4.68936e-05	3.32519e-05	8.0606e-05	0.99954	4.78963e-05	0.000328265	3.50461e-06	0.000374468	0.000117552	0.999252	0.00024601	9.69497e-06	4.62578e-05	0.000472149	0.000488897	0.998934	5.90186e-05	1.42678e-05	8.11307e-06	5.87498e-06	1.42678e-05	0.999957
36	0.998301	0.000374703	0.00114761	0.000130626	4.61034e-05	0.000182664	0.99868	0.000286222	0.00083781	1.29447e-05	0.000803765	0.000286594	0.998695	0.000203221	1.10729e-05	0.00013434	0.0011161	0.000354121	0.998338	5.69603e-05	3.91574e-05	1.51485e-05	1.10041e-05	4.1444e-05	0.999893
37	0.998422	0.000358111	0.00108596	8.72025e-05	4.6508e-05	0.000203356	0.998902	0.000291239	0.000595762	7.15323e-06	0.000635051	0.00031602	0.998869	0.000167541	1.20389e-05	8.72699e-05	0.00108192	0.000322787	0.998439	6.93684e-05	3.59396e-05	1.64191e-05	1.20407e-05	3.84937e-05	0.999897
38	0.99844	0.000329063	0.0011165	6.63571e-05	4.83216e-05	0.000148171	0.998913	0.000248598	0.000681037	8.7805e-06	0.000634469	0.000249959	0.999001	0.000104238	1.06365e-05	6.72416e-05	0.00111586	0.000270736	0.998478	6.79494e-05	3.5185e-05	1.76453e-05	1.1517e-05	3.72982e-05	0.999898
39	0.998484	0.000318619	0.00108582	5.4913e-05	5.69748e-05	0.000181032	0.998905	0.000257485	0.000649969	6.54332e-06	0.000638501	0.000259849	0.999009	7.99618e-05	1.28026e-05	6.09295e-05	0.00112274	0.000237843	0.998518	6.02034e-05	3.88539e-05	1.73897e-05	1.16562e-05	3.52835e-05	0.999897
40	0.99867	0.000242951	0.000974711	4.84008e-05	6.39465e-05	0.000176931	0.99899	0.000182972	0.000640875	9.68526e-06	0.000729505	0.000190215	0.998972	9.10511e-05	1.69385e-05	5.25505e-05	0.000774711	0.000198778	0.998923	5.13428e-05	5.23509e-05	1.91655e-05	1.3045e-05	2.94367e-05	0.999886
