quality	AA	AC	AG	AT	A.	CA	CC	CG	CT	C.	GA	GC	GG	GT	G.	TA	TC	TG	TT	T.	.A	.C	.G	.T	..
0	NA	NA	NA	NA	NA	NA	NA	NA	NA	NA	NA	NA	NA	NA	NA	NA	NA	NA	NA	NA	NA	NA	NA	NA	NA
1	NA	NA	NA	NA	NA	NA	NA	NA	NA	NA	NA	NA	NA	NA	NA	NA	NA	NA	NA	NA	NA	NA	NA	NA	NA
2	NA	NA	NA	NA	NA	NA	NA	NA	NA	NA	NA	NA	NA	NA	NA	NA	NA	NA	NA	NA	NA	NA	NA	NA	NA
3	NA	NA	NA	NA	NA	NA	NA	NA	NA	NA	NA	NA	NA	NA	NA	NA	NA	NA	NA	NA	NA	NA	NA	NA	NA
4	NA	NA	NA	NA	NA	NA	NA	NA	NA	NA	NA	NA	NA	NA	NA	NA	NA	NA	NA	NA	NA	NA	NA	NA	NA
5	NA	NA	NA	NA	NA	NA	NA	NA	NA	NA	NA	NA	NA	NA	NA	NA	NA	NA	NA	NA	NA	NA	NA	NA	NA
6	NA	NA	NA	NA	NA	NA	NA	NA	NA	NA	NA	NA	NA	NA	NA	NA	NA	NA	NA	NA	NA	NA	NA	NA	NA
7	NA	NA	NA	NA	NA	NA	NA	NA	NA	NA	NA	NA	NA	NA	NA	NA	NA	NA	NA	NA	NA	NA	NA	NA	NA
8	NA	NA	NA	NA	NA	NA	NA	NA	NA	NA	NA	NA	NA	NA	NA	NA	NA	NA	NA	NA	NA	NA	NA	NA	NA
9	NA	NA	NA	NA	NA	NA	NA	NA	NA	NA	NA	NA	NA	NA	NA	NA	NA	NA	NA	NA	NA	NA	NA	NA	NA
10	NA	NA	NA	NA	NA	NA	NA	NA	NA	NA	NA	NA	NA	NA	NA	NA	NA	NA	NA	NA	NA	NA	NA	NA	NA
11	0.975121	0.0118636	0.0048376	0.00794748	0.000230362	0.0477185	0.934126	0.00401671	0.0139781	0.000160668	0.0203613	0.00688271	0.939131	0.0334815	0.00014339	0.0268577	0.0129812	0.0201432	0.940018	NA	6.43459e-05	NA	NA	3.2173e-05	0.999903
12	0.971536	0.013522	0.00721813	0.00765122	7.21813e-05	0.0357519	0.947155	0.00527173	0.0116617	0.00015975	0.0115633	0.00546984	0.957809	0.0250864	7.12682e-05	0.0139743	0.00833009	0.0269755	0.950409	0.000311405	3.2339e-05	3.88068e-05	1.94034e-05	5.17424e-05	0.999858
13	0.965495	0.0162452	0.00756602	0.0105879	0.000105879	0.029422	0.953984	0.00543261	0.0110413	0.000120248	0.00880953	0.00425519	0.966545	0.0202997	9.05359e-05	0.0149565	0.00991216	0.0247406	0.9502	0.000190419	4.08929e-05	3.02252e-05	3.28921e-05	6.75622e-05	0.999828
14	0.962555	0.0168714	0.00781873	0.0125738	0.000180841	0.0294686	0.951936	0.0047585	0.0137071	0.000129925	0.0162367	0.0072299	0.946211	0.030157	0.00016546	0.0178368	0.0136346	0.0220666	0.9462	0.000262205	6.55651e-05	5.21158e-05	3.1942e-05	9.24635e-05	0.999758
15	0.978617	0.00784384	0.00512301	0.0083014	0.000114389	0.0109169	0.978734	0.00265472	0.00759156	0.000102463	0.0140735	0.00556456	0.956951	0.0233027	0.00010805	0.0261924	0.0191426	0.0280216	0.926415	0.000228644	3.53969e-05	1.51701e-05	2.02268e-05	5.56237e-05	0.999874
16	0.964041	0.0116595	0.00994533	0.0141868	0.000166868	0.017798	0.961158	0.00454561	0.0163087	0.000189806	0.0167419	0.00766961	0.952123	0.0233754	9.04969e-05	0.0190771	0.0131626	0.0203843	0.947145	0.000231123	0.000109879	5.98448e-05	5.10153e-05	7.55418e-05	0.999704
17	NA	NA	NA	NA	NA	NA	NA	NA	NA	NA	NA	NA	NA	NA	NA	NA	NA	NA	NA	NA	NA	NA	NA	NA	NA
18	NA	NA	NA	NA	NA	NA	NA	NA	NA	NA	NA	NA	NA	NA	NA	NA	NA	NA	NA	NA	NA	NA	NA	NA	NA
19	NA	NA	NA	NA	NA	NA	NA	NA	NA	NA	NA	NA	NA	NA	NA	NA	NA	NA	NA	NA	NA	NA	NA	NA	NA
20	0.998209	0.000597015	NA	0.000895522	0.000298507	0.00362812	0.995011	0.00136054	NA	NA	0.00222965	0.000185805	0.996284	0.00130063	NA	0.001287	0.000429	0.00429	0.993994	NA	NA	7.53807e-05	NA	NA	0.999925
21	0.996885	0.0018211	0.000623008	0.00064697	2.39619e-05	0.00276638	0.995746	0.000416444	0.00101136	5.94919e-05	0.000903904	0.000536693	0.99678	0.00177956	NA	0.00101211	0.000674741	0.00269896	0.995564	5.06056e-05	5.88208e-06	NA	5.88208e-06	1.17642e-05	0.999976
22	0.995959	0.00211358	0.000998723	0.000812914	0.000116131	0.00378288	0.994468	0.000463938	0.00128475	NA	0.0013749	0.000508115	0.995756	0.00227157	8.96673e-05	0.00188776	0.0012437	0.00344238	0.993404	2.22089e-05	1.33745e-05	1.33745e-05	6.68726e-06	2.67491e-05	0.99994
23	0.996681	0.00136067	0.00134571	0.000583143	2.99048e-05	0.0021218	0.995567	0.00147056	0.000840318	NA	0.000704778	0.00046314	0.996516	0.0023157	NA	0.00109311	0.000694686	0.00210449	0.996057	5.10798e-05	2.67196e-05	3.81709e-06	1.90854e-05	7.63417e-05	0.999874
24	0.997494	0.00125276	0.000884304	0.000331614	3.6846e-05	0.00264353	0.995575	0.000919487	0.000804551	5.7468e-05	0.00055816	0.000223264	0.997544	0.00161866	5.5816e-05	0.000646212	0.000646212	0.00196448	0.996717	2.58485e-05	3.95534e-05	1.97767e-05	NA	2.96651e-05	0.999911
25	0.996249	0.00103019	0.00184906	0.000739625	0.000132076	0.00167167	0.995156	0.00175739	0.00137162	4.28633e-05	0.00156605	0.00066557	0.995106	0.00266228	NA	0.00139011	0.000763583	0.00203622	0.995673	0.000137053	1.45168e-05	1.45168e-05	7.25842e-06	0.000108876	0.999855
26	0.995106	0.000873851	0.00318082	0.000803943	3.4954e-05	0.00187175	0.995653	0.00138872	0.00102645	6.03792e-05	0.00139905	0.000508744	0.995803	0.00222576	6.3593e-05	0.000477327	0.000596659	0.00109785	0.997804	2.38663e-05	2.91914e-05	9.73047e-06	1.94609e-05	8.75742e-05	0.999854
27	0.996261	0.00103474	0.00137426	0.00127119	5.86082e-05	0.00131671	0.9967	0.000432677	0.00152526	2.49023e-05	0.00243952	0.00127336	0.991858	0.00439794	3.13765e-05	0.00110927	0.00157973	0.0038502	0.993376	8.49656e-05	4.51682e-05	1.79515e-05	1.56352e-05	2.66377e-05	0.999895
28	0.998111	0.00060287	0.000482296	0.000803826	NA	0.000493421	0.997903	0.000246711	0.00135691	NA	0.00249626	0.000665668	0.995569	0.00124813	2.08021e-05	0.000774293	0.000851723	0.000774293	0.9976	NA	9.0768e-06	1.81536e-05	9.0768e-06	6.35376e-05	0.9999
29	0.999583	NA	NA	0.000417362	NA	NA	1	NA	NA	NA	NA	NA	1	NA	NA	NA	0.00100402	NA	0.998996	NA	0.000100251	NA	NA	NA	0.9999
30	0.997242	0.000639043	0.00150766	0.000591072	2.0559e-05	0.000397515	0.997883	0.000384608	0.00131644	1.80689e-05	0.0014016	0.000398495	0.997266	0.000922951	1.1451e-05	0.000618383	0.00145439	0.000785586	0.997104	3.71561e-05	2.1891e-05	7.29701e-06	6.1744e-06	3.14333e-05	0.999933
31	0.998296	0.000408336	0.00104851	0.00021389	3.29062e-05	0.000242904	0.998647	0.000274103	0.000824536	1.11424e-05	0.00086493	0.000322269	0.998143	0.000659093	1.03958e-05	0.000351833	0.000967106	0.00076086	0.997894	2.59975e-05	2.52156e-05	7.93823e-06	3.26868e-06	3.59555e-05	0.999928
32	0.997911	0.000373034	0.00159659	0.00011191	7.46068e-06	0.000142729	0.998839	0.000713647	0.000304489	NA	0.000213941	2.91738e-05	0.999446	0.000301463	9.7246e-06	5.32237e-05	0.000665296	0.000791702	0.998483	6.65296e-06	6.18635e-06	4.12423e-06	2.06212e-06	4.12423e-05	0.999946
33	0.998248	0.000404197	0.00125032	8.62287e-05	1.07786e-05	7.49367e-05	0.999041	0.000592	0.000292253	NA	0.000293274	4.39912e-05	0.999377	0.000285943	NA	6.77401e-05	0.000470196	0.000832805	0.998609	1.99236e-05	2.98261e-06	8.94784e-06	NA	4.62305e-05	0.999942
34	0.998321	0.000303098	0.00113662	0.000204008	3.49729e-05	0.000211877	0.998913	0.000202715	0.000665408	6.87168e-06	0.000867426	0.000290122	0.998391	0.000443024	8.82128e-06	0.000192644	0.000988313	0.000426569	0.998347	4.53281e-05	2.60212e-05	7.78411e-06	6.00489e-06	2.09059e-05	0.999939
35	0.999392	0.000100485	0.000425989	5.92606e-05	2.23301e-05	4.83614e-05	0.999731	3.65659e-05	0.000184009	NA	0.00038778	0.000108677	0.999248	0.000251933	3.7049e-06	5.53994e-05	0.000428743	0.000453633	0.999031	3.13127e-05	1.04932e-05	3.68679e-06	5.95558e-06	9.07517e-06	0.999971
36	0.998566	0.000245413	0.00102386	0.000127982	3.66973e-05	0.000160083	0.999013	0.000214886	0.000607161	5.04765e-06	0.000639087	0.000221222	0.998896	0.000237394	5.82164e-06	0.000114461	0.000937826	0.000372539	0.99853	4.53526e-05	2.95818e-05	7.32365e-06	4.59523e-06	2.92946e-05	0.999929
37	0.99868	0.000241583	0.000957406	8.80647e-05	3.27267e-05	0.000186082	0.999102	0.000218799	0.000489742	3.06728e-06	0.000519303	0.000231814	0.999031	0.000205494	1.21474e-05	7.54907e-05	0.000879779	0.000334316	0.998666	4.48403e-05	2.21921e-05	9.24672e-06	5.9179e-06	3.34731e-05	0.999929
38	0.998668	0.000205311	0.00103032	6.1696e-05	3.49611e-05	0.000142793	0.999149	0.000207402	0.000492988	7.60113e-06	0.000473547	0.000196477	0.999158	0.000163292	8.42797e-06	6.19941e-05	0.000838515	0.000283048	0.998765	5.10123e-05	2.19433e-05	6.64628e-06	5.59132e-06	2.57412e-05	0.99994
39	0.998691	0.000208118	0.00100681	5.36323e-05	4.02587e-05	0.00014964	0.999169	0.000204865	0.000469473	7.34081e-06	0.000478534	0.000211355	0.999161	0.000140581	8.6048e-06	5.1428e-05	0.000820168	0.000256682	0.998826	4.54161e-05	2.65476e-05	7.27817e-06	4.42112e-06	2.65059e-05	0.999935
40	0.998842	0.000112728	0.000951638	4.89745e-05	4.43057e-05	0.000165785	0.999181	0.000129063	0.000514935	8.74095e-06	0.000592393	0.000128168	0.999103	0.000163965	1.22193e-05	3.87981e-05	0.00064001	0.000234887	0.99905	3.66038e-05	3.77806e-05	9.5338e-06	5.11161e-06	2.29875e-05	0.999925
