quality	AA	AC	AG	AT	A.	CA	CC	CG	CT	C.	GA	GC	GG	GT	G.	TA	TC	TG	TT	T.	.A	.C	.G	.T	..
0	NA	NA	NA	NA	NA	NA	NA	NA	NA	NA	NA	NA	NA	NA	NA	NA	NA	NA	NA	NA	NA	NA	NA	NA	NA
1	NA	NA	NA	NA	NA	NA	NA	NA	NA	NA	NA	NA	NA	NA	NA	NA	NA	NA	NA	NA	NA	NA	NA	NA	NA
2	NA	NA	NA	NA	NA	NA	NA	NA	NA	NA	NA	NA	NA	NA	NA	NA	NA	NA	NA	NA	NA	NA	NA	NA	NA
3	NA	NA	NA	NA	NA	NA	NA	NA	NA	NA	NA	NA	NA	NA	NA	NA	NA	NA	NA	NA	NA	NA	NA	NA	NA
4	NA	NA	NA	NA	NA	NA	NA	NA	NA	NA	NA	NA	NA	NA	NA	NA	NA	NA	NA	NA	NA	NA	NA	NA	NA
5	NA	NA	NA	NA	NA	NA	NA	NA	NA	NA	NA	NA	NA	NA	NA	NA	NA	NA	NA	NA	NA	NA	NA	NA	NA
6	NA	NA	NA	NA	NA	NA	NA	NA	NA	NA	NA	NA	NA	NA	NA	NA	NA	NA	NA	NA	NA	NA	NA	NA	NA
7	NA	NA	NA	NA	NA	NA	NA	NA	NA	NA	NA	NA	NA	NA	NA	NA	NA	NA	NA	NA	NA	NA	NA	NA	NA
8	NA	NA	NA	NA	NA	NA	NA	NA	NA	NA	NA	NA	NA	NA	NA	NA	NA	NA	NA	NA	NA	NA	NA	NA	NA
9	NA	NA	NA	NA	NA	NA	NA	NA	NA	NA	NA	NA	NA	NA	NA	NA	NA	NA	NA	NA	NA	NA	NA	NA	NA
10	0.983333	0.00833333	NA	0.00833333	NA	NA	1	NA	NA	NA	0.0163043	NA	0.934783	0.048913	NA	NA	NA	NA	1	NA	NA	NA	NA	NA	1
11	0.975652	0.0135836	0.00317165	0.00752867	6.40738e-05	0.0682775	0.908511	0.00651554	0.0165603	0.00013574	0.021246	0.00500166	0.926414	0.0471617	0.00017705	0.0205743	0.00689577	0.0244178	0.947999	0.000113045	5.5906e-05	NA	9.31767e-06	1.86353e-05	0.999916
12	0.971474	0.0152096	0.00635373	0.00682229	0.000140569	0.0484648	0.933899	0.00591186	0.0116619	6.22301e-05	0.011368	0.00428209	0.950704	0.0335417	0.000104441	0.01147	0.00769359	0.0252954	0.955439	0.00010241	5.13541e-05	1.28385e-05	2.5677e-05	0.000115547	0.999795
13	0.966196	0.0193179	0.00587002	0.00854655	6.96166e-05	0.037101	0.948848	0.00482574	0.00911979	0.000105887	0.00775395	0.00355793	0.968157	0.0204454	8.58127e-05	0.0119685	0.0078769	0.023094	0.956939	0.000121427	3.17568e-05	2.00815e-05	2.10155e-05	4.01629e-05	0.999887
14	0.965665	0.0191823	0.0057073	0.00931161	0.000133388	0.0337653	0.952287	0.00395506	0.00983717	0.000155678	0.0128785	0.00612988	0.949972	0.03089	0.000129854	0.0145432	0.0109837	0.0212141	0.953063	0.000195869	5.37158e-05	2.59627e-05	3.13342e-05	3.49153e-05	0.999854
15	0.967484	0.0156158	0.00653077	0.0102563	0.000113193	0.0298169	0.954102	0.0045594	0.0113985	0.000122703	0.0139693	0.00687665	0.951359	0.0277381	5.65768e-05	0.0148459	0.00983735	0.02115	0.954012	0.000154968	5.15501e-05	3.68215e-05	2.20929e-05	4.71315e-05	0.999842
16	0.965305	0.0151869	0.0078096	0.0116083	8.983e-05	0.0252563	0.958593	0.00419178	0.0118675	9.17277e-05	0.0120398	0.00532614	0.956892	0.0256633	7.91864e-05	0.0194661	0.0131935	0.0293255	0.937883	0.00013184	4.74133e-05	2.72986e-05	2.51434e-05	3.69967e-05	0.999863
17	NA	NA	NA	NA	NA	NA	NA	NA	NA	NA	NA	NA	NA	NA	NA	NA	NA	NA	NA	NA	NA	NA	NA	NA	NA
18	1	NA	NA	NA	NA	NA	1	NA	NA	NA	NA	NA	1	NA	NA	NA	NA	NA	1	NA	NA	NA	NA	NA	1
19	1	NA	NA	NA	NA	NA	1	NA	NA	NA	NA	NA	1	NA	NA	NA	NA	NA	1	NA	NA	NA	NA	NA	1
20	0.997588	0.000943891	0.000629261	0.000734137	0.000104877	0.00753807	0.990804	0.000452284	0.00120609	NA	0.000792679	0.000648555	0.994812	0.00367515	7.20617e-05	0.0022508	0.000643087	0.00466238	0.992444	NA	2.75778e-05	NA	NA	8.27335e-05	0.99989
21	0.996458	0.00257031	0.000476676	0.000467329	2.80397e-05	0.00463099	0.994095	0.000441047	0.000820837	1.22513e-05	0.0008126	0.00032265	0.996881	0.00197175	1.195e-05	0.000643241	0.000499538	0.00235399	0.996462	4.10579e-05	1.19512e-05	1.19512e-05	2.15122e-05	3.10732e-05	0.999924
22	0.996458	0.00214183	0.000906158	0.000480538	1.37297e-05	0.00517529	0.992962	0.000844503	0.000996081	2.16539e-05	0.00122272	0.000259365	0.996128	0.00233428	5.55782e-05	0.000794466	0.00105472	0.00278063	0.995315	5.47908e-05	2.03288e-05	NA	1.21973e-05	7.72493e-05	0.99989
23	0.997456	0.00153376	0.000582536	0.00036132	6.63648e-05	0.00307155	0.995244	0.000513637	0.00115055	2.05455e-05	0.000697118	0.000181857	0.997414	0.00167712	3.03095e-05	0.000376792	0.000535441	0.00150717	0.997541	3.96623e-05	1.87419e-05	1.31193e-05	1.12451e-05	3.18612e-05	0.999925
24	0.997329	0.00140108	0.000963244	0.000306487	NA	0.00310947	0.994675	0.000822045	0.0013939	NA	0.000944849	0.000174972	0.997095	0.00178471	NA	0.000412777	0.000492157	0.00114307	0.99792	3.17521e-05	1.81596e-05	6.0532e-06	1.81596e-05	9.07979e-05	0.999867
25	0.997542	0.00126378	0.000761733	0.000380867	5.19364e-05	0.00300043	0.995314	0.000400057	0.00125732	2.85755e-05	0.000755773	0.000307908	0.997201	0.00170749	2.79916e-05	0.000592832	0.000511991	0.00119914	0.997656	4.04204e-05	2.46705e-05	1.48023e-05	1.97364e-05	9.86821e-06	0.999931
26	0.995146	0.00118777	0.00315018	0.000516422	NA	0.00223528	0.995943	0.00132461	0.00049673	NA	0.00060423	0.000258956	0.998015	0.00103582	8.63185e-05	0.00025095	0.00089625	0.00154155	0.997204	0.00010755	NA	1.41048e-05	1.41048e-05	9.87334e-05	0.999873
27	0.996524	0.00138734	0.00135399	0.000670933	6.36578e-05	0.00299313	0.995352	0.000373524	0.00127031	1.15183e-05	0.00154759	0.000848676	0.994103	0.00348029	1.99688e-05	0.00106594	0.00132749	0.00431521	0.993209	8.23252e-05	3.01178e-05	1.16962e-05	1.34507e-05	2.74862e-05	0.999917
28	0.999237	0.000283329	0.00023974	0.000217946	2.17946e-05	0.000493372	0.998713	4.29019e-05	0.000729332	2.14509e-05	0.00159784	0.000281971	0.996757	0.00136286	NA	0.000527224	0.000383436	0.000766871	0.998275	4.79294e-05	1.51165e-05	2.01553e-05	5.03882e-06	3.02329e-05	0.999929
29	0.999696	0.00010141	NA	NA	0.000202819	0.000188537	0.999246	NA	0.000565611	NA	0.000583128	NA	0.998963	0.000453544	NA	0.000605694	0.000605694	0.000302847	0.998486	NA	2.95011e-05	NA	NA	NA	0.99997
30	0.997662	0.000647416	0.00131226	0.000342965	3.57638e-05	0.00056246	0.998182	0.000301568	0.000942576	1.12211e-05	0.000865278	0.000316694	0.997906	0.00091033	1.32508e-06	0.000368495	0.00115909	0.00080265	0.997634	3.61795e-05	1.7608e-05	6.37531e-06	2.73228e-06	2.30726e-05	0.99995
31	0.998323	0.000505012	0.00097158	0.000170376	2.97066e-05	0.000557665	0.99851	0.000198012	0.000726042	8.0821e-06	0.000620942	0.00022755	0.998502	0.000641512	7.71357e-06	0.000210606	0.00082896	0.000777992	0.998148	3.46201e-05	1.62354e-05	4.40281e-06	3.85246e-06	2.64169e-05	0.999949
32	0.99845	0.000482376	0.000969059	8.18317e-05	1.72277e-05	0.000358846	0.998838	0.000510899	0.000279778	1.21643e-05	0.000334602	4.41928e-05	0.999438	0.000176771	6.31325e-06	5.45133e-05	0.000530597	0.000479717	0.998906	2.90738e-05	2.5228e-06	1.2614e-06	5.04559e-06	5.55015e-05	0.999936
33	0.998588	0.000429887	0.000898218	6.29102e-05	2.09701e-05	0.000431865	0.998873	0.000431865	0.00026309	NA	0.000252548	2.47596e-05	0.999554	0.000158461	9.90383e-06	6.21889e-05	0.000340687	0.000432618	0.999146	1.89271e-05	7.08807e-06	3.03774e-06	2.02516e-06	5.77171e-05	0.99993
34	0.998381	0.000346467	0.00108854	0.000141946	4.24159e-05	0.000370149	0.998857	0.000152686	0.000614711	5.94882e-06	0.000660505	0.00029119	0.998601	0.000435602	1.12452e-05	0.000158626	0.00087221	0.00067849	0.998238	5.24075e-05	1.92175e-05	6.10285e-06	3.76559e-06	2.12951e-05	0.99995
35	0.999172	0.000181011	0.000562767	5.30784e-05	3.13027e-05	0.000317819	0.999404	3.16914e-05	0.00024176	4.52734e-06	0.000331854	0.000125405	0.999333	0.000202184	7.67786e-06	6.53454e-05	0.000466843	0.000614498	0.99881	4.33542e-05	9.65563e-06	4.10878e-06	2.87615e-06	8.62844e-06	0.999975
36	0.998513	0.000276805	0.00108595	9.32813e-05	3.06886e-05	0.000208584	0.999023	0.000209057	0.000553859	5.20277e-06	0.000520653	0.000216531	0.999009	0.00024721	6.66934e-06	9.42238e-05	0.000884793	0.000367788	0.998607	4.65865e-05	2.10322e-05	6.09077e-06	5.42459e-06	2.69326e-05	0.999941
37	0.998654	0.000260956	0.000979875	7.66583e-05	2.85979e-05	0.000237551	0.999015	0.00019762	0.000540749	8.79817e-06	0.000457622	0.000262186	0.999056	0.000214704	9.63414e-06	7.63402e-05	0.000814799	0.0004074	0.998662	3.96818e-05	1.60632e-05	5.68389e-06	4.07757e-06	2.78016e-05	0.999946
38	0.998697	0.000222442	0.000990428	5.0069e-05	4.04203e-05	0.000204887	0.999148	0.000153156	0.000484723	9.36859e-06	0.000445318	0.000213883	0.999145	0.00018327	1.22452e-05	7.12739e-05	0.000824333	0.000332438	0.998717	5.51463e-05	2.06651e-05	5.24576e-06	5.56368e-06	2.60698e-05	0.999942
39	0.998725	0.000194999	0.000991269	5.09028e-05	3.77762e-05	0.000191734	0.999117	0.000173446	0.000508719	9.1438e-06	0.000468478	0.000214707	0.99915	0.000155971	1.12954e-05	5.65148e-05	0.000773617	0.000249961	0.998876	4.43965e-05	2.43133e-05	5.72919e-06	4.97724e-06	2.48862e-05	0.99994
40	0.998839	0.000109478	0.000961308	4.58754e-05	4.46495e-05	0.000126019	0.999211	0.000108745	0.000541388	1.23895e-05	0.000475575	0.000112868	0.9992	0.000198534	1.29652e-05	5.30108e-05	0.000595376	0.000205982	0.999107	3.85821e-05	4.11751e-05	6.85775e-06	5.54335e-06	2.25591e-05	0.999924
