quality	AA	AC	AG	AT	A.	CA	CC	CG	CT	C.	GA	GC	GG	GT	G.	TA	TC	TG	TT	T.	.A	.C	.G	.T	..
0	NA	NA	NA	NA	NA	NA	NA	NA	NA	NA	NA	NA	NA	NA	NA	NA	NA	NA	NA	NA	NA	NA	NA	NA	NA
1	NA	NA	NA	NA	NA	NA	NA	NA	NA	NA	NA	NA	NA	NA	NA	NA	NA	NA	NA	NA	NA	NA	NA	NA	NA
2	NA	NA	NA	NA	NA	NA	NA	NA	NA	NA	NA	NA	NA	NA	NA	NA	NA	NA	NA	NA	NA	NA	NA	NA	NA
3	NA	NA	NA	NA	NA	NA	NA	NA	NA	NA	NA	NA	NA	NA	NA	NA	NA	NA	NA	NA	NA	NA	NA	NA	NA
4	NA	NA	NA	NA	NA	NA	NA	NA	NA	NA	NA	NA	NA	NA	NA	NA	NA	NA	NA	NA	NA	NA	NA	NA	NA
5	NA	NA	NA	NA	NA	NA	NA	NA	NA	NA	NA	NA	NA	NA	NA	NA	NA	NA	NA	NA	NA	NA	NA	NA	NA
6	NA	NA	NA	NA	NA	NA	NA	NA	NA	NA	NA	NA	NA	NA	NA	NA	NA	NA	NA	NA	NA	NA	NA	NA	NA
7	NA	NA	NA	NA	NA	NA	NA	NA	NA	NA	NA	NA	NA	NA	NA	NA	NA	NA	NA	NA	NA	NA	NA	NA	NA
8	NA	NA	NA	NA	NA	NA	NA	NA	NA	NA	NA	NA	NA	NA	NA	NA	NA	NA	NA	NA	NA	NA	NA	NA	NA
9	NA	NA	NA	NA	NA	NA	NA	NA	NA	NA	NA	NA	NA	NA	NA	NA	NA	NA	NA	NA	NA	NA	NA	NA	NA
10	1	NA	NA	NA	NA	0.0357143	0.964286	NA	NA	NA	0.00819672	NA	0.991803	NA	NA	NA	NA	0.105263	0.894737	NA	NA	NA	NA	NA	1
11	0.978066	0.0119897	0.00323532	0.00647064	0.000237891	0.0714644	0.905526	0.00645115	0.0163429	0.000215038	0.0229931	0.00670631	0.924744	0.0453915	0.00016518	0.0211716	0.00781089	0.0250771	0.945735	0.00020555	9.98972e-05	2.85421e-05	4.28131e-05	5.70841e-05	0.999772
12	0.972451	0.0142634	0.00530639	0.00782269	0.000156454	0.05077	0.931637	0.00528701	0.0121399	0.000165795	0.0104155	0.00397908	0.949264	0.0362288	0.000112722	0.01029	0.00576609	0.0269208	0.956819	0.000203945	3.29072e-05	1.09691e-05	2.92509e-05	8.40963e-05	0.999843
13	0.968787	0.0168107	0.00549269	0.00879451	0.000115309	0.0359647	0.948456	0.00450855	0.010974	9.68094e-05	0.00766309	0.0033098	0.96791	0.0209773	0.000140218	0.0111224	0.00664252	0.0214929	0.960595	0.000146753	3.69415e-05	4.18205e-05	2.64863e-05	5.22757e-05	0.999842
14	0.966627	0.0174195	0.00609	0.00970127	0.0001624	0.0338349	0.949632	0.00409094	0.0122858	0.000156342	0.016762	0.00548943	0.944357	0.0332662	0.000125849	0.0138236	0.00972794	0.0183607	0.957847	0.000240265	7.09387e-05	3.9562e-05	3.68336e-05	6.54819e-05	0.999787
15	0.966693	0.0159209	0.00598514	0.0113192	8.13802e-05	0.0272865	0.953804	0.00473198	0.0140315	0.000146161	0.0151247	0.00682389	0.949358	0.028575	0.00011847	0.0137954	0.00916974	0.0208469	0.956125	6.33645e-05	5.24854e-05	1.74951e-05	3.28034e-05	6.1233e-05	0.999836
16	0.965342	0.0144126	0.00758256	0.0125421	0.000120677	0.0257098	0.956402	0.00428938	0.0135142	8.47285e-05	0.0124909	0.00590506	0.953949	0.0275665	8.86802e-05	0.0187402	0.0114681	0.0278523	0.941781	0.000158898	5.94615e-05	3.37484e-05	3.74983e-05	5.57117e-05	0.999814
17	NA	NA	NA	NA	NA	NA	NA	NA	NA	NA	NA	NA	NA	NA	NA	NA	NA	NA	NA	NA	NA	NA	NA	NA	NA
18	1	NA	NA	NA	NA	NA	1	NA	NA	NA	NA	NA	1	NA	NA	NA	NA	NA	1	NA	NA	NA	NA	NA	1
19	1	NA	NA	NA	NA	NA	1	NA	NA	NA	NA	NA	1	NA	NA	NA	NA	NA	1	NA	NA	NA	NA	NA	1
20	0.99725	0.0021714	0.000289519	0.00014476	0.00014476	0.0108329	0.986038	0.000722195	0.00240732	NA	0.0013241	0.000203707	0.994704	0.00376859	NA	0.00178174	0.00111359	0.00378619	0.993096	0.000222717	7.88892e-05	NA	NA	NA	0.999921
21	0.996746	0.00216944	0.00045892	0.00058408	4.172e-05	0.00403522	0.993418	0.000627701	0.00190104	1.79343e-05	0.000762156	0.000242504	0.996778	0.00221718	NA	0.000513549	0.000584036	0.00196357	0.996888	5.03479e-05	1.40618e-05	2.10927e-05	1.75772e-05	2.81236e-05	0.999919
22	0.996894	0.00191803	0.000500354	0.000583747	0.000104241	0.0041228	0.993799	0.000408873	0.00163549	3.40727e-05	0.0009733	0.000499803	0.995817	0.00265685	5.26108e-05	0.000925404	0.00064376	0.00293715	0.995413	8.04699e-05	2.42449e-05	1.21225e-05	3.03062e-05	4.84898e-05	0.999885
23	0.997636	0.00142726	0.000435806	0.000479386	2.17903e-05	0.00287888	0.99453	0.000272736	0.00231825	NA	0.000727771	0.00029967	0.997075	0.00186937	2.854e-05	0.000410589	0.000475419	0.00122456	0.997853	3.60166e-05	2.18308e-05	1.91019e-05	2.18308e-05	3.00173e-05	0.999907
24	0.998159	0.00105676	0.000374979	0.00034089	6.81779e-05	0.00321747	0.994567	0.000421963	0.00179334	NA	0.000615448	0.000256437	0.996871	0.00225664	NA	0.000336806	0.000553324	0.000601439	0.998484	2.40575e-05	1.82994e-05	3.65989e-05	3.65989e-05	4.57486e-05	0.999863
25	0.997876	0.00111634	0.000599014	0.000353963	5.44558e-05	0.00299125	0.995381	0.000263933	0.00131967	4.39889e-05	0.000861495	0.000234953	0.996162	0.00262364	0.000117477	0.000399952	0.00041995	0.00101988	0.99814	1.99976e-05	2.22309e-05	2.96413e-05	7.41032e-06	2.22309e-05	0.999918
26	0.997538	0.000923219	0.00100015	0.000538544	NA	0.00205936	0.996608	0.000363416	0.00096911	NA	0.000329128	0.000329128	0.996818	0.00230389	0.000219419	NA	0.000854271	0.00120603	0.997839	0.000100503	3.98208e-05	3.98208e-05	7.96416e-05	0.000179194	0.999662
27	0.996431	0.00132352	0.00138518	0.000800125	6.01598e-05	0.0027677	0.99517	0.00037434	0.001664	2.4151e-05	0.00299503	0.000620648	0.993197	0.0031604	2.65408e-05	0.000882991	0.00103846	0.00420241	0.993795	8.13761e-05	3.13619e-05	1.90714e-05	1.82238e-05	3.60238e-05	0.999895
28	0.99863	0.000213051	0.000456538	0.000639153	6.08717e-05	0.000578202	0.994247	8.67303e-05	0.00508818	NA	0.00162713	0.000268393	0.99688	0.00120777	1.67746e-05	0.000382775	0.000829346	0.000829346	0.997959	NA	2.80322e-05	NA	1.40161e-05	3.50403e-05	0.999923
29	0.999551	0.000149768	NA	NA	0.000299536	0.00108548	0.998915	NA	NA	NA	0.00111307	9.27558e-05	0.998145	0.00064929	NA	NA	NA	NA	1	NA	NA	NA	NA	NA	1
30	0.998171	0.000447279	0.000986645	0.00034993	4.47279e-05	0.000452437	0.998131	0.000128975	0.00127747	1.02361e-05	0.00151746	0.000221498	0.997426	0.000819932	1.55437e-05	0.000437174	0.00100665	0.000529211	0.997998	2.87615e-05	2.76607e-05	1.05374e-05	1.09765e-05	3.07341e-05	0.99992
31	0.998669	0.000375297	0.000730578	0.000177641	4.75376e-05	0.000441285	0.998319	8.02337e-05	0.0011462	1.33723e-05	0.000626574	9.03004e-05	0.998638	0.000622889	2.21144e-05	0.000235406	0.000687166	0.000564701	0.998456	5.71505e-05	2.54973e-05	9.4144e-06	1.13757e-05	3.21659e-05	0.999922
32	0.999497	0.000285938	0.000130537	6.83765e-05	1.86481e-05	0.000186309	0.998591	NA	0.00121506	8.10038e-06	0.000261515	8.71718e-05	0.999477	0.000165626	8.71718e-06	8.90397e-05	0.000272357	0.000235693	0.999387	1.57129e-05	1.24203e-05	7.09731e-06	8.87163e-06	2.66149e-05	0.999945
33	0.999413	0.00035532	0.00017766	3.948e-05	1.4805e-05	0.000410602	0.998433	3.42168e-05	0.00110178	2.05301e-05	0.000184604	4.78603e-05	0.999494	0.000232464	4.10231e-05	7.2322e-05	0.000300707	0.000266449	0.999322	3.80642e-05	7.08921e-06	8.50705e-06	7.08921e-06	3.26104e-05	0.999945
34	0.998551	0.000292128	0.000958227	0.000152934	4.59997e-05	0.000222018	0.998661	6.58528e-05	0.00103765	1.31706e-05	0.00168981	0.000101705	0.997835	0.000359303	1.41721e-05	0.000180752	0.000703291	0.000496905	0.998563	5.58689e-05	2.44376e-05	9.18707e-06	1.19432e-05	2.60913e-05	0.999928
35	0.999003	0.000275792	0.000617593	6.23922e-05	4.15948e-05	0.0002444	0.999226	1.91686e-05	0.000505572	4.79215e-06	0.00146129	3.9029e-05	0.998326	0.000167595	5.73955e-06	6.76073e-05	0.000323847	0.000517488	0.999056	3.50557e-05	1.37526e-05	7.70146e-06	8.25157e-06	1.40277e-05	0.999956
36	0.998936	0.000162186	0.000751379	0.000108124	4.2236e-05	0.000118148	0.998808	5.87439e-05	0.00100591	9.24061e-06	0.000813801	6.86935e-05	0.998942	0.000164617	1.05206e-05	0.000127476	0.00068798	0.000198999	0.998946	3.9897e-05	2.70127e-05	8.47457e-06	1.15201e-05	3.04555e-05	0.999923
37	0.998758	0.000116534	0.00100683	7.62164e-05	4.19742e-05	8.72413e-05	0.999038	3.5647e-05	0.000827385	1.2195e-05	0.000501484	5.13855e-05	0.999324	0.000108481	1.42738e-05	0.000105785	0.000603288	0.000229899	0.999009	5.23687e-05	2.17628e-05	1.11384e-05	1.11384e-05	3.3758e-05	0.999922
38	0.998769	0.0001452	0.000960719	8.38779e-05	4.15865e-05	6.56719e-05	0.99897	3.80787e-05	0.000915544	1.10373e-05	0.000599727	5.02534e-05	0.999245	8.89098e-05	1.60148e-05	9.2963e-05	0.000635839	0.000167475	0.999047	5.67713e-05	2.47942e-05	1.08879e-05	8.19285e-06	3.06154e-05	0.999926
39	0.998944	0.000160651	0.000770587	7.17247e-05	5.33398e-05	5.09133e-05	0.998993	3.41936e-05	0.0009094	1.25712e-05	0.000857446	4.19295e-05	0.999032	5.47068e-05	1.439e-05	7.82859e-05	0.000586623	9.43159e-05	0.999192	4.8761e-05	2.81529e-05	1.10948e-05	1.04059e-05	3.14077e-05	0.999919
40	0.99911	0.000160154	0.000590775	7.93383e-05	6.01857e-05	3.06772e-05	0.999061	3.24421e-05	0.000855851	2.04234e-05	0.000627355	3.74425e-05	0.999283	3.18454e-05	1.99758e-05	7.40471e-05	0.000480891	7.65947e-05	0.999321	4.76294e-05	4.20076e-05	1.29201e-05	1.13828e-05	2.84311e-05	0.999905
