quality	AA	AC	AG	AT	A.	CA	CC	CG	CT	C.	GA	GC	GG	GT	G.	TA	TC	TG	TT	T.	.A	.C	.G	.T	..
0	NA	NA	NA	NA	NA	NA	NA	NA	NA	NA	NA	NA	NA	NA	NA	NA	NA	NA	NA	NA	NA	NA	NA	NA	NA
1	NA	NA	NA	NA	NA	NA	NA	NA	NA	NA	NA	NA	NA	NA	NA	NA	NA	NA	NA	NA	NA	NA	NA	NA	NA
2	NA	NA	NA	NA	NA	NA	NA	NA	NA	NA	NA	NA	NA	NA	NA	NA	NA	NA	NA	NA	NA	NA	NA	NA	NA
3	NA	NA	NA	NA	NA	NA	NA	NA	NA	NA	NA	NA	NA	NA	NA	NA	NA	NA	NA	NA	NA	NA	NA	NA	NA
4	NA	NA	NA	NA	NA	NA	NA	NA	NA	NA	NA	NA	NA	NA	NA	NA	NA	NA	NA	NA	NA	NA	NA	NA	NA
5	NA	NA	NA	NA	NA	NA	NA	NA	NA	NA	NA	NA	NA	NA	NA	NA	NA	NA	NA	NA	NA	NA	NA	NA	NA
6	NA	NA	NA	NA	NA	NA	NA	NA	NA	NA	NA	NA	NA	NA	NA	NA	NA	NA	NA	NA	NA	NA	NA	NA	NA
7	NA	NA	NA	NA	NA	NA	NA	NA	NA	NA	NA	NA	NA	NA	NA	NA	NA	NA	NA	NA	NA	NA	NA	NA	NA
8	NA	NA	NA	NA	NA	NA	NA	NA	NA	NA	NA	NA	NA	NA	NA	NA	NA	NA	NA	NA	NA	NA	NA	NA	NA
9	NA	NA	NA	NA	NA	NA	NA	NA	NA	NA	NA	NA	NA	NA	NA	NA	NA	NA	NA	NA	NA	NA	NA	NA	NA
10	NA	NA	NA	NA	NA	NA	NA	NA	NA	NA	NA	NA	NA	NA	NA	NA	NA	NA	NA	NA	NA	NA	NA	NA	NA
11	0.973608	0.0133855	0.00429347	0.00871322	NA	0.0555348	0.919679	0.00969064	0.0149087	0.000186359	0.0219724	0.00633821	0.93366	0.0376067	0.000422547	0.0300261	0.0137076	0.0241514	0.932115	NA	3.75446e-05	NA	NA	0.000150178	0.999812
12	0.971575	0.0131153	0.00655764	0.00856508	0.000187361	0.0383051	0.94391	0.00590417	0.0117723	0.000108003	0.012581	0.00472546	0.951897	0.0306347	0.000161554	0.0130985	0.00858483	0.026551	0.951544	0.000221259	6.55991e-05	4.37327e-05	3.64439e-05	8.74655e-05	0.999767
13	0.964525	0.0164333	0.00726476	0.0116317	0.000144891	0.0304942	0.952163	0.00518406	0.0119617	0.000196672	0.00879166	0.00416766	0.964554	0.0223563	0.000130385	0.014685	0.00989908	0.0247654	0.950505	0.000145865	5.81496e-05	2.59596e-05	3.84202e-05	6.43799e-05	0.999813
14	0.960811	0.0174905	0.00784142	0.0137271	0.000129559	0.029666	0.95152	0.00508934	0.0135934	0.000130976	0.0184346	0.0070223	0.941294	0.0331089	0.000139921	0.0187238	0.0138581	0.0208461	0.946297	0.000275118	7.44675e-05	5.48708e-05	4.89917e-05	7.64271e-05	0.999745
15	0.977724	0.00817475	0.00495672	0.00893363	0.000211333	0.0129368	0.975829	0.00237746	0.00873877	0.000117802	0.0139222	0.00598292	0.954685	0.0252852	0.000125118	0.0230176	0.0178178	0.024919	0.933986	0.000259273	7.14505e-05	2.9771e-05	1.78626e-05	6.84734e-05	0.999812
16	0.966086	0.0116809	0.00846759	0.0135529	0.000212872	0.0172906	0.963175	0.00421154	0.0152092	0.000113825	0.0152852	0.00666719	0.95471	0.0231873	0.000150466	0.0169017	0.0121223	0.0177865	0.952987	0.000202589	0.0001192	6.23337e-05	5.57723e-05	7.65502e-05	0.999686
17	NA	NA	NA	NA	NA	NA	NA	NA	NA	NA	NA	NA	NA	NA	NA	NA	NA	NA	NA	NA	NA	NA	NA	NA	NA
18	NA	NA	NA	NA	NA	NA	NA	NA	NA	NA	NA	NA	NA	NA	NA	NA	NA	NA	NA	NA	NA	NA	NA	NA	NA
19	NA	NA	NA	NA	NA	NA	NA	NA	NA	NA	NA	NA	NA	NA	NA	NA	NA	NA	NA	NA	NA	NA	NA	NA	NA
20	0.995161	0.0016129	0.000645161	0.0016129	0.000967742	0.00419948	0.992126	0.00262467	0.00104987	NA	0.00205592	0.000411184	0.994243	0.00328947	NA	0.00137678	0.000458926	0.00413034	0.994034	NA	NA	NA	8.31186e-05	NA	0.999917
21	0.997142	0.00148484	0.000504286	0.000784446	8.40477e-05	0.00223153	0.996464	0.000377644	0.000926943	NA	0.00102564	0.000410256	0.996479	0.00208547	NA	0.00107735	0.000528883	0.00240936	0.995867	0.00011753	2.75952e-05	1.37976e-05	2.75952e-05	6.89879e-06	0.999924
22	0.996657	0.00168494	0.000855844	0.000775608	2.67451e-05	0.00472448	0.993085	0.000687197	0.00150324	NA	0.00176612	0.000747206	0.994532	0.00295486	NA	0.0012838	0.000898657	0.00397977	0.993735	0.000102704	8.52647e-05	7.75134e-06	3.10053e-05	4.6508e-05	0.999829
23	0.997167	0.00118492	0.000755598	0.000841462	5.15181e-05	0.00193041	0.99597	0.000675643	0.0012789	0.000144781	0.00090629	0.000430488	0.996171	0.0024923	NA	0.00154153	0.000602703	0.00198197	0.995804	6.95426e-05	3.48014e-05	2.6101e-05	1.30505e-05	8.26533e-05	0.999843
24	0.997992	0.000940091	0.000427314	0.000640971	NA	0.00217702	0.99585	0.000612287	0.0012926	6.80318e-05	0.000965686	0.000321895	0.996459	0.00218889	6.43791e-05	0.00053749	0.000328466	0.00146317	0.997581	8.95817e-05	2.2969e-05	1.14845e-05	1.14845e-05	5.74224e-05	0.999897
25	0.997603	0.000799066	0.00104493	0.000491733	6.14666e-05	0.00272237	0.995446	0.000445478	0.00133644	4.94976e-05	0.00125005	0.00073279	0.995474	0.00250011	4.31053e-05	0.00122544	0.000601577	0.00173789	0.996368	6.68419e-05	3.31211e-05	2.48408e-05	4.14014e-05	6.62422e-05	0.999834
26	0.997687	0.000757727	0.000837488	0.000677966	3.98804e-05	0.00237281	0.995534	0.000418731	0.00160514	6.97885e-05	0.00115565	0.000866739	0.995594	0.00238353	NA	0.000426644	0.00055997	0.00141326	0.997547	5.33305e-05	8.81961e-05	1.10245e-05	3.30735e-05	0.00012127	0.999746
27	0.996394	0.000977897	0.00151886	0.00102182	8.78489e-05	0.00118016	0.996705	0.0003688	0.00171756	2.80991e-05	0.00308061	0.00117268	0.99113	0.00457903	3.72279e-05	0.00114297	0.00139657	0.00320746	0.994165	8.75088e-05	5.08048e-05	2.63921e-05	1.97941e-05	4.3547e-05	0.999859
28	0.997404	0.000576812	0.0013459	0.000528744	0.000144203	0.000227438	0.995588	0.000181951	0.00395742	4.54876e-05	0.00229533	0.0006886	0.995766	0.00124968	NA	0.000804793	0.000894214	0.000357686	0.997943	NA	4.2947e-05	2.14735e-05	3.22103e-05	1.07368e-05	0.999893
29	1	NA	NA	NA	NA	NA	1	NA	NA	NA	NA	NA	0.999762	0.000237812	NA	NA	NA	NA	1	NA	NA	NA	NA	NA	1
30	0.997668	0.00046097	0.00123408	0.000580864	5.58126e-05	0.000321661	0.998086	0.000168638	0.00141781	6.24584e-06	0.00168115	0.000406776	0.997047	0.000844842	1.99121e-05	0.000694345	0.00117309	0.000567524	0.997486	7.92632e-05	2.86042e-05	1.22589e-05	8.17263e-06	3.9501e-05	0.999911
31	0.998631	0.000243084	0.000804323	0.000291344	3.03855e-05	0.000195339	0.998651	8.18311e-05	0.0010638	7.91914e-06	0.000815057	0.000187104	0.998339	0.00065102	7.68921e-06	0.000281155	0.000833279	0.000537862	0.998313	3.46351e-05	3.4085e-05	1.11754e-05	1.00579e-05	3.01736e-05	0.999915
32	0.999374	0.000154278	0.000326705	0.000117977	2.72255e-05	0.000152851	0.998965	2.35156e-05	0.000846561	1.17578e-05	0.000351443	4.84749e-05	0.999164	0.000387799	4.84749e-05	7.16932e-05	0.000278807	0.000223045	0.999395	3.18636e-05	7.5752e-06	1.51504e-05	5.05014e-06	5.30264e-05	0.999919
33	0.999538	0.000126706	0.000234406	9.50293e-05	6.33529e-06	8.91004e-05	0.999341	4.45502e-05	0.000525692	NA	0.000232796	4.47684e-05	0.999284	0.000429776	8.95367e-06	8.41409e-05	0.000191654	0.000378634	0.999322	2.33725e-05	7.09518e-06	1.7738e-06	8.86898e-06	4.25711e-05	0.99994
34	0.998601	0.000259227	0.000886275	0.000198799	5.51732e-05	0.00012897	0.998765	7.95771e-05	0.00101255	1.37202e-05	0.00148969	0.000189053	0.997961	0.000351783	8.37578e-06	0.000199945	0.000762471	0.0003224	0.998647	6.79241e-05	3.55049e-05	1.33477e-05	1.04112e-05	3.25684e-05	0.999908
35	0.999246	0.000202924	0.00044753	6.80071e-05	3.51004e-05	3.62639e-05	0.999558	2.03078e-05	0.000377144	8.70333e-06	0.00135632	7.65663e-05	0.998323	0.000234387	9.37547e-06	5.56394e-05	0.000370255	0.000409708	0.999124	4.0465e-05	1.73294e-05	5.30491e-06	8.1342e-06	1.34391e-05	0.999956
36	0.99888	0.000133923	0.0008024	0.000139597	4.42625e-05	6.00666e-05	0.998827	5.38833e-05	0.0010494	9.71666e-06	0.000692645	8.78909e-05	0.99905	0.000158042	1.12887e-05	0.000124026	0.000728984	0.000176803	0.998902	6.86102e-05	3.13346e-05	1.20381e-05	1.20381e-05	3.22197e-05	0.999912
37	0.998844	0.000105352	0.000921834	9.07201e-05	3.80439e-05	6.36977e-05	0.999128	5.49549e-05	0.000736895	1.62367e-05	0.000524488	8.88751e-05	0.999279	9.76374e-05	1.00141e-05	0.000102232	0.000703881	0.000176834	0.99895	6.70034e-05	3.03662e-05	1.38234e-05	9.51776e-06	3.35388e-05	0.999913
38	0.99882	0.000110442	0.000926677	9.2754e-05	5.04754e-05	3.12669e-05	0.99907	3.73843e-05	0.000847605	1.35943e-05	0.000675287	6.0903e-05	0.999169	8.36579e-05	1.07082e-05	8.00076e-05	0.000648853	0.000123089	0.99909	5.80275e-05	2.81892e-05	1.53519e-05	1.12492e-05	3.21595e-05	0.999913
39	0.998869	0.000134908	0.000869544	7.08465e-05	5.54259e-05	3.1105e-05	0.998999	3.3388e-05	0.000923448	1.31269e-05	0.00091514	4.44669e-05	0.99898	4.68001e-05	1.39988e-05	6.82567e-05	0.000591919	0.000107463	0.999178	5.40227e-05	3.45045e-05	1.28562e-05	1.10234e-05	3.0467e-05	0.999911
40	0.999135	0.000133455	0.000600812	6.94933e-05	6.10645e-05	2.4445e-05	0.999093	3.67002e-05	0.000835126	1.12067e-05	0.000886668	4.47449e-05	0.99902	3.10055e-05	1.72661e-05	6.01333e-05	0.000483065	9.71084e-05	0.999316	4.39269e-05	4.43038e-05	1.60764e-05	1.08382e-05	3.14561e-05	0.999897
