quality	AA	AC	AG	AT	A.	CA	CC	CG	CT	C.	GA	GC	GG	GT	G.	TA	TC	TG	TT	T.	.A	.C	.G	.T	..
0	NA	NA	NA	NA	NA	NA	NA	NA	NA	NA	NA	NA	NA	NA	NA	NA	NA	NA	NA	NA	NA	NA	NA	NA	NA
1	NA	NA	NA	NA	NA	NA	NA	NA	NA	NA	NA	NA	NA	NA	NA	NA	NA	NA	NA	NA	NA	NA	NA	NA	NA
2	NA	NA	NA	NA	NA	NA	NA	NA	NA	NA	NA	NA	NA	NA	NA	NA	NA	NA	NA	NA	NA	NA	NA	NA	NA
3	NA	NA	NA	NA	NA	NA	NA	NA	NA	NA	NA	NA	NA	NA	NA	NA	NA	NA	NA	NA	NA	NA	NA	NA	NA
4	NA	NA	NA	NA	NA	NA	NA	NA	NA	NA	NA	NA	NA	NA	NA	NA	NA	NA	NA	NA	NA	NA	NA	NA	NA
5	NA	NA	NA	NA	NA	NA	NA	NA	NA	NA	NA	NA	NA	NA	NA	NA	NA	NA	NA	NA	NA	NA	NA	NA	NA
6	NA	NA	NA	NA	NA	NA	NA	NA	NA	NA	NA	NA	NA	NA	NA	NA	NA	NA	NA	NA	NA	NA	NA	NA	NA
7	NA	NA	NA	NA	NA	NA	NA	NA	NA	NA	NA	NA	NA	NA	NA	NA	NA	NA	NA	NA	NA	NA	NA	NA	NA
8	NA	NA	NA	NA	NA	NA	NA	NA	NA	NA	NA	NA	NA	NA	NA	NA	NA	NA	NA	NA	NA	NA	NA	NA	NA
9	NA	NA	NA	NA	NA	NA	NA	NA	NA	NA	NA	NA	NA	NA	NA	NA	NA	NA	NA	NA	NA	NA	NA	NA	NA
10	0.989474	0.0105263	NA	NA	NA	0.0232558	0.976744	NA	NA	NA	0.0103093	NA	0.907216	0.0824742	NA	NA	NA	NA	1	NA	NA	NA	NA	NA	1
11	0.977764	0.00974901	0.0030699	0.00941713	NA	0.059545	0.922292	0.00435352	0.0137159	9.36242e-05	0.0183288	0.00481754	0.931585	0.0452683	NA	0.0175992	0.00433412	0.0152351	0.962832	NA	7.84903e-05	NA	3.36387e-05	6.72774e-05	0.999821
12	0.971524	0.0171394	0.00473854	0.00649729	0.00010082	0.0463478	0.937538	0.00382747	0.0121257	0.000160818	0.0119622	0.00436949	0.950131	0.033367	0.00017024	0.0121449	0.00544164	0.0209914	0.961346	7.60005e-05	6.55529e-05	3.93318e-05	2.94988e-05	5.572e-05	0.99981
13	0.967942	0.0177802	0.00583947	0.00833545	0.000102787	0.0380936	0.94793	0.00436882	0.00948422	0.000122892	0.00813661	0.00334464	0.968335	0.0200952	8.8177e-05	0.0127788	0.00777736	0.0228945	0.956406	0.000143502	9.28503e-05	4.9562e-05	2.25852e-05	3.51326e-05	0.9998
14	0.965934	0.0193113	0.00552103	0.00908603	0.000147227	0.0330646	0.952485	0.00425258	0.0100463	0.000151505	0.0126678	0.00575765	0.95369	0.027784	0.000100424	0.0149399	0.00892315	0.0221277	0.953829	0.00018017	5.13199e-05	6.80546e-05	3.23538e-05	0.00010264	0.999746
15	0.967622	0.0158746	0.00635362	0.010074	7.54138e-05	0.0306746	0.951083	0.00540763	0.0127233	0.000111233	0.0124065	0.00519469	0.956978	0.0253234	9.72107e-05	0.0174104	0.00880552	0.0231255	0.95045	0.0002087	5.38873e-05	4.45964e-05	2.78728e-05	7.0611e-05	0.999803
16	0.966126	0.0149392	0.00757738	0.0112288	0.000129035	0.0258936	0.956247	0.00441551	0.0133669	7.65822e-05	0.0119882	0.00533767	0.958456	0.0241534	6.47776e-05	0.0201544	0.0123996	0.0274993	0.939798	0.000149066	8.26664e-05	3.88755e-05	4.24503e-05	5.80899e-05	0.999778
17	NA	NA	NA	NA	NA	NA	NA	NA	NA	NA	NA	NA	NA	NA	NA	NA	NA	NA	NA	NA	NA	NA	NA	NA	NA
18	1	NA	NA	NA	NA	NA	1	NA	NA	NA	NA	NA	1	NA	NA	NA	NA	NA	1	NA	NA	NA	NA	NA	1
19	1	NA	NA	NA	NA	NA	1	NA	NA	NA	NA	NA	1	NA	NA	NA	NA	NA	1	NA	NA	NA	NA	NA	1
20	0.99585	0.00245927	0.000461113	0.00107593	0.000153704	0.00633037	0.991691	0.00098912	0.00098912	NA	0.000958977	0.000106553	0.994779	0.00415557	NA	0.00153039	NA	0.00284215	0.995627	NA	0.000117666	NA	NA	3.92218e-05	0.999843
21	0.996187	0.00219411	0.00111504	0.000503567	NA	0.00446513	0.994058	0.000343471	0.00113346	NA	0.000922262	0.000285063	0.996579	0.00214635	6.70736e-05	0.000773597	0.000449766	0.00274357	0.996015	1.79906e-05	5.77376e-05	2.56612e-05	3.20765e-06	1.28306e-05	0.999901
22	0.996388	0.00219141	0.000616333	0.000736175	6.84814e-05	0.00480315	0.993794	0.000296824	0.00102539	8.0952e-05	0.00168672	0.0003021	0.99562	0.00236645	2.5175e-05	0.00103758	0.00077379	0.00263792	0.995516	3.51723e-05	0.000114648	2.08451e-05	1.04225e-05	2.08451e-05	0.999833
23	0.997009	0.00141145	0.00117777	0.000401937	NA	0.00307538	0.995294	0.000328994	0.00127307	2.86082e-05	0.000752701	0.000295177	0.997299	0.00163823	1.47588e-05	0.000505456	0.00034371	0.00175899	0.997378	1.34788e-05	5.86241e-05	2.54887e-05	7.64662e-06	1.27444e-05	0.999895
24	0.997899	0.0011889	0.000525326	0.000387083	NA	0.00403266	0.993876	0.000298716	0.00179229	NA	0.000981675	0.000280479	0.997148	0.00144914	0.000140239	0.000224678	0.000326804	0.00120509	0.998203	4.08505e-05	8.69806e-05	7.11659e-05	7.90733e-06	2.3722e-05	0.99981
25	0.997326	0.00149739	0.000641739	0.000470608	6.41739e-05	0.00293004	0.99489	0.000464518	0.00167941	3.57322e-05	0.000990535	0.000293492	0.996992	0.00168758	3.66865e-05	0.000530813	0.000530813	0.00124998	0.997688	NA	3.74345e-05	3.74345e-05	1.24782e-05	7.4869e-05	0.999838
26	0.998212	0.00114457	0.000357679	0.000286144	NA	0.00296553	0.996417	0.000123564	0.000494254	NA	0.000664717	NA	0.997474	0.00159532	0.000265887	0.000406298	0.000203149	0.000863382	0.998527	NA	0.00022345	2.03136e-05	4.06273e-05	8.12546e-05	0.999634
27	0.996072	0.00185424	0.00119201	0.000829058	5.22141e-05	0.00266393	0.995382	0.000377892	0.00154894	2.69923e-05	0.00197977	0.000653868	0.994638	0.00270265	2.54282e-05	0.00101894	0.000926695	0.00404289	0.993926	8.58836e-05	4.95296e-05	2.82502e-05	3.00847e-05	6.86077e-05	0.999824
28	0.998713	0.000520092	0.000246359	0.000520092	NA	0.000664721	0.998439	0.000115604	0.000780324	NA	0.00167074	0.000208843	0.996629	0.00144698	4.47521e-05	0.000552151	0.000276075	0.000441721	0.99873	NA	5.76155e-05	NA	6.40172e-06	8.96241e-05	0.999846
29	0.999858	0.000141985	NA	NA	NA	0.00040992	0.998975	NA	0.00061488	NA	0.000970324	0.000161721	0.998706	0.000161721	NA	0.000536769	NA	0.000536769	0.998926	NA	NA	NA	NA	NA	1
30	0.997916	0.000810224	0.000868341	0.000378332	2.73493e-05	0.000443269	0.998309	0.000174077	0.00106959	3.58922e-06	0.00112965	0.000232028	0.997807	0.000821412	1.01618e-05	0.000519632	0.000789637	0.00075058	0.997904	3.5661e-05	4.7579e-05	2.30221e-05	1.45806e-05	3.83701e-05	0.999876
31	0.998521	0.000420624	0.000769676	0.000253255	3.52355e-05	0.000538395	0.998545	9.23461e-05	0.000824145	NA	0.000894572	0.000134667	0.998442	0.000519429	9.61905e-06	0.000281566	0.000564351	0.000726465	0.998392	3.53481e-05	4.24552e-05	2.19236e-05	1.14838e-05	4.28032e-05	0.999881
32	0.998991	0.000285863	0.000622173	0.000100893	NA	0.000263296	0.999371	7.64409e-05	0.000288777	NA	0.000392894	5.39266e-05	0.999376	0.000177187	NA	0.000101847	0.000176892	0.000680764	0.999035	5.36035e-06	3.22895e-05	2.20928e-05	3.3989e-06	1.35956e-05	0.999929
33	0.999082	0.000255825	0.00061672	4.5683e-05	NA	0.000480277	0.999174	1.41258e-05	0.000324893	7.0629e-06	0.000339465	3.77183e-05	0.999503	0.000119441	NA	6.69282e-05	0.000159884	0.000643254	0.999122	7.43646e-06	6.64769e-05	1.221e-05	5.42669e-06	2.44201e-05	0.999891
34	0.998173	0.000817867	0.000743515	0.000211012	5.44547e-05	0.000249331	0.998924	0.000109135	0.000714412	3.35799e-06	0.00102607	0.000119695	0.998448	0.000396727	9.78642e-06	0.000249008	0.000609398	0.000512594	0.998569	6.00651e-05	4.24143e-05	1.90865e-05	1.56607e-05	4.20881e-05	0.999881
35	0.99846	0.00101491	0.000385322	9.20301e-05	4.81653e-05	0.000306755	0.999403	2.25555e-05	0.000261644	5.63888e-06	0.000506757	4.64618e-05	0.999258	0.000180445	8.64405e-06	0.000120728	0.000283976	0.000523914	0.999026	4.55577e-05	1.74399e-05	1.02588e-05	8.46349e-06	3.43669e-05	0.999929
36	0.998658	0.000378087	0.000755415	0.00016399	4.44139e-05	8.23734e-05	0.999188	7.26106e-05	0.000653495	3.05087e-06	0.000879469	8.01585e-05	0.998837	0.000194427	8.5275e-06	0.00019157	0.000600516	0.000290417	0.99888	3.76143e-05	5.02725e-05	1.88823e-05	1.47931e-05	3.8005e-05	0.999878
37	0.998791	0.000260994	0.000769584	0.000149352	2.87788e-05	0.00011308	0.999235	6.26292e-05	0.000586279	3.4794e-06	0.000805327	7.50579e-05	0.998958	0.000147467	1.41285e-05	0.000155118	0.000542441	0.000341449	0.998916	4.49276e-05	4.38443e-05	1.91916e-05	1.38866e-05	3.91634e-05	0.999884
38	0.998654	0.000423928	0.000737462	0.000144412	4.04352e-05	8.04872e-05	0.999278	5.712e-05	0.000578989	5.19273e-06	0.000802511	7.03043e-05	0.999021	8.54067e-05	2.03101e-05	0.000145476	0.000559497	0.000242568	0.999007	4.51364e-05	4.11471e-05	1.84315e-05	1.35496e-05	4.19441e-05	0.999885
39	0.998582	0.00052759	0.000720062	0.000123223	4.67091e-05	5.08277e-05	0.999342	4.86494e-05	0.000555353	3.63055e-06	0.000847661	5.86244e-05	0.999022	5.35994e-05	1.79462e-05	0.000129787	0.000574811	0.000169477	0.999077	4.9232e-05	4.35452e-05	1.8473e-05	1.62509e-05	4.18168e-05	0.99988
40	0.99866	0.000537113	0.000651697	0.000103683	4.77681e-05	3.48492e-05	0.999342	7.22376e-05	0.000545766	4.9034e-06	0.000923966	4.32862e-05	0.998969	3.68477e-05	2.66453e-05	0.000114484	0.00065697	0.000130941	0.99905	4.73288e-05	4.40375e-05	1.70149e-05	1.41202e-05	4.76205e-05	0.999877
