
SUMMARISING RUN PARAMETERS
==========================
Input filename: SC2212/host_removal/SC2212_R1.fastq.gz
Trimming mode: paired-end
Trim Galore version: 0.6.4_dev
Cutadapt version: 4.1
Python version: could not detect
Number of cores used for trimming: 2
Quality Phred score cutoff: 20
Quality encoding type selected: ASCII+33
Using Illumina adapter for trimming (count: 14237). Second best hit was Nextera (count: 0)
Adapter sequence: 'AGATCGGAAGAGC' (Illumina TruSeq, Sanger iPCR; auto-detected)
Maximum trimming error rate: 0.1 (default)
Minimum required adapter overlap (stringency): 1 bp
Minimum required sequence length for both reads before a sequence pair gets removed: 20 bp
Running FastQC on the data once trimming has completed
Output file will be GZIP compressed


This is cutadapt 4.1 with Python 3.9.13
Command line parameters: -j 2 -e 0.1 -q 20 -O 1 -a AGATCGGAAGAGC SC2212/host_removal/SC2212_R1.fastq.gz
Processing single-end reads on 2 cores ...
Finished in 36.45 s (35 µs/read; 1.70 M reads/minute).

=== Summary ===

Total reads processed:               1,033,227
Reads with adapters:                   363,996 (35.2%)
Reads written (passing filters):     1,033,227 (100.0%)

Total basepairs processed:   259,339,977 bp
Quality-trimmed:               1,975,302 bp (0.8%)
Total written (filtered):    255,897,178 bp (98.7%)

=== Adapter 1 ===

Sequence: AGATCGGAAGAGC; Type: regular 3'; Length: 13; Trimmed: 363996 times

Minimum overlap: 1
No. of allowed errors:
1-9 bp: 0; 10-13 bp: 1

Bases preceding removed adapters:
  A: 36.1%
  C: 18.8%
  G: 9.1%
  T: 36.0%
  none/other: 0.1%

Overview of removed sequences
length	count	expect	max.err	error counts
1	242683	258306.8	0	242683
2	79928	64576.7	0	79928
3	5522	16144.2	0	5522
4	1961	4036.0	0	1961
5	292	1009.0	0	292
6	561	252.3	0	561
7	15550	63.1	0	15550
8	418	15.8	0	418
9	627	3.9	0	625 2
10	387	1.0	1	367 20
11	168	0.2	1	153 15
12	296	0.1	1	280 16
13	113	0.0	1	107 6
14	99	0.0	1	89 10
15	111	0.0	1	102 9
16	63	0.0	1	55 8
17	102	0.0	1	89 13
18	155	0.0	1	147 8
19	52	0.0	1	47 5
20	105	0.0	1	95 10
21	112	0.0	1	104 8
22	506	0.0	1	470 36
23	132	0.0	1	120 12
24	1920	0.0	1	1856 64
25	567	0.0	1	538 29
26	119	0.0	1	106 13
27	141	0.0	1	125 16
28	455	0.0	1	424 31
29	87	0.0	1	72 15
30	123	0.0	1	112 11
31	149	0.0	1	143 6
32	84	0.0	1	74 10
33	62	0.0	1	55 7
34	222	0.0	1	204 18
35	80	0.0	1	69 11
36	584	0.0	1	557 27
37	420	0.0	1	398 22
38	132	0.0	1	124 8
39	204	0.0	1	176 28
40	93	0.0	1	79 14
41	71	0.0	1	64 7
42	101	0.0	1	92 9
43	186	0.0	1	177 9
44	44	0.0	1	34 10
45	92	0.0	1	87 5
46	37	0.0	1	33 4
47	81	0.0	1	56 25
48	36	0.0	1	31 5
49	79	0.0	1	68 11
50	45	0.0	1	38 7
51	77	0.0	1	68 9
52	52	0.0	1	43 9
53	52	0.0	1	44 8
54	128	0.0	1	104 24
55	86	0.0	1	82 4
56	41	0.0	1	37 4
57	69	0.0	1	65 4
58	46	0.0	1	41 5
59	80	0.0	1	69 11
60	58	0.0	1	54 4
61	44	0.0	1	42 2
62	42	0.0	1	40 2
63	54	0.0	1	51 3
64	39	0.0	1	34 5
65	59	0.0	1	51 8
66	54	0.0	1	40 14
67	32	0.0	1	28 4
68	46	0.0	1	42 4
69	78	0.0	1	59 19
70	70	0.0	1	64 6
71	87	0.0	1	75 12
72	117	0.0	1	103 14
73	172	0.0	1	156 16
74	257	0.0	1	229 28
75	528	0.0	1	486 42
76	1232	0.0	1	1191 41
77	913	0.0	1	884 29
78	448	0.0	1	436 12
79	244	0.0	1	231 13
80	164	0.0	1	151 13
81	101	0.0	1	95 6
82	73	0.0	1	67 6
83	67	0.0	1	59 8
84	34	0.0	1	32 2
85	49	0.0	1	45 4
86	27	0.0	1	25 2
87	47	0.0	1	41 6
88	45	0.0	1	38 7
89	44	0.0	1	38 6
90	30	0.0	1	28 2
91	28	0.0	1	26 2
92	34	0.0	1	33 1
93	58	0.0	1	50 8
94	485	0.0	1	477 8
95	57	0.0	1	53 4
96	48	0.0	1	39 9
97	20	0.0	1	17 3
98	21	0.0	1	18 3
99	28	0.0	1	23 5
100	14	0.0	1	14
101	9	0.0	1	5 4
102	17	0.0	1	14 3
103	11	0.0	1	9 2
104	7	0.0	1	6 1
105	22	0.0	1	21 1
106	17	0.0	1	14 3
107	22	0.0	1	18 4
108	23	0.0	1	19 4
109	23	0.0	1	21 2
110	17	0.0	1	13 4
111	85	0.0	1	79 6
112	17	0.0	1	14 3
113	19	0.0	1	16 3
114	21	0.0	1	20 1
115	18	0.0	1	17 1
116	12	0.0	1	12
117	6	0.0	1	5 1
118	6	0.0	1	4 2
119	6	0.0	1	4 2
120	4	0.0	1	4
121	8	0.0	1	6 2
122	5	0.0	1	4 1
123	6	0.0	1	6
124	5	0.0	1	5
125	2	0.0	1	2
126	12	0.0	1	9 3
127	33	0.0	1	29 4
128	15	0.0	1	14 1
129	7	0.0	1	6 1
130	7	0.0	1	6 1
131	7	0.0	1	5 2
132	4	0.0	1	4
133	9	0.0	1	7 2
134	12	0.0	1	9 3
135	10	0.0	1	8 2
136	8	0.0	1	8
137	4	0.0	1	4
138	4	0.0	1	4
139	6	0.0	1	4 2
140	8	0.0	1	7 1
141	4	0.0	1	3 1
142	5	0.0	1	3 2
143	5	0.0	1	5
144	6	0.0	1	4 2
145	4	0.0	1	4
146	3	0.0	1	3
147	18	0.0	1	15 3
148	4	0.0	1	3 1
149	5	0.0	1	4 1
150	6	0.0	1	6
151	5	0.0	1	5
152	5	0.0	1	2 3
153	21	0.0	1	20 1
154	14	0.0	1	13 1
155	8	0.0	1	8
156	37	0.0	1	32 5
157	11	0.0	1	11
158	8	0.0	1	8
159	8	0.0	1	6 2
160	9	0.0	1	8 1
161	8	0.0	1	8
162	9	0.0	1	9
163	9	0.0	1	5 4
164	5	0.0	1	5
165	9	0.0	1	9
166	17	0.0	1	17
167	7	0.0	1	6 1
168	17	0.0	1	16 1
169	5	0.0	1	4 1
170	2	0.0	1	2
171	3	0.0	1	3
172	16	0.0	1	16
173	5	0.0	1	5
174	8	0.0	1	8
175	15	0.0	1	14 1
176	10	0.0	1	9 1
177	4	0.0	1	4
178	4	0.0	1	4
179	5	0.0	1	2 3
180	2	0.0	1	2
181	7	0.0	1	7
183	8	0.0	1	7 1
184	2	0.0	1	2
185	9	0.0	1	7 2
186	2	0.0	1	1 1
187	5	0.0	1	3 2
188	4	0.0	1	4
189	6	0.0	1	5 1
190	9	0.0	1	9
191	6	0.0	1	5 1
192	4	0.0	1	3 1
193	9	0.0	1	8 1
194	1	0.0	1	1
195	2	0.0	1	2
196	3	0.0	1	3
197	3	0.0	1	3
198	3	0.0	1	2 1
199	1	0.0	1	1
200	1	0.0	1	1
201	3	0.0	1	3
202	2	0.0	1	2
203	6	0.0	1	6
204	5	0.0	1	5
205	8	0.0	1	6 2
206	4	0.0	1	4
207	8	0.0	1	8
208	17	0.0	1	16 1
209	15	0.0	1	15
210	14	0.0	1	13 1
211	8	0.0	1	7 1
212	3	0.0	1	3
213	3	0.0	1	3
214	6	0.0	1	6
215	8	0.0	1	6 2
217	7	0.0	1	6 1
218	1	0.0	1	1
219	1	0.0	1	1
220	1	0.0	1	1
222	1	0.0	1	1
223	1	0.0	1	1
227	1	0.0	1	0 1
233	1	0.0	1	1
234	2	0.0	1	1 1
235	2	0.0	1	2
236	1	0.0	1	1
237	1	0.0	1	1
238	1	0.0	1	0 1
239	1	0.0	1	0 1
243	1	0.0	1	0 1
246	2	0.0	1	0 2
249	1	0.0	1	0 1
250	3	0.0	1	0 3
251	56	0.0	1	0 56

RUN STATISTICS FOR INPUT FILE: SC2212/host_removal/SC2212_R1.fastq.gz
=============================================
1033227 sequences processed in total

