quality	AA	AC	AG	AT	A.	CA	CC	CG	CT	C.	GA	GC	GG	GT	G.	TA	TC	TG	TT	T.	.A	.C	.G	.T	..
0	NA	NA	NA	NA	NA	NA	NA	NA	NA	NA	NA	NA	NA	NA	NA	NA	NA	NA	NA	NA	NA	NA	NA	NA	NA
1	NA	NA	NA	NA	NA	NA	NA	NA	NA	NA	NA	NA	NA	NA	NA	NA	NA	NA	NA	NA	NA	NA	NA	NA	NA
2	NA	NA	NA	NA	NA	NA	NA	NA	NA	NA	NA	NA	NA	NA	NA	NA	NA	NA	NA	NA	NA	NA	NA	NA	NA
3	NA	NA	NA	NA	NA	NA	NA	NA	NA	NA	NA	NA	NA	NA	NA	NA	NA	NA	NA	NA	NA	NA	NA	NA	NA
4	NA	NA	NA	NA	NA	NA	NA	NA	NA	NA	NA	NA	NA	NA	NA	NA	NA	NA	NA	NA	NA	NA	NA	NA	NA
5	NA	NA	NA	NA	NA	NA	NA	NA	NA	NA	NA	NA	NA	NA	NA	NA	NA	NA	NA	NA	NA	NA	NA	NA	NA
6	NA	NA	NA	NA	NA	NA	NA	NA	NA	NA	NA	NA	NA	NA	NA	NA	NA	NA	NA	NA	NA	NA	NA	NA	NA
7	NA	NA	NA	NA	NA	NA	NA	NA	NA	NA	NA	NA	NA	NA	NA	NA	NA	NA	NA	NA	NA	NA	NA	NA	NA
8	NA	NA	NA	NA	NA	NA	NA	NA	NA	NA	NA	NA	NA	NA	NA	NA	NA	NA	NA	NA	NA	NA	NA	NA	NA
9	NA	NA	NA	NA	NA	NA	NA	NA	NA	NA	NA	NA	NA	NA	NA	NA	NA	NA	NA	NA	NA	NA	NA	NA	NA
10	0.971429	0.0142857	NA	0.0142857	NA	0.0285714	0.971429	NA	NA	NA	NA	0.008	0.976	0.016	NA	NA	NA	0.0588235	0.941176	NA	NA	NA	NA	NA	1
11	0.973545	0.0138913	0.00402584	0.00840559	0.00013272	0.0623775	0.916984	0.00495792	0.0156232	5.76502e-05	0.0214912	0.00596813	0.920709	0.051567	0.000264597	0.0172539	0.00681456	0.0265333	0.949108	0.000289981	7.42308e-05	1.23718e-05	NA	2.47436e-05	0.999889
12	0.970297	0.0149782	0.00610439	0.0085046	0.000115395	0.0504333	0.930799	0.0056835	0.0129128	0.000171754	0.0107614	0.00442291	0.949934	0.0347414	0.00014041	0.00910954	0.00710514	0.0276727	0.955933	0.000179498	3.78575e-05	9.46438e-06	4.41671e-05	0.000167204	0.999741
13	0.96638	0.0173076	0.00722865	0.00892758	0.000156433	0.0358712	0.949248	0.00504779	0.00970708	0.000125776	0.00783747	0.00335274	0.967821	0.0208972	9.18559e-05	0.0111127	0.00716679	0.0213027	0.96028	0.000138191	2.97582e-05	4.12037e-05	2.17464e-05	8.06905e-05	0.999827
14	0.966025	0.0184617	0.00580083	0.00958335	0.000128828	0.031791	0.954418	0.00387619	0.00976863	0.000145878	0.0134127	0.00629428	0.949198	0.0309268	0.000168683	0.0136374	0.0112743	0.0206091	0.954291	0.000188297	5.724e-05	3.70377e-05	2.13247e-05	5.3873e-05	0.999831
15	0.966425	0.0163994	0.00654764	0.010555	7.27515e-05	0.0281214	0.954442	0.00490154	0.0123943	0.00014049	0.0136365	0.00672674	0.952137	0.0273802	0.000119895	0.0141448	0.00992029	0.0207279	0.955033	0.000174439	5.06303e-05	2.35069e-05	3.07399e-05	3.79728e-05	0.999857
16	0.963977	0.0151291	0.00808356	0.012671	0.000139679	0.0248512	0.958366	0.00406564	0.0126228	9.44033e-05	0.0118045	0.00554265	0.957118	0.0254558	7.92106e-05	0.018525	0.0127299	0.0284967	0.940098	0.000149974	5.69754e-05	2.69655e-05	2.78353e-05	4.56673e-05	0.999843
17	NA	NA	NA	NA	NA	NA	NA	NA	NA	NA	NA	NA	NA	NA	NA	NA	NA	NA	NA	NA	NA	NA	NA	NA	NA
18	1	NA	NA	NA	NA	NA	1	NA	NA	NA	NA	NA	1	NA	NA	NA	NA	NA	1	NA	NA	NA	NA	NA	1
19	0.987805	0.0121951	NA	NA	NA	NA	1	NA	NA	NA	NA	NA	1	NA	NA	NA	NA	NA	1	NA	NA	NA	NA	NA	1
20	0.997204	0.00181767	0.000419463	0.000419463	0.000139821	0.00672468	0.990704	0.000988924	0.00158228	NA	0.00101814	0.000647908	0.994817	0.00351722	NA	0.00117578	0.000587889	0.031942	0.966098	0.000195963	7.13445e-05	3.56722e-05	3.56722e-05	NA	0.999857
21	0.995352	0.0019252	0.00214164	0.000535411	4.55669e-05	0.00441478	0.993947	0.000591671	0.00103163	1.51711e-05	0.000976406	0.000306038	0.996211	0.00249202	1.45732e-05	0.000622241	0.000862841	0.00250556	0.995976	3.31862e-05	1.45959e-05	1.75151e-05	5.83838e-06	5.83838e-05	0.999904
22	0.995282	0.00225637	0.00199997	0.000410249	5.12812e-05	0.00428405	0.992842	0.00157263	0.00122014	8.13427e-05	0.00116678	0.000411805	0.995356	0.0030199	4.57561e-05	0.000997307	0.00101393	0.00310827	0.994797	8.31089e-05	2.51091e-05	2.51091e-05	1.00436e-05	0.00011048	0.999829
23	0.996353	0.00140837	0.00177852	0.00041529	4.51402e-05	0.00303479	0.995142	0.00063756	0.00114761	3.82536e-05	0.000714251	0.000258608	0.997094	0.00192109	1.23147e-05	0.000431089	0.00101397	0.00281119	0.995713	3.03584e-05	2.52957e-05	6.89884e-06	6.89884e-06	5.28911e-05	0.999908
24	0.99527	0.00113526	0.00332468	0.000270299	NA	0.00249311	0.99462	0.00122469	0.00166207	NA	0.00094799	0.000215452	0.996682	0.00211143	4.30904e-05	0.000488129	0.000468604	0.00117151	0.997794	7.81006e-05	7.45095e-06	7.45095e-06	NA	0.000119215	0.999866
25	0.99711	0.00126298	0.00119876	0.000278283	0.000149845	0.00280032	0.995081	0.000933439	0.00114885	3.59015e-05	0.000930542	0.000299103	0.99681	0.00196078	NA	0.000382505	0.00128056	0.00161317	0.996641	8.31532e-05	6.67861e-05	2.42858e-05	2.42858e-05	5.46431e-05	0.99983
26	0.994077	0.00101904	0.00439462	0.000509522	NA	0.00270921	0.994481	0.00220751	0.000602047	NA	0.00122387	0.000203978	0.99745	0.00101989	0.000101989	0.000389055	0.00146976	0.00151299	0.996499	0.000129685	1.70748e-05	1.70748e-05	3.41495e-05	0.000341495	0.99959
27	0.996525	0.00130848	0.0013866	0.000678653	0.00010131	0.00277853	0.995567	0.000356423	0.001278	1.96919e-05	0.00153697	0.000836797	0.994511	0.00309103	2.39085e-05	0.00099815	0.00154167	0.00420102	0.993158	0.000101143	3.33299e-05	1.33319e-05	1.57878e-05	2.66639e-05	0.999911
28	0.998734	0.000538604	0.000377023	0.000323163	2.69302e-05	0.000615069	0.998129	0.000256279	0.00097386	2.56279e-05	0.00148008	0.000203149	0.996924	0.00139302	NA	0.000400023	0.00434311	0.00200011	0.993257	NA	3.07851e-05	NA	6.15703e-06	6.15703e-05	0.999901
29	0.999579	NA	NA	0.000280859	0.00014043	0.00068697	0.998855	NA	0.00045798	NA	0.000417606	NA	0.999582	NA	NA	NA	0.000371195	0.00222717	0.997402	NA	NA	NA	3.84541e-05	NA	0.999962
30	0.99751	0.00058303	0.00150967	0.000342502	5.43126e-05	0.000415938	0.998144	0.000368787	0.00106258	8.41979e-06	0.000923806	0.000290201	0.997912	0.000867378	6.44891e-06	0.000426217	0.00122699	0.000734578	0.997557	5.48916e-05	2.89576e-05	5.49827e-06	5.86483e-06	5.315e-05	0.999907
31	0.998043	0.000426986	0.00132376	0.000172256	3.44512e-05	0.000507469	0.998352	0.000299648	0.000836115	4.83303e-06	0.000602409	0.000249482	0.99859	0.000549166	9.1274e-06	0.000216464	0.00105156	0.00103789	0.997642	5.24071e-05	1.86755e-05	5.89752e-06	3.2764e-06	3.44022e-05	0.999938
32	0.996776	0.000234297	0.00290325	6.62144e-05	2.03737e-05	0.000247487	0.998763	0.000713345	0.000276603	NA	0.00017963	3.74229e-05	0.999603	0.00017963	NA	7.20361e-05	0.000504252	0.00063932	0.998744	4.05203e-05	1.51042e-06	3.02084e-06	6.04168e-06	8.91148e-05	0.9999
33	0.997331	0.000248009	0.00234978	5.4646e-05	1.68141e-05	0.000375829	0.998755	0.00065924	0.000209478	NA	0.000144688	3.4725e-05	0.999659	0.000150475	1.1575e-05	6.18003e-05	0.000591982	0.00126853	0.998061	1.62632e-05	3.65038e-06	2.43359e-06	4.86717e-06	0.000113162	0.999876
34	0.998327	0.000346322	0.00112805	0.000125617	7.3068e-05	0.000230999	0.998775	0.000209073	0.000781481	3.13219e-06	0.000619321	0.000273147	0.998785	0.000315278	7.72396e-06	0.000153921	0.00110634	0.000596792	0.998078	6.44579e-05	2.62175e-05	5.86039e-06	4.31818e-06	3.2849e-05	0.999931
35	0.999257	0.000198167	0.000461089	4.36903e-05	3.97894e-05	0.000228529	0.999505	3.48429e-05	0.000226479	5.12396e-06	0.000333503	0.000146031	0.999329	0.000181552	9.86694e-06	5.27834e-05	0.000615568	0.000549946	0.998737	4.42239e-05	1.08466e-05	3.30115e-06	2.59376e-06	9.19606e-06	0.999974
36	0.998296	0.000280548	0.00127674	9.3516e-05	5.35397e-05	9.16849e-05	0.998976	0.000259496	0.000660687	1.22246e-05	0.00047462	0.000340806	0.999022	0.00015054	1.20223e-05	0.000101968	0.00126186	0.000386903	0.998188	6.08519e-05	2.69443e-05	3.80127e-06	5.4783e-06	4.93047e-05	0.999914
37	0.998179	0.000243397	0.00144554	8.06686e-05	5.09974e-05	9.10728e-05	0.998974	0.00025738	0.000669187	8.71131e-06	0.000378672	0.000104295	0.999401	0.000110714	5.6159e-06	7.71057e-05	0.000852174	0.000460406	0.998547	6.32891e-05	2.51878e-05	5.64554e-06	3.90845e-06	4.27035e-05	0.999923
38	0.998424	0.000242905	0.00121243	6.51551e-05	5.58472e-05	7.2639e-05	0.999111	0.000217448	0.000594234	5.15502e-06	0.000439006	0.000220916	0.999262	6.73583e-05	1.03628e-05	5.68806e-05	0.00101351	0.000333679	0.998531	6.47891e-05	2.81446e-05	5.97844e-06	5.05868e-06	4.27688e-05	0.999918
39	0.998518	0.000197924	0.00116874	5.7087e-05	5.81616e-05	4.28313e-05	0.999152	0.000203855	0.000592698	8.78312e-06	0.000424501	0.000230993	0.99929	4.47462e-05	9.71815e-06	4.47721e-05	0.00101016	0.000227191	0.998656	6.16818e-05	3.38862e-05	5.94995e-06	4.23832e-06	3.99788e-05	0.999916
40	0.998913	0.000168002	0.000802526	5.44119e-05	6.23056e-05	2.43399e-05	0.999037	0.000122913	0.00080481	1.09189e-05	0.000423735	0.000132508	0.999408	2.254e-05	1.34045e-05	4.10961e-05	0.000822949	0.000116243	0.998971	4.88261e-05	6.26469e-05	6.76727e-06	4.85777e-06	2.91466e-05	0.999897
