quality	AA	AC	AG	AT	A.	CA	CC	CG	CT	C.	GA	GC	GG	GT	G.	TA	TC	TG	TT	T.	.A	.C	.G	.T	..
0	NA	NA	NA	NA	NA	NA	NA	NA	NA	NA	NA	NA	NA	NA	NA	NA	NA	NA	NA	NA	NA	NA	NA	NA	NA
1	NA	NA	NA	NA	NA	NA	NA	NA	NA	NA	NA	NA	NA	NA	NA	NA	NA	NA	NA	NA	NA	NA	NA	NA	NA
2	NA	NA	NA	NA	NA	NA	NA	NA	NA	NA	NA	NA	NA	NA	NA	NA	NA	NA	NA	NA	NA	NA	NA	NA	NA
3	NA	NA	NA	NA	NA	NA	NA	NA	NA	NA	NA	NA	NA	NA	NA	NA	NA	NA	NA	NA	NA	NA	NA	NA	NA
4	NA	NA	NA	NA	NA	NA	NA	NA	NA	NA	NA	NA	NA	NA	NA	NA	NA	NA	NA	NA	NA	NA	NA	NA	NA
5	NA	NA	NA	NA	NA	NA	NA	NA	NA	NA	NA	NA	NA	NA	NA	NA	NA	NA	NA	NA	NA	NA	NA	NA	NA
6	NA	NA	NA	NA	NA	NA	NA	NA	NA	NA	NA	NA	NA	NA	NA	NA	NA	NA	NA	NA	NA	NA	NA	NA	NA
7	NA	NA	NA	NA	NA	NA	NA	NA	NA	NA	NA	NA	NA	NA	NA	NA	NA	NA	NA	NA	NA	NA	NA	NA	NA
8	NA	NA	NA	NA	NA	NA	NA	NA	NA	NA	NA	NA	NA	NA	NA	NA	NA	NA	NA	NA	NA	NA	NA	NA	NA
9	NA	NA	NA	NA	NA	NA	NA	NA	NA	NA	NA	NA	NA	NA	NA	NA	NA	NA	NA	NA	NA	NA	NA	NA	NA
10	0.978723	0.0212766	NA	NA	NA	NA	1	NA	NA	NA	NA	NA	0.981982	0.018018	NA	NA	NA	0.0714286	0.928571	NA	NA	NA	NA	NA	1
11	0.974801	0.0126913	0.003253	0.00870521	0.000549803	0.0607453	0.915628	0.0049588	0.0184496	0.000218771	0.0246526	0.00553082	0.913766	0.0558141	0.000236072	0.0243592	0.0101673	0.0285956	0.936878	NA	8.58652e-05	1.43109e-05	1.43109e-05	8.58652e-05	0.9998
12	0.973642	0.0134076	0.00493576	0.00798562	2.94672e-05	0.0538057	0.928266	0.00422312	0.013471	0.000234618	0.0123	0.00445073	0.945261	0.0378554	0.000133038	0.012058	0.00564071	0.0240548	0.958103	0.000143062	4.39059e-05	7.98288e-06	2.39487e-05	6.38631e-05	0.99986
13	0.967379	0.0171765	0.00555207	0.00978115	0.000111487	0.0371699	0.948101	0.00444923	0.0101547	0.000125044	0.00776168	0.00351874	0.967028	0.0216024	8.88434e-05	0.011987	0.00801203	0.0218111	0.958038	0.000151897	3.42954e-05	2.0926e-05	2.38324e-05	3.54579e-05	0.999885
14	0.964836	0.0182111	0.0056235	0.0111934	0.000135851	0.0325497	0.95155	0.00384707	0.0119317	0.000121375	0.014907	0.00623337	0.943875	0.0347796	0.000205441	0.0139088	0.00945943	0.0190816	0.957405	0.000144695	5.3956e-05	2.58539e-05	3.03502e-05	5.73282e-05	0.999833
15	0.964268	0.016531	0.00701745	0.012087	9.6748e-05	0.02677	0.956001	0.00455136	0.0126008	7.68811e-05	0.0154154	0.00816921	0.945532	0.0307977	8.57141e-05	0.0135511	0.0108028	0.0197441	0.955711	0.000190552	6.23411e-05	2.20027e-05	2.9337e-05	4.40054e-05	0.999842
16	0.963113	0.0154775	0.00770032	0.0136063	0.000102964	0.0257574	0.956323	0.00441041	0.0133986	0.000110888	0.0131083	0.00611045	0.951234	0.0294583	8.85267e-05	0.0173076	0.0117683	0.026726	0.944025	0.000173249	5.61618e-05	3.2401e-05	3.28331e-05	4.53615e-05	0.999833
17	NA	NA	NA	NA	NA	NA	NA	NA	NA	NA	NA	NA	NA	NA	NA	NA	NA	NA	NA	NA	NA	NA	NA	NA	NA
18	1	NA	NA	NA	NA	NA	1	NA	NA	NA	NA	NA	1	NA	NA	NA	NA	NA	1	NA	NA	NA	NA	NA	1
19	1	NA	NA	NA	NA	NA	1	NA	NA	NA	NA	NA	1	NA	NA	NA	NA	NA	1	NA	NA	NA	NA	NA	1
20	0.997543	0.0012285	0.000526501	0.000702001	NA	0.00617829	0.992056	0.000882613	0.000882613	NA	0.00181253	0.000129467	0.993138	0.00491973	NA	0.000558659	0.000558659	0.00195531	0.996927	NA	NA	4.90436e-05	NA	NA	0.999951
21	0.997042	0.00206446	0.000347943	0.000475522	6.95886e-05	0.00479483	0.993676	0.000334523	0.00114694	4.7789e-05	0.000932471	0.000330877	0.996586	0.00210558	4.51196e-05	0.000692942	0.00185911	0.00184221	0.995572	3.38021e-05	2.09803e-05	8.99154e-06	8.99154e-06	1.49859e-05	0.999946
22	0.995846	0.00227073	0.00117937	0.000668896	3.52051e-05	0.00464684	0.994001	0.000478765	0.000873043	NA	0.00120502	0.000307162	0.995251	0.00318975	4.72556e-05	0.0009473	0.000880823	0.00329062	0.994848	3.32386e-05	3.08068e-05	5.13447e-06	1.02689e-05	4.10758e-05	0.999913
23	0.997739	0.00126467	0.000536527	0.000421557	3.83234e-05	0.00311947	0.995368	0.000231576	0.00125324	2.72442e-05	0.000705895	0.000332969	0.99695	0.0019845	2.66375e-05	0.000456583	0.00117317	0.0011478	0.997178	4.439e-05	1.46219e-05	1.21849e-05	7.31096e-06	1.94959e-05	0.999946
24	0.998214	0.000934374	0.000467187	0.000357261	2.74816e-05	0.00302605	0.995264	0.000306991	0.00140339	NA	0.00114928	0.000297961	0.996552	0.00195803	4.25659e-05	0.000384749	0.00242392	0.000884922	0.996191	0.000115425	2.22949e-05	2.22949e-05	7.43163e-06	3.71581e-05	0.999911
25	0.997208	0.000893356	0.0014517	0.00040201	4.46678e-05	0.00282776	0.99563	0.000146897	0.00139552	NA	0.000905387	0.000348226	0.996936	0.00181077	NA	0.000402003	0.000686756	0.00135676	0.997504	5.02504e-05	2.4942e-05	6.2355e-06	1.2471e-05	2.4942e-05	0.999931
26	0.997083	0.00116669	0.00131253	0.000437509	NA	0.00234632	0.996129	0.000117316	0.00129047	0.000117316	0.000365052	0.000243368	0.998175	0.00121684	NA	0.000348779	0.000498256	0.000747384	0.998406	NA	1.97996e-05	1.97996e-05	3.95993e-05	1.97996e-05	0.999901
27	0.996564	0.00141885	0.00111762	0.000826227	7.37702e-05	0.00273609	0.995425	0.00034373	0.00145938	3.53551e-05	0.00168065	0.000660564	0.994125	0.00349721	3.61246e-05	0.000908782	0.00101129	0.00398307	0.993997	9.9552e-05	2.64001e-05	1.49369e-05	1.38948e-05	2.64001e-05	0.999918
28	0.997593	0.000256756	0.00189357	0.000224661	3.20945e-05	0.000592816	0.998491	0.000188623	0.000700601	2.69462e-05	0.0016553	0.000314507	0.996491	0.00150632	3.3106e-05	0.000502292	0.000376719	0.000565078	0.998556	NA	2.07509e-05	6.91697e-06	6.91697e-06	2.07509e-05	0.999945
29	0.999715	0.000142592	NA	NA	0.000142592	0.00116652	0.998833	NA	NA	NA	0.00108131	NA	0.998811	0.000108131	NA	NA	NA	NA	1	NA	4.72567e-05	NA	NA	NA	0.999953
30	0.998307	0.000506664	0.000798484	0.000345818	4.25092e-05	0.000465134	0.998292	0.000131904	0.00110209	8.67787e-06	0.000882658	0.000195219	0.998066	0.000847619	8.3427e-06	0.000383706	0.00115599	0.000640593	0.997792	2.76398e-05	1.65729e-05	8.28645e-06	7.53313e-06	1.46896e-05	0.999953
31	0.998634	0.000433063	0.000690093	0.000188993	5.39979e-05	0.00051405	0.998563	7.36696e-05	0.000838197	1.14597e-05	0.000769556	0.000117903	0.998482	0.000615007	1.59328e-05	0.000204971	0.000893581	0.000576912	0.998276	4.83639e-05	1.7458e-05	4.3645e-06	3.69304e-06	1.44364e-05	0.99996
32	0.999626	0.000170431	0.000109955	7.1471e-05	2.19911e-05	0.000236752	0.99945	2.08899e-05	0.000285495	6.9633e-06	0.000333942	5.43626e-05	0.999386	0.000201918	2.32983e-05	9.76706e-05	0.00108769	0.000159825	0.998637	1.77583e-05	6.07831e-06	6.07831e-06	3.03915e-06	6.07831e-06	0.999979
33	0.999561	0.000255618	0.000130051	4.03607e-05	1.34536e-05	0.000496896	0.999308	1.25796e-05	0.000169825	1.25796e-05	0.000219271	4.38542e-05	0.999543	0.000187946	6.26488e-06	4.99432e-05	0.00100219	0.000216421	0.998718	1.33182e-05	7.60565e-06	1.26761e-06	6.33804e-06	5.07043e-06	0.99998
34	0.998756	0.00034431	0.000711677	0.000135777	5.1749e-05	0.000215016	0.998983	5.67515e-05	0.000733773	1.11904e-05	0.000701716	9.56885e-05	0.998838	0.000358832	5.7993e-06	0.000154733	0.000724108	0.000503296	0.998561	5.67172e-05	1.73802e-05	6.73288e-06	6.41972e-06	1.91026e-05	0.99995
35	0.999272	0.000224208	0.000414975	5.7762e-05	3.11611e-05	0.00025146	0.999484	1.27861e-05	0.000246133	5.32755e-06	0.000404174	5.026e-05	0.99936	0.000179051	6.2825e-06	6.73651e-05	0.000349864	0.000514293	0.999022	4.63588e-05	1.06359e-05	5.07623e-06	4.35105e-06	1.13611e-05	0.999969
36	0.998968	0.000220691	0.000665388	0.000100214	4.53172e-05	8.92534e-05	0.99923	4.46267e-05	0.000619624	1.60198e-05	0.000560295	4.52378e-05	0.999218	0.00016351	1.30808e-05	0.000113894	0.00082688	0.00022904	0.998769	6.09104e-05	1.90984e-05	6.78798e-06	5.29232e-06	1.76027e-05	0.999951
37	0.999019	0.000193845	0.000658503	9.02709e-05	3.80088e-05	0.000127516	0.999192	3.73614e-05	0.000631082	1.21831e-05	0.00053002	5.96272e-05	0.999299	9.77224e-05	1.40787e-05	7.72238e-05	0.000761525	0.000252205	0.998863	4.64235e-05	1.96098e-05	7.07723e-06	5.16048e-06	1.91675e-05	0.999949
38	0.999025	0.000217024	0.000635966	7.89177e-05	4.28499e-05	5.40422e-05	0.999336	3.2521e-05	0.000561944	1.57822e-05	0.000513883	4.55154e-05	0.999336	8.56472e-05	1.85977e-05	7.10597e-05	0.000720662	0.000181767	0.998971	5.52009e-05	1.77386e-05	6.56986e-06	6.85143e-06	1.79263e-05	0.999951
39	0.999018	0.000218674	0.000637375	7.1217e-05	5.51158e-05	4.78735e-05	0.999311	2.53841e-05	0.000598976	1.70341e-05	0.000521595	3.71859e-05	0.999377	4.79996e-05	1.63309e-05	6.35833e-05	0.000701996	0.000125683	0.999056	5.22982e-05	1.78059e-05	7.48844e-06	5.80354e-06	1.7369e-05	0.999952
40	0.999145	0.000212617	0.000519563	6.61308e-05	5.67976e-05	3.33601e-05	0.999232	2.32371e-05	0.00069159	2.00161e-05	0.000468807	2.94029e-05	0.999458	2.75921e-05	1.6469e-05	5.84022e-05	0.000559091	8.82133e-05	0.999246	4.81074e-05	2.10894e-05	7.47493e-06	7.06051e-06	2.08745e-05	0.999944
