quality	AA	AC	AG	AT	A.	CA	CC	CG	CT	C.	GA	GC	GG	GT	G.	TA	TC	TG	TT	T.	.A	.C	.G	.T	..
0	NA	NA	NA	NA	NA	NA	NA	NA	NA	NA	NA	NA	NA	NA	NA	NA	NA	NA	NA	NA	NA	NA	NA	NA	NA
1	NA	NA	NA	NA	NA	NA	NA	NA	NA	NA	NA	NA	NA	NA	NA	NA	NA	NA	NA	NA	NA	NA	NA	NA	NA
2	NA	NA	NA	NA	NA	NA	NA	NA	NA	NA	NA	NA	NA	NA	NA	NA	NA	NA	NA	NA	NA	NA	NA	NA	NA
3	NA	NA	NA	NA	NA	NA	NA	NA	NA	NA	NA	NA	NA	NA	NA	NA	NA	NA	NA	NA	NA	NA	NA	NA	NA
4	NA	NA	NA	NA	NA	NA	NA	NA	NA	NA	NA	NA	NA	NA	NA	NA	NA	NA	NA	NA	NA	NA	NA	NA	NA
5	NA	NA	NA	NA	NA	NA	NA	NA	NA	NA	NA	NA	NA	NA	NA	NA	NA	NA	NA	NA	NA	NA	NA	NA	NA
6	NA	NA	NA	NA	NA	NA	NA	NA	NA	NA	NA	NA	NA	NA	NA	NA	NA	NA	NA	NA	NA	NA	NA	NA	NA
7	NA	NA	NA	NA	NA	NA	NA	NA	NA	NA	NA	NA	NA	NA	NA	NA	NA	NA	NA	NA	NA	NA	NA	NA	NA
8	NA	NA	NA	NA	NA	NA	NA	NA	NA	NA	NA	NA	NA	NA	NA	NA	NA	NA	NA	NA	NA	NA	NA	NA	NA
9	NA	NA	NA	NA	NA	NA	NA	NA	NA	NA	NA	NA	NA	NA	NA	NA	NA	NA	NA	NA	NA	NA	NA	NA	NA
10	1	NA	NA	NA	NA	0.116279	0.837209	NA	0.0465116	NA	0.0416667	NA	0.95	0.00833333	NA	NA	NA	NA	1	NA	NA	NA	NA	NA	1
11	0.975093	0.0124851	0.00352223	0.00877414	0.000125794	0.0687817	0.908262	0.00507265	0.0177113	0.000171954	0.0225024	0.00573975	0.917448	0.0541363	0.000173932	0.0171401	0.00519099	0.0188051	0.958374	0.000489716	4.4958e-05	2.69748e-05	1.79832e-05	8.99159e-05	0.99982
12	0.971482	0.0150018	0.00566106	0.00776627	8.84541e-05	0.0518077	0.927368	0.00582971	0.0148862	0.000107958	0.0115648	0.00424551	0.943728	0.0403552	0.000106518	0.0114386	0.00553771	0.0255098	0.957434	7.94344e-05	6.7361e-05	1.20287e-05	4.08977e-05	0.00012991	0.99975
13	0.967113	0.0178477	0.00533569	0.00957449	0.000129291	0.0387795	0.944844	0.00450107	0.0117486	0.000126759	0.00879992	0.00356754	0.965524	0.022005	0.000103407	0.0118308	0.00681964	0.0213889	0.959812	0.000148288	4.13765e-05	3.12525e-05	2.2449e-05	6.86674e-05	0.999836
14	0.965636	0.0180768	0.00587851	0.0102486	0.000160469	0.0349093	0.947988	0.00428354	0.0126635	0.000155258	0.0142783	0.00563448	0.948467	0.0314762	0.000143645	0.0139746	0.0104621	0.0204229	0.954917	0.000223182	5.86092e-05	3.60028e-05	2.763e-05	5.52601e-05	0.999822
15	0.965892	0.0166646	0.00630289	0.0110289	0.000111968	0.0298664	0.949446	0.0051886	0.015359	0.000139904	0.0133678	0.00649895	0.953159	0.0268339	0.000140467	0.0150567	0.00959304	0.0216131	0.953536	0.000201293	6.16206e-05	2.19096e-05	3.97111e-05	5.20352e-05	0.999825
16	0.965626	0.014635	0.0071217	0.0124905	0.00012675	0.0256132	0.95526	0.00466226	0.0143688	9.59113e-05	0.0119317	0.00549696	0.956789	0.0257011	8.07911e-05	0.0187388	0.01144	0.0273636	0.942317	0.000140338	6.11382e-05	2.56386e-05	2.6296e-05	4.86476e-05	0.999838
17	NA	NA	NA	NA	NA	NA	NA	NA	NA	NA	NA	NA	NA	NA	NA	NA	NA	NA	NA	NA	NA	NA	NA	NA	NA
18	0.956522	NA	0.0434783	NA	NA	NA	1	NA	NA	NA	NA	NA	1	NA	NA	NA	NA	NA	1	NA	NA	NA	NA	NA	1
19	1	NA	NA	NA	NA	NA	1	NA	NA	NA	NA	NA	1	NA	NA	NA	NA	NA	1	NA	NA	NA	NA	NA	1
20	0.997333	0.00164136	0.00020517	0.000718096	0.000102585	0.0068195	0.990714	0.00101567	0.00145096	NA	0.00124447	0.000138274	0.994123	0.00435564	0.000138274	0.00123172	0.000461894	0.00277136	0.995535	NA	NA	NA	2.66106e-05	2.66106e-05	0.999947
21	0.996998	0.00210211	0.000338476	0.000525528	3.5629e-05	0.00428913	0.994168	0.000388817	0.00113	2.4301e-05	0.000512113	0.000233791	0.996582	0.00266076	1.11329e-05	0.000620673	0.000313536	0.00220755	0.996813	4.47908e-05	1.81747e-05	9.08736e-06	2.27184e-06	4.31649e-05	0.999927
22	0.995924	0.00288935	0.000451461	0.000644945	9.02923e-05	0.00503975	0.992936	0.000316302	0.00164477	6.32604e-05	0.00297696	0.000412988	0.993547	0.00304579	1.72079e-05	0.000927919	0.000581496	0.00278376	0.995583	0.000123723	1.89531e-05	1.51625e-05	1.51625e-05	7.20218e-05	0.999879
23	0.997638	0.00160038	0.000332546	0.00042261	6.92804e-06	0.00328379	0.99466	0.000339359	0.00168681	2.99434e-05	0.000927713	0.000299867	0.996823	0.00193976	9.37084e-06	0.000386052	0.000246515	0.00181398	0.99753	2.32561e-05	1.94395e-05	2.12068e-05	7.06892e-06	4.5948e-05	0.999906
24	0.998336	0.00109607	0.000324761	0.000223273	2.02976e-05	0.00275183	0.994734	0.000475624	0.00203839	NA	0.00115578	0.000312373	0.996127	0.00240527	NA	0.000485608	0.000206016	0.000912355	0.998396	NA	4.47999e-05	1.67999e-05	4.47999e-05	8.39997e-05	0.99981
25	0.99721	0.00200874	0.000318847	0.000398559	6.37694e-05	0.00343039	0.994374	0.000219545	0.00189358	8.23294e-05	0.00267247	0.000148471	0.99515	0.00200436	2.47451e-05	0.00045271	0.000440475	0.00104001	0.997993	7.34125e-05	4.06805e-05	1.80802e-05	3.61605e-05	6.78009e-05	0.999837
26	0.997385	0.00169467	0.000435772	0.000484191	NA	0.0019425	0.993007	0.0004662	0.0045066	7.77001e-05	0.00391404	0.0001477	0.994461	0.00140315	7.38498e-05	0.000258958	0.000258958	0.000744505	0.99864	9.71094e-05	3.85025e-05	3.85025e-05	1.28342e-05	0.000115508	0.999795
27	0.996617	0.00157543	0.00101658	0.000739504	5.14845e-05	0.00262524	0.99527	0.000352073	0.00172822	2.44921e-05	0.00171352	0.000559964	0.994876	0.0028218	2.84508e-05	0.000892177	0.000948081	0.00424339	0.993836	8.04108e-05	3.70423e-05	1.4657e-05	9.59369e-06	3.0913e-05	0.999908
28	0.999184	0.000376664	0.000292961	0.000125555	2.09258e-05	0.000511269	0.996932	0.000106514	0.00244983	NA	0.00126623	0.000376446	0.996795	0.00155141	1.14075e-05	0.00045335	0.00045335	0.00072536	0.998277	9.06701e-05	1.9572e-05	4.89299e-06	1.4679e-05	9.78598e-06	0.999951
29	0.999796	NA	NA	NA	0.000203749	0.000179888	0.99964	NA	0.000179888	NA	0.000440501	NA	0.999119	0.000440501	NA	NA	NA	NA	1	NA	2.8372e-05	NA	NA	NA	0.999972
30	0.998234	0.000765063	0.000634379	0.000321084	4.50037e-05	0.000444699	0.998102	0.000153204	0.00129614	4.06737e-06	0.00115118	0.000176615	0.997803	0.000864018	5.08246e-06	0.000385804	0.000762812	0.000703747	0.998115	3.2674e-05	1.75998e-05	4.32782e-06	4.0393e-06	3.46226e-05	0.999939
31	0.99862	0.000605543	0.000581553	0.000154695	3.80533e-05	0.000485809	0.998275	8.99646e-05	0.00113869	1.02817e-05	0.000948694	9.66594e-05	0.998424	0.000526257	4.7733e-06	0.000207656	0.000522287	0.000803657	0.998439	2.69684e-05	1.73164e-05	6.7198e-06	5.42753e-06	2.94637e-05	0.999941
32	0.999515	0.000257209	0.00012228	8.43309e-05	2.10827e-05	0.000284645	0.998571	1.77903e-05	0.00112672	NA	0.000178691	3.45853e-05	0.999591	0.000190219	5.76422e-06	4.881e-05	0.000131411	0.000176467	0.999598	4.50554e-05	9.81258e-06	8.58601e-06	4.90629e-06	7.11412e-05	0.999906
33	0.999576	0.000263077	9.90809e-05	4.78322e-05	1.36663e-05	0.000559982	0.998364	2.94727e-05	0.00104628	NA	0.000181502	4.53756e-05	0.999583	0.000181502	9.07511e-06	4.76139e-05	9.52278e-05	0.000597819	0.999243	1.58713e-05	6.81725e-06	3.89557e-06	4.86946e-06	8.37548e-05	0.999901
34	0.998616	0.000556335	0.000646156	0.000133742	4.7878e-05	0.00020753	0.998697	6.89657e-05	0.00102246	4.42899e-06	0.000981593	9.87697e-05	0.998532	0.000379542	7.7684e-06	0.000143372	0.00055876	0.000623733	0.998624	4.9812e-05	2.07295e-05	6.58466e-06	5.48722e-06	2.41438e-05	0.999943
35	0.998978	0.000450146	0.000498595	4.29295e-05	3.00506e-05	0.000260137	0.999335	1.6729e-05	0.000385604	2.50936e-06	0.000525743	5.48673e-05	0.999233	0.000176885	9.00806e-06	4.32986e-05	0.000291696	0.00062726	0.998998	3.98803e-05	1.19621e-05	2.46838e-06	3.22788e-06	8.73426e-06	0.999974
36	0.99901	0.000361505	0.000506568	8.74981e-05	3.48265e-05	7.77925e-05	0.998853	4.68575e-05	0.00101585	6.36898e-06	0.000790539	6.12003e-05	0.998963	0.000177692	7.17521e-06	8.89658e-05	0.000461634	0.000321925	0.999082	4.58009e-05	2.29366e-05	6.5017e-06	5.23748e-06	3.63915e-05	0.999929
37	0.998753	0.000369692	0.000771221	7.07921e-05	3.55833e-05	9.24332e-05	0.998919	3.61976e-05	0.000946956	5.81747e-06	0.000803865	4.30527e-05	0.999042	0.000100885	1.02812e-05	6.63913e-05	0.000480278	0.000423774	0.99899	3.91991e-05	2.20862e-05	6.97457e-06	4.99844e-06	3.7314e-05	0.999929
38	0.99878	0.00036195	0.000756894	6.35429e-05	3.71482e-05	5.98972e-05	0.998969	2.64481e-05	0.000936574	8.55674e-06	0.000779033	4.42414e-05	0.999089	7.73262e-05	1.07718e-05	5.58707e-05	0.000432018	0.000318071	0.999145	4.94995e-05	2.32383e-05	6.22186e-06	4.64765e-06	3.3583e-05	0.999932
39	0.998949	0.000366309	0.000587694	5.1236e-05	4.52679e-05	3.60117e-05	0.998927	2.67593e-05	0.00100424	5.89612e-06	0.000712408	3.31765e-05	0.999199	4.56843e-05	9.75781e-06	4.95451e-05	0.000396466	0.00025957	0.999245	4.91749e-05	2.57306e-05	5.63123e-06	5.0715e-06	3.15993e-05	0.999932
40	0.999248	0.000281606	0.000376146	4.57807e-05	4.8453e-05	2.08079e-05	0.998999	2.21165e-05	0.000949702	8.11376e-06	0.000518858	3.15943e-05	0.999413	2.3362e-05	1.3498e-05	3.91177e-05	0.000349598	0.000208698	0.99936	4.29785e-05	4.79237e-05	7.14663e-06	5.0439e-06	2.72158e-05	0.999913
