quality	AA	AC	AG	AT	A.	CA	CC	CG	CT	C.	GA	GC	GG	GT	G.	TA	TC	TG	TT	T.	.A	.C	.G	.T	..
0	NA	NA	NA	NA	NA	NA	NA	NA	NA	NA	NA	NA	NA	NA	NA	NA	NA	NA	NA	NA	NA	NA	NA	NA	NA
1	NA	NA	NA	NA	NA	NA	NA	NA	NA	NA	NA	NA	NA	NA	NA	NA	NA	NA	NA	NA	NA	NA	NA	NA	NA
2	NA	NA	NA	NA	NA	NA	NA	NA	NA	NA	NA	NA	NA	NA	NA	NA	NA	NA	NA	NA	NA	NA	NA	NA	NA
3	NA	NA	NA	NA	NA	NA	NA	NA	NA	NA	NA	NA	NA	NA	NA	NA	NA	NA	NA	NA	NA	NA	NA	NA	NA
4	NA	NA	NA	NA	NA	NA	NA	NA	NA	NA	NA	NA	NA	NA	NA	NA	NA	NA	NA	NA	NA	NA	NA	NA	NA
5	NA	NA	NA	NA	NA	NA	NA	NA	NA	NA	NA	NA	NA	NA	NA	NA	NA	NA	NA	NA	NA	NA	NA	NA	NA
6	NA	NA	NA	NA	NA	NA	NA	NA	NA	NA	NA	NA	NA	NA	NA	NA	NA	NA	NA	NA	NA	NA	NA	NA	NA
7	NA	NA	NA	NA	NA	NA	NA	NA	NA	NA	NA	NA	NA	NA	NA	NA	NA	NA	NA	NA	NA	NA	NA	NA	NA
8	NA	NA	NA	NA	NA	NA	NA	NA	NA	NA	NA	NA	NA	NA	NA	NA	NA	NA	NA	NA	NA	NA	NA	NA	NA
9	NA	NA	NA	NA	NA	NA	NA	NA	NA	NA	NA	NA	NA	NA	NA	NA	NA	NA	NA	NA	NA	NA	NA	NA	NA
10	NA	NA	NA	NA	NA	NA	NA	NA	NA	NA	NA	NA	NA	NA	NA	NA	NA	NA	NA	NA	NA	NA	NA	NA	NA
11	0.973827	0.0123457	0.00197531	0.0108642	0.000987654	0.056267	0.924719	0.00737291	0.0116414	NA	0.0208749	0.00816845	0.933563	0.0373934	NA	0.0278788	0.0145455	0.0242424	0.933333	NA	7.71962e-05	7.71962e-05	NA	7.71962e-05	0.999768
12	0.970557	0.012428	0.00688073	0.0100277	0.000106678	0.0388118	0.942035	0.00440879	0.0145996	0.00014455	0.0133153	0.00567131	0.947479	0.0334936	4.10965e-05	0.0129038	0.00912304	0.0253966	0.952248	0.000328758	4.34417e-05	NA	1.44806e-05	1.44806e-05	0.999928
13	0.967123	0.0157082	0.00625819	0.0107857	0.000125415	0.028392	0.954736	0.00481792	0.0118948	0.000159348	0.00872938	0.00420271	0.965713	0.0213112	4.37782e-05	0.0145262	0.00928736	0.0234976	0.952468	0.000220428	3.87401e-05	2.32441e-05	9.68502e-06	3.68031e-05	0.999892
14	0.960928	0.017464	0.00731859	0.0141221	0.000167693	0.0286565	0.952508	0.0047965	0.0139344	0.000105033	0.0162269	0.00650417	0.943843	0.0332082	0.000217923	0.018721	0.0132696	0.0208588	0.947044	0.00010689	5.27041e-05	3.01166e-05	2.6352e-05	5.64687e-05	0.999834
15	0.977987	0.00854344	0.00463527	0.00876157	7.27101e-05	0.0115577	0.977541	0.00244293	0.00835523	0.000102644	0.014396	0.00573383	0.955174	0.0246145	8.19118e-05	0.0246876	0.0161577	0.0239221	0.935096	0.000136698	7.27977e-05	3.3599e-05	2.79991e-05	5.03984e-05	0.999815
16	0.965079	0.0114654	0.0090896	0.0142546	0.000111569	0.0168113	0.963852	0.00452245	0.0146663	0.000147931	0.016667	0.00764662	0.951403	0.0242227	6.06073e-05	0.0168376	0.0121587	0.0173191	0.953532	0.000152486	7.86648e-05	4.03955e-05	4.67737e-05	7.44127e-05	0.99976
17	NA	NA	NA	NA	NA	NA	NA	NA	NA	NA	NA	NA	NA	NA	NA	NA	NA	NA	NA	NA	NA	NA	NA	NA	NA
18	NA	NA	NA	NA	NA	NA	NA	NA	NA	NA	NA	NA	NA	NA	NA	NA	NA	NA	NA	NA	NA	NA	NA	NA	NA
19	NA	NA	NA	NA	NA	NA	NA	NA	NA	NA	NA	NA	NA	NA	NA	NA	NA	NA	NA	NA	NA	NA	NA	NA	NA
20	0.998651	0.00134862	NA	NA	NA	0.00356295	0.995249	NA	0.00118765	NA	0.000855798	0.000427899	0.996577	0.0021395	NA	0.000877963	0.00175593	0.00175593	0.99561	NA	NA	NA	NA	NA	1
21	0.997033	0.00122762	0.000920716	0.000767263	5.11509e-05	0.00207968	0.996491	0.000519919	0.000844869	6.49899e-05	0.00107283	0.000189322	0.996466	0.00227187	NA	0.00104869	0.000524347	0.0021673	0.99626	NA	1.26035e-05	2.5207e-05	1.26035e-05	1.26035e-05	0.999937
22	0.995933	0.00218596	0.000915053	0.000864216	0.000101673	0.00288046	0.994879	0.000320051	0.00184029	8.00128e-05	0.00135327	0.000708854	0.994458	0.00341539	6.44413e-05	0.00141147	0.000876083	0.00374769	0.993916	4.86713e-05	2.93225e-05	NA	2.93225e-05	1.46613e-05	0.999927
23	0.99739	0.00119201	0.000612113	0.000805412	NA	0.00228751	0.996143	0.00058309	0.000986768	NA	0.0011273	0.000501023	0.996409	0.00196234	NA	0.00113689	0.000842141	0.00168428	0.996316	2.10535e-05	NA	8.01841e-06	NA	1.60368e-05	0.999976
24	0.998082	0.00111902	0.000239789	0.000559508	NA	0.00166177	0.996037	0.000894797	0.00140611	NA	0.00132947	0.000241721	0.996012	0.00241721	NA	0.000657823	0.000274093	0.000986734	0.998081	NA	2.13547e-05	NA	NA	4.27095e-05	0.999936
25	0.99722	0.00106471	0.000887259	0.000768958	5.91506e-05	0.00214193	0.995344	0.00111753	0.00139691	NA	0.00163079	0.000407697	0.995108	0.00285388	NA	0.00087723	0.000668365	0.001838	0.996533	8.35457e-05	3.13391e-05	4.70087e-05	NA	3.13391e-05	0.99989
26	0.99836	0.000859174	0.000156213	0.000624854	NA	0.0014775	0.996105	0.000537273	0.00174614	0.000134318	0.00144206	0.000917672	0.995543	0.00209754	NA	0.000199382	0.000299073	0.00114645	0.998305	4.98455e-05	0.000104345	2.0869e-05	8.34759e-05	6.2607e-05	0.999729
27	0.996387	0.000906658	0.00131597	0.00130717	8.36238e-05	0.00114484	0.996909	0.000417528	0.00151522	1.34686e-05	0.00258936	0.00110223	0.9919	0.00438558	2.33276e-05	0.00113958	0.00116297	0.00321153	0.994356	0.000130333	3.74932e-05	9.99819e-06	1.99964e-05	2.12461e-05	0.999911
28	0.998678	0.000471965	0.000283179	0.000566358	NA	0.000506158	0.998228	0.000421799	0.000843597	NA	0.00384193	0.000648638	0.993913	0.00159665	NA	0.000519481	0.000519481	0.00138528	0.997576	NA	6.21723e-05	2.07241e-05	NA	8.28964e-05	0.999834
29	0.998115	0.000942507	NA	NA	0.000942507	NA	1	NA	NA	NA	0.00153453	NA	0.998465	NA	NA	NA	NA	NA	1	NA	NA	NA	NA	NA	1
30	0.99796	0.000352777	0.000935626	0.000709388	4.21799e-05	0.000260222	0.998283	0.000150351	0.00128955	1.73482e-05	0.00147967	0.000369916	0.997194	0.000945929	1.0569e-05	0.000704813	0.000989108	0.000432365	0.997832	4.14596e-05	2.78388e-05	8.8578e-06	1.2654e-06	1.64502e-05	0.999946
31	0.998576	0.000254482	0.000796497	0.000330497	4.29646e-05	0.000143405	0.998907	5.43949e-05	0.000895043	NA	0.00120162	0.000240325	0.997969	0.000584319	4.71225e-06	0.000370284	0.00063855	0.00052142	0.998436	3.40056e-05	2.58906e-05	8.285e-06	6.21375e-06	1.13919e-05	0.999948
32	0.999578	9.74801e-05	0.000211207	9.74801e-05	1.62467e-05	6.29366e-05	0.999727	NA	0.000209789	NA	0.000321785	8.58093e-05	0.999142	0.000450499	NA	1.41155e-05	0.000211733	0.000395235	0.999322	5.64621e-05	1.34417e-05	4.48057e-06	NA	8.96114e-06	0.999973
33	0.999532	8.18733e-05	0.000315797	5.84809e-05	1.16962e-05	8.22314e-05	0.999688	NA	0.000230248	NA	0.000237695	3.16927e-05	0.999303	0.000427852	NA	5.87608e-05	0.000218254	0.000554031	0.999144	2.51832e-05	NA	3.20466e-06	3.20466e-06	9.61397e-06	0.999984
34	0.998639	0.000205947	0.000812437	0.000285407	5.67571e-05	0.000134333	0.999004	8.36415e-05	0.000757843	2.02767e-05	0.00105598	0.000152432	0.998383	0.000399859	8.83665e-06	0.000218255	0.000589112	0.000306977	0.998845	4.0812e-05	2.32064e-05	5.43129e-06	3.95003e-06	2.37002e-05	0.999944
35	0.999473	0.000133296	0.000276251	9.46593e-05	2.31819e-05	4.98014e-05	0.99973	2.62113e-05	0.000191342	2.62113e-06	0.000473813	6.35603e-05	0.999191	0.000271576	NA	8.29826e-05	0.000285027	0.000479856	0.999109	4.32953e-05	1.08729e-05	5.75625e-06	3.19792e-06	1.15125e-05	0.999969
36	0.998896	0.000117106	0.000724397	0.000226957	3.52353e-05	7.26954e-05	0.999236	5.81563e-05	0.000612257	2.10009e-05	0.000904493	9.00066e-05	0.998879	0.000119517	7.37759e-06	0.000185983	0.000608673	0.000163037	0.998998	4.46843e-05	1.87762e-05	8.09319e-06	4.85591e-06	1.65101e-05	0.999952
37	0.998996	9.46542e-05	0.000694575	0.00017731	3.73284e-05	4.82696e-05	0.999384	3.67769e-05	0.000521772	9.19422e-06	0.000646767	5.01017e-05	0.999219	7.74299e-05	6.83205e-06	0.000125838	0.000531035	0.000156039	0.999137	5.0335e-05	1.52994e-05	5.37548e-06	7.02948e-06	1.36455e-05	0.999959
38	0.99905	7.94719e-05	0.000694211	0.000136349	3.9736e-05	5.42249e-05	0.999396	3.82039e-05	0.00049665	1.47886e-05	0.000685506	6.51713e-05	0.999171	6.75851e-05	1.08619e-05	0.000127961	0.000601656	0.000120808	0.999094	5.56353e-05	1.79389e-05	7.65393e-06	6.458e-06	1.48295e-05	0.999953
39	0.999048	0.000103964	0.000691473	0.000108676	4.77419e-05	3.02481e-05	0.999443	3.22988e-05	0.000484995	9.22824e-06	0.000690027	3.71798e-05	0.99922	4.32949e-05	9.78415e-06	0.000119971	0.000550149	0.000104586	0.999174	5.13315e-05	1.94198e-05	8.24156e-06	5.82593e-06	1.83777e-05	0.999948
40	0.999076	0.000108446	0.000680164	8.06796e-05	5.50837e-05	2.31396e-05	0.99932	3.32984e-05	0.000611111	1.24164e-05	0.000796413	3.81979e-05	0.999125	2.74625e-05	1.31071e-05	0.00011584	0.000495864	8.51176e-05	0.999261	4.26701e-05	2.91781e-05	1.04812e-05	6.0187e-06	2.18779e-05	0.999932
