quality	AA	AC	AG	AT	A.	CA	CC	CG	CT	C.	GA	GC	GG	GT	G.	TA	TC	TG	TT	T.	.A	.C	.G	.T	..
0	NA	NA	NA	NA	NA	NA	NA	NA	NA	NA	NA	NA	NA	NA	NA	NA	NA	NA	NA	NA	NA	NA	NA	NA	NA
1	NA	NA	NA	NA	NA	NA	NA	NA	NA	NA	NA	NA	NA	NA	NA	NA	NA	NA	NA	NA	NA	NA	NA	NA	NA
2	NA	NA	NA	NA	NA	NA	NA	NA	NA	NA	NA	NA	NA	NA	NA	NA	NA	NA	NA	NA	NA	NA	NA	NA	NA
3	NA	NA	NA	NA	NA	NA	NA	NA	NA	NA	NA	NA	NA	NA	NA	NA	NA	NA	NA	NA	NA	NA	NA	NA	NA
4	NA	NA	NA	NA	NA	NA	NA	NA	NA	NA	NA	NA	NA	NA	NA	NA	NA	NA	NA	NA	NA	NA	NA	NA	NA
5	NA	NA	NA	NA	NA	NA	NA	NA	NA	NA	NA	NA	NA	NA	NA	NA	NA	NA	NA	NA	NA	NA	NA	NA	NA
6	NA	NA	NA	NA	NA	NA	NA	NA	NA	NA	NA	NA	NA	NA	NA	NA	NA	NA	NA	NA	NA	NA	NA	NA	NA
7	NA	NA	NA	NA	NA	NA	NA	NA	NA	NA	NA	NA	NA	NA	NA	NA	NA	NA	NA	NA	NA	NA	NA	NA	NA
8	NA	NA	NA	NA	NA	NA	NA	NA	NA	NA	NA	NA	NA	NA	NA	NA	NA	NA	NA	NA	NA	NA	NA	NA	NA
9	NA	NA	NA	NA	NA	NA	NA	NA	NA	NA	NA	NA	NA	NA	NA	NA	NA	NA	NA	NA	NA	NA	NA	NA	NA
10	1	NA	NA	NA	NA	0.0384615	0.961538	NA	NA	NA	0.018018	NA	0.963964	0.018018	NA	NA	NA	NA	1	NA	NA	NA	NA	0.005	0.995
11	0.97515	0.0139157	0.00369982	0.00706831	0.000165663	0.0695205	0.908317	0.00573018	0.0159265	0.000505604	0.0234586	0.00695938	0.916331	0.0531728	7.81953e-05	0.0177598	0.00706357	0.017558	0.957619	NA	8.27075e-05	4.96245e-05	1.65415e-05	4.96245e-05	0.999802
12	0.972883	0.0135129	0.00518554	0.00826635	0.000152516	0.051354	0.93186	0.00520865	0.011516	6.10389e-05	0.011525	0.00429414	0.949541	0.034562	7.83126e-05	0.0104105	0.00490836	0.0215533	0.96297	0.000158334	2.48161e-05	2.48161e-05	1.2408e-05	4.96321e-05	0.999888
13	0.968921	0.0174295	0.00508411	0.00846474	0.000100486	0.0355575	0.950937	0.00405749	0.00933334	0.000114452	0.00796843	0.00356586	0.96808	0.0202712	0.000114912	0.0118584	0.00768691	0.0211376	0.959178	0.000138579	2.95349e-05	2.04472e-05	2.12045e-05	2.95349e-05	0.999899
14	0.966014	0.0187903	0.00561924	0.00944325	0.00013281	0.0331049	0.952229	0.00374532	0.0107804	0.000140701	0.0152045	0.00657722	0.945063	0.0329649	0.000190549	0.0142416	0.00961654	0.0176954	0.958206	0.000240263	5.68512e-05	3.79008e-05	3.64431e-05	5.68512e-05	0.999812
15	0.967624	0.0162037	0.0060318	0.00998581	0.000155059	0.0272878	0.954189	0.00448172	0.0139122	0.000129185	0.0145595	0.00647178	0.950527	0.0283599	8.16113e-05	0.015235	0.010223	0.0214702	0.952813	0.000258557	7.43574e-05	2.7884e-05	2.32367e-05	3.4855e-05	0.99984
16	0.965199	0.0152112	0.00750461	0.0119533	0.000131722	0.0252254	0.9578	0.00446624	0.0124104	9.77414e-05	0.0131578	0.00599026	0.952892	0.0278562	0.000103798	0.0192069	0.0124952	0.0283567	0.93981	0.000131726	5.55733e-05	3.64875e-05	3.14354e-05	3.76102e-05	0.999839
17	NA	NA	NA	NA	NA	NA	NA	NA	NA	NA	NA	NA	NA	NA	NA	NA	NA	NA	NA	NA	NA	NA	NA	NA	NA
18	1	NA	NA	NA	NA	NA	1	NA	NA	NA	NA	NA	1	NA	NA	NA	NA	NA	1	NA	NA	NA	NA	NA	1
19	1	NA	NA	NA	NA	NA	0.977273	NA	0.0227273	NA	NA	NA	1	NA	NA	NA	NA	NA	1	NA	NA	NA	NA	NA	1
20	0.996923	0.00205128	0.000512821	0.00034188	0.00017094	0.00770925	0.990363	0.000825991	0.00110132	NA	0.00145173	0.000120977	0.994556	0.00387128	NA	0.00149217	0.000248694	0.00323303	0.995026	NA	NA	4.59707e-05	4.59707e-05	NA	0.999908
21	0.997009	0.00204434	0.000481022	0.000435926	3.00639e-05	0.00407652	0.994531	0.000477251	0.000914731	NA	0.000725547	0.000294141	0.996764	0.00219625	1.96094e-05	0.000537363	0.000668962	0.00216042	0.9966	3.28998e-05	2.31838e-05	3.86397e-06	7.72795e-06	1.54559e-05	0.99995
22	0.996976	0.0021278	0.000425561	0.000447958	2.23979e-05	0.00470163	0.994105	0.00039783	0.000759494	3.61664e-05	0.00129721	0.000501194	0.995931	0.00227011	NA	0.000877424	0.0022813	0.00274195	0.994034	6.58068e-05	1.97661e-05	6.5887e-06	6.5887e-06	1.97661e-05	0.999947
23	0.997788	0.00135137	0.000334852	0.000514237	1.1959e-05	0.00322042	0.995464	0.000320356	0.000977929	1.68608e-05	0.000678076	0.000193736	0.997385	0.00169519	4.8434e-05	0.000346246	0.000595866	0.00122394	0.997826	8.05224e-06	2.1282e-05	3.04029e-06	9.12087e-06	2.43223e-05	0.999942
24	0.998492	0.000933238	0.000215363	0.000358938	NA	0.00284602	0.994947	0.000464657	0.00168438	5.80821e-05	0.00092802	0.000116003	0.996752	0.00220405	NA	0.000308737	0.000746115	0.0010034	0.997942	NA	1.97742e-05	9.88709e-06	2.96613e-05	1.97742e-05	0.999921
25	0.997914	0.00104318	0.000550565	0.000434657	5.79542e-05	0.00302115	0.99594	0.000188822	0.000849698	NA	0.000900455	0.000360182	0.997119	0.0015758	4.50227e-05	0.000394754	0.00190798	0.00116233	0.996513	2.19308e-05	5.66898e-05	2.42956e-05	1.61971e-05	2.42956e-05	0.999879
26	0.996824	0.00149991	0.000882301	0.000794071	NA	0.00244632	0.996331	0.000271813	0.000679532	0.000271813	0.000432214	0.000432214	0.997839	0.00115257	0.000144071	6.04778e-05	0.000604778	0.000786211	0.998428	0.000120956	7.11896e-05	4.74597e-05	4.74597e-05	9.49194e-05	0.999739
27	0.996283	0.0013675	0.00155247	0.00073197	6.4818e-05	0.00253739	0.995394	0.000517158	0.0015209	3.05709e-05	0.00184481	0.00062471	0.993733	0.00376179	3.60843e-05	0.00102468	0.000900712	0.00404331	0.993955	7.6488e-05	2.91456e-05	1.68498e-05	1.3662e-05	2.86902e-05	0.999912
28	0.998887	0.000430895	0.000359079	0.000251356	7.18159e-05	0.000437541	0.994624	0.000156265	0.00475045	3.12529e-05	0.00155591	0.000369528	0.996577	0.00147811	1.94488e-05	0.000577242	0.000649398	0.000360776	0.998413	NA	1.59876e-05	NA	7.9938e-06	7.9938e-06	0.999968
29	0.999482	0.000172801	NA	0.000172801	0.000172801	0.000966184	0.999034	NA	NA	NA	0.0010627	NA	0.998583	0.000354233	NA	0.000518135	NA	NA	0.998964	0.000518135	NA	NA	NA	NA	1
30	0.998103	0.000561924	0.000951278	0.000346568	3.70813e-05	0.000450175	0.998191	0.000314685	0.00103584	8.74126e-06	0.00106309	0.000190435	0.997775	0.000954268	1.67416e-05	0.000444341	0.001008	0.000666512	0.997854	2.67428e-05	1.41691e-05	6.13995e-06	6.13995e-06	2.36152e-05	0.99995
31	0.998549	0.000393308	0.000841651	0.000183902	3.22163e-05	0.000417269	0.998401	0.000229291	0.000937823	1.44598e-05	0.00079077	0.00010729	0.998478	0.000621887	1.98686e-06	0.000223408	0.000701294	0.000616962	0.998423	3.55086e-05	1.35281e-05	5.07305e-06	3.38203e-06	1.52191e-05	0.999963
32	0.999492	0.000237079	0.000149021	0.000101605	2.03211e-05	0.000218024	0.999507	2.84379e-05	0.000246462	NA	0.000145048	5.80192e-05	0.999536	0.000222407	3.86795e-05	5.26424e-05	0.000216419	0.000169625	0.999544	1.75475e-05	9.83785e-06	1.96757e-06	7.87028e-06	9.83785e-06	0.99997
33	0.999486	0.000237433	0.000171172	9.93904e-05	5.52169e-06	0.000390703	0.999282	7.17618e-05	0.000255153	NA	0.000223448	3.85256e-05	0.999491	0.000223448	2.31153e-05	4.73434e-05	0.000292668	0.000249629	0.999397	1.29118e-05	3.19089e-06	1.59545e-06	7.97723e-06	6.38178e-06	0.999981
34	0.998521	0.000327817	0.000982163	0.00012752	4.18627e-05	0.000243698	0.99856	0.000237631	0.000951535	7.07837e-06	0.000700522	0.000100466	0.998826	0.000358938	1.36999e-05	0.000160424	0.000699195	0.000623242	0.998475	4.18807e-05	1.68868e-05	6.15873e-06	6.55607e-06	1.45028e-05	0.999956
35	0.998948	0.000258274	0.000721648	4.55778e-05	2.6587e-05	0.000244195	0.999298	7.17481e-05	0.000385174	1.25874e-06	0.000366485	6.99885e-05	0.999397	0.00016161	5.09008e-06	5.6959e-05	0.000299035	0.000481481	0.999124	3.82693e-05	9.75135e-06	3.84144e-06	3.54595e-06	9.45586e-06	0.999973
36	0.99884	0.000204022	0.000827957	0.000100414	2.73856e-05	0.000109254	0.998833	0.000230568	0.000814437	1.27699e-05	0.000589945	6.47994e-05	0.99916	0.000176173	9.44991e-06	0.000110582	0.000695984	0.000238982	0.998916	3.82581e-05	1.48808e-05	6.58189e-06	4.57871e-06	1.41654e-05	0.99996
37	0.998551	0.000201502	0.00113471	7.66778e-05	3.62585e-05	0.000100238	0.998927	0.000245027	0.00071888	9.11256e-06	0.000546977	3.73646e-05	0.999271	0.000131814	1.24549e-05	7.2e-05	0.000589607	0.000260788	0.999043	3.45827e-05	1.53806e-05	5.18865e-06	7.22705e-06	1.40835e-05	0.999958
38	0.998505	0.00023354	0.00116008	6.70523e-05	3.39071e-05	6.83993e-05	0.998848	0.000204008	0.000871943	7.7321e-06	0.000539087	4.75311e-05	0.999328	7.03941e-05	1.50415e-05	6.71691e-05	0.000617497	0.000259517	0.999019	3.70193e-05	1.70024e-05	5.35693e-06	5.35693e-06	1.37417e-05	0.999959
39	0.998763	0.000218156	0.000920294	6.03068e-05	3.84233e-05	4.3677e-05	0.998863	0.000232853	0.000848972	1.13287e-05	0.000504419	3.61649e-05	0.999406	4.03481e-05	1.34944e-05	5.9842e-05	0.00058762	0.000166486	0.999149	3.65612e-05	1.66584e-05	5.94577e-06	5.20255e-06	1.39162e-05	0.999958
40	0.998784	0.000245228	0.000865052	5.75701e-05	4.7905e-05	2.88466e-05	0.998723	0.000269747	0.000964055	1.46494e-05	0.000485854	3.22546e-05	0.99944	2.55391e-05	1.58729e-05	5.6474e-05	0.00052587	0.00021689	0.999165	3.61387e-05	2.13543e-05	7.48954e-06	6.08297e-06	1.72077e-05	0.999948
