quality	AA	AC	AG	AT	A.	CA	CC	CG	CT	C.	GA	GC	GG	GT	G.	TA	TC	TG	TT	T.	.A	.C	.G	.T	..
0	NA	NA	NA	NA	NA	NA	NA	NA	NA	NA	NA	NA	NA	NA	NA	NA	NA	NA	NA	NA	NA	NA	NA	NA	NA
1	NA	NA	NA	NA	NA	NA	NA	NA	NA	NA	NA	NA	NA	NA	NA	NA	NA	NA	NA	NA	NA	NA	NA	NA	NA
2	NA	NA	NA	NA	NA	NA	NA	NA	NA	NA	NA	NA	NA	NA	NA	NA	NA	NA	NA	NA	NA	NA	NA	NA	NA
3	NA	NA	NA	NA	NA	NA	NA	NA	NA	NA	NA	NA	NA	NA	NA	NA	NA	NA	NA	NA	NA	NA	NA	NA	NA
4	NA	NA	NA	NA	NA	NA	NA	NA	NA	NA	NA	NA	NA	NA	NA	NA	NA	NA	NA	NA	NA	NA	NA	NA	NA
5	NA	NA	NA	NA	NA	NA	NA	NA	NA	NA	NA	NA	NA	NA	NA	NA	NA	NA	NA	NA	NA	NA	NA	NA	NA
6	NA	NA	NA	NA	NA	NA	NA	NA	NA	NA	NA	NA	NA	NA	NA	NA	NA	NA	NA	NA	NA	NA	NA	NA	NA
7	NA	NA	NA	NA	NA	NA	NA	NA	NA	NA	NA	NA	NA	NA	NA	NA	NA	NA	NA	NA	NA	NA	NA	NA	NA
8	NA	NA	NA	NA	NA	NA	NA	NA	NA	NA	NA	NA	NA	NA	NA	NA	NA	NA	NA	NA	NA	NA	NA	NA	NA
9	NA	NA	NA	NA	NA	NA	NA	NA	NA	NA	NA	NA	NA	NA	NA	NA	NA	NA	NA	NA	NA	NA	NA	NA	NA
10	NA	NA	NA	NA	NA	NA	NA	NA	NA	NA	NA	NA	NA	NA	NA	NA	NA	NA	NA	NA	NA	NA	NA	NA	NA
11	0.975146	0.0121893	0.00364097	0.00902327	NA	0.0595979	0.914792	0.00694112	0.0186692	NA	0.0220565	0.00724863	0.932277	0.0383142	0.000103552	0.0259099	0.00925355	0.0296114	0.935225	NA	4.59812e-05	4.59812e-05	NA	4.59812e-05	0.999862
12	0.969971	0.0136004	0.00750715	0.00888739	3.36644e-05	0.0377426	0.943742	0.0057415	0.0125067	0.000267046	0.0126561	0.00570379	0.952069	0.0294737	9.79192e-05	0.0114724	0.00771684	0.0267003	0.953853	0.000257228	1.77896e-05	2.66845e-05	2.66845e-05	4.44741e-05	0.999884
13	0.965666	0.0161973	0.00682953	0.0112047	0.0001029	0.0292838	0.95449	0.00468746	0.0113961	0.000142736	0.00877704	0.00441765	0.965904	0.0208435	5.82664e-05	0.014752	0.0101708	0.0238004	0.951117	0.000159704	3.66782e-05	2.24802e-05	1.30148e-05	3.90445e-05	0.999889
14	0.961377	0.016979	0.00741874	0.0140796	0.000146011	0.0283579	0.953411	0.00458121	0.0134742	0.0001762	0.0170176	0.00682508	0.942924	0.0330931	0.00014031	0.0175783	0.0121177	0.0211947	0.948866	0.000242893	5.32108e-05	5.09937e-05	4.21252e-05	5.32108e-05	0.9998
15	0.977685	0.00841261	0.00513385	0.00870381	6.47124e-05	0.0118515	0.975697	0.00267533	0.00970121	7.50094e-05	0.0135248	0.00554057	0.956849	0.0240253	6.04866e-05	0.0239733	0.0177661	0.0255335	0.932492	0.000234868	5.38235e-05	2.69117e-05	2.35478e-05	4.70956e-05	0.999849
16	0.966204	0.0110867	0.00903306	0.013519	0.000156797	0.0176334	0.961584	0.00502468	0.0155884	0.000169371	0.0160738	0.00704765	0.953634	0.02318	6.43889e-05	0.0181641	0.0123125	0.0187638	0.950561	0.000198277	8.14501e-05	4.00985e-05	3.75923e-05	6.516e-05	0.999776
17	NA	NA	NA	NA	NA	NA	NA	NA	NA	NA	NA	NA	NA	NA	NA	NA	NA	NA	NA	NA	NA	NA	NA	NA	NA
18	NA	NA	NA	NA	NA	NA	NA	NA	NA	NA	NA	NA	NA	NA	NA	NA	NA	NA	NA	NA	NA	NA	NA	NA	NA
19	NA	NA	NA	NA	NA	NA	NA	NA	NA	NA	NA	NA	NA	NA	NA	NA	NA	NA	NA	NA	NA	NA	NA	NA	NA
20	0.995772	0.002537	0.000422833	0.000845666	0.000422833	0.00614754	0.992486	NA	0.00136612	NA	0.000972999	0.00024325	0.995865	0.002919	NA	0.00268384	NA	0.00429415	0.993022	NA	NA	NA	NA	NA	1
21	0.997172	0.00149353	0.000508437	0.00082621	NA	0.0029448	0.995702	0.000517331	0.000835688	NA	0.000351851	0.000195473	0.997381	0.00207201	NA	0.00125311	0.00061556	0.0026601	0.995427	4.39686e-05	3.92083e-05	NA	7.84166e-06	7.84166e-06	0.999945
22	0.99641	0.00162891	0.000573135	0.0012066	0.00018099	0.00462294	0.993306	0.000577868	0.00149282	NA	0.00152403	0.000312622	0.995506	0.00265729	NA	0.00154132	0.00156986	0.00336806	0.993521	NA	NA	NA	1.74682e-05	1.74682e-05	0.999965
23	0.997039	0.00128908	0.000624396	0.000966806	8.05672e-05	0.00196621	0.996455	0.000581556	0.000996954	NA	0.000923288	0.000501213	0.996307	0.00226865	NA	0.00111879	0.000679266	0.00162491	0.996577	NA	NA	1.00698e-05	1.00698e-05	1.51047e-05	0.999965
24	0.998162	0.00104327	0.000298077	0.000447116	4.96796e-05	0.00237203	0.996021	0.000765169	0.000841686	NA	0.00103436	0.00029553	0.996306	0.00236424	NA	0.000537797	0.000470572	0.00154617	0.997378	6.72246e-05	NA	NA	2.61609e-05	1.30804e-05	0.999961
25	0.997431	0.000950102	0.000738968	0.000844535	3.5189e-05	0.00150376	0.996937	0.000724032	0.000835422	NA	0.00109024	0.000792904	0.995342	0.00277516	NA	0.00122012	0.00124502	0.00156873	0.995916	4.98008e-05	4.68735e-05	1.87494e-05	9.37471e-06	2.81241e-05	0.999897
26	0.997558	0.00105359	0.000766247	0.000574685	4.78904e-05	0.00219744	0.996012	0.000406934	0.00138358	NA	0.000998668	0.000665779	0.994923	0.00341212	NA	0.000346566	0.000819156	0.00094518	0.997858	3.1506e-05	5.2019e-05	1.30047e-05	2.60095e-05	5.2019e-05	0.999857
27	0.996112	0.000966219	0.0015868	0.00126996	6.5462e-05	0.0011874	0.996389	0.000611938	0.00177097	4.05257e-05	0.00245427	0.00113624	0.992351	0.00402403	3.49611e-05	0.00106056	0.00122633	0.00371694	0.993912	8.38857e-05	3.36281e-05	2.09241e-05	1.41985e-05	3.06389e-05	0.999901
28	0.998335	0.000287059	0.000516707	0.000803766	5.74119e-05	0.000208812	0.995615	0.000104406	0.00407183	NA	0.00294321	0.000750818	0.995135	0.00111121	6.00655e-05	0.000106644	0.000959795	0.000426576	0.998507	NA	2.52452e-05	2.52452e-05	NA	1.26226e-05	0.999937
29	1	NA	NA	NA	NA	NA	0.998991	NA	0.00100908	NA	0.00030021	NA	0.9997	NA	NA	NA	NA	NA	1	NA	NA	NA	NA	NA	1
30	0.997794	0.000489405	0.00100868	0.000668624	3.90605e-05	0.000372872	0.998139	0.000266337	0.0012145	7.10232e-06	0.00135488	0.000347404	0.997464	0.000821137	1.26329e-05	0.000619157	0.00111521	0.000687952	0.997549	2.89664e-05	1.45368e-05	4.59057e-06	6.12076e-06	2.37179e-05	0.999951
31	0.998596	0.00025144	0.000875092	0.00025342	2.37581e-05	0.000174302	0.998603	0.000264458	0.000949645	9.01562e-06	0.000945313	0.000192459	0.998271	0.000580207	1.13211e-05	0.000299878	0.000756615	0.000689719	0.998228	2.53743e-05	2.50321e-05	8.76124e-06	8.13543e-06	2.56579e-05	0.999932
32	0.999691	0.000109614	0.000149474	3.98597e-05	9.96492e-06	0.000133668	0.999559	6.68342e-05	0.000227236	1.33668e-05	0.000394263	5.43811e-05	0.999266	0.000271905	1.35953e-05	0.00010698	0.000249621	0.000267451	0.999358	1.78301e-05	5.63715e-06	2.81858e-06	NA	5.63715e-06	0.999986
33	0.999626	0.000143818	0.000143818	5.03362e-05	3.59544e-05	9.18799e-05	0.999612	1.02089e-05	0.000285848	NA	0.000201147	3.0172e-05	0.999366	0.000402293	NA	3.74726e-05	0.000278368	0.000401492	0.999245	3.74726e-05	6.05465e-06	4.03643e-06	4.03643e-06	8.07287e-06	0.999978
34	0.99852	0.000280713	0.000953254	0.000206636	3.89879e-05	0.000125109	0.998611	0.000250218	0.000991604	2.16238e-05	0.000826422	0.000186179	0.998663	0.000320121	4.01826e-06	0.000208103	0.000835629	0.000419423	0.998486	5.04166e-05	1.67252e-05	8.3626e-06	5.37596e-06	1.82185e-05	0.999951
35	0.999284	0.000134293	0.000512436	4.71205e-05	2.23822e-05	1.88194e-05	0.999564	7.05727e-05	0.000343454	3.13657e-06	0.000386491	6.50008e-05	0.999287	0.00025649	5.27033e-06	5.5629e-05	0.000374132	0.000458121	0.999082	3.05414e-05	1.043e-05	4.24925e-06	2.70407e-06	1.19752e-05	0.999971
36	0.998865	0.000147624	0.00080345	0.000148252	3.51784e-05	5.13929e-05	0.998933	0.000192723	0.000807461	1.58132e-05	0.000585486	8.50476e-05	0.999174	0.000143238	1.25333e-05	0.000122882	0.000783647	0.000253122	0.998799	4.12059e-05	1.73273e-05	1.0042e-05	3.74113e-06	1.65397e-05	0.999952
37	0.998686	0.000114164	0.00108415	8.01574e-05	3.56255e-05	5.30261e-05	0.999033	0.000258153	0.000648872	6.97712e-06	0.000521585	6.50252e-05	0.999305	9.82295e-05	9.6846e-06	8.33183e-05	0.000759037	0.000238489	0.998873	4.58633e-05	2.31045e-05	7.28295e-06	5.27386e-06	1.75795e-05	0.999947
38	0.998566	0.000140266	0.00119747	6.16032e-05	3.50665e-05	2.71889e-05	0.998904	0.000224308	0.000833036	1.13287e-05	0.000476303	6.02729e-05	0.999388	6.76233e-05	8.08539e-06	6.49149e-05	0.000699046	0.000227202	0.998958	5.08661e-05	2.12899e-05	8.89511e-06	5.10375e-06	1.60404e-05	0.999949
39	0.998784	0.000165219	0.000959611	5.27743e-05	3.8599e-05	2.48362e-05	0.998847	0.000293948	0.000823054	1.08462e-05	0.000439047	4.35742e-05	0.999464	4.19213e-05	1.18702e-05	5.87845e-05	0.000634297	0.000186076	0.999081	3.94297e-05	2.15571e-05	8.99899e-06	5.29523e-06	1.82295e-05	0.999946
40	0.998832	0.000229453	0.000841511	4.61465e-05	5.08068e-05	1.83348e-05	0.998781	0.000236491	0.00095341	1.06149e-05	0.000464868	4.53137e-05	0.999448	2.76022e-05	1.44912e-05	5.42973e-05	0.000518701	0.000250586	0.999138	3.83857e-05	2.81711e-05	1.13438e-05	6.25093e-06	2.08736e-05	0.999933
