quality	AA	AC	AG	AT	A.	CA	CC	CG	CT	C.	GA	GC	GG	GT	G.	TA	TC	TG	TT	T.	.A	.C	.G	.T	..
0	NA	NA	NA	NA	NA	NA	NA	NA	NA	NA	NA	NA	NA	NA	NA	NA	NA	NA	NA	NA	NA	NA	NA	NA	NA
1	NA	NA	NA	NA	NA	NA	NA	NA	NA	NA	NA	NA	NA	NA	NA	NA	NA	NA	NA	NA	NA	NA	NA	NA	NA
2	NA	NA	NA	NA	NA	NA	NA	NA	NA	NA	NA	NA	NA	NA	NA	NA	NA	NA	NA	NA	NA	NA	NA	NA	NA
3	NA	NA	NA	NA	NA	NA	NA	NA	NA	NA	NA	NA	NA	NA	NA	NA	NA	NA	NA	NA	NA	NA	NA	NA	NA
4	NA	NA	NA	NA	NA	NA	NA	NA	NA	NA	NA	NA	NA	NA	NA	NA	NA	NA	NA	NA	NA	NA	NA	NA	NA
5	NA	NA	NA	NA	NA	NA	NA	NA	NA	NA	NA	NA	NA	NA	NA	NA	NA	NA	NA	NA	NA	NA	NA	NA	NA
6	NA	NA	NA	NA	NA	NA	NA	NA	NA	NA	NA	NA	NA	NA	NA	NA	NA	NA	NA	NA	NA	NA	NA	NA	NA
7	NA	NA	NA	NA	NA	NA	NA	NA	NA	NA	NA	NA	NA	NA	NA	NA	NA	NA	NA	NA	NA	NA	NA	NA	NA
8	NA	NA	NA	NA	NA	NA	NA	NA	NA	NA	NA	NA	NA	NA	NA	NA	NA	NA	NA	NA	NA	NA	NA	NA	NA
9	NA	NA	NA	NA	NA	NA	NA	NA	NA	NA	NA	NA	NA	NA	NA	NA	NA	NA	NA	NA	NA	NA	NA	NA	NA
10	0.989362	NA	NA	0.0106383	NA	0.047619	0.857143	0.0238095	0.0714286	NA	0.008	NA	0.976	0.016	NA	0.037037	NA	0.037037	0.925926	NA	NA	NA	NA	NA	1
11	0.971343	0.0124038	0.00394815	0.0119102	0.000394815	0.0604942	0.901507	0.0197762	0.0181444	7.77061e-05	0.0182121	0.00540332	0.925873	0.0504149	9.64878e-05	0.0239628	0.00321888	0.0177635	0.954936	0.000119218	4.71965e-05	1.88786e-05	0.000103832	2.83179e-05	0.999802
12	0.972319	0.0165744	0.0044806	0.00655952	6.64496e-05	0.0593191	0.9199	0.00525649	0.015395	0.000129612	0.0124109	0.00450307	0.943836	0.0391397	0.000109831	0.0113096	0.00523913	0.0216163	0.961756	7.91807e-05	5.70812e-05	1.99784e-05	2.28325e-05	1.71244e-05	0.999883
13	0.962323	0.0212888	0.00649008	0.00975916	0.000139251	0.044332	0.938683	0.00557822	0.0112777	0.00012935	0.00848488	0.00370019	0.96416	0.0235568	9.8121e-05	0.0134123	0.00733165	0.0234613	0.955597	0.000197729	4.32803e-05	2.35103e-05	3.09909e-05	3.31282e-05	0.999869
14	0.964256	0.0195423	0.00603768	0.00998773	0.000176135	0.038835	0.944484	0.00564342	0.0109095	0.000128649	0.0122588	0.00549832	0.951805	0.0303473	9.07183e-05	0.0144971	0.00898766	0.0220599	0.954247	0.000208323	4.17623e-05	3.54071e-05	3.08678e-05	4.3578e-05	0.999848
15	0.964174	0.0181324	0.0062968	0.0112563	0.000140771	0.0320715	0.949437	0.00525762	0.0131365	9.76416e-05	0.0112148	0.00909461	0.952618	0.0269485	0.000123806	0.0161002	0.00792107	0.0243389	0.951488	0.000152201	4.09149e-05	2.20311e-05	2.51784e-05	3.77676e-05	0.999874
16	0.963186	0.0168235	0.00766418	0.0122219	0.000104339	0.0270533	0.955559	0.00433493	0.0129846	6.81072e-05	0.0102971	0.00535243	0.959041	0.0252239	8.52534e-05	0.0183434	0.0125268	0.0265744	0.942409	0.000146201	5.26909e-05	2.82272e-05	1.91945e-05	3.65072e-05	0.999863
17	NA	NA	NA	NA	NA	NA	NA	NA	NA	NA	NA	NA	NA	NA	NA	NA	NA	NA	NA	NA	NA	NA	NA	NA	NA
18	1	NA	NA	NA	NA	NA	0.888889	0.111111	NA	NA	NA	NA	1	NA	NA	NA	NA	NA	1	NA	NA	NA	NA	NA	1
19	1	NA	NA	NA	NA	NA	0.982456	NA	0.0175439	NA	NA	NA	0.990741	0.00925926	NA	NA	NA	NA	1	NA	NA	NA	NA	NA	1
20	0.995874	0.00245003	0.000257898	0.000644745	0.000773694	0.00889497	0.970407	0.0193295	0.0011974	0.000171057	0.00176449	NA	0.993128	0.00510773	NA	0.0016942	0.000211775	0.00275307	0.995341	NA	NA	6.87687e-05	3.43843e-05	6.87687e-05	0.999828
21	0.992286	0.00645229	0.000729661	0.000500339	3.12712e-05	0.00613305	0.991724	0.00100131	0.00114212	NA	0.000606078	0.000360761	0.996364	0.0026552	1.44304e-05	0.000752622	0.00040767	0.00268906	0.99608	7.05584e-05	1.96329e-05	8.41409e-06	1.40235e-05	2.8047e-06	0.999955
22	0.996094	0.00263267	0.0007154	0.000472164	8.5848e-05	0.00658247	0.988882	0.00300049	0.00148861	4.65192e-05	0.00117139	0.000308261	0.995088	0.00341143	2.05508e-05	0.00111085	0.000555426	0.00422416	0.994022	8.76988e-05	3.04536e-05	1.30515e-05	3.48041e-05	1.30515e-05	0.999909
23	0.994708	0.00419923	0.000687736	0.000364095	4.0455e-05	0.00436036	0.993873	0.000350833	0.00135321	6.26488e-05	0.000652766	0.00023401	0.996822	0.00227852	1.23163e-05	0.00037159	0.000301917	0.00197988	0.997248	9.87035e-05	1.31403e-05	2.84707e-05	2.62807e-05	1.97105e-05	0.999912
24	0.990866	0.00818055	0.000753763	0.000177356	2.21695e-05	0.00360257	0.994596	0.000573136	0.00114627	8.18766e-05	0.000565696	3.77131e-05	0.996681	0.00267763	3.77131e-05	0.000413599	0.000314335	0.00138969	0.9978	8.27198e-05	1.9179e-05	1.2786e-05	2.5572e-05	3.1965e-05	0.99991
25	0.997412	0.00176648	0.000472226	0.000279838	6.99594e-05	0.00428149	0.993608	0.000572876	0.00144727	9.04541e-05	0.000858516	0.000343407	0.996337	0.00246108	NA	0.000331643	0.000373098	0.00320588	0.995951	0.000138185	1.5182e-05	2.02426e-05	3.03639e-05	1.5182e-05	0.999919
26	0.995917	0.00188921	0.00164544	0.000487537	6.09422e-05	0.00328738	0.995652	0.000212089	0.000848356	NA	0.000439657	0.000109914	0.996703	0.00274786	NA	0.000702102	0.000289101	0.000908603	0.997563	0.000536902	1.69322e-05	1.69322e-05	NA	3.38644e-05	0.999932
27	0.996375	0.00178061	0.00113721	0.000645655	6.18659e-05	0.00280281	0.994472	0.0014486	0.00124529	3.086e-05	0.00138069	0.00117319	0.99445	0.00298485	1.11732e-05	0.00107465	0.00134745	0.00368873	0.9937	0.000189212	2.98064e-05	1.44225e-05	1.5384e-05	3.10884e-05	0.999909
28	0.992887	0.00634356	0.000451216	0.000185795	0.00013271	0.000492509	0.996423	0.00184043	0.00124423	NA	0.00122821	0.00741159	0.98985	0.00149644	1.41173e-05	0.000241955	0.000290346	0.000241955	0.999226	NA	3.57748e-05	NA	NA	5.96246e-06	0.999958
29	0.999144	0.000489297	0.000122324	NA	0.000244648	0.00163666	0.961993	0.0361884	0.000181851	NA	0.000503567	NA	0.999077	0.000335711	8.39278e-05	0.000327011	NA	0.000327011	0.999346	NA	NA	NA	3.49138e-05	NA	0.999965
30	0.997352	0.00130276	0.00100523	0.000274153	6.58817e-05	0.000476729	0.998045	0.000550072	0.000923453	5.00065e-06	0.000786626	0.000177625	0.998225	0.0008009	9.51564e-06	0.000389859	0.000709666	0.00120156	0.997644	5.4824e-05	1.98555e-05	7.44582e-06	7.09126e-06	2.19829e-05	0.999944
31	0.997575	0.00141018	0.000821054	0.000157377	3.62382e-05	0.000486683	0.998715	6.55465e-05	0.000727566	4.91599e-06	0.000545912	0.000712256	0.998166	0.000567083	9.07333e-06	0.000217931	0.00061879	0.00111111	0.997982	7.0009e-05	1.89013e-05	5.21415e-06	6.51769e-06	1.36871e-05	0.999956
32	0.995473	0.00395631	0.000516743	2.69137e-05	2.69137e-05	0.000277513	0.999347	9.79456e-05	0.00026935	8.16213e-06	0.000188488	3.49052e-05	0.999574	0.00020245	NA	6.67828e-05	0.000113017	0.000457205	0.999296	6.67828e-05	6.42787e-06	3.21394e-06	8.03484e-06	8.03484e-06	0.999974
33	0.995327	0.00401781	0.000600117	2.97931e-05	2.55369e-05	0.000414071	0.999165	4.45922e-05	0.000363108	1.27406e-05	0.000161133	5.9679e-05	0.999558	0.000220812	NA	6.89187e-05	0.000112446	0.000446158	0.999249	0.000123328	6.3826e-06	5.10608e-06	3.82956e-06	1.14887e-05	0.999973
34	0.998001	0.000928915	0.000902875	0.000107163	5.95908e-05	0.000237332	0.998064	0.0010218	0.000668991	7.96417e-06	0.000621483	0.000918214	0.998056	0.00039157	1.29326e-05	0.000188903	0.000633096	0.00102655	0.998046	0.000105246	1.78859e-05	5.24243e-06	4.93405e-06	1.54189e-05	0.999957
35	0.998884	0.000496817	0.000524319	4.52458e-05	4.96817e-05	0.000263776	0.998155	0.00128591	0.000293215	2.35514e-06	0.000458244	0.00077448	0.998555	0.000205255	7.16006e-06	8.17034e-05	0.000472769	0.000858282	0.998451	0.000136437	1.39084e-05	8.29156e-06	6.68674e-06	9.62891e-06	0.999961
36	0.997892	0.00106404	0.000929559	6.05737e-05	5.37163e-05	9.64976e-05	0.998935	0.00031603	0.000650152	2.41244e-06	0.000500556	0.000830455	0.998464	0.0001952	1.02737e-05	0.000133833	0.000515727	0.000756542	0.998512	8.14082e-05	1.7426e-05	6.20653e-06	5.25168e-06	1.81422e-05	0.999953
37	0.997835	0.00108866	0.000980142	5.22676e-05	4.38052e-05	0.000110468	0.999146	9.57968e-05	0.00064555	2.5891e-06	0.000372956	0.000404697	0.99908	0.000132254	9.69863e-06	0.00011619	0.000621384	0.000820301	0.998333	0.000108754	1.86016e-05	6.66559e-06	6.8206e-06	1.65865e-05	0.999951
38	0.997759	0.00108615	0.00105612	4.67493e-05	5.18678e-05	6.2321e-05	0.999147	0.000170163	0.000615081	5.41921e-06	0.000440968	0.00101787	0.998442	9.06249e-05	8.84145e-06	0.000117292	0.000559395	0.000736837	0.998482	0.000104594	1.82777e-05	6.26665e-06	6.68443e-06	1.62933e-05	0.999952
39	0.998041	0.000922051	0.000939745	3.79273e-05	5.95532e-05	4.95767e-05	0.998843	0.000460072	0.00064344	3.96614e-06	0.000453408	0.000822502	0.998646	6.5667e-05	1.22543e-05	0.000127364	0.000567112	0.000683036	0.998535	8.77056e-05	1.75356e-05	7.08358e-06	6.09287e-06	1.96904e-05	0.99995
40	0.998198	0.000734464	0.000968885	3.53597e-05	6.34009e-05	3.19655e-05	0.999053	0.000248608	0.000660426	5.83313e-06	0.000511751	0.000835189	0.998598	4.12356e-05	1.37004e-05	0.000143111	0.000547225	0.000614602	0.998625	6.97436e-05	2.02372e-05	7.71837e-06	6.16529e-06	2.52965e-05	0.999941
