quality	AA	AC	AG	AT	A.	CA	CC	CG	CT	C.	GA	GC	GG	GT	G.	TA	TC	TG	TT	T.	.A	.C	.G	.T	..
0	NA	NA	NA	NA	NA	NA	NA	NA	NA	NA	NA	NA	NA	NA	NA	NA	NA	NA	NA	NA	NA	NA	NA	NA	NA
1	NA	NA	NA	NA	NA	NA	NA	NA	NA	NA	NA	NA	NA	NA	NA	NA	NA	NA	NA	NA	NA	NA	NA	NA	NA
2	NA	NA	NA	NA	NA	NA	NA	NA	NA	NA	NA	NA	NA	NA	NA	NA	NA	NA	NA	NA	NA	NA	NA	NA	NA
3	NA	NA	NA	NA	NA	NA	NA	NA	NA	NA	NA	NA	NA	NA	NA	NA	NA	NA	NA	NA	NA	NA	NA	NA	NA
4	NA	NA	NA	NA	NA	NA	NA	NA	NA	NA	NA	NA	NA	NA	NA	NA	NA	NA	NA	NA	NA	NA	NA	NA	NA
5	NA	NA	NA	NA	NA	NA	NA	NA	NA	NA	NA	NA	NA	NA	NA	NA	NA	NA	NA	NA	NA	NA	NA	NA	NA
6	NA	NA	NA	NA	NA	NA	NA	NA	NA	NA	NA	NA	NA	NA	NA	NA	NA	NA	NA	NA	NA	NA	NA	NA	NA
7	NA	NA	NA	NA	NA	NA	NA	NA	NA	NA	NA	NA	NA	NA	NA	NA	NA	NA	NA	NA	NA	NA	NA	NA	NA
8	NA	NA	NA	NA	NA	NA	NA	NA	NA	NA	NA	NA	NA	NA	NA	NA	NA	NA	NA	NA	NA	NA	NA	NA	NA
9	NA	NA	NA	NA	NA	NA	NA	NA	NA	NA	NA	NA	NA	NA	NA	NA	NA	NA	NA	NA	NA	NA	NA	NA	NA
10	NA	NA	NA	NA	NA	NA	NA	NA	NA	NA	NA	NA	NA	NA	NA	NA	NA	NA	NA	NA	NA	NA	NA	NA	NA
11	0.979091	0.00601685	0.00345969	0.0109807	0.000451264	0.0465851	0.909988	0.0252665	0.0181603	NA	0.0187731	0.00677062	0.941526	0.0327247	0.00020517	0.0337722	0.0057241	0.00973097	0.949628	0.00114482	NA	NA	0.000215527	4.31053e-05	0.999741
12	0.974781	0.013383	0.0041664	0.00760684	6.31273e-05	0.0344211	0.947334	0.0052196	0.0128844	0.00014107	0.0145082	0.00554633	0.949895	0.0298624	0.000188011	0.0140874	0.00714653	0.0217481	0.956915	0.000102828	4.79603e-05	2.87762e-05	2.87762e-05	9.59205e-06	0.999885
13	0.966033	0.0175224	0.00620737	0.0100761	0.000160835	0.0290785	0.955336	0.00461236	0.0108081	0.000165219	0.00968315	0.00441872	0.963923	0.0218641	0.000111451	0.0153951	0.0098861	0.0228663	0.951594	0.000258742	5.19031e-05	4.62919e-05	1.40279e-05	4.62919e-05	0.999841
14	0.964342	0.0158436	0.00657381	0.0130858	0.000154496	0.0293995	0.951428	0.00576112	0.0132328	0.000178179	0.0178153	0.00742947	0.943477	0.0310587	0.000219807	0.018113	0.011973	0.0217151	0.947882	0.000317233	4.97349e-05	4.47614e-05	3.97879e-05	8.45494e-05	0.999781
15	0.977161	0.00798431	0.00526382	0.00951537	7.59205e-05	0.0115011	0.976188	0.00317894	0.008967	0.000164945	0.0145263	0.0104277	0.949581	0.0253168	0.000147816	0.029889	0.014935	0.0289591	0.925875	0.000341588	7.00782e-05	3.11459e-05	6.61849e-05	7.00782e-05	0.999763
16	0.96121	0.0127045	0.0105764	0.0153461	0.000162941	0.0182572	0.958542	0.00540862	0.0176535	0.000138683	0.0194118	0.00977648	0.943881	0.0267501	0.00018032	0.0214294	0.0150291	0.0200885	0.943043	0.000409716	0.000114183	8.48218e-05	4.89356e-05	0.000114183	0.999638
17	NA	NA	NA	NA	NA	NA	NA	NA	NA	NA	NA	NA	NA	NA	NA	NA	NA	NA	NA	NA	NA	NA	NA	NA	NA
18	NA	NA	NA	NA	NA	NA	NA	NA	NA	NA	NA	NA	NA	NA	NA	NA	NA	NA	NA	NA	NA	NA	NA	NA	NA
19	NA	NA	NA	NA	NA	NA	NA	NA	NA	NA	NA	NA	NA	NA	NA	NA	NA	NA	NA	NA	NA	NA	NA	NA	NA
20	0.9975	0.0015	0.0005	NA	0.0005	0.00129618	0.974076	0.0226831	0.00129618	0.000648088	0.00228236	NA	0.995435	0.00228236	NA	0.0015625	NA	0.00078125	0.997656	NA	NA	0.000126807	NA	NA	0.999873
21	0.993107	0.00570971	0.000452599	0.000731121	NA	0.00250088	0.995248	0.00140049	0.000850298	NA	0.00101094	0.00027571	0.996646	0.00206782	NA	0.000638072	0.000449013	0.00184332	0.99707	NA	2.66061e-05	NA	8.86871e-06	1.77374e-05	0.999947
22	0.995977	0.00244728	0.000737537	0.000704013	0.000134098	0.00359693	0.991801	0.00312087	0.00142819	5.28961e-05	0.00120511	0.000674861	0.994312	0.00371174	9.64088e-05	0.00163232	0.00112222	0.00527103	0.991906	6.80133e-05	2.02398e-05	NA	NA	1.01199e-05	0.99997
23	0.99505	0.00361788	0.00075465	0.00055489	2.21956e-05	0.00279577	0.995329	0.00078418	0.00109103	NA	0.00140219	0.000547196	0.995759	0.00229138	NA	0.00109914	0.000549571	0.00211978	0.996106	0.000125616	1.79433e-05	5.98111e-06	5.98111e-06	5.383e-05	0.999916
24	0.993368	0.00562394	0.000583616	0.000424448	NA	0.00271917	0.995687	0.000656353	0.000843882	9.37647e-05	0.00122915	0.000438982	0.996576	0.00175593	NA	0.000705376	0.00037125	0.00185625	0.99703	3.7125e-05	1.47527e-05	2.95055e-05	2.95055e-05	NA	0.999926
25	0.996461	0.00167244	0.000777877	0.000777877	0.000311151	0.00220236	0.995401	0.000712528	0.00168416	NA	0.00165321	0.00108094	0.993896	0.00337	NA	0.00110346	0.000551732	0.00357174	0.994541	0.000232308	1.09601e-05	2.19202e-05	2.19202e-05	3.28803e-05	0.999912
26	0.994958	0.00235642	0.00175362	0.000876808	5.48005e-05	0.00144914	0.996812	0.000193218	0.00154574	NA	0.000564717	0.000903546	0.995821	0.00271064	NA	0.000186033	0.000483685	0.00204636	0.997098	0.000186033	4.67086e-05	1.55695e-05	1.55695e-05	1.55695e-05	0.999907
27	0.996055	0.00119897	0.00133253	0.00132632	8.69719e-05	0.00151494	0.99532	0.00156334	0.0015827	1.93602e-05	0.00283195	0.00191708	0.990236	0.00497775	3.74267e-05	0.00145744	0.00129052	0.00394631	0.993067	0.00023917	5.83128e-05	2.82452e-05	2.73341e-05	3.46232e-05	0.999851
28	0.991905	0.00597049	0.00114817	0.000975946	NA	0.000385902	0.996334	0.00160792	0.00167224	NA	0.00307712	0.0107071	0.984677	0.00153856	NA	0.000694444	0.000198413	0.000396825	0.998413	0.000297619	1.33554e-05	2.67108e-05	NA	NA	0.99996
29	1	NA	NA	NA	NA	NA	0.956778	0.043222	NA	NA	0.00120446	NA	0.998193	0.000602228	NA	NA	NA	NA	1	NA	NA	NA	0.000149054	NA	0.999851
30	0.996744	0.00123985	0.00128218	0.000629884	0.000104566	0.000313023	0.997194	0.00110911	0.00137576	7.72896e-06	0.0015771	0.000475972	0.996995	0.000951945	NA	0.000687557	0.000983322	0.00130213	0.996973	5.37754e-05	2.16678e-05	6.66703e-06	8.33378e-06	2.00011e-05	0.999943
31	0.997654	0.0011192	0.000881257	0.000286409	5.94849e-05	0.000200381	0.998703	0.000101889	0.000991716	3.39629e-06	0.000947013	0.000963229	0.997422	0.000661612	6.48639e-06	0.000408273	0.00067701	0.00116539	0.997672	7.75202e-05	2.88867e-05	9.1592e-06	1.40911e-05	2.6773e-05	0.999921
32	0.995511	0.00390384	0.000509667	6.50639e-05	1.0844e-05	6.24346e-05	0.999579	4.6826e-05	0.000312173	NA	0.000191143	5.88132e-05	0.999441	0.000308769	NA	5.79643e-05	0.000164232	0.000289821	0.999411	7.72857e-05	NA	NA	3.10691e-06	1.24276e-05	0.999984
33	0.99586	0.00352609	0.000561142	4.5498e-05	7.583e-06	9.18316e-05	0.99961	3.44368e-05	0.000264016	NA	0.0001981	7.70391e-05	0.999208	0.000506257	1.10056e-05	4.78183e-05	0.000191273	0.000681411	0.999026	5.37956e-05	2.21984e-06	NA	NA	2.44183e-05	0.999973
34	0.997901	0.00091777	0.000888989	0.000223846	6.82198e-05	0.000126839	0.997871	0.00115355	0.000843306	5.14211e-06	0.000896648	0.00111178	0.997582	0.000394164	1.50444e-05	0.000272168	0.000703799	0.00092561	0.997987	0.000111505	2.81852e-05	1.2932e-05	1.52532e-05	2.58641e-05	0.999918
35	0.999411	0.000225589	0.000254697	5.70036e-05	5.21523e-05	2.70758e-05	0.998654	0.00110374	0.000213421	1.59269e-06	0.000422389	0.000614384	0.998746	0.000207021	1.00171e-05	7.78673e-05	0.000209643	0.000757109	0.998783	0.000172506	1.44162e-05	6.40719e-06	7.20809e-06	1.04117e-05	0.999962
36	0.997777	0.00112925	0.000887178	0.000143937	6.28091e-05	7.8638e-05	0.998815	0.00039319	0.000708805	4.2507e-06	0.00062611	0.000924717	0.99825	0.00018687	1.25222e-05	0.000168921	0.000573869	0.000689568	0.998469	9.87301e-05	2.37397e-05	1.18698e-05	8.74619e-06	2.2282e-05	0.999933
37	0.997796	0.00116845	0.000893319	8.66146e-05	5.51956e-05	4.39529e-05	0.999119	0.000124281	0.000706278	6.06247e-06	0.000435178	0.000504984	0.998913	0.000138128	8.91149e-06	0.000117884	0.000537027	0.00073923	0.998445	0.000160453	1.90325e-05	1.2599e-05	1.47435e-05	2.19812e-05	0.999932
38	0.997717	0.00113973	0.00101551	7.63688e-05	5.12347e-05	5.58404e-05	0.998981	0.000281562	0.000669299	1.25838e-05	0.00045679	0.000998423	0.998417	0.000108327	1.96957e-05	0.000115199	0.000544576	0.000774474	0.998415	0.000151105	2.22127e-05	1.18568e-05	1.12564e-05	2.14622e-05	0.999933
39	0.997837	0.00106484	0.000967364	6.66421e-05	6.37696e-05	4.54689e-05	0.998705	0.000549001	0.000691834	8.35471e-06	0.000445338	0.000846296	0.998615	7.43761e-05	1.85175e-05	0.000121452	0.000540922	0.000648799	0.998587	0.000101632	2.5703e-05	1.37862e-05	1.30852e-05	2.35124e-05	0.999924
40	0.997996	0.000859054	0.000998802	7.72894e-05	6.89555e-05	5.34844e-05	0.998924	0.000334039	0.000676176	1.21122e-05	0.000474675	0.000773143	0.998663	6.30492e-05	2.63332e-05	0.000181533	0.000575856	0.000651212	0.998524	6.71281e-05	2.80157e-05	1.59739e-05	1.49089e-05	2.96404e-05	0.999911
