ks_quality_p_value	fisher_strand_p_value	bias_p_value	bias_e_value
0.998595	1	0.999999	29903
0.735423	1	0.961425	28749.5
0.733202	1	0.960739	28729
0.924365	1	0.997065	29815.2
0.78785	1	0.975711	29176.7
1	1	1	29903
0.741664	1	0.963317	28806.1
0.293006	1	0.652689	19517.3
1	1	1	29903
0.0794839	0.000120875	0.000120604	3.60641
0.892946	1	0.994053	29725.2
1	4.32005e-55	5.451e-53	1.63001e-48
0.998478	9.99251e-16	3.54604e-14	1.06037e-09
0.987366	4.33032e-50	4.90311e-48	1.46618e-43
1	2.66504e-50	3.06876e-48	9.17653e-44
0.982282	4.35311e-50	4.90353e-48	1.4663e-43
0.177647	0.00014836	0.000304247	9.0979
0.269611	0.000159529	0.000475442	14.2171
0.807901	1.49423e-17	4.82342e-16	1.44235e-11
0.184608	1.07775e-17	8.30834e-17	2.48444e-12
0.0864501	1.4859e-17	5.42037e-17	1.62085e-12
1.74519e-15	1.08129e-17	1.39732e-30	4.1784e-26
1.2288e-06	1.07643e-17	7.1003e-22	2.1232e-17
3.22409e-14	1.07863e-17	2.47375e-29	7.39725e-25
4.717e-22	1.08125e-17	4.54796e-37	1.35997e-32
5.76697e-44	1.07737e-17	8.67552e-59	2.59424e-54
2.58993e-26	1.79407e-10	3.82673e-34	1.14431e-29
1	2.95066e-60	4.07407e-58	1.21827e-53
0.612959	0.0569949	0.152118	4548.79
0.999743	3.70579e-16	1.35344e-14	4.04719e-10
0.886151	0.000567141	0.00432	129.181
1	9.76167e-14	3.02199e-12	9.03666e-08
0.373081	1	0.740924	22155.9
0.496	1.7727e-09	1.92136e-08	0.000574543
0.999978	0.359398	0.727171	21744.6
0.996324	0.740906	0.962268	28774.7
0.813978	0.263245	0.544365	16278.2
0.917512	1	0.9965	29798.3
0.889406	1	0.993646	29713
0.999998	0.000363195	0.0032399	96.8827
0.883514	0.595736	0.86415	25840.7
0.97019	0.000116763	0.00114252	34.1649
0.374483	0.969037	0.730733	21851.1
0.000559485	0.938319	0.00448968	134.255
0.000251273	1.09316e-76	5.05951e-78	1.51295e-73
0.993951	9.44219e-105	2.25742e-102	6.75035e-98
0.426593	1.07247e-24	2.6098e-23	7.80409e-19
1	3.66553e-08	6.64257e-07	0.0198633
1	4.36652e-06	5.82561e-05	1.74203
0.898376	1	0.994652	29743.1
0.747905	0.0805724	0.229537	6863.84
0.945431	0.0698657	0.245539	7342.36
0.519585	0.058006	0.135684	4057.36
0.991817	0.0590472	0.224747	6720.62
0.972724	8.94004e-12	2.30172e-10	6.88283e-06
0.949789	2.23695e-08	3.96606e-07	0.0118597
0.803669	4.48867e-16	1.31881e-14	3.94363e-10
1	3.97433e-05	0.000442464	13.231
5.7822e-06	3.15326e-10	6.37019e-14	1.90488e-09
0.968468	1	0.999498	29888
0.93327	1	0.997722	29834.9
0.999982	0.843703	0.987092	29517
0.0280104	0.745141	0.101632	3039.1
1	1	1	29903
1	1	1	29903
0.476999	0.0949596	0.185465	5545.96
1	1.43656e-139	4.60701e-137	1.37763e-132
0.370948	0.693545	0.606545	18137.5
0.402749	0.808249	0.690863	20658.9
1	0.00832176	0.0481737	1440.54
0.226873	0.925606	0.537729	16079.7
0.174416	0.925616	0.455849	13631.3
0.999289	0.868935	0.990922	29631.5
0.676211	0.74432	0.848862	25383.5
1	0.16878	0.469067	14026.5
0.00546477	0.173445	0.00754604	225.649
1	0.625291	0.918889	27477.5
0.895074	1	0.994292	29732.3
0.896354	1	0.994433	29736.5
0.423718	1	0.787559	23550.4
0.999999	1	1	29903
0.335377	1	0.701776	20985.2
0.809812	1	0.980644	29324.2
0.910886	5.11633e-17	1.79914e-15	5.37996e-11
0.999997	1	1	29903
0.999945	0.776704	0.972963	29094.5
0.999968	0.882047	0.992749	29686.2
0.989106	1	0.99994	29901.2
0.0646532	9.0132e-20	2.77332e-19	8.29307e-15
0.657645	4.16649e-08	5.04521e-07	0.0150867
0.807804	2.92174e-07	3.83752e-06	0.114753
0.658017	6.71654e-07	6.90873e-06	0.206592
0.942005	9.91019e-08	1.60447e-06	0.0479785
0.832808	2.92107e-09	5.06833e-08	0.00151558
1	1.63339e-08	3.09201e-07	0.00924603
0.771213	0.933735	0.956559	28604
0.436352	0.75385	0.694686	20773.2
1.10707e-05	1	0.0001374	4.10868
0.999906	2.6875e-05	0.00030969	9.26066
0.932832	0.0333827	0.139174	4161.73
0.305356	1	0.667593	19963
0.305356	1	0.667593	19963
0.999975	0.268834	0.621982	18599.1
0.999999	1	1	29903
0.514936	1	0.856706	25618.1
0.953628	1	0.998908	29870.3
0.0314478	3.73365e-09	2.80215e-09	8.37927e-05
0.886084	1	0.99325	29701.2
0.399779	0.629859	0.599068	17913.9
0.564818	1.10971e-05	8.13572e-05	2.43283
0.512769	0.958869	0.840736	25140.5
0.994806	1	0.999986	29902.6
0.378635	0.774699	0.653084	19529.2
0.133786	0.766149	0.335983	10046.9
0.826368	1	0.983969	29423.6
0.80822	1	0.980307	29314.1
0.727925	0.187686	0.408572	12217.5
0.680785	1	0.942553	28185.2
0.999992	0.642232	0.926613	27708.5
0.571046	1	0.890995	26643.4
0.782336	1	0.974377	29136.8
0.923476	0.00731174	0.040499	1211.04
0.872099	0.00731174	0.0386109	1154.58
0.564453	0.0148698	0.0485159	1450.77
0.584487	0.0148698	0.0499347	1493.2
0.664661	0.0148698	0.0555138	1660.03
0.52469	0.0148698	0.0456681	1365.61
0.79572	0.00727629	0.0356173	1065.06
0.732416	0.00731174	0.0333614	997.607
0.460516	0.00734922	0.022637	676.914
0.400904	0.00734922	0.0201152	601.505
0.375089	0.00829313	0.0210682	630.004
0.44611	0.00829313	0.0244159	730.108
0.672772	0.00809557	0.0338378	1011.85
0.596317	0.00818734	0.0308663	922.995
0.780899	1	0.974023	29126.2
0.979053	1	0.999779	29896.4
0.963065	1	0.999309	29882.3
0.9054	1	0.995377	29764.8
0.843712	1	0.987096	29517.1
0.9054	1	0.995377	29764.8
0.87607	1	0.991982	29663.2
0.843712	1	0.987096	29517.1
0.953485	1	0.998901	29870.1
0.9054	1	0.995377	29764.8
0.843712	1	0.987096	29517.1
0.991852	1	0.999967	29902
0.99999	0.110439	0.353765	10578.6
0.94956	1	0.998706	29864.3
0.852769	3.93686e-12	9.2055e-11	2.75272e-06
0.984013	1.73235e-13	5.1822e-12	1.54963e-07
0.73892	3.17391e-38	2.05553e-36	6.14665e-32
0.964572	3.22522e-38	2.71784e-36	8.12714e-32
0.529603	3.17391e-38	1.47885e-36	4.42221e-32
0.489098	0.00470747	0.0162868	487.025
0.999483	0.629204	0.920563	27527.6
0.959505	0.253576	0.587206	17559.2
0.669771	1	0.938228	28055.8
0.79465	0.00409368	0.021887	654.488
0.155538	1	0.444974	13306.1
1	1	1	29903
0.999851	1	1	29903
0.194165	1.25251e-05	3.38692e-05	1.01279
0.843622	0.0611699	0.204567	6117.17
0.0386353	1.56096e-20	3.00696e-20	8.99172e-16
0.997938	0.876617	0.991815	29658.2
0.984536	1	0.99988	29899.4
0.205525	1	0.530704	15869.7
0.918048	1	0.996546	29799.7
0.985258	1	0.999891	29899.7
0.994798	1	0.999986	29902.6
0.870599	1	0.991241	29641.1
0.986224	1	0.999905	29900.1
0.851351	1	0.98836	29554.9
1	1	1	29903
0.0737529	8.5944e-07	1.11395e-06	0.0333104
0.999987	0.00313287	0.0211962	633.829
1	1.47188e-05	0.000178485	5.33725
0.965114	1	0.999384	29884.6
0.00903411	1	0.0515554	1541.66
0.928886	1	0.997409	29825.5
1	0.0221798	0.106653	3189.25
0.14812	1	0.430989	12887.9
0.106701	1	0.345469	10330.6
0.164533	0.00154994	0.00236507	70.7226
0.955992	0.00235332	0.0159664	477.442
0.75852	1	0.968165	28951
1	1	1	29903
0.286265	0.307367	0.301849	9026.19
0.999963	0.00514555	0.0322597	964.661
0.763596	0.729159	0.882824	26399.1
1	1	1	29903
0.384788	0.573631	0.554207	16572.5
0.134234	0.6347	0.295022	8822.05
1	0.445015	0.80532	24081.5
0.859005	1	0.989557	29590.7
0.000872211	0.501439	0.00382024	114.237
0.00251138	0.806285	0.0145837	436.097
0.000250564	0.778803	0.00186198	55.6789
0.071604	0.751961	0.211156	6314.21
1	0.174678	0.479459	14337.3
0.680123	1.0155e-18	2.9572e-17	8.84293e-13
0.913848	1	0.996177	29788.7
0.0771301	0.069902	0.0335512	1003.28
0.730705	0.0488608	0.154683	4625.5
0.969386	0.258578	0.59749	17866.8
1	0.0337737	0.148201	4431.67
1	0.0163082	0.0834341	2494.93
1	1	1	29903
0.999991	0.108625	0.349754	10458.7
0.954587	1	0.998953	29871.7
0.879667	0.00210182	0.0134843	403.222
0.999999	0.240208	0.582804	17427.6
0.973576	0.0554378	0.211535	6325.52
0.854296	0.156259	0.402306	12030.1
0.968879	0.106201	0.336884	10073.8
0.884441	0.0651183	0.221985	6638.01
0.95451	0.106214	0.333432	9970.61
0.997467	0.0638203	0.238988	7146.47
0.999904	0.506673	0.851122	25451.1
0.906149	0.120144	0.350296	10474.9
0.850569	0	0	0
1	0	0	0
7.43763e-06	1.70279e-07	3.59611e-11	1.07535e-06
0.70307	0.154543	0.349823	10460.7
0.997703	3.46229e-06	4.68956e-05	1.40232
0.671145	0.384234	0.60737	18162.2
1	1	1	29903
0.000638302	1	0.0053341	159.505
0.953339	0.15466	0.429695	12849.2
0.789575	1	0.97612	29188.9
0.999997	1.63611e-14	5.35724e-13	1.60198e-08
0.908865	0.00508205	0.0294575	880.867
0.821776	0.00508139	0.0270525	808.951
0.219175	0.391333	0.296429	8864.13
0.197714	0.39139	0.275406	8235.46
0.135663	0.391362	0.208959	6248.5
0.111984	0.39139	0.180904	5409.58
0.234521	0.391059	0.31082	9294.46
0.0589171	0.391304	0.109968	3288.36
0.416438	0.257875	0.347006	10376.5
0.732778	0.612401	0.808332	24171.5
0.0438293	0.158421	0.0414522	1239.54
0.997021	1	0.999996	29902.9
0.717083	0.770556	0.88033	26324.5
0.342287	1	0.709255	21208.9
0.748706	1	0.965388	28868
0.68365	1	0.943648	28217.9
0.959484	1	0.999168	29878.1
0.848326	1	0.987867	29540.2
0.999997	0.636877	0.924222	27637
0.0051716	1.67581e-23	5.08797e-24	1.52145e-19
0.0947717	0.0974789	0.0525139	1570.32
4.84569e-06	1	6.41445e-05	1.91811
1	1	1	29903
0.77679	1	0.972996	29095.5
0.657267	1	0.933099	27902.5
0.240608	1	0.583374	17444.6
0.943345	1	0.998364	29854.1
0.824854	1	0.983679	29414.9
0.267326	1	0.620006	18540
0.997921	1	0.999998	29902.9
0.39082	1	0.757998	22666.4
0.415762	1	0.780653	23343.9
0.989987	1	0.99995	29901.5
0.674196	1	0.939987	28108.4
0.915331	1	0.99631	29792.7
0.780037	1	0.973809	29119.8
1	0.0185682	0.0925866	2768.62
0.115763	0.00546755	0.00529463	158.325
0.987313	0.39213	0.754538	22563
0.576313	1	0.893922	26730.9
0.00548931	0.155903	0.00690073	206.353
0.943723	0.578785	0.876533	26211
0.999966	2.52832e-21	1.22434e-19	3.66115e-15
1	0.0153895	0.0796261	2381.06
0.832377	0.0445997	0.159391	4766.26
0.981941	4.14098e-07	6.39019e-06	0.191086
0.463492	5.96045e-07	4.44835e-06	0.133019
0.997647	2.2469e-07	3.65628e-06	0.109334
0.415424	0.123582	0.20378	6093.63
0.999999	1.15069e-27	7.25272e-26	2.16878e-21
0.999999	1.50099e-11	3.8909e-10	1.1635e-05
0.268792	0.578517	0.444904	13304
0.94005	0.0758493	0.259599	7762.79
2.20192e-08	1.29837e-30	2.50006e-36	7.47592e-32
3.07315e-10	0.0255179	2.08375e-10	6.23103e-06
0.999998	0.885378	0.993164	29698.6
1	1	1	29903
0.999904	0.559827	0.884567	26451.2
0.999946	1	1	29903
0.911642	0.077299	0.257394	7696.85
1	1.7294e-06	2.46746e-05	0.737846
0.669678	1.29258e-39	7.87232e-38	2.35406e-33
1	1.27113e-39	1.15115e-37	3.44228e-33
0.999999	5.29724e-68	8.25884e-66	2.46964e-61
0.976754	7.35199e-39	6.37891e-37	1.90749e-32
0.74293	7.10833e-59	7.13929e-57	2.13486e-52
0.749004	1	0.965474	28870.6
0.244051	0.854495	0.535453	16011.6
0.435757	1	0.797728	23854.5
0.955912	0.844872	0.98018	29310.3
0.376396	0.814394	0.668988	20004.8
0.236731	0.814192	0.510077	15252.8
0.43149	1	0.794162	23747.8
0.164511	8.76651e-11	3.74426e-10	1.11964e-05
0.218738	8.24739e-10	4.22786e-09	0.000126426
1	1	1	29903
0.999997	0.191837	0.508581	15208.1
0.0787507	1	0.278893	8339.74
0.542219	1	0.874103	26138.3
4.08509e-40	0.519329	1.95924e-38	5.8587e-34
7.41017e-06	1	9.4944e-05	2.83911
0.98842	1	0.999933	29901
1	0.0495766	0.198516	5936.23
1	1	1	29903
0.999454	1	1	29903
1	1	1	29903
0.999988	0.40734	0.77317	23120.1
0.999954	0.408891	0.774549	23161.3
0.999989	0.409085	0.774735	23166.9
0.0260599	0.0946168	0.0172729	516.513
1	0.654463	0.931916	27867.1
0.237226	0.517871	0.380446	11376.5
0.0641837	0.764177	0.196925	5888.64
0.0001137	6.87098e-23	4.77442e-25	1.4277e-20
1	8.75542e-12	2.3168e-10	6.92794e-06
0.852881	0.49598	0.786952	23532.2
0.870583	0.0942837	0.28729	8590.82
0.567591	7.16562e-08	7.32807e-07	0.0219131
0.872114	1	0.99145	29647.3
0.717665	0.81527	0.898693	26873.6
0.929498	0.90923	0.987335	29524.3
0.772176	1	0.971817	29060.2
0.99269	0.917455	0.995893	29780.2
0.258324	2.41719e-16	2.39228e-15	7.15364e-11
0.6397	1.46527e-26	5.71136e-25	1.70787e-20
0.944116	3.24013e-70	4.92701e-68	1.47332e-63
0.0206763	8.02071e-25	1.00102e-24	2.99336e-20
1	1.61999e-33	1.23934e-31	3.70598e-27
0.107317	1.19429e-28	8.65476e-28	2.58803e-23
0.476688	5.5282e-24	1.4571e-22	4.35716e-18
0.000743838	1.40127e-30	8.01997e-32	2.39821e-27
0.975374	9.76309e-07	1.41549e-05	0.423274
0.987233	3.91662e-08	6.98632e-07	0.0208912
0.922071	0.001901	0.0128774	385.072
0.792714	0.00792006	0.0381136	1139.71
0.365112	0.106558	0.165217	4940.47
0.965293	1	0.999391	29884.8
1	7.59143e-44	7.6132e-42	2.27657e-37
0.689866	3.35298e-35	1.86788e-33	5.58552e-29
0.00179711	1.385e-187	1.08913e-187	3.25683e-183
2.01844e-06	5.89658e-186	5.24421e-189	1.56818e-184
0.000148108	1.27994e-187	8.34395e-189	2.49509e-184
0.945819	1.55108e-40	1.36024e-38	4.06753e-34
0.00414217	1.69651e-77	1.28779e-77	3.85088e-73
0.0598642	1	0.228422	6830.52
0.382759	1	0.750341	22437.5
0.999989	0.63478	0.92327	27608.5
0.999898	0.700871	0.949957	28406.6
1	0.645262	0.927951	27748.5
0.448209	1.04439e-16	1.8069e-15	5.40317e-11
0.490867	1.34861e-13	2.07508e-12	6.2051e-08
0.409718	4.79279e-12	5.48974e-11	1.6416e-06
1	0.00047184	0.0040856	122.172
0.0111374	2.30703e-14	9.48064e-15	2.83499e-10
0.999918	2.91349e-50	3.35198e-48	1.00234e-43
0.970094	5.7151e-05	0.000598782	17.9054
0.990878	0.702957	0.948432	28361
0.9948	0.00032453	0.00291796	87.2558
0.981452	0.36753	0.728522	21785
0.0477111	0.0921227	0.0282494	844.742
0.959193	1	0.999156	29877.8
1	6.22477e-09	1.2384e-07	0.00370319
0.822459	0.91044	0.965415	28868.8
0.999992	1	1	29903
0.999461	1	1	29903
0.999984	1	1	29903
0.999999	1	1	29903
0.999357	0.347765	0.714849	21376.1
0.496149	1.36737e-06	1.03143e-05	0.30843
0.000783821	8.58827e-09	1.79898e-10	5.3795e-06
0.90758	0.0455681	0.173099	5176.19
0.895362	0.10831	0.323251	9666.17
0.979606	1	0.999791	29896.7
0.995972	0.481055	0.831657	24869
0.263469	1	0.614889	18387
0.697065	1	0.948619	28366.6
0.461959	0.237801	0.352478	10540.2
0.98049	1	0.999808	29897.3
0.993462	4.90059e-09	9.80549e-08	0.00293214
0.405424	0.0982953	0.168276	5031.96
0.0881953	4.92579e-47	4.78114e-46	1.4297e-41
1	0.0179392	0.0900684	2693.32
0.94364	0.000239203	0.00212092	63.422
0.801195	0.389643	0.675612	20202.8
0.437781	1.35409e-11	1.59174e-10	4.75977e-06
1	7.65663e-09	1.50741e-07	0.00450762
0.999171	0.175936	0.481394	14395.1
7.71404e-13	9.62781e-46	9.84402e-56	2.94366e-51
0.0901459	0.726924	0.244113	7299.72
0.893727	1	0.994142	29727.8
0.720523	1	0.956694	28608
0.96437	0.260698	0.598523	17897.6
0.999998	0.6349	0.923327	27610.2
0.418386	0.922019	0.753212	22523.3
0.382222	1	0.749825	22422
0.578636	1	0.895197	26769.1
0.999991	0.0156296	0.0806261	2410.96
0.997036	1.54019e-10	3.6236e-09	0.000108356
0.537863	0.0156557	0.0486467	1454.68
0.0417471	2.32108e-65	1.48257e-64	4.43333e-60
0.940034	0.00175023	0.0121912	364.554
0.427727	5.11591e-05	0.000256674	7.67532
0.984179	0.00173451	0.0125862	376.365
0.999998	1.20703e-09	2.59936e-08	0.000777285
0.459413	8.3588e-75	6.61842e-73	1.97911e-68
0.759356	4.58707e-34	2.7183e-32	8.12853e-28
0.90411	0.00158138	0.0107949	322.801
0.0688743	2.29398e-41	1.53653e-40	4.59468e-36
0.0890411	4.06528e-05	4.89723e-05	1.46442
0.420795	2.77162e-24	6.54382e-23	1.9568e-18
0.999996	0.374306	0.742128	22191.9
0.999997	0.580701	0.896322	26802.7
5.01325e-12	0.914604	1.24295e-10	3.71679e-06
0.666799	1	0.93703	28020
0.999999	1	1	29903
0.98329	1	0.99986	29898.8
0.0454206	2.61918e-13	3.93328e-13	1.17617e-08
0.171605	3.24291e-09	1.24151e-08	0.00037125
0.821068	1.67277e-30	9.58128e-29	2.86509e-24
0.991212	5.76351e-18	2.32535e-16	6.9535e-12
0.949704	0.000114745	0.0011033	32.9918
0.709785	0.0123289	0.0502178	1501.66
0.824264	0.00795408	0.0395168	1181.67
0.384962	0.0129467	0.0314068	939.157
0.691289	0.0123592	0.0492338	1472.24
0.998246	0.0185803	0.092505	2766.18
0.999912	1	1	29903
0.591166	0.392767	0.571235	17081.6
0.923707	0.392622	0.73051	21844.4
0.452337	0.610451	0.631477	18883.1
0.975718	1	0.999703	29894.1
0.99234	0.617607	0.912936	27299.5
1	0.0432004	0.178932	5350.6
0.930205	1	0.997506	29828.4
0.999994	0.748786	0.96541	28868.7
0.464034	1	0.820318	24530
0.112407	1	0.358086	10707.9
0.0655004	1	0.244035	7297.37
0.554332	0.012837	0.0423073	1265.12
0.652262	0.0213986	0.0735804	2200.27
0.935673	0.590137	0.880107	26317.8
0.952965	1	0.998876	29869.4
0.999957	0.139491	0.414243	12387.1
0.381878	1.63102e-06	9.52272e-06	0.284758
0.932846	4.57468e-21	2.04426e-19	6.11294e-15
0.999854	9.6396e-17	3.65077e-15	1.09169e-10
0.984046	2.52864e-10	5.75152e-09	0.000171988
0.998074	5.72102e-18	2.32421e-16	6.9501e-12
0.994455	0.82002	0.981819	29359.3
0.0716416	0.0226984	0.0120685	360.885
0.834658	0.578363	0.834305	24948.2
0.904406	0.0743679	0.248804	7439.99
1	1	1	29903
0.39378	0.908467	0.725474	21693.9
0.189855	1	0.505298	15109.9
0.404014	1	0.770175	23030.5
0.489504	1	0.839187	25094.2
0.151149	1	0.436744	13059.9
0.849952	0.675884	0.892902	26700.5
1	1	1	29903
0.992358	4.96964e-06	6.51958e-05	1.94955
0.980096	0.000440871	0.00377949	113.018
0.785059	0.000161986	0.00126787	37.913
0.828511	0.000159538	0.00131271	39.2541
0.928839	0.000160955	0.00146634	43.8479
0.694916	0.000159367	0.00111946	33.4752
0.0235516	7.01695e-06	2.74593e-06	0.0821115
0.753002	1	0.966619	28904.8
0.999992	0.699303	0.949421	28390.5
0.999812	0.40545	0.771404	23067.3
0.934272	0.0412912	0.16415	4908.56
0.789205	0.57885	0.814732	24362.9
0.473323	0.211359	0.330353	9878.54
0.854184	0.597163	0.853465	25521.1
0.117177	9.85216e-05	0.000142797	4.27006
0.833071	1.03582e-07	1.48986e-06	0.0445514
0.751087	1.43279e-40	1.00114e-38	2.99372e-34
0.806653	2.2349e-15	6.30064e-14	1.88408e-09
0.968513	1.58691e-14	5.04216e-13	1.50776e-08
0.999998	5.0467e-42	4.84936e-40	1.4501e-35
0.737264	0.00070747	0.00446411	133.49
0.737264	0.00070747	0.00446411	133.49
0.317831	5.26e-14	5.47048e-13	1.63584e-08
0.995939	1.02652e-07	1.74781e-06	0.0522646
0.939232	1	0.998115	29846.6
2.53571e-08	0.958526	4.50442e-07	0.0134696
0.998032	0.864444	0.990117	29607.5
0.099217	0.510394	0.201699	6031.41
0.331421	1	0.697431	20855.3
0.92525	1	0.997134	29817.3
0.802691	1	0.979111	29278.3
0.99821	1	0.999998	29903
0.999034	0.0624766	0.235555	7043.79
1	4.1583e-19	1.80154e-17	5.38715e-13
0.301959	0.00390514	0.00913041	273.027
0.828985	1.52848e-05	0.00015555	4.65142
0.898731	0.125013	0.35797	10704.4
0.997273	7.88794e-49	8.79185e-47	2.62903e-42
0.597919	0.000107103	0.000682402	20.4059
0.0373673	1.12768e-88	8.71396e-88	2.60574e-83
0.585262	1	0.898784	26876.4
0.845856	0.236149	0.521482	15593.9
1	0.159078	0.45152	13501.8
4.54777e-07	0.0441905	3.76267e-07	0.0112515
0.919586	0.95705	0.992505	29678.9
1	0.8434	0.987043	29515.5
0.881278	1	0.992656	29683.4
0.612048	1	0.91253	27287.4
0.693465	0.0174082	0.0653922	1955.42
0.00669278	0.00347601	0.00027146	8.11746
0.956779	1.62981e-12	4.39536e-11	1.31435e-06
0.989679	1	0.999947	29901.4
0.979849	1	0.999796	29896.9
1	1	1	29903
0.371309	1	0.739172	22103.5
0.302369	1	0.664035	19856.6
0.300983	1	0.662374	19807
0.39965	1	0.766195	22911.5
0.260614	1	0.611066	18272.7
0.480736	0.113914	0.213834	6394.28
0.962414	0.108252	0.339805	10161.2
0.975155	1	0.999689	29893.7
0.999999	0.0488558	0.196346	5871.32
0.250845	1.34746e-05	4.59606e-05	1.37436
0.181887	0.360394	0.244173	7301.51
1	1	1	29903
0.490602	0.915988	0.808837	24186.7
0.999997	1	1	29903
0.607698	3.03231e-23	9.83061e-22	2.93965e-17
1	0.00040834	0.00359479	107.495
0.955381	1	0.998989	29872.8
0.0392333	0.895059	0.152723	4566.88
0.452571	1	0.811374	24262.5
0.857237	1	0.989287	29582.6
0.276687	1	0.632194	18904.5
1	0.000325977	0.00294315	88.0089
0.322796	0.0242718	0.0458273	1370.37
0.743049	0.144513	0.346986	10375.9
0.256985	0.000667573	0.00165905	49.6106
0.980651	5.84138e-10	1.2763e-08	0.000381653
0.2101	2.54876e-08	1.07341e-07	0.00320982
0.802366	1	0.979039	29276.2
0.99242	1	0.999971	29902.1
0.59209	1	0.902402	26984.5
0.806595	0.326546	0.614784	18383.9
0.885821	0.196752	0.478775	14316.8
1	0.198065	0.518764	15512.6
1	1.63908e-05	0.000196998	5.89083
0.719784	0.579989	0.782145	23388.5
0.905433	0.000185493	0.00162776	48.6749
0.784689	0.579602	0.813142	24315.4
0.255971	0.579602	0.43145	12901.7
1	4.03132e-05	0.000448236	13.4036
0.999998	1.06432e-14	3.53076e-13	1.0558e-08
0.855336	1.4386e-13	3.78081e-12	1.13058e-07
0.930824	1.43688e-13	4.09841e-12	1.22555e-07
0.939806	3.86519e-13	1.07682e-11	3.22e-07
0.963655	3.864e-13	1.10288e-11	3.29794e-07
0.707691	1.44121e-13	3.153e-12	9.42843e-08
0.678597	3.86417e-13	7.85867e-12	2.34998e-07
0.906812	3.93286e-13	1.05786e-11	3.16331e-07
0.963722	3.86859e-13	1.10422e-11	3.30195e-07
0.995723	0.053086	0.208271	6227.92
0.999999	0.95025	0.998741	29865.4
0.0667266	0.94407	0.237156	7091.68
0.813214	0.784687	0.924781	27653.7
3.87437e-05	0.539237	0.000246028	7.35697
1.29298e-10	0.409648	1.30623e-09	3.90602e-05
1	1	1	29903
0.0492089	1	0.19741	5903.16
1	0.636133	0.923886	27627
0.69513	3.05906e-173	8.47584e-171	2.53453e-166
0.63547	1	0.923586	27618
0.754496	1	0.967042	28917.4
0.998789	1	0.999999	29903
1	0.0109217	0.0602552	1801.81
1	2.13941e-39	1.92633e-37	5.76031e-33
0.999518	1.6767e-23	8.95648e-22	2.67826e-17
0.423531	0.629761	0.61921	18516.2
0.142224	1	0.419611	12547.6
0.792501	0.409973	0.690169	20638.1
0.986282	1	0.999905	29900.2
0.960684	1	0.999217	29879.6
0.422156	0.059831	0.118173	3533.71
0.999944	1.49588e-06	2.15587e-05	0.644669
0.916333	1	0.996398	29795.3
0.803656	0.238686	0.508555	15207.3
0.00313494	1.40781e-12	1.50295e-13	4.49426e-09
0.5473	2.38913e-34	1.03324e-32	3.0897e-28
1	0.00146636	0.0110343	329.96
0.999998	0.0328009	0.144891	4332.68
0.999999	1	1	29903
0.460409	1	0.817521	24446.3
0.298399	0.802789	0.581867	17399.6
1	0.781369	0.974139	29129.7
0.00684184	0.427774	0.0200011	598.093
0.999997	3.07961e-121	8.57632e-119	2.56458e-114
0.570524	7.04403e-63	5.81405e-61	1.73858e-56
0.999999	4.36841e-70	7.02032e-68	2.09929e-63
0.897059	0.0751339	0.249184	7451.35
0.999998	0.0122447	0.0661539	1978.2
1	1.01418e-05	0.000126761	3.79053
1	3.74008e-17	1.45208e-15	4.34216e-11
0.999969	0.772005	0.971766	29058.7
1	1	1	29903
0.505876	9.87885e-12	1.35042e-10	4.03817e-06
1	1.18144e-10	2.81881e-09	8.42908e-05
0.766762	3.08182e-10	5.47416e-09	0.000163694
0.300176	0.36286	0.350415	10478.5
0.423413	0.0299674	0.0681004	2036.41
0.582555	1	0.897328	26832.8
0.737258	0.0014153	0.00820689	245.411
0.871549	1.93877e-07	2.80386e-06	0.083844
0.782968	1	0.974532	29141.4
0.0514085	1	0.203986	6099.81
0.999829	1	1	29903
0.333994	1	0.700263	20940
0.281648	1	0.638524	19093.8
0.761875	1	0.969084	28978.5
0.000286487	0.0202971	7.59136e-05	2.27004
0.228761	1	0.566201	16931.1
1	1	1	29903
0.995515	1	0.99999	29902.7
0.983241	1	0.999859	29898.8
0.145818	4.12711e-13	1.89217e-12	5.65816e-08
0.507021	1.8214e-05	0.00011629	3.47743
0.872018	0.563077	0.840263	25126.4
0.852826	0.00340071	0.0198461	593.457
0.955641	0.00340071	0.0218688	653.941
0.983372	0.00340071	0.0224077	670.057
0.685148	0.19253	0.399115	11934.7
0.00288004	1	0.0197282	589.931
0.490505	1.07089e-18	2.26343e-17	6.76833e-13
0.877906	1	0.992223	29670.5
3.87255e-05	7.58085e-22	1.75528e-24	5.2488e-20
0.641581	4.67299e-12	8.25469e-11	2.4684e-06
0.999943	1	1	29903
0.0107521	0.112796	0.00935646	279.786
1	1	1	29903
0.784777	1	0.974972	29154.6
0.734114	0.949411	0.948587	28365.6
0.737172	5.54872e-07	6.42574e-06	0.192149
0.982656	1.38399e-11	3.53881e-10	1.05821e-05
0.960476	0.148776	0.42092	12586.8
0.975611	0.0619679	0.230087	6880.3
0.973007	1	0.999632	29892
1	0.725004	0.958149	28651.5
0.604933	1	0.908995	27181.7
0.625823	1	0.919138	27485
0.865691	1	0.990547	29620.3
1	7.33552e-05	0.000771711	23.0765
1	3.69032e-08	6.685e-07	0.0199901
0.00864473	0.158065	0.0103788	310.357
0.0729078	5.77325e-12	1.24155e-11	3.7126e-07
0.978267	9.18416e-22	4.44389e-20	1.32886e-15
0.610034	1.70412e-31	7.52038e-30	2.24882e-25
0.225269	0.000166162	0.000418969	12.5284
0.999997	1.25131e-12	3.55456e-11	1.06292e-06
0.628148	9.86047e-09	1.23255e-07	0.00368571
0.999119	1.52821e-11	3.95538e-10	1.18278e-05
0.98007	1	0.9998	29897
0.00709113	1.58028e-61	1.6355e-61	4.89065e-57
0.877558	0.000113349	0.00101615	30.386
0.998987	9.35524e-28	5.91002e-26	1.76727e-21
0.999317	9.33684e-28	5.9005e-26	1.76443e-21
0.996363	2.19447e-26	1.31375e-24	3.92851e-20
0.999159	9.46645e-28	5.98017e-26	1.78825e-21
0.999023	9.37368e-28	5.9217e-26	1.77077e-21
0.938701	1.16324e-06	1.60815e-05	0.480885
0.383457	1.15489e-06	6.92174e-06	0.206981
0.568611	1.15444e-06	1.00016e-05	0.299079
0.824897	1	0.983687	29415.2
0.670596	1	0.938558	28065.7
0.443637	1	0.804202	24048.1
0.844425	1	0.987217	29520.7
1	0	0	0
0.669558	5.66147e-07	5.9838e-06	0.178934
0.972097	0.002651	0.017939	536.43
0.58346	1	0.897816	26847.4
4.03848e-05	3.09323e-05	2.68587e-08	0.000803155
1	0.546385	0.876637	26214.1
0.00437646	8.65929e-74	6.61926e-74	1.97936e-69
1	1	1	29903
0.000447709	0.73238	0.00295852	88.4686
0.0493599	1	0.197865	5916.76
0.973275	0.083637	0.285587	8539.9
0.999973	1	1	29903
0.978929	1	0.999776	29896.3
0.0137776	0.0310166	0.00374256	111.914
0.991922	1	0.999967	29902
0.177424	8.31701e-32	1.0963e-30	3.27828e-26
0.669649	2.76744e-14	6.04504e-13	1.80765e-08
0.696988	2.7897e-14	6.33312e-13	1.89379e-08
0.572767	2.65444e-14	4.98945e-13	1.492e-08
0.517054	2.5671e-14	4.37396e-13	1.30794e-08
0.999999	2.75528e-15	9.51266e-14	2.84457e-09
0.94139	2.47374e-07	3.78952e-06	0.113318
0.797961	0.0476666	0.162385	4855.78
0.753902	0.00485693	0.0242029	723.74
0.17446	1.42457e-26	1.54733e-25	4.62699e-21
0.399854	2.59699e-14	3.44738e-13	1.03087e-08
1	5.88481e-10	1.30957e-08	0.000391602
0.462792	4.98921e-09	4.82262e-08	0.00144211
0.274739	1	0.629684	18829.4
0.458881	1.25681e-09	1.28458e-08	0.000384129
0.812526	6.44128e-09	1.05031e-07	0.00314074
1	2.23169e-10	5.18268e-09	0.000154978
0.999998	2.1222e-10	4.93906e-09	0.000147693
0.978715	0.708334	0.947235	28325.2
0.999973	1	1	29903
0.198795	1.71932e-11	9.36579e-11	2.80065e-06
0.967065	9.59976e-22	4.58875e-20	1.37217e-15
0.431562	0.000198932	0.00088967	26.6038
0.994269	1.31096e-10	3.09711e-09	9.26129e-05
0.415264	0.398252	0.462982	13844.6
0.863432	1	0.990219	29610.5
0.267605	8.6019e-09	4.80858e-08	0.00143791
0.909248	6.60721e-09	1.19733e-07	0.00358037
0.940651	9.24022e-08	1.50006e-06	0.0448563
0.973169	1.12343e-07	1.86175e-06	0.0556719
0.99996	0.115606	0.365023	10915.3
1	0.188748	0.503455	15054.8
0.416693	0.630199	0.613728	18352.3
0.0435759	0.403243	0.0885871	2649.02
0.929672	1.55869e-09	3.0941e-08	0.000925229
0.893021	4.37687e-10	8.85802e-09	0.000264881
1	1	1	29903
1	1	1	29903
1	0.624602	0.918565	27467.9
0.973544	1	0.999647	29892.4
1	1	1	29903
0.903348	0.6259	0.887806	26548.1
0.999908	1	1	29903
0.950607	1	0.99876	29865.9
0.991746	1	0.999966	29902
0.968301	1	0.999492	29887.8
0.335088	1	0.70146	20975.8
0.585994	1	0.899176	26888.1
0.999987	1	1	29903
0.139796	1	0.414854	12405.4
0.0933675	1	0.314762	9412.32
0.880851	4.47806e-09	8.02744e-08	0.00240044
1.09073e-09	3.81914e-71	7.65559e-78	2.28925e-73
1.82978e-07	1.84517e-56	4.89038e-61	1.46237e-56
0.970982	0.948304	0.996776	29806.6
2.00082e-06	8.94218e-73	3.22087e-76	9.63136e-72
0.249036	6.26265e-30	1.08602e-28	3.24752e-24
0.0358585	5.85884e-38	1.89203e-37	5.65774e-33
3.10932e-06	1.44641e-53	6.08711e-57	1.82023e-52
0.00663005	0.943765	0.0380064	1136.51
0.000112183	1.09902e-72	2.1673e-74	6.48089e-70
0.00657326	5.46838e-73	6.19745e-73	1.85322e-68
0.0041792	2.18301e-72	1.56448e-72	4.67828e-68
0.00178588	2.19145e-72	6.74441e-73	2.01678e-68
4.1766e-06	2.19145e-72	1.63275e-75	4.88241e-71
1.94536e-05	4.37014e-72	1.49761e-74	4.47832e-70
0.999559	0.931134	0.997543	29829.5
0.999996	0.79647	0.977719	29236.7
0.964471	1	0.999361	29883.9
0.999999	0.906232	0.995459	29767.2
0.01535	3.96063e-127	1.80095e-126	5.38538e-122
1.64656e-05	5.62291e-127	2.80267e-129	8.38083e-125
2.40452e-08	7.23732e-120	5.09668e-125	1.52406e-120
0.190998	5.26305e-15	3.57195e-14	1.06812e-09
0.528655	2.29216e-05	0.0001493	4.4645
0.612185	4.09676e-06	3.48509e-05	1.04215
1	0.000506532	0.00435006	130.08
1	0.00171994	0.0126682	378.817
0.957632	0.16712	0.453285	13554.6
0.795072	0.17921	0.42012	12562.8
1	1	1	29903
0.004008	0.869642	0.0232106	694.066
0.50153	0.789193	0.762649	22805.5
1	0.000889304	0.00713673	213.41
1	0.00115778	0.0089858	268.702
0.999998	6.46099e-21	3.06822e-19	9.1749e-15
0.0430284	1.10088e-52	5.86353e-52	1.75337e-47
0.980326	1.07895e-52	1.27645e-50	3.81696e-46
0.985513	1.05756e-52	1.25791e-50	3.76152e-46
0.881029	1.24114e-12	3.12097e-11	9.33264e-07
1	8.38106e-69	1.32213e-66	3.95357e-62
0.0725013	6.60212e-52	5.81437e-51	1.73867e-46
0.997017	6.27287e-05	0.000667924	19.9729
2.20518e-05	0.00630451	2.33405e-06	0.0697952
0.877667	1	0.992192	29669.5
0.692928	1	0.947114	28321.6
0.494391	1	0.842654	25197.9
0.150186	1	0.434921	13005.4
0.466845	1	0.822468	24594.3
0.99961	0.678845	0.941701	28159.7
0.999999	0.707479	0.9523	28476.6
1	0.122319	0.379327	11343
0.978579	1	0.999769	29896.1
0.493402	0.385714	0.506057	15132.6
0.871029	0.618838	0.872139	26079.6
0.584305	1	0.898271	26861
0.128768	1	0.392709	11743.2
0.122698	1	0.380122	11366.8
0.999776	0.00196433	0.0142045	424.756
0.552337	0.0527087	0.132073	3949.38
0.98863	0.0542689	0.210596	6297.46
0.949861	0.0557009	0.208416	6232.25
0.956211	0.0528697	0.201445	6023.8
0.966401	0.0352885	0.149315	4464.97
0.810957	0.0118256	0.0541555	1619.41
0.999997	5.28954e-24	2.88788e-22	8.63564e-18
0.899785	0.000620849	0.00474278	141.823
2.99633e-05	5.71401e-08	4.80987e-11	1.4383e-06
0.497223	0.00652453	0.0218361	652.964
4.51954e-06	0.862066	5.24246e-05	1.56765
0.000347593	8.8609e-14	1.20178e-15	3.59368e-11
7.92052e-05	9.0509e-14	2.90169e-16	8.67693e-12
0.00340485	1.09279e-12	1.27343e-13	3.80794e-09
0.00182743	7.00531e-12	4.22319e-13	1.26286e-08
0.0454686	1	0.186	5561.95
0.972886	1	0.999629	29891.9
0.999996	0.260127	0.610409	18253
0.108674	1	0.349866	10462
0.359011	1	0.726783	21733
0.359223	1	0.727	21739.5
0.848162	1	0.98784	29539.4
0.260895	0.00890002	0.0164055	490.574
0.740127	1	0.962856	28792.3
0.789768	1	0.976166	29190.3
0.547845	1	0.877518	26240.4
0.435202	1	0.797266	23840.6
0.435202	1	0.797266	23840.6
0.547845	1	0.877518	26240.4
0.885054	1	0.993125	29697.4
0.547845	1	0.877518	26240.4
0.978072	0.00928306	0.0517689	1548.05
0.163354	1	0.459324	13735.2
0.0101682	1	0.0568249	1699.23
0.254909	1	0.603332	18041.4
0.00293065	0.184274	0.00460324	137.651
0.999958	0.00765322	0.044943	1343.93
0.999955	4.64296e-41	4.35818e-39	1.30323e-34
1	2.24127e-42	2.17182e-40	6.49441e-36
0.0473878	0.123556	0.0359526	1075.09
1	0.39681	0.763581	22833.4
0.999833	0.0663344	0.246273	7364.29
0.0012239	0.00484527	7.73019e-05	2.31156
0.99637	0.00266025	0.0183765	549.512
1.32741e-07	0.000660551	2.11816e-09	6.33395e-05
0.874237	0.95844	0.986089	29487
0.546637	0.677586	0.738264	22076.3
0.412684	1	0.777939	23262.7
1	0.207292	0.533492	15953
0.669588	0.72681	0.83715	25033.3
0.0489419	0.155841	0.0448176	1340.18
0.248734	0.629359	0.446841	13361.9
0.999999	1	1	29903
0.00183609	1	0.0134037	400.81
0.276351	1	0.631762	18891.6
0.309332	1	0.672283	20103.3
0.422682	0.0380464	0.0824995	2466.98
1	0.408863	0.77454	23161.1
0.993402	0.645197	0.926043	27691.5
1.44744e-06	0.0107629	2.95641e-07	0.00884057
4.65946e-19	0.010768	2.39534e-19	7.16279e-15
0.600893	0.0107691	0.0390879	1168.85
0.83505	0.0108787	0.0517915	1548.72
1	0.0686529	0.252553	7552.09
0.996623	1	0.999994	29902.8
0.949981	1	0.998728	29865
0.538463	1	0.871791	26069.2
0.421686	0.645445	0.626359	18730
0.945272	0.641246	0.909607	27200
0.70281	1	0.950669	28427.9
0.961368	1	0.999244	29880.4
0.968161	1	0.999488	29887.7
0.995192	1	0.999988	29902.7
0.992839	0.726063	0.956806	28611.4
0.648673	1	0.929436	27792.9
0.491903	1	0.840895	25145.3
0.869931	0.168848	0.428629	12817.3
0.683946	1	0.943761	28221.3
0.13836	0.0897878	0.0669379	2001.64
0.999954	0.400898	0.767321	22945.2
0.885476	1	0.993176	29699
0.261253	0.0746735	0.0963123	2880.03
0.0747721	0.0747455	0.0345782	1033.99
0.0950778	0.0746514	0.042217	1262.41
0.996446	0.775243	0.971897	29062.6
0.128323	0.506191	0.242549	7252.94
1	1	1	29903
0.957534	1	0.999085	29875.6
0.962859	0.184051	0.483868	14469.1
1	1	1	29903
0.995445	1	0.99999	29902.7
0.999972	0.180866	0.490139	14656.6
0.999996	1	1	29903
0.618036	1	0.91544	27374.4
0.99954	1	1	29903
0.152981	1	0.440194	13163.1
1	1	1	29903
0.786471	1	0.975381	29166.8
0.91771	1	0.996517	29798.9
0.665029	1	0.936311	27998.5
0.554906	0.409	0.563532	16851.3
0.347337	1	0.714632	21369.6
0.999995	1	1	29903
0.137688	0.268983	0.159101	4757.59
0.253685	1	0.601655	17991.3
0.999995	1	1	29903
0.102687	1	0.33641	10059.7
0.917354	1	0.996487	29797.9
1	0.904959	0.995333	29763.5
0.426788	1	0.790184	23628.9
0.890556	1	0.99378	29717
1	1	1	29903
1	2.36855e-13	7.12255e-12	2.12986e-07
0.0208075	0	0	0
0.632455	2.87981e-07	3.00859e-06	0.089966
0.919209	1.57973e-26	8.7844e-25	2.6268e-20
1	4.11467e-14	1.30935e-12	3.91536e-08
0.662825	1.10555e-39	6.67656e-38	1.99649e-33
0.656512	1.05775e-39	6.33077e-38	1.89309e-33
0.456247	1.0524e-39	4.39505e-38	1.31425e-33
0.997903	0.00605426	0.0369084	1103.67
0.999981	4.29554e-20	1.95848e-18	5.85643e-14
0.999966	1.01095e-44	1.0342e-42	3.09257e-38
0.999798	6.34766e-46	6.66821e-44	1.99399e-39
0.1965	2.35758e-06	7.21998e-06	0.215899
0.00251757	1	0.0175839	525.811
0.999999	0.00257382	0.0179199	535.858
0.130586	0.510867	0.247327	7395.81
0.807192	0.908684	0.960827	28731.6
0.999837	0.858203	0.989413	29586.4
0.674067	0.924272	0.917819	27445.5
0.999961	0.270114	0.623656	18649.2
1	0.190718	0.506731	15152.8
1	1	1	29903
0.81896	1.05865e-203	4.06244e-201	1.21479e-196
0.571579	9.44212e-05	0.00058433	17.4732
0.83882	0.153016	0.391857	11717.7
0.951275	8.59491e-12	2.16911e-10	6.48629e-06
1	0.0323053	0.143194	4281.93
0.126911	2.27222e-34	2.32228e-33	6.94432e-29
0.999999	3.77935e-09	7.70749e-08	0.00230477
0.383621	0.844858	0.68927	20611.2
1	0.898793	0.994696	29744.4
0.329091	2.36473e-05	9.93285e-05	2.97022
0.722702	0.127906	0.312554	9346.29
0.772018	0.127895	0.327343	9788.53
0.767991	0.127895	0.326149	9752.83
0.998423	1.04231e-20	4.89238e-19	1.46297e-14
0.236728	0.127917	0.136182	4072.25
0.30324	4.99841e-38	1.33508e-36	3.99228e-32
0.999968	1.69616e-19	7.5003e-18	2.24282e-13
1	1	1	29903
1	0.882019	0.992749	29686.2
0.643374	0.547207	0.719593	21518
0.818713	0.175093	0.421804	12613.2
0.99782	0.0218773	0.105317	3149.28
0.989461	0.021915	0.104759	3132.62
0.377101	1	0.744866	22273.7
0.944178	1	0.998412	29855.5
0.984763	1	0.999883	29899.5
0.965496	1	0.999398	29885
0.999872	0.00905816	0.0516631	1544.88
0.531484	0.714264	0.747314	22346.9
1	2.13927e-12	5.96226e-11	1.7829e-06
0.175565	6.8789e-28	7.88425e-27	2.35763e-22
0.803956	1	0.979388	29286.6
0.446787	1	0.806751	24124.3
1	1	1	29903
0.822913	0.281973	0.571014	17075
1	0.0527905	0.20807	6221.91
1	0.848117	0.987833	29539.2
0.375894	0.00323193	0.00937039	280.203
0.999914	0.0518942	0.205413	6142.45
1	1	1	29903
0.0405027	1.00962e-10	1.1132e-10	3.3288e-06
0.999994	0.150837	0.436152	13042.2
