quality	AA	AC	AG	AT	A.	CA	CC	CG	CT	C.	GA	GC	GG	GT	G.	TA	TC	TG	TT	T.	.A	.C	.G	.T	..
0	NA	NA	NA	NA	NA	NA	NA	NA	NA	NA	NA	NA	NA	NA	NA	NA	NA	NA	NA	NA	NA	NA	NA	NA	NA
1	NA	NA	NA	NA	NA	NA	NA	NA	NA	NA	NA	NA	NA	NA	NA	NA	NA	NA	NA	NA	NA	NA	NA	NA	NA
2	NA	NA	NA	NA	NA	NA	NA	NA	NA	NA	NA	NA	NA	NA	NA	NA	NA	NA	NA	NA	NA	NA	NA	NA	NA
3	NA	NA	NA	NA	NA	NA	NA	NA	NA	NA	NA	NA	NA	NA	NA	NA	NA	NA	NA	NA	NA	NA	NA	NA	NA
4	NA	NA	NA	NA	NA	NA	NA	NA	NA	NA	NA	NA	NA	NA	NA	NA	NA	NA	NA	NA	NA	NA	NA	NA	NA
5	NA	NA	NA	NA	NA	NA	NA	NA	NA	NA	NA	NA	NA	NA	NA	NA	NA	NA	NA	NA	NA	NA	NA	NA	NA
6	NA	NA	NA	NA	NA	NA	NA	NA	NA	NA	NA	NA	NA	NA	NA	NA	NA	NA	NA	NA	NA	NA	NA	NA	NA
7	NA	NA	NA	NA	NA	NA	NA	NA	NA	NA	NA	NA	NA	NA	NA	NA	NA	NA	NA	NA	NA	NA	NA	NA	NA
8	NA	NA	NA	NA	NA	NA	NA	NA	NA	NA	NA	NA	NA	NA	NA	NA	NA	NA	NA	NA	NA	NA	NA	NA	NA
9	NA	NA	NA	NA	NA	NA	NA	NA	NA	NA	NA	NA	NA	NA	NA	NA	NA	NA	NA	NA	NA	NA	NA	NA	NA
10	0.968	NA	NA	0.032	NA	0.0416667	0.958333	NA	NA	NA	NA	0.00884956	0.982301	0.00884956	NA	NA	NA	0.025	0.975	NA	NA	NA	NA	NA	1
11	0.975237	0.0108763	0.00365779	0.0101641	6.47396e-05	0.0576266	0.923875	0.00426268	0.0140347	0.00020107	0.0188054	0.00512447	0.927858	0.0479537	0.000258574	0.0270509	0.00657313	0.0204778	0.945772	0.000126406	4.70952e-05	2.82571e-05	1.88381e-05	5.65142e-05	0.999849
12	0.972268	0.0159416	0.00459352	0.00714659	5.02573e-05	0.0489065	0.933232	0.0044655	0.013211	0.000185468	0.0113361	0.00415686	0.950294	0.0340454	0.00016739	0.0105826	0.0051231	0.0222518	0.961991	5.17485e-05	5.36311e-05	1.12908e-05	3.38723e-05	5.36311e-05	0.999848
13	0.966835	0.0182039	0.00631684	0.00855034	9.39248e-05	0.037242	0.946168	0.00435859	0.0121386	9.32185e-05	0.00797437	0.0032735	0.968494	0.0201763	8.17757e-05	0.0121073	0.00708335	0.020845	0.959833	0.000131208	4.24939e-05	2.35508e-05	2.50867e-05	2.71346e-05	0.999882
14	0.966023	0.0189186	0.00563392	0.009266	0.000158829	0.031949	0.953386	0.00385442	0.0106932	0.00011746	0.0160004	0.00592378	0.947453	0.0305126	0.000110687	0.0137393	0.0102757	0.0202491	0.955557	0.000178949	4.53415e-05	4.06185e-05	2.26708e-05	4.15631e-05	0.99985
15	0.965419	0.0163239	0.00623437	0.011918	0.000104641	0.027304	0.955734	0.00431828	0.012542	0.000101527	0.0139128	0.00609013	0.949919	0.0299834	9.45021e-05	0.0147546	0.00806198	0.0201087	0.956976	9.86929e-05	5.09137e-05	3.23997e-05	2.31426e-05	4.47424e-05	0.999849
16	0.965448	0.0149282	0.00730788	0.0122103	0.000105707	0.0247218	0.958245	0.00395412	0.0130027	7.61453e-05	0.0119134	0.00566875	0.955046	0.0272619	0.000110394	0.0177332	0.011494	0.0259168	0.944671	0.000184664	6.48807e-05	3.31861e-05	3.16946e-05	3.69149e-05	0.999833
17	NA	NA	NA	NA	NA	NA	NA	NA	NA	NA	NA	NA	NA	NA	NA	NA	NA	NA	NA	NA	NA	NA	NA	NA	NA
18	1	NA	NA	NA	NA	NA	1	NA	NA	NA	NA	NA	1	NA	NA	NA	NA	NA	1	NA	NA	NA	NA	NA	1
19	1	NA	NA	NA	NA	NA	1	NA	NA	NA	NA	NA	1	NA	NA	NA	NA	NA	1	NA	NA	NA	NA	NA	1
20	0.997021	0.00166806	0.00107232	0.000238294	NA	0.00715137	0.990635	0.000851354	0.00102162	0.000340541	0.00100705	0.000587445	0.995384	0.00302115	NA	0.00111857	0.000372856	0.00149142	0.997017	NA	NA	NA	NA	NA	1
21	0.995749	0.00213068	0.00155855	0.000522806	3.94571e-05	0.00473799	0.993361	0.000553239	0.00131926	2.83712e-05	0.000859688	0.000338665	0.996535	0.00226645	NA	0.000677235	0.000466054	0.00230843	0.996505	4.36926e-05	2.33326e-05	5.18503e-06	7.77754e-06	1.55551e-05	0.999948
22	0.995927	0.00300927	0.000433894	0.000587857	4.19898e-05	0.00528931	0.989513	0.000274769	0.00485426	6.86923e-05	0.00118256	0.000367002	0.995514	0.00287485	6.11671e-05	0.000968698	0.000520494	0.00229885	0.996096	0.000115665	3.85908e-05	1.28636e-05	3.85908e-05	1.71515e-05	0.999893
23	0.996726	0.00126239	0.00168844	0.000299817	2.36698e-05	0.0030553	0.993974	0.000301907	0.00263263	3.62288e-05	0.000767319	0.000160335	0.997274	0.00178659	1.14525e-05	0.00033912	0.000284423	0.00141665	0.997932	2.73484e-05	2.08616e-05	1.2517e-05	1.66893e-05	8.34465e-06	0.999942
24	0.998225	0.00117626	0.000377291	0.000177549	4.43872e-05	0.00265722	0.993299	0.000192552	0.00381253	3.85104e-05	0.00100461	0.000483703	0.99654	0.00197202	NA	0.00036704	0.000316989	0.00113449	0.998165	1.66836e-05	1.26737e-05	1.26737e-05	1.90106e-05	3.16843e-05	0.999924
25	0.997365	0.00179827	0.000445117	0.000373898	1.78047e-05	0.00272279	0.992596	0.000336525	0.00431364	3.05932e-05	0.000890062	0.00033761	0.997176	0.00156528	3.06918e-05	0.000356562	0.000356562	0.000884274	0.998331	7.13124e-05	3.13386e-05	1.56693e-05	3.65617e-05	3.65617e-05	0.99988
26	0.997819	0.00135605	0.000353753	0.000294794	0.000176876	0.00270976	0.984645	0.000100361	0.0124448	0.000100361	0.00115911	NA	0.99705	0.00168599	0.000105374	0.000490617	0.000286193	0.00085858	0.998283	8.17695e-05	3.28672e-05	3.28672e-05	1.64336e-05	6.57343e-05	0.999852
27	0.995925	0.00175234	0.00153683	0.000717675	6.80012e-05	0.00261769	0.995288	0.000322568	0.0017395	3.20879e-05	0.00200069	0.00056993	0.993664	0.00374165	2.37471e-05	0.00112368	0.000952889	0.00389019	0.993937	9.63881e-05	2.9776e-05	1.31014e-05	1.04216e-05	2.14387e-05	0.999925
28	0.99892	0.000383914	0.000287936	0.000359919	4.79893e-05	0.000696238	0.9958	0.000179674	0.00332398	NA	0.00165448	0.000227333	0.996489	0.00159133	3.78888e-05	0.000317821	0.000499432	0.000317821	0.998865	NA	1.60113e-05	2.66855e-05	NA	NA	0.999957
29	0.998767	0.000102722	0.000924499	0.000205444	NA	0.00107972	0.99874	NA	0.000179953	NA	0.000634719	0.000126944	0.998984	0.000253888	NA	NA	NA	0.000289101	0.999711	NA	NA	NA	NA	2.89922e-05	0.999971
30	0.99793	0.000837537	0.000885342	0.000311686	3.53754e-05	0.000407437	0.997682	0.00015861	0.00174616	5.82054e-06	0.00123903	0.000190078	0.997761	0.000803962	5.63195e-06	0.000393951	0.000627605	0.00063168	0.998313	3.39613e-05	1.38729e-05	5.99056e-06	8.19761e-06	1.22964e-05	0.99996
31	0.99842	0.000542276	0.00084162	0.000163775	3.27549e-05	0.000496192	0.997764	7.44288e-05	0.00165811	6.89155e-06	0.00093895	0.000120144	0.998331	0.000604637	5.22364e-06	0.000214769	0.000487583	0.000714928	0.998547	3.57948e-05	1.5747e-05	5.90512e-06	5.90512e-06	1.37786e-05	0.999959
32	0.998671	0.000219789	0.00103057	6.83787e-05	9.76839e-06	0.000241541	0.998086	3.09668e-05	0.00163505	6.19337e-06	0.000212446	2.29671e-05	0.999598	0.000166512	NA	8.25488e-05	8.25488e-05	0.000202245	0.999633	NA	1.32356e-06	NA	3.97067e-06	5.29423e-06	0.999989
33	0.998711	0.000267644	0.000972565	4.90052e-05	NA	0.000444376	0.997974	6.34823e-05	0.00151829	NA	0.00022469	3.82451e-05	0.999541	0.000191226	4.78064e-06	4.63895e-05	8.40809e-05	0.000368216	0.999496	5.79868e-06	3.18191e-06	NA	1.1667e-05	3.18191e-06	0.999982
34	0.99819	0.000713811	0.000926234	0.000126422	4.34307e-05	0.000242267	0.998278	4.80473e-05	0.0014245	6.76723e-06	0.000934494	9.83678e-05	0.998581	0.000371339	1.47552e-05	0.000149655	0.000473675	0.000562256	0.99875	6.48039e-05	1.60029e-05	6.61278e-06	7.00954e-06	1.41513e-05	0.999956
35	0.998378	0.000684818	0.000863855	4.7317e-05	2.62162e-05	0.000308332	0.999047	1.28471e-05	0.00062951	2.75296e-06	0.000462302	5.89208e-05	0.999291	0.000184014	3.6259e-06	4.85895e-05	0.000279236	0.000544326	0.999086	4.18239e-05	8.62924e-06	4.10916e-06	3.08187e-06	1.15057e-05	0.999973
36	0.99876	0.000376955	0.000738537	8.36312e-05	4.12007e-05	8.46954e-05	0.998354	3.74801e-05	0.00151868	4.86755e-06	0.000842452	6.22501e-05	0.998908	0.000176145	1.10667e-05	9.11263e-05	0.000383359	0.00024859	0.999232	4.53886e-05	1.54784e-05	7.73919e-06	6.19135e-06	1.19957e-05	0.999959
37	0.998292	0.000313942	0.00129256	6.5188e-05	3.59934e-05	8.75028e-05	0.998395	2.29174e-05	0.00148824	6.2502e-06	0.000745346	5.18867e-05	0.999074	0.000117096	1.12188e-05	5.85716e-05	0.000382217	0.000326649	0.999183	4.95606e-05	1.14602e-05	6.4775e-06	4.73356e-06	1.54464e-05	0.999962
38	0.99832	0.000373635	0.00120987	6.39486e-05	3.30057e-05	5.63699e-05	0.998515	2.57341e-05	0.00139781	5.31021e-06	0.000769617	3.90415e-05	0.999088	8.30671e-05	1.99361e-05	5.03199e-05	0.00036782	0.000250322	0.999277	5.44068e-05	1.28108e-05	7.51248e-06	5.37735e-06	1.33643e-05	0.999961
39	0.998776	0.000425061	0.000706837	4.78588e-05	4.46448e-05	3.90478e-05	0.998499	1.66262e-05	0.00143783	7.03051e-06	0.000743321	3.50774e-05	0.999155	5.19561e-05	1.47099e-05	4.37744e-05	0.000330921	0.00019693	0.999372	5.68413e-05	1.4471e-05	7.26202e-06	5.35375e-06	1.42237e-05	0.999959
40	0.999103	0.000399693	0.000399078	4.22579e-05	5.61828e-05	2.4567e-05	0.998742	1.29475e-05	0.00121169	9.29563e-06	0.000605556	2.96237e-05	0.999315	3.17289e-05	1.76689e-05	3.31456e-05	0.000270232	0.000174088	0.99947	5.25263e-05	1.7342e-05	1.02153e-05	5.09428e-06	1.48149e-05	0.999953
