
SUMMARISING RUN PARAMETERS
==========================
Input filename: SC2200/host_removal/SC2200_R2.fastq.gz
Trimming mode: paired-end
Trim Galore version: 0.6.4_dev
Cutadapt version: 4.1
Python version: could not detect
Number of cores used for trimming: 2
Quality Phred score cutoff: 20
Quality encoding type selected: ASCII+33
Using Illumina adapter for trimming (count: 20782). Second best hit was smallRNA (count: 0)
Adapter sequence: 'AGATCGGAAGAGC' (Illumina TruSeq, Sanger iPCR; auto-detected)
Maximum trimming error rate: 0.1 (default)
Minimum required adapter overlap (stringency): 1 bp
Minimum required sequence length for both reads before a sequence pair gets removed: 20 bp
Running FastQC on the data once trimming has completed
Output file will be GZIP compressed


This is cutadapt 4.1 with Python 3.9.13
Command line parameters: -j 2 -e 0.1 -q 20 -O 1 -a AGATCGGAAGAGC SC2200/host_removal/SC2200_R2.fastq.gz
Processing single-end reads on 2 cores ...
Finished in 31.75 s (38 µs/read; 1.56 M reads/minute).

=== Summary ===

Total reads processed:                 826,912
Reads with adapters:                   283,826 (34.3%)
Reads written (passing filters):       826,912 (100.0%)

Total basepairs processed:   207,554,912 bp
Quality-trimmed:               3,155,674 bp (1.5%)
Total written (filtered):    202,684,002 bp (97.7%)

=== Adapter 1 ===

Sequence: AGATCGGAAGAGC; Type: regular 3'; Length: 13; Trimmed: 283826 times

Minimum overlap: 1
No. of allowed errors:
1-9 bp: 0; 10-13 bp: 1

Bases preceding removed adapters:
  A: 39.0%
  C: 20.1%
  G: 11.4%
  T: 29.3%
  none/other: 0.3%

Overview of removed sequences
length	count	expect	max.err	error counts
1	184530	206728.0	0	184530
2	57481	51682.0	0	57481
3	9568	12920.5	0	9568
4	3139	3230.1	0	3139
5	181	807.5	0	181
6	267	201.9	0	267
7	7050	50.5	0	7050
8	124	12.6	0	124
9	280	3.2	0	280
10	284	0.8	1	270 14
11	69	0.2	1	62 7
12	250	0.0	1	237 13
13	31	0.0	1	24 7
14	152	0.0	1	147 5
15	50	0.0	1	45 5
16	55	0.0	1	51 4
17	105	0.0	1	101 4
18	27	0.0	1	24 3
19	108	0.0	1	102 6
20	53	0.0	1	53
21	9	0.0	1	7 2
22	87	0.0	1	81 6
23	131	0.0	1	117 14
24	2282	0.0	1	2194 88
25	45	0.0	1	39 6
26	156	0.0	1	150 6
27	143	0.0	1	131 12
28	172	0.0	1	161 11
29	31	0.0	1	23 8
30	166	0.0	1	161 5
31	24	0.0	1	22 2
32	129	0.0	1	115 14
33	95	0.0	1	88 7
34	59	0.0	1	50 9
35	129	0.0	1	119 10
36	459	0.0	1	432 27
37	149	0.0	1	138 11
38	68	0.0	1	65 3
39	97	0.0	1	89 8
40	147	0.0	1	141 6
41	299	0.0	1	289 10
42	550	0.0	1	526 24
43	231	0.0	1	212 19
44	445	0.0	1	425 20
45	495	0.0	1	479 16
46	379	0.0	1	367 12
47	542	0.0	1	528 14
48	342	0.0	1	333 9
49	209	0.0	1	202 7
50	124	0.0	1	119 5
51	125	0.0	1	120 5
52	72	0.0	1	68 4
53	163	0.0	1	159 4
54	454	0.0	1	445 9
55	121	0.0	1	118 3
56	286	0.0	1	281 5
57	802	0.0	1	793 9
58	413	0.0	1	401 12
59	90	0.0	1	90
60	335	0.0	1	328 7
61	123	0.0	1	121 2
62	69	0.0	1	64 5
63	218	0.0	1	212 6
64	92	0.0	1	88 4
65	55	0.0	1	52 3
66	35	0.0	1	34 1
67	37	0.0	1	36 1
68	40	0.0	1	38 2
69	54	0.0	1	53 1
70	32	0.0	1	30 2
71	52	0.0	1	51 1
72	63	0.0	1	58 5
73	73	0.0	1	70 3
74	100	0.0	1	96 4
75	152	0.0	1	144 8
76	274	0.0	1	252 22
77	413	0.0	1	373 40
78	560	0.0	1	506 54
79	834	0.0	1	724 110
80	1326	0.0	1	1228 98
81	896	0.0	1	820 76
82	359	0.0	1	320 39
83	238	0.0	1	213 25
84	123	0.0	1	104 19
85	100	0.0	1	88 12
86	54	0.0	1	46 8
87	47	0.0	1	37 10
88	49	0.0	1	42 7
89	93	0.0	1	78 15
90	31	0.0	1	25 6
91	24	0.0	1	20 4
92	20	0.0	1	17 3
93	33	0.0	1	30 3
94	364	0.0	1	345 19
95	43	0.0	1	39 4
96	74	0.0	1	70 4
97	55	0.0	1	51 4
98	24	0.0	1	22 2
99	14	0.0	1	13 1
100	15	0.0	1	12 3
101	9	0.0	1	7 2
102	8	0.0	1	8
103	15	0.0	1	14 1
104	4	0.0	1	3 1
105	37	0.0	1	34 3
106	12	0.0	1	10 2
107	15	0.0	1	10 5
108	10	0.0	1	8 2
109	15	0.0	1	9 6
110	9	0.0	1	7 2
111	9	0.0	1	6 3
112	16	0.0	1	10 6
113	22	0.0	1	19 3
114	13	0.0	1	8 5
115	8	0.0	1	4 4
116	8	0.0	1	6 2
117	27	0.0	1	23 4
118	3	0.0	1	2 1
119	4	0.0	1	2 2
120	5	0.0	1	2 3
121	7	0.0	1	5 2
122	2	0.0	1	2
123	22	0.0	1	19 3
124	4	0.0	1	3 1
125	6	0.0	1	4 2
126	8	0.0	1	3 5
127	57	0.0	1	52 5
128	10	0.0	1	10
129	15	0.0	1	11 4
130	5	0.0	1	3 2
131	8	0.0	1	7 1
132	4	0.0	1	4
133	26	0.0	1	23 3
134	13	0.0	1	8 5
135	4	0.0	1	2 2
136	8	0.0	1	5 3
137	5	0.0	1	2 3
138	6	0.0	1	3 3
139	3	0.0	1	1 2
140	3	0.0	1	2 1
141	30	0.0	1	25 5
142	4	0.0	1	4
143	6	0.0	1	6
144	5	0.0	1	4 1
145	7	0.0	1	5 2
146	24	0.0	1	20 4
147	15	0.0	1	13 2
148	7	0.0	1	5 2
149	7	0.0	1	6 1
150	6	0.0	1	5 1
151	17	0.0	1	14 3
152	15	0.0	1	14 1
153	23	0.0	1	20 3
154	28	0.0	1	26 2
155	17	0.0	1	17
156	72	0.0	1	68 4
157	26	0.0	1	25 1
158	23	0.0	1	21 2
159	41	0.0	1	40 1
160	55	0.0	1	52 3
161	39	0.0	1	39
162	32	0.0	1	31 1
163	22	0.0	1	21 1
164	34	0.0	1	30 4
165	14	0.0	1	11 3
166	31	0.0	1	30 1
167	66	0.0	1	63 3
168	27	0.0	1	26 1
169	34	0.0	1	33 1
170	31	0.0	1	30 1
171	8	0.0	1	7 1
172	29	0.0	1	26 3
173	14	0.0	1	14
174	16	0.0	1	15 1
175	33	0.0	1	31 2
176	26	0.0	1	24 2
177	10	0.0	1	10
178	12	0.0	1	12
179	4	0.0	1	4
180	25	0.0	1	24 1
181	11	0.0	1	11
182	1	0.0	1	1
183	9	0.0	1	7 2
184	3	0.0	1	3
185	51	0.0	1	49 2
186	5	0.0	1	5
187	8	0.0	1	8
188	1	0.0	1	0 1
189	3	0.0	1	3
190	5	0.0	1	5
191	4	0.0	1	2 2
192	14	0.0	1	13 1
193	4	0.0	1	4
195	8	0.0	1	8
196	4	0.0	1	2 2
197	1	0.0	1	1
198	3	0.0	1	3
200	3	0.0	1	2 1
201	2	0.0	1	1 1
202	1	0.0	1	1
203	2	0.0	1	2
204	2	0.0	1	2
205	2	0.0	1	2
206	2	0.0	1	1 1
208	4	0.0	1	4
209	3	0.0	1	2 1
210	4	0.0	1	4
212	4	0.0	1	3 1
213	1	0.0	1	1
214	4	0.0	1	4
215	4	0.0	1	4
217	1	0.0	1	1
218	2	0.0	1	1 1
225	1	0.0	1	0 1
229	1	0.0	1	1
231	1	0.0	1	1
236	1	0.0	1	0 1
241	1	0.0	1	0 1
243	1	0.0	1	1
244	1	0.0	1	0 1
249	2	0.0	1	0 2
250	4	0.0	1	0 4
251	120	0.0	1	0 120

RUN STATISTICS FOR INPUT FILE: SC2200/host_removal/SC2200_R2.fastq.gz
=============================================
826912 sequences processed in total

Total number of sequences analysed for the sequence pair length validation: 826912

Number of sequence pairs removed because at least one read was shorter than the length cutoff (20 bp): 2927 (0.35%)
