quality	AA	AC	AG	AT	A.	CA	CC	CG	CT	C.	GA	GC	GG	GT	G.	TA	TC	TG	TT	T.	.A	.C	.G	.T	..
0	NA	NA	NA	NA	NA	NA	NA	NA	NA	NA	NA	NA	NA	NA	NA	NA	NA	NA	NA	NA	NA	NA	NA	NA	NA
1	NA	NA	NA	NA	NA	NA	NA	NA	NA	NA	NA	NA	NA	NA	NA	NA	NA	NA	NA	NA	NA	NA	NA	NA	NA
2	NA	NA	NA	NA	NA	NA	NA	NA	NA	NA	NA	NA	NA	NA	NA	NA	NA	NA	NA	NA	NA	NA	NA	NA	NA
3	NA	NA	NA	NA	NA	NA	NA	NA	NA	NA	NA	NA	NA	NA	NA	NA	NA	NA	NA	NA	NA	NA	NA	NA	NA
4	NA	NA	NA	NA	NA	NA	NA	NA	NA	NA	NA	NA	NA	NA	NA	NA	NA	NA	NA	NA	NA	NA	NA	NA	NA
5	NA	NA	NA	NA	NA	NA	NA	NA	NA	NA	NA	NA	NA	NA	NA	NA	NA	NA	NA	NA	NA	NA	NA	NA	NA
6	NA	NA	NA	NA	NA	NA	NA	NA	NA	NA	NA	NA	NA	NA	NA	NA	NA	NA	NA	NA	NA	NA	NA	NA	NA
7	NA	NA	NA	NA	NA	NA	NA	NA	NA	NA	NA	NA	NA	NA	NA	NA	NA	NA	NA	NA	NA	NA	NA	NA	NA
8	NA	NA	NA	NA	NA	NA	NA	NA	NA	NA	NA	NA	NA	NA	NA	NA	NA	NA	NA	NA	NA	NA	NA	NA	NA
9	NA	NA	NA	NA	NA	NA	NA	NA	NA	NA	NA	NA	NA	NA	NA	NA	NA	NA	NA	NA	NA	NA	NA	NA	NA
10	1	NA	NA	NA	NA	NA	1	NA	NA	NA	NA	0.0135135	0.986486	NA	NA	NA	NA	NA	1	NA	NA	NA	NA	NA	1
11	0.973299	0.0121936	0.00343922	0.010943	0.000125063	0.0738708	0.899355	0.00577868	0.0207069	0.000288934	0.0254594	0.00615453	0.906088	0.0621209	0.000177109	0.0231734	0.0111778	0.0231734	0.94193	0.000545256	5.70201e-05	NA	1.90067e-05	5.70201e-05	0.999867
12	0.973245	0.012923	0.00585263	0.00785198	0.000127231	0.0539137	0.927161	0.00555636	0.0132237	0.000145582	0.0112066	0.00467701	0.94831	0.0356546	0.000151851	0.0113089	0.00575029	0.0247263	0.958095	0.000119798	4.41733e-05	1.96326e-05	9.81629e-06	3.4357e-05	0.999892
13	0.965501	0.0193864	0.00540281	0.00957555	0.000134028	0.0396512	0.94492	0.00452493	0.0107966	0.000106852	0.00766469	0.00373555	0.967005	0.0215069	8.79987e-05	0.0117824	0.00722828	0.0214643	0.959403	0.000122168	3.16974e-05	3.26297e-05	2.33069e-05	4.28847e-05	0.999869
14	0.96569	0.0186923	0.00560433	0.00982862	0.000185128	0.0372192	0.945996	0.00484946	0.0117981	0.000137087	0.0144657	0.00602472	0.946493	0.0328578	0.000158964	0.0141083	0.00876764	0.0194564	0.957527	0.000140935	3.06095e-05	3.06095e-05	3.06095e-05	4.32134e-05	0.999865
15	0.968323	0.0150174	0.00643736	0.0101657	5.66337e-05	0.0308196	0.950628	0.00537478	0.0130259	0.000151759	0.0134255	0.00609053	0.954139	0.0261832	0.000161875	0.0154184	0.0101906	0.0222753	0.951851	0.000265182	5.22607e-05	4.6454e-05	2.3227e-05	4.06472e-05	0.999837
16	0.96431	0.0154197	0.0079226	0.0122042	0.000143297	0.0267466	0.955017	0.00452908	0.0135873	0.000119817	0.0122131	0.005255	0.955346	0.0270605	0.00012528	0.0183572	0.0117003	0.0277795	0.942019	0.000143656	6.12276e-05	2.9918e-05	3.82673e-05	4.03546e-05	0.99983
17	NA	NA	NA	NA	NA	NA	NA	NA	NA	NA	NA	NA	NA	NA	NA	NA	NA	NA	NA	NA	NA	NA	NA	NA	NA
18	1	NA	NA	NA	NA	NA	1	NA	NA	NA	NA	NA	1	NA	NA	NA	NA	NA	1	NA	NA	NA	NA	NA	1
19	1	NA	NA	NA	NA	NA	1	NA	NA	NA	NA	NA	1	NA	NA	NA	NA	0.0212766	0.978723	NA	NA	NA	NA	NA	1
20	0.998164	0.00122374	0.000203957	0.000203957	0.000203957	0.00819931	0.989909	0.000315358	0.00157679	NA	0.000549526	0.000274763	0.994367	0.00467097	0.000137382	0.000596125	0.00178838	0.00298063	0.994635	NA	5.34616e-05	NA	NA	NA	0.999947
21	0.993968	0.00488158	0.000556834	0.000556834	3.71223e-05	0.00446817	0.994155	0.000313979	0.0010627	NA	0.000792555	0.000271733	0.996422	0.00251353	NA	0.000727802	0.000502845	0.00236866	0.996361	3.96983e-05	NA	3.25697e-05	2.79168e-05	1.86112e-05	0.999921
22	0.997289	0.00180725	0.000338859	0.000508288	5.64764e-05	0.00542226	0.993403	0.000451855	0.000677782	4.51855e-05	0.00103446	0.000463723	0.995612	0.00285368	3.5671e-05	0.00136575	0.00101065	0.00286807	0.994646	0.00010926	2.45574e-05	1.63716e-05	8.18578e-06	8.18578e-06	0.999943
23	0.995392	0.00351461	0.00059792	0.00046667	2.91668e-05	0.00327613	0.995206	0.000339599	0.00113866	3.99529e-05	0.000716265	0.000301585	0.997078	0.00190376	NA	0.000398153	0.000445553	0.00125134	0.997848	5.6879e-05	1.08274e-05	7.21826e-06	1.44365e-05	2.52639e-05	0.999942
24	0.997236	0.00198075	0.000414575	0.000368511	NA	0.00380065	0.994407	0.000573682	0.00121907	NA	0.000628755	0.000139723	0.997066	0.00209585	6.98617e-05	0.000257036	0.000385555	0.00128518	0.997912	0.000160648	2.4671e-05	1.23355e-05	1.23355e-05	NA	0.999951
25	0.996917	0.00150486	0.00117453	0.00036704	3.6704e-05	0.00271242	0.995813	0.000235863	0.00117931	5.89657e-05	0.000806322	0.000268774	0.997151	0.00177391	NA	0.000329354	0.000274461	0.00112529	0.998106	0.000164677	6.04796e-05	2.01599e-05	4.03197e-05	4.03197e-05	0.999839
26	0.998514	0.00063701	0.00063701	0.000212337	NA	0.00234779	0.996557	NA	0.000939114	0.000156519	0.000654129	0.000163532	0.998528	0.000654129	NA	0.000142157	0.000924017	0.000639704	0.998152	0.000142157	2.78009e-05	2.78009e-05	2.78009e-05	5.56019e-05	0.999861
27	0.996795	0.00127111	0.00119329	0.000682449	5.78685e-05	0.00269927	0.995515	0.000354578	0.00138956	4.15272e-05	0.00163304	0.00056369	0.994377	0.00340701	1.93423e-05	0.000942047	0.000785311	0.00412737	0.994039	0.000106123	3.57275e-05	1.6446e-05	2.04157e-05	2.60868e-05	0.999901
28	0.999135	0.000227593	0.000364149	0.000227593	4.55187e-05	0.000411709	0.998641	0.000164684	0.000782247	NA	0.00158814	0.000151252	0.996723	0.00153772	NA	0.000279512	0.000279512	0.000372682	0.998882	0.000186341	3.10453e-05	1.03484e-05	NA	4.13937e-05	0.999917
29	0.999174	0.000413223	0.000206612	0.000206612	NA	0.000362188	0.998551	NA	0.00108656	NA	0.000889548	NA	0.998814	0.000296516	NA	NA	NA	NA	1	NA	NA	NA	NA	NA	1
30	0.997643	0.000918892	0.00103444	0.000339311	6.4194e-05	0.000543377	0.998236	0.000162723	0.00105189	5.81152e-06	0.000970742	0.000144116	0.997942	0.000932673	1.08767e-05	0.000374173	0.000737501	0.000794441	0.998037	5.69394e-05	2.15845e-05	7.4004e-06	8.63379e-06	1.29507e-05	0.999949
31	0.998279	0.000749026	0.000761305	0.000159628	5.08706e-05	0.00062553	0.998464	9.32808e-05	0.000809348	8.23066e-06	0.000796315	0.000125464	0.998387	0.000683653	7.68149e-06	0.000234858	0.000529393	0.000791202	0.998389	5.58269e-05	1.76976e-05	4.97745e-06	6.08355e-06	2.10159e-05	0.99995
32	0.997646	0.00200462	0.000204727	0.000119424	2.55909e-05	0.000302363	0.999323	6.04727e-05	0.000302363	1.20945e-05	0.00023379	1.16895e-05	0.999497	0.0002221	3.50684e-05	8.45185e-05	0.000361125	0.000176721	0.999339	3.84175e-05	7.48682e-06	NA	NA	9.98243e-06	0.999983
33	0.998049	0.00177584	8.38979e-05	5.59319e-05	3.49575e-05	0.000380156	0.99926	4.00164e-05	0.000310127	1.00041e-05	0.000149012	0.000111759	0.999562	0.000167638	9.31324e-06	3.80309e-05	0.00025535	0.000244484	0.999435	2.71649e-05	3.99737e-06	3.99737e-06	3.99737e-06	1.19921e-05	0.999976
34	0.998506	0.000374223	0.000909192	0.000132679	7.82467e-05	0.00029819	0.998966	6.20668e-05	0.000665194	8.09567e-06	0.000682349	0.000118513	0.998754	0.00042976	1.55623e-05	0.00015864	0.000470321	0.000693351	0.998606	7.18546e-05	1.93889e-05	6.55029e-06	5.76426e-06	1.93889e-05	0.999949
35	0.999322	0.000125998	0.000462453	4.98452e-05	4.01531e-05	0.000271612	0.999448	1.77524e-05	0.000259185	3.55048e-06	0.000479974	4.78135e-05	0.999252	0.000217	3.67796e-06	4.45082e-05	0.000215123	0.000603334	0.999075	6.1817e-05	9.56582e-06	4.15905e-06	3.32724e-06	1.66362e-05	0.999966
36	0.998579	0.000424433	0.000831466	0.000109371	5.53068e-05	0.000159412	0.999118	5.99004e-05	0.00064731	1.54582e-05	0.000609751	6.10663e-05	0.999102	0.000211453	1.54944e-05	8.8329e-05	0.000503829	0.000375928	0.998965	6.71301e-05	1.80386e-05	6.40078e-06	6.98266e-06	1.37714e-05	0.999955
37	0.998611	0.000445427	0.000820396	6.07401e-05	6.23598e-05	0.00023079	0.999126	4.25862e-05	0.000590712	9.61624e-06	0.000531833	5.75334e-05	0.999172	0.000220311	1.82423e-05	9.57613e-05	0.000406794	0.000425946	0.999022	4.90298e-05	1.68346e-05	5.27651e-06	8.54292e-06	1.83422e-05	0.999951
38	0.998721	0.000327395	0.000824866	7.28135e-05	5.36801e-05	0.000127907	0.999304	3.40533e-05	0.000521596	1.24585e-05	0.000576162	4.61265e-05	0.999218	0.000146766	1.34186e-05	7.11783e-05	0.000446723	0.000375014	0.99905	5.73676e-05	1.65603e-05	5.52009e-06	7.46836e-06	1.75344e-05	0.999953
39	0.998808	0.000239029	0.00083709	5.52922e-05	6.05523e-05	0.000137168	0.999267	3.03744e-05	0.000555058	1.06407e-05	0.000590094	4.26597e-05	0.999229	0.000124505	1.33191e-05	6.00332e-05	0.000439709	0.000285845	0.999153	6.10643e-05	2.10296e-05	7.45028e-06	7.67048e-06	1.87908e-05	0.999945
40	0.998867	0.000121448	0.000892906	5.09983e-05	6.803e-05	8.97221e-05	0.999238	2.60669e-05	0.000631367	1.51217e-05	0.000708237	3.07063e-05	0.999121	0.000122991	1.6598e-05	5.96728e-05	0.0004163	0.000250532	0.999223	5.08394e-05	2.60493e-05	8.2509e-06	7.57315e-06	1.88592e-05	0.999939
