quality	AA	AC	AG	AT	A.	CA	CC	CG	CT	C.	GA	GC	GG	GT	G.	TA	TC	TG	TT	T.	.A	.C	.G	.T	..
0	NA	NA	NA	NA	NA	NA	NA	NA	NA	NA	NA	NA	NA	NA	NA	NA	NA	NA	NA	NA	NA	NA	NA	NA	NA
1	NA	NA	NA	NA	NA	NA	NA	NA	NA	NA	NA	NA	NA	NA	NA	NA	NA	NA	NA	NA	NA	NA	NA	NA	NA
2	NA	NA	NA	NA	NA	NA	NA	NA	NA	NA	NA	NA	NA	NA	NA	NA	NA	NA	NA	NA	NA	NA	NA	NA	NA
3	NA	NA	NA	NA	NA	NA	NA	NA	NA	NA	NA	NA	NA	NA	NA	NA	NA	NA	NA	NA	NA	NA	NA	NA	NA
4	NA	NA	NA	NA	NA	NA	NA	NA	NA	NA	NA	NA	NA	NA	NA	NA	NA	NA	NA	NA	NA	NA	NA	NA	NA
5	NA	NA	NA	NA	NA	NA	NA	NA	NA	NA	NA	NA	NA	NA	NA	NA	NA	NA	NA	NA	NA	NA	NA	NA	NA
6	NA	NA	NA	NA	NA	NA	NA	NA	NA	NA	NA	NA	NA	NA	NA	NA	NA	NA	NA	NA	NA	NA	NA	NA	NA
7	NA	NA	NA	NA	NA	NA	NA	NA	NA	NA	NA	NA	NA	NA	NA	NA	NA	NA	NA	NA	NA	NA	NA	NA	NA
8	NA	NA	NA	NA	NA	NA	NA	NA	NA	NA	NA	NA	NA	NA	NA	NA	NA	NA	NA	NA	NA	NA	NA	NA	NA
9	NA	NA	NA	NA	NA	NA	NA	NA	NA	NA	NA	NA	NA	NA	NA	NA	NA	NA	NA	NA	NA	NA	NA	NA	NA
10	NA	NA	NA	NA	NA	NA	NA	NA	NA	NA	NA	NA	1	NA	NA	NA	NA	NA	NA	NA	NA	NA	NA	NA	1
11	0.978155	0.0145631	0.00242718	0.00242718	0.00242718	0.0858209	0.876866	0.011194	0.0261194	NA	0.0230263	0.0164474	0.901316	0.0592105	NA	0.0384615	0.0192308	0.0192308	0.923077	NA	0.000718907	NA	NA	NA	0.999281
12	0.973888	0.0155258	0.00494001	0.00564573	NA	0.0604651	0.91814	0.0055814	0.015814	NA	0.00666667	0.00277778	0.957778	0.0322222	0.000555556	0.00985222	0.0108374	0.0315271	0.946798	0.000985222	NA	NA	NA	NA	1
13	0.956094	0.0225232	0.00755524	0.0133999	0.000427655	0.0373563	0.943192	0.005084	0.0141468	0.000221043	0.00717148	0.00253111	0.96583	0.0240456	0.000421852	0.0139311	0.00736589	0.0238591	0.954844	NA	4.44208e-05	4.44208e-05	NA	0.000133262	0.999778
14	0.954992	0.0222452	0.0108639	0.0118986	NA	0.0325397	0.949206	0.00277778	0.0154762	NA	0.0141243	0.00776836	0.946681	0.0310734	0.000353107	0.0160959	0.0113014	0.0191781	0.953082	0.000342466	0.000164826	NA	NA	0.000164826	0.99967
15	0.957845	0.018267	0.0107728	0.0131148	NA	0.0262876	0.957082	0.00643777	0.0101931	NA	0.0110278	0.00573445	0.95236	0.0308778	NA	0.0137665	0.0121145	0.0192731	0.954295	0.000550661	NA	NA	NA	NA	1
16	0.959845	0.0151455	0.00876843	0.0161419	9.96413e-05	0.0224	0.957527	0.00625455	0.0136727	0.000145455	0.0124337	0.00485216	0.955724	0.0268385	0.00015163	0.0136474	0.0126568	0.0246533	0.948822	0.000220119	0.000122771	6.13855e-05	3.06927e-05	6.13855e-05	0.999724
17	NA	NA	NA	NA	NA	NA	NA	NA	NA	NA	NA	NA	NA	NA	NA	NA	NA	NA	NA	NA	NA	NA	NA	NA	NA
18	NA	NA	NA	NA	NA	NA	NA	NA	NA	NA	NA	NA	1	NA	NA	NA	NA	NA	NA	NA	NA	NA	NA	NA	1
19	1	NA	NA	NA	NA	NA	1	NA	NA	NA	NA	NA	1	NA	NA	NA	NA	NA	1	NA	NA	NA	NA	NA	1
20	0.992366	NA	NA	0.00763359	NA	NA	0.983333	NA	0.0166667	NA	NA	NA	0.988024	0.011976	NA	NA	NA	NA	1	NA	NA	NA	NA	NA	1
21	0.996561	0.00343938	NA	NA	NA	0.00572082	0.990847	0.00114416	0.00228833	NA	NA	NA	0.996771	0.00322928	NA	NA	0.000641849	0.00320924	0.996149	NA	NA	NA	NA	0.000221092	0.999779
22	0.996159	0.00128041	0.00128041	0.00128041	NA	NA	1	NA	NA	NA	NA	NA	1	NA	NA	NA	0.00509554	NA	0.994904	NA	NA	NA	NA	NA	1
23	0.999311	NA	NA	0.000688705	NA	0.00433651	0.988725	0.000867303	0.00520382	0.000867303	0.000868056	NA	0.997396	0.00173611	NA	NA	NA	0.00223814	0.997762	NA	NA	NA	NA	NA	1
24	0.997613	NA	NA	0.00238663	NA	0.00625	0.99375	NA	NA	NA	NA	NA	1	NA	NA	0.00325203	0.00162602	0.00325203	0.99187	NA	NA	NA	NA	NA	1
25	0.998258	NA	0.00174216	NA	NA	NA	0.992481	0.00501253	0.00250627	NA	0.00247525	NA	0.992574	0.00247525	0.00247525	NA	NA	0.00230681	0.997693	NA	NA	NA	NA	NA	1
26	1	NA	NA	NA	NA	NA	1	NA	NA	NA	NA	NA	0.990654	0.00934579	NA	NA	NA	0.0030303	0.99697	NA	NA	NA	NA	NA	1
27	0.996197	0.00123817	0.00123817	0.000972849	0.000353763	0.00274085	0.995752	0.000959298	0.00054817	NA	0.00203812	0.000599449	0.994365	0.00299724	NA	0.00069056	0.00165734	0.00310752	0.994406	0.000138112	2.44379e-05	2.44379e-05	NA	NA	0.999951
28	0.995868	0.00206612	0.00206612	NA	NA	NA	0.99689	NA	0.00311042	NA	NA	NA	0.998888	0.00111235	NA	NA	NA	NA	1	NA	NA	NA	NA	NA	1
29	0.990654	NA	NA	NA	0.00934579	NA	1	NA	NA	NA	NA	NA	1	NA	NA	NA	NA	NA	1	NA	NA	NA	NA	NA	1
30	0.997537	0.000791835	0.00131973	0.000351927	NA	0.00026476	0.99669	0.000661901	0.00238284	NA	0.000517598	0.000517598	0.9978	0.0011646	NA	0.000385654	0.000899859	0.000899859	0.997686	0.000128551	2.91045e-05	NA	2.91045e-05	NA	0.999942
31	0.999096	0.000164285	0.000657138	8.21423e-05	NA	0.000492429	0.996922	0.0017235	0.000861751	NA	0.000912201	0.000114025	0.998404	0.000570125	NA	0.000261575	0.0010463	0.000435958	0.998169	8.71916e-05	NA	NA	NA	NA	1
32	1	NA	NA	NA	NA	NA	0.99775	NA	0.00224972	NA	NA	NA	1	NA	NA	NA	0.000350877	NA	0.999649	NA	0.000118934	NA	NA	NA	0.999881
33	0.999658	NA	NA	NA	0.000341647	0.000933271	0.9958	NA	0.00279981	0.000466636	NA	NA	1	NA	NA	NA	0.00128667	NA	0.998713	NA	NA	NA	NA	NA	1
34	0.998434	0.000401558	0.00104405	0.000120467	NA	0.000180451	0.998436	0.000721805	0.000661654	NA	0.000438524	NA	0.999013	0.000548155	NA	0.000127703	0.000638515	0.000468245	0.998638	0.000127703	NA	NA	1.20276e-05	3.60828e-05	0.999952
35	0.998558	0.000420648	0.00102157	NA	NA	0.00049867	0.999252	8.31117e-05	0.000166223	NA	0.00038619	NA	0.999382	0.000231714	NA	NA	0.000175244	0.000467317	0.999357	NA	3.74371e-05	NA	NA	NA	0.999963
36	0.99914	0.00023722	0.000504092	8.89574e-05	2.96525e-05	0.00013341	0.997954	0.000755992	0.00115622	NA	0.000340194	0.000127573	0.99932	0.000212621	NA	0.000131661	0.000460814	0.000296238	0.999045	6.58306e-05	NA	9.08339e-06	9.08339e-06	9.08339e-06	0.999973
37	0.998736	0.000114947	0.00107284	7.66313e-05	NA	NA	0.998581	0.000709677	0.000709677	NA	0.00047259	NA	0.999392	0.000135026	NA	NA	0.000530767	0.000176922	0.999186	0.000106153	1.18121e-05	NA	NA	NA	0.999988
38	0.998784	0.000228027	0.000962781	NA	2.53363e-05	3.81811e-05	0.998664	0.000496354	0.000801802	NA	0.000918971	NA	0.999001	3.99553e-05	3.99553e-05	4.93109e-05	0.000715008	0.000197244	0.998989	4.93109e-05	1.52406e-05	3.04813e-05	NA	4.57219e-05	0.999909
39	0.998734	0.000309198	0.000851754	4.66715e-05	5.83393e-05	8.93376e-06	0.998687	0.000553893	0.0007147	3.5735e-05	0.000536959	1.8202e-05	0.999363	6.3707e-05	1.8202e-05	6.96969e-05	0.000444988	0.000241258	0.999212	3.21678e-05	1.72514e-05	5.17541e-06	3.45027e-06	1.03508e-05	0.999964
40	0.999198	0.000281015	0.00041699	4.98575e-05	5.43899e-05	2.61893e-05	0.99892	0.00046486	0.000582712	6.54733e-06	0.000606999	1.55641e-05	0.999346	1.55641e-05	1.55641e-05	5.18056e-05	0.0003022	0.000375591	0.999236	3.45371e-05	1.09079e-05	1.22713e-05	8.1809e-06	1.63618e-05	0.999952
