quality	AA	AC	AG	AT	A.	CA	CC	CG	CT	C.	GA	GC	GG	GT	G.	TA	TC	TG	TT	T.	.A	.C	.G	.T	..
0	NA	NA	NA	NA	NA	NA	NA	NA	NA	NA	NA	NA	NA	NA	NA	NA	NA	NA	NA	NA	NA	NA	NA	NA	NA
1	NA	NA	NA	NA	NA	NA	NA	NA	NA	NA	NA	NA	NA	NA	NA	NA	NA	NA	NA	NA	NA	NA	NA	NA	NA
2	NA	NA	NA	NA	NA	NA	NA	NA	NA	NA	NA	NA	NA	NA	NA	NA	NA	NA	NA	NA	NA	NA	NA	NA	NA
3	NA	NA	NA	NA	NA	NA	NA	NA	NA	NA	NA	NA	NA	NA	NA	NA	NA	NA	NA	NA	NA	NA	NA	NA	NA
4	NA	NA	NA	NA	NA	NA	NA	NA	NA	NA	NA	NA	NA	NA	NA	NA	NA	NA	NA	NA	NA	NA	NA	NA	NA
5	NA	NA	NA	NA	NA	NA	NA	NA	NA	NA	NA	NA	NA	NA	NA	NA	NA	NA	NA	NA	NA	NA	NA	NA	NA
6	NA	NA	NA	NA	NA	NA	NA	NA	NA	NA	NA	NA	NA	NA	NA	NA	NA	NA	NA	NA	NA	NA	NA	NA	NA
7	NA	NA	NA	NA	NA	NA	NA	NA	NA	NA	NA	NA	NA	NA	NA	NA	NA	NA	NA	NA	NA	NA	NA	NA	NA
8	NA	NA	NA	NA	NA	NA	NA	NA	NA	NA	NA	NA	NA	NA	NA	NA	NA	NA	NA	NA	NA	NA	NA	NA	NA
9	NA	NA	NA	NA	NA	NA	NA	NA	NA	NA	NA	NA	NA	NA	NA	NA	NA	NA	NA	NA	NA	NA	NA	NA	NA
10	NA	NA	NA	NA	NA	NA	NA	NA	NA	NA	NA	NA	NA	NA	NA	NA	NA	NA	NA	NA	NA	NA	NA	NA	NA
11	0.953701	0.0304309	0.00391684	0.0116501	0.000301296	0.0426877	0.933333	0.00592885	0.0176548	0.000395257	0.017207	0.00681231	0.940803	0.0351774	NA	0.0215481	0.00765523	0.0158775	0.954919	NA	5.25169e-05	NA	2.62584e-05	0.000131292	0.99979
12	0.968642	0.0171255	0.00631834	0.00774369	0.000170191	0.0350687	0.94655	0.004276	0.0138831	0.00022213	0.0133374	0.0056434	0.952379	0.0285559	8.47357e-05	0.0129124	0.00710339	0.0226046	0.957127	0.000252565	0.000120978	1.15217e-05	4.60869e-05	8.6413e-05	0.999735
13	0.966699	0.015507	0.00701781	0.0106287	0.000147381	0.0304591	0.952768	0.00508099	0.0115156	0.000176397	0.00951954	0.00430796	0.96534	0.0206957	0.000136594	0.0151198	0.0115139	0.0235398	0.94964	0.000186776	4.67202e-05	2.95895e-05	4.04909e-05	5.21709e-05	0.999831
14	0.961398	0.0169002	0.00807572	0.0134566	0.000169786	0.0293929	0.951989	0.00470365	0.0137119	0.0002028	0.017348	0.00684651	0.945596	0.0300129	0.000196124	0.0211173	0.0131668	0.0223497	0.943137	0.000229287	8.69175e-05	4.27689e-05	3.72504e-05	8.00193e-05	0.999753
15	0.976605	0.00794125	0.00550753	0.00981227	0.000133644	0.0122082	0.9756	0.00312264	0.00888623	0.000182708	0.0153064	0.00591382	0.954065	0.0245288	0.000185532	0.0273077	0.0153967	0.0260805	0.93103	0.000185626	8.45558e-05	3.68576e-05	3.90257e-05	6.50429e-05	0.999775
16	0.963862	0.0122261	0.00953006	0.0141857	0.0001957	0.0177596	0.961052	0.00483169	0.0162387	0.000117641	0.0169152	0.00838553	0.950451	0.0241079	0.000140092	0.0192247	0.0144513	0.0193853	0.946657	0.000281753	0.00010251	5.59144e-05	4.40538e-05	9.14963e-05	0.999706
17	NA	NA	NA	NA	NA	NA	NA	NA	NA	NA	NA	NA	NA	NA	NA	NA	NA	NA	NA	NA	NA	NA	NA	NA	NA
18	NA	NA	NA	NA	NA	NA	NA	NA	NA	NA	NA	NA	NA	NA	NA	NA	NA	NA	NA	NA	NA	NA	NA	NA	NA
19	NA	NA	NA	NA	NA	NA	NA	NA	NA	NA	NA	NA	NA	NA	NA	NA	NA	NA	NA	NA	NA	NA	NA	NA	NA
20	0.997623	0.00178253	NA	0.000297089	0.000297089	0.00305577	0.995034	NA	0.00190985	NA	0.00208189	0.000173491	0.995489	0.00225538	NA	0.00041684	NA	0.00166736	0.997916	NA	NA	NA	NA	NA	1
21	0.997225	0.00132618	0.000612083	0.000795707	4.08055e-05	0.00235594	0.996425	0.000216638	0.00100195	NA	0.000758879	0.000278256	0.996939	0.00202368	NA	0.000990561	0.00302995	0.0026075	0.993357	1.45671e-05	NA	1.54761e-05	NA	3.09522e-05	0.999954
22	0.994973	0.00315846	0.00071258	0.00102072	0.000134812	0.00431607	0.99339	0.000633828	0.00156948	9.05469e-05	0.00161014	0.000501518	0.99517	0.00269236	2.63957e-05	0.00156888	0.00202253	0.00247618	0.993876	5.67065e-05	3.41462e-05	1.70731e-05	1.70731e-05	2.84552e-05	0.999903
23	0.996972	0.00115488	0.00103939	0.000731426	0.000102656	0.00226526	0.996149	0.000585193	0.000981614	1.88772e-05	0.00118308	0.000462141	0.99634	0.00201494	NA	0.00139458	0.00203683	0.00187168	0.994633	6.42243e-05	2.72584e-05	6.81459e-06	1.02219e-05	1.02219e-05	0.999945
24	0.99781	0.000801974	0.000709439	0.000555213	0.000123381	0.00230029	0.996288	0.000522794	0.000888749	NA	0.0011655	0.0003885	0.996455	0.00199106	NA	0.000557911	0.00316894	0.0016291	0.994577	6.69493e-05	8.55747e-06	NA	1.71149e-05	6.84597e-05	0.999906
25	0.995696	0.0023717	0.00125173	0.000614885	6.58805e-05	0.00181798	0.996582	0.000581755	0.000945351	7.27193e-05	0.00188482	0.000837696	0.99445	0.00279232	3.4904e-05	0.00131646	0.00167849	0.00157975	0.995261	0.000164558	3.69702e-05	1.84851e-05	3.08085e-05	4.31319e-05	0.999871
26	0.997198	0.000632759	0.00147644	0.000693022	NA	0.00212427	0.996442	0.00031864	0.00111524	NA	0.0014353	0.000688942	0.994776	0.00304283	5.74119e-05	0.000664196	0.0016712	0.00143552	0.996058	0.000171405	2.58777e-05	4.31295e-05	2.58777e-05	5.17554e-05	0.999853
27	0.995203	0.00169227	0.00158206	0.00146166	6.1044e-05	0.00125389	0.99659	0.000442863	0.00167808	3.4682e-05	0.00282797	0.00122583	0.991588	0.00433546	2.25336e-05	0.00160285	0.00133036	0.00378807	0.993141	0.000137578	3.94145e-05	1.37951e-05	1.77365e-05	3.00536e-05	0.999899
28	0.996934	0.000352423	0.00190308	0.000599119	0.000211454	0.000583409	0.996244	0.000109389	0.0030629	NA	0.00439757	0.000447211	0.993478	0.0016025	7.45351e-05	0.000714843	0.0009098	0.000389914	0.997855	0.000129971	6.41e-05	NA	8.0125e-06	2.40375e-05	0.999904
29	0.999635	0.000365497	NA	NA	NA	0.000647668	0.999352	NA	NA	NA	0.000502513	NA	0.999497	NA	NA	NA	0.000582411	NA	0.999418	NA	NA	NA	NA	NA	1
30	0.997079	0.000694403	0.00137148	0.000804122	5.05283e-05	0.000329588	0.998157	0.00018802	0.00132056	4.424e-06	0.00155073	0.000388673	0.997127	0.000926073	7.9321e-06	0.00114136	0.00162704	0.000578405	0.996585	6.84372e-05	2.2406e-05	9.53448e-06	7.62758e-06	2.47896e-05	0.999936
31	0.998031	0.000297503	0.00116732	0.000466424	3.78182e-05	0.000178917	0.998636	9.61921e-05	0.00108312	5.77153e-06	0.0011864	0.000189681	0.998001	0.000611991	1.07367e-05	0.000645765	0.00135567	0.000727397	0.997227	4.37313e-05	2.62403e-05	7.55403e-06	3.18064e-06	2.22645e-05	0.999941
32	0.999465	0.000159337	0.000280433	7.01083e-05	2.54939e-05	0.000189449	0.999405	3.60855e-05	0.000369876	NA	0.000283642	8.5952e-05	0.999287	0.000343808	NA	9.36395e-05	0.00262776	0.000228246	0.997039	1.17049e-05	7.35333e-06	1.83833e-06	1.83833e-06	1.6545e-05	0.999972
33	0.999645	9.67532e-05	0.000188899	4.6073e-05	2.30365e-05	7.52307e-05	0.999692	6.83915e-06	0.000212014	1.36783e-05	0.000269357	5.77193e-05	0.99932	0.000352729	NA	5.30898e-05	0.00192893	0.000431797	0.997561	2.47753e-05	6.62352e-06	3.97411e-06	1.3247e-06	1.45717e-05	0.999974
34	0.997359	0.000928863	0.00120034	0.000447388	6.39126e-05	0.000134705	0.998904	6.93047e-05	0.000882415	9.76123e-06	0.0011864	0.000177792	0.998241	0.000374121	2.02227e-05	0.000600973	0.00102443	0.000421426	0.997879	7.38512e-05	2.34912e-05	9.77234e-06	6.76547e-06	1.76654e-05	0.999942
35	0.99855	0.000825498	0.000430859	0.000160723	3.24464e-05	3.57571e-05	0.999657	2.58246e-05	0.000279104	1.98651e-06	0.000531277	6.01638e-05	0.999204	0.000195787	9.17753e-06	0.000248096	0.000361373	0.000472565	0.998837	8.06139e-05	1.30474e-05	5.79886e-06	3.38267e-06	9.18152e-06	0.999969
36	0.998211	0.000303794	0.00108101	0.00034813	5.59012e-05	6.58044e-05	0.998995	5.28895e-05	0.000880056	6.14994e-06	0.000871928	9.57129e-05	0.99882	0.000195299	1.71509e-05	0.000413174	0.00126549	0.000247358	0.997999	7.5164e-05	2.22646e-05	7.1782e-06	6.56988e-06	2.08046e-05	0.999943
37	0.998336	0.00018443	0.00108016	0.000344934	5.43321e-05	4.53651e-05	0.999285	4.71099e-05	0.000615918	6.10684e-06	0.000715289	7.17853e-05	0.999069	0.000125624	1.79463e-05	0.000392819	0.00120041	0.000253924	0.998073	7.97092e-05	2.04214e-05	8.88564e-06	5.14432e-06	1.87066e-05	0.999947
38	0.99837	0.000297813	0.00100617	0.000275038	5.13173e-05	3.16086e-05	0.999254	3.67217e-05	0.000672612	4.64832e-06	0.000767774	6.12059e-05	0.999053	9.58592e-05	2.25022e-05	0.00032609	0.00109303	0.000200602	0.998298	8.25657e-05	1.79584e-05	9.73865e-06	4.914e-06	1.82265e-05	0.999949
39	0.998273	0.000405274	0.000996043	0.000268484	5.75075e-05	3.16701e-05	0.999246	3.36855e-05	0.00068062	8.25343e-06	0.000728185	4.08713e-05	0.999142	6.40957e-05	2.4413e-05	0.000269606	0.00105443	0.000197843	0.998404	7.41842e-05	2.16475e-05	9.75813e-06	6.21772e-06	2.02384e-05	0.999942
40	0.998577	0.000343485	0.000877935	0.000136101	6.59315e-05	3.2006e-05	0.999169	3.54684e-05	0.000754083	9.88047e-06	0.00059166	3.55154e-05	0.999282	5.30171e-05	3.79824e-05	0.000120447	0.0008762	0.000161941	0.998778	6.34133e-05	2.75763e-05	1.3274e-05	5.68522e-06	2.16956e-05	0.999932
