quality	AA	AC	AG	AT	A.	CA	CC	CG	CT	C.	GA	GC	GG	GT	G.	TA	TC	TG	TT	T.	.A	.C	.G	.T	..
0	NA	NA	NA	NA	NA	NA	NA	NA	NA	NA	NA	NA	NA	NA	NA	NA	NA	NA	NA	NA	NA	NA	NA	NA	NA
1	NA	NA	NA	NA	NA	NA	NA	NA	NA	NA	NA	NA	NA	NA	NA	NA	NA	NA	NA	NA	NA	NA	NA	NA	NA
2	NA	NA	NA	NA	NA	NA	NA	NA	NA	NA	NA	NA	NA	NA	NA	NA	NA	NA	NA	NA	NA	NA	NA	NA	NA
3	NA	NA	NA	NA	NA	NA	NA	NA	NA	NA	NA	NA	NA	NA	NA	NA	NA	NA	NA	NA	NA	NA	NA	NA	NA
4	NA	NA	NA	NA	NA	NA	NA	NA	NA	NA	NA	NA	NA	NA	NA	NA	NA	NA	NA	NA	NA	NA	NA	NA	NA
5	NA	NA	NA	NA	NA	NA	NA	NA	NA	NA	NA	NA	NA	NA	NA	NA	NA	NA	NA	NA	NA	NA	NA	NA	NA
6	NA	NA	NA	NA	NA	NA	NA	NA	NA	NA	NA	NA	NA	NA	NA	NA	NA	NA	NA	NA	NA	NA	NA	NA	NA
7	NA	NA	NA	NA	NA	NA	NA	NA	NA	NA	NA	NA	NA	NA	NA	NA	NA	NA	NA	NA	NA	NA	NA	NA	NA
8	NA	NA	NA	NA	NA	NA	NA	NA	NA	NA	NA	NA	NA	NA	NA	NA	NA	NA	NA	NA	NA	NA	NA	NA	NA
9	NA	NA	NA	NA	NA	NA	NA	NA	NA	NA	NA	NA	NA	NA	NA	NA	NA	NA	NA	NA	NA	NA	NA	NA	NA
10	NA	NA	NA	NA	NA	NA	NA	NA	NA	NA	NA	NA	NA	NA	NA	NA	NA	NA	NA	NA	NA	NA	NA	NA	NA
11	0.977613	0.0119221	0.00357663	0.00688833	NA	0.0500192	0.929781	0.00596383	0.0142362	NA	0.0214208	0.00777296	0.930766	0.0397686	0.00027115	0.0256567	0.0128283	0.0262676	0.935247	NA	7.86225e-05	NA	NA	7.86225e-05	0.999843
12	0.972113	0.0131428	0.00574053	0.00882229	0.00018128	0.0363772	0.946594	0.00439178	0.0125539	8.28638e-05	0.0138422	0.00547578	0.946911	0.0335832	0.00018801	0.0134177	0.00822073	0.0229141	0.955258	0.000188982	2.48135e-05	2.48135e-05	4.13558e-05	4.9627e-05	0.999859
13	0.965848	0.0153247	0.00704179	0.0116639	0.000121807	0.0295491	0.953838	0.004864	0.0115893	0.000159391	0.0109011	0.00439207	0.96263	0.0219557	0.000120968	0.0143648	0.00989679	0.0222514	0.953267	0.000219929	5.9672e-05	3.18937e-05	2.16054e-05	4.32108e-05	0.999844
14	0.962266	0.0167912	0.00766768	0.0131085	0.000166555	0.0281111	0.953014	0.00494198	0.0137925	0.000140931	0.0181385	0.0070889	0.942535	0.0320096	0.000227826	0.0185249	0.0137049	0.0212723	0.946241	0.000257067	7.69334e-05	4.5371e-05	2.95898e-05	6.31248e-05	0.999785
15	0.977742	0.00835701	0.00480064	0.009007	9.28557e-05	0.0115343	0.977339	0.00265021	0.00830472	0.000171674	0.0151597	0.00623511	0.950415	0.0281019	8.78185e-05	0.0230046	0.0183921	0.0240168	0.934398	0.00018797	6.46488e-05	3.5263e-05	2.93858e-05	4.70173e-05	0.999824
16	0.964287	0.0118178	0.00939131	0.0143583	0.000145173	0.0187499	0.95951	0.00500685	0.016573	0.000160402	0.0175892	0.00832854	0.948718	0.0252104	0.000153521	0.0192829	0.0134433	0.0184687	0.948521	0.000284537	8.46517e-05	5.26213e-05	4.91895e-05	9.38033e-05	0.99972
17	NA	NA	NA	NA	NA	NA	NA	NA	NA	NA	NA	NA	NA	NA	NA	NA	NA	NA	NA	NA	NA	NA	NA	NA	NA
18	NA	NA	NA	NA	NA	NA	NA	NA	NA	NA	NA	NA	NA	NA	NA	NA	NA	NA	NA	NA	NA	NA	NA	NA	NA
19	NA	NA	NA	NA	NA	NA	NA	NA	NA	NA	NA	NA	NA	NA	NA	NA	NA	NA	NA	NA	NA	NA	NA	NA	NA
20	0.99668	0.00221321	0.000737735	0.000368868	NA	0.00477897	0.994624	NA	0.000597372	NA	0.00143954	NA	0.994962	0.00359885	NA	0.00475624	0.00118906	0.00416171	0.989893	NA	NA	NA	NA	NA	1
21	0.997291	0.00143589	0.000758581	0.000514752	NA	0.00227281	0.996748	0.000454561	0.000524494	NA	0.00242082	0.00026898	0.995394	0.00188286	3.36225e-05	0.00102631	0.000597126	0.00194066	0.996399	3.73204e-05	1.34397e-05	1.34397e-05	2.01595e-05	6.71984e-06	0.999946
22	0.996309	0.00169946	0.00103561	0.000902839	5.31082e-05	0.00370639	0.994249	0.000468624	0.00153368	4.26021e-05	0.00251924	0.000594822	0.994052	0.00279916	3.49895e-05	0.00178922	0.00105841	0.00317524	0.993902	7.5601e-05	7.73019e-06	1.54604e-05	3.09207e-05	2.31906e-05	0.999923
23	0.997054	0.00124781	0.00105717	0.000606575	3.46614e-05	0.00253404	0.995623	0.000716699	0.00102386	0.000102386	0.00220673	0.000446041	0.995187	0.00215978	NA	0.00118407	0.000853893	0.00165086	0.996231	7.96967e-05	2.64146e-05	1.32073e-05	8.80487e-06	1.76097e-05	0.999934
24	0.996928	0.000938527	0.00132247	0.000725225	8.53206e-05	0.00186528	0.995993	0.000552677	0.00158895	NA	0.00322601	0.000838764	0.99329	0.00258081	6.45203e-05	0.000627872	0.000599332	0.0012272	0.997431	0.000114159	1.13081e-05	NA	2.26162e-05	3.39244e-05	0.999932
25	0.996816	0.000842723	0.00143575	0.000842723	6.24239e-05	0.00277864	0.995369	0.000977668	0.000823299	5.14562e-05	0.00199393	0.000861014	0.994471	0.00267368	NA	0.00116131	0.00070117	0.00131469	0.996779	4.38231e-05	5.03601e-05	2.518e-05	8.39335e-06	6.71468e-05	0.999849
26	0.997191	0.000754527	0.00117371	0.000796445	8.38364e-05	0.00222829	0.995831	0.000431282	0.00143761	7.18804e-05	0.00180505	0.000977738	0.994134	0.00300842	7.52106e-05	0.00046457	0.0012844	0.000710518	0.997513	2.73276e-05	1.14151e-05	3.42454e-05	2.28303e-05	7.99059e-05	0.999852
27	0.996397	0.000921177	0.00145155	0.00117473	5.58289e-05	0.00125313	0.996497	0.000595868	0.00161065	4.33358e-05	0.00246529	0.00113807	0.991153	0.00522518	1.8606e-05	0.00113631	0.00147366	0.00357939	0.993718	9.23254e-05	3.39778e-05	1.39909e-05	1.79882e-05	3.06466e-05	0.999903
28	0.997863	0.000447272	0.000894543	0.000745453	4.96968e-05	0.000549121	0.996156	NA	0.00329473	NA	0.00252616	0.000773315	0.995128	0.00154663	2.57772e-05	0.000547495	0.00118624	0.000364997	0.997901	NA	4.44959e-05	1.1124e-05	3.33719e-05	NA	0.999911
29	0.999521	0.000478927	NA	NA	NA	0.00224551	0.997754	NA	NA	NA	0.000503398	0.000503398	0.998993	NA	NA	NA	0.00137174	NA	0.997257	0.00137174	NA	NA	NA	NA	1
30	0.997558	0.000438546	0.00127237	0.000692233	3.93314e-05	0.000321767	0.998048	0.000281929	0.00133304	1.53222e-05	0.00167763	0.000410454	0.996986	0.000920077	5.50944e-06	0.00061732	0.00139206	0.000604974	0.997346	4.01258e-05	2.96268e-05	5.92536e-06	5.26699e-06	1.77761e-05	0.999941
31	0.998547	0.00024722	0.000893402	0.000283024	2.89844e-05	0.000237748	0.998521	0.000271712	0.000969281	NA	0.00101647	0.000168586	0.998165	0.000647073	2.47921e-06	0.000296006	0.000872232	0.000568332	0.998222	4.14409e-05	1.7865e-05	8.12043e-06	3.78954e-06	2.5444e-05	0.999945
32	0.999225	0.000143262	0.000505629	0.000101126	2.52815e-05	0.00014719	0.999638	1.13223e-05	0.00019248	1.13223e-05	0.00127453	6.95201e-05	0.998285	0.000359187	1.15867e-05	0.000112401	0.000517044	0.000224802	0.999138	7.49339e-06	1.19267e-05	9.54135e-06	7.15601e-06	1.66974e-05	0.999955
33	0.999389	0.000109967	0.000390995	0.000103858	6.1093e-06	3.58902e-05	0.99965	9.86981e-05	0.000215341	NA	0.00106249	4.28423e-05	0.998381	0.000514108	NA	7.58587e-05	0.000562246	0.000374831	0.998951	3.56982e-05	2.06276e-05	3.43794e-06	3.43794e-06	2.06276e-05	0.999952
34	0.998523	0.000222871	0.00101002	0.000198664	4.59098e-05	0.000116664	0.99884	0.000211872	0.000824693	6.70482e-06	0.000840043	0.000185389	0.998615	0.000348763	1.04281e-05	0.000217406	0.000861332	0.000350981	0.998513	5.71151e-05	1.90366e-05	5.91677e-06	7.20302e-06	2.39243e-05	0.999944
35	0.999297	0.000107979	0.000502931	5.15577e-05	4.0857e-05	4.18429e-05	0.999642	8.23781e-05	0.000231443	2.61518e-06	0.000310624	6.72781e-05	0.999382	0.000240483	NA	4.29144e-05	0.000343315	0.000425492	0.999131	5.75235e-05	8.67468e-06	5.78312e-06	3.53413e-06	9.95982e-06	0.999972
36	0.998789	0.000130643	0.000910817	0.00012801	4.16163e-05	6.51873e-05	0.99897	0.000199795	0.000750924	1.4392e-05	0.000680738	9.99738e-05	0.999068	0.000148053	3.05264e-06	0.000130257	0.000800152	0.000197867	0.998814	5.76854e-05	1.99961e-05	7.16527e-06	6.99864e-06	2.29955e-05	0.999943
37	0.998781	8.78663e-05	0.00101181	7.50243e-05	4.39331e-05	6.01347e-05	0.999111	0.000204458	0.000613374	1.08243e-05	0.000566124	5.7196e-05	0.999258	0.000108556	1.05054e-05	8.00212e-05	0.000789242	0.000221349	0.99885	5.93706e-05	1.9718e-05	4.8765e-06	7.84481e-06	2.07781e-05	0.999947
38	0.998738	0.000125866	0.00101908	7.09712e-05	4.58764e-05	2.8093e-05	0.999176	0.000174943	0.000610385	1.02157e-05	0.000468811	6.55722e-05	0.999376	8.51826e-05	4.28977e-06	7.7021e-05	0.000777065	0.000191948	0.998902	5.24227e-05	1.84758e-05	8.38705e-06	7.04998e-06	2.01775e-05	0.999946
39	0.998717	0.000132853	0.00105772	4.7711e-05	4.4886e-05	2.72585e-05	0.99906	0.000254412	0.000651306	7.11091e-06	0.000385929	4.05262e-05	0.999521	4.48639e-05	7.93174e-06	5.99031e-05	0.000661982	0.000149386	0.999077	5.19507e-05	1.91135e-05	7.19146e-06	6.25968e-06	1.88507e-05	0.999949
40	0.998972	0.000164987	0.000773494	3.83869e-05	5.15125e-05	2.14668e-05	0.999072	0.000190063	0.000710087	6.6138e-06	0.000277253	3.16595e-05	0.999654	2.6703e-05	1.04086e-05	4.97957e-05	0.000531239	0.000192251	0.999186	4.08673e-05	2.29851e-05	8.29986e-06	6.37411e-06	1.9753e-05	0.999943
