quality	AA	AC	AG	AT	A.	CA	CC	CG	CT	C.	GA	GC	GG	GT	G.	TA	TC	TG	TT	T.	.A	.C	.G	.T	..
0	NA	NA	NA	NA	NA	NA	NA	NA	NA	NA	NA	NA	NA	NA	NA	NA	NA	NA	NA	NA	NA	NA	NA	NA	NA
1	NA	NA	NA	NA	NA	NA	NA	NA	NA	NA	NA	NA	NA	NA	NA	NA	NA	NA	NA	NA	NA	NA	NA	NA	NA
2	NA	NA	NA	NA	NA	NA	NA	NA	NA	NA	NA	NA	NA	NA	NA	NA	NA	NA	NA	NA	NA	NA	NA	NA	NA
3	NA	NA	NA	NA	NA	NA	NA	NA	NA	NA	NA	NA	NA	NA	NA	NA	NA	NA	NA	NA	NA	NA	NA	NA	NA
4	NA	NA	NA	NA	NA	NA	NA	NA	NA	NA	NA	NA	NA	NA	NA	NA	NA	NA	NA	NA	NA	NA	NA	NA	NA
5	NA	NA	NA	NA	NA	NA	NA	NA	NA	NA	NA	NA	NA	NA	NA	NA	NA	NA	NA	NA	NA	NA	NA	NA	NA
6	NA	NA	NA	NA	NA	NA	NA	NA	NA	NA	NA	NA	NA	NA	NA	NA	NA	NA	NA	NA	NA	NA	NA	NA	NA
7	NA	NA	NA	NA	NA	NA	NA	NA	NA	NA	NA	NA	NA	NA	NA	NA	NA	NA	NA	NA	NA	NA	NA	NA	NA
8	NA	NA	NA	NA	NA	NA	NA	NA	NA	NA	NA	NA	NA	NA	NA	NA	NA	NA	NA	NA	NA	NA	NA	NA	NA
9	NA	NA	NA	NA	NA	NA	NA	NA	NA	NA	NA	NA	NA	NA	NA	NA	NA	NA	NA	NA	NA	NA	NA	NA	NA
10	0.972222	0.0277778	NA	NA	NA	0.0512821	0.948718	NA	NA	NA	0.00763359	NA	0.969466	0.0229008	NA	NA	NA	NA	1	NA	NA	NA	NA	NA	1
11	0.972659	0.0145579	0.00422141	0.00836391	0.000197262	0.0685847	0.908591	0.00589002	0.0168772	5.66348e-05	0.0226191	0.00598169	0.920207	0.0511643	2.78218e-05	0.0240462	0.00977878	0.0267714	0.939243	0.000160308	3.52262e-05	2.34841e-05	1.17421e-05	3.52262e-05	0.999894
12	0.97272	0.0131851	0.00563318	0.00836367	9.83961e-05	0.0520695	0.92938	0.00565095	0.0127483	0.000151365	0.0111079	0.00400165	0.945005	0.0397746	0.000110877	0.0108441	0.00569884	0.0238537	0.959489	0.000113977	4.97892e-05	2.3235e-05	9.95785e-06	3.98314e-05	0.999877
13	0.967518	0.0170193	0.00587161	0.00946332	0.000127607	0.0394898	0.944992	0.00463603	0.0107453	0.000136918	0.00875462	0.00321136	0.966486	0.0214456	0.000102146	0.0119894	0.00691704	0.0223413	0.9586	0.000151915	4.62207e-05	2.36478e-05	3.00972e-05	3.06346e-05	0.999869
14	0.96517	0.0184322	0.00635379	0.00989418	0.000149961	0.0345308	0.950262	0.00411573	0.0109638	0.000128001	0.0133825	0.00532578	0.949165	0.031991	0.000136093	0.0147265	0.010036	0.0200255	0.955005	0.000207059	5.48291e-05	3.82769e-05	1.86212e-05	5.37946e-05	0.999834
15	0.966676	0.0159385	0.00646995	0.0108294	8.64967e-05	0.0293374	0.951945	0.00500666	0.0136075	0.000103535	0.0128329	0.00609781	0.954047	0.026952	7.0157e-05	0.0137989	0.0106519	0.0225364	0.952832	0.000181278	5.94285e-05	3.05632e-05	1.52816e-05	5.26367e-05	0.999842
16	0.965605	0.0146888	0.00744464	0.0121491	0.000112099	0.0264557	0.955325	0.00474082	0.0133867	9.13224e-05	0.0117146	0.00527528	0.956819	0.0261108	8.00764e-05	0.0189216	0.0117135	0.0273587	0.941849	0.000157507	5.09888e-05	2.77026e-05	2.16803e-05	4.6974e-05	0.999853
17	NA	NA	NA	NA	NA	NA	NA	NA	NA	NA	NA	NA	NA	NA	NA	NA	NA	NA	NA	NA	NA	NA	NA	NA	NA
18	1	NA	NA	NA	NA	NA	1	NA	NA	NA	NA	NA	1	NA	NA	NA	NA	NA	1	NA	NA	NA	NA	NA	1
19	1	NA	NA	NA	NA	NA	1	NA	NA	NA	NA	NA	1	NA	NA	NA	NA	NA	1	NA	NA	NA	NA	NA	1
20	0.996414	0.00159363	0.000796813	0.000531208	0.000664011	0.008581	0.990373	NA	0.00104646	NA	0.0014107	0.000282141	0.994263	0.00404401	NA	0.000888691	0.000666519	0.0048878	0.993557	NA	NA	NA	NA	7.29076e-05	0.999927
21	0.996752	0.00206777	0.000552127	0.000627909	NA	0.00475346	0.993473	0.000566243	0.00114739	5.96045e-05	0.00216889	0.000212636	0.994939	0.00265087	2.83515e-05	0.00070346	0.000484606	0.00214165	0.996608	6.25298e-05	2.79415e-05	5.58831e-06	8.38246e-06	2.51474e-05	0.999933
22	0.996294	0.00218165	0.000882287	0.000529372	0.000112291	0.00537634	0.992894	0.00047908	0.0011977	5.32311e-05	0.00143839	0.000211528	0.995473	0.00283448	4.23057e-05	0.000792719	0.000914676	0.00298794	0.995137	0.000167691	2.35055e-05	1.88044e-05	2.82066e-05	2.82066e-05	0.999901
23	0.997451	0.0014592	0.000695267	0.000377676	1.71671e-05	0.00342096	0.995345	0.000254346	0.000953798	2.54346e-05	0.00137827	0.000227714	0.996476	0.00190561	1.19849e-05	0.000432474	0.00050076	0.00111533	0.997929	2.27618e-05	2.20158e-05	4.40315e-06	2.86205e-05	2.20158e-05	0.999923
24	0.997685	0.00132305	0.00068697	0.000254434	5.08867e-05	0.00385398	0.994414	0.000433032	0.00125579	4.33032e-05	0.00135496	0.000369534	0.996264	0.00201191	NA	0.000337688	0.000533191	0.000799787	0.998294	3.55461e-05	2.79752e-05	1.39876e-05	6.99379e-06	3.49689e-05	0.999916
25	0.99738	0.00112874	0.00104811	0.000382964	6.0468e-05	0.00319822	0.995481	0.000173816	0.00111242	3.47633e-05	0.00110063	0.000188679	0.996415	0.0022956	NA	0.000414212	0.000813083	0.000889789	0.997852	3.06824e-05	4.56316e-05	1.71119e-05	2.28158e-05	1.14079e-05	0.999903
26	0.997531	0.000696247	0.00151908	0.000189885	6.32951e-05	0.00246914	0.996502	0.000205761	0.000823045	NA	0.000212766	0.000319149	0.997872	0.00159574	NA	0.000302141	0.0011654	0.000949586	0.997497	8.6326e-05	1.72236e-05	3.44471e-05	NA	1.72236e-05	0.999931
27	0.996548	0.00136017	0.00134758	0.000690391	5.38116e-05	0.00270251	0.995143	0.00060307	0.00152464	2.63843e-05	0.00132339	0.000552749	0.995254	0.00284065	2.88391e-05	0.000938912	0.00108379	0.00401907	0.993869	8.93754e-05	3.43984e-05	1.2449e-05	1.47422e-05	2.71911e-05	0.999911
28	0.998808	0.000325089	0.000433452	0.000433452	NA	0.000499225	0.996532	7.8825e-05	0.00289025	NA	0.00131547	0.000173468	0.997037	0.00144557	2.89113e-05	0.000456725	0.000513816	0.000570907	0.998459	NA	2.47462e-05	1.23731e-05	3.09327e-05	4.33058e-05	0.999889
29	0.99975	0.000124797	0.000124797	NA	NA	0.00112994	0.998418	0.000225989	0.000225989	NA	0.000870246	0.000174049	0.998782	0.000174049	NA	NA	NA	NA	1	NA	NA	NA	NA	NA	1
30	0.998177	0.00044748	0.00101027	0.000332172	3.2794e-05	0.000418117	0.998368	0.000240835	0.000973376	NA	0.00102474	0.000162706	0.997954	0.000849515	9.38691e-06	0.000359501	0.00115165	0.000600724	0.997841	4.66884e-05	1.7033e-05	6.74223e-06	6.03252e-06	1.59684e-05	0.999954
31	0.998538	0.000371809	0.000868571	0.000177778	4.36825e-05	0.000519139	0.998411	0.000224536	0.000839221	6.3698e-06	0.000737881	0.000138632	0.998536	0.000578379	8.94401e-06	0.000209159	0.000716011	0.000588745	0.998451	3.54132e-05	2.04371e-05	4.15128e-06	6.06725e-06	1.46891e-05	0.999955
32	0.999181	0.000278266	0.000443164	7.72961e-05	2.06123e-05	0.000174862	0.999512	4.37155e-05	0.000247721	2.18578e-05	0.00105069	7.34748e-06	0.998714	0.00020573	2.20425e-05	8.11246e-05	0.000486747	0.000157742	0.999256	1.80277e-05	4.51266e-06	3.00844e-06	4.51266e-06	9.02533e-06	0.999979
33	0.999354	0.000197129	0.000390065	5.03309e-05	8.38849e-06	0.000551067	0.999214	2.4767e-05	0.000198136	1.23835e-05	0.0006384	1.77333e-05	0.999113	0.000218711	1.18222e-05	7.03096e-05	0.000549693	0.000278042	0.999086	1.59794e-05	7.26145e-06	6.05121e-06	3.63073e-06	8.47169e-06	0.999975
34	0.998415	0.000320096	0.00109664	0.00012475	4.40011e-05	0.000197901	0.998794	0.000208809	0.00079628	3.11656e-06	0.000626505	9.6649e-05	0.998911	0.00035438	1.16527e-05	0.000152331	0.000720255	0.000512724	0.998564	5.09539e-05	1.67652e-05	5.68818e-06	5.83787e-06	2.39502e-05	0.999948
35	0.998872	0.00023078	0.000825713	3.89629e-05	3.29686e-05	0.000261072	0.999313	8.83786e-05	0.000336245	1.01585e-06	0.000343221	6.49337e-05	0.999398	0.000187586	6.18416e-06	5.91528e-05	0.000339785	0.000556449	0.998988	5.64015e-05	1.07036e-05	4.42104e-06	5.1191e-06	1.25651e-05	0.999967
36	0.998805	0.000181622	0.000865952	0.000101877	4.53176e-05	8.91604e-05	0.999007	0.000210284	0.000683002	1.00936e-05	0.000494652	6.79755e-05	0.999234	0.000196083	7.32044e-06	9.47652e-05	0.000757719	0.000222598	0.998877	4.79875e-05	1.66279e-05	6.65117e-06	6.54031e-06	1.76256e-05	0.999953
37	0.998611	0.000155931	0.00111477	7.47741e-05	4.37702e-05	8.9261e-05	0.999048	0.000239092	0.000619248	4.78184e-06	0.000439891	4.94978e-05	0.999377	0.000123744	9.58021e-06	6.57814e-05	0.000681184	0.000255336	0.99895	4.7605e-05	1.91146e-05	5.27792e-06	4.99262e-06	1.88293e-05	0.999952
38	0.998643	0.000164219	0.00107664	6.78294e-05	4.81946e-05	6.70129e-05	0.999079	0.000181892	0.000665343	7.17996e-06	0.000380304	4.20436e-05	0.999479	8.4565e-05	1.38553e-05	5.5761e-05	0.000670331	0.000192166	0.999036	4.52683e-05	1.65475e-05	6.25129e-06	5.42391e-06	1.70072e-05	0.999955
39	0.998774	0.000186804	0.000937919	5.36071e-05	4.74532e-05	4.33134e-05	0.999033	0.000243917	0.000670353	9.04224e-06	0.000352335	3.87338e-05	0.999547	4.99261e-05	1.19603e-05	5.22021e-05	0.000620689	0.000132245	0.999145	4.94953e-05	1.80266e-05	6.20249e-06	6.24398e-06	1.80059e-05	0.999952
40	0.998953	0.000179845	0.000765134	4.58066e-05	5.6162e-05	2.56185e-05	0.999039	0.000198383	0.000725403	1.16884e-05	0.000287755	3.27556e-05	0.999642	2.40635e-05	1.37244e-05	4.6232e-05	0.000539149	0.000146126	0.999224	4.47356e-05	2.03993e-05	6.74036e-06	5.96263e-06	1.92975e-05	0.999948
