
SUMMARISING RUN PARAMETERS
==========================
Input filename: SC2245/host_removal/SC2245_R2.fastq.gz
Trimming mode: paired-end
Trim Galore version: 0.6.4_dev
Cutadapt version: 4.1
Python version: could not detect
Number of cores used for trimming: 2
Quality Phred score cutoff: 20
Quality encoding type selected: ASCII+33
Using Illumina adapter for trimming (count: 23580). Second best hit was Nextera (count: 0)
Adapter sequence: 'AGATCGGAAGAGC' (Illumina TruSeq, Sanger iPCR; auto-detected)
Maximum trimming error rate: 0.1 (default)
Minimum required adapter overlap (stringency): 1 bp
Minimum required sequence length for both reads before a sequence pair gets removed: 20 bp
Running FastQC on the data once trimming has completed
Output file will be GZIP compressed


This is cutadapt 4.1 with Python 3.9.13
Command line parameters: -j 2 -e 0.1 -q 20 -O 1 -a AGATCGGAAGAGC SC2245/host_removal/SC2245_R2.fastq.gz
Processing single-end reads on 2 cores ...
Finished in 27.87 s (35 µs/read; 1.72 M reads/minute).

=== Summary ===

Total reads processed:                 800,421
Reads with adapters:                   280,633 (35.1%)
Reads written (passing filters):       800,421 (100.0%)

Total basepairs processed:   200,905,671 bp
Quality-trimmed:               5,473,182 bp (2.7%)
Total written (filtered):    193,629,475 bp (96.4%)

=== Adapter 1 ===

Sequence: AGATCGGAAGAGC; Type: regular 3'; Length: 13; Trimmed: 280633 times

Minimum overlap: 1
No. of allowed errors:
1-9 bp: 0; 10-13 bp: 1

Bases preceding removed adapters:
  A: 38.9%
  C: 15.8%
  G: 9.1%
  T: 35.7%
  none/other: 0.5%

Overview of removed sequences
length	count	expect	max.err	error counts
1	186198	200105.2	0	186198
2	60190	50026.3	0	60190
3	5131	12506.6	0	5131
4	1115	3126.6	0	1115
5	101	781.7	0	101
6	108	195.4	0	108
7	3594	48.9	0	3594
8	104	12.2	0	104
9	244	3.1	0	241 3
10	264	0.8	1	237 27
11	178	0.2	1	155 23
12	883	0.0	1	847 36
13	41	0.0	1	33 8
14	115	0.0	1	105 10
15	53	0.0	1	48 5
16	58	0.0	1	52 6
17	137	0.0	1	124 13
18	37	0.0	1	31 6
19	120	0.0	1	109 11
20	210	0.0	1	193 17
21	70	0.0	1	64 6
22	71	0.0	1	59 12
23	120	0.0	1	103 17
24	1311	0.0	1	1234 77
25	80	0.0	1	69 11
26	213	0.0	1	188 25
27	214	0.0	1	187 27
28	2160	0.0	1	2053 107
29	250	0.0	1	217 33
30	341	0.0	1	312 29
31	57	0.0	1	50 7
32	256	0.0	1	229 27
33	168	0.0	1	143 25
34	125	0.0	1	106 19
35	148	0.0	1	119 29
36	958	0.0	1	918 40
37	267	0.0	1	245 22
38	104	0.0	1	86 18
39	233	0.0	1	214 19
40	102	0.0	1	93 9
41	323	0.0	1	310 13
42	475	0.0	1	457 18
43	130	0.0	1	120 10
44	140	0.0	1	123 17
45	270	0.0	1	251 19
46	261	0.0	1	236 25
47	364	0.0	1	344 20
48	208	0.0	1	201 7
49	198	0.0	1	181 17
50	136	0.0	1	123 13
51	123	0.0	1	114 9
52	80	0.0	1	69 11
53	132	0.0	1	123 9
54	318	0.0	1	311 7
55	80	0.0	1	74 6
56	225	0.0	1	215 10
57	540	0.0	1	520 20
58	343	0.0	1	329 14
59	72	0.0	1	68 4
60	248	0.0	1	242 6
61	111	0.0	1	105 6
62	57	0.0	1	54 3
63	242	0.0	1	234 8
64	95	0.0	1	90 5
65	39	0.0	1	36 3
66	35	0.0	1	33 2
67	28	0.0	1	28
68	47	0.0	1	45 2
69	31	0.0	1	29 2
70	42	0.0	1	41 1
71	31	0.0	1	30 1
72	59	0.0	1	49 10
73	77	0.0	1	69 8
74	97	0.0	1	87 10
75	131	0.0	1	118 13
76	214	0.0	1	182 32
77	331	0.0	1	274 57
78	559	0.0	1	453 106
79	840	0.0	1	668 172
80	1314	0.0	1	1160 154
81	848	0.0	1	720 128
82	521	0.0	1	444 77
83	292	0.0	1	241 51
84	198	0.0	1	160 38
85	124	0.0	1	94 30
86	99	0.0	1	77 22
87	85	0.0	1	65 20
88	77	0.0	1	66 11
89	80	0.0	1	65 15
90	52	0.0	1	38 14
91	50	0.0	1	42 8
92	48	0.0	1	41 7
93	68	0.0	1	52 16
94	459	0.0	1	443 16
95	114	0.0	1	103 11
96	75	0.0	1	64 11
97	28	0.0	1	21 7
98	27	0.0	1	23 4
99	29	0.0	1	24 5
100	32	0.0	1	24 8
101	16	0.0	1	14 2
102	17	0.0	1	12 5
103	22	0.0	1	17 5
104	10	0.0	1	8 2
105	31	0.0	1	23 8
106	17	0.0	1	16 1
107	18	0.0	1	14 4
108	25	0.0	1	17 8
109	19	0.0	1	13 6
110	23	0.0	1	17 6
111	203	0.0	1	164 39
112	40	0.0	1	29 11
113	28	0.0	1	18 10
114	25	0.0	1	17 8
115	22	0.0	1	13 9
116	21	0.0	1	13 8
117	20	0.0	1	16 4
118	9	0.0	1	8 1
119	10	0.0	1	3 7
120	14	0.0	1	8 6
121	9	0.0	1	4 5
122	6	0.0	1	3 3
123	14	0.0	1	10 4
124	11	0.0	1	4 7
125	22	0.0	1	15 7
126	10	0.0	1	7 3
127	31	0.0	1	20 11
128	12	0.0	1	7 5
129	24	0.0	1	16 8
130	6	0.0	1	3 3
131	11	0.0	1	5 6
132	8	0.0	1	3 5
133	33	0.0	1	28 5
134	21	0.0	1	14 7
135	12	0.0	1	6 6
136	18	0.0	1	10 8
137	12	0.0	1	7 5
138	10	0.0	1	8 2
139	9	0.0	1	3 6
140	3	0.0	1	2 1
141	9	0.0	1	6 3
142	5	0.0	1	3 2
143	12	0.0	1	7 5
144	5	0.0	1	1 4
145	12	0.0	1	6 6
146	7	0.0	1	5 2
147	21	0.0	1	15 6
148	6	0.0	1	6
149	14	0.0	1	13 1
150	13	0.0	1	5 8
151	6	0.0	1	2 4
152	12	0.0	1	9 3
153	17	0.0	1	12 5
154	23	0.0	1	17 6
155	17	0.0	1	9 8
156	34	0.0	1	31 3
157	15	0.0	1	12 3
158	12	0.0	1	9 3
159	11	0.0	1	7 4
160	25	0.0	1	23 2
161	8	0.0	1	6 2
162	5	0.0	1	2 3
163	11	0.0	1	7 4
164	6	0.0	1	3 3
165	15	0.0	1	15
166	9	0.0	1	7 2
167	11	0.0	1	7 4
168	15	0.0	1	13 2
169	22	0.0	1	17 5
170	5	0.0	1	3 2
171	7	0.0	1	5 2
172	6	0.0	1	5 1
173	8	0.0	1	7 1
174	11	0.0	1	10 1
175	12	0.0	1	12
176	10	0.0	1	8 2
177	13	0.0	1	11 2
178	4	0.0	1	3 1
179	5	0.0	1	5
180	3	0.0	1	2 1
181	22	0.0	1	22
182	7	0.0	1	6 1
183	4	0.0	1	4
184	4	0.0	1	4
185	9	0.0	1	8 1
186	8	0.0	1	5 3
187	6	0.0	1	6
188	16	0.0	1	14 2
189	17	0.0	1	17
190	17	0.0	1	17
191	10	0.0	1	10
192	17	0.0	1	15 2
193	19	0.0	1	18 1
194	6	0.0	1	5 1
195	6	0.0	1	5 1
196	11	0.0	1	10 1
197	16	0.0	1	15 1
198	15	0.0	1	13 2
199	13	0.0	1	13
200	18	0.0	1	18
201	5	0.0	1	4 1
202	14	0.0	1	14
203	33	0.0	1	33
204	13	0.0	1	12 1
205	26	0.0	1	26
206	34	0.0	1	33 1
207	21	0.0	1	20 1
208	38	0.0	1	37 1
209	28	0.0	1	26 2
210	30	0.0	1	29 1
211	22	0.0	1	21 1
212	16	0.0	1	14 2
213	8	0.0	1	7 1
214	13	0.0	1	13
215	15	0.0	1	12 3
216	5	0.0	1	5
217	7	0.0	1	7
218	1	0.0	1	1
220	4	0.0	1	4
222	1	0.0	1	1
225	1	0.0	1	0 1
227	1	0.0	1	1
229	2	0.0	1	2
230	1	0.0	1	1
233	2	0.0	1	2
234	4	0.0	1	4
236	1	0.0	1	1
237	1	0.0	1	0 1
241	1	0.0	1	1
245	1	0.0	1	0 1
248	2	0.0	1	0 2
249	2	0.0	1	0 2
250	5	0.0	1	0 5
251	219	0.0	1	0 219

RUN STATISTICS FOR INPUT FILE: SC2245/host_removal/SC2245_R2.fastq.gz
=============================================
800421 sequences processed in total

Total number of sequences analysed for the sequence pair length validation: 800421

Number of sequence pairs removed because at least one read was shorter than the length cutoff (20 bp): 3392 (0.42%)
