quality	AA	AC	AG	AT	A.	CA	CC	CG	CT	C.	GA	GC	GG	GT	G.	TA	TC	TG	TT	T.	.A	.C	.G	.T	..
0	NA	NA	NA	NA	NA	NA	NA	NA	NA	NA	NA	NA	NA	NA	NA	NA	NA	NA	NA	NA	NA	NA	NA	NA	NA
1	NA	NA	NA	NA	NA	NA	NA	NA	NA	NA	NA	NA	NA	NA	NA	NA	NA	NA	NA	NA	NA	NA	NA	NA	NA
2	NA	NA	NA	NA	NA	NA	NA	NA	NA	NA	NA	NA	NA	NA	NA	NA	NA	NA	NA	NA	NA	NA	NA	NA	NA
3	NA	NA	NA	NA	NA	NA	NA	NA	NA	NA	NA	NA	NA	NA	NA	NA	NA	NA	NA	NA	NA	NA	NA	NA	NA
4	NA	NA	NA	NA	NA	NA	NA	NA	NA	NA	NA	NA	NA	NA	NA	NA	NA	NA	NA	NA	NA	NA	NA	NA	NA
5	NA	NA	NA	NA	NA	NA	NA	NA	NA	NA	NA	NA	NA	NA	NA	NA	NA	NA	NA	NA	NA	NA	NA	NA	NA
6	NA	NA	NA	NA	NA	NA	NA	NA	NA	NA	NA	NA	NA	NA	NA	NA	NA	NA	NA	NA	NA	NA	NA	NA	NA
7	NA	NA	NA	NA	NA	NA	NA	NA	NA	NA	NA	NA	NA	NA	NA	NA	NA	NA	NA	NA	NA	NA	NA	NA	NA
8	NA	NA	NA	NA	NA	NA	NA	NA	NA	NA	NA	NA	NA	NA	NA	NA	NA	NA	NA	NA	NA	NA	NA	NA	NA
9	NA	NA	NA	NA	NA	NA	NA	NA	NA	NA	NA	NA	NA	NA	NA	NA	NA	NA	NA	NA	NA	NA	NA	NA	NA
10	1	NA	NA	NA	NA	NA	0.965517	NA	0.0344828	NA	0.020202	NA	0.929293	0.0505051	NA	NA	NA	NA	1	NA	NA	NA	NA	NA	1
11	0.973607	0.0145103	0.00375894	0.00792207	0.000202094	0.0751199	0.902098	0.0058753	0.0168465	5.9952e-05	0.0241234	0.00516929	0.916717	0.0537319	0.000258465	0.0194115	0.00693268	0.0220305	0.951163	0.000462178	3.62985e-05	2.4199e-05	1.20995e-05	6.04975e-05	0.999867
12	0.970414	0.0149496	0.00642358	0.00816597	4.64635e-05	0.0538589	0.927761	0.00535502	0.0128706	0.000154323	0.0111268	0.00444099	0.948224	0.0360138	0.000194354	0.0113604	0.00491647	0.0252029	0.958329	0.000190931	4.10714e-05	2.8434e-05	3.15934e-05	6.95054e-05	0.999829
13	0.966557	0.0186089	0.00583042	0.00889152	0.000111947	0.0378554	0.948023	0.00448535	0.0095471	8.9539e-05	0.00796735	0.00346849	0.967312	0.0211481	0.000104376	0.0122922	0.00804041	0.0237184	0.9558	0.000148617	3.62152e-05	2.52931e-05	2.41435e-05	2.81674e-05	0.999886
14	0.96537	0.0197833	0.00555938	0.00918325	0.000104434	0.0351931	0.950116	0.00419531	0.0103773	0.000118686	0.0140834	0.00583049	0.948413	0.031516	0.000156918	0.0152235	0.00964044	0.0204633	0.954483	0.000190119	5.66467e-05	3.11001e-05	3.33216e-05	5.55359e-05	0.999823
15	0.965815	0.0162142	0.00689448	0.0109137	0.000162517	0.0288042	0.953961	0.0050158	0.012157	6.18281e-05	0.0137953	0.00691361	0.952416	0.0267726	0.000102234	0.0151322	0.0111819	0.0224662	0.95096	0.000259679	5.66054e-05	4.01716e-05	2.55637e-05	5.47794e-05	0.999823
16	0.964582	0.0159215	0.00720702	0.0121636	0.000125398	0.0261432	0.956147	0.00463823	0.0129917	7.98971e-05	0.0121885	0.00533066	0.955944	0.0264327	0.000104033	0.019026	0.0123339	0.0290116	0.939433	0.000195281	7.2844e-05	2.99181e-05	3.03517e-05	3.859e-05	0.999828
17	NA	NA	NA	NA	NA	NA	NA	NA	NA	NA	NA	NA	NA	NA	NA	NA	NA	NA	NA	NA	NA	NA	NA	NA	NA
18	1	NA	NA	NA	NA	NA	1	NA	NA	NA	0.0454545	NA	0.954545	NA	NA	NA	NA	NA	1	NA	NA	NA	NA	NA	1
19	1	NA	NA	NA	NA	0.0153846	0.984615	NA	NA	NA	0.0120482	NA	0.987952	NA	NA	NA	NA	NA	1	NA	NA	NA	NA	NA	1
20	0.997075	0.00186121	0.000132943	0.00079766	0.000132943	0.00669736	0.992256	NA	0.00104646	NA	0.00150776	0.000266075	0.993259	0.00496674	NA	0.00092098	NA	0.00147357	0.997421	0.000184196	NA	3.45292e-05	3.45292e-05	NA	0.999931
21	0.996663	0.00245349	0.00044186	0.000383721	5.81395e-05	0.00455364	0.994297	0.000242054	0.000892573	1.51284e-05	0.0008839	0.000250438	0.996361	0.00247492	2.94633e-05	0.000646204	0.00106283	0.00227872	0.99597	4.25134e-05	8.89506e-06	1.18601e-05	NA	1.18601e-05	0.999967
22	0.996289	0.00235561	0.000813449	0.000440618	0.000101681	0.00550073	0.99273	0.000635763	0.00107803	5.52837e-05	0.00120003	0.000377786	0.994467	0.00393342	2.22227e-05	0.000669983	0.000753731	0.00329967	0.995243	3.34992e-05	4.00414e-05	1.00104e-05	2.00207e-05	2.50259e-05	0.999905
23	0.99746	0.00146968	0.000498966	0.000535254	3.62884e-05	0.00314758	0.995795	0.000203892	0.00082831	2.54865e-05	0.000734196	0.000220259	0.997027	0.00199457	2.44732e-05	0.000528936	0.000802524	0.0014409	0.997185	4.25581e-05	2.30095e-05	1.38057e-05	4.6019e-06	2.07086e-05	0.999938
24	0.99808	0.000918223	0.000528674	0.000417374	5.56499e-05	0.0028855	0.995497	0.000437197	0.00113671	4.37197e-05	0.000739034	0.000521671	0.99674	0.00199974	NA	0.00049957	0.00147873	0.00125892	0.996723	3.99656e-05	1.51767e-05	3.79417e-05	2.2765e-05	1.51767e-05	0.999909
25	0.997543	0.00120713	0.000883792	0.000258671	0.00010778	0.0040837	0.994218	0.000252972	0.00133714	0.000108417	0.000789266	0.000295975	0.995955	0.00289398	6.57722e-05	0.000366734	0.000666789	0.0016503	0.997249	6.66789e-05	6.69104e-05	3.04138e-05	3.04138e-05	2.4331e-05	0.999848
26	0.997276	0.00106305	0.00126237	0.000332204	6.64408e-05	0.00255076	0.996837	0.00010203	0.000510152	NA	0.000538271	0.000538271	0.997093	0.00172247	0.000107654	0.00036483	0.000501642	0.00132251	0.997765	4.56038e-05	NA	NA	3.56888e-05	3.56888e-05	0.999929
27	0.996874	0.00141236	0.000949861	0.000714882	4.84877e-05	0.00293768	0.995304	0.000340803	0.00138115	3.5874e-05	0.00164565	0.000576243	0.994246	0.00349634	3.53523e-05	0.00097884	0.000943473	0.00404227	0.993955	8.00964e-05	3.53841e-05	1.4654e-05	1.53689e-05	2.78784e-05	0.999907
28	0.998028	0.000323701	0.00120652	0.000353128	8.8282e-05	0.000551613	0.998571	0.000100293	0.000777274	NA	0.00145755	0.000383565	0.996793	0.00133481	3.06852e-05	0.000403388	5.76269e-05	0.000633896	0.998847	5.76269e-05	1.27955e-05	NA	6.39775e-06	6.39775e-06	0.999974
29	0.999485	0.0001287	NA	NA	0.0003861	0.00045208	0.999548	NA	NA	NA	0.000575429	NA	0.999041	0.000383619	NA	NA	NA	0.000445633	0.999554	NA	4.03665e-05	NA	NA	NA	0.99996
30	0.998462	0.000523385	0.000666436	0.000311079	3.74657e-05	0.000631912	0.998216	0.000161041	0.000976751	1.40036e-05	0.000833603	0.000170659	0.997757	0.00122415	1.47686e-05	0.00038944	0.000940726	0.000650753	0.997995	2.36024e-05	1.73678e-05	7.55122e-06	7.17366e-06	1.09493e-05	0.999957
31	0.998817	0.000416581	0.000569363	0.000163774	3.29747e-05	0.000578316	0.998648	7.02002e-05	0.000698659	5.0143e-06	0.000637809	8.53633e-05	0.99866	0.000603985	1.2885e-05	0.000217884	0.000683746	0.000628372	0.998436	3.37058e-05	1.47767e-05	4.81101e-06	4.46737e-06	1.85568e-05	0.999957
32	0.99952	0.000200948	0.000189784	8.93101e-05	NA	0.00028995	0.99939	2.97385e-05	0.000275081	1.48692e-05	0.000220872	4.56976e-05	0.999558	0.000175174	NA	9.3168e-05	0.000777953	0.000190994	0.998929	9.3168e-06	9.40026e-06	3.13342e-06	3.13342e-06	6.26684e-06	0.999978
33	0.99955	0.000198172	0.000144125	9.90862e-05	9.00783e-06	0.00031444	0.999465	1.25776e-05	0.000201241	6.28879e-06	0.000198457	4.96142e-05	0.99946	0.000266677	2.48071e-05	5.78649e-05	0.000755647	0.000204229	0.998965	1.70191e-05	7.61986e-06	5.07991e-06	1.14298e-05	8.88984e-06	0.999967
34	0.998917	0.000322867	0.000595941	0.000125268	3.87859e-05	0.000350712	0.998881	5.17444e-05	0.000707174	9.85608e-06	0.000614108	9.9287e-05	0.998784	0.000484668	1.7651e-05	0.000148158	0.000621102	0.000546733	0.998633	5.11291e-05	1.84033e-05	7.10302e-06	6.61872e-06	1.69504e-05	0.999951
35	0.999323	0.000210801	0.000376838	4.55787e-05	4.39509e-05	0.000259575	0.99946	2.88417e-05	0.000246263	5.54647e-06	0.000359213	4.29733e-05	0.999187	0.000403288	7.71316e-06	6.44704e-05	0.000298839	0.000505144	0.9991	3.10975e-05	1.11593e-05	3.55069e-06	6.0869e-06	1.34419e-05	0.999966
36	0.999104	0.000209234	0.000555039	9.0541e-05	4.14663e-05	0.000234933	0.999109	3.94499e-05	0.000605291	1.11873e-05	0.000475033	6.57909e-05	0.999217	0.000232498	1.00359e-05	9.70342e-05	0.000668749	0.000201936	0.998982	5.07025e-05	1.86756e-05	7.96985e-06	7.49404e-06	1.70103e-05	0.999949
37	0.99916	0.000191891	0.000534129	7.27009e-05	4.15434e-05	0.000231435	0.99908	3.45049e-05	0.000637919	1.59901e-05	0.000494079	5.36478e-05	0.999343	9.34511e-05	1.55752e-05	7.60982e-05	0.000613512	0.000257127	0.999012	4.11214e-05	1.65118e-05	6.17264e-06	5.70969e-06	1.52773e-05	0.999956
38	0.999175	0.000208234	0.000520909	5.7915e-05	3.80677e-05	0.000175823	0.999217	2.75201e-05	0.000572826	6.62521e-06	0.000478401	3.38782e-05	0.99938	9.3935e-05	1.38593e-05	7.5348e-05	0.000600175	0.000196362	0.999082	4.56655e-05	1.9109e-05	7.36494e-06	6.27015e-06	1.57251e-05	0.999952
39	0.999192	0.000190796	0.000515418	5.55558e-05	4.62468e-05	0.000154149	0.999238	2.85549e-05	0.000564463	1.50476e-05	0.000457211	3.47685e-05	0.999361	0.000131717	1.5545e-05	6.79858e-05	0.000575917	0.000113684	0.999201	4.09317e-05	1.84721e-05	6.53146e-06	6.3519e-06	1.63174e-05	0.999952
40	0.999289	0.000185458	0.0004165	5.27692e-05	5.64206e-05	0.000107019	0.999201	1.80703e-05	0.000655971	1.74563e-05	0.000424718	2.57405e-05	0.999467	6.32452e-05	1.95065e-05	6.69053e-05	0.000459846	8.41693e-05	0.999348	4.05847e-05	2.36703e-05	9.30734e-06	8.21762e-06	1.89898e-05	0.99994
