quality	AA	AC	AG	AT	A.	CA	CC	CG	CT	C.	GA	GC	GG	GT	G.	TA	TC	TG	TT	T.	.A	.C	.G	.T	..
0	NA	NA	NA	NA	NA	NA	NA	NA	NA	NA	NA	NA	NA	NA	NA	NA	NA	NA	NA	NA	NA	NA	NA	NA	NA
1	NA	NA	NA	NA	NA	NA	NA	NA	NA	NA	NA	NA	NA	NA	NA	NA	NA	NA	NA	NA	NA	NA	NA	NA	NA
2	NA	NA	NA	NA	NA	NA	NA	NA	NA	NA	NA	NA	NA	NA	NA	NA	NA	NA	NA	NA	NA	NA	NA	NA	NA
3	NA	NA	NA	NA	NA	NA	NA	NA	NA	NA	NA	NA	NA	NA	NA	NA	NA	NA	NA	NA	NA	NA	NA	NA	NA
4	NA	NA	NA	NA	NA	NA	NA	NA	NA	NA	NA	NA	NA	NA	NA	NA	NA	NA	NA	NA	NA	NA	NA	NA	NA
5	NA	NA	NA	NA	NA	NA	NA	NA	NA	NA	NA	NA	NA	NA	NA	NA	NA	NA	NA	NA	NA	NA	NA	NA	NA
6	NA	NA	NA	NA	NA	NA	NA	NA	NA	NA	NA	NA	NA	NA	NA	NA	NA	NA	NA	NA	NA	NA	NA	NA	NA
7	NA	NA	NA	NA	NA	NA	NA	NA	NA	NA	NA	NA	NA	NA	NA	NA	NA	NA	NA	NA	NA	NA	NA	NA	NA
8	NA	NA	NA	NA	NA	NA	NA	NA	NA	NA	NA	NA	NA	NA	NA	NA	NA	NA	NA	NA	NA	NA	NA	NA	NA
9	NA	NA	NA	NA	NA	NA	NA	NA	NA	NA	NA	NA	NA	NA	NA	NA	NA	NA	NA	NA	NA	NA	NA	NA	NA
10	0.989247	NA	0.0107527	NA	NA	0.0882353	0.882353	0.0294118	NA	NA	0.00900901	NA	0.972973	0.018018	NA	NA	NA	NA	1	NA	NA	NA	NA	NA	1
11	0.973217	0.0117527	0.00327721	0.0116021	0.000150676	0.0580472	0.922356	0.00486208	0.0147351	NA	0.0199538	0.00537115	0.920561	0.0538995	0.000214846	0.0179418	0.00679226	0.01807	0.957196	NA	3.27093e-05	1.09031e-05	1.09031e-05	7.63217e-05	0.999869
12	0.970611	0.0165786	0.00517224	0.00760422	3.42532e-05	0.0508829	0.929138	0.00558659	0.0142837	0.000108327	0.0114563	0.00416411	0.950322	0.0338661	0.000191107	0.0116606	0.00557055	0.0224842	0.960212	7.21574e-05	4.05244e-05	1.55863e-05	6.23453e-06	4.6759e-05	0.999891
13	0.967534	0.0176923	0.00608533	0.00857141	0.000116618	0.0389429	0.945462	0.00425274	0.0112179	0.000124581	0.00952192	0.00335827	0.96612	0.0208905	0.000108946	0.012682	0.00708126	0.021891	0.958198	0.000148055	3.41169e-05	2.78621e-05	2.16074e-05	3.52541e-05	0.999881
14	0.966533	0.0179709	0.0059339	0.00946306	9.95064e-05	0.0346791	0.949259	0.00407784	0.0118342	0.000149737	0.01472	0.00563929	0.951006	0.0284995	0.000135669	0.014975	0.0107814	0.0208121	0.953272	0.000159923	5.5919e-05	4.1148e-05	3.48175e-05	5.06436e-05	0.999817
15	0.968168	0.0151957	0.00596116	0.0105755	9.95479e-05	0.0317851	0.949394	0.00540034	0.0133166	0.000104161	0.0131655	0.00555865	0.955075	0.0261298	7.1037e-05	0.0164016	0.00972109	0.0217874	0.951986	0.000103573	5.96814e-05	1.93087e-05	2.98407e-05	3.86174e-05	0.999853
16	0.967537	0.0143334	0.00693689	0.0110801	0.00011267	0.026357	0.956086	0.00430875	0.013158	9.02357e-05	0.0118137	0.00526988	0.958085	0.0247775	5.39988e-05	0.0202764	0.0118636	0.0286276	0.9391	0.00013266	5.41411e-05	2.54047e-05	3.04023e-05	3.99811e-05	0.99985
17	NA	NA	NA	NA	NA	NA	NA	NA	NA	NA	NA	NA	NA	NA	NA	NA	NA	NA	NA	NA	NA	NA	NA	NA	NA
18	1	NA	NA	NA	NA	NA	1	NA	NA	NA	NA	NA	1	NA	NA	NA	NA	NA	1	NA	NA	NA	NA	NA	1
19	1	NA	NA	NA	NA	NA	0.981818	NA	0.0181818	NA	NA	NA	0.990099	0.00990099	NA	NA	NA	NA	1	NA	NA	NA	NA	NA	1
20	0.995668	0.00167691	0.00167691	0.000838457	0.000139743	0.00699687	0.990978	0.00110477	0.000920641	NA	0.00161797	9.51746e-05	0.995241	0.00304559	NA	0.00197472	0.000394945	0.00157978	0.996051	NA	NA	NA	NA	NA	1
21	0.995974	0.00208573	0.00138305	0.000535374	2.23072e-05	0.00458822	0.993738	0.000542526	0.00113155	NA	0.000836084	0.000220022	0.996641	0.0023029	NA	0.000718098	0.000350889	0.00229302	0.996622	1.63204e-05	1.1599e-05	5.79951e-06	8.69926e-06	1.73985e-05	0.999957
22	0.99652	0.00251362	0.000435049	0.000531726	NA	0.00443488	0.993413	0.000393628	0.00175821	NA	0.00410793	0.000269372	0.992862	0.00273862	2.24477e-05	0.000923241	0.000712678	0.00264015	0.995708	1.61972e-05	9.68819e-06	2.90646e-05	4.84409e-06	1.93764e-05	0.999937
23	0.996876	0.00155737	0.00115033	0.000371645	4.42435e-05	0.0031361	0.994652	0.000325322	0.00184783	3.90386e-05	0.00133021	0.00019003	0.996769	0.00168493	2.53373e-05	0.000449476	0.000297626	0.00136058	0.997819	7.28881e-05	9.23056e-06	1.61535e-05	1.38458e-05	1.84611e-05	0.999942
24	0.998485	0.000924262	0.000231065	0.000256739	0.000102696	0.00336543	0.99378	0.000298202	0.00251342	4.26003e-05	0.00226263	0.000287971	0.995598	0.00176896	8.22774e-05	0.000396354	0.000264236	0.000962573	0.998377	NA	1.43173e-05	7.15866e-06	7.15866e-06	1.43173e-05	0.999957
25	0.997691	0.00147869	0.000465889	0.000283585	8.10241e-05	0.00288826	0.994537	0.00020879	0.00236629	NA	0.00321178	0.000234192	0.99468	0.00184008	3.3456e-05	0.000401194	0.000353051	0.00109125	0.998058	9.62865e-05	1.7619e-05	2.3492e-05	1.7619e-05	2.3492e-05	0.999918
26	0.997777	0.000915332	0.000719189	0.000523047	6.53808e-05	0.00309962	0.991663	0.000106883	0.0051304	NA	0.0070983	0.00010755	0.991073	0.00161325	0.00010755	0.000221916	0.0002663	0.0005326	0.998979	NA	NA	1.77101e-05	1.77101e-05	7.08403e-05	0.999894
27	0.996746	0.00146471	0.00114818	0.000598033	4.32172e-05	0.00265262	0.995142	0.000301346	0.00188485	1.9194e-05	0.00186308	0.000524718	0.994713	0.00287599	2.3247e-05	0.000956402	0.00095837	0.00398894	0.994031	6.49409e-05	2.90926e-05	1.55612e-05	1.28549e-05	2.46949e-05	0.999918
28	0.999081	0.000459273	0.00013508	0.000243145	8.10482e-05	0.00049885	0.996037	0.000110856	0.00335338	NA	0.00131309	0.000299726	0.996817	0.00152718	4.2818e-05	0.000232072	0.000232072	0.000174054	0.999362	NA	1.87052e-05	NA	6.23507e-06	2.49403e-05	0.99995
29	0.99914	0.00036846	0.00049128	NA	NA	0.000837872	0.998534	NA	0.000628404	NA	0.000539707	NA	0.998921	0.000539707	NA	0.000297089	0.000297089	NA	0.999406	NA	3.41857e-05	NA	NA	NA	0.999966
30	0.998246	0.000707905	0.000745732	0.000274516	2.59385e-05	0.00049592	0.997958	0.000125267	0.00141569	5.14796e-06	0.00134028	0.000172321	0.997699	0.000778636	9.57339e-06	0.000408894	0.000668075	0.00061978	0.998274	2.89767e-05	1.74638e-05	5.82127e-06	2.54681e-06	1.05511e-05	0.999964
31	0.998616	0.000461562	0.00073192	0.000163448	2.67274e-05	0.000514393	0.998098	5.98508e-05	0.00132481	3.23518e-06	0.00105292	8.71178e-05	0.998301	0.000548241	1.05142e-05	0.000238209	0.000454658	0.000676833	0.998595	3.55023e-05	1.23716e-05	3.58124e-06	3.25567e-06	1.10693e-05	0.99997
32	0.998832	0.000223058	0.000844433	8.49744e-05	1.59327e-05	0.000274658	0.99836	3.05176e-05	0.00132751	7.62939e-06	0.000214313	2.85751e-05	0.999514	0.000235745	7.14378e-06	5.79019e-05	9.65032e-05	0.000164055	0.999677	4.82516e-06	4.67742e-06	NA	6.23656e-06	3.11828e-06	0.999986
33	0.998874	0.00027926	0.000781928	4.72594e-05	1.71852e-05	0.000498955	0.998222	3.74216e-05	0.00124115	NA	0.000161871	5.203e-05	0.999526	0.00026015	NA	5.11537e-05	8.86664e-05	0.000392178	0.999451	1.70512e-05	4.98713e-06	3.74035e-06	6.23391e-06	3.74035e-06	0.999981
34	0.998509	0.000584346	0.000755747	0.000116079	3.50706e-05	0.000234564	0.998519	6.28156e-05	0.00117998	3.97567e-06	0.00109405	0.000102523	0.998465	0.000327934	1.05332e-05	0.000125877	0.000486469	0.000560676	0.998791	3.57294e-05	1.28979e-05	5.37412e-06	5.37412e-06	1.27443e-05	0.999964
35	0.998769	0.000576131	0.000584849	4.83411e-05	2.13969e-05	0.000289231	0.999225	1.59503e-05	0.000470001	NA	0.000622509	4.39418e-05	0.999167	0.000157981	8.36986e-06	5.89204e-05	0.000275202	0.000592797	0.999032	4.09569e-05	9.43106e-06	2.90186e-06	1.69275e-06	1.01565e-05	0.999976
36	0.998915	0.000339847	0.000624974	9.1082e-05	2.91606e-05	8.7408e-05	0.99865	4.19788e-05	0.00121854	2.30021e-06	0.000922286	5.62696e-05	0.998853	0.000162378	6.43082e-06	8.77264e-05	0.000424846	0.000257331	0.999197	3.34196e-05	1.4244e-05	3.98831e-06	3.64646e-06	1.02557e-05	0.999968
37	0.998637	0.000313143	0.000967169	5.78327e-05	2.49198e-05	8.79525e-05	0.998826	3.09463e-05	0.00105136	3.2575e-06	0.00106692	4.0153e-05	0.998782	0.000103251	7.37505e-06	6.69048e-05	0.000409458	0.000355488	0.999141	2.67619e-05	1.20297e-05	4.40112e-06	3.22749e-06	1.51105e-05	0.999965
38	0.998676	0.000325733	0.000910571	5.67564e-05	3.05374e-05	5.15655e-05	0.998775	2.67744e-05	0.00114535	9.91644e-07	0.000880363	3.87242e-05	0.99901	6.22528e-05	8.82324e-06	5.65595e-05	0.000382936	0.00025869	0.999269	3.27612e-05	1.11076e-05	4.74682e-06	2.46835e-06	1.29113e-05	0.999969
39	0.998921	0.000372482	0.000629431	4.74467e-05	2.97163e-05	3.47629e-05	0.998769	1.71527e-05	0.00117565	3.5449e-06	0.000826379	2.99905e-05	0.999089	4.16472e-05	1.25621e-05	3.72951e-05	0.000334993	0.000195551	0.999401	3.12669e-05	1.35764e-05	4.27603e-06	2.99322e-06	1.40681e-05	0.999965
40	0.999184	0.000339148	0.000399614	3.87119e-05	3.81541e-05	2.06877e-05	0.99884	1.32933e-05	0.00112087	5.56657e-06	0.000541939	2.48578e-05	0.999393	2.44783e-05	1.52752e-05	3.17549e-05	0.000265275	0.000164999	0.999508	3.01197e-05	1.65846e-05	5.38241e-06	3.66677e-06	1.5979e-05	0.999958
