quality	AA	AC	AG	AT	A.	CA	CC	CG	CT	C.	GA	GC	GG	GT	G.	TA	TC	TG	TT	T.	.A	.C	.G	.T	..
0	NA	NA	NA	NA	NA	NA	NA	NA	NA	NA	NA	NA	NA	NA	NA	NA	NA	NA	NA	NA	NA	NA	NA	NA	NA
1	NA	NA	NA	NA	NA	NA	NA	NA	NA	NA	NA	NA	NA	NA	NA	NA	NA	NA	NA	NA	NA	NA	NA	NA	NA
2	NA	NA	NA	NA	NA	NA	NA	NA	NA	NA	NA	NA	NA	NA	NA	NA	NA	NA	NA	NA	NA	NA	NA	NA	NA
3	NA	NA	NA	NA	NA	NA	NA	NA	NA	NA	NA	NA	NA	NA	NA	NA	NA	NA	NA	NA	NA	NA	NA	NA	NA
4	NA	NA	NA	NA	NA	NA	NA	NA	NA	NA	NA	NA	NA	NA	NA	NA	NA	NA	NA	NA	NA	NA	NA	NA	NA
5	NA	NA	NA	NA	NA	NA	NA	NA	NA	NA	NA	NA	NA	NA	NA	NA	NA	NA	NA	NA	NA	NA	NA	NA	NA
6	NA	NA	NA	NA	NA	NA	NA	NA	NA	NA	NA	NA	NA	NA	NA	NA	NA	NA	NA	NA	NA	NA	NA	NA	NA
7	NA	NA	NA	NA	NA	NA	NA	NA	NA	NA	NA	NA	NA	NA	NA	NA	NA	NA	NA	NA	NA	NA	NA	NA	NA
8	NA	NA	NA	NA	NA	NA	NA	NA	NA	NA	NA	NA	NA	NA	NA	NA	NA	NA	NA	NA	NA	NA	NA	NA	NA
9	NA	NA	NA	NA	NA	NA	NA	NA	NA	NA	NA	NA	NA	NA	NA	NA	NA	NA	NA	NA	NA	NA	NA	NA	NA
10	NA	NA	NA	NA	NA	NA	NA	NA	NA	NA	NA	NA	NA	NA	NA	NA	NA	NA	NA	NA	NA	NA	NA	NA	NA
11	0.977072	0.010582	0.00440917	0.00793651	NA	0.0439276	0.934109	0.00775194	0.0142119	NA	0.0272606	0.012633	0.905585	0.0545213	NA	0.0304183	0.0114068	0.0228137	0.935361	NA	0.000272183	NA	NA	NA	0.999728
12	0.972022	0.0135492	0.00439908	0.0100299	NA	0.0368364	0.944962	0.00390033	0.0138678	0.000433369	0.0115401	0.00598376	0.949993	0.0324833	NA	0.0143084	0.00768415	0.0209327	0.95681	0.000264971	NA	NA	4.74271e-05	4.74271e-05	0.999905
13	0.965626	0.0162126	0.00687868	0.0110682	0.00021435	0.0296518	0.953251	0.00439396	0.0125243	0.000179345	0.00942614	0.00373176	0.964479	0.0222247	0.000138213	0.0161321	0.0117345	0.0239394	0.948147	4.70323e-05	7.34367e-05	6.11973e-06	1.22395e-05	3.67184e-05	0.999871
14	0.963005	0.0169435	0.00732492	0.0126151	0.000110984	0.0301873	0.951894	0.0049505	0.0128605	0.000107619	0.018666	0.00791107	0.942451	0.0307135	0.000258532	0.0187926	0.0142648	0.020594	0.945959	0.000389484	5.85076e-05	1.17015e-05	2.3403e-05	8.19106e-05	0.999824
15	0.977791	0.00791494	0.00496161	0.00921441	0.000118133	0.0127244	0.97517	0.00282	0.00914781	0.000137561	0.0154271	0.00469242	0.951276	0.0285402	6.42797e-05	0.0228651	0.0167157	0.0280617	0.932011	0.00034644	7.23432e-05	5.42574e-05	5.42574e-05	1.80858e-05	0.999801
16	0.965833	0.0109913	0.00839527	0.0145713	0.000209358	0.0185617	0.959225	0.00459817	0.0175474	6.76201e-05	0.0164073	0.00755512	0.951654	0.0242542	0.000129702	0.0175015	0.0122103	0.0183155	0.951795	0.000178067	5.42722e-05	2.71361e-05	4.07042e-05	0.000115329	0.999763
17	NA	NA	NA	NA	NA	NA	NA	NA	NA	NA	NA	NA	NA	NA	NA	NA	NA	NA	NA	NA	NA	NA	NA	NA	NA
18	NA	NA	NA	NA	NA	NA	NA	NA	NA	NA	NA	NA	NA	NA	NA	NA	NA	NA	NA	NA	NA	NA	NA	NA	NA
19	NA	NA	NA	NA	NA	NA	NA	NA	NA	NA	NA	NA	NA	NA	NA	NA	NA	NA	NA	NA	NA	NA	NA	NA	NA
20	0.997368	NA	NA	0.00263158	NA	0.00347222	0.993056	NA	0.00347222	NA	0.003663	NA	0.992674	0.003663	NA	0.00314465	NA	0.00314465	0.993711	NA	NA	NA	NA	NA	1
21	0.996588	0.0021121	0.000324939	0.000974817	NA	0.00260208	0.995997	0.000800641	0.00060048	NA	0.000388727	NA	0.99689	0.00272109	NA	0.000943001	0.001886	0.00261945	0.994552	NA	NA	NA	NA	NA	1
22	0.996403	0.00179856	0.000327011	0.00130804	0.000163506	0.00489186	0.994078	0.0007724	0.000257467	NA	0.00213356	0.000853424	0.992746	0.00426712	NA	0.00108628	0.00465549	0.00403476	0.990223	NA	NA	NA	4.73395e-05	9.4679e-05	0.999858
23	0.998158	0.000818498	0.000409249	0.000613874	NA	0.00100661	0.99698	0.00100661	0.00100661	NA	0.0009572	0.000546971	0.996171	0.00232463	NA	0.00145148	0.00193531	0.00241913	0.994194	NA	2.59761e-05	2.59761e-05	2.59761e-05	2.59761e-05	0.999896
24	0.998214	0.00102041	0.000255102	0.000510204	NA	0.00322711	0.993142	0.00201694	0.00121017	0.000403388	0.00149477	0.000373692	0.996263	0.00186846	NA	0.000504117	0.00352882	0.00117627	0.994791	NA	NA	NA	NA	NA	1
25	0.997428	0.000918442	0.000918442	0.000734754	NA	0.00271493	0.995475	NA	0.00180995	NA	0.000260146	0.00130073	0.994537	0.00364204	0.000260146	0.000680365	0.00394612	0.00190502	0.993468	NA	NA	NA	NA	NA	1
26	0.996034	0.00186654	0.00139991	0.000699953	NA	0.00380389	0.994928	0.000422654	0.000845309	NA	0.00125209	0.000834725	0.996244	0.00125209	0.000417362	0.000321285	0.00192771	0.000963855	0.996627	0.000160643	6.55136e-05	NA	NA	6.55136e-05	0.999869
27	0.996126	0.0012912	0.00136215	0.00120607	1.4189e-05	0.00116876	0.997078	0.000454516	0.00129862	NA	0.00257593	0.00131498	0.991083	0.00498973	3.60269e-05	0.00109214	0.0012724	0.00358393	0.993988	6.362e-05	1.58892e-05	1.19169e-05	1.58892e-05	7.94458e-06	0.999948
28	0.997989	0.000335233	0.00134093	0.000335233	NA	NA	0.99883	0.000292569	0.000877706	NA	0.00360082	0.00102881	0.993313	0.00205761	NA	NA	0.000543478	0.000543478	0.998913	NA	NA	NA	NA	NA	1
29	1	NA	NA	NA	NA	NA	1	NA	NA	NA	0.00460829	NA	0.995392	NA	NA	NA	NA	NA	1	NA	NA	NA	NA	NA	1
30	0.997554	0.000778759	0.00102212	0.000608406	3.65043e-05	0.000183915	0.998621	5.51744e-05	0.00112188	1.83915e-05	0.00156035	0.000398387	0.997078	0.000946168	1.65994e-05	0.000482715	0.00118822	0.000594111	0.997716	1.8566e-05	7.99412e-06	3.99706e-06	NA	1.59882e-05	0.999972
31	0.998738	0.000273534	0.000673316	0.000273534	4.20822e-05	0.000126084	0.999259	6.30418e-05	0.000551615	NA	0.00103006	0.000206013	0.998072	0.000691614	NA	0.000337602	0.00102486	0.000458174	0.998143	3.61716e-05	9.86015e-06	3.28672e-06	6.57343e-06	2.62937e-05	0.999954
32	0.99949	0.00025505	0.00015303	0.00010202	NA	6.84135e-05	0.999521	NA	0.000410481	NA	0.000201221	NA	0.999463	0.000335368	NA	NA	0.00144014	9.0009e-05	0.99847	NA	NA	NA	NA	NA	1
33	0.999701	7.48531e-05	0.00011228	7.48531e-05	3.74266e-05	0.000103902	0.999688	NA	0.000207803	NA	0.00014774	4.92465e-05	0.999458	0.000295479	4.92465e-05	2.71128e-05	0.00119296	0.000433804	0.998319	2.71128e-05	1.02148e-05	1.02148e-05	NA	1.02148e-05	0.999969
34	0.998533	0.000532099	0.000712909	0.000196308	2.583e-05	0.000146309	0.999106	6.50264e-05	0.000682777	NA	0.000882063	0.000196014	0.998579	0.000343024	NA	0.000107467	0.000995481	0.000311088	0.998529	5.65614e-05	1.73058e-05	4.71976e-06	1.57325e-06	1.2586e-05	0.999964
35	0.999232	0.000393556	0.000311036	3.8086e-05	2.53907e-05	5.09805e-05	0.999771	1.69935e-05	0.000161438	NA	0.000462929	7.43992e-05	0.999273	0.000181865	8.26658e-06	4.17225e-05	0.00048875	0.000411265	0.999011	4.76829e-05	1.01909e-05	NA	NA	8.15268e-06	0.999982
36	0.998935	0.000324186	0.000605367	0.000109165	2.64641e-05	6.65312e-05	0.999294	7.67668e-05	0.000562956	NA	0.000720799	6.51045e-05	0.999056	0.00014881	9.30064e-06	9.59586e-05	0.000955748	0.000122827	0.998756	6.90902e-05	1.54143e-05	1.02762e-06	2.05524e-06	1.84972e-05	0.999963
37	0.999017	0.000215105	0.00063266	8.85725e-05	4.63951e-05	5.85639e-05	0.999451	3.66024e-05	0.000446549	7.32048e-06	0.000651203	4.95481e-05	0.999207	8.49395e-05	7.07829e-06	0.000104419	0.00100804	0.000220886	0.998622	4.41772e-05	1.44007e-05	3.92747e-06	5.23662e-06	6.54578e-06	0.99997
38	0.998967	0.000349281	0.000567273	7.43152e-05	4.21119e-05	4.29822e-05	0.999504	3.12598e-05	0.000418099	3.90747e-06	0.000562963	3.40045e-05	0.999335	6.8009e-05	NA	6.31763e-05	0.00100071	0.000101082	0.998795	4.04328e-05	1.5911e-05	6.819e-06	2.273e-06	1.66687e-05	0.999958
39	0.998954	0.000331881	0.000631726	4.15478e-05	4.10472e-05	2.37136e-05	0.999509	2.78022e-05	0.00043584	3.27085e-06	0.000628916	2.81718e-05	0.999301	3.65472e-05	5.3298e-06	4.75871e-05	0.000855626	8.52799e-05	0.998975	3.62793e-05	1.33723e-05	4.80803e-06	3.30552e-06	1.35226e-05	0.999965
40	0.998802	0.000450597	0.000669409	3.13288e-05	4.67485e-05	1.69355e-05	0.999461	2.08992e-05	0.000493653	7.92727e-06	0.000549363	2.43116e-05	0.999399	1.76455e-05	9.41092e-06	3.91545e-05	0.000689263	6.7088e-05	0.999166	3.86771e-05	1.78707e-05	5.5892e-06	2.72106e-06	1.27228e-05	0.999961
