quality	AA	AC	AG	AT	A.	CA	CC	CG	CT	C.	GA	GC	GG	GT	G.	TA	TC	TG	TT	T.	.A	.C	.G	.T	..
0	NA	NA	NA	NA	NA	NA	NA	NA	NA	NA	NA	NA	NA	NA	NA	NA	NA	NA	NA	NA	NA	NA	NA	NA	NA
1	NA	NA	NA	NA	NA	NA	NA	NA	NA	NA	NA	NA	NA	NA	NA	NA	NA	NA	NA	NA	NA	NA	NA	NA	NA
2	NA	NA	NA	NA	NA	NA	NA	NA	NA	NA	NA	NA	NA	NA	NA	NA	NA	NA	NA	NA	NA	NA	NA	NA	NA
3	NA	NA	NA	NA	NA	NA	NA	NA	NA	NA	NA	NA	NA	NA	NA	NA	NA	NA	NA	NA	NA	NA	NA	NA	NA
4	NA	NA	NA	NA	NA	NA	NA	NA	NA	NA	NA	NA	NA	NA	NA	NA	NA	NA	NA	NA	NA	NA	NA	NA	NA
5	NA	NA	NA	NA	NA	NA	NA	NA	NA	NA	NA	NA	NA	NA	NA	NA	NA	NA	NA	NA	NA	NA	NA	NA	NA
6	NA	NA	NA	NA	NA	NA	NA	NA	NA	NA	NA	NA	NA	NA	NA	NA	NA	NA	NA	NA	NA	NA	NA	NA	NA
7	NA	NA	NA	NA	NA	NA	NA	NA	NA	NA	NA	NA	NA	NA	NA	NA	NA	NA	NA	NA	NA	NA	NA	NA	NA
8	NA	NA	NA	NA	NA	NA	NA	NA	NA	NA	NA	NA	NA	NA	NA	NA	NA	NA	NA	NA	NA	NA	NA	NA	NA
9	NA	NA	NA	NA	NA	NA	NA	NA	NA	NA	NA	NA	NA	NA	NA	NA	NA	NA	NA	NA	NA	NA	NA	NA	NA
10	1	NA	NA	NA	NA	NA	NA	NA	NA	NA	NA	NA	1	NA	NA	NA	NA	NA	NA	NA	NA	NA	NA	NA	1
11	0.975832	0.0110097	0.00402793	0.00912997	NA	0.0602599	0.914139	0.00590784	0.0196928	NA	0.0223508	0.00678507	0.909	0.0616643	0.000199561	0.0144181	0.0102987	0.0205973	0.954686	NA	0.000163345	NA	NA	NA	0.999837
12	0.968699	0.0171466	0.00638952	0.0076836	8.088e-05	0.0507225	0.932337	0.00438465	0.0124564	9.96512e-05	0.0128434	0.00583791	0.939492	0.0416209	0.000206044	0.00887574	0.00475486	0.0194421	0.966716	0.000211327	6.4658e-05	4.31053e-05	NA	6.4658e-05	0.999828
13	0.967663	0.0172198	0.00546678	0.00952104	0.000129391	0.038192	0.947501	0.00395209	0.0102513	0.000103548	0.00842254	0.00318256	0.966294	0.0219725	0.000128588	0.0115657	0.00794026	0.0224421	0.957963	8.93598e-05	3.77807e-05	2.06077e-05	2.06077e-05	4.80845e-05	0.999873
14	0.965304	0.0189505	0.00595586	0.00955104	0.000238234	0.0338088	0.951617	0.0041018	0.0104409	3.10742e-05	0.0150585	0.00520819	0.946475	0.033004	0.000254748	0.0136394	0.00983304	0.0207042	0.955766	5.76718e-05	5.3944e-05	2.6972e-05	2.6972e-05	2.0229e-05	0.999872
15	0.964093	0.0168147	0.00698398	0.0120701	3.79564e-05	0.0280293	0.95518	0.0042317	0.0125131	4.55021e-05	0.0119329	0.00565243	0.955039	0.0273016	7.3888e-05	0.0140615	0.00943313	0.0201446	0.95614	0.0002204	3.21069e-05	NA	2.14046e-05	7.4916e-05	0.999872
16	0.964347	0.014921	0.0076718	0.0129624	9.75229e-05	0.0247603	0.957857	0.00413093	0.0132265	2.52656e-05	0.0114517	0.00489914	0.957071	0.0265043	7.34871e-05	0.0167558	0.0124981	0.0271014	0.94354	0.000104309	3.59711e-05	1.54162e-05	2.56937e-05	4.36792e-05	0.999879
17	NA	NA	NA	NA	NA	NA	NA	NA	NA	NA	NA	NA	NA	NA	NA	NA	NA	NA	NA	NA	NA	NA	NA	NA	NA
18	1	NA	NA	NA	NA	NA	1	NA	NA	NA	NA	NA	1	NA	NA	NA	NA	NA	1	NA	NA	NA	NA	NA	1
19	1	NA	NA	NA	NA	NA	1	NA	NA	NA	NA	NA	1	NA	NA	NA	NA	NA	1	NA	NA	NA	NA	NA	1
20	0.990099	0.00792079	NA	0.000990099	0.000990099	0.00413793	0.994483	NA	0.00137931	NA	0.00146951	0.000734754	0.986774	0.0110213	NA	0.00141044	NA	0.00282087	0.995769	NA	NA	NA	NA	NA	1
21	0.997029	0.00168828	0.000337655	0.000945435	NA	0.00423534	0.993923	0.000460363	0.00128902	9.20726e-05	0.00105439	0.000351463	0.995255	0.00316317	0.000175731	0.000684999	0.00132107	0.00239749	0.995499	9.78569e-05	NA	1.73968e-05	NA	NA	0.999983
22	0.996711	0.00191002	0.000636672	0.000636672	0.000106112	0.00551819	0.99224	0.000689774	0.00155199	NA	0.000850461	0.000708717	0.995606	0.00283487	NA	0.000607349	0.00192327	0.00273307	0.994635	0.000101225	6.22026e-05	NA	3.11013e-05	3.11013e-05	0.999876
23	0.997026	0.00201986	0.000336644	0.00061718	NA	0.00226722	0.996013	0.00023454	0.00140724	7.818e-05	0.000673905	0.000299513	0.99693	0.00209659	NA	0.00030318	0.00128851	0.000871641	0.997499	3.78974e-05	NA	NA	1.42159e-05	1.42159e-05	0.999972
24	0.998768	0.000462107	0.000462107	0.000308071	NA	0.00398195	0.992567	0.00079639	0.00238917	0.000265463	0.000704225	0.000469484	0.996009	0.0028169	NA	NA	0.00204151	0.00124759	0.996711	NA	4.28688e-05	4.28688e-05	NA	NA	0.999914
25	0.997564	0.000947482	0.000947482	0.000406064	0.000135355	0.00260756	0.995219	0.00065189	0.00152108	NA	0.000413736	0.000206868	0.997931	0.00144808	NA	0.000609446	0.00142204	0.00132047	0.996546	0.000101574	3.7508e-05	3.7508e-05	NA	7.50159e-05	0.99985
26	0.996667	0.00125	0.000416667	0.00166667	NA	0.00342466	0.994521	0.000684932	0.00136986	NA	NA	NA	0.998035	0.00130976	0.000654879	NA	0.00106073	0.000795545	0.998144	NA	NA	NA	NA	NA	1
27	0.996595	0.00139349	0.00113268	0.000819703	5.96147e-05	0.00270842	0.995577	0.000272025	0.00141926	2.36544e-05	0.00197263	0.000556382	0.99473	0.00274144	NA	0.000762977	0.000989485	0.00435135	0.993837	5.96075e-05	1.87942e-05	1.25294e-05	1.04412e-05	3.55001e-05	0.999923
28	0.998885	0.000185839	0.000743356	0.000185839	NA	0.00139018	0.997838	0.000154464	0.000617856	NA	0.00140506	0.000200723	0.996588	0.0018065	NA	0.000371058	NA	NA	0.999629	NA	NA	NA	NA	4.0803e-05	0.999959
29	1	NA	NA	NA	NA	NA	0.998339	0.00166113	NA	NA	0.000718907	NA	0.999281	NA	NA	NA	NA	NA	1	NA	0.000287356	NA	NA	NA	0.999713
30	0.998322	0.000600932	0.000745985	0.00030392	2.76291e-05	0.000424084	0.99841	0.000127225	0.00103901	NA	0.0011409	0.00024019	0.997838	0.000770609	1.00079e-05	0.000366494	0.000926416	0.000641365	0.998045	2.03608e-05	2.06311e-05	2.29235e-06	4.5847e-06	4.5847e-06	0.999968
31	0.998676	0.00051629	0.000655291	0.000119144	3.30955e-05	0.000550793	0.998668	0.000130187	0.000650937	NA	0.000771275	0.000102217	0.998606	0.000520378	NA	0.000199267	0.000733018	0.000604918	0.998449	1.42334e-05	6.12372e-06	4.08248e-06	2.04124e-06	8.16496e-06	0.99998
32	0.999368	0.000299282	0.000199521	9.97606e-05	3.32535e-05	0.000350079	0.9993	NA	0.000350079	NA	0.000130242	NA	0.999566	0.000303899	NA	5.64764e-05	0.000903623	0.000254144	0.998758	2.82382e-05	9.26552e-06	NA	NA	NA	0.999991
33	0.999703	0.000188806	8.09171e-05	2.69724e-05	NA	0.000607095	0.999051	3.79435e-05	0.000303548	NA	0.000134071	0.000100553	0.999665	0.000100553	NA	NA	0.000979712	0.000163285	0.998857	NA	NA	7.49299e-06	7.49299e-06	NA	0.999985
34	0.998612	0.000501395	0.000725289	9.77563e-05	6.30686e-05	0.000235994	0.999061	7.37481e-05	0.000619484	9.83308e-06	0.00071274	8.25735e-05	0.998827	0.0003781	NA	0.00016278	0.000789654	0.000505656	0.998493	4.84875e-05	8.67341e-06	1.92742e-06	2.89114e-06	9.63712e-06	0.999977
35	0.999099	0.000366997	0.000476619	3.81296e-05	1.90648e-05	0.000282805	0.999476	2.75908e-05	0.000213828	NA	0.000414873	3.77157e-05	0.99934	0.00020115	6.28595e-06	2.81272e-05	0.000515664	0.000501601	0.998926	2.81272e-05	6.07593e-06	1.51898e-06	1.51898e-06	4.55695e-06	0.999986
36	0.998962	0.000252732	0.000657103	7.81171e-05	5.05464e-05	0.000116846	0.999327	4.9571e-05	0.000506333	NA	0.00073623	5.33017e-05	0.999007	0.000193219	9.99407e-06	9.17821e-05	0.000749991	0.00013374	0.998977	4.72022e-05	1.21518e-05	7.14812e-07	2.85925e-06	8.57774e-06	0.999976
37	0.998912	0.000298692	0.000692019	5.32322e-05	4.43602e-05	0.000141277	0.999278	2.01824e-05	0.000555017	5.04561e-06	0.00064163	6.01528e-05	0.999133	0.00016542	NA	7.04622e-05	0.000822999	0.000152198	0.998921	3.38219e-05	1.00872e-05	6.41915e-06	1.83404e-06	1.65064e-05	0.999965
38	0.998884	0.000318255	0.000725777	5.43362e-05	1.74652e-05	4.77837e-05	0.999462	3.88243e-05	0.000444986	5.97297e-06	0.000624953	2.11337e-05	0.9993	4.52864e-05	9.05729e-06	4.10715e-05	0.000858591	0.000109524	0.998956	3.52042e-05	1.29988e-05	5.3177e-06	1.18171e-06	1.53623e-05	0.999965
39	0.998838	0.000356031	0.000721407	5.25145e-05	3.15977e-05	3.51477e-05	0.9995	2.31975e-05	0.00043794	3.51477e-06	0.000610707	2.0632e-05	0.999323	3.78253e-05	7.56506e-06	3.89796e-05	0.000854198	5.90981e-05	0.998999	4.90389e-05	1.30519e-05	2.79683e-06	2.39728e-06	9.98868e-06	0.999972
40	0.998857	0.000443106	0.000607912	4.48543e-05	4.7233e-05	1.99514e-05	0.9995	1.74574e-05	0.000457884	4.48906e-06	0.000532684	2.17308e-05	0.999414	1.9502e-05	1.17012e-05	2.56199e-05	0.000696993	3.74445e-05	0.999202	3.81014e-05	1.07303e-05	4.29213e-06	1.83948e-06	1.34895e-05	0.99997
