quality	AA	AC	AG	AT	A.	CA	CC	CG	CT	C.	GA	GC	GG	GT	G.	TA	TC	TG	TT	T.	.A	.C	.G	.T	..
0	NA	NA	NA	NA	NA	NA	NA	NA	NA	NA	NA	NA	NA	NA	NA	NA	NA	NA	NA	NA	NA	NA	NA	NA	NA
1	NA	NA	NA	NA	NA	NA	NA	NA	NA	NA	NA	NA	NA	NA	NA	NA	NA	NA	NA	NA	NA	NA	NA	NA	NA
2	NA	NA	NA	NA	NA	NA	NA	NA	NA	NA	NA	NA	NA	NA	NA	NA	NA	NA	NA	NA	NA	NA	NA	NA	NA
3	NA	NA	NA	NA	NA	NA	NA	NA	NA	NA	NA	NA	NA	NA	NA	NA	NA	NA	NA	NA	NA	NA	NA	NA	NA
4	NA	NA	NA	NA	NA	NA	NA	NA	NA	NA	NA	NA	NA	NA	NA	NA	NA	NA	NA	NA	NA	NA	NA	NA	NA
5	NA	NA	NA	NA	NA	NA	NA	NA	NA	NA	NA	NA	NA	NA	NA	NA	NA	NA	NA	NA	NA	NA	NA	NA	NA
6	NA	NA	NA	NA	NA	NA	NA	NA	NA	NA	NA	NA	NA	NA	NA	NA	NA	NA	NA	NA	NA	NA	NA	NA	NA
7	NA	NA	NA	NA	NA	NA	NA	NA	NA	NA	NA	NA	NA	NA	NA	NA	NA	NA	NA	NA	NA	NA	NA	NA	NA
8	NA	NA	NA	NA	NA	NA	NA	NA	NA	NA	NA	NA	NA	NA	NA	NA	NA	NA	NA	NA	NA	NA	NA	NA	NA
9	NA	NA	NA	NA	NA	NA	NA	NA	NA	NA	NA	NA	NA	NA	NA	NA	NA	NA	NA	NA	NA	NA	NA	NA	NA
10	1	NA	NA	NA	NA	NA	1	NA	NA	NA	NA	NA	0.96	0.04	NA	NA	NA	NA	1	NA	NA	NA	NA	NA	1
11	0.980626	0.0104322	0.00212902	0.00681286	NA	0.0577374	0.908502	0.00606311	0.0274218	0.000275596	0.0154691	0.00414201	0.941589	0.0387997	NA	0.0159755	0.00101971	0.00509857	0.977566	0.000339905	9.54897e-05	6.36598e-05	3.18299e-05	6.36598e-05	0.999745
12	0.977013	0.0123188	0.00461424	0.00603238	2.11663e-05	0.048179	0.935609	0.00338699	0.0127868	3.80561e-05	0.0110146	0.00379108	0.954891	0.030175	0.000128077	0.0106443	0.00349134	0.0172012	0.968436	0.000227079	6.76943e-05	6.76943e-06	3.38471e-05	3.38471e-05	0.999858
13	0.968299	0.0175967	0.00568094	0.00833564	8.78147e-05	0.0371762	0.949718	0.00398317	0.00899425	0.000128489	0.00802168	0.0035162	0.967257	0.021151	5.37646e-05	0.0124761	0.0103015	0.0207855	0.956318	0.000119047	3.47759e-05	3.47759e-05	3.91229e-05	4.12964e-05	0.99985
14	0.965166	0.0197325	0.00649359	0.00851969	8.80913e-05	0.0299201	0.957565	0.00363776	0.00875498	0.000121839	0.0135901	0.00654276	0.954103	0.0256339	0.000130204	0.0152055	0.0112231	0.0245823	0.94879	0.00019912	4.73436e-05	3.15624e-05	2.76171e-05	3.9453e-05	0.999854
15	0.968373	0.0148017	0.00773097	0.00898752	0.000106487	0.0293676	0.953159	0.00580556	0.0115262	0.000141599	0.0121117	0.00617344	0.954552	0.0271044	5.87947e-05	0.014718	0.00845448	0.0229147	0.953732	0.000180431	2.4644e-05	2.4644e-05	1.8483e-05	7.39321e-05	0.999858
16	0.965698	0.0148639	0.00796428	0.0114167	5.68508e-05	0.0231025	0.960995	0.0036887	0.0121519	6.16067e-05	0.010593	0.00616155	0.959358	0.0238267	6.07049e-05	0.0190986	0.0161505	0.028596	0.936076	7.93486e-05	0.000111505	3.07042e-05	2.90882e-05	6.46405e-05	0.999764
17	NA	NA	NA	NA	NA	NA	NA	NA	NA	NA	NA	NA	NA	NA	NA	NA	NA	NA	NA	NA	NA	NA	NA	NA	NA
18	1	NA	NA	NA	NA	NA	NA	NA	NA	NA	NA	NA	1	NA	NA	NA	NA	NA	1	NA	NA	NA	NA	NA	1
19	1	NA	NA	NA	NA	NA	1	NA	NA	NA	NA	NA	0.964286	0.0357143	NA	NA	NA	NA	1	NA	NA	NA	NA	NA	1
20	0.995681	0.00263916	0.00071977	0.000959693	NA	0.0084317	0.98946	0.00126476	0.00084317	NA	0.00102208	0.000408831	0.994685	0.00388389	NA	0.00149656	0.000299312	0.00299312	0.995211	NA	6.76956e-05	NA	NA	NA	0.999932
21	0.996981	0.00197407	0.000464486	0.000580608	NA	0.00398406	0.99447	0.000535173	0.00101088	NA	0.000882856	0.000165536	0.997296	0.00165536	NA	0.000480827	0.00351605	0.00246424	0.993479	6.01034e-05	1.06349e-05	NA	3.19047e-05	NA	0.999957
22	0.996321	0.00219672	0.000823768	0.000494261	0.000164754	0.00405037	0.994717	0.000352206	0.000880514	NA	0.00136321	0.000170401	0.99574	0.00272642	NA	0.00135008	0.00422634	0.00252407	0.991782	0.000117398	1.71535e-05	1.71535e-05	NA	1.71535e-05	0.999949
23	0.997875	0.00107652	0.0004816	0.000566588	NA	0.00298947	0.995711	0.000216628	0.00108314	NA	0.000767329	0.000170518	0.997016	0.00200358	4.26294e-05	0.000382548	0.00293958	0.00132885	0.995349	NA	5.3253e-05	7.60757e-06	1.52151e-05	NA	0.999924
24	0.998754	0.000355904	0.000444879	0.000444879	NA	0.00370807	0.993764	0.000505646	0.00202259	NA	0.00108949	0.000155642	0.996576	0.00217899	NA	0.00044231	0.00745608	0.000821433	0.991217	6.31872e-05	NA	NA	NA	NA	1
25	0.998258	0.000975746	0.000557569	0.000209088	NA	0.00332889	0.99534	0.000332889	0.000998668	NA	0.00112309	0.000112309	0.995845	0.00292004	NA	0.000299775	0.00424681	0.000999251	0.994454	NA	1.9134e-05	NA	NA	1.9134e-05	0.999962
26	0.997772	0.00101256	0.000810045	0.000405022	NA	0.00318134	0.994698	0.000706964	0.00141393	NA	0.00125576	0.000418585	0.994558	0.00376727	NA	0.000372902	0.000870106	0.000745805	0.998011	NA	5.50267e-05	NA	NA	NA	0.999945
27	0.995782	0.00167919	0.00179295	0.000732654	1.36519e-05	0.0024524	0.995823	0.000330131	0.00136768	2.69495e-05	0.00169043	0.000614701	0.994864	0.00281935	1.18212e-05	0.000871925	0.00098502	0.00385252	0.994258	3.2834e-05	5.65221e-05	1.38165e-05	1.50726e-05	3.39132e-05	0.999881
28	0.99729	0.00020328	0.00189728	0.000609839	NA	0.000445931	0.998365	0.000148644	0.00104051	NA	0.00142103	NA	0.996955	0.00162404	NA	0.000112385	0.000112385	0.00022477	0.99955	NA	4.85924e-05	NA	NA	NA	0.999951
29	0.999327	0.000336587	0.000336587	NA	NA	0.000511771	0.998976	NA	0.000511771	NA	0.000393933	NA	0.999409	0.000196967	NA	NA	NA	NA	1	NA	NA	NA	NA	NA	1
30	0.998228	0.000482536	0.00093419	0.000351286	3.86029e-06	0.000526236	0.998398	0.000111094	0.000964766	NA	0.000975918	0.000223534	0.997945	0.000839617	1.63562e-05	0.000298481	0.00114324	0.000557539	0.997995	5.63171e-06	3.80439e-05	7.60878e-06	2.53626e-06	2.28263e-05	0.999929
31	0.998473	0.000340535	0.000982174	0.000197152	7.16915e-06	0.000479771	0.998616	6.69449e-05	0.000831232	5.57874e-06	0.000629288	9.72071e-05	0.998654	0.000608823	1.02323e-05	0.000241387	0.00129004	0.000506517	0.997962	NA	4.05672e-05	3.3806e-06	3.3806e-06	2.92985e-05	0.999923
32	0.999564	0.000174514	0.00012216	0.000139611	NA	0.000331446	0.999365	8.28615e-05	0.000220964	NA	0.0002269	NA	0.999496	0.000277323	NA	9.614e-05	0.0031566	0.000176257	0.996571	NA	NA	5.34742e-06	5.34742e-06	NA	0.999989
33	0.999623	0.000246699	6.49207e-05	6.49207e-05	NA	0.000437591	0.999208	8.33507e-05	0.00027089	NA	0.000282905	5.30448e-05	0.999346	0.000318269	NA	1.02715e-05	0.00285547	0.000133529	0.997001	NA	7.65591e-06	3.82796e-06	7.65591e-06	1.53118e-05	0.999966
34	0.998247	0.000490695	0.00113607	0.000119118	7.11153e-06	0.000199966	0.998992	6.13229e-05	0.000746539	NA	0.000814553	9.21221e-05	0.998701	0.000387883	4.84853e-06	0.000116001	0.000992887	0.000428612	0.998459	3.93222e-06	4.80068e-05	2.15761e-06	2.15761e-06	1.94185e-05	0.999928
35	0.998592	0.000662105	0.000681022	5.94543e-05	5.40494e-06	0.000273593	0.999463	2.36439e-05	0.000236439	3.37769e-06	0.0003775	4.53e-05	0.999429	0.00013288	1.51e-05	3.16031e-05	0.000437177	0.000542521	0.998981	7.90079e-06	2.07204e-05	1.59387e-06	1.59387e-06	1.11571e-05	0.999965
36	0.998757	0.000224839	0.000917991	9.44077e-05	6.21103e-06	0.00012959	0.999209	2.66804e-05	0.000630801	3.81148e-06	0.000623596	6.57352e-05	0.999138	0.000170556	1.77663e-06	8.74344e-05	0.00108113	0.000142948	0.998687	1.38785e-06	4.90011e-05	4.97667e-06	3.06257e-06	2.37349e-05	0.999919
37	0.998696	0.00013103	0.001098	7.29787e-05	1.65861e-06	0.000131991	0.999172	2.47483e-05	0.000670955	NA	0.000554367	2.87237e-05	0.999285	0.000129256	2.87237e-06	6.09209e-05	0.00121373	0.00021088	0.998513	1.56208e-06	5.88469e-05	4.0937e-06	4.0937e-06	2.55856e-05	0.999907
38	0.998705	0.000209827	0.00101012	7.06454e-05	4.21763e-06	7.50642e-05	0.999337	1.4374e-05	0.000568571	4.79133e-06	0.000571762	5.831e-05	0.999248	0.000113381	8.09861e-06	5.58335e-05	0.00108048	9.92595e-05	0.998763	1.03395e-06	5.22504e-05	2.53335e-06	2.85002e-06	1.93168e-05	0.999923
39	0.998612	0.000294856	0.00103831	5.00565e-05	4.29055e-06	6.92527e-05	0.999408	1.58704e-05	0.000505328	1.44277e-06	0.000517761	4.66385e-05	0.999349	7.90669e-05	7.28727e-06	4.5072e-05	0.000983782	7.1075e-05	0.998897	2.60031e-06	5.16043e-05	5.51657e-06	2.02507e-06	1.99714e-05	0.999921
40	0.998712	0.000341837	0.000894942	4.44298e-05	7.25384e-06	7.22028e-05	0.999318	1.36805e-05	0.000591303	4.56017e-06	0.000421463	4.19151e-05	0.999454	7.40018e-05	8.38302e-06	3.0692e-05	0.000770122	5.82319e-05	0.999134	6.47022e-06	5.81429e-05	6.38991e-06	2.53484e-06	2.44506e-05	0.999908
