quality	AA	AC	AG	AT	A.	CA	CC	CG	CT	C.	GA	GC	GG	GT	G.	TA	TC	TG	TT	T.	.A	.C	.G	.T	..
0	NA	NA	NA	NA	NA	NA	NA	NA	NA	NA	NA	NA	NA	NA	NA	NA	NA	NA	NA	NA	NA	NA	NA	NA	NA
1	NA	NA	NA	NA	NA	NA	NA	NA	NA	NA	NA	NA	NA	NA	NA	NA	NA	NA	NA	NA	NA	NA	NA	NA	NA
2	NA	NA	NA	NA	NA	NA	NA	NA	NA	NA	NA	NA	NA	NA	NA	NA	NA	NA	NA	NA	NA	NA	NA	NA	NA
3	NA	NA	NA	NA	NA	NA	NA	NA	NA	NA	NA	NA	NA	NA	NA	NA	NA	NA	NA	NA	NA	NA	NA	NA	NA
4	NA	NA	NA	NA	NA	NA	NA	NA	NA	NA	NA	NA	NA	NA	NA	NA	NA	NA	NA	NA	NA	NA	NA	NA	NA
5	NA	NA	NA	NA	NA	NA	NA	NA	NA	NA	NA	NA	NA	NA	NA	NA	NA	NA	NA	NA	NA	NA	NA	NA	NA
6	NA	NA	NA	NA	NA	NA	NA	NA	NA	NA	NA	NA	NA	NA	NA	NA	NA	NA	NA	NA	NA	NA	NA	NA	NA
7	NA	NA	NA	NA	NA	NA	NA	NA	NA	NA	NA	NA	NA	NA	NA	NA	NA	NA	NA	NA	NA	NA	NA	NA	NA
8	NA	NA	NA	NA	NA	NA	NA	NA	NA	NA	NA	NA	NA	NA	NA	NA	NA	NA	NA	NA	NA	NA	NA	NA	NA
9	NA	NA	NA	NA	NA	NA	NA	NA	NA	NA	NA	NA	NA	NA	NA	NA	NA	NA	NA	NA	NA	NA	NA	NA	NA
10	0.977778	0.00740741	NA	0.0148148	NA	0.166667	0.8125	0.0208333	NA	NA	0.0174419	NA	0.965116	0.0174419	NA	NA	NA	NA	1	NA	NA	NA	NA	NA	1
11	0.955075	0.0298682	0.00348508	0.0114626	0.000108909	0.0613813	0.914708	0.00478207	0.0190941	3.41577e-05	0.0196328	0.00524014	0.922372	0.0526139	0.000141626	0.0167773	0.00439937	0.0158079	0.962941	7.45657e-05	5.88794e-05	1.47198e-05	NA	5.88794e-05	0.999868
12	0.972168	0.0154562	0.00513964	0.00716119	7.45957e-05	0.0518799	0.929413	0.00490356	0.0137014	0.000101945	0.0127131	0.00421696	0.9467	0.0362313	0.000138261	0.0104196	0.00521475	0.02148	0.962748	0.000138009	4.8138e-05	2.51155e-05	1.25577e-05	3.76732e-05	0.999877
13	0.967035	0.0178985	0.00601094	0.0089239	0.000131979	0.0411315	0.943181	0.0046921	0.0108829	0.000112215	0.00863996	0.00348145	0.965751	0.0220237	0.00010368	0.0129007	0.00910763	0.0218152	0.956024	0.000152836	3.86003e-05	2.38414e-05	2.34629e-05	3.4816e-05	0.999879
14	0.964299	0.0186822	0.00614749	0.010738	0.000133641	0.0359012	0.94842	0.00409719	0.0114353	0.000145875	0.0145028	0.00557979	0.948789	0.030994	0.000134312	0.0157234	0.00894606	0.0209986	0.954149	0.000182573	4.63024e-05	2.8184e-05	2.7513e-05	4.0934e-05	0.999857
15	0.966673	0.0157358	0.00668617	0.0107394	0.000165518	0.0310082	0.949728	0.00497442	0.0141523	0.000137298	0.0140551	0.00645603	0.950364	0.0290159	0.000108674	0.0152983	0.00913515	0.0199138	0.955539	0.000114132	5.16817e-05	2.8712e-05	2.75636e-05	4.24938e-05	0.99985
16	0.965805	0.0151308	0.00738724	0.011558	0.000119067	0.0258864	0.956913	0.00421506	0.0128873	9.84578e-05	0.0114822	0.00522088	0.95778	0.0254342	8.22813e-05	0.0187597	0.0127595	0.0268498	0.941458	0.000172645	5.11118e-05	2.7459e-05	2.33809e-05	3.77901e-05	0.99986
17	NA	NA	NA	NA	NA	NA	NA	NA	NA	NA	NA	NA	NA	NA	NA	NA	NA	NA	NA	NA	NA	NA	NA	NA	NA
18	1	NA	NA	NA	NA	NA	1	NA	NA	NA	NA	NA	1	NA	NA	NA	NA	NA	1	NA	NA	NA	NA	NA	1
19	1	NA	NA	NA	NA	NA	1	NA	NA	NA	0.00714286	NA	0.992857	NA	NA	NA	NA	NA	1	NA	NA	NA	NA	NA	1
20	0.996939	0.00236967	9.87362e-05	0.000592417	NA	0.0067293	0.991747	0.000507872	0.00101574	NA	0.000831308	0.000319734	0.993733	0.0050518	6.39468e-05	0.000887536	0.000380373	0.00164828	0.996957	0.000126791	NA	2.40917e-05	NA	7.22752e-05	0.999904
21	0.996812	0.00214053	0.000455432	0.000531338	6.07243e-05	0.00455741	0.993856	0.000393982	0.0011713	2.12963e-05	0.000864382	0.000321631	0.996311	0.00247254	3.01529e-05	0.000731961	0.00276329	0.00246824	0.993991	4.53929e-05	1.39752e-05	7.98582e-06	1.39752e-05	1.79681e-05	0.999946
22	0.993517	0.00436076	0.00142907	0.000588439	0.000105078	0.00527628	0.992942	0.000373242	0.00137421	3.39311e-05	0.0010094	0.000371102	0.995265	0.00331023	4.45322e-05	0.00108716	0.00125282	0.00273343	0.994864	6.21234e-05	3.77493e-05	1.57289e-05	1.57289e-05	1.88746e-05	0.999912
23	0.997574	0.00136168	0.000713542	0.000338933	1.18924e-05	0.00338084	0.995085	0.000329415	0.0011963	8.66882e-06	0.000778104	0.000230866	0.997067	0.00187258	5.13035e-05	0.000446028	0.00196336	0.00130891	0.996244	3.75164e-05	1.40735e-05	1.72009e-05	9.38232e-06	1.40735e-05	0.999945
24	0.997705	0.00114747	0.000708729	0.000388114	5.06235e-05	0.00370263	0.994649	0.000347122	0.00130171	NA	0.000812062	0.000108275	0.996968	0.00205722	5.41375e-05	0.000384725	0.00452983	0.0013031	0.993758	2.4821e-05	2.84038e-05	9.46795e-06	2.36699e-05	3.31378e-05	0.999905
25	0.996001	0.00245878	0.00108704	0.000427052	2.58819e-05	0.00312666	0.995299	0.000177399	0.00135267	4.43498e-05	0.00096523	0.000321743	0.996718	0.00197336	2.14496e-05	0.000428668	0.00155137	0.000990018	0.996928	0.000102064	2.24853e-05	1.87378e-05	1.49902e-05	1.87378e-05	0.999925
26	0.994838	0.00111833	0.00352703	0.000473139	4.30126e-05	0.00335044	0.995153	0.000213858	0.00114058	0.000142572	0.000868307	0.000144718	0.99725	0.00173661	NA	0.000612066	0.00136986	0.000932673	0.996911	0.000174876	3.51733e-05	1.17244e-05	3.51733e-05	7.03466e-05	0.999848
27	0.995558	0.0019605	0.00150741	0.000897586	7.64234e-05	0.0027378	0.995456	0.000287922	0.00149949	1.91098e-05	0.0018227	0.000536479	0.994426	0.00318444	2.99895e-05	0.00138665	0.00121161	0.00378112	0.993515	0.000105811	2.94945e-05	1.17077e-05	1.08071e-05	2.63424e-05	0.999922
28	0.997183	0.000667087	0.00172331	0.000315013	0.000111181	0.000494071	0.996578	5.48968e-05	0.00287293	NA	0.00267742	0.000238877	0.995521	0.00152284	3.98129e-05	0.000476889	0.000146735	0.000403522	0.998936	3.66838e-05	1.69301e-05	1.26976e-05	8.46504e-06	1.26976e-05	0.999949
29	0.999241	0.00056926	9.48767e-05	9.48767e-05	NA	0.000756201	0.998488	0.00015124	0.000453721	0.00015124	0.000857173	NA	0.998714	0.000428587	NA	NA	NA	0.000183217	0.999817	NA	NA	NA	NA	2.42507e-05	0.999976
30	0.997671	0.000602861	0.00116417	0.000516113	4.59253e-05	0.000451506	0.998312	0.000139806	0.00109553	1.14595e-06	0.000994375	0.000176053	0.997983	0.000836796	9.78074e-06	0.000659866	0.00145421	0.000557707	0.997294	3.44006e-05	1.67872e-05	5.35244e-06	4.62256e-06	1.36244e-05	0.99996
31	0.998114	0.000381333	0.00110566	0.000347871	5.08909e-05	0.000460845	0.998532	7.4791e-05	0.000930488	2.19974e-06	0.000860627	9.36596e-05	0.998434	0.000602543	9.36596e-06	0.000463026	0.00117584	0.0006557	0.997639	6.62554e-05	1.59041e-05	5.74316e-06	5.30138e-06	1.59041e-05	0.999957
32	0.999415	0.000257435	0.000231692	6.252e-05	3.30988e-05	0.00033268	0.999265	5.36581e-05	0.000343412	5.36581e-06	0.000225225	1.0725e-05	0.999544	0.000219863	NA	5.44378e-05	0.00248172	0.00017292	0.997259	3.20222e-05	8.76761e-06	2.1919e-06	5.47976e-06	6.57571e-06	0.999977
33	0.999531	0.00024317	0.000181645	2.63678e-05	1.75786e-05	0.00046285	0.999233	4.28565e-05	0.000257139	4.28565e-06	0.000234378	4.11189e-05	0.999511	0.000213818	NA	5.62145e-05	0.00206823	0.000264677	0.99759	2.10804e-05	8.64295e-06	3.45718e-06	5.18577e-06	6.05007e-06	0.999977
34	0.997602	0.000809334	0.0011734	0.000355678	6.00625e-05	0.000219275	0.99887	5.62932e-05	0.000848687	5.36125e-06	0.000889606	9.78807e-05	0.99864	0.000357771	1.44651e-05	0.000422198	0.000940384	0.00056195	0.997992	8.31156e-05	1.74705e-05	7.27936e-06	5.51151e-06	1.68465e-05	0.999953
35	0.99808	0.000988412	0.000720047	0.000174121	3.73528e-05	0.000209482	0.999372	2.06424e-05	0.000396792	1.52906e-06	0.000534929	4.88229e-05	0.999243	0.000162035	1.13213e-05	0.000193033	0.000400114	0.000610317	0.99872	7.64848e-05	1.16071e-05	5.29145e-06	2.219e-06	1.28019e-05	0.999968
36	0.998296	0.000293646	0.00106174	0.000294886	5.38185e-05	9.86284e-05	0.999024	3.81154e-05	0.000835001	4.7153e-06	0.000748689	5.30013e-05	0.999014	0.000176424	7.7834e-06	0.000315026	0.00113301	0.000249064	0.998237	6.56778e-05	1.62654e-05	6.09953e-06	4.61375e-06	1.48578e-05	0.999958
37	0.99831	0.000204948	0.00113321	0.000297871	5.40701e-05	9.77173e-05	0.999193	2.79192e-05	0.000676203	5.58384e-06	0.000628655	4.00669e-05	0.999191	0.000127537	1.24151e-05	0.000288882	0.00112203	0.000335595	0.998185	6.85327e-05	1.5452e-05	6.56457e-06	5.45364e-06	1.72699e-05	0.999955
38	0.998355	0.000286057	0.00105386	0.000247699	5.72113e-05	5.70154e-05	0.999178	2.30122e-05	0.000736392	5.83893e-06	0.000678693	3.89301e-05	0.999184	7.82047e-05	2.03263e-05	0.000233593	0.00104589	0.00024565	0.998401	7.42761e-05	1.51977e-05	7.43295e-06	3.51738e-06	1.46668e-05	0.999959
39	0.998266	0.000411107	0.00101856	0.000245265	5.86361e-05	4.17308e-05	0.999195	2.37769e-05	0.000734414	5.41854e-06	0.000663521	3.36756e-05	0.99923	5.62333e-05	1.66766e-05	0.000203227	0.000962381	0.000174694	0.998588	7.18272e-05	1.87663e-05	6.79785e-06	4.21254e-06	1.63635e-05	0.999954
40	0.998696	0.000372549	0.00073712	0.000127269	6.71545e-05	2.86631e-05	0.999207	2.11303e-05	0.00073458	8.68193e-06	0.000545542	2.69431e-05	0.999366	3.71829e-05	2.47644e-05	9.92809e-05	0.000815924	0.000108017	0.998915	6.1724e-05	2.19043e-05	8.13329e-06	4.51275e-06	1.8051e-05	0.999947
