quality	AA	AC	AG	AT	A.	CA	CC	CG	CT	C.	GA	GC	GG	GT	G.	TA	TC	TG	TT	T.	.A	.C	.G	.T	..
0	NA	NA	NA	NA	NA	NA	NA	NA	NA	NA	NA	NA	NA	NA	NA	NA	NA	NA	NA	NA	NA	NA	NA	NA	NA
1	NA	NA	NA	NA	NA	NA	NA	NA	NA	NA	NA	NA	NA	NA	NA	NA	NA	NA	NA	NA	NA	NA	NA	NA	NA
2	NA	NA	NA	NA	NA	NA	NA	NA	NA	NA	NA	NA	NA	NA	NA	NA	NA	NA	NA	NA	NA	NA	NA	NA	NA
3	NA	NA	NA	NA	NA	NA	NA	NA	NA	NA	NA	NA	NA	NA	NA	NA	NA	NA	NA	NA	NA	NA	NA	NA	NA
4	NA	NA	NA	NA	NA	NA	NA	NA	NA	NA	NA	NA	NA	NA	NA	NA	NA	NA	NA	NA	NA	NA	NA	NA	NA
5	NA	NA	NA	NA	NA	NA	NA	NA	NA	NA	NA	NA	NA	NA	NA	NA	NA	NA	NA	NA	NA	NA	NA	NA	NA
6	NA	NA	NA	NA	NA	NA	NA	NA	NA	NA	NA	NA	NA	NA	NA	NA	NA	NA	NA	NA	NA	NA	NA	NA	NA
7	NA	NA	NA	NA	NA	NA	NA	NA	NA	NA	NA	NA	NA	NA	NA	NA	NA	NA	NA	NA	NA	NA	NA	NA	NA
8	NA	NA	NA	NA	NA	NA	NA	NA	NA	NA	NA	NA	NA	NA	NA	NA	NA	NA	NA	NA	NA	NA	NA	NA	NA
9	NA	NA	NA	NA	NA	NA	NA	NA	NA	NA	NA	NA	NA	NA	NA	NA	NA	NA	NA	NA	NA	NA	NA	NA	NA
10	0.986111	0.0138889	NA	NA	NA	0.0740741	0.925926	NA	NA	NA	0.0144928	NA	0.956522	0.0289855	NA	NA	NA	0.0588235	0.941176	NA	NA	NA	NA	NA	1
11	0.976393	0.0121985	0.00343453	0.00777703	0.000197387	0.0706542	0.906383	0.00609088	0.0167499	0.000121818	0.0223525	0.00461783	0.921809	0.0511077	0.000113321	0.0197107	0.00508663	0.0227309	0.952313	0.000158957	4.801e-05	NA	1.20025e-05	7.2015e-05	0.999868
12	0.973476	0.0137526	0.00497603	0.00766948	0.000125542	0.0521939	0.92864	0.00575152	0.0132715	0.00014339	0.0111514	0.00396346	0.952064	0.0326865	0.000134354	0.0105365	0.00535234	0.0245137	0.959429	0.000168216	3.75155e-05	1.87577e-05	1.87577e-05	6.87784e-05	0.999856
13	0.968729	0.0169881	0.00517521	0.00899698	0.000110937	0.036903	0.94838	0.0043893	0.0102378	8.95775e-05	0.00787946	0.00348446	0.967239	0.021297	9.96349e-05	0.0115991	0.00750075	0.0207698	0.959992	0.000137905	3.91382e-05	2.16136e-05	2.33661e-05	5.14054e-05	0.999864
14	0.967484	0.017454	0.00503861	0.00987997	0.000143448	0.0332032	0.95166	0.00401716	0.011007	0.000112481	0.0132835	0.00570153	0.947588	0.0332765	0.000150436	0.0136277	0.00913432	0.0199433	0.957161	0.000133785	3.74378e-05	2.26896e-05	3.06309e-05	5.55895e-05	0.999854
15	0.967543	0.0150643	0.00589179	0.0114211	7.98678e-05	0.0283023	0.954408	0.0044818	0.0126639	0.000143545	0.0140259	0.00662158	0.95089	0.0283278	0.000134741	0.0143145	0.00938581	0.0195322	0.956608	0.000159726	3.8357e-05	2.55713e-05	2.37448e-05	5.11427e-05	0.999861
16	0.965328	0.0152171	0.00753859	0.0118306	8.53636e-05	0.0250498	0.957428	0.00431765	0.0131224	8.25721e-05	0.0122662	0.00573185	0.954063	0.0278698	6.92148e-05	0.0186731	0.0124839	0.0278809	0.94082	0.000141938	5.70857e-05	3.03268e-05	2.31911e-05	3.56786e-05	0.999854
17	NA	NA	NA	NA	NA	NA	NA	NA	NA	NA	NA	NA	NA	NA	NA	NA	NA	NA	NA	NA	NA	NA	NA	NA	NA
18	1	NA	NA	NA	NA	NA	1	NA	NA	NA	NA	NA	1	NA	NA	NA	NA	NA	1	NA	NA	NA	NA	NA	1
19	1	NA	NA	NA	NA	0.0178571	0.982143	NA	NA	NA	NA	NA	1	NA	NA	NA	NA	NA	1	NA	NA	NA	NA	NA	1
20	0.997369	0.00187923	0.000125282	0.000501128	0.000125282	0.00726979	0.991519	0.000201939	0.00100969	NA	0.00121055	0.000259403	0.994725	0.00380458	NA	0.000600841	0.000600841	0.00360505	0.995193	NA	3.39109e-05	NA	NA	NA	0.999966
21	0.996885	0.00196106	0.000519103	0.000565245	6.92137e-05	0.00468949	0.993881	0.000369009	0.00103015	3.07508e-05	0.000828549	0.000247111	0.99657	0.00234029	1.45359e-05	0.000607103	0.00120577	0.00228507	0.99586	4.21599e-05	2.35975e-05	5.89937e-06	2.94969e-05	2.65472e-05	0.999914
22	0.996953	0.00224986	0.000301162	0.000407455	8.85771e-05	0.00446591	0.993887	0.000446591	0.00120021	NA	0.0012114	0.000251423	0.995977	0.00253708	2.28566e-05	0.000912597	0.000826503	0.00285832	0.995351	5.16565e-05	4.12212e-05	4.12212e-05	1.54579e-05	3.60685e-05	0.999866
23	0.997442	0.00172653	0.000374539	0.000429349	2.74053e-05	0.00281481	0.995688	0.000332659	0.00113872	2.55892e-05	0.000692807	0.000170163	0.997132	0.00198118	2.4309e-05	0.00040235	0.000742799	0.00121324	0.997611	3.095e-05	2.08654e-05	2.31838e-05	1.15919e-05	2.78205e-05	0.999917
24	0.998249	0.00108366	0.000277863	0.000333435	5.55725e-05	0.00256048	0.994923	0.000706339	0.00176585	4.41462e-05	0.000726185	0.000299018	0.997095	0.00183682	4.27168e-05	0.000396881	0.00158752	0.00136924	0.996627	1.9844e-05	NA	3.0211e-05	7.55276e-06	1.51055e-05	0.999947
25	0.997175	0.00154915	0.000751794	0.000410069	0.000113908	0.00269136	0.996124	0.000107654	0.00100477	7.17695e-05	0.000717532	0.000273345	0.996857	0.00208426	6.83364e-05	0.000431101	0.000431101	0.00137952	0.997741	1.72441e-05	2.51606e-05	1.25803e-05	1.25803e-05	2.51606e-05	0.999925
26	0.99494	0.00358675	0.000832639	0.000640492	NA	0.00242949	0.996725	0.00031689	0.00031689	0.00021126	0.000533106	0.000213242	0.997228	0.0020258	NA	0.000528378	0.000616441	0.000748536	0.998107	NA	NA	5.24934e-05	NA	8.74891e-05	0.99986
27	0.996293	0.00166923	0.00126167	0.00071197	6.41528e-05	0.00258099	0.995538	0.000314558	0.00154658	2.0164e-05	0.00149244	0.000789909	0.994151	0.00353711	2.9709e-05	0.00103574	0.000977448	0.00413151	0.993785	7.07843e-05	3.26708e-05	1.07706e-05	1.22067e-05	2.44133e-05	0.99992
28	0.998983	0.000401284	0.00034778	0.00024077	2.67523e-05	0.000543071	0.998759	0.000129303	0.000543071	2.58605e-05	0.00176803	0.000279939	0.996582	0.00137023	NA	0.000337401	0.000449868	0.000618568	0.998594	NA	1.85545e-05	NA	6.18483e-06	3.7109e-05	0.999938
29	0.999742	0.000258065	NA	NA	NA	0.000248016	0.999256	0.000248016	0.000248016	NA	0.00104384	8.02955e-05	0.998555	0.000321182	NA	NA	NA	NA	1	NA	NA	NA	NA	3.75418e-05	0.999962
30	0.998125	0.000740537	0.000781363	0.000320937	3.17535e-05	0.000427081	0.998213	0.000154663	0.0012004	5.2726e-06	0.000909299	0.000263613	0.997978	0.000842561	6.67375e-06	0.000356895	0.000930534	0.000842533	0.997841	2.93338e-05	1.69351e-05	7.52672e-06	6.39771e-06	2.37092e-05	0.999945
31	0.998514	0.000596595	0.000699605	0.000165244	2.46793e-05	0.000504456	0.998548	0.000114123	0.000828631	4.96186e-06	0.000592857	0.000226449	0.998566	0.000611728	3.14513e-06	0.0002229	0.000673393	0.000760206	0.998319	2.46363e-05	1.11054e-05	5.38446e-06	5.38446e-06	2.05282e-05	0.999958
32	0.99895	0.000778024	0.00014921	0.000111907	1.06579e-05	0.000264768	0.99938	3.78241e-05	0.000302592	1.51296e-05	0.00015167	6.82516e-05	0.99956	0.000197171	2.27505e-05	8.22936e-05	0.000786361	0.000210306	0.998903	1.82875e-05	NA	3.09178e-06	4.63767e-06	3.09178e-05	0.999961
33	0.999062	0.000799633	6.91575e-05	5.18681e-05	1.72894e-05	0.000473329	0.999249	6.31106e-05	0.000201954	1.26221e-05	0.00023562	2.94525e-05	0.999511	0.000223839	NA	7.38627e-05	0.000755414	0.000255162	0.998909	6.71479e-06	6.20206e-06	1.24041e-06	NA	2.97699e-05	0.999963
34	0.998477	0.000535719	0.000799458	0.000143717	4.37848e-05	0.000189376	0.998963	6.39345e-05	0.000773689	9.71157e-06	0.000617901	0.00022285	0.998765	0.000389987	4.34123e-06	0.000147515	0.000583818	0.000783531	0.998443	4.25523e-05	1.85485e-05	4.12189e-06	3.80482e-06	1.56949e-05	0.999958
35	0.998941	0.000484463	0.00049144	4.80588e-05	3.48814e-05	0.000270821	0.99946	8.33294e-06	0.00025728	3.12485e-06	0.000332729	0.000111918	0.999393	0.00015729	5.04135e-06	5.10122e-05	0.00025579	0.000629636	0.999028	3.57085e-05	1.1521e-05	3.84034e-06	2.16019e-06	8.16072e-06	0.999974
36	0.998806	0.000407968	0.000656666	9.31232e-05	3.62146e-05	6.48e-05	0.999157	4.58761e-05	0.000723123	9.17523e-06	0.000463067	0.000178727	0.999177	0.000176019	4.87438e-06	0.00010175	0.000601212	0.000480463	0.998779	3.75758e-05	1.66211e-05	4.96324e-06	5.65578e-06	1.99684e-05	0.999953
37	0.998512	0.000504712	0.000879378	7.63836e-05	2.75561e-05	0.000102245	0.999144	3.84441e-05	0.000705082	1.06335e-05	0.000380091	0.000204665	0.999299	0.000104421	1.16951e-05	7.08082e-05	0.000560527	0.000545909	0.998784	3.88303e-05	1.90229e-05	5.09274e-06	4.4936e-06	1.99216e-05	0.999951
38	0.998535	0.000462355	0.00091191	6.39992e-05	2.68484e-05	4.37075e-05	0.999289	3.01096e-05	0.00062696	1.01984e-05	0.000401776	0.000188898	0.999328	7.14486e-05	9.78748e-06	6.38254e-05	0.000565088	0.000449268	0.998883	3.92293e-05	1.45492e-05	3.70861e-06	3.61351e-06	2.12056e-05	0.999957
39	0.998711	0.000418221	0.000774017	5.80706e-05	3.8269e-05	4.07114e-05	0.999291	2.28163e-05	0.000636507	9.28309e-06	0.000403202	0.000169181	0.999373	4.45913e-05	1.0069e-05	4.98943e-05	0.000494708	0.000413315	0.999003	3.9439e-05	1.88909e-05	5.38834e-06	4.16276e-06	1.97572e-05	0.999952
40	0.999005	0.000318423	0.000582567	5.49999e-05	3.88446e-05	2.52264e-05	0.999194	1.83045e-05	0.000749948	1.2767e-05	0.00043261	0.000133703	0.999395	2.4231e-05	1.41925e-05	4.49191e-05	0.000421433	0.000513311	0.998983	3.71092e-05	2.74644e-05	6.46037e-06	4.79066e-06	1.9069e-05	0.999942
