quality	AA	AC	AG	AT	A.	CA	CC	CG	CT	C.	GA	GC	GG	GT	G.	TA	TC	TG	TT	T.	.A	.C	.G	.T	..
0	NA	NA	NA	NA	NA	NA	NA	NA	NA	NA	NA	NA	NA	NA	NA	NA	NA	NA	NA	NA	NA	NA	NA	NA	NA
1	NA	NA	NA	NA	NA	NA	NA	NA	NA	NA	NA	NA	NA	NA	NA	NA	NA	NA	NA	NA	NA	NA	NA	NA	NA
2	NA	NA	NA	NA	NA	NA	NA	NA	NA	NA	NA	NA	NA	NA	NA	NA	NA	NA	NA	NA	NA	NA	NA	NA	NA
3	NA	NA	NA	NA	NA	NA	NA	NA	NA	NA	NA	NA	NA	NA	NA	NA	NA	NA	NA	NA	NA	NA	NA	NA	NA
4	NA	NA	NA	NA	NA	NA	NA	NA	NA	NA	NA	NA	NA	NA	NA	NA	NA	NA	NA	NA	NA	NA	NA	NA	NA
5	NA	NA	NA	NA	NA	NA	NA	NA	NA	NA	NA	NA	NA	NA	NA	NA	NA	NA	NA	NA	NA	NA	NA	NA	NA
6	NA	NA	NA	NA	NA	NA	NA	NA	NA	NA	NA	NA	NA	NA	NA	NA	NA	NA	NA	NA	NA	NA	NA	NA	NA
7	NA	NA	NA	NA	NA	NA	NA	NA	NA	NA	NA	NA	NA	NA	NA	NA	NA	NA	NA	NA	NA	NA	NA	NA	NA
8	NA	NA	NA	NA	NA	NA	NA	NA	NA	NA	NA	NA	NA	NA	NA	NA	NA	NA	NA	NA	NA	NA	NA	NA	NA
9	NA	NA	NA	NA	NA	NA	NA	NA	NA	NA	NA	NA	NA	NA	NA	NA	NA	NA	NA	NA	NA	NA	NA	NA	NA
10	NA	NA	NA	NA	NA	NA	NA	NA	NA	NA	NA	NA	NA	NA	NA	NA	NA	NA	NA	NA	NA	NA	NA	NA	NA
11	0.978241	0.0118122	0.00497358	0.00497358	NA	0.0599655	0.918896	0.00517688	0.015962	NA	0.021386	0.00945918	0.935636	0.0335184	NA	0.0244216	0.0102828	0.0231362	0.942159	NA	8.94775e-05	NA	8.94775e-05	NA	0.999821
12	0.972497	0.0141194	0.00615632	0.00716006	6.69165e-05	0.0371329	0.945943	0.00388253	0.0128422	0.000199104	0.0133231	0.00523013	0.954856	0.026536	5.5054e-05	0.0151792	0.0075358	0.0223921	0.954893	NA	3.81439e-05	3.81439e-05	NA	3.81439e-05	0.999886
13	0.965946	0.0153083	0.00832612	0.0103034	0.000115855	0.0308249	0.952649	0.00500268	0.0114614	6.22223e-05	0.00934495	0.00437832	0.964442	0.0218124	2.2627e-05	0.0145661	0.00965961	0.0220216	0.953532	0.000220408	5.96368e-05	4.22427e-05	5.71519e-05	4.96973e-05	0.999791
14	0.965299	0.0156841	0.00670938	0.0121346	0.000173145	0.0294287	0.953012	0.00469442	0.0127547	0.000110717	0.01711	0.00848311	0.942796	0.031406	0.000205402	0.0184027	0.0138982	0.0220601	0.945331	0.000307994	6.04665e-05	3.72102e-05	2.79076e-05	8.37229e-05	0.999791
15	0.979003	0.00743936	0.00504028	0.0084078	0.00011005	0.0113622	0.976683	0.00270528	0.00917218	7.72937e-05	0.0147022	0.00534397	0.954739	0.0250389	0.000175623	0.0271045	0.0165904	0.0270704	0.92903	0.00020482	5.52765e-05	4.14574e-05	3.45478e-05	0.000124372	0.999744
16	0.963543	0.0119334	0.00920481	0.0151629	0.000155428	0.0183404	0.958597	0.00521527	0.017703	0.000144869	0.0190606	0.00835776	0.94564	0.0268185	0.000122708	0.0209607	0.0152249	0.0204818	0.943099	0.000233887	0.00011504	4.60159e-05	5.75199e-05	0.00011504	0.999666
17	NA	NA	NA	NA	NA	NA	NA	NA	NA	NA	NA	NA	NA	NA	NA	NA	NA	NA	NA	NA	NA	NA	NA	NA	NA
18	NA	NA	NA	NA	NA	NA	NA	NA	NA	NA	NA	NA	NA	NA	NA	NA	NA	NA	NA	NA	NA	NA	NA	NA	NA
19	NA	NA	NA	NA	NA	NA	NA	NA	NA	NA	NA	NA	NA	NA	NA	NA	NA	NA	NA	NA	NA	NA	NA	NA	NA
20	0.992475	0.00334448	0.00250836	0.00167224	NA	0.00346021	0.991926	0.0011534	0.00346021	NA	0.00103842	0.00155763	0.995327	0.00207684	NA	0.00132979	NA	0.00664894	0.992021	NA	NA	NA	NA	NA	1
21	0.995918	0.000893028	0.00223257	0.000893028	6.37877e-05	0.00321788	0.995766	0.000423406	0.000592768	NA	0.000849907	0.000169981	0.996345	0.00263471	NA	0.00124097	0.000310242	0.0021717	0.996233	4.43203e-05	NA	NA	1.61789e-05	1.61789e-05	0.999968
22	0.995658	0.00217095	0.00148865	0.000496216	0.000186081	0.00542255	0.992838	0.000716186	0.00102312	NA	0.00176456	0.000924292	0.994538	0.00277288	NA	0.00216651	0.00117611	0.00272361	0.993872	6.19003e-05	3.70789e-05	1.85395e-05	NA	1.85395e-05	0.999926
23	0.995772	0.00150431	0.00211416	0.000528541	8.1314e-05	0.00390504	0.993368	0.00111573	0.0016116	NA	0.00152511	0.000234632	0.996891	0.00134913	NA	0.00112126	0.000448506	0.00162583	0.996804	NA	2.14092e-05	3.21137e-05	1.07046e-05	NA	0.999936
24	0.996654	0.00147638	0.00127953	0.000295276	0.000295276	0.00442478	0.994214	0.000510551	0.000850919	NA	0.000757461	0.000151492	0.996364	0.00272686	NA	0.00042334	0.000352783	0.0016228	0.997601	NA	8.15217e-05	NA	NA	5.43478e-05	0.999864
25	0.994912	0.00193479	0.00200645	0.00114654	NA	0.00348432	0.993031	0.00211548	0.00136884	NA	0.00189078	0.000889779	0.993883	0.00311423	0.000222445	0.00119131	0.00081226	0.00140792	0.99648	0.000108301	4.0458e-05	6.0687e-05	4.0458e-05	NA	0.999858
26	0.993945	0.00228288	0.00297767	0.000496278	0.000297767	0.00358038	0.994808	0.00107411	0.000537057	NA	0.00143395	0.00125471	0.994623	0.00268865	NA	0.000267362	0.000200521	0.00100261	0.99853	NA	2.76403e-05	5.52807e-05	2.76403e-05	2.76403e-05	0.999862
27	0.996523	0.000968721	0.00111991	0.00133829	5.03959e-05	0.00137959	0.996578	0.000344898	0.00168027	1.76871e-05	0.00283218	0.0015407	0.990288	0.00530183	3.77624e-05	0.00131516	0.00191095	0.00408228	0.992612	7.9439e-05	4.58204e-05	2.61831e-05	2.45467e-05	4.74569e-05	0.999856
28	0.998087	0.00063762	0.00042508	0.000743889	0.00010627	0.000590737	0.998819	NA	0.000590737	NA	0.00250656	0.000641212	0.995278	0.00157389	NA	0.00133511	0.00267023	0.00133511	0.99466	NA	2.53088e-05	NA	5.06175e-05	0.00020247	0.999722
29	1	NA	NA	NA	NA	NA	1	NA	NA	NA	0.00112994	NA	0.99774	0.00112994	NA	NA	NA	NA	1	NA	NA	NA	NA	NA	1
30	0.997177	0.000625822	0.00155314	0.00060755	3.65444e-05	0.000586829	0.997875	0.000293415	0.00123091	1.43129e-05	0.00147041	0.000494417	0.996924	0.00109799	1.2842e-05	0.000662521	0.00143902	0.00082637	0.997044	2.84955e-05	4.13111e-05	1.22403e-05	7.6502e-06	2.44806e-05	0.999914
31	0.998216	0.000339329	0.00113775	0.000279448	2.79448e-05	0.000475682	0.998363	0.00024093	0.000908119	1.23554e-05	0.000844774	0.000379286	0.998012	0.000752826	1.14935e-05	0.000427106	0.00110766	0.000901146	0.997522	4.22412e-05	3.43281e-05	1.52569e-05	8.89987e-06	3.43281e-05	0.999907
32	0.996915	0.000514179	0.00249179	7.91045e-05	NA	0.00139587	0.997739	0.000502513	0.000362926	NA	0.000238076	5.29059e-05	0.999444	0.000264529	NA	3.54528e-05	0.000212717	0.000354528	0.99938	1.77264e-05	5.62544e-06	1.68763e-05	NA	2.81272e-05	0.999949
33	0.997441	0.000367538	0.00216282	2.82721e-05	NA	0.00107688	0.998079	0.000527883	0.00031673	NA	0.000329867	3.88078e-05	0.999398	0.000232847	NA	9.71293e-05	0.000118714	0.000496439	0.999245	4.31686e-05	8.04784e-06	4.02392e-06	1.60957e-05	8.04784e-06	0.999964
34	0.998597	0.000311743	0.000820273	0.000226013	4.4813e-05	0.000320581	0.998661	0.00018727	0.000828432	3.17407e-06	0.000923911	0.000312499	0.99816	0.00059239	1.08695e-05	0.000207145	0.00106878	0.000467179	0.998184	7.27212e-05	3.09426e-05	1.45612e-05	1.21344e-05	3.21561e-05	0.99991
35	0.999651	7.52089e-05	0.000170929	8.43251e-05	1.82325e-05	1.7906e-05	0.999776	3.58119e-05	0.000167122	2.98433e-06	0.000396463	0.000178733	0.999009	0.000415961	NA	4.16655e-05	0.000439571	0.00062915	0.99885	3.95823e-05	1.70582e-05	8.89992e-06	8.15826e-06	2.22498e-05	0.999944
36	0.998596	0.000241161	0.000994638	0.000128379	3.95936e-05	0.000282269	0.998914	0.000210241	0.000591791	1.94668e-06	0.00054656	0.000322018	0.998808	0.000313315	1.04438e-05	0.000110826	0.000977282	0.00043035	0.998438	4.31789e-05	3.2492e-05	1.72016e-05	1.185e-05	4.62533e-05	0.999892
37	0.998682	0.000232942	0.000976805	7.76475e-05	3.1059e-05	0.000354997	0.998863	0.000224647	0.000557457	NA	0.000360862	0.000133653	0.998966	0.000526592	1.33653e-05	8.22057e-05	0.000775723	0.000370673	0.998719	5.23127e-05	2.97958e-05	1.31883e-05	1.31883e-05	2.97958e-05	0.999914
38	0.998904	0.000190585	0.000801525	5.87785e-05	4.54197e-05	0.000225693	0.999049	0.000176186	0.000547487	1.45608e-06	0.000382883	0.000211484	0.999057	0.00034418	4.14675e-06	5.92301e-05	0.000870867	0.000313734	0.998709	4.7199e-05	3.23825e-05	1.2178e-05	1.10709e-05	4.20695e-05	0.999902
39	0.999011	0.000158758	0.000733699	4.96007e-05	4.71118e-05	0.000256856	0.999051	0.000172627	0.000514903	5.05974e-06	0.000322133	0.0002114	0.999122	0.000336394	8.38887e-06	5.05577e-05	0.000864216	0.000335642	0.998699	5.1065e-05	3.32936e-05	1.23971e-05	1.41295e-05	4.54742e-05	0.999895
40	0.999318	0.000100288	0.000492196	3.51509e-05	5.38925e-05	0.00010853	0.999204	0.00010335	0.000578028	6.31725e-06	0.00030196	0.000135952	0.999448	0.000103251	1.11322e-05	4.399e-05	0.000729726	0.000325215	0.998865	3.63716e-05	4.93037e-05	1.41704e-05	1.36361e-05	5.775e-05	0.999865
