quality	AA	AC	AG	AT	A.	CA	CC	CG	CT	C.	GA	GC	GG	GT	G.	TA	TC	TG	TT	T.	.A	.C	.G	.T	..
0	NA	NA	NA	NA	NA	NA	NA	NA	NA	NA	NA	NA	NA	NA	NA	NA	NA	NA	NA	NA	NA	NA	NA	NA	NA
1	NA	NA	NA	NA	NA	NA	NA	NA	NA	NA	NA	NA	NA	NA	NA	NA	NA	NA	NA	NA	NA	NA	NA	NA	NA
2	NA	NA	NA	NA	NA	NA	NA	NA	NA	NA	NA	NA	NA	NA	NA	NA	NA	NA	NA	NA	NA	NA	NA	NA	NA
3	NA	NA	NA	NA	NA	NA	NA	NA	NA	NA	NA	NA	NA	NA	NA	NA	NA	NA	NA	NA	NA	NA	NA	NA	NA
4	NA	NA	NA	NA	NA	NA	NA	NA	NA	NA	NA	NA	NA	NA	NA	NA	NA	NA	NA	NA	NA	NA	NA	NA	NA
5	NA	NA	NA	NA	NA	NA	NA	NA	NA	NA	NA	NA	NA	NA	NA	NA	NA	NA	NA	NA	NA	NA	NA	NA	NA
6	NA	NA	NA	NA	NA	NA	NA	NA	NA	NA	NA	NA	NA	NA	NA	NA	NA	NA	NA	NA	NA	NA	NA	NA	NA
7	NA	NA	NA	NA	NA	NA	NA	NA	NA	NA	NA	NA	NA	NA	NA	NA	NA	NA	NA	NA	NA	NA	NA	NA	NA
8	NA	NA	NA	NA	NA	NA	NA	NA	NA	NA	NA	NA	NA	NA	NA	NA	NA	NA	NA	NA	NA	NA	NA	NA	NA
9	NA	NA	NA	NA	NA	NA	NA	NA	NA	NA	NA	NA	NA	NA	NA	NA	NA	NA	NA	NA	NA	NA	NA	NA	NA
10	0.974359	0.025641	NA	NA	NA	NA	1	NA	NA	NA	0.0166667	NA	0.966667	0.0166667	NA	NA	NA	0.0588235	0.941176	NA	NA	NA	NA	NA	1
11	0.973271	0.0138475	0.00442798	0.0082119	0.000241526	0.0779933	0.89629	0.00674536	0.0187605	0.000210793	0.0257216	0.00670998	0.914208	0.0532006	0.000159761	0.0330553	0.00648749	0.0240964	0.936361	NA	9.10996e-05	2.27749e-05	2.27749e-05	2.27749e-05	0.999841
12	0.969847	0.0157994	0.0053312	0.00887095	0.000151087	0.0567633	0.921593	0.00632469	0.0152237	9.53471e-05	0.0120778	0.00379912	0.945584	0.0384259	0.000113407	0.0113974	0.00596581	0.0235071	0.959041	8.90419e-05	4.26001e-05	2.43429e-05	1.82572e-05	4.26001e-05	0.999872
13	0.964736	0.0184813	0.00734782	0.00930129	0.000134061	0.0441275	0.9393	0.00541835	0.0109876	0.000166558	0.00818856	0.00320613	0.965162	0.0233847	5.85594e-05	0.0121834	0.00680267	0.0225184	0.95835	0.000145932	5.21862e-05	5.42328e-05	3.99071e-05	2.04652e-05	0.999833
14	0.965356	0.0189445	0.00563426	0.00991534	0.000149688	0.0363301	0.947971	0.00419124	0.0113453	0.000162591	0.0124044	0.00600372	0.949737	0.0317304	0.000124044	0.0145642	0.0106857	0.0220936	0.95246	0.000196283	7.03617e-05	4.18367e-05	4.37384e-05	5.70501e-05	0.999787
15	0.967486	0.0151191	0.00730142	0.00997756	0.000115896	0.0328771	0.948173	0.00549138	0.0134012	5.69055e-05	0.0127922	0.00548543	0.95584	0.0257975	8.52106e-05	0.0147108	0.00922611	0.0226227	0.953266	0.000174331	5.32181e-05	2.19133e-05	3.13048e-05	0.000300526	0.999593
16	0.96638	0.015041	0.00695232	0.0115265	0.000100689	0.0268512	0.95565	0.00451259	0.0129181	6.84301e-05	0.0109716	0.005142	0.958713	0.0250715	0.000102009	0.0182411	0.0121449	0.0267669	0.94269	0.000156744	7.91276e-05	3.84115e-05	2.99609e-05	5.6849e-05	0.999796
17	NA	NA	NA	NA	NA	NA	NA	NA	NA	NA	NA	NA	NA	NA	NA	NA	NA	NA	NA	NA	NA	NA	NA	NA	NA
18	1	NA	NA	NA	NA	NA	1	NA	NA	NA	NA	NA	1	NA	NA	NA	NA	NA	1	NA	NA	NA	NA	NA	1
19	1	NA	NA	NA	NA	NA	1	NA	NA	NA	NA	NA	1	NA	NA	NA	NA	NA	1	NA	NA	NA	NA	NA	1
20	0.997863	0.00160256	NA	0.000534188	NA	0.0129721	0.984357	NA	0.00267074	NA	0.00118765	NA	0.995249	0.00356295	NA	0.00222717	NA	0.00400891	0.993318	0.000445434	0.000137903	6.89513e-05	NA	NA	0.999793
21	0.994726	0.00229049	0.00254266	0.000441288	NA	0.00684341	0.991431	0.000505817	0.00113065	8.92618e-05	0.000942951	0.000221871	0.996367	0.00246831	NA	0.000605373	0.000469164	0.00233068	0.996565	3.02686e-05	2.72804e-05	1.09121e-05	1.09121e-05	2.18243e-05	0.999929
22	0.995258	0.00285672	0.00120748	0.000618466	5.89015e-05	0.00597658	0.991917	0.00112673	0.000930779	4.89884e-05	0.0013986	0.00031968	0.995205	0.002997	7.99201e-05	0.00112893	0.000492097	0.00295258	0.995311	0.000115788	8.77963e-06	1.75593e-05	1.75593e-05	2.63389e-05	0.99993
23	0.995368	0.00180423	0.00247066	0.000357596	NA	0.00576857	0.992808	0.00076096	0.000613678	4.90942e-05	0.000932157	0.000181884	0.996749	0.00213714	NA	0.000493459	0.000274144	0.00146941	0.997752	1.09658e-05	2.52753e-05	1.26376e-05	3.37004e-05	1.68502e-05	0.999912
24	0.99638	0.00187849	0.00142032	0.000229085	9.16338e-05	0.00392711	0.994109	0.000863965	0.00109959	NA	0.000943328	0.000217691	0.996154	0.00261229	7.25637e-05	0.000271656	0.000169785	0.00149411	0.99803	3.3957e-05	1.28581e-05	3.85743e-05	2.57162e-05	2.57162e-05	0.999897
25	0.99777	0.00115095	0.000755314	0.000215804	0.000107902	0.00540707	0.99275	0.000737327	0.00110599	NA	0.00130164	5.65931e-05	0.996774	0.00186757	NA	0.000506571	0.000562857	0.00140714	0.997383	0.000140714	5.14144e-05	5.14144e-05	4.11315e-05	4.11315e-05	0.999815
26	0.993934	0.00268284	0.00314942	0.000233291	NA	0.00377074	0.991704	0.00320513	0.00131976	NA	NA	0.000385877	0.999035	0.000578815	NA	0.000632911	0.000712025	0.00134494	0.997231	7.91139e-05	NA	NA	6.31333e-05	6.31333e-05	0.999874
27	0.997379	0.00119581	0.000755607	0.000603578	6.58037e-05	0.00260323	0.995761	0.000292087	0.00131074	3.28598e-05	0.00131302	0.000749383	0.994415	0.00350993	1.281e-05	0.00101676	0.00156782	0.00402067	0.993315	7.97825e-05	6.27057e-05	2.13329e-05	1.81006e-05	5.23625e-05	0.999845
28	0.998694	0.000522248	0.000156674	0.000574473	5.22248e-05	0.000691416	0.998138	0.000159557	0.00101053	NA	0.00119269	0.000277369	0.99706	0.00144232	2.77369e-05	0.000461734	0.00323214	0.000577167	0.995729	NA	3.62981e-05	1.20994e-05	1.20994e-05	0.000483974	0.999456
29	0.999709	NA	0.000290698	NA	NA	0.000460617	0.999079	NA	0.000460617	NA	0.000863111	0.000172622	0.998446	0.000517866	NA	0.000696864	NA	NA	0.999303	NA	7.78877e-05	NA	NA	NA	0.999922
30	0.998019	0.000521949	0.0011713	0.000244535	4.31532e-05	0.000822076	0.997767	0.000392732	0.00101179	6.65648e-06	0.000700758	0.000262784	0.99807	0.00096667	NA	0.000336249	0.00104177	0.00084963	0.997751	2.10156e-05	3.75976e-05	7.65878e-06	7.65878e-06	2.01913e-05	0.999927
31	0.998408	0.000479417	0.000916355	0.000161829	3.43886e-05	0.000777439	0.998216	0.000293133	0.000707342	6.37245e-06	0.000533752	0.000185781	0.99852	0.000749022	1.17956e-05	0.000247601	0.000799774	0.000775671	0.998133	4.38232e-05	3.80795e-05	1.52318e-05	6.34658e-06	4.25221e-05	0.999898
32	0.996858	0.000622493	0.00247021	4.94042e-05	NA	0.00159313	0.997314	0.000743461	0.000348971	NA	0.000210264	5.60703e-05	0.999537	0.000196246	NA	7.43405e-05	9.29256e-05	0.000576139	0.999257	NA	2.99523e-06	2.09666e-05	2.09666e-05	1.19809e-05	0.999943
33	0.997242	0.000469259	0.00221458	5.76283e-05	1.64652e-05	0.00161743	0.997616	0.000571575	0.000182417	1.21612e-05	0.000207244	3.45407e-05	0.999528	0.000230271	NA	7.91828e-05	6.59857e-05	0.000376118	0.999446	3.29928e-05	1.69013e-05	7.2434e-06	1.20723e-05	1.20723e-05	0.999952
34	0.998844	0.000276433	0.000719897	0.000112331	4.68861e-05	0.000339169	0.998856	0.000156176	0.00064521	3.15506e-06	0.000553872	0.000220147	0.998545	0.000668853	1.26199e-05	0.000121316	0.00104183	0.000648084	0.998134	5.4273e-05	4.38777e-05	1.1499e-05	9.98596e-06	4.78116e-05	0.999887
35	0.99947	0.000155836	0.000296089	4.67509e-05	3.11673e-05	0.000298329	0.999443	2.1936e-05	0.000234715	2.1936e-06	0.000367234	0.000150127	0.99894	0.000535839	6.92895e-06	5.09523e-05	0.00056647	0.000585951	0.998752	4.49579e-05	2.05276e-05	6.15828e-06	8.21104e-06	4.51607e-05	0.99992
36	0.998822	0.000224021	0.000831139	8.46463e-05	3.79449e-05	0.0003231	0.998854	0.00020961	0.000609142	4.63226e-06	0.000425092	0.000260926	0.998975	0.000331594	7.61035e-06	7.87577e-05	0.000978253	0.000405395	0.998486	5.13997e-05	4.45021e-05	1.1699e-05	1.07814e-05	5.45953e-05	0.999878
37	0.998816	0.000203168	0.000879129	5.60136e-05	4.55704e-05	0.000390889	0.998844	0.000199568	0.000560769	4.94796e-06	0.000334984	8.66625e-05	0.999108	0.000466644	3.33317e-06	6.26349e-05	0.000811569	0.000450076	0.998627	4.83183e-05	4.146e-05	1.30303e-05	1.18457e-05	3.34642e-05	0.9999
38	0.999014	0.000189254	0.000713049	4.3331e-05	4.07821e-05	0.000225677	0.9991	0.000165428	0.000503433	5.10581e-06	0.000344928	0.00016886	0.999113	0.000369639	3.0889e-06	4.72418e-05	0.000852906	0.000400917	0.998653	4.5965e-05	3.67712e-05	1.12083e-05	9.24196e-06	4.69964e-05	0.999896
39	0.999073	0.000166576	0.00067257	4.35543e-05	4.41656e-05	0.000200468	0.99909	0.000162343	0.000543847	3.44363e-06	0.000320184	0.000169495	0.99927	0.000232994	7.32686e-06	4.41584e-05	0.000802019	0.000321152	0.998783	4.98932e-05	4.40137e-05	1.26413e-05	9.41174e-06	5.36561e-05	0.99988
40	0.999376	0.000127249	0.00040441	4.16425e-05	5.05172e-05	8.7337e-05	0.999259	8.8159e-05	0.000560395	4.72647e-06	0.000313529	0.000106684	0.999496	6.98802e-05	1.37431e-05	2.96609e-05	0.000626203	0.000279184	0.999025	4.04345e-05	5.24221e-05	1.21263e-05	9.25096e-06	5.17554e-05	0.999874
