
SUMMARISING RUN PARAMETERS
==========================
Input filename: SC2216/host_removal/SC2216_R2.fastq.gz
Trimming mode: paired-end
Trim Galore version: 0.6.4_dev
Cutadapt version: 4.1
Python version: could not detect
Number of cores used for trimming: 2
Quality Phred score cutoff: 20
Quality encoding type selected: ASCII+33
Using Illumina adapter for trimming (count: 13364). Second best hit was smallRNA (count: 0)
Adapter sequence: 'AGATCGGAAGAGC' (Illumina TruSeq, Sanger iPCR; auto-detected)
Maximum trimming error rate: 0.1 (default)
Minimum required adapter overlap (stringency): 1 bp
Minimum required sequence length for both reads before a sequence pair gets removed: 20 bp
Running FastQC on the data once trimming has completed
Output file will be GZIP compressed


This is cutadapt 4.1 with Python 3.9.13
Command line parameters: -j 2 -e 0.1 -q 20 -O 1 -a AGATCGGAAGAGC SC2216/host_removal/SC2216_R2.fastq.gz
Processing single-end reads on 2 cores ...
Finished in 29.37 s (40 µs/read; 1.52 M reads/minute).

=== Summary ===

Total reads processed:                 743,119
Reads with adapters:                   248,155 (33.4%)
Reads written (passing filters):       743,119 (100.0%)

Total basepairs processed:   186,522,869 bp
Quality-trimmed:               2,713,685 bp (1.5%)
Total written (filtered):    182,303,641 bp (97.7%)

=== Adapter 1 ===

Sequence: AGATCGGAAGAGC; Type: regular 3'; Length: 13; Trimmed: 248155 times

Minimum overlap: 1
No. of allowed errors:
1-9 bp: 0; 10-13 bp: 1

Bases preceding removed adapters:
  A: 39.4%
  C: 18.9%
  G: 11.9%
  T: 29.0%
  none/other: 0.8%

Overview of removed sequences
length	count	expect	max.err	error counts
1	167003	185779.8	0	167003
2	52868	46444.9	0	52868
3	7948	11611.2	0	7948
4	2975	2902.8	0	2975
5	86	725.7	0	86
6	69	181.4	0	69
7	1810	45.4	0	1810
8	44	11.3	0	44
9	111	2.8	0	110 1
10	106	0.7	1	99 7
11	37	0.2	1	31 6
12	140	0.0	1	129 11
13	16	0.0	1	15 1
14	88	0.0	1	85 3
15	26	0.0	1	25 1
16	38	0.0	1	34 4
17	80	0.0	1	78 2
18	23	0.0	1	22 1
19	61	0.0	1	58 3
20	31	0.0	1	29 2
21	5	0.0	1	5
22	39	0.0	1	35 4
23	54	0.0	1	46 8
24	935	0.0	1	899 36
25	23	0.0	1	22 1
26	97	0.0	1	90 7
27	92	0.0	1	84 8
28	90	0.0	1	83 7
29	32	0.0	1	26 6
30	147	0.0	1	141 6
31	27	0.0	1	23 4
32	113	0.0	1	102 11
33	23	0.0	1	22 1
34	83	0.0	1	82 1
35	43	0.0	1	41 2
36	32	0.0	1	29 3
37	96	0.0	1	96
38	41	0.0	1	35 6
39	41	0.0	1	38 3
40	130	0.0	1	127 3
41	63	0.0	1	62 1
42	89	0.0	1	85 4
43	248	0.0	1	238 10
44	166	0.0	1	159 7
45	128	0.0	1	125 3
46	94	0.0	1	87 7
47	105	0.0	1	100 5
48	60	0.0	1	55 5
49	60	0.0	1	53 7
50	53	0.0	1	52 1
51	58	0.0	1	56 2
52	46	0.0	1	41 5
53	61	0.0	1	61
54	140	0.0	1	136 4
55	43	0.0	1	42 1
56	92	0.0	1	88 4
57	226	0.0	1	217 9
58	136	0.0	1	132 4
59	58	0.0	1	57 1
60	94	0.0	1	93 1
61	48	0.0	1	46 2
62	42	0.0	1	39 3
63	125	0.0	1	122 3
64	59	0.0	1	57 2
65	34	0.0	1	33 1
66	25	0.0	1	24 1
67	31	0.0	1	30 1
68	27	0.0	1	24 3
69	52	0.0	1	49 3
70	40	0.0	1	40
71	45	0.0	1	44 1
72	70	0.0	1	65 5
73	67	0.0	1	61 6
74	93	0.0	1	87 6
75	144	0.0	1	134 10
76	239	0.0	1	200 39
77	429	0.0	1	351 78
78	671	0.0	1	558 113
79	1095	0.0	1	826 269
80	1926	0.0	1	1686 240
81	1136	0.0	1	945 191
82	531	0.0	1	414 117
83	318	0.0	1	253 65
84	206	0.0	1	144 62
85	140	0.0	1	106 34
86	116	0.0	1	88 28
87	95	0.0	1	55 40
88	64	0.0	1	41 23
89	81	0.0	1	65 16
90	42	0.0	1	27 15
91	42	0.0	1	30 12
92	32	0.0	1	20 12
93	42	0.0	1	26 16
94	164	0.0	1	143 21
95	39	0.0	1	30 9
96	72	0.0	1	60 12
97	53	0.0	1	44 9
98	24	0.0	1	17 7
99	20	0.0	1	12 8
100	22	0.0	1	11 11
101	9	0.0	1	5 4
102	15	0.0	1	10 5
103	12	0.0	1	5 7
104	8	0.0	1	4 4
105	42	0.0	1	39 3
106	11	0.0	1	5 6
107	11	0.0	1	6 5
108	11	0.0	1	6 5
109	10	0.0	1	2 8
110	12	0.0	1	7 5
111	11	0.0	1	5 6
112	14	0.0	1	8 6
113	18	0.0	1	11 7
114	12	0.0	1	4 8
115	8	0.0	1	2 6
116	11	0.0	1	7 4
117	30	0.0	1	21 9
118	8	0.0	1	2 6
119	9	0.0	1	4 5
120	11	0.0	1	4 7
121	8	0.0	1	4 4
122	10	0.0	1	3 7
123	21	0.0	1	19 2
124	3	0.0	1	1 2
125	5	0.0	1	4 1
126	10	0.0	1	3 7
127	18	0.0	1	13 5
128	11	0.0	1	3 8
129	9	0.0	1	2 7
130	5	0.0	1	2 3
131	15	0.0	1	8 7
132	6	0.0	1	2 4
133	10	0.0	1	6 4
134	11	0.0	1	8 3
135	8	0.0	1	3 5
136	8	0.0	1	4 4
137	9	0.0	1	1 8
138	5	0.0	1	1 4
139	2	0.0	1	0 2
140	4	0.0	1	2 2
141	36	0.0	1	33 3
142	8	0.0	1	5 3
143	9	0.0	1	2 7
144	5	0.0	1	3 2
145	10	0.0	1	5 5
146	16	0.0	1	11 5
147	31	0.0	1	16 15
148	5	0.0	1	2 3
149	7	0.0	1	4 3
150	7	0.0	1	1 6
151	13	0.0	1	10 3
152	7	0.0	1	7
153	17	0.0	1	16 1
154	29	0.0	1	22 7
155	21	0.0	1	17 4
156	54	0.0	1	50 4
157	32	0.0	1	27 5
158	20	0.0	1	18 2
159	45	0.0	1	40 5
160	68	0.0	1	60 8
161	22	0.0	1	16 6
162	47	0.0	1	44 3
163	25	0.0	1	22 3
164	32	0.0	1	29 3
165	10	0.0	1	8 2
166	40	0.0	1	38 2
167	50	0.0	1	46 4
168	23	0.0	1	23
169	26	0.0	1	23 3
170	21	0.0	1	17 4
171	4	0.0	1	2 2
172	35	0.0	1	34 1
173	18	0.0	1	15 3
174	13	0.0	1	11 2
175	41	0.0	1	38 3
176	32	0.0	1	30 2
177	12	0.0	1	9 3
178	6	0.0	1	5 1
179	5	0.0	1	5
180	20	0.0	1	20
181	29	0.0	1	25 4
182	4	0.0	1	2 2
183	5	0.0	1	5
184	4	0.0	1	4
185	56	0.0	1	52 4
186	6	0.0	1	4 2
187	8	0.0	1	7 1
188	3	0.0	1	2 1
189	2	0.0	1	2
190	7	0.0	1	6 1
191	1	0.0	1	1
192	4	0.0	1	4
193	5	0.0	1	5
194	2	0.0	1	2
195	2	0.0	1	2
196	1	0.0	1	0 1
198	2	0.0	1	2
199	2	0.0	1	2
200	3	0.0	1	3
201	2	0.0	1	2
203	1	0.0	1	1
204	1	0.0	1	0 1
205	2	0.0	1	1 1
206	1	0.0	1	0 1
208	8	0.0	1	6 2
209	6	0.0	1	5 1
210	7	0.0	1	6 1
211	3	0.0	1	3
212	2	0.0	1	1 1
213	3	0.0	1	2 1
214	2	0.0	1	2
217	2	0.0	1	2
218	2	0.0	1	1 1
219	1	0.0	1	1
222	3	0.0	1	1 2
225	2	0.0	1	1 1
226	1	0.0	1	1
227	1	0.0	1	1
228	1	0.0	1	1
230	2	0.0	1	2
231	1	0.0	1	1
232	1	0.0	1	0 1
237	1	0.0	1	1
238	1	0.0	1	1
239	1	0.0	1	1
241	2	0.0	1	1 1
246	3	0.0	1	0 3
247	1	0.0	1	0 1
248	4	0.0	1	0 4
249	2	0.0	1	1 1
250	9	0.0	1	0 9
251	333	0.0	1	0 333

RUN STATISTICS FOR INPUT FILE: SC2216/host_removal/SC2216_R2.fastq.gz
=============================================
743119 sequences processed in total

Total number of sequences analysed for the sequence pair length validation: 743119

Number of sequence pairs removed because at least one read was shorter than the length cutoff (20 bp): 4094 (0.55%)
