
SUMMARISING RUN PARAMETERS
==========================
Input filename: SC2209/host_removal/SC2209_R1.fastq.gz
Trimming mode: paired-end
Trim Galore version: 0.6.4_dev
Cutadapt version: 4.1
Python version: could not detect
Number of cores used for trimming: 2
Quality Phred score cutoff: 20
Quality encoding type selected: ASCII+33
Using Illumina adapter for trimming (count: 10722). Second best hit was Nextera (count: 1)
Adapter sequence: 'AGATCGGAAGAGC' (Illumina TruSeq, Sanger iPCR; auto-detected)
Maximum trimming error rate: 0.1 (default)
Minimum required adapter overlap (stringency): 1 bp
Minimum required sequence length for both reads before a sequence pair gets removed: 20 bp
Running FastQC on the data once trimming has completed
Output file will be GZIP compressed


This is cutadapt 4.1 with Python 3.9.13
Command line parameters: -j 2 -e 0.1 -q 20 -O 1 -a AGATCGGAAGAGC SC2209/host_removal/SC2209_R1.fastq.gz
Processing single-end reads on 2 cores ...
Finished in 24.67 s (33 µs/read; 1.80 M reads/minute).

=== Summary ===

Total reads processed:                 738,859
Reads with adapters:                   248,450 (33.6%)
Reads written (passing filters):       738,859 (100.0%)

Total basepairs processed:   185,453,609 bp
Quality-trimmed:               1,893,957 bp (1.0%)
Total written (filtered):    182,218,180 bp (98.3%)

=== Adapter 1 ===

Sequence: AGATCGGAAGAGC; Type: regular 3'; Length: 13; Trimmed: 248450 times

Minimum overlap: 1
No. of allowed errors:
1-9 bp: 0; 10-13 bp: 1

Bases preceding removed adapters:
  A: 36.8%
  C: 18.2%
  G: 10.3%
  T: 34.3%
  none/other: 0.4%

Overview of removed sequences
length	count	expect	max.err	error counts
1	171884	184714.8	0	171884
2	57669	46178.7	0	57669
3	3832	11544.7	0	3832
4	828	2886.2	0	828
5	74	721.5	0	74
6	49	180.4	0	49
7	1434	45.1	0	1434
8	54	11.3	0	54
9	90	2.8	0	90
10	74	0.7	1	61 13
11	26	0.2	1	20 6
12	32	0.0	1	27 5
13	23	0.0	1	21 2
14	28	0.0	1	25 3
15	31	0.0	1	27 4
16	20	0.0	1	16 4
17	26	0.0	1	17 9
18	50	0.0	1	38 12
19	18	0.0	1	12 6
20	24	0.0	1	22 2
21	18	0.0	1	14 4
22	27	0.0	1	22 5
23	42	0.0	1	34 8
24	412	0.0	1	389 23
25	99	0.0	1	83 16
26	25	0.0	1	18 7
27	56	0.0	1	40 16
28	83	0.0	1	64 19
29	50	0.0	1	38 12
30	44	0.0	1	37 7
31	27	0.0	1	16 11
32	63	0.0	1	51 12
33	35	0.0	1	28 7
34	53	0.0	1	39 14
35	53	0.0	1	36 17
36	152	0.0	1	125 27
37	155	0.0	1	145 10
38	79	0.0	1	64 15
39	31	0.0	1	25 6
40	49	0.0	1	40 9
41	51	0.0	1	44 7
42	68	0.0	1	57 11
43	238	0.0	1	224 14
44	151	0.0	1	146 5
45	329	0.0	1	317 12
46	215	0.0	1	202 13
47	87	0.0	1	71 16
48	35	0.0	1	27 8
49	56	0.0	1	50 6
50	30	0.0	1	22 8
51	54	0.0	1	42 12
52	52	0.0	1	32 20
53	71	0.0	1	62 9
54	79	0.0	1	60 19
55	65	0.0	1	52 13
56	25	0.0	1	16 9
57	37	0.0	1	31 6
58	34	0.0	1	29 5
59	85	0.0	1	75 10
60	32	0.0	1	23 9
61	35	0.0	1	32 3
62	30	0.0	1	28 2
63	50	0.0	1	44 6
64	30	0.0	1	27 3
65	38	0.0	1	31 7
66	65	0.0	1	55 10
67	30	0.0	1	20 10
68	51	0.0	1	41 10
69	151	0.0	1	133 18
70	60	0.0	1	44 16
71	70	0.0	1	63 7
72	118	0.0	1	98 20
73	173	0.0	1	135 38
74	275	0.0	1	215 60
75	493	0.0	1	404 89
76	1188	0.0	1	1076 112
77	1052	0.0	1	967 85
78	576	0.0	1	519 57
79	380	0.0	1	349 31
80	250	0.0	1	230 20
81	173	0.0	1	153 20
82	118	0.0	1	96 22
83	121	0.0	1	106 15
84	97	0.0	1	84 13
85	75	0.0	1	64 11
86	97	0.0	1	82 15
87	71	0.0	1	62 9
88	65	0.0	1	59 6
89	52	0.0	1	45 7
90	36	0.0	1	31 5
91	39	0.0	1	33 6
92	44	0.0	1	42 2
93	38	0.0	1	34 4
94	108	0.0	1	98 10
95	44	0.0	1	38 6
96	64	0.0	1	54 10
97	33	0.0	1	25 8
98	26	0.0	1	21 5
99	31	0.0	1	28 3
100	27	0.0	1	26 1
101	17	0.0	1	15 2
102	10	0.0	1	8 2
103	14	0.0	1	11 3
104	22	0.0	1	16 6
105	26	0.0	1	22 4
106	34	0.0	1	28 6
107	30	0.0	1	23 7
108	26	0.0	1	20 6
109	31	0.0	1	20 11
110	12	0.0	1	10 2
111	79	0.0	1	75 4
112	28	0.0	1	25 3
113	34	0.0	1	32 2
114	28	0.0	1	28
115	17	0.0	1	12 5
116	20	0.0	1	16 4
117	26	0.0	1	19 7
118	24	0.0	1	22 2
119	7	0.0	1	6 1
120	6	0.0	1	2 4
121	14	0.0	1	11 3
122	15	0.0	1	10 5
123	15	0.0	1	13 2
124	11	0.0	1	7 4
125	8	0.0	1	6 2
126	25	0.0	1	21 4
127	48	0.0	1	46 2
128	11	0.0	1	9 2
129	21	0.0	1	19 2
130	11	0.0	1	8 3
131	12	0.0	1	8 4
132	11	0.0	1	7 4
133	21	0.0	1	19 2
134	26	0.0	1	21 5
135	14	0.0	1	12 2
136	23	0.0	1	19 4
137	13	0.0	1	12 1
138	5	0.0	1	3 2
139	8	0.0	1	6 2
140	9	0.0	1	6 3
141	10	0.0	1	7 3
142	12	0.0	1	5 7
143	6	0.0	1	2 4
144	8	0.0	1	6 2
145	14	0.0	1	6 8
146	6	0.0	1	2 4
147	35	0.0	1	32 3
148	13	0.0	1	10 3
149	20	0.0	1	17 3
150	16	0.0	1	10 6
151	21	0.0	1	18 3
152	15	0.0	1	10 5
153	24	0.0	1	19 5
154	46	0.0	1	41 5
155	13	0.0	1	9 4
156	72	0.0	1	68 4
157	36	0.0	1	31 5
158	21	0.0	1	14 7
159	20	0.0	1	16 4
160	28	0.0	1	25 3
161	31	0.0	1	27 4
162	15	0.0	1	11 4
163	15	0.0	1	13 2
164	12	0.0	1	8 4
165	28	0.0	1	19 9
166	51	0.0	1	46 5
167	47	0.0	1	43 4
168	30	0.0	1	29 1
169	22	0.0	1	19 3
170	10	0.0	1	7 3
171	4	0.0	1	2 2
172	30	0.0	1	27 3
173	14	0.0	1	14
174	13	0.0	1	10 3
175	42	0.0	1	36 6
176	15	0.0	1	14 1
177	11	0.0	1	9 2
178	13	0.0	1	7 6
179	5	0.0	1	5
180	8	0.0	1	8
181	35	0.0	1	31 4
182	6	0.0	1	2 4
183	10	0.0	1	8 2
184	7	0.0	1	4 3
185	28	0.0	1	25 3
186	8	0.0	1	5 3
187	5	0.0	1	4 1
188	15	0.0	1	9 6
189	15	0.0	1	13 2
190	15	0.0	1	13 2
191	6	0.0	1	6
192	10	0.0	1	9 1
193	8	0.0	1	6 2
194	8	0.0	1	5 3
195	4	0.0	1	3 1
196	11	0.0	1	8 3
197	11	0.0	1	10 1
198	7	0.0	1	5 2
199	8	0.0	1	7 1
200	12	0.0	1	10 2
201	7	0.0	1	7
202	11	0.0	1	8 3
203	19	0.0	1	19
204	5	0.0	1	5
205	7	0.0	1	6 1
206	13	0.0	1	13
207	13	0.0	1	12 1
208	14	0.0	1	13 1
209	21	0.0	1	20 1
210	26	0.0	1	22 4
211	12	0.0	1	11 1
212	10	0.0	1	9 1
213	6	0.0	1	6
214	8	0.0	1	8
215	19	0.0	1	18 1
216	6	0.0	1	4 2
217	10	0.0	1	8 2
219	2	0.0	1	2
220	2	0.0	1	0 2
222	2	0.0	1	2
223	2	0.0	1	1 1
224	2	0.0	1	1 1
225	1	0.0	1	0 1
226	2	0.0	1	0 2
230	1	0.0	1	0 1
236	2	0.0	1	2
239	1	0.0	1	0 1
241	1	0.0	1	0 1
242	1	0.0	1	0 1
243	2	0.0	1	0 2
244	3	0.0	1	0 3
245	5	0.0	1	0 5
247	2	0.0	1	0 2
248	4	0.0	1	0 4
249	1	0.0	1	0 1
250	15	0.0	1	0 15
251	212	0.0	1	0 212

RUN STATISTICS FOR INPUT FILE: SC2209/host_removal/SC2209_R1.fastq.gz
=============================================
738859 sequences processed in total

