quality	AA	AC	AG	AT	A.	CA	CC	CG	CT	C.	GA	GC	GG	GT	G.	TA	TC	TG	TT	T.	.A	.C	.G	.T	..
0	NA	NA	NA	NA	NA	NA	NA	NA	NA	NA	NA	NA	NA	NA	NA	NA	NA	NA	NA	NA	NA	NA	NA	NA	NA
1	NA	NA	NA	NA	NA	NA	NA	NA	NA	NA	NA	NA	NA	NA	NA	NA	NA	NA	NA	NA	NA	NA	NA	NA	NA
2	NA	NA	NA	NA	NA	NA	NA	NA	NA	NA	NA	NA	NA	NA	NA	NA	NA	NA	NA	NA	NA	NA	NA	NA	NA
3	NA	NA	NA	NA	NA	NA	NA	NA	NA	NA	NA	NA	NA	NA	NA	NA	NA	NA	NA	NA	NA	NA	NA	NA	NA
4	NA	NA	NA	NA	NA	NA	NA	NA	NA	NA	NA	NA	NA	NA	NA	NA	NA	NA	NA	NA	NA	NA	NA	NA	NA
5	NA	NA	NA	NA	NA	NA	NA	NA	NA	NA	NA	NA	NA	NA	NA	NA	NA	NA	NA	NA	NA	NA	NA	NA	NA
6	NA	NA	NA	NA	NA	NA	NA	NA	NA	NA	NA	NA	NA	NA	NA	NA	NA	NA	NA	NA	NA	NA	NA	NA	NA
7	NA	NA	NA	NA	NA	NA	NA	NA	NA	NA	NA	NA	NA	NA	NA	NA	NA	NA	NA	NA	NA	NA	NA	NA	NA
8	NA	NA	NA	NA	NA	NA	NA	NA	NA	NA	NA	NA	NA	NA	NA	NA	NA	NA	NA	NA	NA	NA	NA	NA	NA
9	NA	NA	NA	NA	NA	NA	NA	NA	NA	NA	NA	NA	NA	NA	NA	NA	NA	NA	NA	NA	NA	NA	NA	NA	NA
10	0.961538	NA	NA	0.0384615	NA	NA	1	NA	NA	NA	NA	NA	1	NA	NA	NA	NA	NA	1	NA	NA	NA	NA	NA	1
11	0.976911	0.0115445	0.00124805	0.0102964	NA	0.045227	0.939237	0.00362506	0.0119109	NA	0.0137915	0.00356676	0.947925	0.0347164	NA	0.0246827	0.000705219	0.0155148	0.959097	NA	NA	4.53906e-05	NA	0.000181562	0.999773
12	0.974818	0.0161663	0.00350862	0.00546278	4.44129e-05	0.0465783	0.935441	0.00434008	0.0134852	0.000155003	0.00956517	0.00405056	0.962911	0.0233761	9.76038e-05	0.0121482	0.00541256	0.0168391	0.96554	6.01395e-05	0.000151716	2.75847e-05	5.51694e-05	0.000124131	0.999641
13	0.968371	0.0176715	0.00548986	0.00838098	8.66251e-05	0.033457	0.953591	0.00382602	0.0090102	0.00011594	0.00869565	0.00426545	0.965437	0.0214737	0.000128146	0.0129101	0.00942905	0.0214072	0.95613	0.000123345	0.000271533	3.21553e-05	3.93009e-05	6.78833e-05	0.999589
14	0.962719	0.0181374	0.00635649	0.0120978	0.000689707	0.0360826	0.939371	0.00669947	0.0176521	0.00019459	0.0143421	0.00765763	0.947395	0.0304257	0.000179276	0.0137355	0.0112836	0.0201152	0.954604	0.000261855	7.03998e-05	6.45332e-05	6.45332e-05	0.000510399	0.99929
15	0.970078	0.0131087	0.00715597	0.00956241	9.49908e-05	0.0285637	0.93818	0.00807725	0.0249086	0.000270746	0.0129483	0.00950163	0.951747	0.025524	0.00027946	0.0191867	0.00892596	0.0235662	0.948113	0.000208551	5.75639e-05	0.000566045	0.00014391	6.71579e-05	0.999165
16	0.965299	0.0143943	0.00867351	0.0115376	9.59622e-05	0.0253066	0.952196	0.00554856	0.0169021	4.66266e-05	0.013741	0.00619359	0.953148	0.0266471	0.000270758	0.0188723	0.0123828	0.0279166	0.940496	0.000332138	0.000168587	7.49274e-05	3.98052e-05	0.000266929	0.99945
17	NA	NA	NA	NA	NA	NA	NA	NA	NA	NA	NA	NA	NA	NA	NA	NA	NA	NA	NA	NA	NA	NA	NA	NA	NA
18	1	NA	NA	NA	NA	NA	1	NA	NA	NA	NA	NA	1	NA	NA	NA	NA	NA	1	NA	NA	NA	NA	NA	1
19	1	NA	NA	NA	NA	NA	1	NA	NA	NA	NA	NA	1	NA	NA	NA	NA	NA	1	NA	NA	NA	NA	NA	1
20	0.997603	0.000599161	0.000599161	0.00119832	NA	0.00941915	0.987441	0.00156986	0.000784929	0.000784929	0.000960615	NA	0.995677	0.00336215	NA	0.000846024	NA	0.00253807	0.996616	NA	NA	NA	0.000161186	NA	0.999839
21	0.996574	0.00249128	0.000249128	0.000685102	NA	0.0050665	0.993215	0.000452366	0.00126662	NA	0.00093423	NA	0.997384	0.00158819	9.3423e-05	0.000486334	0.000534967	0.00184807	0.997131	NA	0.000531559	NA	NA	1.71471e-05	0.999451
22	0.997032	0.00192039	0.000611034	0.000436453	NA	0.00394811	0.994219	0.000282008	0.00155104	NA	0.00170895	NA	0.996056	0.00223478	NA	0.00116245	0.00387484	0.00174368	0.993122	9.68711e-05	5.49104e-05	2.74552e-05	NA	8.23655e-05	0.999835
23	0.997539	0.00146718	0.00056794	0.000425955	NA	0.0025836	0.996235	0.000221451	0.000959622	NA	0.0013636	0.000320847	0.997032	0.00112296	0.000160424	0.000559636	0.000944386	0.0010843	0.997377	3.49773e-05	0.000462669	1.32191e-05	1.32191e-05	2.64382e-05	0.999484
24	0.998109	0.00130947	0.000290994	0.000290994	NA	0.00207846	0.996103	0.000519615	0.00129904	NA	NA	0.000826902	0.997244	0.0016538	0.000275634	NA	0.000464792	0.000813386	0.998722	NA	8.72943e-05	NA	NA	4.36472e-05	0.999869
25	0.997179	0.00101557	0.00157978	0.000225683	NA	0.00419927	0.993892	0.000381752	0.00152701	NA	0.00146226	0.000548346	0.995248	0.00274173	NA	0.000543872	0.00661711	0.00108774	0.991661	9.06454e-05	9.81804e-05	NA	NA	0.000163634	0.999738
26	0.995221	0.000637146	0.00318573	0.000637146	0.000318573	0.00184957	0.997534	NA	0.000616523	NA	NA	NA	0.996203	0.00379651	NA	NA	0.000980152	0.000490076	0.99853	NA	0.000197414	NA	NA	NA	0.999803
27	0.994043	0.00277191	0.00237131	0.000613826	0.000200301	0.00252393	0.994188	0.000784329	0.00247365	3.01665e-05	0.0017596	0.00111808	0.993887	0.00321676	1.83291e-05	0.000913045	0.0014425	0.00398174	0.993511	0.000151274	0.000103567	7.21267e-05	3.51387e-05	0.000336591	0.999453
28	0.998678	0.000600817	0.000600817	0.000120163	NA	0.000714898	0.997569	0.000285959	0.0014298	NA	0.00123601	0.00338277	0.994145	0.00123601	NA	NA	0.000682439	0.00136488	0.997953	NA	NA	5.70825e-05	NA	NA	0.999943
29	1	NA	NA	NA	NA	0.000714796	0.999285	NA	NA	NA	0.000313775	NA	0.999686	NA	NA	NA	NA	NA	1	NA	NA	NA	NA	NA	1
30	0.996797	0.00131976	0.00139602	0.000351937	0.000134909	0.000461123	0.996717	0.000885356	0.00192749	9.22245e-06	0.00121494	0.000237705	0.997623	0.000915606	8.8039e-06	0.000430897	0.00122375	0.000758379	0.997509	7.75615e-05	0.000112477	9.27439e-05	1.97327e-05	0.000193381	0.999582
31	0.997432	0.000821369	0.00146751	0.000158798	0.000120467	0.000423116	0.997408	0.000766898	0.00140157	NA	0.000668161	0.000440008	0.998264	0.000627419	NA	0.000212523	0.00113548	0.000595065	0.99796	9.71534e-05	0.000136427	6.47153e-05	1.92397e-05	0.000206389	0.999573
32	0.999363	0.000289352	0.000260417	8.68056e-05	NA	0.000253207	0.999536	NA	0.000168805	4.22012e-05	0.000249242	8.30806e-05	0.999211	0.000456943	NA	5.46478e-05	0.000273239	0.000191267	0.999481	NA	0.000503574	NA	2.65039e-05	8.83462e-06	0.999461
33	0.999286	0.000497437	0.000216277	NA	NA	0.000280564	0.999509	NA	0.000210423	NA	9.57671e-05	3.19224e-05	0.999585	0.000223457	6.38447e-05	9.07622e-05	0.000399354	0.000272287	0.999238	NA	0.000348516	NA	NA	NA	0.999651
34	0.996161	0.0015931	0.00198745	0.00012797	0.000130582	0.000161044	0.997295	0.000751538	0.001788	4.12933e-06	0.000767739	0.000437648	0.99845	0.000333799	1.11266e-05	0.000158765	0.00116721	0.000632119	0.997924	0.000117603	8.04438e-05	7.47558e-05	1.38136e-05	0.000263271	0.999568
35	0.996797	0.00146056	0.00166215	3.04284e-05	4.94462e-05	0.000255908	0.998894	0.000174017	0.000675596	NA	0.000332975	0.000337475	0.999204	0.00012599	NA	2.99839e-05	0.00096698	0.00063341	0.998302	6.74637e-05	1.62614e-05	1.7423e-05	6.96918e-06	0.000134738	0.999825
36	0.997444	0.000919232	0.00143896	8.13807e-05	0.000116522	7.47845e-05	0.997987	0.00071494	0.00122347	NA	0.000648047	0.000553886	0.998646	0.00014678	5.53886e-06	7.69145e-05	0.00112594	0.000318341	0.998346	0.000132464	0.000138013	5.2856e-05	1.8206e-05	0.000233741	0.999557
37	0.996303	0.000697293	0.00282549	6.295e-05	0.000111373	0.00012314	0.998026	0.000743084	0.00110826	NA	0.000702241	0.000189914	0.998989	9.71654e-05	2.2083e-05	6.26856e-05	0.00119335	0.000334323	0.998287	0.000123049	0.000149468	5.13556e-05	1.45635e-05	0.000287438	0.999497
38	0.995946	0.00105892	0.00280484	4.6107e-05	0.000144468	5.94863e-05	0.998357	0.000629564	0.000949303	4.95719e-06	0.000605318	0.000421738	0.998881	7.44243e-05	1.73657e-05	3.52766e-05	0.00101995	0.000335895	0.998526	8.28234e-05	0.00012811	6.07335e-05	1.56578e-05	0.000253847	0.999542
39	0.99674	0.00122083	0.00188215	4.18257e-05	0.000115192	3.43955e-05	0.998192	0.000629104	0.0011406	3.88336e-06	0.000629457	0.000533039	0.998795	3.61568e-05	6.02614e-06	3.98065e-05	0.00085982	0.000340743	0.998645	0.000114961	9.97195e-05	4.91881e-05	1.46737e-05	0.00024129	0.999595
40	0.997301	0.00132986	0.00120883	3.822e-05	0.00012201	2.04647e-05	0.998343	0.000446632	0.001183	6.46253e-06	0.000621829	0.000352024	0.998993	2.07542e-05	1.27718e-05	3.62174e-05	0.00047195	0.000350476	0.999058	8.34574e-05	6.06982e-05	4.40388e-05	1.54281e-05	0.000147255	0.999733
