quality	AA	AC	AG	AT	A.	CA	CC	CG	CT	C.	GA	GC	GG	GT	G.	TA	TC	TG	TT	T.	.A	.C	.G	.T	..
0	NA	NA	NA	NA	NA	NA	NA	NA	NA	NA	NA	NA	NA	NA	NA	NA	NA	NA	NA	NA	NA	NA	NA	NA	NA
1	NA	NA	NA	NA	NA	NA	NA	NA	NA	NA	NA	NA	NA	NA	NA	NA	NA	NA	NA	NA	NA	NA	NA	NA	NA
2	NA	NA	NA	NA	NA	NA	NA	NA	NA	NA	NA	NA	NA	NA	NA	NA	NA	NA	NA	NA	NA	NA	NA	NA	NA
3	NA	NA	NA	NA	NA	NA	NA	NA	NA	NA	NA	NA	NA	NA	NA	NA	NA	NA	NA	NA	NA	NA	NA	NA	NA
4	NA	NA	NA	NA	NA	NA	NA	NA	NA	NA	NA	NA	NA	NA	NA	NA	NA	NA	NA	NA	NA	NA	NA	NA	NA
5	NA	NA	NA	NA	NA	NA	NA	NA	NA	NA	NA	NA	NA	NA	NA	NA	NA	NA	NA	NA	NA	NA	NA	NA	NA
6	NA	NA	NA	NA	NA	NA	NA	NA	NA	NA	NA	NA	NA	NA	NA	NA	NA	NA	NA	NA	NA	NA	NA	NA	NA
7	NA	NA	NA	NA	NA	NA	NA	NA	NA	NA	NA	NA	NA	NA	NA	NA	NA	NA	NA	NA	NA	NA	NA	NA	NA
8	NA	NA	NA	NA	NA	NA	NA	NA	NA	NA	NA	NA	NA	NA	NA	NA	NA	NA	NA	NA	NA	NA	NA	NA	NA
9	NA	NA	NA	NA	NA	NA	NA	NA	NA	NA	NA	NA	NA	NA	NA	NA	NA	NA	NA	NA	NA	NA	NA	NA	NA
10	NA	NA	NA	NA	NA	NA	NA	NA	NA	NA	NA	NA	NA	NA	NA	NA	NA	NA	NA	NA	NA	NA	NA	NA	NA
11	0.977884	0.00607112	0.00216826	0.0138768	NA	0.0518868	0.924004	0.00419287	0.0199161	NA	0.015882	0.00453772	0.955474	0.0241066	NA	0.0562771	0.00649351	0.0108225	0.926407	NA	NA	0.000121921	NA	0.000243843	0.999634
12	0.975102	0.0128124	0.00454339	0.00736029	0.000181736	0.0360996	0.9426	0.004426	0.0167358	0.000138313	0.0110334	0.00520273	0.957212	0.0263724	0.000179404	0.0170313	0.00877768	0.0151972	0.958994	NA	2.70299e-05	2.70299e-05	0.00018921	0.00016218	0.999595
13	0.964011	0.0175278	0.00700145	0.0113633	9.65717e-05	0.0285597	0.954426	0.00488903	0.0120047	0.000121016	0.0105453	0.00537705	0.958341	0.0256323	0.000104409	0.0176117	0.0154799	0.0235287	0.9432	0.000179304	0.000307938	2.60964e-05	6.78507e-05	3.6535e-05	0.999562
14	0.961763	0.0168327	0.00824459	0.012499	0.000660624	0.0309686	0.943474	0.00758414	0.0176963	0.000276505	0.0171418	0.00647908	0.946872	0.0293225	0.000185117	0.0191327	0.0161302	0.0223797	0.941869	0.000488793	7.58892e-05	3.37285e-05	7.58892e-05	0.000615545	0.999199
15	0.975398	0.00853798	0.00545727	0.0104744	0.000132031	0.0126946	0.972626	0.00370912	0.0109706	NA	0.0103379	0.00639582	0.963958	0.0192679	4.02253e-05	0.0293768	0.0128133	0.0299394	0.92762	0.000250016	6.37389e-05	0.000191217	2.54956e-05	7.64867e-05	0.999643
16	0.962796	0.0132402	0.0109423	0.0129119	0.000109423	0.0172861	0.960928	0.00478583	0.0168099	0.000190481	0.0147806	0.00655876	0.953878	0.0247125	7.02724e-05	0.0171496	0.011753	0.0173488	0.953459	0.00028975	0.00025039	0.000152198	8.83731e-05	0.00025039	0.999259
17	NA	NA	NA	NA	NA	NA	NA	NA	NA	NA	NA	NA	NA	NA	NA	NA	NA	NA	NA	NA	NA	NA	NA	NA	NA
18	NA	NA	NA	NA	NA	NA	NA	NA	NA	NA	NA	NA	NA	NA	NA	NA	NA	NA	NA	NA	NA	NA	NA	NA	NA
19	NA	NA	NA	NA	NA	NA	NA	NA	NA	NA	NA	NA	NA	NA	NA	NA	NA	NA	NA	NA	NA	NA	NA	NA	NA
20	1	NA	NA	NA	NA	0.00770713	0.992293	NA	NA	NA	0.00371402	NA	0.990715	0.00557103	NA	0.00179533	NA	NA	0.998205	NA	NA	0.000348675	NA	NA	0.999651
21	0.997215	0.00227848	0.000126582	0.000379747	NA	0.00325145	0.996026	NA	0.000722543	NA	0.00125561	0.000358744	0.996233	0.00215247	NA	0.000876347	0.000876347	0.00113925	0.997108	NA	0.000329077	NA	6.58155e-05	NA	0.999605
22	0.99542	0.00246624	0.00140928	0.000704639	NA	0.0047532	0.993236	0.000365631	0.00164534	NA	0.00227233	0.00122356	0.993008	0.00349589	NA	0.0018498	0.00493279	0.00172648	0.991368	0.00012332	0.000215975	3.59958e-05	NA	3.59958e-05	0.999712
23	0.996989	0.00117483	0.0011014	0.000587415	0.000146854	0.00255517	0.995587	0.000696864	0.0010453	0.000116144	0.00145068	0.000604449	0.995406	0.00241779	0.00012089	0.00101501	0.0012287	0.0019766	0.995726	5.34217e-05	0.00028501	NA	2.03579e-05	2.03579e-05	0.999674
24	0.998467	0.00115009	NA	0.000383362	NA	0.00436535	0.992948	0.000671592	0.00201478	NA	0.00136379	NA	0.997272	0.00136379	NA	0.000281373	0.00182893	0.0021103	0.995779	NA	0.000164736	5.49119e-05	NA	NA	0.99978
25	0.995997	0.000903926	0.00206612	0.000903926	0.000129132	0.00267499	0.995542	0.000445831	0.00133749	NA	0.00138185	0.000460617	0.994012	0.00414556	NA	0.000713703	0.00723899	0.00173328	0.990314	NA	0.00015197	NA	NA	3.79925e-05	0.99981
26	0.99822	0.00124622	0.000356062	0.000178031	NA	0.000629525	0.998111	NA	0.00125905	NA	0.00290818	NA	0.993353	0.00373909	NA	0.000384517	0.00281979	0.00140989	0.995386	NA	0.000105535	NA	NA	0.000105535	0.999789
27	0.994353	0.00226307	0.00198783	0.00127425	0.000122328	0.0012386	0.99472	0.00125408	0.0027404	4.64475e-05	0.00218139	0.00152036	0.992663	0.00358276	5.28821e-05	0.000848567	0.00165748	0.00356081	0.993782	0.00015068	8.38453e-05	7.22804e-05	3.46946e-05	0.000300687	0.999508
28	0.997048	0.000787247	0.00137768	0.000787247	NA	0.00022779	0.999089	NA	0.000683371	NA	0.00197731	0.0027058	0.99386	0.00145697	NA	0.00100874	0.000336247	0.00168124	0.996974	NA	4.53947e-05	NA	NA	NA	0.999955
29	1	NA	NA	NA	NA	NA	0.997015	NA	0.00298507	NA	NA	NA	1	NA	NA	NA	NA	NA	1	NA	NA	NA	NA	NA	1
30	0.996419	0.00141718	0.00151166	0.000614111	3.77915e-05	0.000293998	0.996892	0.000797995	0.00200199	1.39999e-05	0.0013976	0.000386003	0.997338	0.000865179	1.33104e-05	0.000706734	0.00178847	0.000533656	0.996841	0.000129808	0.000146427	6.23096e-05	3.73857e-05	0.000174467	0.999579
31	0.997419	0.00053064	0.00157584	0.0003618	0.00011256	0.000146773	0.997652	0.00079502	0.00136988	3.66932e-05	0.000990742	0.000626331	0.997893	0.000489677	NA	0.000362776	0.0013332	0.000725551	0.997497	8.16245e-05	0.000120694	7.29193e-05	3.77169e-05	0.000183555	0.999585
32	0.999263	0.000163706	0.000532046	4.09266e-05	NA	0.000465116	0.999186	5.81395e-05	0.000290698	NA	0.000216205	5.40511e-05	0.999514	0.000216205	NA	0.000113024	0.000301398	0.000188374	0.999397	NA	0.000468972	NA	2.34486e-05	NA	0.999508
33	0.999325	0.000309328	0.000281207	8.43621e-05	NA	0.000180091	0.999505	NA	0.000315159	NA	0.000326878	NA	0.999428	0.000245158	NA	6.55523e-05	0.00028406	0.000502567	0.999148	NA	0.000246804	NA	1.64536e-05	8.2268e-06	0.999729
34	0.996433	0.00148324	0.00167551	0.000262902	0.000145185	0.000145065	0.997673	0.000646748	0.00151109	2.41775e-05	0.000998296	0.00052085	0.998128	0.000330957	2.17021e-05	0.000158214	0.00152228	0.000658514	0.997588	7.26931e-05	7.28771e-05	6.45141e-05	3.58412e-05	0.000256862	0.99957
35	0.997852	0.0010975	0.000936657	7.56895e-05	3.78447e-05	5.15909e-05	0.99922	0.000180568	0.000535256	1.28977e-05	0.00040396	0.000379101	0.999055	0.000155369	6.21477e-06	3.64754e-05	0.00112618	0.000702151	0.998049	8.6629e-05	3.06313e-05	1.53156e-05	1.0721e-05	0.000102615	0.999841
36	0.997255	0.000955753	0.00144634	0.000198268	0.000144888	6.8861e-05	0.998133	0.000660256	0.00112608	1.21519e-05	0.000792984	0.000624107	0.998381	0.000183561	1.83561e-05	0.000128693	0.00100322	0.000353907	0.998394	0.000119919	0.00014282	6.22345e-05	3.98939e-05	0.000208246	0.999547
37	0.997013	0.000671817	0.00204509	0.000141609	0.000128436	3.45294e-05	0.998176	0.000730872	0.00104739	1.15098e-05	0.000673261	0.00022442	0.998966	0.000135833	NA	6.49771e-05	0.00143259	0.000389862	0.998032	8.04478e-05	0.000138281	8.25557e-05	3.40542e-05	0.000262114	0.999483
38	0.996381	0.000858356	0.00249967	0.000129527	0.00013146	5.27585e-05	0.998349	0.000564826	0.00101483	1.86206e-05	0.000655852	0.00056391	0.998694	7.04888e-05	1.53237e-05	6.97547e-05	0.00116258	0.000379776	0.998289	9.88192e-05	0.000127948	7.3198e-05	2.91602e-05	0.000233877	0.999536
39	0.996023	0.00119263	0.00250661	0.000141201	0.000136144	4.30956e-05	0.998253	0.000683741	0.00100664	1.35076e-05	0.000572807	0.000653222	0.998704	5.69095e-05	1.29902e-05	5.00981e-05	0.000940972	0.000326001	0.998567	0.000115806	0.000121334	7.16225e-05	3.89919e-05	0.000237014	0.999531
40	0.996929	0.00136772	0.00142091	0.00015351	0.000129191	4.73865e-05	0.998322	0.000447634	0.0011683	1.46673e-05	0.000696953	0.000311884	0.998904	6.29945e-05	2.37773e-05	4.60091e-05	0.000475308	0.00030613	0.999079	9.39874e-05	8.70661e-05	8.02552e-05	5.19332e-05	0.000184803	0.999596
