quality	AA	AC	AG	AT	A.	CA	CC	CG	CT	C.	GA	GC	GG	GT	G.	TA	TC	TG	TT	T.	.A	.C	.G	.T	..
0	NA	NA	NA	NA	NA	NA	NA	NA	NA	NA	NA	NA	NA	NA	NA	NA	NA	NA	NA	NA	NA	NA	NA	NA	NA
1	NA	NA	NA	NA	NA	NA	NA	NA	NA	NA	NA	NA	NA	NA	NA	NA	NA	NA	NA	NA	NA	NA	NA	NA	NA
2	NA	NA	NA	NA	NA	NA	NA	NA	NA	NA	NA	NA	NA	NA	NA	NA	NA	NA	NA	NA	NA	NA	NA	NA	NA
3	NA	NA	NA	NA	NA	NA	NA	NA	NA	NA	NA	NA	NA	NA	NA	NA	NA	NA	NA	NA	NA	NA	NA	NA	NA
4	NA	NA	NA	NA	NA	NA	NA	NA	NA	NA	NA	NA	NA	NA	NA	NA	NA	NA	NA	NA	NA	NA	NA	NA	NA
5	NA	NA	NA	NA	NA	NA	NA	NA	NA	NA	NA	NA	NA	NA	NA	NA	NA	NA	NA	NA	NA	NA	NA	NA	NA
6	NA	NA	NA	NA	NA	NA	NA	NA	NA	NA	NA	NA	NA	NA	NA	NA	NA	NA	NA	NA	NA	NA	NA	NA	NA
7	NA	NA	NA	NA	NA	NA	NA	NA	NA	NA	NA	NA	NA	NA	NA	NA	NA	NA	NA	NA	NA	NA	NA	NA	NA
8	NA	NA	NA	NA	NA	NA	NA	NA	NA	NA	NA	NA	NA	NA	NA	NA	NA	NA	NA	NA	NA	NA	NA	NA	NA
9	NA	NA	NA	NA	NA	NA	NA	NA	NA	NA	NA	NA	NA	NA	NA	NA	NA	NA	NA	NA	NA	NA	NA	NA	NA
10	NA	NA	NA	NA	NA	NA	NA	NA	NA	NA	NA	NA	NA	NA	NA	NA	NA	NA	NA	NA	NA	NA	NA	NA	NA
11	0.968641	0.0160666	0.00464576	0.0100658	0.00058072	0.0599836	0.923035	0.00547795	0.0112298	0.000273898	0.0240011	0.00817618	0.933008	0.0348147	NA	0.0373066	0.0136488	0.0254777	0.922657	0.000909918	NA	NA	NA	NA	1
12	0.973535	0.0116149	0.00572448	0.00904302	8.29635e-05	0.0397506	0.942545	0.00523327	0.0123594	0.000111346	0.0123744	0.00551746	0.952575	0.0293095	0.00022325	0.0140141	0.00710573	0.0263175	0.952431	0.000131588	2.25764e-05	3.38646e-05	5.64411e-05	3.38646e-05	0.999853
13	0.965208	0.016095	0.00715154	0.0114179	0.000127992	0.0285225	0.955116	0.0045844	0.011641	0.000136012	0.00916387	0.00419276	0.96485	0.0216761	0.000117486	0.013853	0.00977595	0.0238498	0.952414	0.000107289	3.95433e-05	2.96575e-05	1.48288e-05	4.44863e-05	0.999871
14	0.962739	0.0166124	0.00717063	0.0132999	0.000178522	0.0290289	0.95169	0.00475157	0.0144839	4.58351e-05	0.0179489	0.00677345	0.943214	0.0319786	8.52006e-05	0.0185331	0.0121056	0.0217977	0.947348	0.000215944	6.66018e-05	4.12297e-05	4.44012e-05	6.66018e-05	0.999781
15	0.977266	0.0085667	0.00517916	0.00888287	0.00010539	0.0113312	0.976934	0.00252177	0.00906156	0.000151306	0.0146966	0.00618524	0.953443	0.0256397	3.52435e-05	0.0230623	0.0163609	0.0250497	0.93518	0.000346628	6.08651e-05	2.34097e-05	4.21374e-05	6.55471e-05	0.999808
16	0.96444	0.011872	0.00925122	0.0142576	0.0001792	0.0175328	0.962314	0.00479492	0.0151399	0.000218364	0.0166036	0.00731728	0.950817	0.0251161	0.000146174	0.0174673	0.0119869	0.0180625	0.952285	0.000198414	0.000105349	4.35925e-05	4.17762e-05	8.71851e-05	0.999722
17	NA	NA	NA	NA	NA	NA	NA	NA	NA	NA	NA	NA	NA	NA	NA	NA	NA	NA	NA	NA	NA	NA	NA	NA	NA
18	NA	NA	NA	NA	NA	NA	NA	NA	NA	NA	NA	NA	NA	NA	NA	NA	NA	NA	NA	NA	NA	NA	NA	NA	NA
19	NA	NA	NA	NA	NA	NA	NA	NA	NA	NA	NA	NA	NA	NA	NA	NA	NA	NA	NA	NA	NA	NA	NA	NA	NA
20	0.996998	NA	0.00050025	0.002001	0.00050025	0.0038432	0.995388	NA	0.00076864	NA	0.00154083	0.000308166	0.995378	0.0027735	NA	0.00190961	NA	0.00381922	0.994271	NA	NA	NA	NA	NA	1
21	0.997468	0.00111067	0.00079968	0.00053312	8.88533e-05	0.00250586	0.995969	0.000599226	0.000926077	NA	0.00131454	0.000578399	0.996687	0.00141971	NA	0.00106551	0.000517535	0.00222236	0.996164	3.04433e-05	2.15759e-05	1.0788e-05	1.0788e-05	1.0788e-05	0.999946
22	0.996542	0.00168677	0.000885553	0.000759045	0.000126508	0.00349228	0.994023	0.000873069	0.00154466	6.71592e-05	0.0014236	0.000579985	0.994938	0.00300538	5.27259e-05	0.00169562	0.000951199	0.00347395	0.993755	0.000124069	4.89506e-05	1.22377e-05	NA	1.22377e-05	0.999927
23	0.996703	0.00157917	0.000775731	0.00083114	0.000110819	0.00162013	0.996609	0.000941939	0.000828906	NA	0.00113258	0.000530898	0.99593	0.00233595	7.07864e-05	0.00127861	0.000864413	0.00149471	0.996326	3.60172e-05	6.8327e-06	2.04981e-05	2.04981e-05	2.73308e-05	0.999925
24	0.997686	0.000981767	0.000771388	0.000490884	7.01262e-05	0.00161882	0.996115	0.000863371	0.00140298	NA	0.000924025	0.000513347	0.996304	0.00225873	NA	0.00103945	0.000566974	0.00151193	0.996882	NA	5.51339e-05	1.8378e-05	NA	3.67559e-05	0.99989
25	0.997141	0.00090298	0.00105348	0.000802649	0.000100331	0.00183647	0.996487	0.000638774	0.00103801	NA	0.00173345	0.00120008	0.994866	0.00213348	6.66711e-05	0.0013264	0.000907536	0.0013613	0.996335	6.98105e-05	1.31439e-05	2.62878e-05	3.94317e-05	3.94317e-05	0.999882
26	0.997471	0.000907676	0.000778008	0.000842842	NA	0.00178015	0.996996	0.000333778	0.000890076	NA	0.00132377	0.000882515	0.995367	0.00242692	NA	0.000421035	0.00105259	0.00101048	0.997347	0.000168414	6.99386e-05	3.49693e-05	3.49693e-05	0.000104908	0.999755
27	0.996328	0.00101684	0.00149889	0.00109216	6.40231e-05	0.00117414	0.996397	0.000504021	0.00191872	5.72751e-06	0.00243335	0.00117216	0.991587	0.00478263	2.47292e-05	0.000990807	0.00137802	0.00370414	0.99383	9.68029e-05	4.15428e-05	2.44996e-05	1.91736e-05	3.94124e-05	0.999875
28	0.998188	0.000528382	0.000830314	0.000377415	7.54831e-05	0.000208551	0.995342	6.95169e-05	0.00437956	NA	0.00221756	0.000950382	0.995446	0.00138597	NA	0.000672133	0.00120984	0.000268853	0.997849	NA	4.97521e-05	1.6584e-05	NA	NA	0.999934
29	0.999312	NA	NA	NA	0.000688231	0.00116144	0.998839	NA	NA	NA	0.000713521	NA	0.998573	0.000713521	NA	NA	0.00391389	NA	0.996086	NA	NA	NA	NA	NA	1
30	0.997797	0.000474224	0.00110007	0.000564553	6.45203e-05	0.000320444	0.998165	0.000354431	0.00115554	4.85522e-06	0.00136407	0.000423789	0.997272	0.000940281	NA	0.000542395	0.00138612	0.000627772	0.997383	6.02661e-05	3.08562e-05	1.17041e-05	5.32004e-06	2.55362e-05	0.999927
31	0.998617	0.000225444	0.000815495	0.000297809	4.45321e-05	0.000199686	0.998586	0.000237128	0.000969311	8.32026e-06	0.000719379	0.000217395	0.998478	0.000569179	1.58105e-05	0.000270021	0.000876775	0.000654405	0.998142	5.7181e-05	2.35068e-05	1.48006e-05	6.96498e-06	3.30836e-05	0.999922
32	0.999503	9.65637e-05	0.000206922	0.000165538	2.75896e-05	6.94879e-05	0.999705	3.47439e-05	0.000191092	NA	0.000284946	5.34274e-05	0.999323	0.000338373	NA	0.000120187	0.000336522	0.00018028	0.999315	4.80746e-05	1.5079e-05	1.13092e-05	1.13092e-05	2.26185e-05	0.99994
33	0.999551	5.98205e-05	0.000249252	0.000129611	9.97009e-06	0.000148282	0.999501	4.04405e-05	0.000296564	1.34802e-05	0.000281932	9.39774e-05	0.999302	0.000308783	1.34253e-05	8.51287e-05	0.000560431	0.000404361	0.998908	4.25644e-05	1.34917e-05	NA	5.3967e-06	2.69835e-05	0.999954
34	0.998529	0.000270295	0.000916534	0.000212669	7.13469e-05	0.000120076	0.998589	0.000246584	0.00102493	1.92979e-05	0.000711408	0.000215466	0.998739	0.000326913	7.42985e-06	0.000218427	0.000804888	0.000462287	0.99845	6.43312e-05	3.62588e-05	9.16889e-06	6.25152e-06	2.50061e-05	0.999923
35	0.999322	0.000128924	0.000470573	4.02888e-05	3.86772e-05	3.29872e-05	0.999573	5.93769e-05	0.00033427	NA	0.000329504	7.69643e-05	0.999348	0.000238108	7.21541e-06	5.36215e-05	0.000421312	0.000488722	0.998989	4.74933e-05	9.13504e-06	8.59768e-06	6.98562e-06	1.34339e-05	0.999962
36	0.998876	0.000164125	0.000782211	0.000123966	5.41262e-05	5.1721e-05	0.998738	0.00023955	0.000956839	1.36108e-05	0.000406948	9.86541e-05	0.999338	0.000141815	1.47981e-05	0.000116803	0.000800353	0.000233606	0.998791	5.78936e-05	3.15655e-05	1.25174e-05	1.41501e-05	2.91165e-05	0.999913
37	0.998855	0.000115532	0.00087668	9.0613e-05	6.22964e-05	6.18427e-05	0.998968	0.000278292	0.000689932	1.93258e-06	0.000369388	8.27276e-05	0.999425	0.000111586	1.15434e-05	8.62956e-05	0.000678646	0.000252495	0.998912	7.03149e-05	2.69411e-05	8.74711e-06	1.04965e-05	2.76409e-05	0.999926
38	0.998774	0.000142276	0.000959048	7.04795e-05	5.40123e-05	3.81187e-05	0.998854	0.000245196	0.000857157	5.15118e-06	0.000361593	7.17126e-05	0.999473	7.57528e-05	1.81807e-05	7.59157e-05	0.000729597	0.000223716	0.998891	7.92748e-05	2.29544e-05	1.14772e-05	9.46366e-06	2.79883e-05	0.999928
39	0.998738	0.000172282	0.000965122	6.18039e-05	6.25996e-05	2.66787e-05	0.998751	0.000311968	0.000902771	7.31511e-06	0.000312911	4.34713e-05	0.999585	4.57269e-05	1.33285e-05	6.33661e-05	0.00068156	0.000183612	0.999009	6.23682e-05	2.82735e-05	1.21229e-05	1.01689e-05	2.77551e-05	0.999922
40	0.998921	0.000221917	0.000744287	4.65534e-05	6.61084e-05	2.19136e-05	0.998711	0.000238698	0.00101724	1.10038e-05	0.000272816	4.32693e-05	0.999644	2.40967e-05	1.57152e-05	5.22261e-05	0.000647679	0.000248277	0.999001	5.07286e-05	3.64102e-05	1.42759e-05	1.09711e-05	3.03579e-05	0.999908
