
SUMMARISING RUN PARAMETERS
==========================
Input filename: SC2290/host_removal/SC2290_R1.fastq.gz
Trimming mode: paired-end
Trim Galore version: 0.6.4_dev
Cutadapt version: 4.1
Python version: could not detect
Number of cores used for trimming: 2
Quality Phred score cutoff: 20
Quality encoding type selected: ASCII+33
Using Illumina adapter for trimming (count: 55210). Second best hit was smallRNA (count: 0)
Adapter sequence: 'AGATCGGAAGAGC' (Illumina TruSeq, Sanger iPCR; auto-detected)
Maximum trimming error rate: 0.1 (default)
Minimum required adapter overlap (stringency): 1 bp
Minimum required sequence length for both reads before a sequence pair gets removed: 20 bp
Running FastQC on the data once trimming has completed
Output file will be GZIP compressed


This is cutadapt 4.1 with Python 3.9.13
Command line parameters: -j 2 -e 0.1 -q 20 -O 1 -a AGATCGGAAGAGC SC2290/host_removal/SC2290_R1.fastq.gz
Processing single-end reads on 2 cores ...
Finished in 3.11 s (27 µs/read; 2.23 M reads/minute).

=== Summary ===

Total reads processed:                 115,592
Reads with adapters:                    78,401 (67.8%)
Reads written (passing filters):       115,592 (100.0%)

Total basepairs processed:    29,013,592 bp
Quality-trimmed:               4,504,923 bp (15.5%)
Total written (filtered):     20,918,094 bp (72.1%)

=== Adapter 1 ===

Sequence: AGATCGGAAGAGC; Type: regular 3'; Length: 13; Trimmed: 78401 times

Minimum overlap: 1
No. of allowed errors:
1-9 bp: 0; 10-13 bp: 1

Bases preceding removed adapters:
  A: 31.2%
  C: 16.3%
  G: 18.2%
  T: 31.7%
  none/other: 2.7%

Overview of removed sequences
length	count	expect	max.err	error counts
1	12057	28898.0	0	12057
2	3036	7224.5	0	3036
3	1066	1806.1	0	1066
4	417	451.5	0	417
5	190	112.9	0	190
6	98	28.2	0	98
7	136	7.1	0	136
8	78	1.8	0	78
9	479	0.4	0	479
10	395	0.1	1	369 26
11	81	0.0	1	58 23
12	131	0.0	1	100 31
13	112	0.0	1	97 15
14	79	0.0	1	63 16
15	92	0.0	1	80 12
16	82	0.0	1	60 22
17	153	0.0	1	114 39
18	173	0.0	1	142 31
19	193	0.0	1	159 34
20	2604	0.0	1	2496 108
21	2206	0.0	1	2102 104
22	515	0.0	1	475 40
23	265	0.0	1	229 36
24	290	0.0	1	231 59
25	484	0.0	1	411 73
26	308	0.0	1	252 56
27	599	0.0	1	502 97
28	11411	0.0	1	11037 374
29	5042	0.0	1	4778 264
30	1394	0.0	1	1311 83
31	222	0.0	1	197 25
32	362	0.0	1	323 39
33	91	0.0	1	68 23
34	280	0.0	1	230 50
35	158	0.0	1	115 43
36	100	0.0	1	75 25
37	154	0.0	1	122 32
38	144	0.0	1	108 36
39	253	0.0	1	223 30
40	508	0.0	1	456 52
41	121	0.0	1	95 26
42	157	0.0	1	118 39
43	299	0.0	1	237 62
44	115	0.0	1	84 31
45	101	0.0	1	73 28
46	79	0.0	1	48 31
47	167	0.0	1	125 42
48	121	0.0	1	97 24
49	184	0.0	1	162 22
50	815	0.0	1	752 63
51	6669	0.0	1	6498 171
52	287	0.0	1	247 40
53	191	0.0	1	154 37
54	320	0.0	1	252 68
55	144	0.0	1	112 32
56	108	0.0	1	84 24
57	161	0.0	1	144 17
58	120	0.0	1	103 17
59	272	0.0	1	245 27
60	96	0.0	1	80 16
61	78	0.0	1	67 11
62	90	0.0	1	75 15
63	90	0.0	1	76 14
64	86	0.0	1	67 19
65	107	0.0	1	88 19
66	136	0.0	1	107 29
67	72	0.0	1	60 12
68	197	0.0	1	161 36
69	189	0.0	1	144 45
70	145	0.0	1	120 25
71	223	0.0	1	190 33
72	263	0.0	1	218 45
73	469	0.0	1	383 86
74	640	0.0	1	509 131
75	1135	0.0	1	944 191
76	2364	0.0	1	2141 223
77	1919	0.0	1	1730 189
78	1393	0.0	1	1255 138
79	953	0.0	1	878 75
80	703	0.0	1	637 66
81	482	0.0	1	440 42
82	372	0.0	1	335 37
83	307	0.0	1	276 31
84	237	0.0	1	210 27
85	264	0.0	1	232 32
86	229	0.0	1	195 34
87	207	0.0	1	184 23
88	187	0.0	1	157 30
89	175	0.0	1	149 26
90	160	0.0	1	144 16
91	132	0.0	1	110 22
92	127	0.0	1	112 15
93	140	0.0	1	119 21
94	146	0.0	1	120 26
95	119	0.0	1	103 16
96	103	0.0	1	91 12
97	85	0.0	1	74 11
98	81	0.0	1	72 9
99	87	0.0	1	76 11
100	48	0.0	1	41 7
101	70	0.0	1	62 8
102	57	0.0	1	47 10
103	60	0.0	1	51 9
104	70	0.0	1	62 8
105	75	0.0	1	61 14
106	66	0.0	1	59 7
107	75	0.0	1	66 9
108	98	0.0	1	90 8
109	90	0.0	1	67 23
110	64	0.0	1	61 3
111	54	0.0	1	43 11
112	60	0.0	1	54 6
113	80	0.0	1	71 9
114	80	0.0	1	66 14
115	85	0.0	1	69 16
116	73	0.0	1	59 14
117	46	0.0	1	40 6
118	42	0.0	1	37 5
119	45	0.0	1	37 8
120	47	0.0	1	37 10
121	54	0.0	1	46 8
122	39	0.0	1	35 4
123	58	0.0	1	49 9
124	46	0.0	1	37 9
125	55	0.0	1	44 11
126	51	0.0	1	43 8
127	69	0.0	1	62 7
128	56	0.0	1	47 9
129	50	0.0	1	44 6
130	44	0.0	1	39 5
131	39	0.0	1	31 8
132	48	0.0	1	38 10
133	63	0.0	1	57 6
134	80	0.0	1	66 14
135	72	0.0	1	53 19
136	57	0.0	1	48 9
137	43	0.0	1	33 10
138	32	0.0	1	24 8
139	41	0.0	1	25 16
140	32	0.0	1	26 6
141	22	0.0	1	18 4
142	29	0.0	1	19 10
143	35	0.0	1	29 6
144	23	0.0	1	18 5
145	33	0.0	1	23 10
146	24	0.0	1	17 7
147	53	0.0	1	48 5
148	104	0.0	1	89 15
149	53	0.0	1	43 10
150	32	0.0	1	28 4
151	21	0.0	1	10 11
152	22	0.0	1	16 6
153	26	0.0	1	19 7
154	60	0.0	1	49 11
155	36	0.0	1	29 7
156	39	0.0	1	33 6
157	28	0.0	1	22 6
158	23	0.0	1	21 2
159	13	0.0	1	9 4
160	20	0.0	1	15 5
161	13	0.0	1	6 7
162	31	0.0	1	23 8
163	16	0.0	1	9 7
164	45	0.0	1	42 3
165	29	0.0	1	20 9
166	21	0.0	1	14 7
167	46	0.0	1	40 6
168	39	0.0	1	32 7
169	40	0.0	1	32 8
170	32	0.0	1	26 6
171	21	0.0	1	15 6
172	28	0.0	1	21 7
173	24	0.0	1	15 9
174	48	0.0	1	36 12
175	32	0.0	1	24 8
176	33	0.0	1	26 7
177	19	0.0	1	13 6
178	8	0.0	1	7 1
179	18	0.0	1	13 5
180	17	0.0	1	15 2
181	19	0.0	1	13 6
182	21	0.0	1	17 4
183	16	0.0	1	13 3
184	24	0.0	1	23 1
185	21	0.0	1	13 8
186	29	0.0	1	19 10
187	34	0.0	1	31 3
188	60	0.0	1	56 4
189	110	0.0	1	102 8
190	87	0.0	1	81 6
191	70	0.0	1	65 5
192	53	0.0	1	49 4
193	52	0.0	1	49 3
194	28	0.0	1	27 1
195	38	0.0	1	38
196	43	0.0	1	36 7
197	73	0.0	1	71 2
198	63	0.0	1	62 1
199	63	0.0	1	61 2
200	60	0.0	1	57 3
201	48	0.0	1	46 2
202	61	0.0	1	59 2
203	137	0.0	1	131 6
204	85	0.0	1	81 4
205	107	0.0	1	102 5
206	138	0.0	1	130 8
207	104	0.0	1	100 4
208	118	0.0	1	114 4
209	151	0.0	1	146 5
210	104	0.0	1	102 2
211	69	0.0	1	66 3
212	49	0.0	1	47 2
213	42	0.0	1	41 1
214	40	0.0	1	36 4
215	48	0.0	1	47 1
216	14	0.0	1	13 1
217	36	0.0	1	36
218	6	0.0	1	6
219	11	0.0	1	9 2
220	5	0.0	1	3 2
221	1	0.0	1	0 1
222	5	0.0	1	5
223	3	0.0	1	2 1
224	3	0.0	1	2 1
225	2	0.0	1	1 1
226	4	0.0	1	2 2
227	2	0.0	1	1 1
229	1	0.0	1	1
230	2	0.0	1	2
231	2	0.0	1	2
233	4	0.0	1	3 1
235	1	0.0	1	1
236	5	0.0	1	3 2
237	1	0.0	1	0 1
238	4	0.0	1	3 1
239	2	0.0	1	2
240	2	0.0	1	0 2
241	3	0.0	1	1 2
242	2	0.0	1	0 2
243	4	0.0	1	3 1
244	3	0.0	1	1 2
245	3	0.0	1	0 3
246	2	0.0	1	0 2
247	7	0.0	1	0 7
248	3	0.0	1	0 3
249	8	0.0	1	0 8
250	19	0.0	1	0 19
251	439	0.0	1	0 439

RUN STATISTICS FOR INPUT FILE: SC2290/host_removal/SC2290_R1.fastq.gz
=============================================
115592 sequences processed in total

