
SUMMARISING RUN PARAMETERS
==========================
Input filename: SC2215/host_removal/SC2215_R2.fastq.gz
Trimming mode: paired-end
Trim Galore version: 0.6.4_dev
Cutadapt version: 4.1
Python version: could not detect
Number of cores used for trimming: 2
Quality Phred score cutoff: 20
Quality encoding type selected: ASCII+33
Using Illumina adapter for trimming (count: 23481). Second best hit was Nextera (count: 0)
Adapter sequence: 'AGATCGGAAGAGC' (Illumina TruSeq, Sanger iPCR; auto-detected)
Maximum trimming error rate: 0.1 (default)
Minimum required adapter overlap (stringency): 1 bp
Minimum required sequence length for both reads before a sequence pair gets removed: 20 bp
Running FastQC on the data once trimming has completed
Output file will be GZIP compressed


This is cutadapt 4.1 with Python 3.9.13
Command line parameters: -j 2 -e 0.1 -q 20 -O 1 -a AGATCGGAAGAGC SC2215/host_removal/SC2215_R2.fastq.gz
Processing single-end reads on 2 cores ...
Finished in 25.71 s (31 µs/read; 1.91 M reads/minute).

=== Summary ===

Total reads processed:                 820,410
Reads with adapters:                   306,664 (37.4%)
Reads written (passing filters):       820,410 (100.0%)

Total basepairs processed:   205,922,910 bp
Quality-trimmed:               7,837,388 bp (3.8%)
Total written (filtered):    196,208,366 bp (95.3%)

=== Adapter 1 ===

Sequence: AGATCGGAAGAGC; Type: regular 3'; Length: 13; Trimmed: 306664 times

Minimum overlap: 1
No. of allowed errors:
1-9 bp: 0; 10-13 bp: 1

Bases preceding removed adapters:
  A: 37.3%
  C: 14.1%
  G: 8.1%
  T: 39.9%
  none/other: 0.6%

Overview of removed sequences
length	count	expect	max.err	error counts
1	197738	205102.5	0	197738
2	68955	51275.6	0	68955
3	4646	12818.9	0	4646
4	1071	3204.7	0	1071
5	174	801.2	0	174
6	251	200.3	0	251
7	12627	50.1	0	12627
8	129	12.5	0	129
9	225	3.1	0	224 1
10	194	0.8	1	167 27
11	61	0.2	1	46 15
12	171	0.0	1	138 33
13	63	0.0	1	38 25
14	126	0.0	1	101 25
15	49	0.0	1	42 7
16	162	0.0	1	145 17
17	458	0.0	1	425 33
18	52	0.0	1	47 5
19	123	0.0	1	105 18
20	102	0.0	1	90 12
21	29	0.0	1	21 8
22	66	0.0	1	55 11
23	87	0.0	1	68 19
24	246	0.0	1	194 52
25	87	0.0	1	65 22
26	226	0.0	1	195 31
27	227	0.0	1	184 43
28	2045	0.0	1	1935 110
29	251	0.0	1	205 46
30	435	0.0	1	388 47
31	65	0.0	1	47 18
32	290	0.0	1	243 47
33	92	0.0	1	63 29
34	171	0.0	1	147 24
35	76	0.0	1	63 13
36	56	0.0	1	42 14
37	68	0.0	1	52 16
38	63	0.0	1	46 17
39	95	0.0	1	84 11
40	324	0.0	1	289 35
41	82	0.0	1	74 8
42	176	0.0	1	161 15
43	165	0.0	1	151 14
44	187	0.0	1	173 14
45	695	0.0	1	652 43
46	330	0.0	1	300 30
47	251	0.0	1	228 23
48	175	0.0	1	161 14
49	183	0.0	1	168 15
50	94	0.0	1	85 9
51	73	0.0	1	65 8
52	81	0.0	1	73 8
53	113	0.0	1	101 12
54	225	0.0	1	211 14
55	105	0.0	1	98 7
56	132	0.0	1	124 8
57	341	0.0	1	322 19
58	200	0.0	1	188 12
59	76	0.0	1	69 7
60	159	0.0	1	150 9
61	62	0.0	1	57 5
62	60	0.0	1	56 4
63	132	0.0	1	129 3
64	85	0.0	1	80 5
65	48	0.0	1	43 5
66	39	0.0	1	34 5
67	146	0.0	1	142 4
68	37	0.0	1	31 6
69	94	0.0	1	89 5
70	45	0.0	1	44 1
71	27	0.0	1	22 5
72	43	0.0	1	37 6
73	69	0.0	1	57 12
74	72	0.0	1	61 11
75	150	0.0	1	129 21
76	193	0.0	1	151 42
77	300	0.0	1	240 60
78	549	0.0	1	438 111
79	859	0.0	1	603 256
80	1431	0.0	1	1234 197
81	952	0.0	1	799 153
82	571	0.0	1	473 98
83	349	0.0	1	299 50
84	249	0.0	1	210 39
85	213	0.0	1	160 53
86	127	0.0	1	108 19
87	127	0.0	1	89 38
88	97	0.0	1	69 28
89	100	0.0	1	72 28
90	81	0.0	1	66 15
91	71	0.0	1	61 10
92	53	0.0	1	41 12
93	51	0.0	1	34 17
94	57	0.0	1	35 22
95	47	0.0	1	31 16
96	44	0.0	1	33 11
97	37	0.0	1	28 9
98	24	0.0	1	17 7
99	35	0.0	1	22 13
100	23	0.0	1	18 5
101	33	0.0	1	26 7
102	19	0.0	1	16 3
103	26	0.0	1	23 3
104	17	0.0	1	11 6
105	16	0.0	1	12 4
106	23	0.0	1	14 9
107	46	0.0	1	31 15
108	39	0.0	1	25 14
109	41	0.0	1	18 23
110	26	0.0	1	23 3
111	180	0.0	1	150 30
112	33	0.0	1	22 11
113	22	0.0	1	14 8
114	36	0.0	1	20 16
115	20	0.0	1	9 11
116	23	0.0	1	17 6
117	10	0.0	1	7 3
118	10	0.0	1	9 1
119	13	0.0	1	10 3
120	14	0.0	1	6 8
121	10	0.0	1	5 5
122	18	0.0	1	12 6
123	15	0.0	1	11 4
124	8	0.0	1	4 4
125	14	0.0	1	8 6
126	19	0.0	1	11 8
127	33	0.0	1	17 16
128	27	0.0	1	16 11
129	35	0.0	1	16 19
130	19	0.0	1	11 8
131	13	0.0	1	6 7
132	15	0.0	1	8 7
133	14	0.0	1	6 8
134	42	0.0	1	31 11
135	31	0.0	1	14 17
136	39	0.0	1	25 14
137	16	0.0	1	7 9
138	5	0.0	1	2 3
139	8	0.0	1	6 2
140	10	0.0	1	4 6
141	9	0.0	1	3 6
142	5	0.0	1	2 3
143	6	0.0	1	2 4
144	7	0.0	1	2 5
145	7	0.0	1	6 1
146	9	0.0	1	4 5
147	26	0.0	1	18 8
148	18	0.0	1	13 5
149	25	0.0	1	23 2
150	10	0.0	1	8 2
151	11	0.0	1	9 2
152	8	0.0	1	7 1
153	16	0.0	1	9 7
154	44	0.0	1	36 8
155	15	0.0	1	10 5
156	45	0.0	1	40 5
157	17	0.0	1	11 6
158	17	0.0	1	12 5
159	9	0.0	1	4 5
160	19	0.0	1	16 3
161	15	0.0	1	14 1
162	5	0.0	1	4 1
163	5	0.0	1	3 2
164	6	0.0	1	2 4
165	17	0.0	1	15 2
166	10	0.0	1	8 2
167	22	0.0	1	18 4
168	24	0.0	1	21 3
169	16	0.0	1	16
170	9	0.0	1	7 2
171	9	0.0	1	5 4
172	6	0.0	1	5 1
173	3	0.0	1	3
174	19	0.0	1	18 1
175	36	0.0	1	33 3
176	17	0.0	1	16 1
177	10	0.0	1	9 1
178	5	0.0	1	4 1
179	4	0.0	1	3 1
180	5	0.0	1	5
181	39	0.0	1	37 2
182	13	0.0	1	10 3
183	12	0.0	1	10 2
184	3	0.0	1	2 1
185	8	0.0	1	8
186	9	0.0	1	8 1
187	12	0.0	1	12
188	20	0.0	1	19 1
189	26	0.0	1	24 2
190	28	0.0	1	27 1
191	15	0.0	1	14 1
192	20	0.0	1	20
193	14	0.0	1	14
194	9	0.0	1	9
195	8	0.0	1	7 1
196	15	0.0	1	15
197	15	0.0	1	13 2
198	21	0.0	1	19 2
199	20	0.0	1	19 1
200	8	0.0	1	8
201	10	0.0	1	10
202	14	0.0	1	13 1
203	41	0.0	1	41
204	13	0.0	1	11 2
205	30	0.0	1	29 1
206	47	0.0	1	44 3
207	43	0.0	1	41 2
208	32	0.0	1	32
209	33	0.0	1	32 1
210	48	0.0	1	45 3
211	25	0.0	1	25
212	19	0.0	1	17 2
213	19	0.0	1	18 1
214	23	0.0	1	22 1
215	22	0.0	1	21 1
216	8	0.0	1	8
217	19	0.0	1	19
218	1	0.0	1	1
219	1	0.0	1	1
220	3	0.0	1	2 1
221	4	0.0	1	3 1
222	2	0.0	1	2
223	1	0.0	1	0 1
225	1	0.0	1	1
227	2	0.0	1	1 1
228	2	0.0	1	0 2
230	1	0.0	1	1
233	3	0.0	1	2 1
234	1	0.0	1	1
236	1	0.0	1	1
237	2	0.0	1	1 1
238	2	0.0	1	2
240	1	0.0	1	1
247	1	0.0	1	0 1
248	3	0.0	1	0 3
249	4	0.0	1	0 4
250	15	0.0	1	0 15
251	280	0.0	1	0 280

RUN STATISTICS FOR INPUT FILE: SC2215/host_removal/SC2215_R2.fastq.gz
=============================================
820410 sequences processed in total

Total number of sequences analysed for the sequence pair length validation: 820410

Number of sequence pairs removed because at least one read was shorter than the length cutoff (20 bp): 3843 (0.47%)
