quality	AA	AC	AG	AT	A.	CA	CC	CG	CT	C.	GA	GC	GG	GT	G.	TA	TC	TG	TT	T.	.A	.C	.G	.T	..
0	NA	NA	NA	NA	NA	NA	NA	NA	NA	NA	NA	NA	NA	NA	NA	NA	NA	NA	NA	NA	NA	NA	NA	NA	NA
1	NA	NA	NA	NA	NA	NA	NA	NA	NA	NA	NA	NA	NA	NA	NA	NA	NA	NA	NA	NA	NA	NA	NA	NA	NA
2	NA	NA	NA	NA	NA	NA	NA	NA	NA	NA	NA	NA	NA	NA	NA	NA	NA	NA	NA	NA	NA	NA	NA	NA	NA
3	NA	NA	NA	NA	NA	NA	NA	NA	NA	NA	NA	NA	NA	NA	NA	NA	NA	NA	NA	NA	NA	NA	NA	NA	NA
4	NA	NA	NA	NA	NA	NA	NA	NA	NA	NA	NA	NA	NA	NA	NA	NA	NA	NA	NA	NA	NA	NA	NA	NA	NA
5	NA	NA	NA	NA	NA	NA	NA	NA	NA	NA	NA	NA	NA	NA	NA	NA	NA	NA	NA	NA	NA	NA	NA	NA	NA
6	NA	NA	NA	NA	NA	NA	NA	NA	NA	NA	NA	NA	NA	NA	NA	NA	NA	NA	NA	NA	NA	NA	NA	NA	NA
7	NA	NA	NA	NA	NA	NA	NA	NA	NA	NA	NA	NA	NA	NA	NA	NA	NA	NA	NA	NA	NA	NA	NA	NA	NA
8	NA	NA	NA	NA	NA	NA	NA	NA	NA	NA	NA	NA	NA	NA	NA	NA	NA	NA	NA	NA	NA	NA	NA	NA	NA
9	NA	NA	NA	NA	NA	NA	NA	NA	NA	NA	NA	NA	NA	NA	NA	NA	NA	NA	NA	NA	NA	NA	NA	NA	NA
10	NA	NA	NA	NA	NA	NA	NA	NA	NA	NA	NA	NA	NA	NA	NA	NA	NA	NA	NA	NA	NA	NA	NA	NA	NA
11	0.975585	0.0119834	0.00369582	0.00873558	NA	0.0513912	0.924714	0.00638298	0.0175123	NA	0.0210574	0.00757461	0.928647	0.0424936	0.000227238	0.0304642	0.00870406	0.0212766	0.939555	NA	6.60022e-05	NA	3.30011e-05	6.60022e-05	0.999835
12	0.970705	0.0137162	0.00668343	0.00882586	6.98617e-05	0.0376592	0.94367	0.00565205	0.0127012	0.000317531	0.0131086	0.00506962	0.950426	0.0312144	0.000181058	0.0147519	0.00837765	0.0229111	0.953887	7.28491e-05	3.81993e-05	2.54662e-05	1.90996e-05	4.45658e-05	0.999873
13	0.9651	0.0160101	0.00760285	0.0111785	0.000108983	0.0297213	0.953855	0.00475981	0.01155	0.00011389	0.00968154	0.00427148	0.963912	0.0220421	9.30201e-05	0.0149066	0.0107888	0.0228219	0.951279	0.000203272	4.70371e-05	2.51405e-05	1.94636e-05	4.21712e-05	0.999866
14	0.961925	0.0173905	0.00707018	0.0134401	0.000173857	0.029206	0.953024	0.00454235	0.0130756	0.000152379	0.0186261	0.00698219	0.942513	0.0317824	9.66871e-05	0.0187438	0.012893	0.0208895	0.947237	0.000237026	6.61853e-05	4.92542e-05	2.77055e-05	8.15772e-05	0.999775
15	0.977577	0.00818928	0.00508456	0.00902171	0.000127489	0.0117498	0.976992	0.00272609	0.00836806	0.00016391	0.0149151	0.00563832	0.953167	0.0261301	0.000149768	0.0241192	0.0151849	0.0237502	0.936655	0.000290727	4.68556e-05	4.91984e-05	3.27989e-05	8.66829e-05	0.999784
16	0.964835	0.0116619	0.0090444	0.0142821	0.000176489	0.0181998	0.961497	0.004747	0.0154233	0.000132845	0.0171816	0.00756992	0.950048	0.0250693	0.000131319	0.0173817	0.0124016	0.0179946	0.952004	0.00021769	9.04167e-05	5.40727e-05	4.52084e-05	8.59845e-05	0.999724
17	NA	NA	NA	NA	NA	NA	NA	NA	NA	NA	NA	NA	NA	NA	NA	NA	NA	NA	NA	NA	NA	NA	NA	NA	NA
18	NA	NA	NA	NA	NA	NA	NA	NA	NA	NA	NA	NA	NA	NA	NA	NA	NA	NA	NA	NA	NA	NA	NA	NA	NA
19	NA	NA	NA	NA	NA	NA	NA	NA	NA	NA	NA	NA	NA	NA	NA	NA	NA	NA	NA	NA	NA	NA	NA	NA	NA
20	0.996707	0.000898204	0.000598802	0.00149701	0.000299401	0.00711913	0.991457	0.000474608	0.000949217	NA	0.00164114	0.000364697	0.995259	0.00255288	0.000182349	0.00232919	0.0011646	0.00232919	0.994177	NA	NA	NA	NA	NA	1
21	0.995683	0.00126087	0.00245763	0.00059838	NA	0.00222136	0.996085	0.000666408	0.00102738	NA	0.00084455	0.000422275	0.996226	0.00250726	NA	0.00110194	0.00209965	0.00211454	0.994684	NA	1.06539e-05	1.06539e-05	1.06539e-05	5.32697e-06	0.999963
22	0.996727	0.00140582	0.00102814	0.000776349	6.29472e-05	0.00406383	0.994053	0.000495589	0.00138765	NA	0.00177714	0.000527587	0.994446	0.00322106	2.77678e-05	0.00165698	0.00127767	0.00281488	0.994211	3.99273e-05	1.82994e-05	1.21996e-05	1.82994e-05	4.87983e-05	0.999902
23	0.996284	0.00133379	0.00176931	0.000571623	4.08302e-05	0.00226061	0.995942	0.000695572	0.00110132	NA	0.000860066	0.00049408	0.995956	0.00267169	1.82993e-05	0.00124658	0.00115559	0.00171973	0.995851	2.72973e-05	1.72623e-05	NA	1.03574e-05	1.03574e-05	0.999962
24	0.997623	0.000957538	0.000957538	0.00046226	NA	0.00239184	0.996067	0.000584671	0.000956734	NA	0.000664656	0.000204509	0.99729	0.00184058	NA	0.000478567	0.00182311	0.00141291	0.99624	4.55778e-05	8.88802e-06	8.88802e-06	8.88802e-06	3.55521e-05	0.999938
25	0.997547	0.000874466	0.00102021	0.000461524	9.71628e-05	0.00187595	0.996912	0.000351741	0.000820729	3.90823e-05	0.00208746	0.000765404	0.993981	0.00309641	6.95822e-05	0.00119877	0.0008513	0.00147675	0.996438	3.4747e-05	1.96086e-05	2.61448e-05	2.61448e-05	3.2681e-05	0.999895
26	0.997588	0.000868167	0.000868167	0.000675241	NA	0.00225785	0.996387	0.000395123	0.000959585	NA	0.00102162	0.000908111	0.994665	0.00340541	NA	0.000475234	0.000907265	0.000972069	0.997624	2.16015e-05	2.66219e-05	2.66219e-05	3.54959e-05	7.09918e-05	0.99984
27	0.996494	0.000978812	0.00119895	0.00127173	5.63999e-05	0.00127048	0.996725	0.000411205	0.00158527	8.50769e-06	0.00259083	0.00119783	0.991447	0.00473765	2.68353e-05	0.00133485	0.00121249	0.00312578	0.994262	6.53522e-05	3.80653e-05	2.08577e-05	1.19932e-05	2.76364e-05	0.999901
28	0.99722	0.000352375	0.00168357	0.000743902	NA	0.000404769	0.998455	0.000183986	0.000956727	NA	0.00248926	0.000574444	0.995575	0.00136164	NA	0.00126516	0.000372107	0.000818635	0.997544	NA	3.53704e-05	8.84259e-06	NA	3.53704e-05	0.99992
29	1	NA	NA	NA	NA	NA	1	NA	NA	NA	0.000635324	NA	0.999365	NA	NA	NA	NA	NA	1	NA	NA	NA	NA	NA	1
30	0.997521	0.000475848	0.00122452	0.000756599	2.22063e-05	0.000229986	0.998356	0.000193672	0.00121771	2.4209e-06	0.00137505	0.000408738	0.997188	0.00102629	2.2214e-06	0.000730259	0.00144586	0.000605699	0.997201	1.70964e-05	1.78985e-05	8.42283e-06	4.21142e-06	1.94778e-05	0.99995
31	0.998374	0.000235007	0.000998442	0.000372208	2.03764e-05	0.000207922	0.998849	8.64625e-05	0.000848155	8.23452e-06	0.000941664	0.000190692	0.998182	0.000678234	7.86358e-06	0.000461879	0.000958088	0.000532097	0.998032	1.5604e-05	1.71503e-05	1.02902e-05	3.0013e-06	1.92941e-05	0.99995
32	0.99836	0.0001423	0.00135523	0.0001423	NA	0.000137224	0.999588	3.65932e-05	0.000237856	NA	0.000185858	4.64645e-05	0.999387	0.000371716	9.2929e-06	0.000112467	0.00130816	0.000242691	0.998331	5.9193e-06	1.90458e-06	1.90458e-06	7.61834e-06	1.52367e-05	0.999973
33	0.99855	9.30679e-05	0.00129805	5.38814e-05	4.89831e-06	0.000146201	0.999652	6.96195e-06	0.000194934	NA	0.000241868	7.60157e-05	0.99924	0.000435362	6.91052e-06	7.11739e-05	0.000882556	0.000405691	0.998626	1.42348e-05	4.08933e-06	1.36311e-06	5.45244e-06	6.81555e-06	0.999982
34	0.998471	0.000257651	0.000936733	0.000296266	3.79487e-05	0.0001091	0.999169	6.779e-05	0.00065142	3.17766e-06	0.000919844	0.000156235	0.998537	0.00037256	1.3867e-05	0.000364178	0.000837316	0.000305675	0.99845	4.24142e-05	2.18813e-05	9.20242e-06	4.49896e-06	2.04498e-05	0.999944
35	0.999399	0.000140614	0.000324617	0.000114902	2.08912e-05	3.26632e-05	0.999716	2.61306e-05	0.000219932	5.44387e-06	0.00036436	5.89917e-05	0.999352	0.000218616	5.7835e-06	0.000139936	0.000317632	0.000426471	0.999101	1.4808e-05	1.34016e-05	2.62777e-06	2.89055e-06	8.67164e-06	0.999972
36	0.998686	0.000132537	0.000942625	0.000212399	2.63374e-05	5.23245e-05	0.999281	4.09205e-05	0.000613136	1.27457e-05	0.000670486	8.46543e-05	0.99909	0.000147225	7.36124e-06	0.000245397	0.000923849	0.000168742	0.998642	1.99105e-05	1.88434e-05	8.01848e-06	3.20739e-06	1.63042e-05	0.999954
37	0.998708	0.000113964	0.000932432	0.000220839	2.5083e-05	4.78389e-05	0.999404	3.92279e-05	0.000504222	4.78389e-06	0.000495987	6.53844e-05	0.999339	9.43403e-05	5.60438e-06	0.000224678	0.00083659	0.000152719	0.998755	3.10615e-05	2.0407e-05	8.67297e-06	5.2718e-06	1.70058e-05	0.999949
38	0.998794	0.000120758	0.000872711	0.000184802	2.74017e-05	3.37627e-05	0.999435	3.6832e-05	0.00048649	8.1849e-06	0.000543866	6.51842e-05	0.999306	7.5136e-05	9.4542e-06	0.000173931	0.000856906	0.00015268	0.998788	2.84437e-05	1.96848e-05	7.67708e-06	4.23223e-06	1.56494e-05	0.999953
39	0.998812	0.000136452	0.000874338	0.000151158	2.64718e-05	2.31041e-05	0.999446	2.98118e-05	0.00049413	7.34647e-06	0.00048195	3.63527e-05	0.999434	3.73597e-05	1.05735e-05	0.00014791	0.000771225	0.000113197	0.998945	2.31623e-05	1.9843e-05	8.42355e-06	4.08532e-06	1.78392e-05	0.99995
40	0.998884	0.000159269	0.000836841	8.6613e-05	3.33197e-05	1.71214e-05	0.999347	3.02307e-05	0.00059729	8.77063e-06	0.000448341	3.30828e-05	0.999484	2.13006e-05	1.32228e-05	6.72859e-05	0.00070609	0.000132255	0.999073	2.13412e-05	2.704e-05	1.04795e-05	4.95311e-06	1.96057e-05	0.999938
