quality	AA	AC	AG	AT	A.	CA	CC	CG	CT	C.	GA	GC	GG	GT	G.	TA	TC	TG	TT	T.	.A	.C	.G	.T	..
0	NA	NA	NA	NA	NA	NA	NA	NA	NA	NA	NA	NA	NA	NA	NA	NA	NA	NA	NA	NA	NA	NA	NA	NA	NA
1	NA	NA	NA	NA	NA	NA	NA	NA	NA	NA	NA	NA	NA	NA	NA	NA	NA	NA	NA	NA	NA	NA	NA	NA	NA
2	NA	NA	NA	NA	NA	NA	NA	NA	NA	NA	NA	NA	NA	NA	NA	NA	NA	NA	NA	NA	NA	NA	NA	NA	NA
3	NA	NA	NA	NA	NA	NA	NA	NA	NA	NA	NA	NA	NA	NA	NA	NA	NA	NA	NA	NA	NA	NA	NA	NA	NA
4	NA	NA	NA	NA	NA	NA	NA	NA	NA	NA	NA	NA	NA	NA	NA	NA	NA	NA	NA	NA	NA	NA	NA	NA	NA
5	NA	NA	NA	NA	NA	NA	NA	NA	NA	NA	NA	NA	NA	NA	NA	NA	NA	NA	NA	NA	NA	NA	NA	NA	NA
6	NA	NA	NA	NA	NA	NA	NA	NA	NA	NA	NA	NA	NA	NA	NA	NA	NA	NA	NA	NA	NA	NA	NA	NA	NA
7	NA	NA	NA	NA	NA	NA	NA	NA	NA	NA	NA	NA	NA	NA	NA	NA	NA	NA	NA	NA	NA	NA	NA	NA	NA
8	NA	NA	NA	NA	NA	NA	NA	NA	NA	NA	NA	NA	NA	NA	NA	NA	NA	NA	NA	NA	NA	NA	NA	NA	NA
9	NA	NA	NA	NA	NA	NA	NA	NA	NA	NA	NA	NA	NA	NA	NA	NA	NA	NA	NA	NA	NA	NA	NA	NA	NA
10	0.99	0.01	NA	NA	NA	0.0434783	0.934783	0.0217391	NA	NA	0.0215827	NA	0.956835	0.0215827	NA	NA	NA	NA	1	NA	NA	NA	NA	NA	1
11	0.972372	0.0141216	0.0042057	0.00912945	0.000170964	0.0678594	0.906737	0.0061286	0.0190283	0.000247121	0.023245	0.00607456	0.917724	0.052834	0.000122471	0.023641	0.00891846	0.0233579	0.9438	0.000283126	8.21845e-05	1.02731e-05	2.05461e-05	2.05461e-05	0.999866
12	0.972616	0.0140788	0.00545715	0.00776933	7.83791e-05	0.0564039	0.924242	0.00583582	0.0133698	0.000148254	0.0117013	0.00416249	0.949661	0.0343509	0.00012413	0.0109592	0.00515727	0.0247925	0.95897	0.000120874	4.30751e-05	8.07659e-06	2.96142e-05	4.57673e-05	0.999873
13	0.966663	0.0174959	0.00632469	0.00943609	8.03682e-05	0.0378716	0.947251	0.00450649	0.0102365	0.000134455	0.00768261	0.00347632	0.967657	0.0210822	0.00010156	0.0119768	0.00821359	0.0220728	0.957635	0.000102251	4.02407e-05	2.26071e-05	2.48679e-05	2.71286e-05	0.999885
14	0.965353	0.018384	0.00560614	0.0105234	0.000133415	0.0333448	0.95149	0.00404525	0.0110062	0.00011418	0.0143866	0.00575692	0.947198	0.0325325	0.000125564	0.0148942	0.00929679	0.0197552	0.955918	0.000135824	4.50328e-05	3.20425e-05	2.33824e-05	3.81046e-05	0.999861
15	0.965501	0.0156317	0.00694584	0.0118209	0.000100664	0.0287525	0.954042	0.00470397	0.0124102	9.11621e-05	0.0138364	0.00626886	0.952187	0.0276279	7.99217e-05	0.0147097	0.00910542	0.0215314	0.954537	0.000116512	4.79543e-05	2.6798e-05	2.11563e-05	4.51335e-05	0.999859
16	0.965384	0.0146745	0.00749345	0.0123544	9.37202e-05	0.0261735	0.956181	0.00431199	0.0132591	7.45732e-05	0.0122669	0.00537313	0.956323	0.0259588	7.77307e-05	0.019111	0.0120679	0.0279771	0.940724	0.000119846	5.44895e-05	2.38812e-05	2.82538e-05	3.93535e-05	0.999854
17	NA	NA	NA	NA	NA	NA	NA	NA	NA	NA	NA	NA	NA	NA	NA	NA	NA	NA	NA	NA	NA	NA	NA	NA	NA
18	1	NA	NA	NA	NA	NA	1	NA	NA	NA	NA	NA	1	NA	NA	NA	NA	NA	1	NA	NA	NA	NA	NA	1
19	1	NA	NA	NA	NA	0.0131579	0.986842	NA	NA	NA	NA	NA	1	NA	NA	NA	NA	NA	1	NA	NA	NA	NA	NA	1
20	0.997166	0.00147392	NA	0.00102041	0.000340136	0.00902495	0.988321	0.000884799	0.0017696	NA	0.00155751	0.000545129	0.994081	0.0038159	NA	0.00120523	0.000172176	0.00344353	0.995007	0.000172176	NA	3.02599e-05	NA	NA	0.99997
21	0.9956	0.0022047	0.00164219	0.000508079	4.53642e-05	0.00412986	0.994355	0.000366555	0.00113632	1.22185e-05	0.000750232	0.000339949	0.996577	0.00230931	2.34447e-05	0.000689806	0.00214901	0.00208268	0.995032	4.64293e-05	2.33693e-05	4.67387e-06	9.34774e-06	9.34774e-06	0.999953
22	0.996448	0.00228224	0.000648211	0.00055368	6.75219e-05	0.00509756	0.993296	0.000364111	0.00122084	2.14183e-05	0.00105139	0.000338584	0.995189	0.0033502	7.12809e-05	0.000979445	0.000757437	0.00236373	0.99586	3.91778e-05	7.89587e-06	1.18438e-05	1.18438e-05	1.57917e-05	0.999953
23	0.996415	0.00124111	0.00190158	0.000399187	4.35477e-05	0.00344625	0.995274	0.000278589	0.00100086	NA	0.000752736	0.000257515	0.997098	0.00186203	2.97133e-05	0.000414305	0.00117468	0.00119905	0.997192	1.94967e-05	1.29468e-05	1.84954e-06	7.39817e-06	2.0345e-05	0.999957
24	0.998115	0.00101667	0.000529515	0.000296528	4.23612e-05	0.00279225	0.995335	0.000238363	0.00160044	3.40518e-05	0.000861812	0.000265173	0.996818	0.00205509	NA	0.000380274	0.00267713	0.00112561	0.995802	1.5211e-05	2.3198e-05	2.3198e-05	1.73985e-05	5.79949e-06	0.99993
25	0.99774	0.00119767	0.000742215	0.000269896	5.06056e-05	0.00306808	0.995301	0.000221123	0.0012991	0.000110561	0.00109899	0.000340163	0.99686	0.00167465	2.61664e-05	0.000478438	0.000775845	0.000969807	0.997724	5.1723e-05	5.68915e-05	1.42229e-05	2.37048e-05	2.37048e-05	0.999881
26	0.997704	0.000730536	0.000730536	0.000782718	5.21812e-05	0.00215517	0.99685	8.28912e-05	0.000828912	8.28912e-05	0.000698873	0.000262077	0.997816	0.00113567	8.73591e-05	0.000362805	0.00105214	0.000870733	0.997678	3.62805e-05	8.54603e-05	7.1217e-05	4.27302e-05	1.42434e-05	0.999786
27	0.996777	0.00122963	0.00116401	0.000785518	4.37456e-05	0.00270148	0.995534	0.00032275	0.00141048	3.10337e-05	0.00162806	0.00056942	0.994728	0.00304359	3.07433e-05	0.0011088	0.000986473	0.00392537	0.993923	5.60316e-05	2.53878e-05	1.17384e-05	1.58332e-05	1.93821e-05	0.999928
28	0.997462	0.000249241	0.0020619	0.000226583	NA	0.000603538	0.998606	4.16233e-05	0.00074922	NA	0.00132541	0.000291832	0.996802	0.00158076	NA	0.000291319	0.000534084	0.000534084	0.998592	4.85531e-05	1.53919e-05	NA	5.13063e-06	1.53919e-05	0.999964
29	0.999017	0.000327797	0.000109266	0.000327797	0.000218531	0.000586854	0.999022	0.000195618	0.000195618	NA	0.0012224	0.0001528	0.998472	0.0001528	NA	NA	NA	0.000344471	0.999656	NA	6.63636e-05	NA	NA	NA	0.999934
30	0.998065	0.000458704	0.0010597	0.000394185	2.20956e-05	0.000445294	0.998373	0.000156755	0.00101821	6.93604e-06	0.000921997	0.000179711	0.998135	0.000756611	6.51128e-06	0.000540883	0.00107395	0.00056695	0.997809	9.12333e-06	2.0133e-05	3.55288e-06	3.84896e-06	8.58613e-06	0.999964
31	0.998434	0.000353205	0.000922864	0.000268469	2.09742e-05	0.0004522	0.99864	6.36718e-05	0.000840728	3.89828e-06	0.000682558	8.16101e-05	0.9987	0.000527993	7.4191e-06	0.000314323	0.000852899	0.000599235	0.998216	1.74624e-05	1.69056e-05	5.81129e-06	4.22639e-06	1.21509e-05	0.999961
32	0.998333	0.000236976	0.00132876	9.30977e-05	8.46342e-06	0.000270683	0.999408	3.38354e-05	0.000281962	5.63924e-06	0.000162087	4.80258e-05	0.999628	0.000156084	6.00323e-06	6.74261e-05	0.00133788	0.000209376	0.998378	7.09748e-06	9.70296e-06	3.63861e-06	3.63861e-06	6.06435e-06	0.999977
33	0.998633	0.000190302	0.00112797	4.84406e-05	NA	0.000435001	0.999306	3.42136e-05	0.000224832	NA	0.000204091	5.69557e-05	0.999582	0.000142389	1.42389e-05	5.76339e-05	0.00118149	0.000186	0.998572	2.61972e-06	1.9762e-06	1.9762e-06	2.9643e-06	8.8929e-06	0.999984
34	0.998613	0.000275854	0.000846779	0.000237418	2.68247e-05	0.000206339	0.999015	5.87716e-05	0.000712925	7.02704e-06	0.000703984	8.19513e-05	0.99887	0.00033748	6.82927e-06	0.000284341	0.000784834	0.000510744	0.998398	2.22838e-05	1.54157e-05	4.35121e-06	4.72417e-06	1.14375e-05	0.999964
35	0.99922	0.000222525	0.00045448	8.8633e-05	1.44579e-05	0.000219963	0.999473	2.33819e-05	0.000280582	2.59799e-06	0.000380097	4.04538e-05	0.999394	0.000176143	9.27066e-06	0.000108541	0.000369391	0.00048902	0.999018	1.45889e-05	9.15243e-06	3.11572e-06	2.33679e-06	1.1684e-05	0.999974
36	0.998708	0.000172118	0.000906023	0.000183767	2.97057e-05	8.42301e-05	0.999247	4.78685e-05	0.000614005	6.90411e-06	0.000549031	5.92262e-05	0.999234	0.000150876	7.34924e-06	0.000196817	0.000848139	0.000181261	0.998752	2.16431e-05	1.53563e-05	5.14942e-06	3.95402e-06	1.05747e-05	0.999965
37	0.998746	0.000145425	0.000914853	0.000170732	2.30413e-05	0.000105208	0.999272	3.39801e-05	0.000583543	5.22771e-06	0.000510527	4.21597e-05	0.999334	0.000102764	1.05399e-05	0.000178251	0.000828341	0.000236101	0.998735	2.27785e-05	1.33563e-05	4.4915e-06	4.72789e-06	1.22925e-05	0.999965
38	0.998817	0.000160047	0.000855068	0.00014424	2.39577e-05	6.19687e-05	0.9994	2.24982e-05	0.000506012	9.47292e-06	0.000476352	4.09426e-05	0.999408	6.57444e-05	9.05462e-06	0.000157592	0.000774955	0.000161094	0.998883	2.32636e-05	1.50933e-05	4.95486e-06	5.41223e-06	1.15105e-05	0.999963
39	0.998797	0.000177169	0.000867202	0.000131627	2.68421e-05	3.98017e-05	0.999392	1.98095e-05	0.000538783	1.00417e-05	0.000489294	2.76993e-05	0.999432	3.997e-05	1.08271e-05	0.000131169	0.000762354	9.93398e-05	0.998986	2.13444e-05	1.59403e-05	5.02299e-06	4.9034e-06	1.25917e-05	0.999962
40	0.998969	0.000188295	0.000718351	9.06303e-05	3.34985e-05	2.55935e-05	0.999358	1.72577e-05	0.000584286	1.45225e-05	0.000445148	2.35493e-05	0.999497	2.01535e-05	1.38786e-05	8.34028e-05	0.000680105	0.000101179	0.999115	2.04952e-05	2.07595e-05	6.30669e-06	4.76944e-06	1.56485e-05	0.999953
