quality	AA	AC	AG	AT	A.	CA	CC	CG	CT	C.	GA	GC	GG	GT	G.	TA	TC	TG	TT	T.	.A	.C	.G	.T	..
0	NA	NA	NA	NA	NA	NA	NA	NA	NA	NA	NA	NA	NA	NA	NA	NA	NA	NA	NA	NA	NA	NA	NA	NA	NA
1	NA	NA	NA	NA	NA	NA	NA	NA	NA	NA	NA	NA	NA	NA	NA	NA	NA	NA	NA	NA	NA	NA	NA	NA	NA
2	NA	NA	NA	NA	NA	NA	NA	NA	NA	NA	NA	NA	NA	NA	NA	NA	NA	NA	NA	NA	NA	NA	NA	NA	NA
3	NA	NA	NA	NA	NA	NA	NA	NA	NA	NA	NA	NA	NA	NA	NA	NA	NA	NA	NA	NA	NA	NA	NA	NA	NA
4	NA	NA	NA	NA	NA	NA	NA	NA	NA	NA	NA	NA	NA	NA	NA	NA	NA	NA	NA	NA	NA	NA	NA	NA	NA
5	NA	NA	NA	NA	NA	NA	NA	NA	NA	NA	NA	NA	NA	NA	NA	NA	NA	NA	NA	NA	NA	NA	NA	NA	NA
6	NA	NA	NA	NA	NA	NA	NA	NA	NA	NA	NA	NA	NA	NA	NA	NA	NA	NA	NA	NA	NA	NA	NA	NA	NA
7	NA	NA	NA	NA	NA	NA	NA	NA	NA	NA	NA	NA	NA	NA	NA	NA	NA	NA	NA	NA	NA	NA	NA	NA	NA
8	NA	NA	NA	NA	NA	NA	NA	NA	NA	NA	NA	NA	NA	NA	NA	NA	NA	NA	NA	NA	NA	NA	NA	NA	NA
9	NA	NA	NA	NA	NA	NA	NA	NA	NA	NA	NA	NA	NA	NA	NA	NA	NA	NA	NA	NA	NA	NA	NA	NA	NA
10	1	NA	NA	NA	NA	0.0416667	0.875	NA	0.0833333	NA	NA	0.01	0.98	0.01	NA	NA	NA	NA	1	NA	NA	NA	NA	NA	1
11	0.973789	0.013947	0.00413601	0.00803155	9.61862e-05	0.0620155	0.917313	0.00537196	0.0152999	NA	0.0232685	0.00591109	0.920388	0.0501247	0.000307514	0.0220032	0.00897729	0.0200669	0.948601	0.000352051	5.68061e-05	NA	2.8403e-05	5.68061e-05	0.999858
12	0.971107	0.015343	0.00573584	0.00772844	8.53971e-05	0.0513015	0.929663	0.0052607	0.0135609	0.000214325	0.0109521	0.00418194	0.948079	0.0366429	0.000143792	0.0120039	0.00535019	0.0244163	0.958054	0.000175097	6.63345e-05	3.51183e-05	2.73142e-05	4.29223e-05	0.999828
13	0.967599	0.0173661	0.0057887	0.00909997	0.000146676	0.0358774	0.948687	0.0041893	0.0111369	0.000109832	0.00859469	0.00332631	0.967073	0.0208758	0.000129865	0.0122684	0.00701186	0.0214873	0.959062	0.00017085	4.36212e-05	2.6552e-05	2.90808e-05	3.47705e-05	0.999866
14	0.965259	0.0188462	0.00582818	0.00994058	0.00012593	0.0314136	0.953123	0.00379694	0.0115227	0.000143389	0.0143635	0.00580073	0.947142	0.0325416	0.000151937	0.0147039	0.0109357	0.0201743	0.953971	0.000215329	4.70583e-05	3.46745e-05	1.60989e-05	5.94421e-05	0.999843
15	0.964344	0.0166628	0.00667071	0.012211	0.000111644	0.0275799	0.955499	0.00482751	0.0119444	0.000149304	0.0137086	0.00673115	0.951986	0.0274719	0.000102609	0.0138239	0.00881643	0.0209821	0.956205	0.000172388	6.32599e-05	1.97687e-05	1.77918e-05	4.94218e-05	0.99985
16	0.965192	0.014803	0.00736895	0.0125291	0.000106518	0.0252296	0.956806	0.0043945	0.0134684	0.000101928	0.0122263	0.0054865	0.954536	0.0276518	9.9251e-05	0.018	0.0114541	0.0271439	0.943248	0.000154246	5.80991e-05	2.12558e-05	2.12558e-05	4.95968e-05	0.99985
17	NA	NA	NA	NA	NA	NA	NA	NA	NA	NA	NA	NA	NA	NA	NA	NA	NA	NA	NA	NA	NA	NA	NA	NA	NA
18	1	NA	NA	NA	NA	NA	1	NA	NA	NA	NA	NA	1	NA	NA	NA	NA	NA	1	NA	NA	NA	NA	NA	1
19	1	NA	NA	NA	NA	NA	1	NA	NA	NA	NA	NA	1	NA	NA	NA	NA	NA	1	NA	NA	NA	NA	NA	1
20	0.996042	0.00158328	0.000949968	0.000474984	0.000949968	0.00913474	0.986805	0.00126871	0.00279117	NA	0.0015882	0.000340329	0.99308	0.00487805	0.000113443	0.000775194	0.000516796	0.00465116	0.994057	NA	NA	NA	NA	8.72981e-05	0.999913
21	0.996444	0.00225363	0.000801292	0.000500808	NA	0.00469116	0.993988	0.00026062	0.00104248	1.73747e-05	0.000852319	0.000245861	0.996525	0.00236027	1.63908e-05	0.000670666	0.000416901	0.00186699	0.997009	3.62522e-05	2.26794e-05	1.29597e-05	9.71975e-06	1.29597e-05	0.999942
22	0.996464	0.00242007	0.000491577	0.000567204	5.67204e-05	0.00484945	0.992388	0.000399006	0.00233265	3.06927e-05	0.00276026	0.000278559	0.99415	0.00281091	NA	0.00127591	0.000674407	0.00257004	0.995461	1.82272e-05	3.33782e-05	1.11261e-05	1.11261e-05	2.78152e-05	0.999917
23	0.997104	0.00147829	0.000965416	0.000382144	7.03949e-05	0.0029976	0.99516	0.000190092	0.00160847	4.38673e-05	0.000814859	0.000365281	0.996951	0.00184046	2.80986e-05	0.000348628	0.000328515	0.001066	0.998176	8.04527e-05	2.83523e-05	1.03099e-05	1.28874e-05	2.83523e-05	0.99992
24	0.998674	0.000707297	0.000294707	0.000235766	8.84121e-05	0.00256486	0.995265	0.000394594	0.00172635	4.93243e-05	0.00202077	0.000469947	0.996099	0.00131585	9.39894e-05	0.000311475	0.000269945	0.000934424	0.998484	NA	8.09029e-06	8.09029e-06	8.09029e-06	4.04514e-05	0.999935
25	0.997952	0.000963763	0.000481881	0.000530069	7.22822e-05	0.00257701	0.995933	0.000201329	0.0012885	NA	0.00240571	0.000444132	0.99467	0.00233169	0.000148044	0.000377318	0.00035935	0.00113195	0.99806	7.18701e-05	4.02814e-05	2.68543e-05	6.71357e-06	2.01407e-05	0.999906
26	0.997719	0.00142582	0.000285164	0.000499038	7.12911e-05	0.00174561	0.995229	0.000349121	0.00256022	0.000116374	0.00334034	0.000247433	0.99468	0.00173203	NA	0.000438853	9.75229e-05	0.000828945	0.998635	NA	NA	NA	5.86166e-05	7.81555e-05	0.999863
27	0.996799	0.00131964	0.00112429	0.000701683	5.58157e-05	0.00256788	0.995327	0.000355453	0.00173633	1.29255e-05	0.00163195	0.000508946	0.994114	0.00371936	2.58161e-05	0.00104389	0.000974654	0.00426424	0.993617	0.000100602	2.6067e-05	1.36002e-05	1.43557e-05	3.13559e-05	0.999915
28	0.999061	0.000313038	0.000281734	0.000313038	3.13038e-05	0.000529303	0.997206	0.000117623	0.00214662	NA	0.00160954	0.00029563	0.996567	0.00152742	NA	0.000510856	0.000319285	0.000702427	0.998467	NA	2.10571e-05	7.01902e-06	7.01902e-06	3.50951e-05	0.99993
29	0.999427	0.000286492	NA	0.000143246	0.000143246	0.00056101	0.999439	NA	NA	NA	0.000402617	0.000100654	0.999195	0.000301963	NA	NA	NA	NA	1	NA	NA	NA	NA	NA	1
30	0.998254	0.000465994	0.000907333	0.000327922	4.43804e-05	0.00045943	0.997953	0.000133687	0.00143854	1.50633e-05	0.00113672	0.000144117	0.9979	0.000810656	9.00729e-06	0.000357886	0.000699746	0.00057689	0.998326	3.91716e-05	1.87492e-05	6.92906e-06	3.66833e-06	1.58961e-05	0.999955
31	0.998603	0.000408335	0.000766645	0.000179155	4.30438e-05	0.000522572	0.99824	7.21395e-05	0.00115775	7.038e-06	0.000913311	9.71964e-05	0.998438	0.000544635	6.7032e-06	0.000219951	0.000464896	0.0006686	0.998604	4.24905e-05	1.73113e-05	5.04913e-06	2.16391e-06	1.04589e-05	0.999965
32	0.999059	0.000253401	0.00057317	8.44671e-05	3.01668e-05	0.000241933	0.998911	3.02416e-05	0.000808964	7.56041e-06	0.000255539	1.50317e-05	0.999602	0.00012777	NA	7.83876e-05	0.000122481	0.000171473	0.999613	1.46977e-05	1.6262e-06	3.25241e-06	NA	8.13102e-06	0.999987
33	0.999092	0.00030111	0.000554424	3.82362e-05	1.43386e-05	0.000397236	0.998711	1.95362e-05	0.000859593	1.30241e-05	0.000204819	1.86199e-05	0.999584	0.000167579	2.48265e-05	4.92235e-05	0.000105479	0.000221506	0.999606	1.75798e-05	5.28205e-06	NA	5.28205e-06	1.18846e-05	0.999978
34	0.998765	0.000290829	0.000764671	0.000131039	4.86559e-05	0.000222028	0.998686	6.44317e-05	0.00101698	1.04484e-05	0.000911519	8.31479e-05	0.998639	0.00035979	6.99375e-06	0.000142795	0.000517556	0.000584435	0.998689	6.62761e-05	1.56107e-05	5.59949e-06	3.56331e-06	1.69682e-05	0.999958
35	0.999197	0.000228201	0.00047987	5.74549e-05	3.72243e-05	0.000267426	0.999311	2.22855e-05	0.000392928	5.8646e-06	0.000507968	4.77677e-05	0.999275	0.000161944	6.99039e-06	5.26982e-05	0.000261166	0.000630054	0.999006	4.95983e-05	8.10687e-06	3.39966e-06	1.56907e-06	1.1768e-05	0.999975
36	0.999026	0.000182666	0.000655309	9.31083e-05	4.30034e-05	8.95951e-05	0.998758	4.60419e-05	0.00109754	8.71064e-06	0.000749779	5.62774e-05	0.999022	0.00016766	4.68978e-06	9.66044e-05	0.000455034	0.000256408	0.999137	5.50735e-05	1.57542e-05	4.71384e-06	4.96194e-06	1.46377e-05	0.99996
37	0.998834	0.000159401	0.000872616	8.53202e-05	4.90463e-05	8.67568e-05	0.998899	2.47877e-05	0.000983539	6.19692e-06	0.000749889	3.83872e-05	0.999089	0.000112483	9.81997e-06	6.95268e-05	0.000431163	0.000308525	0.99914	5.11794e-05	1.68874e-05	4.3015e-06	4.46081e-06	1.80026e-05	0.999956
38	0.998884	0.000152425	0.000867597	5.45554e-05	4.09992e-05	6.43088e-05	0.998857	2.98016e-05	0.00104044	8.36537e-06	0.000678648	3.95482e-05	0.999192	8.01511e-05	1.00189e-05	6.14098e-05	0.000413031	0.000236725	0.999224	6.43813e-05	1.54153e-05	5.17224e-06	3.65099e-06	1.50096e-05	0.999961
39	0.99904	0.000155633	0.000702282	5.22992e-05	4.96954e-05	4.05156e-05	0.99889	1.8746e-05	0.00104192	9.31253e-06	0.000636318	3.07475e-05	0.999273	4.85549e-05	1.17529e-05	5.10615e-05	0.000349387	0.000171511	0.999369	5.89655e-05	1.66589e-05	4.90762e-06	3.96211e-06	1.52181e-05	0.999959
40	0.999294	0.000140812	0.000460372	4.94153e-05	5.51003e-05	2.69762e-05	0.998895	1.78176e-05	0.00104691	1.29053e-05	0.000491258	2.35272e-05	0.999447	2.52144e-05	1.25603e-05	4.53995e-05	0.000269563	0.000168764	0.999469	4.75385e-05	1.99136e-05	5.58185e-06	4.47554e-06	1.66617e-05	0.999953
