ks_quality_p_value	fisher_strand_p_value	bias_p_value	bias_e_value
0.355804	1	0.723483	21634.3
1	1	1	29903
0.702851	1	0.950683	28428.3
0.779614	1	0.973704	29116.7
0.779614	1	0.973704	29116.7
0.779614	1	0.973704	29116.7
0.979648	1	0.999791	29896.8
0.846998	1	0.987648	29533.6
0.0282522	1	0.129016	3857.97
0.565874	1	0.888073	26556.1
0.985416	1	0.999893	29899.8
0.206779	1	0.532685	15928.9
1	0.0328983	0.145224	4342.64
0.979831	1	0.999795	29896.9
0.00219616	1	0.015639	467.652
1	0.611577	0.912298	27280.5
0.645588	1	0.928093	27752.8
0.934529	1	0.997808	29837.5
0.976643	1	0.999725	29894.8
0.413614	1	0.778761	23287.3
0.398138	1	0.764806	22870
0.237168	1	0.57845	17297.4
0.976721	1	0.999727	29894.8
0.218115	1	0.550247	16454
0.885718	1	0.993206	29699.8
0.262989	0.749523	0.517225	15466.6
0.753739	1	0.966828	28911.1
0.576131	0.815489	0.824731	24661.9
0.352824	1	0.720391	21541.9
0.435102	1	0.797183	23838.2
0.185363	0.940251	0.478776	14316.8
0.687916	1	0.945257	28266
1	0.841048	0.986639	29503.5
0.281163	1	0.637909	19075.4
0.995526	0.942377	0.998047	29844.6
0.887888	1	0.993466	29707.6
0.782471	1	0.97441	29137.8
1	1	1	29903
0.999965	1	1	29903
0.895594	1.13068e-05	0.000126583	3.7852
0.433542	1.86367e-20	3.8189e-19	1.14196e-14
0.935891	4.09423e-05	0.000427991	12.7982
0.989946	0.0313731	0.138887	4153.14
0.999902	1.26261e-19	5.62008e-18	1.68057e-13
0.999945	7.32696e-18	2.96396e-16	8.86313e-12
0.977412	1.54969e-32	1.12492e-30	3.36386e-26
0.963777	0.00152493	0.0110561	330.61
1	4.41748e-16	1.60601e-14	4.80245e-10
1	1.57652e-09	3.35295e-08	0.00100263
0.551715	3.00624e-08	3.13717e-07	0.00938107
0.622014	6.29521e-08	7.07007e-07	0.0211416
0.327441	5.16678e-12	4.75488e-11	1.42185e-06
1	0.649954	0.929989	27809.5
0.999728	0.118025	0.370159	11068.9
0.999999	4.46231e-09	9.02617e-08	0.0026991
0.999999	4.46763e-09	9.0364e-08	0.00270216
0.999992	1.92012e-06	2.71946e-05	0.813201
0.094155	4.45322e-09	9.47286e-09	0.000283267
0.684934	2.85524e-09	4.11714e-08	0.00123115
0.641589	1.76587e-09	2.44703e-08	0.000731734
0.724911	1.1509e-06	1.25117e-05	0.374137
0.0936095	4.46804e-09	9.45035e-09	0.000282594
0.608804	1.98528e-08	2.32437e-07	0.00695057
1	2.0939e-07	3.42961e-06	0.102556
0.397408	9.72026e-06	5.20105e-05	1.55527
0.0858761	0.000732892	0.000671759	20.0876
0.953898	0.0556996	0.209072	6251.89
0.380518	0.00147966	0.00477578	142.81
0.999974	6.87201e-15	2.30972e-13	6.90674e-09
0.999993	1.75223e-42	1.70224e-40	5.0902e-36
0.984235	0.0403413	0.167806	5017.89
0.927556	1	0.99731	29822.6
0.64101	1	0.926074	27692.4
0.93518	1	0.997852	29838.8
0.939001	1	0.998101	29846.2
1	1	1	29903
0.849509	1	0.988061	29546
0.0200932	0.158078	0.0214464	641.312
0.999998	0.0027755	0.0191146	571.585
1	1.14016e-38	1.00752e-36	3.0128e-32
0.77728	1	0.973119	29099.2
0.463713	1	0.820072	24522.6
0.71949	1	0.956355	28597.9
0.888556	0.0187088	0.0847301	2533.68
0.975601	0.00255692	0.0174459	521.685
0.683202	0.018703	0.0684901	2048.06
0.830334	0.018703	0.080211	2398.55
0.839055	1	0.986292	29493.1
0.79286	0.00109795	0.00700457	209.458
0.999919	9.83004e-54	1.20953e-51	3.61686e-47
0.914507	1	0.996237	29790.5
0.512979	1	0.855403	25579.1
0.0278273	1	0.127497	3812.56
0.19296	1	0.510431	15263.4
1	1	1	29903
0.16504	1	0.462371	13826.3
0.172023	0.882872	0.438112	13100.9
0.119621	1	0.373628	11172.6
0.999754	1	1	29903
0.922288	1	0.996899	29810.3
0.952179	1	0.998838	29868.2
1	0.0119737	0.0649578	1942.43
0.757675	0.00837503	0.0384541	1149.89
0.732729	0.0061803	0.0289704	866.301
0.976674	1	0.999726	29894.8
0.998237	1	0.999998	29903
0.0224063	0.049908	0.00871789	260.691
0.00631491	0.127074	0.00652226	195.035
0.600735	0.0143005	0.0494579	1478.94
0.266723	0.0401447	0.0592856	1772.82
0.210688	0.0385778	0.0472429	1412.7
1	3.69989e-17	1.43688e-15	4.29669e-11
0.5895	0.00106732	0.00526697	157.498
0.999998	4.39502e-21	2.10406e-19	6.29177e-15
0.328097	1	0.693744	20745
0.893499	0.75184	0.939026	28079.7
0.942002	1	0.998285	29851.7
0.999997	1	1	29903
0.408535	1	0.774246	23152.3
0.811433	0.814364	0.934573	27946.5
0.0633188	0.00199291	0.00125908	37.6502
0.821662	0.839601	0.945985	28287.8
0.0285035	1	0.129911	3884.73
0.805724	0.000336171	0.00249569	74.6285
0.999999	2.33433e-06	3.26054e-05	0.975
0.738833	0.254754	0.502576	15028.5
0.905593	0.195076	0.482904	14440.3
0.86526	0.556491	0.833411	24921.5
0.70763	0.00103385	0.00601385	179.832
0.0788417	0.00122376	0.000988583	29.5616
0.983932	0.557263	0.877797	26248.8
0.998257	0.557342	0.882582	26391.9
1	1	1	29903
0.125135	1	0.385211	11519
0.643756	1	0.927289	27728.7
0.751002	1	0.966049	28887.8
0.964841	1	0.999375	29884.3
0.96679	0.0497732	0.19412	5804.76
0.766685	0.00928262	0.0423117	1265.25
0.864914	0.718378	0.917019	27421.6
0.77551	0.548052	0.788675	23583.8
0.939416	0.439569	0.778164	23269.4
0.908362	0.439586	0.765877	22902
0.977655	0.0110896	0.059894	1791.01
0.68793	1	0.945263	28266.2
0.0521907	1	0.206302	6169.05
0.94132	1	0.998244	29850.5
0.240763	1	0.583595	17451.3
0.837193	0.592211	0.843641	25227.4
1	1.0137e-07	1.73387e-06	0.0518481
0.150666	0.762449	0.363455	10868.4
0.996609	0.003548	0.0234957	702.592
0.982972	0.6186	0.910562	27228.5
0.409827	3.29873e-17	5.38634e-16	1.61068e-11
0.673325	9.73206e-72	1.0806e-69	3.23133e-65
0.974663	1	0.999676	29893.3
0.491799	1	0.840821	25143.1
0.760244	1	0.968639	28965.2
0.999998	0.748858	0.965431	28869.3
0.993563	0.374493	0.739937	22126.4
0.997473	1	0.999997	29902.9
0.441889	1	0.802778	24005.5
1	1	1	29903
0.989939	0.0246721	0.11509	3441.54
0.910828	3.74126e-06	4.63081e-05	1.38475
0.409616	4.98126e-11	5.22656e-10	1.5629e-05
0.356243	4.95304e-11	4.54542e-10	1.35922e-05
0.630074	9.60244e-12	1.62334e-10	4.85426e-06
0.801053	8.67674e-12	1.85525e-10	5.54775e-06
0.823815	0.139416	0.363406	10866.9
1	4.0463e-12	1.10194e-10	3.29513e-06
1	8.64042e-15	2.88437e-13	8.62514e-09
0.946431	1	0.998539	29859.3
0.999999	1	1	29903
0.99352	1	0.999979	29902.4
1	0.760067	0.96859	28963.8
1	1	1	29903
1	1	1	29903
1	0.0431457	0.17876	5345.46
0.715715	1	0.955103	28560.4
0.992189	1	0.999969	29902.1
0.789641	1	0.976136	29189.4
0.999996	5.98937e-33	4.50371e-31	1.34674e-26
0.647775	1	0.929047	27781.3
0.390316	1	0.757524	22652.3
0.951832	1	0.998821	29867.7
1	1.3905e-10	3.29496e-09	9.85292e-05
0.282274	1	0.639316	19117.5
0.791101	1	0.976479	29199.7
0.11089	0.859917	0.319457	9552.73
0.999873	0.0923144	0.312231	9336.64
0.995166	0.753555	0.965736	28878.4
0.0391924	1	0.166147	4968.3
0.946776	1	0.998558	29859.9
1	1	1	29903
0.851996	0.305036	0.61009	18243.5
0.949924	0.276639	0.613977	18359.8
0.123503	0.384843	0.192323	5751.04
0.340742	1	0.707595	21159.2
0.579553	1	0.895698	26784.1
0.429063	1	0.792116	23686.6
0.65196	1	0.93085	27835.2
0.715332	1	0.954974	28556.6
0.942087	1	0.99829	29851.9
0.512857	1	0.855322	25576.7
0.810738	0.619065	0.847887	25354.4
0.175809	1	0.481427	14396.1
0.522894	0.0291384	0.0789861	2361.92
0.922119	1	0.996885	29809.9
0.99962	1	1	29903
0.887586	0.618911	0.878413	26267.2
0.995281	1	0.999989	29902.7
0.696033	1	0.948246	28355.4
0.38577	0.641741	0.593185	17738
0.341338	0.634869	0.548094	16389.7
7.61589e-05	3.38873e-08	7.14446e-11	2.13641e-06
0.92751	1	0.997307	29822.5
0.93395	0.243819	0.564655	16884.9
0.948526	1	0.998652	29862.7
0.22648	0.039847	0.0515104	1540.31
0.999999	1	1	29903
0.0235732	1	0.111917	3346.66
1	0.387148	0.754531	22562.7
0.991185	1	0.999961	29901.8
0.999999	0.323841	0.688972	20602.3
0.985264	1	0.999891	29899.7
1	1	1	29903
0.796058	1	0.977625	29233.9
0.14094	0.00229604	0.00292409	87.439
0.421029	1.09121e-10	1.13956e-09	3.40762e-05
0.986398	0.00050985	0.0043226	129.259
0.833304	0.101313	0.293114	8764.99
0.0720163	0.166569	0.0650551	1945.34
0.986914	0.71161	0.950488	28422.5
0.742754	0.0691547	0.203857	6095.94
0.690523	0.0691567	0.193008	5771.51
0.231167	0.37467	0.298491	8925.76
0.959422	1	0.999165	29878
0.166569	0.707793	0.369952	11062.7
0.777737	1	0.973234	29102.6
0.189419	0.157487	0.134603	4025.05
0.861912	1.24745e-05	0.000133759	3.99978
0.14907	0.603176	0.306512	9165.62
0.549533	0.0405329	0.107012	3199.99
0.990826	1	0.999958	29901.7
0.90943	0.141558	0.392645	11741.3
0.33125	1	0.697242	20849.6
0.328317	0.548986	0.489078	14624.9
0.00302486	0.0019597	7.72741e-05	2.31073
0.0439896	0.000490882	0.000253577	7.58273
0.0858654	0.000122438	0.000131024	3.91802
0.0387986	0.000123103	6.32936e-05	1.89267
0.97777	1	0.999751	29895.6
0.0587288	0.000122629	9.24802e-05	2.76544
0.0764854	0.0001225	0.000117849	3.52405
0.0624705	0.000122565	9.78523e-05	2.92608
0.0612709	0.000122693	9.62115e-05	2.87701
0.0420773	0.000247235	0.000129761	3.88023
0.0173123	0.000248379	5.74347e-05	1.71747
0.00496258	0.000991337	6.50483e-05	1.94514
0.0131383	0.000277969	4.93764e-05	1.4765
0.0659732	0.00027815	0.000218478	6.53315
0.0584369	0.000281077	0.000197377	5.90217
0.534801	1	0.869512	26001
0.797475	1	0.977947	29243.6
0.50279	1	0.848499	25372.7
0.757108	1	0.967773	28939.3
0.66987	1	0.938268	28057
0.198313	1	0.519165	15524.6
0.888585	1	0.993549	29710.1
0.139662	1	0.414592	12397.5
0.0899512	1	0.306598	9168.19
0.0681855	1	0.251299	7514.6
0.557455	1	0.883217	26410.8
0.975968	0.0570353	0.216447	6472.41
0.88384	0.00421262	0.0245482	734.064
0.999997	8.90888e-14	2.76612e-12	8.27154e-08
0.976162	1	0.999714	29894.4
0.285708	1	0.643639	19246.7
0.845487	1	0.987396	29526.1
0.409371	0.0990211	0.170478	5097.8
0.900757	0.00162932	0.0110425	330.205
0.503201	0.00250895	0.0096893	289.739
0.239713	0.00162706	0.00345146	103.209
0.955914	1	0.999014	29873.5
1	0.2834	0.640738	19160
0.999998	0.287552	0.645942	19315.6
0.956747	1	0.999051	29874.6
0.974526	1	0.999673	29893.2
0.896309	1	0.994428	29736.4
0.589309	1	0.900938	26940.8
0.998602	0.234275	0.573793	17158.1
1	0.673429	0.939684	28099.4
0.998522	0.386892	0.753745	22539.2
0.490896	0.372888	0.493867	14768.1
0.291899	1	0.651328	19476.7
0.617872	1	0.915361	27372.1
0.489659	0.372953	0.493137	14746.3
0.285213	0.37283	0.344651	10306.1
0.00111404	0.025219	0.000322528	9.64456
0.0172648	0.039448	0.00564726	168.87
1	0.420342	0.784647	23463.3
0.978616	0.719593	0.95116	28442.5
0.499702	0.254253	0.389178	11637.6
0.352781	0.165975	0.224716	6719.68
0.477081	1	0.830154	24824.1
0.703724	1	0.950991	28437.5
0.99956	0.0524848	0.207102	6192.96
0.964523	0.0100468	0.054621	1633.33
0.542109	8.81175e-08	8.5301e-07	0.0255075
0.908939	0.169382	0.442025	13217.9
0.622655	0.0112981	0.0419055	1253.1
0.935607	0.0677543	0.238252	7124.45
0.699804	0.00124266	0.00699821	209.267
0.939775	0.00348716	0.022025	658.612
0.759561	1	0.968451	28959.6
1	1	1	29903
0.985002	1	0.999887	29899.6
0.912308	0.801007	0.959979	28706.3
0.998923	0.250482	0.596868	17848.1
0.595968	1	0.904422	27044.9
0.868028	0.000934858	0.00658652	196.957
0.76812	1	0.970757	29028.6
0.43719	1	0.798916	23890
0.999987	1	1	29903
0.999918	1	1	29903
0.850693	1	0.988253	29551.7
0.989017	1	0.999939	29901.2
0.712254	1	0.953936	28525.6
0.684706	1	0.944049	28229.9
0.738913	1	0.96249	28781.3
0.769525	1	0.971126	29039.6
0.973226	1	0.999638	29892.2
0.977327	1	0.999741	29895.3
1	1	1	29903
0.624837	0.738529	0.818335	24470.7
0.973318	0.655646	0.924796	27654.2
0.946542	1	0.998545	29859.5
0.836922	1	0.985914	29481.8
0.987466	1	0.999921	29900.6
0.962777	1	0.999298	29882
0.981389	1	0.999826	29897.8
0.97941	1	0.999787	29896.6
0.754802	1	0.967128	28920
0.999997	1	1	29903
0.421569	0.00393895	0.012289	367.478
0.391795	0.00201884	0.00644028	192.584
0.299117	1	0.660127	19739.8
0.181112	1	0.490566	14669.4
0.996734	1	0.999995	29902.8
0.515671	0.0275789	0.0747062	2233.94
0.79071	0.0295447	0.111122	3322.88
0.742913	0.000398195	0.00269962	80.7266
0.0255203	2.52779e-06	1.13257e-06	0.0338672
0.983979	0.687471	0.940875	28135
0.00219314	1.14471e-12	8.69098e-14	2.59886e-09
0.477448	0.000984848	0.00407314	121.799
0.52373	0.0625964	0.144832	4330.92
0.962614	3.11819e-05	0.000342598	10.2447
0.0229949	0.000249308	7.49238e-05	2.24045
0.533788	0.00394576	0.0150864	451.13
0.840712	0.00186533	0.0116954	349.728
0.997822	1	0.999998	29902.9
0.292054	0.00186302	0.00463377	138.564
0.179975	0.0578395	0.0579301	1732.28
1	6.28082e-05	0.000670504	20.0501
0.8186	6.28303e-05	0.000559345	16.7261
0.969748	0.681625	0.934657	27949
0.992675	0.0157235	0.0805383	2408.34
0.961179	1	0.999237	29880.2
0.809827	5.77114e-05	0.000512743	15.3326
0.703992	1	0.951085	28440.3
0.426477	1	0.789919	23621
0.683196	1	0.943475	28212.7
0.480642	1	0.832776	24902.5
0.821055	1	0.982939	29392.8
0.529129	1	0.865932	25894
0.36731	1	0.735189	21984.4
0.87372	1	0.991668	29653.9
0.343845	1	0.710922	21258.7
0.579508	1	0.895674	26783.3
0.564998	1	0.887574	26541.1
0.189377	1	0.504504	15086.2
0.189377	1	0.504504	15086.2
0.0358581	1	0.155201	4640.96
0.189377	1	0.504504	15086.2
0.0358581	1	0.155201	4640.96
0.734016	1	0.960992	28736.5
0.189377	1	0.504504	15086.2
0.953086	1	0.998882	29869.6
1	0.838794	0.986246	29491.7
0.915619	1	0.996335	29793.4
0.385031	0.0128437	0.031201	933.003
0.928376	5.18159e-28	3.07396e-26	9.19207e-22
0.989601	6.98428e-21	3.27758e-19	9.80095e-15
0.716579	0.129992	0.314245	9396.85
0.974379	0.0410092	0.168621	5042.29
0.991712	0.00185509	0.0134265	401.492
1	0.753572	0.966781	28909.6
0.294532	0.731881	0.546344	16337.3
0.862173	0.731881	0.921547	27557
0.692859	0.731881	0.851438	25460.6
0.0656197	0.728859	0.193231	5778.17
0.863232	0.406053	0.717981	21469.8
1	0.260589	0.611032	18271.7
0.999211	0.0312465	0.139457	4170.17
0.249821	0.0281771	0.0419275	1253.76
1	1	1	29903
0.318522	1	0.682932	20421.7
1	0.00512493	0.032152	961.44
0.988649	1	0.999935	29901.1
0.829773	0.7724	0.926032	27691.1
0.997215	0.0592654	0.226267	6766.06
0.149312	0.90955	0.406947	12168.9
0.684325	1	0.943905	28225.6
0.979473	0.444291	0.79724	23839.9
0.997031	0.0381466	0.162375	4855.51
0.774593	0.125223	0.323298	9667.57
0.999999	0.0364421	0.157139	4698.94
0.906986	0.00264562	0.0168747	504.605
0.928326	0.00081582	0.00619941	185.381
0.931042	0.0559361	0.205972	6159.17
0.945685	7.87779e-05	0.000782592	23.4018
0.918091	3.10963e-05	0.000327285	9.78681
0.823535	1	0.983424	29407.3
0.995969	1	0.999992	29902.8
0.912251	1	0.996032	29784.4
0.551304	1	0.879588	26302.3
0.944376	0.00200301	0.0137525	411.241
0.985475	1	0.999894	29899.8
0.383627	1	0.751174	22462.4
0.682932	0.0177883	0.0657288	1965.49
0.999999	1.09025e-10	2.61e-09	7.80468e-05
1	1.05343e-10	2.52548e-09	7.55195e-05
0.997026	2.49987e-10	5.76067e-09	0.000172261
0.994186	2.53045e-10	5.81217e-09	0.000173801
0.999993	4.03554e-17	1.56371e-15	4.67597e-11
0.982602	1	0.999848	29898.4
0.193619	1	0.511514	15295.8
0.0988939	1	0.327705	9799.38
0.0944143	1	0.317238	9486.37
0.997101	0.70074	0.94921	28384.2
0.404996	1	0.771063	23057.1
0.241102	0.789697	0.506199	15136.9
0.459879	1	0.81711	24434
0.955045	1	0.998974	29872.3
0.274834	0.215193	0.226386	6769.61
0.871411	0.107156	0.314784	9412.97
0.944162	1	0.998411	29855.5
0.882292	0.710503	0.919629	27499.7
0.807657	0.178241	0.422982	12648.4
0.999999	0.0711526	0.259204	7750.96
0.997974	0.00173565	0.0127457	381.136
1	0.00763436	0.0448526	1341.23
0.773313	0.00173036	0.0101917	304.763
1	0.000572573	0.00484704	144.941
0.999999	8.11313e-10	1.7794e-08	0.000532094
1	7.48418e-11	1.81983e-09	5.44183e-05
1.66869e-08	3.83774e-70	1.14468e-75	3.42294e-71
0.971962	1	0.999603	29891.1
0.107254	0.0711078	0.0448146	1340.09
0.993185	0.553295	0.878526	26270.6
0.203621	1	0.527683	15779.3
0.106936	0.0881764	0.0534067	1597.02
0.999999	0.0867628	0.298861	8936.84
1	0.263496	0.614925	18388.1
0.811938	1	0.98109	29337.5
0.901287	1	0.994959	29752.3
0.911898	1	0.996	29783.4
0.987637	0.469979	0.820422	24533.1
0.956725	0.057184	0.21368	6389.66
0.999942	0.0694597	0.254698	7616.25
0.538179	1	0.871615	26063.9
0.799116	0.527273	0.785521	23489.4
0.637738	1	0.92461	27648.6
0.584275	1	0.898255	26860.5
0.441145	1	0.80217	23987.3
0.421707	1	0.785827	23498.6
0.245727	0.153088	0.161015	4814.84
0.966436	0.22509	0.549362	16427.6
0.263588	0.225105	0.22693	6785.88
0.84312	0.601661	0.851561	25464.2
0.829813	0.360258	0.659922	19733.7
0.960506	1	0.99921	29879.4
0.997552	1	0.999997	29902.9
0.903783	0.484028	0.799136	23896.6
0.776811	0.224425	0.47886	14319.4
1	1.08529e-06	1.59903e-05	0.478157
0.145032	0.234553	0.149027	4456.36
0.579983	1	0.895933	26791.1
0.73733	1	0.962009	28767
0.926663	1	0.997243	29820.5
0.901896	1	0.995022	29754.1
0.705948	1	0.951769	28460.7
0.987312	1	0.999919	29900.6
0.509151	0.0413999	0.102432	3063.03
0.950352	1	0.998747	29865.5
0.779684	1	0.973721	29117.2
0.999998	0.719581	0.956385	28598.8
0.981705	0.000267407	0.002427	72.5747
0.190114	0.481288	0.310313	9279.3
0.963695	0.13737	0.400069	11963.3
1	0.481189	0.833176	24914.5
1	0.13723	0.409782	12253.7
0.985052	0.226537	0.557856	16681.6
0.999999	2.41738e-05	0.000281146	8.40712
0.64665	0.00534871	0.0230589	689.531
0.803182	0.0858225	0.253298	7574.36
0.331498	0.590327	0.514908	15397.3
0.135492	0.000646572	0.000906075	27.0944
0.968953	1	0.999513	29888.4
0.827136	1	0.984115	29428
0.928049	0.151366	0.41619	12445.3
0.654297	1	0.931846	27865
0.999846	1	1	29903
0.421875	0.602475	0.602319	18011.1
0.225862	1	0.561907	16802.7
0.363833	1.27278e-06	7.21728e-06	0.215818
0.0270538	0.810335	0.105672	3159.92
0.639239	0.190507	0.378192	11309.1
0.484841	6.08701e-22	1.49257e-20	4.46325e-16
0.606725	5.57022e-16	1.23773e-14	3.70118e-10
0.843076	5.70423e-05	0.000526232	15.7359
0.933311	2.00842e-10	4.38582e-09	0.000131149
0.982854	1.54825e-06	2.1906e-05	0.655055
0.666973	1.08218e-15	2.58868e-14	7.74093e-10
1	3.41021e-16	1.24864e-14	3.7338e-10
0.296475	1	0.656927	19644.1
0.855983	0.120103	0.33668	10067.8
0.853985	1	0.988779	29567.5
0.276775	1	0.632306	18907.9
0.420643	1	0.784908	23471.1
1	1.92606e-07	3.1708e-06	0.0948165
0.216219	0.000245768	0.000576171	17.2293
0.917922	1	0.996535	29799.4
0.893116	1	0.994073	29725.8
0.999981	0.607155	0.910102	27214.8
0.709473	1	0.952987	28497.2
0.914475	1	0.996234	29790.4
0.664417	1	0.936061	27991
0.306293	4.68394e-25	8.35025e-24	2.49697e-19
1	1.40093e-23	7.51212e-22	2.24635e-17
0.693928	6.13219e-25	2.43048e-23	7.26785e-19
0.995873	1	0.999991	29902.7
0.767658	1	0.970635	29024.9
0.981092	1	0.99982	29897.6
0.570629	1	0.890761	26636.4
0.999997	0.00123319	0.00949323	283.876
0.728243	0.612517	0.806166	24106.8
0.902367	0.10395	0.315788	9443.01
0.484948	0.5603	0.625762	18712.2
1	0.603151	0.908097	27154.8
0.405765	6.44064e-08	4.82432e-07	0.0144262
0.648129	0.613215	0.764164	22850.8
0.973545	0.311593	0.665206	19891.7
0.999985	1	1	29903
0.84201	1	0.986805	29508.4
0.508671	0.803695	0.774499	23159.8
0.752501	1	0.966477	28900.6
0.393717	4.71906e-14	6.0601e-13	1.81215e-08
0.999294	1	1	29903
1	0.000711812	0.00587081	175.555
0.999512	0.398524	0.764982	22875.3
0.999969	5.51701e-37	4.66106e-35	1.3938e-30
0.993336	0.000602906	0.0050429	150.798
0.86797	0.0100074	0.0499108	1492.48
0.97887	1	0.999775	29896.3
0.654634	0.000275133	0.00173302	51.8226
0.999999	1	1	29903
0.0581803	1	0.223657	6688.02
1	0.0531626	0.209163	6254.6
0.931381	1	0.99759	29830.9
0.821414	1	0.983009	29394.9
0.997678	1	0.999997	29902.9
1	0.014936	0.0777266	2324.26
0.53494	1	0.869599	26003.6
0.757496	0.000182785	0.00136866	40.927
0.766778	0.629083	0.834037	24940.2
0.828936	0.280314	0.571485	17089.1
0.519514	0.00154192	0.00651221	194.735
0.670765	0.163804	0.352522	10541.5
0.986183	0.35174	0.714149	21355.2
0.997382	6.77537e-28	4.29526e-26	1.28441e-21
0.999813	0.192101	0.508957	15219.3
0.999987	0.697439	0.948751	28370.5
0.776855	1	0.973012	29096
1	0.852714	0.988578	29561.4
0.358378	0.922256	0.69643	20825.4
0.988721	1	0.999936	29901.1
0.999948	1	1	29903
0.922042	1	0.996879	29809.7
0.999999	1	1	29903
1	0.741761	0.963346	28806.9
0.2616	3.15063e-05	0.000104726	3.13162
1	0.716141	0.955245	28564.7
0.571083	0.0302288	0.0873374	2611.65
0.439635	0.115412	0.201995	6040.25
0.916071	0.00351523	0.0216987	648.857
0.858499	1	0.98948	29588.4
0.934843	1	0.99783	29838.1
0.9013	6.77219e-11	1.49662e-09	4.47533e-05
0.940795	9.88171e-10	2.02632e-08	0.000605931
0.999997	1	1	29903
0.301386	4.58683e-06	2.00334e-05	0.599059
0.97379	0.117363	0.362179	10830.3
0.356101	1	0.72379	21643.5
1	0.414129	0.779216	23300.9
0.0141812	1	0.0745342	2228.8
0.933553	1	0.997742	29835.5
0.642873	1	0.926899	27717.1
0.68937	0.640979	0.802764	24005.1
0.990553	1	0.999955	29901.7
0.387488	0.602109	0.572867	17130.4
0.999999	1	1	29903
0.999999	1	1	29903
0.0504796	1	0.201221	6017.11
0.618593	0.11924	0.266051	7955.72
0.992206	1	0.99997	29902.1
0.837807	0.802855	0.939371	28090
0.99522	0.753796	0.965817	28880.8
0.9191	1	0.996636	29802.4
0.438794	0.831729	0.732826	21913.7
1	3.32685e-07	5.29504e-06	0.158337
0.523106	1	0.862064	25778.3
1	1	1	29903
0.917204	1	0.996474	29797.6
0.982038	1	0.999838	29898.1
0.983113	1	0.999857	29898.7
0.996253	1	0.999993	29902.8
0.80405	1	0.979408	29287.2
0.977665	1	0.999749	29895.5
0.988106	1	0.999929	29900.9
0.982858	1	0.999852	29898.6
0.979576	1	0.99979	29896.7
0.99062	1	0.999956	29901.7
0.990828	1	0.999958	29901.7
0.987134	1	0.999917	29900.5
0.996125	1	0.999992	29902.8
0.994028	1	0.999982	29902.5
0.868805	1	0.990991	29633.6
1	1	1	29903
0.990828	1	0.999958	29901.7
0.99464	1	0.999986	29902.6
0.99761	1	0.999997	29902.9
0.975011	1	0.999685	29893.6
0.967115	1	0.999453	29886.7
0.988279	1	0.999931	29900.9
0.526492	1	0.864247	25843.6
0.00599944	1	0.0366931	1097.23
1.82453e-09	1	3.85377e-08	0.00115239
0.960525	1	0.99921	29879.4
0.977329	1	0.999741	29895.3
0.833502	1	0.985299	29463.4
1	0.540205	0.872867	26101.3
0.987733	0.210922	0.53513	16002
0.934874	0.000149665	0.00138162	41.3144
0.743207	1	0.963777	28819.8
0.535363	1	0.869863	26011.5
0.650787	1	0.930348	27820.2
0.513075	1	0.855467	25581
0.999999	1	1	29903
0.497528	1	0.844854	25263.7
0.876929	0.339401	0.65833	19686
0.539958	0.454032	0.589814	17637.2
0.946924	0.51358	0.836903	25025.9
0.964436	0.287337	0.632747	18921
0.210291	0.00408627	0.00692548	207.093
0.0082833	0.000170178	2.04005e-05	0.610036
0.220087	1	0.55324	16543.5
0.981884	0.0205654	0.0989938	2960.21
0.812743	0.0730738	0.227086	6790.56
0.803584	0.738347	0.903047	27003.8
0.753852	1	0.96686	28912
0.424594	1	0.78831	23572.8
0.724921	1	0.958123	28650.7
0.452111	1	0.811009	24251.6
0.579032	1	0.895414	26775.6
0.632393	0.546044	0.712487	21305.5
0.867341	0.277575	0.58358	17450.8
0.7811	0.277711	0.548424	16399.5
0.378763	1	0.746483	22322.1
0.944621	0.158009	0.433159	12952.7
0.805526	0.166771	0.404008	12081.1
0.999194	0.187257	0.50071	14972.7
0.736897	0.000350548	0.00239236	71.5388
0.919384	1.98268e-11	4.68983e-10	1.4024e-05
0.999993	2.51422e-09	5.22988e-08	0.00156389
0.554139	0.00260926	0.0109006	325.962
0.236657	1	0.577714	17275.4
0.996048	1	0.999992	29902.8
1	0.152056	0.438454	13111.1
0.969849	0.843411	0.982327	29374.5
0.213024	1	0.542434	16220.4
0.403191	1	0.769427	23008.2
0.974076	1	0.999661	29892.9
0.754381	1	0.967009	28916.5
0.580002	1	0.895943	26791.4
0.544722	1	0.875629	26183.9
0.290307	1	0.649364	19417.9
1	1.44411e-24	8.0718e-23	2.41371e-18
0.979782	0.000961299	0.00750444	224.405
0.984564	0.140752	0.412455	12333.7
0.482392	0.00366926	0.0129862	388.327
1	0.0361576	0.156196	4670.73
0.934552	0.000927381	0.00697754	208.649
0.836753	0.598306	0.847013	25328.2
1	1	1	29903
0.83896	1	0.986275	29492.6
0.215657	1	0.546489	16341.6
0.999997	0.771712	0.971696	29056.6
0.457193	1	0.815015	24371.4
0.94414	0.0776801	0.264954	7922.92
0.985335	0.364763	0.727195	21745.3
0.971405	0.0104444	0.0567219	1696.15
0.264314	0.260414	0.25303	7566.36
0.256448	0.0270703	0.0414455	1239.35
0.498045	0.162707	0.284667	8512.39
0.975579	0.18541	0.490174	14657.7
0.999999	0.548171	0.877714	26246.3
0.999069	0.725795	0.958187	28652.7
0.911325	1	0.995947	29781.8
0.654194	1	0.931802	27863.7
0.999993	1	1	29903
0.304875	1	0.667022	19946
0.95325	0.163946	0.446356	13347.4
0.940475	0.00911857	0.0493864	1476.8
0.969912	2.74416e-08	4.90844e-07	0.0146777
0.985721	1	0.999898	29899.9
0.914428	0.000214416	0.00186991	55.9159
0.505523	1	0.850372	25428.7
0.975641	1	0.999701	29894.1
0.0964712	0.0078173	0.00617639	184.692
1	0.630106	0.921131	27544.6
0.991749	0.0114308	0.062121	1857.61
0.753662	0.505709	0.748777	22390.7
0.430358	1.25555e-05	7.09378e-05	2.12125
0.224832	0.307885	0.254076	7597.63
0.391646	1.67724e-21	3.26961e-20	9.77712e-16
1	1.24394e-14	4.10724e-13	1.22819e-08
0.875836	0.0232512	0.0996621	2980.2
0.0399177	1	0.16849	5038.36
0.581432	1	0.89672	26814.6
0.37215	1	0.740004	22128.3
0.916341	1	0.996399	29795.3
0.392715	0.348664	0.409177	12235.6
0.977233	0.357594	0.716863	21436.3
0.954047	1.7881e-27	1.06852e-25	3.1952e-21
0.0861631	0.335463	0.131335	3927.32
0.0583102	0.000207133	0.00014885	4.45108
0.733146	0.0296349	0.104923	3137.51
0.196802	3.3851e-05	8.60661e-05	2.57364
0.98139	0.0841044	0.288432	8624.97
0.815408	0.0841044	0.252356	7546.2
0.98139	0.0841044	0.288432	8624.97
0.878112	0.0841044	0.26629	7962.88
1	0.0524543	0.20708	6192.3
0.979921	0.0389593	0.162845	4869.56
0.926881	0.280757	0.610547	18257.2
0.471276	0.599353	0.639552	19124.5
0.837648	0.00364582	0.0207401	620.192
1	2.12808e-06	2.99214e-05	0.894741
0.970785	1	0.999569	29890.1
0.067196	1	0.248635	7434.92
1	1	1	29903
0.996895	1	0.999995	29902.9
0.554659	1	0.881576	26361.8
0.739479	1	0.962661	28786.4
1	0.185807	0.498528	14907.5
0.0429955	1	0.178288	5331.33
1	1	1	29903
0.891369	0.638453	0.889899	26610.7
0.417862	0.00478153	0.0144169	431.109
0.284288	2.15607e-07	1.07924e-06	0.0322726
0.948128	0.480755	0.813937	24339.1
0.840084	0.215636	0.490636	14671.5
0.642019	0.714851	0.816385	24412.3
0.998689	1	0.999999	29903
0.892719	1	0.994028	29724.4
1	1	1	29903
0.737195	1	0.961968	28765.7
0.94332	1	0.998362	29854
0.999999	0.0052308	0.0327092	978.102
0.300674	0.390128	0.368679	11024.6
0.54504	1	0.875823	26189.7
0.817587	1	0.982247	29372.1
0.953751	1	0.998914	29870.5
0.987364	0.873175	0.990028	29604.8
0.943436	1	0.998369	29854.2
0.271115	1	0.624978	18688.7
0.99143	0.607191	0.907507	27137.2
0.999979	2.55363e-07	4.13183e-06	0.123554
0.0317394	0.116735	0.0244464	731.022
0.770526	0.247434	0.506624	15149.6
0.989893	1.94214e-05	0.000227996	6.81778
0.0191212	1	0.0947829	2834.29
0.991595	1	0.999965	29901.9
0.0236765	1	0.112304	3358.22
0.359024	1	0.726796	21733.4
0.83745	1	0.986008	29484.6
0.999913	1	1	29903
0.765198	1	0.969981	29005.3
0.548106	1	0.877675	26245.1
1	0.000143832	0.00141629	42.3514
0.999864	0.871242	0.991314	29643.3
0.979577	0.384805	0.744715	22269.2
0.677282	1	0.941197	28144.6
0.453572	1	0.812167	24286.2
0.350948	0.0812889	0.129999	3887.36
0.910833	1	0.995901	29780.4
0.999993	1	1	29903
0.716734	1	0.955443	28570.6
0.989991	1	0.99995	29901.5
0.607336	1	0.910198	27217.7
0.190244	1	0.505944	15129.2
0.757482	0.000380767	0.00263939	78.9258
0.958105	0.00226504	0.0154795	462.885
0.949218	0.000899822	0.0068889	205.999
0.991483	3.62191e-06	4.86124e-05	1.45366
1	0.0262419	0.121773	3641.37
0.824529	0.00545049	0.0287846	860.746
0.99556	6.40151e-10	1.41315e-08	0.000422575
0.999997	3.67849e-10	8.35874e-09	0.000249951
0.664783	0.0993928	0.245598	7344.11
0.754832	0.0993833	0.269316	8053.36
0.979051	0.0243928	0.113072	3381.18
0.360097	0.000672333	0.0022579	67.5181
0.301975	0.0786015	0.112525	3364.85
0.820328	0.000107501	0.000911499	27.2566
0.305484	2.21131e-23	3.67157e-22	1.09791e-17
0.0714224	8.9039e-17	2.58169e-16	7.72003e-12
0.505776	0.00191528	0.00769107	229.986
0.516595	4.33083e-17	8.80118e-16	2.63182e-11
0.475978	1	0.829336	24799.6
0.820035	1	0.982737	29386.8
0.450168	1	0.809462	24205.4
0.92575	1	0.997173	29818.5
0.733565	0.838777	0.914116	27334.8
1	0.142978	0.42108	12591.6
1	0.361375	0.729196	21805.2
0.567405	1	0.888943	26582.1
0.539318	1	0.87232	26085
0.999947	1	1	29903
0.999991	0.32612	0.69153	20678.8
1	1.73694e-05	0.000207752	6.21241
0.634602	0.00993278	0.0382405	1143.5
0.710516	0.401401	0.643004	19227.7
0.697435	0.612578	0.790563	23640.2
0.999962	0.630248	0.921186	27546.2
0.931352	0.0865719	0.283644	8481.81
0.300257	1	0.661501	19780.9
0.937776	1	0.998023	29843.9
0.892031	0.252776	0.561344	16785.9
0.633627	0.258553	0.46018	13760.8
0.38983	1	0.757068	22638.6
0.944332	0.623014	0.900421	26925.3
1	0.0277574	0.127247	3805.07
1	1	1	29903
0.543129	1	0.874659	26154.9
0.997339	0.724552	0.95738	28628.5
0.866741	1	0.990698	29624.8
0.959282	1	0.99916	29877.9
0.334153	1	0.700437	20945.2
1	0.0112292	0.0616397	1843.21
0.998096	0.153039	0.439755	13150
1	0.70925	0.952911	28494.9
1	3.12909e-19	1.36455e-17	4.0804e-13
0.997643	3.13166e-20	1.43443e-18	4.28939e-14
0.975992	3.56886e-22	1.75583e-20	5.25046e-16
0.999985	2.10928e-16	7.82425e-15	2.33969e-10
0.964147	1	0.999349	29883.5
0.891624	1	0.993903	29720.7
0.850732	1	0.98826	29551.9
0.809485	1	0.980575	29322.1
0.687281	1	0.94502	28258.9
0.470512	1	0.825247	24677.4
0.5008	1	0.847127	25331.6
0.79193	1	0.976673	29205.5
0.965008	1	0.999381	29884.5
0.962499	1	0.999288	29881.7
0.754147	1	0.966943	28914.5
0.32232	1	0.687254	20551
0.00357498	1	0.0237157	709.171
0.332878	1	0.699037	20903.3
0.546055	1	0.876438	26208.1
0.648492	1	0.929357	27790.6
0.872477	1	0.991499	29648.8
0.748063	6.59023e-08	8.78774e-07	0.026278
0.970355	3.45333e-06	4.5594e-05	1.3634
0.95118	0.00427549	0.0264539	791.051
0.887995	0.198952	0.48292	14440.8
0.908336	0.000410374	0.00331552	99.144
0.857621	0.000688723	0.00498181	148.971
0.216409	2.53806e-05	7.20194e-05	2.1536
0.0864246	0.102409	0.0506901	1515.79
0.568993	0.00337735	0.013941	416.877
0.915029	0.0471372	0.178717	5344.16
0.25277	0.000175223	0.000488297	14.6015
0.880759	0.0101704	0.0511951	1530.89
0.447975	1	0.807707	24152.9
0.809431	1	0.980564	29321.8
0.757336	0.0312413	0.112243	3356.4
0.961939	0.897327	0.990181	29609.4
0.614599	0.0312356	0.0950843	2843.31
0.571707	0.0312336	0.0897357	2683.37
0.227332	0.0312336	0.0422304	1262.81
0.227332	0.0312336	0.0422304	1262.81
0.308027	0.0312336	0.0542981	1623.68
0.571707	0.0312336	0.0897357	2683.37
0.831441	0.0312336	0.120778	3611.61
0.637358	0.0312336	0.0978764	2926.8
0.175979	1	0.481723	14405
0.478873	1	0.831476	24863.6
0.726962	1	0.958776	28670.3
0.989527	7.42635e-39	6.526e-37	1.95147e-32
0.902544	0.586047	0.865807	25890.2
0.616228	0.777688	0.831742	24871.6
1	0.000901333	0.00722115	215.934
0.953191	0.00250854	0.0168239	503.085
0.966138	0.351895	0.706772	21134.6
0.618309	0.000874831	0.00460982	137.847
0.868948	0.000872255	0.0062037	185.509
0.549551	0.000874567	0.00415276	124.18
0.989728	0.158071	0.446662	13356.5
1	2.71453e-49	3.06275e-47	9.15855e-43
0.984789	1	0.999884	29899.5
0.900534	1	0.994881	29749.9
0.503597	1	0.849054	25389.3
0.971432	1	0.999588	29890.7
0.994327	1	0.999984	29902.5
0.999822	1	1	29903
0.997272	2.80625e-31	1.99683e-29	5.97112e-25
0.561327	0.0875705	0.19725	5898.37
0.423654	1.06059e-05	5.98183e-05	1.78875
1	9.22239e-05	0.000949103	28.381
0.269092	0.793262	0.543108	16240.6
0.989838	1.028e-10	2.44299e-09	7.30529e-05
0.901092	1	0.994939	29751.7
0.873932	1	0.991697	29654.7
0.758951	1	0.968283	28954.6
0.999989	1	1	29903
0.983745	1	0.999867	29899
0.561331	1	0.885469	26478.2
0.817248	0.823671	0.939572	28096
0.382662	1	0.750249	22434.7
0.761757	0.00480993	0.0242161	724.134
0.932608	1	0.997676	29833.5
1	4.55029e-15	1.54817e-13	4.6295e-09
0.977189	1	0.999738	29895.2
0.289561	1	0.648439	19390.3
0.999999	1	1	29903
0.99999	0.0306032	0.137305	4105.83
1	1.92955e-17	7.61916e-16	2.27836e-11
0.994204	0.0527199	0.206962	6188.79
0.660623	0.000584278	0.00341974	102.26
0.805594	0.00338211	0.0188146	562.613
0.939984	0.0107471	0.0565215	1690.16
0.690684	0.0385433	0.123151	3682.58
0.72726	1.05572e-08	1.51138e-07	0.00451948
0.616752	0.0176721	0.0601538	1798.78
0.995922	1	0.999992	29902.8
0.996419	1	0.999994	29902.8
0.836408	1	0.985823	29479.1
0.638683	1	0.925035	27661.3
1	4.50781e-09	9.11364e-08	0.00272525
5.38356e-05	0.284922	0.000185373	5.54321
0.803112	1	0.979203	29281.1
0.715968	0.903449	0.92864	27769.1
1	0.0801564	0.282453	8446.19
0.999998	1	1	29903
0.991742	1	0.999966	29902
0.990594	1	0.999956	29901.7
0.997627	1	0.999997	29902.9
0.895288	0.092315	0.288704	8633.13
0.986348	0.025161	0.116548	3485.14
1	0.760177	0.968621	28964.7
0.281868	1	0.638803	19102.1
0.630121	0.000126394	0.000831316	24.8588
0.648109	0.0205337	0.0707907	2116.85
0.550853	0.180141	0.328486	9822.72
0.994697	0.181745	0.490002	14652.5
0.523826	0.0365813	0.0949453	2839.15
1	1	1	29903
0.472644	0.00466577	0.0156946	469.314
0.970309	1	0.999555	29889.7
0.574265	1	0.892789	26697.1
0.940239	1	0.998178	29848.5
0.780615	1	0.973952	29124.1
0.858349	1	0.989457	29587.7
0.812852	1	0.98128	29343.2
0.367696	1	0.735575	21995.9
0.314969	1	0.678847	20299.5
0.956343	1	0.999033	29874.1
0.576103	0.653633	0.744338	22257.9
0.975376	0.309388	0.663317	19835.2
1	6.7287e-11	1.64329e-09	4.91392e-05
0.864324	0.0142696	0.0665449	1989.89
0.961115	1	0.999234	29880.1
0.744614	1	0.964193	28832.3
0.972544	1	0.99962	29891.6
0.923384	1	0.996987	29812.9
0.501675	0.100199	0.200587	5998.16
0.87166	0.0340511	0.134076	4009.29
0.99883	1	0.999999	29903
0.997506	1.0036e-33	7.70685e-32	2.30458e-27
0.69525	1	0.947962	28346.9
0.760861	1	0.968808	28970.3
0.563554	0.632775	0.724308	21659
0.571517	0.632873	0.729525	21815
0.681621	0.624601	0.789291	23602.2
0.121705	1	0.378034	11304.4
0.999996	1	1	29903
0.58848	1	0.900499	26927.6
0.753235	1	0.966685	28906.8
0.399286	1	0.765861	22901.6
0.624945	1	0.918726	27472.7
0.368418	1	0.736297	22017.5
0.951537	0.000248358	0.00220969	66.0762
0.999717	1.72504e-42	1.67563e-40	5.01065e-36
0.928185	0.0367365	0.1493	4464.51
1	1.42991e-18	6.01834e-17	1.79966e-12
0.947127	0.134436	0.38975	11654.7
0.708287	0.0040998	0.0198672	594.09
0.95674	0.0709007	0.250353	7486.31
0.902911	1	0.995126	29757.3
0.918726	0.00316013	0.0198641	593.995
0.549589	0.00314313	0.0127158	380.241
0.539666	1	0.872534	26091.4
0.57747	1	0.894558	26750
0.999993	0.408794	0.774476	23159.2
0.999999	0.9178	0.996525	29799.1
0.999484	0.737238	0.961865	28762.6
0.429241	0.897326	0.752649	22506.4
0.728732	0.726376	0.866062	25897.8
1	0.0799907	0.282035	8433.69
0.878156	1	0.992256	29671.4
0.363044	1.97527e-11	1.91189e-10	5.71712e-06
0.47343	0.400171	0.50463	15089.9
0.723084	0.260318	0.502593	15029.1
0.849625	0.663172	0.886687	26514.6
0.999999	1.79798e-07	2.97231e-06	0.0888809
0.495649	1	0.843539	25224.3
0.999975	0.623084	0.917842	27446.2
0.942922	1	0.998339	29853.3
0.994814	0.0081718	0.0472504	1412.93
0.99665	0.243595	0.586457	17536.8
0.941854	1	0.998276	29851.4
0.995748	1	0.999991	29902.7
0.82518	1	0.983741	29416.8
1	0.194627	0.513168	15345.3
0.932007	1	0.997634	29832.3
0.747394	1	0.965007	28856.6
0.419101	1	0.78357	23431.1
0.0307239	1	0.137727	4118.44
0.785517	1	0.975151	29159.9
0.788764	1	0.975928	29183.2
0.520293	1	0.860233	25723.5
0.857892	1	0.989387	29585.6
0.968077	1	0.999485	29887.6
0.951572	1	0.998808	29867.4
0.333865	0.0130251	0.0279959	837.162
0.534041	0.238054	0.389343	11642.5
0.083	7.74547e-12	1.86902e-11	5.58892e-07
0.848273	0.00708517	0.0367479	1098.87
0.921588	0.368754	0.706621	21130.1
0.441012	0.261754	0.364669	10904.7
0.413113	0.000110358	0.000501301	14.9904
0.922725	3.41767e-05	0.000358384	10.7168
0.999299	0.0155626	0.0803024	2401.28
0.131269	1	0.397811	11895.7
0.652945	1	0.931271	27847.8
0.538833	0.000309084	0.00161553	48.3091
0.310633	0.000468676	0.0014318	42.8152
0.934213	1	0.997787	29836.8
0.886812	1	0.993338	29703.8
0.982808	1	0.999851	29898.6
0.793999	1	0.977153	29219.8
0.821284	1	0.982984	29394.2
0.00177553	0.00025918	7.175e-06	0.214554
0.561325	0.0194213	0.0601646	1799.1
0.990086	0.0014855	0.0110631	330.819
0.723561	0.00102522	0.00608759	182.037
0.973539	0.234158	0.565021	16895.8
0.857162	0.000271542	0.00217988	65.1849
0.663833	1	0.935822	27983.9
0.829413	1	0.984544	29440.8
0.999996	0.8237	0.983455	29408.3
0.779929	0.774132	0.908408	27164.1
0.999047	1	1	29903
0.305314	1	0.667543	19961.5
0.601961	0.647396	0.756951	22635.1
0.877785	0.00640004	0.0347285	1038.49
0.709776	0.000884122	0.00525475	157.133
0.526436	0.381465	0.523201	15645.3
0.0936021	0.0037709	0.00315873	94.4555
0.997317	1	0.999996	29902.9
0.994349	1	0.999984	29902.5
0.977846	1	0.999753	29895.6
1.79807e-87	0	0	0
0.813572	0.0802988	0.243567	7283.39
0.999984	1	1	29903
0.988134	0.270514	0.619977	18539.2
0.999993	1	1	29903
0.000186204	0.000468907	1.50647e-06	0.0450479
0.459732	1	0.816995	24430.6
0.917242	0.0595045	0.213303	6378.41
0.55404	1	0.881211	26350.8
0.97243	1	0.999616	29891.5
0.00171872	1	0.0126604	378.585
0.596167	1	0.904525	27048
0.827655	0.00393849	0.0219252	655.63
0.130602	1	0.396455	11855.2
0.827136	1	0.984115	29428
1	1	1	29903
0.477053	1.51192e-05	9.26083e-05	2.76927
0.577356	1.51165e-05	0.000110396	3.30117
0.599861	1.51241e-05	0.000114405	3.42104
0.499595	3.54013e-05	0.000211222	6.31618
0.316041	1.17004e-07	6.69782e-07	0.0200285
0.32014	1.46174e-08	9.44349e-08	0.00282389
0.557989	1.36959e-06	1.15277e-05	0.344714
0.746275	1.37368e-06	1.51625e-05	0.453404
0.545873	2.36923e-07	2.18061e-06	0.0652069
0.449178	8.37945e-06	5.07748e-05	1.51832
0.636392	7.98467e-07	7.87234e-06	0.235406
0.408911	1.18461e-07	8.64314e-07	0.0258456
0.987517	1	0.999922	29900.7
0.986652	0.0342276	0.148191	4431.37
0.815516	1	0.981828	29359.6
4.19509e-05	5.51824e-206	1.11975e-207	3.34839e-203
1	8.96649e-09	1.75114e-07	0.00523642
0.999995	5.43397e-10	1.21357e-08	0.000362895
0.534436	0.000158827	0.000880592	26.3324
0.877864	0.000158871	0.00137761	41.1947
0.9909	0.00852106	0.0487559	1457.95
0.83234	0.0327718	0.125522	3753.49
0.674559	0.0479619	0.143358	4286.84
0.997587	0.348578	0.715055	21382.3
0.44628	0.0131465	0.0360141	1076.93
0.968932	1	0.999512	29888.4
0.917478	1	0.996497	29798.3
0.991129	1	0.999961	29901.8
0.584805	1	0.898539	26869
0.99453	1	0.999985	29902.6
0.93031	1	0.997513	29828.6
0.579319	0.000488223	0.00259379	77.5622
0.91245	1	0.996051	29784.9
0.7191	1	0.956227	28594
0.208787	0.226422	0.191544	5727.75
0.723203	0.282922	0.529254	15826.3
0.865844	0.287717	0.595349	17802.7
0.946998	1	0.99857	29860.2
0.719183	1	0.956254	28594.9
0.121766	1	0.378164	11308.2
0.496824	1	0.844362	25248.9
0.688728	1	0.945561	28275.1
0.465466	1	0.821415	24562.8
0.00223619	0.474453	0.00832708	249.005
0.0839121	0.0709423	0.0364549	1090.11
0.93319	0.092955	0.298817	8935.52
0.74678	1	0.964828	28851.3
0.808424	1	0.98035	29315.4
0.404595	1	0.7707	23046.2
0.821006	1	0.982929	29392.5
0.674739	1	0.940201	28114.8
0.918003	1	0.996542	29799.6
1	0.831273	0.98489	29451.2
0.766127	1	0.970229	29012.8
0.236904	0.345405	0.286654	8571.83
0.762951	0.0187609	0.075097	2245.62
0.413268	0.13127	0.212342	6349.68
0.884157	1	0.993015	29694.1
0.953699	1	0.998911	29870.4
0.543127	1	0.874658	26154.9
0.894895	1	0.994272	29731.7
0.995625	0.855279	0.98839	29555.8
0.14824	1	0.431219	12894.7
0.432301	1	0.794843	23768.2
0.251111	1	0.598112	17885.3
0.251111	1	0.598112	17885.3
0.986402	0.605006	0.904842	27057.5
0.632645	1	0.922299	27579.5
0.981519	1	0.999828	29897.9
0.261436	1	0.612169	18305.7
0.094497	1	0.317433	9492.2
0.000350839	1	0.00314183	93.95
0.0179901	1	0.090273	2699.43
0.00296734	1	0.0202375	605.162
0.0300232	1	0.135278	4045.22
0.395359	1	0.762237	22793.2
0.621098	1	0.916906	27418.2
0.922159	1	0.996889	29810
0.991033	0.752713	0.964589	28844.1
0.68237	0.659897	0.809563	24208.4
0.702145	0.0196432	0.0728738	2179.14
0.518502	1	0.85906	25688.5
0.9998	2.3048e-15	7.99696e-14	2.39133e-09
0.999983	6.82464e-24	3.70855e-22	1.10897e-17
0.391413	0.078345	0.137522	4112.32
0.476922	0.0358174	0.0866014	2589.64
0.445368	4.24608e-06	2.68123e-05	0.801767
0.982315	7.57114e-05	0.000781389	23.3659
0.989343	0.00262751	0.0180729	540.434
0.66403	0.00343121	0.016141	482.664
0.469961	0.010833	0.0319735	956.104
0.681222	0.341255	0.571643	17093.8
0.997268	1	0.999996	29902.9
0.763085	1	0.969412	28988.3
0.534843	1	0.869538	26001.8
0.483607	1	0.834939	24967.2
0.857328	1	0.989301	29583.1
0.227899	0.83173	0.504792	15094.8
0.212647	0.844932	0.488101	14595.7
0.318503	0.791132	0.599308	17921.1
0.154477	0.855448	0.399591	11949
0.983785	1	0.999868	29899
0.741407	1	0.96324	28803.8
0.364198	1	0.732059	21890.8
0.999999	1	1	29903
0.166284	0.167609	0.127653	3817.2
0.860103	4.34039e-06	5.03914e-05	1.50685
0.361632	1.11421e-10	1.00471e-09	3.00439e-05
0.908034	0.000735342	0.00554982	165.956
0.834021	0.0082705	0.0412249	1232.75
0.935561	0.000163142	0.00149386	44.6709
0.8973	6.7408e-06	7.87257e-05	2.35414
0.91913	1.23472e-05	0.00014057	4.20346
0.918058	2.30206e-05	0.000248636	7.43497
1	4.17561e-11	1.03969e-09	3.10899e-05
0.760015	0.0037074	0.0193627	579.002
0.965093	0.00368408	0.0236058	705.884
0.961574	0.00370083	0.0236235	706.413
0.999999	0.00144534	0.010897	325.853
0.608048	4.24804e-05	0.000298699	8.93199
0.826059	0.155859	0.39267	11742
0.945044	0.400135	0.745882	22304.1
0.950046	0.116855	0.355041	10616.8
0.799414	0.107247	0.296343	8861.54
1	6.86548e-06	8.84892e-05	2.64609
1	0.000324237	0.00292917	87.591
0.684534	1	0.943984	28227.9
0.998893	0.801857	0.978731	29267
0.993407	0.151217	0.434986	13007.4
0.998745	0.382936	0.75005	22428.7
0.491022	1	0.840269	25126.6
0.97946	1	0.999788	29896.6
0.947743	0.382939	0.730773	21852.3
0.8397	1	0.986405	29496.5
0.919592	0.774324	0.953872	28523.6
0.920033	0.687443	0.922219	27577.1
0.790938	1	0.976441	29198.5
0.372673	0.734465	0.62836	18789.8
0.74049	1	0.962965	28795.5
0.906507	0.156203	0.41839	12511.1
0.901679	1	0.995	29753.5
0.999999	0.0667286	0.247371	7397.13
0.942645	1	0.998323	29852.8
0.405568	1	0.77158	23072.6
0.95498	1	0.998971	29872.2
0.950195	0.590336	0.885239	26471.3
0.860269	0.11093	0.319629	9557.85
0.561628	0.0968883	0.212824	6364.07
1	0.247949	0.593722	17754.1
0.938796	0.149504	0.415951	12438.2
0.969353	0.180715	0.480328	14363.2
0.994698	0.186837	0.498596	14909.5
0.0306959	0.342377	0.0583856	1745.9
0.145423	0.399155	0.223276	6676.61
0.319237	0.228577	0.263985	7893.93
0.959357	1	0.999163	29878
0.71537	1	0.954987	28557
0.461851	1	0.818637	24479.7
0.999999	0.0785021	0.278261	8320.84
0.965402	0.371606	0.726515	21725
0.928974	0.150311	0.414537	12395.9
0.652412	0.0870498	0.219693	6569.47
0.985255	0.301604	0.657755	19668.8
0.939739	0.326691	0.669543	20021.4
0.824301	0.301599	0.594641	17781.6
0.635195	1	0.923461	27614.3
0.609158	1	0.911104	27244.7
0.999999	6.22063e-07	9.51147e-06	0.284422
0.646587	1	0.92853	27765.8
0.982149	1	0.99984	29898.2
0.962907	1	0.999303	29882.2
0.984048	1	0.999872	29899.2
0.850916	1	0.988289	29552.8
1	1	1	29903
0.967763	1	0.999475	29887.3
0.74532	1	0.9644	28838.5
0.996403	0.226022	0.560934	16773.6
0.999998	0.410254	0.775781	23198.2
1	1	1	29903
0.722266	0.097586	0.257431	7697.96
0.561896	1	0.885794	26487.9
0.52516	1	0.863391	25818
0.988518	1	0.999934	29901
0.998717	1	0.999999	29903
1	0.00578725	0.0356037	1064.66
1	0.903487	0.995185	29759
0.525186	1	0.863407	25818.5
0.838306	1	0.98616	29489.1
0.569414	0.291508	0.464077	13877.3
0.610684	0.097966	0.228316	6827.33
0.637628	0.475008	0.664644	19874.9
0.900148	0.0575045	0.205036	6131.19
0.430477	2.85786e-11	3.21355e-10	9.60949e-06
0.643001	1.50972e-05	0.000121758	3.64093
0.999998	9.43587e-09	1.83799e-07	0.00549613
0.0155343	9.75098e-06	2.53007e-06	0.0756566
0.940343	1	0.998184	29848.7
0.92549	1	0.997152	29817.9
0.908926	1	0.995721	29775
0.876282	1	0.99201	29664.1
0.926381	1	0.997221	29819.9
0.978757	1	0.999773	29896.2
0.883218	1	0.992899	29690.7
0.821476	1	0.983021	29395.3
0.986573	1	0.999909	29900.3
0.630672	1	0.921393	27552.4
0.706302	1	0.951892	28464.4
0.707407	1	0.952275	28475.9
0.838414	1	0.986179	29489.7
0.780899	1	0.974023	29126.2
0.449914	1	0.80926	24199.3
0.491372	1	0.840518	25134
0.641072	1	0.926101	27693.2
0.695398	1	0.948016	28348.5
0.791105	1	0.97648	29199.7
0.640478	1	0.925837	27685.3
0.737451	1	0.962046	28768.1
0.65079	1	0.930349	27820.2
0.78164	1	0.974206	29131.7
0.408282	1	0.77402	23145.5
0.534974	1	0.86962	26004.2
0.535674	1	0.870058	26017.3
0.527407	1	0.864833	25861.1
0.629467	0.0875832	0.214902	6426.22
0.323664	0.000750916	0.00226572	67.7519
0.574256	0.0875983	0.200696	6001.41
0.630936	0.00433836	0.0188891	564.84
0.969445	0.800828	0.972887	29092.2
0.508733	0.107006	0.212888	6366
0.404321	4.0496e-05	0.000196806	5.88509
0.823703	1	0.983456	29408.3
0.999991	0.0237823	0.112699	3370.04
0.999987	0.0145355	0.0760369	2273.73
1	0.116851	0.367714	10995.8
0.995746	1	0.999991	29902.7
1	0.0521674	0.206233	6167
0.962769	1	0.999298	29882
0.963179	1	0.999314	29882.5
0.67424	1	0.940004	28109
0.995179	1	0.999988	29902.7
0.932844	1.46933e-08	2.6187e-07	0.00783069
0.830746	1.46829e-08	2.34465e-07	0.00701121
0.85625	1.46994e-08	2.41541e-07	0.00722281
0.750727	1.47176e-08	2.13476e-07	0.00638356
0.69998	1.40917e-05	0.000123561	3.69485
1	2.13234e-07	3.4887e-06	0.104322
0.999008	2.52388e-06	3.50237e-05	1.04732
0.940018	0.00316828	0.0203009	607.059
0.961081	1	0.999233	29880.1
0.826701	0.0485827	0.169281	5062
0.896153	0.0485882	0.180005	5382.7
0.993725	1	0.99998	29902.4
0.0122536	1.43727e-16	7.37587e-17	2.20561e-12
0.723674	3.02543e-09	4.58457e-08	0.00137092
0.708972	0.511893	0.730764	21852
0.905816	1	0.995418	29766
0.984084	0.0714192	0.256899	7682.05
1	0.0568348	0.219815	6573.12
0.999999	0.0356431	0.154484	4619.54
0.944825	0.42058	0.764102	22849
0.929434	0.287741	0.620151	18544.4
0.893275	0.314713	0.637861	19074
1	0.0569676	0.220195	6584.5
0.987901	0.192308	0.505508	15116.2
0.810112	0.339332	0.629887	18835.5
0.479816	0.045396	0.105134	3143.81
1	1.51576e-08	2.88067e-07	0.00861407
0.901273	0.524506	0.826909	24727
0.0269822	1	0.124457	3721.65
0.317416	3.08487e-05	0.000122731	3.67002
1	5.40402e-19	2.32708e-17	6.95866e-13
0.96988	1	0.999542	29889.3
0.905686	1	0.995406	29765.6
0.722826	1	0.957446	28630.5
0.9947	1	0.999986	29902.6
0.905933	1	0.99543	29766.3
0.979957	1	0.999798	29897
0.80631	1	0.979898	29301.9
0.967236	1	0.999457	29886.8
0.99257	0.0372844	0.159007	4754.79
0.0131969	0.00472771	0.000666468	19.9294
0.900132	0.0374652	0.148032	4426.59
0.876909	0.0487046	0.177387	5304.4
0.265553	0.0787761	0.101816	3044.59
0.356861	1	0.724573	21666.9
0.255595	1	0.604268	18069.4
0.759913	1	0.968548	28962.5
0.715441	1	0.955011	28557.7
0.42653	1	0.789964	23622.3
0.525482	1	0.863598	25824.2
0.681645	1	0.942883	28195
0.579512	1	0.895675	26783.4
0.89062	1	0.993787	29717.2
0.129344	6.49306e-05	0.000106554	3.18629
0.853482	0.115985	0.327931	9806.11
0.0355912	0.000244227	0.000109985	3.28887
1	0.0517802	0.205088	6132.76
0.203126	0.000243444	0.000539722	16.1393
0.145567	0.000243337	0.000398433	11.9143
0.0692363	0.000243337	0.000202027	6.04121
0.213837	0.000243337	0.000565282	16.9036
0.692875	0.000243337	0.00163342	48.844
0.213837	0.000243337	0.000565282	16.9036
0.370744	0.000243337	0.000930424	27.8225
0.998783	0.0117801	0.064036	1914.87
0.999996	0.00658484	0.0396603	1185.96
0.119241	1	0.37282	11148.4
0.809109	1	0.980496	29319.8
0.524174	1	0.862754	25798.9
1	0.790082	0.97624	29192.5
0.927802	1	0.997329	29823.1
0.822283	0.743407	0.912158	27276.2
0.58256	0.202295	0.369851	11059.7
0.858892	1	0.98954	29590.2
0.729152	1	0.959471	28691.1
0.83005	1	0.984663	29444.4
0.689881	1	0.94599	28287.9
0.500643	1	0.847019	25328.4
0.448757	0.0280583	0.0676753	2023.7
0.621648	0.194063	0.375784	11237.1
0.993315	0.00197056	0.014164	423.545
0.999454	0.146973	0.428641	12817.7
0.790995	6.04416e-17	1.84444e-15	5.51543e-11
0.242209	1.68035e-18	1.76414e-17	5.27531e-13
0.705701	0.50955	0.727376	21750.7
0.752784	0.000814947	0.005151	154.03
0.750096	1	0.965789	28880
0.999928	1	1	29903
0.712239	1	0.953932	28525.4
0.988792	1	0.999937	29901.1
0.988835	1	0.999937	29901.1
0.852231	1	0.988501	29559.1
0.0462261	0	0	0
0.673819	1	0.939838	28104
0.937769	1	0.998022	29843.9
0.940141	1	0.998172	29848.3
0.915234	1	0.996301	29792.4
0.841858	1	0.986779	29507.6
0.983182	1	0.999858	29898.7
0.698146	1	0.949009	28378.2
1	0.176961	0.483426	14455.9
0.972941	1	0.999631	29892
0.968318	1	0.999493	29887.8
0.484642	1	0.83569	24989.6
0.366412	1	0.734289	21957.4
0.998163	0.226395	0.56208	16807.9
0.316042	0.633521	0.52224	15616.6
0.222402	0.633521	0.417015	12470
0.123253	0.633521	0.277194	8288.94
0.0571019	0.647141	0.158828	4749.44
0.565098	0.633593	0.725789	21703.3
0	0	0	0
0.760728	0.152786	0.366375	10955.7
0.942648	1	0.998323	29852.9
0.0588701	1	0.225615	6746.57
0.531963	1	0.867728	25947.7
0.137826	0.814334	0.357714	10696.7
0.40399	1	0.770152	23029.9
0.989217	8.34501e-18	3.32972e-16	9.95686e-12
0.898317	2.164e-34	1.5284e-32	4.57037e-28
0.50344	0.303462	0.439807	13151.5
0.998179	0.127558	0.389746	11654.6
0.991758	0.14833	0.429052	12829.9
0.563551	0.303427	0.472995	14144
0.999995	0.425762	0.789307	23602.7
0.446388	0.00543855	0.0170445	509.681
0.814021	0.308601	0.598245	17889.3
0.983472	0.0902772	0.303781	9083.97
0.908873	0.136332	0.382655	11442.5
0.951991	0.310259	0.655574	19603.6
0.000172202	0.407026	0.000740557	22.1449
4.61486e-06	2.62691e-13	5.12239e-17	1.53175e-12
0.408718	5.92138e-07	3.92898e-06	0.117488
0.886745	0.0528981	0.190424	5694.23
0.12388	1	0.382596	11440.8
0.8744	0.838323	0.960686	28727.4
0.360219	1	0.728019	21769.9
0.999999	0.479062	0.831615	24867.8
1	1	1	29903
0.786748	1	0.975447	29168.8
0.988054	1	0.999928	29900.9
0.00036925	0.000688921	4.11706e-06	0.123112
0.999999	1	1	29903
0.965441	1	0.999396	29884.9
0.93759	1	0.998011	29843.5
0.93759	1	0.998011	29843.5
0.93759	1	0.998011	29843.5
0.947715	1	0.998609	29861.4
0.900047	1	0.994829	29748.4
0.998878	1	0.999999	29903
0.142728	0.000688165	0.00100463	30.0415
0.999993	0.00170533	0.012575	376.03
0.0405963	0.00330664	0.00133108	39.8034
0.552484	0.00330664	0.0133455	399.071
0.00490479	1.27185e-05	1.09729e-06	0.0328122
0.76379	0.141963	0.349324	10445.8
0.951299	0.82144	0.974155	29130.2
0.863527	0.0511332	0.18192	5439.97
0.743586	0.000104436	0.000812546	24.2976
0.496847	0.00509656	0.0176714	528.429
0.999287	2.40965e-05	0.000280142	8.37709
0.941801	1	0.998273	29851.3
0.999999	0.000114953	0.00115769	34.6183
1	0.460817	0.817837	24455.8
0.580034	0.224319	0.395459	11825.4
0.986058	0.844323	0.985125	29458.2
0.806086	0.587249	0.827395	24741.6
0.0927993	0.0520789	0.0306033	915.131
0.807889	0.0108959	0.050463	1508.99
1	1.11357e-35	9.07366e-34	2.7133e-29
1	1	1	29903
0.387044	1	0.754433	22559.8
0.990207	0.625236	0.915958	27389.9
0.549936	0.888818	0.838679	25079
1	0.871609	0.991381	29645.3
0.999999	0.83003	0.984659	29444.3
0.982996	0.82191	0.980246	29312.3
0.99864	0.82191	0.982887	29391.3
0.838142	0.853997	0.955121	28561
0.929691	0.876359	0.98167	29354.9
0.919795	0.830103	0.969531	28991.9
1	0.480923	0.832981	24908.6
0.925784	1	0.997175	29818.5
0.913663	0.00541729	0.0312242	933.697
0.997271	1.5637e-12	4.39552e-11	1.31439e-06
0.645386	0.0140838	0.051816	1549.45
0.957258	0.301337	0.64707	19349.3
0.488332	0.459719	0.559869	16741.8
0.810059	0.310139	0.598277	17890.3
0.790738	0.73591	0.89698	26822.4
0.148764	0.0247684	0.0243318	727.595
0.882886	0.0223093	0.097051	2902.11
0.842618	0.000841952	0.00585364	175.042
1	1	1	29903
0.782775	1	0.974484	29140
1	1	1	29903
0.946693	1	0.998553	29859.7
1	1	1	29903
0.999998	1	1	29903
1	1	1	29903
1	1	1	29903
1	1	1	29903
1	1	1	29903
1	1	1	29903
0.298277	0.00433174	0.00988621	295.627
0.0685378	0.00039276	0.000310178	9.27526
0.70363	0.00432951	0.0206964	618.886
0.513049	0.332133	0.471942	14112.5
0.242618	0.000248047	0.000645025	19.2882
0.995164	0.0851341	0.293849	8786.97
0.772412	1	0.971877	29062.1
0.999998	1	1	29903
0.735812	1	0.961545	28753.1
0.502203	1	0.848096	25360.6
0.798331	1	0.978141	29249.3
0.0364415	1	0.157137	4698.88
0.943345	1	0.998364	29854.1
0.92815	1	0.997355	29823.9
0.999999	1	1	29903
0.337072	0.101908	0.15015	4489.92
0.470767	0.260569	0.380057	11364.8
0.851304	1	0.988352	29554.7
0.991452	0.154618	0.440786	13180.8
1	2.63603e-09	5.47081e-08	0.00163594
0.131307	1	0.397888	11898
0.383984	0.036409	0.0736784	2203.21
1	1	1	29903
0.999999	0.00623969	0.0379175	1133.85
0.800192	0.37102	0.657428	19659.1
0.653799	1	0.931634	27858.7
0.773105	1	0.972056	29067.4
0.999995	0.812416	0.981189	29340.5
0.903942	1	0.995231	29760.4
1	9.83635e-16	3.49734e-14	1.04581e-09
0.346902	0.000129692	0.000495304	14.8111
0.950632	0.861668	0.982556	29381.4
0.998043	0.0161358	0.0825934	2469.79
0.311267	0.000267554	0.00086556	25.8829
0.997931	0.00903232	0.051459	1538.78
0.999993	1.30341e-34	1.02998e-32	3.07996e-28
0.743599	1	0.963893	28823.3
0.676014	0.158642	0.346682	10366.8
0.815695	0.408264	0.699192	20907.9
0.719108	1	0.956229	28594.1
0.974823	0.700929	0.943508	28213.7
1	0.00746989	0.044049	1317.2
0.647388	1	0.928878	27776.2
0.944173	1	0.998412	29855.5
0.374834	0.680133	0.603369	18042.5
0.0264563	1	0.122553	3664.69
0.0142355	1	0.0747651	2235.7
0.160958	1	0.454967	13604.9
0.100171	1	0.330652	9887.49
0.772423	1	0.97188	29062.1
0.999998	0.71096	0.953496	28512.4
1	0.0110694	0.0609213	1821.73
0.498899	1	0.845809	25292.2
0.862354	0.895368	0.971803	29059.8
1	0.0942473	0.316844	9474.57
0.983867	0.104947	0.337699	10098.2
0.324853	0.594633	0.510774	15273.7
0.783082	0.199614	0.446415	13349.2
0.478087	0.154547	0.266379	7965.53
0.742859	0.182642	0.40669	12161.3
0.141719	0.758561	0.347259	10384.1
0.235874	0.863348	0.527716	15780.3
0.227427	0.252844	0.221728	6630.34
0.369572	0.157437	0.223668	6688.34
0.118596	0.483665	0.22132	6618.14
0.0416383	0.207977	0.0497859	1488.75
0.0356714	0.207778	0.043764	1308.68
0.473298	0.157505	0.268095	8016.83
0.576668	0.118439	0.251607	7523.82
0.196832	0.0912625	0.0901658	2696.23
0.30648	0.291021	0.304766	9113.42
0.663296	0.664613	0.801916	23979.7
1	0.0632565	0.23788	7113.32
1	0.518635	0.859147	25691.1
0.988835	1	0.999937	29901.1
0.869384	1	0.991072	29636
1	1	1	29903
0.498694	1	0.845666	25288
0.99011	0.510408	0.85026	25425.3
1	0.201317	0.524002	15669.2
0.690502	0.0256266	0.0890858	2663.93
1	1	1	29903
0.232085	0.246609	0.220959	6607.34
0.199876	1	0.521688	15600
0.423496	0.855478	0.730129	21833
0.632918	0.371725	0.575712	17215.5
0.0376851	0.230795	0.0499648	1494.1
0.530093	0.256945	0.407742	12192.7
0.950382	0.245606	0.573026	17135.2
0.94176	0.237588	0.558755	16708.5
0.976353	0.373675	0.732706	21910.1
0.94075	0.373675	0.719046	21501.6
0.493808	0.373675	0.496365	14842.8
0.94075	0.373675	0.719046	21501.6
1	0.302609	0.664322	19865.2
0.440245	0.392385	0.476076	14236.1
0.0829291	3.10156e-05	3.5677e-05	1.06685
0.206399	6.70207e-06	2.00454e-05	0.599419
0.12625	1.79601e-05	3.17374e-05	0.949044
0.999997	1.74663e-07	2.89249e-06	0.086494
0.965315	0.0101855	0.0552778	1652.97
1	3.98477e-06	5.35275e-05	1.60063
0.41781	1.91422e-05	0.000101863	3.046
0.458597	0.0429678	0.0970839	2903.1
0.99999	0.00053424	0.00455952	136.343
0.265421	0.573283	0.438652	13117
0.585364	0.188106	0.353045	10557.1
0.99607	2.35023e-06	3.26918e-05	0.977583
0.994788	0.000251344	0.0023238	69.4885
0.999999	0.0056883	0.035093	1049.39
0.282229	7.59024e-10	4.98359e-09	0.000149024
0.990746	0.0969539	0.3211	9601.85
0.613825	0.291479	0.486803	14556.9
0.137867	1.37896e-28	1.27628e-27	3.81645e-23
0.978325	0.00242002	0.0166816	498.83
0.802853	1	0.979146	29279.4
0.437916	1	0.799516	23907.9
0.381054	1	0.7487	22388.4
0.935078	0.045818	0.177809	5317.01
0.820164	1	0.982762	29387.5
0.904795	0.00577804	0.0326942	977.654
0.854322	1	0.988833	29569.1
1	0.374202	0.742028	22188.9
0.952597	1	0.998858	29868.9
0.819593	0.329262	0.623337	18639.7
0.9436	0.722359	0.942873	28194.7
0.897059	0.00104502	0.00747367	223.485
0.941492	0.00944704	0.0508963	1521.95
0.999682	0.00129803	0.00992317	296.732
0.981235	0.0210093	0.100637	3009.36
0.981235	0.0210093	0.100637	3009.36
0.805857	0.494475	0.765117	22879.3
0.99999	0.0211453	0.102688	3070.68
0.99999	0.0211453	0.102688	3070.68
0.90226	0.0211453	0.0946143	2829.25
0.999938	0.0040285	0.0262417	784.706
0.749907	0.0212285	0.0818291	2446.94
0.053183	4.46349e-08	4.9515e-08	0.00148065
0.117091	1.24996e-07	2.78667e-07	0.00833296
0.86698	1	0.990732	29625.9
0.999999	0.0854862	0.295731	8843.24
0.800385	0.0852676	0.251464	7519.53
0.990968	0.0852676	0.293294	8770.36
0.999848	0.0197502	0.0972499	2908.06
0.0988425	5.64815e-05	7.3111e-05	2.18624
1	0.312769	0.676298	20223.3
0.865429	0.622088	0.871735	26067.5
0.653775	1	0.931624	27858.4
0.679593	0.620446	0.785779	23497.2
0.883163	1	0.992892	29690.5
0.962699	1	0.999296	29881.9
1	0.451316	0.810377	24232.7
0.999815	0.572558	0.891781	26666.9
0.295416	0.00275006	0.00659315	197.155
0.111062	0.00289421	0.00290666	86.9179
0.829432	0.00012006	0.00101718	30.4167
0.55417	0.00892844	0.0312151	933.426
0.669995	0.168284	0.358835	10730.2
0.692543	0.479161	0.697893	20869.1
0.979322	0.148756	0.426309	12747.9
0.728906	0.221097	0.455332	13615.8
0.739091	0.168377	0.383776	11476.1
0.0505167	0.256238	0.0692145	2069.72
0.986061	0.123684	0.378572	11320.4
0.979675	0.00404196	0.0258637	773.402
0.989431	0.0114422	0.0620526	1855.56
1	0.101989	0.334819	10012.1
0.419705	0.55627	0.573099	17137.4
0.51555	0.341887	0.48221	14419.5
1	0.165523	0.46324	13852.3
0.992221	0.0124517	0.0666385	1992.69
1	0.781956	0.974283	29134
0.897828	0.216793	0.513193	15346
0.999998	0.2645	0.616261	18428.1
0.290198	1	0.649229	19413.9
0.999991	1	1	29903
0.858227	1	0.989439	29587.2
0.944271	1	0.998417	29855.7
0.673838	1	0.939846	28104.2
0.415968	1	0.780833	23349.3
0.906638	1	0.995499	29768.4
0.99054	1	0.999955	29901.7
0.979787	1	0.999794	29896.8
0.9559	1	0.999013	29873.5
0.528848	1	0.865753	25888.6
0.743984	1	0.964007	28826.7
0.733036	1	0.960688	28727.5
0.999993	1	1	29903
