quality	AA	AC	AG	AT	A.	CA	CC	CG	CT	C.	GA	GC	GG	GT	G.	TA	TC	TG	TT	T.	.A	.C	.G	.T	..
0	NA	NA	NA	NA	NA	NA	NA	NA	NA	NA	NA	NA	NA	NA	NA	NA	NA	NA	NA	NA	NA	NA	NA	NA	NA
1	NA	NA	NA	NA	NA	NA	NA	NA	NA	NA	NA	NA	NA	NA	NA	NA	NA	NA	NA	NA	NA	NA	NA	NA	NA
2	NA	NA	NA	NA	NA	NA	NA	NA	NA	NA	NA	NA	NA	NA	NA	NA	NA	NA	NA	NA	NA	NA	NA	NA	NA
3	NA	NA	NA	NA	NA	NA	NA	NA	NA	NA	NA	NA	NA	NA	NA	NA	NA	NA	NA	NA	NA	NA	NA	NA	NA
4	NA	NA	NA	NA	NA	NA	NA	NA	NA	NA	NA	NA	NA	NA	NA	NA	NA	NA	NA	NA	NA	NA	NA	NA	NA
5	NA	NA	NA	NA	NA	NA	NA	NA	NA	NA	NA	NA	NA	NA	NA	NA	NA	NA	NA	NA	NA	NA	NA	NA	NA
6	NA	NA	NA	NA	NA	NA	NA	NA	NA	NA	NA	NA	NA	NA	NA	NA	NA	NA	NA	NA	NA	NA	NA	NA	NA
7	NA	NA	NA	NA	NA	NA	NA	NA	NA	NA	NA	NA	NA	NA	NA	NA	NA	NA	NA	NA	NA	NA	NA	NA	NA
8	NA	NA	NA	NA	NA	NA	NA	NA	NA	NA	NA	NA	NA	NA	NA	NA	NA	NA	NA	NA	NA	NA	NA	NA	NA
9	NA	NA	NA	NA	NA	NA	NA	NA	NA	NA	NA	NA	NA	NA	NA	NA	NA	NA	NA	NA	NA	NA	NA	NA	NA
10	NA	NA	NA	NA	NA	NA	NA	NA	NA	NA	NA	NA	NA	NA	NA	NA	NA	NA	NA	NA	NA	NA	NA	NA	NA
11	0.9757	0.0105598	0.00343511	0.0100509	0.000254453	0.0484461	0.925411	0.00603291	0.0199269	0.000182815	0.0211507	0.00770747	0.931708	0.039344	8.96218e-05	0.0247845	0.012931	0.0242457	0.938039	NA	3.79766e-05	NA	NA	3.79766e-05	0.999924
12	0.971258	0.013055	0.00736978	0.0081594	0.000157924	0.0385346	0.94322	0.00548446	0.0126178	0.000143385	0.0131167	0.00534081	0.951032	0.030326	0.000184166	0.0142974	0.00994789	0.0252788	0.950217	0.000258387	7.25132e-05	2.17539e-05	2.90053e-05	5.07592e-05	0.999826
13	0.965224	0.0157909	0.00762845	0.0112404	0.000116514	0.0289918	0.954399	0.00475187	0.0117171	0.00014076	0.00953134	0.00444367	0.963963	0.0219653	9.66015e-05	0.0144392	0.0100187	0.0226668	0.952715	0.000160055	5.22919e-05	2.51403e-05	3.41909e-05	8.94996e-05	0.999799
14	0.961825	0.0165869	0.00717986	0.0142096	0.000198107	0.0294903	0.951736	0.00437675	0.0142038	0.000192687	0.0189393	0.00687217	0.940653	0.0333632	0.000172019	0.0189926	0.0128851	0.0205462	0.947348	0.00022846	7.07584e-05	4.97221e-05	3.25106e-05	9.56195e-05	0.999751
15	0.977915	0.00823459	0.00519157	0.008585	7.37701e-05	0.0118677	0.976855	0.00300649	0.00813334	0.000137138	0.0144267	0.00596415	0.954721	0.0247709	0.000116944	0.0252732	0.0185794	0.0243006	0.931575	0.000271755	6.34886e-05	1.73151e-05	2.88584e-05	4.90594e-05	0.999841
16	0.964796	0.011614	0.00879329	0.0146464	0.000150254	0.0178871	0.961119	0.00454917	0.0162786	0.000165826	0.0178193	0.0079571	0.949042	0.025008	0.000173667	0.0181438	0.0130831	0.0187554	0.949783	0.0002346	0.000136387	5.32243e-05	4.98978e-05	8.64896e-05	0.999674
17	NA	NA	NA	NA	NA	NA	NA	NA	NA	NA	NA	NA	NA	NA	NA	NA	NA	NA	NA	NA	NA	NA	NA	NA	NA
18	NA	NA	NA	NA	NA	NA	NA	NA	NA	NA	NA	NA	NA	NA	NA	NA	NA	NA	NA	NA	NA	NA	NA	NA	NA
19	NA	NA	NA	NA	NA	NA	NA	NA	NA	NA	NA	NA	NA	NA	NA	NA	NA	NA	NA	NA	NA	NA	NA	NA	NA
20	0.997697	0.00131579	NA	0.000986842	NA	0.00296004	0.996547	NA	0.00049334	NA	0.000827301	0.0016546	0.993795	0.00372285	NA	NA	0.000449236	0.00359389	0.995957	NA	NA	NA	8.26515e-05	8.26515e-05	0.999835
21	0.99635	0.00140579	0.00151392	0.000702893	2.70343e-05	0.00234702	0.996714	0.000268231	0.000603521	6.70578e-05	0.00106869	0.000323845	0.9966	0.00200784	NA	0.00117438	0.00172368	0.00244346	0.994658	NA	1.33026e-05	6.65128e-06	6.65128e-06	3.32564e-05	0.99994
22	0.996757	0.00155743	0.0010468	0.000561697	7.65951e-05	0.00393493	0.994158	0.000446229	0.00137925	8.11326e-05	0.00140897	0.000536751	0.995337	0.00265021	6.70938e-05	0.00154309	0.00124443	0.00335996	0.993753	9.95545e-05	7.47714e-06	7.47714e-06	2.99086e-05	3.73857e-05	0.999918
23	0.995911	0.00137989	0.00188473	0.000807741	1.68279e-05	0.00218613	0.996403	0.000587668	0.000822736	NA	0.0014186	0.000465477	0.996188	0.00190624	2.21656e-05	0.00105902	0.00116042	0.00126182	0.996429	9.01297e-05	2.96976e-05	2.96976e-05	2.12126e-05	5.93953e-05	0.99986
24	0.997132	0.00109663	0.00101227	0.000717027	4.21781e-05	0.0021587	0.99601	0.000915811	0.000784981	0.00013083	0.00114686	0.00070086	0.995667	0.00248487	NA	0.000493397	0.001248	0.0013641	0.996836	5.80467e-05	2.24442e-05	1.12221e-05	3.36663e-05	7.85546e-05	0.999854
25	0.997075	0.000874627	0.00114606	0.000844467	6.03191e-05	0.00220391	0.995544	0.000862399	0.00124569	0.000143733	0.00190533	0.000592768	0.994284	0.00309086	0.000127022	0.00142471	0.000978161	0.00148851	0.996066	4.25288e-05	4.01188e-05	1.60475e-05	2.40713e-05	8.02375e-05	0.99984
26	0.997081	0.000719798	0.00119966	0.000839765	0.000159955	0.00156857	0.996863	0.000204597	0.00136398	NA	0.00104932	0.000909409	0.994544	0.00349773	NA	0.000448584	0.000949943	0.000791619	0.997783	2.63873e-05	1.08912e-05	1.08912e-05	2.17825e-05	0.000130695	0.999826
27	0.996377	0.000937524	0.00129165	0.00132116	7.26411e-05	0.0012985	0.996728	0.000381499	0.001554	3.84999e-05	0.00259875	0.00124585	0.991526	0.00460579	2.37872e-05	0.00133373	0.00114419	0.00361517	0.993823	8.34671e-05	5.05249e-05	2.20237e-05	1.42506e-05	4.14563e-05	0.999872
28	0.998065	0.000230319	0.00110553	0.000552766	4.60638e-05	0.00025842	0.998794	8.61401e-05	0.000775261	8.61401e-05	0.0026268	0.000736485	0.995311	0.00132567	NA	0.000671592	0.000923439	0.000755541	0.997649	NA	4.10176e-05	1.02544e-05	1.02544e-05	3.07632e-05	0.999908
29	1	NA	NA	NA	NA	NA	1	NA	NA	NA	0.000752257	0.000250752	0.998997	NA	NA	NA	NA	NA	1	NA	NA	NA	NA	NA	1
30	0.997412	0.000427205	0.00132801	0.000790619	4.25272e-05	0.000314265	0.998299	0.000126293	0.00125119	8.81117e-06	0.00148116	0.000380335	0.99718	0.000950838	8.03525e-06	0.000847887	0.00158312	0.000616645	0.996911	4.1505e-05	3.57694e-05	1.27748e-05	5.74865e-06	5.04604e-05	0.999895
31	0.998315	0.000215066	0.000987961	0.000451976	3.02437e-05	0.000186531	0.998904	8.0662e-05	0.000824265	5.04138e-06	0.000964664	0.000186709	0.998265	0.000567309	1.6756e-05	0.000484147	0.0010358	0.000592163	0.997834	5.40084e-05	3.42485e-05	1.52801e-05	5.7959e-06	4.00444e-05	0.999905
32	0.998325	0.000109405	0.00139701	0.000151483	1.68315e-05	0.000150914	0.999439	3.23387e-05	0.000355726	2.15592e-05	0.000220592	8.82369e-05	0.999305	0.000375007	1.10296e-05	0.00013144	0.00117565	0.000167951	0.998503	2.19066e-05	1.15576e-05	2.31153e-06	1.15576e-05	9.70842e-05	0.999877
33	0.998489	9.66878e-05	0.00134759	5.43869e-05	1.2086e-05	8.40944e-05	0.999605	2.52283e-05	0.000285921	NA	0.000260268	4.88003e-05	0.999488	0.000203335	NA	5.29266e-05	0.000864468	0.000419002	0.998646	1.76422e-05	1.82688e-05	1.6608e-06	4.9824e-06	9.79873e-05	0.999877
34	0.998452	0.000209288	0.000919226	0.000359483	5.99139e-05	9.94722e-05	0.999124	6.84678e-05	0.000697597	1.03348e-05	0.000943545	0.000179509	0.998471	0.000387067	1.90729e-05	0.000400765	0.000785282	0.000316821	0.99844	5.68653e-05	4.03818e-05	7.02292e-06	8.52783e-06	2.9095e-05	0.999915
35	0.999433	0.000108788	0.000319626	0.000113602	2.50309e-05	2.35717e-05	0.999801	1.83335e-05	0.000155835	1.30954e-06	0.000396063	6.92418e-05	0.999266	0.000265889	2.76967e-06	0.000167799	0.000316065	0.000443912	0.999039	3.28495e-05	1.51627e-05	6.3178e-06	6.63369e-06	1.1372e-05	0.999961
36	0.998668	0.000132979	0.000901877	0.000244226	5.32951e-05	6.33334e-05	0.999267	5.35898e-05	0.000608163	8.11967e-06	0.000646722	8.64759e-05	0.999104	0.000152996	9.60843e-06	0.000310176	0.000865355	0.00018345	0.998595	4.64661e-05	3.59627e-05	1.15016e-05	7.12775e-06	3.75827e-05	0.999908
37	0.998672	0.000106819	0.00093248	0.000251931	3.69499e-05	4.04623e-05	0.999371	5.78033e-05	0.000515605	1.50288e-05	0.000564252	6.38346e-05	0.999245	0.00012197	4.55962e-06	0.000248775	0.000794558	0.000178966	0.998731	4.69627e-05	3.72502e-05	1.29023e-05	6.24306e-06	3.72502e-05	0.999906
38	0.998799	0.000124114	0.000845913	0.000195091	3.56827e-05	2.26908e-05	0.999441	3.31163e-05	0.000489999	1.28786e-05	0.000455222	5.06464e-05	0.999413	7.03092e-05	1.07251e-05	0.000231637	0.000888601	0.000147441	0.998682	5.05965e-05	3.30356e-05	8.79364e-06	6.17931e-06	3.63629e-05	0.999916
39	0.998795	0.000125691	0.000839001	0.000193574	4.63399e-05	2.25589e-05	0.999445	3.2064e-05	0.000489705	1.02656e-05	0.000481141	3.65758e-05	0.99943	4.03056e-05	1.16706e-05	0.000189152	0.000767438	0.00010976	0.998886	4.7782e-05	3.84207e-05	1.01021e-05	5.91627e-06	3.68072e-05	0.999909
40	0.998996	0.000141601	0.000704684	0.000106183	5.18097e-05	2.01724e-05	0.999325	3.24606e-05	0.00061175	1.03309e-05	0.000430251	2.9141e-05	0.999498	2.58897e-05	1.65574e-05	8.7978e-05	0.000685941	0.000119973	0.999065	4.09726e-05	5.23613e-05	1.33223e-05	8.03094e-06	3.06104e-05	0.999896
