quality	AA	AC	AG	AT	A.	CA	CC	CG	CT	C.	GA	GC	GG	GT	G.	TA	TC	TG	TT	T.	.A	.C	.G	.T	..
0	NA	NA	NA	NA	NA	NA	NA	NA	NA	NA	NA	NA	NA	NA	NA	NA	NA	NA	NA	NA	NA	NA	NA	NA	NA
1	NA	NA	NA	NA	NA	NA	NA	NA	NA	NA	NA	NA	NA	NA	NA	NA	NA	NA	NA	NA	NA	NA	NA	NA	NA
2	NA	NA	NA	NA	NA	NA	NA	NA	NA	NA	NA	NA	NA	NA	NA	NA	NA	NA	NA	NA	NA	NA	NA	NA	NA
3	NA	NA	NA	NA	NA	NA	NA	NA	NA	NA	NA	NA	NA	NA	NA	NA	NA	NA	NA	NA	NA	NA	NA	NA	NA
4	NA	NA	NA	NA	NA	NA	NA	NA	NA	NA	NA	NA	NA	NA	NA	NA	NA	NA	NA	NA	NA	NA	NA	NA	NA
5	NA	NA	NA	NA	NA	NA	NA	NA	NA	NA	NA	NA	NA	NA	NA	NA	NA	NA	NA	NA	NA	NA	NA	NA	NA
6	NA	NA	NA	NA	NA	NA	NA	NA	NA	NA	NA	NA	NA	NA	NA	NA	NA	NA	NA	NA	NA	NA	NA	NA	NA
7	NA	NA	NA	NA	NA	NA	NA	NA	NA	NA	NA	NA	NA	NA	NA	NA	NA	NA	NA	NA	NA	NA	NA	NA	NA
8	NA	NA	NA	NA	NA	NA	NA	NA	NA	NA	NA	NA	NA	NA	NA	NA	NA	NA	NA	NA	NA	NA	NA	NA	NA
9	NA	NA	NA	NA	NA	NA	NA	NA	NA	NA	NA	NA	NA	NA	NA	NA	NA	NA	NA	NA	NA	NA	NA	NA	NA
10	0.983607	0.0163934	NA	NA	NA	0.047619	0.952381	NA	NA	NA	0.00775194	NA	0.968992	0.0232558	NA	NA	NA	NA	1	NA	0.0042735	NA	NA	NA	0.995726
11	0.97433	0.0148805	0.00362056	0.0070601	0.000108617	0.0699526	0.90699	0.00666216	0.0162911	0.000104096	0.0234315	0.00569884	0.920534	0.0502823	5.30124e-05	0.0222603	0.00827626	0.0245434	0.94492	NA	3.27718e-05	2.18479e-05	2.18479e-05	5.46197e-05	0.999869
12	0.972394	0.0142109	0.00551512	0.00774767	0.000132526	0.0515543	0.930419	0.00601845	0.0119375	7.09723e-05	0.0111122	0.00414158	0.952163	0.0324675	0.00011529	0.0113513	0.0060002	0.025472	0.95696	0.000216353	2.56854e-05	1.71236e-05	2.28315e-05	0.000211191	0.999723
13	0.965943	0.0186992	0.00645376	0.00880353	0.00010068	0.0372386	0.948493	0.00436878	0.00977774	0.000122222	0.00759716	0.00338517	0.969611	0.0193359	7.03673e-05	0.0118444	0.00792204	0.0229654	0.957106	0.000162587	3.76352e-05	2.47317e-05	3.11834e-05	7.36574e-05	0.999833
14	0.96482	0.0188144	0.00583302	0.0103539	0.000178628	0.0342538	0.950871	0.00412743	0.0105982	0.000149475	0.014051	0.00556298	0.950835	0.0294434	0.000107671	0.0157715	0.00912235	0.0203414	0.954581	0.000183848	6.20917e-05	3.7255e-05	3.41504e-05	4.4499e-05	0.999822
15	0.966883	0.0159953	0.00681231	0.0102185	9.0529e-05	0.0298878	0.951842	0.00536855	0.0127792	0.000122668	0.0128001	0.00597641	0.956943	0.0242184	6.25505e-05	0.0158891	0.0105952	0.0232265	0.950086	0.000203609	6.5547e-05	3.52945e-05	4.20173e-05	4.3698e-05	0.999813
16	0.965122	0.0151125	0.00758857	0.0120585	0.000117898	0.026027	0.955031	0.00475694	0.0140681	0.000117284	0.0115155	0.00515904	0.958502	0.0247455	7.77549e-05	0.0190153	0.0122732	0.0296751	0.938911	0.000125427	6.44584e-05	2.2846e-05	3.22292e-05	4.28363e-05	0.999838
17	NA	NA	NA	NA	NA	NA	NA	NA	NA	NA	NA	NA	NA	NA	NA	NA	NA	NA	NA	NA	NA	NA	NA	NA	NA
18	1	NA	NA	NA	NA	NA	1	NA	NA	NA	NA	NA	1	NA	NA	NA	NA	NA	1	NA	NA	NA	NA	NA	1
19	1	NA	NA	NA	NA	NA	1	NA	NA	NA	NA	NA	0.989691	0.0103093	NA	NA	NA	NA	1	NA	NA	NA	NA	NA	1
20	0.99641	0.00291709	0.000336587	0.000336587	NA	0.00823983	0.989832	0.000876578	0.00105189	NA	0.000646935	0.000727802	0.99442	0.00420508	NA	0.00117057	0.00083612	0.00301003	0.994816	0.000167224	NA	NA	NA	6.0746e-05	0.999939
21	0.995207	0.0021638	0.00201233	0.000562588	5.4095e-05	0.00422019	0.994491	0.000297396	0.000962995	2.83234e-05	0.000987519	0.000288026	0.996448	0.00223563	4.11466e-05	0.0006747	0.00115096	0.0019606	0.996158	5.55635e-05	1.93522e-05	1.10584e-05	8.2938e-06	4.1469e-05	0.99992
22	0.996237	0.00245094	0.000711564	0.000537626	6.32501e-05	0.00521273	0.992999	0.000485499	0.00122652	7.66577e-05	0.00101533	0.00037298	0.996374	0.00219644	4.14422e-05	0.000989835	0.000675601	0.00257671	0.995695	6.28466e-05	9.33755e-06	9.33755e-06	NA	0.000102713	0.999879
23	0.996056	0.00157071	0.00190005	0.000447567	2.5334e-05	0.00292858	0.995531	0.000175015	0.00130678	5.83383e-05	0.000728614	0.00027323	0.997165	0.00178738	4.55384e-05	0.000384487	0.000866531	0.00125102	0.997458	4.01703e-05	2.14574e-05	1.07287e-05	3.21861e-05	4.72063e-05	0.999888
24	0.99805	0.00106383	0.000607903	0.000278622	NA	0.00318189	0.99561	0.000362494	0.000845819	NA	0.000997133	0.000124642	0.99705	0.00178653	4.15472e-05	0.000317046	0.00173443	0.00111899	0.996792	3.72995e-05	2.11332e-05	1.40888e-05	3.52219e-05	9.86214e-05	0.999831
25	0.997123	0.00125862	0.000998901	0.000539407	7.99121e-05	0.00288979	0.995928	0.000295547	0.000820964	6.56771e-05	0.00083146	0.000461922	0.996797	0.00187848	3.07948e-05	0.00048121	0.000667484	0.000962419	0.997842	4.65687e-05	3.94706e-05	2.81933e-05	4.51093e-05	3.3832e-05	0.999853
26	0.997343	0.000905633	0.00156976	0.000181127	NA	0.00279096	0.996186	0.000186064	0.000744255	9.30319e-05	0.0015153	0.000202041	0.996565	0.00141428	0.000303061	0.00045221	0.00110997	0.0004111	0.997945	8.22199e-05	8.12982e-05	3.25193e-05	6.50385e-05	0.000162596	0.999659
27	0.996555	0.00133818	0.00111534	0.000924008	6.76673e-05	0.00267039	0.995356	0.000330513	0.00161501	2.81687e-05	0.00163054	0.000621157	0.995086	0.0026383	2.4264e-05	0.0010617	0.000977648	0.00422456	0.993646	8.98432e-05	3.49611e-05	1.63152e-05	1.53163e-05	3.42952e-05	0.999899
28	0.998091	0.000446285	0.0011653	0.00027273	2.47936e-05	0.000420639	0.998715	0.000163582	0.000630959	7.01066e-05	0.00149098	0.000406631	0.996693	0.00140965	NA	0.000211484	0.000687322	0.000634451	0.998414	5.28709e-05	3.98347e-05	NA	5.69068e-06	2.84534e-05	0.999926
29	0.999202	0.000342075	0.000114025	0.000114025	0.00022805	0.000850159	0.998937	NA	0.00021254	NA	0.000646569	8.08211e-05	0.999111	0.000161642	NA	NA	NA	NA	1	NA	NA	NA	NA	3.5246e-05	0.999965
30	0.998008	0.000476876	0.00101582	0.000467566	3.20676e-05	0.000482467	0.998302	0.000137156	0.00106982	8.06802e-06	0.000912335	0.000198399	0.998087	0.000786081	1.65332e-05	0.000572084	0.00107677	0.000579921	0.997727	4.38859e-05	2.53246e-05	8.3259e-06	7.97899e-06	4.3711e-05	0.999915
31	0.998452	0.000336349	0.000912949	0.000266277	3.20333e-05	0.00045887	0.998676	7.26158e-05	0.000781779	1.08151e-05	0.000713666	0.000100315	0.99864	0.000535966	1.00315e-05	0.000411385	0.000797198	0.000541472	0.998214	3.55793e-05	2.73031e-05	8.47338e-06	6.27658e-06	4.07978e-05	0.999917
32	0.998302	0.000227758	0.0013913	5.44638e-05	2.47563e-05	0.000239115	0.999508	2.04956e-05	0.000232283	NA	0.000219108	2.05413e-05	0.9995	0.000246496	1.36942e-05	0.00010647	0.00103808	0.000190758	0.998643	2.21812e-05	2.87848e-06	4.31772e-06	4.31772e-06	8.34759e-05	0.999905
33	0.99838	0.000253236	0.00131441	4.82354e-05	4.01962e-06	0.000473031	0.999308	5.19181e-05	0.000167292	NA	0.000192631	1.10075e-05	0.999593	0.000181623	2.20149e-05	5.94471e-05	0.000857289	0.000215887	0.998849	1.87728e-05	6.9281e-06	3.46405e-06	3.46405e-06	9.93028e-05	0.999887
34	0.998535	0.000291323	0.000871573	0.000257782	4.45609e-05	0.000236694	0.999	6.42779e-05	0.000688152	1.0587e-05	0.00065957	0.000102869	0.998891	0.000332138	1.41192e-05	0.000318575	0.000726178	0.000496633	0.998406	5.30958e-05	2.68259e-05	7.41048e-06	8.44794e-06	3.20133e-05	0.999925
35	0.999149	0.000220065	0.000459998	0.000124551	4.66111e-05	0.00026417	0.999463	2.53036e-05	0.000242915	5.06073e-06	0.00034748	5.55563e-05	0.999418	0.00017172	7.07081e-06	0.000129478	0.000351149	0.000507065	0.998966	4.67747e-05	1.09002e-05	4.17453e-06	4.17453e-06	1.43789e-05	0.999966
36	0.998732	0.000174016	0.000829682	0.000223389	4.07418e-05	9.59958e-05	0.999234	4.0987e-05	0.000619658	9.16814e-06	0.000511763	5.89914e-05	0.999251	0.000168403	9.5798e-06	0.000252963	0.000817448	0.000166517	0.998717	4.62105e-05	2.57509e-05	6.92461e-06	7.03281e-06	4.00329e-05	0.99992
37	0.998678	0.000145308	0.000924196	0.00021706	3.51989e-05	9.47024e-05	0.999269	3.00276e-05	0.000595162	1.15491e-05	0.000513259	5.24213e-05	0.99933	9.62361e-05	7.82408e-06	0.000203735	0.000763574	0.000224885	0.998759	4.83438e-05	2.60263e-05	6.19003e-06	6.33072e-06	3.74216e-05	0.999924
38	0.998806	0.000167381	0.000806288	0.000186919	3.3243e-05	7.17869e-05	0.999366	2.48493e-05	0.000524137	1.28848e-05	0.000456738	4.66437e-05	0.999412	7.20437e-05	1.29309e-05	0.000174206	0.000769533	0.000140374	0.998872	4.42192e-05	3.21504e-05	6.55581e-06	5.92717e-06	3.87062e-05	0.999917
39	0.998801	0.000166415	0.000803534	0.000180484	4.83702e-05	4.75299e-05	0.999369	2.68694e-05	0.00054349	1.306e-05	0.000467462	3.206e-05	0.99944	4.59209e-05	1.40725e-05	0.000165918	0.000741337	9.03346e-05	0.99896	4.28034e-05	3.25386e-05	8.41202e-06	7.22183e-06	3.82474e-05	0.999914
40	0.999029	0.000181059	0.000626708	0.000109818	5.33534e-05	2.93665e-05	0.999363	2.33387e-05	0.00056917	1.53788e-05	0.000423793	2.62158e-05	0.999507	2.71015e-05	1.62077e-05	9.87803e-05	0.000693727	9.44527e-05	0.999074	3.94518e-05	5.77383e-05	8.99449e-06	7.41651e-06	2.9666e-05	0.999896
