quality	AA	AC	AG	AT	A.	CA	CC	CG	CT	C.	GA	GC	GG	GT	G.	TA	TC	TG	TT	T.	.A	.C	.G	.T	..
0	NA	NA	NA	NA	NA	NA	NA	NA	NA	NA	NA	NA	NA	NA	NA	NA	NA	NA	NA	NA	NA	NA	NA	NA	NA
1	NA	NA	NA	NA	NA	NA	NA	NA	NA	NA	NA	NA	NA	NA	NA	NA	NA	NA	NA	NA	NA	NA	NA	NA	NA
2	NA	NA	NA	NA	NA	NA	NA	NA	NA	NA	NA	NA	NA	NA	NA	NA	NA	NA	NA	NA	NA	NA	NA	NA	NA
3	NA	NA	NA	NA	NA	NA	NA	NA	NA	NA	NA	NA	NA	NA	NA	NA	NA	NA	NA	NA	NA	NA	NA	NA	NA
4	NA	NA	NA	NA	NA	NA	NA	NA	NA	NA	NA	NA	NA	NA	NA	NA	NA	NA	NA	NA	NA	NA	NA	NA	NA
5	NA	NA	NA	NA	NA	NA	NA	NA	NA	NA	NA	NA	NA	NA	NA	NA	NA	NA	NA	NA	NA	NA	NA	NA	NA
6	NA	NA	NA	NA	NA	NA	NA	NA	NA	NA	NA	NA	NA	NA	NA	NA	NA	NA	NA	NA	NA	NA	NA	NA	NA
7	NA	NA	NA	NA	NA	NA	NA	NA	NA	NA	NA	NA	NA	NA	NA	NA	NA	NA	NA	NA	NA	NA	NA	NA	NA
8	NA	NA	NA	NA	NA	NA	NA	NA	NA	NA	NA	NA	NA	NA	NA	NA	NA	NA	NA	NA	NA	NA	NA	NA	NA
9	NA	NA	NA	NA	NA	NA	NA	NA	NA	NA	NA	NA	NA	NA	NA	NA	NA	NA	NA	NA	NA	NA	NA	NA	NA
10	0.979592	0.0204082	NA	NA	NA	0.0344828	0.965517	NA	NA	NA	0.0327869	NA	0.967213	NA	NA	NA	NA	0.05	0.95	NA	NA	NA	NA	NA	1
11	0.97506	0.0128999	0.00335397	0.00851393	0.000171999	0.0623207	0.914436	0.00507887	0.0179852	0.000179254	0.0208854	0.00589846	0.923591	0.049505	0.000120377	0.0188797	0.00670932	0.0232486	0.95085	0.000312061	5.02557e-05	2.51278e-05	NA	7.53835e-05	0.999849
12	0.97267	0.0141395	0.00588018	0.00712525	0.000184911	0.0514299	0.929594	0.00549837	0.0133939	8.38167e-05	0.0113283	0.00422428	0.949647	0.034673	0.000127046	0.010804	0.00659113	0.0252094	0.957243	0.000152887	3.06216e-05	1.36096e-05	2.04144e-05	2.72192e-05	0.999908
13	0.968008	0.0168614	0.00628635	0.00872947	0.000114908	0.0361943	0.94896	0.00462703	0.0101208	9.78526e-05	0.00777122	0.00333924	0.967905	0.0208868	9.81349e-05	0.0114798	0.00719633	0.0212558	0.959924	0.000144597	3.54537e-05	2.81378e-05	2.92634e-05	2.92634e-05	0.999878
14	0.967282	0.017373	0.00558518	0.00958462	0.000175414	0.0328375	0.952273	0.00409287	0.0106551	0.000141858	0.0143802	0.0059954	0.948421	0.0311109	9.24615e-05	0.0142261	0.00980365	0.0196731	0.956119	0.00017859	6.15676e-05	4.3657e-05	2.57465e-05	5.48511e-05	0.999814
15	0.96572	0.0158392	0.00679428	0.0115255	0.000121002	0.0288076	0.95269	0.00493557	0.0134276	0.000139467	0.014864	0.0070156	0.949661	0.0283021	0.000157725	0.0140338	0.0102251	0.0203692	0.955188	0.00018417	6.80021e-05	2.68429e-05	2.14744e-05	6.80021e-05	0.999816
16	0.965488	0.0141557	0.00782531	0.0124284	0.000102231	0.0260346	0.955168	0.00452311	0.0141801	9.39645e-05	0.0126742	0.00597684	0.953783	0.0274497	0.000116621	0.0193813	0.0120511	0.0280483	0.940353	0.000166089	5.88764e-05	2.53555e-05	2.57853e-05	4.25457e-05	0.999847
17	NA	NA	NA	NA	NA	NA	NA	NA	NA	NA	NA	NA	NA	NA	NA	NA	NA	NA	NA	NA	NA	NA	NA	NA	NA
18	1	NA	NA	NA	NA	NA	1	NA	NA	NA	NA	NA	1	NA	NA	NA	NA	NA	1	NA	NA	NA	NA	NA	1
19	1	NA	NA	NA	NA	0.0192308	0.980769	NA	NA	NA	NA	NA	1	NA	NA	NA	NA	NA	1	NA	NA	NA	NA	NA	1
20	0.997596	0.0015024	0.00015024	0.000751202	NA	0.00740076	0.990805	0.00112133	0.000448531	0.000224266	0.00133552	0.000102733	0.994452	0.00410931	NA	0.0020362	0.000678733	0.0180995	0.978959	0.000226244	NA	NA	7.93493e-05	3.96747e-05	0.999881
21	0.995809	0.00196785	0.00170102	0.000433593	8.89423e-05	0.00414423	0.994434	0.000453748	0.000952871	1.51249e-05	0.00088361	0.000304194	0.996538	0.00224524	2.89708e-05	0.000715566	0.000820087	0.00223514	0.996213	1.60801e-05	2.86354e-06	2.86354e-06	5.72708e-06	1.43177e-05	0.999974
22	0.995878	0.00186573	0.00147563	0.00069541	8.48061e-05	0.00480704	0.993086	0.000756164	0.00132329	2.70059e-05	0.00104405	0.000363149	0.995256	0.00331374	2.26968e-05	0.000885798	0.000770972	0.00262459	0.99562	9.8422e-05	2.98692e-05	9.95639e-06	4.9782e-06	1.49346e-05	0.99994
23	0.996777	0.0013	0.00156181	0.000334028	2.70834e-05	0.00278029	0.995616	0.0004914	0.00107332	3.87948e-05	0.000629747	0.000264494	0.997191	0.00185146	6.29747e-05	0.000421468	0.000818853	0.00213745	0.996592	3.01049e-05	2.76918e-05	6.92295e-06	3.23071e-05	2.76918e-05	0.999905
24	0.996316	0.000921004	0.00247355	0.000263144	2.63144e-05	0.0024419	0.995378	0.000697685	0.00139537	8.72106e-05	0.000707861	0.000458028	0.996919	0.00174883	0.000166556	0.000486163	0.000243082	0.00114061	0.998055	7.47943e-05	5.05905e-05	1.44544e-05	2.89088e-05	3.6136e-05	0.99987
25	0.997841	0.00115422	0.000662606	0.000299241	4.27487e-05	0.00275433	0.995886	0.000536557	0.000822721	NA	0.00111629	0.000295489	0.996684	0.00190426	NA	0.000391715	0.00066918	0.00109354	0.997748	9.79288e-05	5.40924e-05	NA	3.00513e-05	4.20719e-05	0.999874
26	0.995245	0.00102808	0.00334126	0.000321275	6.4255e-05	0.00223048	0.995433	0.0015932	0.000743494	NA	0.000662398	0.000220799	0.99735	0.00176639	NA	0.000349086	0.00148361	0.000785443	0.996989	0.000392722	3.51475e-05	NA	3.51475e-05	8.78688e-05	0.999842
27	0.996862	0.00117036	0.00117513	0.000721322	7.16545e-05	0.0026893	0.995402	0.000401329	0.00149711	9.8365e-06	0.00162946	0.00082394	0.994376	0.00313667	3.34935e-05	0.000965818	0.0012449	0.00419916	0.993491	9.86749e-05	2.92536e-05	1.51431e-05	1.34223e-05	2.89095e-05	0.999913
28	0.999087	0.000295334	0.000241637	0.000375879	NA	0.000570273	0.998548	0.000181451	0.000673959	2.59215e-05	0.00181478	0.000388881	0.996457	0.00132508	1.4403e-05	0.000226308	0.00237624	0.00113154	0.996153	0.000113154	1.84251e-05	NA	NA	3.07086e-05	0.999951
29	0.999468	0.000133014	NA	0.000133014	0.000266028	0.000693481	0.999307	NA	NA	NA	0.000783153	NA	0.998956	0.000261051	NA	NA	NA	0.00117325	0.998827	NA	3.87852e-05	NA	NA	NA	0.999961
30	0.997851	0.000443666	0.00133634	0.000332482	3.63486e-05	0.000412751	0.998213	0.00024161	0.00111913	1.34228e-05	0.000912665	0.000232114	0.997939	0.000906349	9.47403e-06	0.000410843	0.00104364	0.000689461	0.997826	2.99081e-05	2.11369e-05	4.65729e-06	3.94078e-06	1.14641e-05	0.999959
31	0.998383	0.000356215	0.00104537	0.000170012	4.55389e-05	0.000493092	0.998475	0.00018807	0.000831302	1.26434e-05	0.000611317	0.000195261	0.998614	0.000570763	9.01204e-06	0.000232255	0.000891055	0.00085309	0.99798	4.35478e-05	1.89048e-05	4.48587e-06	5.44713e-06	1.34576e-05	0.999958
32	0.997831	0.000191271	0.00189761	5.53679e-05	2.51672e-05	0.000183344	0.999199	0.000346317	0.000271621	NA	0.000246152	5.06784e-05	0.999486	0.000180994	3.61988e-05	8.88923e-05	0.000414831	0.000423297	0.99906	1.26989e-05	1.01645e-05	1.45207e-06	2.90414e-06	1.16166e-05	0.999974
33	0.99807	0.000199513	0.00168568	3.25736e-05	1.22151e-05	0.00039737	0.999088	0.000309715	0.000204529	NA	0.000219381	4.61854e-05	0.999538	0.000178968	1.73195e-05	6.25021e-05	0.000518768	0.000768776	0.998641	9.37532e-06	9.45052e-06	1.18132e-06	2.36263e-06	9.45052e-06	0.999978
34	0.998582	0.000249472	0.000978622	0.000138221	5.15318e-05	0.000222407	0.998859	0.00013746	0.000773017	8.49469e-06	0.00062319	0.000184218	0.998828	0.000356109	8.90271e-06	0.000156139	0.000840999	0.000577177	0.998366	5.92253e-05	2.06893e-05	4.6476e-06	5.54714e-06	1.31932e-05	0.999956
35	0.999312	0.00017901	0.000413044	5.64909e-05	3.9617e-05	0.000281537	0.999448	2.4959e-05	0.000238608	6.98851e-06	0.000329334	8.20977e-05	0.999384	0.000199111	5.66191e-06	5.56393e-05	0.000457328	0.000577427	0.998862	4.74969e-05	1.08175e-05	2.479e-06	4.50727e-06	8.78919e-06	0.999973
36	0.998603	0.000176682	0.0010806	9.97897e-05	4.0326e-05	0.000100966	0.999008	0.000169186	0.000707852	1.3644e-05	0.000483058	0.000193936	0.999134	0.00017612	1.27255e-05	0.000106803	0.00093453	0.000306462	0.998605	4.74239e-05	1.65762e-05	5.52539e-06	5.09202e-06	1.58178e-05	0.999957
37	0.998597	0.000173053	0.00111952	7.76521e-05	3.28357e-05	9.24761e-05	0.999056	0.000159308	0.000678417	1.3988e-05	0.0004482	6.49118e-05	0.99937	9.89132e-05	1.77735e-05	7.65275e-05	0.000734921	0.000379645	0.998758	5.04483e-05	1.98e-05	5.85633e-06	5.57746e-06	1.33859e-05	0.999955
38	0.998743	0.000166696	0.000974053	7.2983e-05	4.2881e-05	6.15132e-05	0.999175	0.000120292	0.000634725	8.65741e-06	0.000418709	0.000114851	0.999377	7.68687e-05	1.22086e-05	7.5003e-05	0.000833141	0.000278293	0.998759	5.44423e-05	1.81927e-05	6.24e-06	5.09747e-06	1.37104e-05	0.999957
39	0.998811	0.000135964	0.000945463	5.93137e-05	4.78828e-05	4.57436e-05	0.999163	0.000126211	0.000653406	1.1228e-05	0.000420326	0.000125681	0.999391	4.96832e-05	1.3005e-05	6.49191e-05	0.00080444	0.000185198	0.998897	4.86439e-05	1.80962e-05	5.66472e-06	5.18138e-06	1.49641e-05	0.999956
40	0.999081	0.000111552	0.000696683	5.56407e-05	5.51891e-05	3.17829e-05	0.999027	7.0264e-05	0.0008539	1.68825e-05	0.000427723	7.00995e-05	0.999459	2.82722e-05	1.44847e-05	5.63242e-05	0.000782134	0.0001206	0.998997	4.42642e-05	2.15369e-05	7.12363e-06	6.01704e-06	1.65019e-05	0.999949
