quality	AA	AC	AG	AT	A.	CA	CC	CG	CT	C.	GA	GC	GG	GT	G.	TA	TC	TG	TT	T.	.A	.C	.G	.T	..
0	NA	NA	NA	NA	NA	NA	NA	NA	NA	NA	NA	NA	NA	NA	NA	NA	NA	NA	NA	NA	NA	NA	NA	NA	NA
1	NA	NA	NA	NA	NA	NA	NA	NA	NA	NA	NA	NA	NA	NA	NA	NA	NA	NA	NA	NA	NA	NA	NA	NA	NA
2	NA	NA	NA	NA	NA	NA	NA	NA	NA	NA	NA	NA	NA	NA	NA	NA	NA	NA	NA	NA	NA	NA	NA	NA	NA
3	NA	NA	NA	NA	NA	NA	NA	NA	NA	NA	NA	NA	NA	NA	NA	NA	NA	NA	NA	NA	NA	NA	NA	NA	NA
4	NA	NA	NA	NA	NA	NA	NA	NA	NA	NA	NA	NA	NA	NA	NA	NA	NA	NA	NA	NA	NA	NA	NA	NA	NA
5	NA	NA	NA	NA	NA	NA	NA	NA	NA	NA	NA	NA	NA	NA	NA	NA	NA	NA	NA	NA	NA	NA	NA	NA	NA
6	NA	NA	NA	NA	NA	NA	NA	NA	NA	NA	NA	NA	NA	NA	NA	NA	NA	NA	NA	NA	NA	NA	NA	NA	NA
7	NA	NA	NA	NA	NA	NA	NA	NA	NA	NA	NA	NA	NA	NA	NA	NA	NA	NA	NA	NA	NA	NA	NA	NA	NA
8	NA	NA	NA	NA	NA	NA	NA	NA	NA	NA	NA	NA	NA	NA	NA	NA	NA	NA	NA	NA	NA	NA	NA	NA	NA
9	NA	NA	NA	NA	NA	NA	NA	NA	NA	NA	NA	NA	NA	NA	NA	NA	NA	NA	NA	NA	NA	NA	NA	NA	NA
10	NA	NA	NA	NA	NA	NA	NA	NA	NA	NA	NA	NA	NA	NA	NA	NA	NA	NA	NA	NA	NA	NA	NA	NA	NA
11	0.972688	0.0135362	0.0044322	0.00922377	0.000119789	0.0488116	0.928059	0.00558303	0.0175467	NA	0.0206908	0.00757576	0.932388	0.0393451	NA	0.030273	0.017866	0.0287841	0.923077	NA	6.92113e-05	NA	NA	NA	0.999931
12	0.971117	0.0137389	0.00653119	0.00848274	0.000130103	0.0369109	0.944564	0.00462255	0.0136939	0.000208536	0.0129612	0.00563883	0.94994	0.0313381	0.000121701	0.0152798	0.00977736	0.0265809	0.948108	0.000253958	4.28428e-05	NA	2.14214e-05	4.99832e-05	0.999886
13	0.964335	0.0161562	0.00793325	0.011441	0.000134802	0.0290083	0.953657	0.00548422	0.0117126	0.000137643	0.00922709	0.00465587	0.964293	0.0217516	7.2559e-05	0.014607	0.0101154	0.0237778	0.951319	0.000180755	3.56549e-05	2.67412e-05	2.31757e-05	5.2591e-05	0.999862
14	0.962144	0.0170527	0.00711729	0.0134408	0.000245056	0.0282154	0.953264	0.00457483	0.013764	0.000181729	0.0172436	0.00757288	0.942675	0.0324042	0.000104146	0.0184844	0.0129116	0.0213911	0.947048	0.000164917	7.40828e-05	2.86229e-05	3.53577e-05	6.56643e-05	0.999796
15	0.975859	0.00864565	0.00557784	0.00974481	0.000172257	0.0119044	0.977068	0.00282122	0.00813008	7.62493e-05	0.014281	0.00539755	0.954767	0.0254229	0.000131191	0.024081	0.0168198	0.0246584	0.934244	0.00019658	6.11674e-05	1.78405e-05	3.82296e-05	5.86187e-05	0.999824
16	0.965607	0.0115369	0.00913323	0.0136024	0.000120325	0.0179872	0.96235	0.00453153	0.0149971	0.000134233	0.0158132	0.00724644	0.953179	0.0236293	0.000132476	0.0178511	0.0125072	0.0179259	0.951492	0.000224296	0.000104506	4.47883e-05	3.54574e-05	7.55802e-05	0.99974
17	NA	NA	NA	NA	NA	NA	NA	NA	NA	NA	NA	NA	NA	NA	NA	NA	NA	NA	NA	NA	NA	NA	NA	NA	NA
18	NA	NA	NA	NA	NA	NA	NA	NA	NA	NA	NA	NA	NA	NA	NA	NA	NA	NA	NA	NA	NA	NA	NA	NA	NA
19	NA	NA	NA	NA	NA	NA	NA	NA	NA	NA	NA	NA	NA	NA	NA	NA	NA	NA	NA	NA	NA	NA	NA	NA	NA
20	0.997625	0.00169664	0.000339328	0.000339328	NA	0.00358974	0.994872	0.000512821	0.00102564	NA	0.00147306	0.00126263	0.99516	0.00210438	NA	0.0026096	0.000521921	0.019833	0.977035	NA	NA	NA	NA	NA	1
21	0.996329	0.00159016	0.00142647	0.000654772	NA	0.00226771	0.996372	0.000544251	0.000816376	NA	0.000671121	0.000145896	0.997111	0.00204254	2.91792e-05	0.00129199	0.000915841	0.00250221	0.995274	1.63543e-05	1.16904e-05	2.33809e-05	1.75357e-05	1.16904e-05	0.999936
22	0.995517	0.00218341	0.0010917	0.00113816	6.96832e-05	0.00369189	0.994408	0.000681028	0.00118284	3.58436e-05	0.001334	0.000682509	0.994664	0.00331948	NA	0.00148165	0.00150376	0.00382574	0.993123	6.63423e-05	1.34857e-05	NA	2.02286e-05	3.37143e-05	0.999933
23	0.996189	0.00112878	0.00186176	0.000732977	8.79572e-05	0.00241432	0.995513	0.000854628	0.00119648	2.13657e-05	0.00108809	0.000246361	0.996469	0.00217619	2.05301e-05	0.0012017	0.00112092	0.00222164	0.995405	5.04918e-05	3.8091e-05	1.14273e-05	7.61821e-06	4.19001e-05	0.999901
24	0.99638	0.00114859	0.0018447	0.000591695	3.48056e-05	0.00224241	0.995745	0.000919963	0.00109246	NA	0.000507014	0.000507014	0.996338	0.00264774	NA	0.000605327	0.000781881	0.00168987	0.996797	0.00012611	1.93323e-05	9.66613e-06	9.66613e-06	5.79968e-05	0.999903
25	0.99634	0.00101225	0.00147944	0.00109012	7.78654e-05	0.00269792	0.99511	0.000716634	0.00147542	NA	0.00206507	0.000662381	0.994701	0.00253263	3.89636e-05	0.000924023	0.000980596	0.00162175	0.996398	7.54304e-05	3.54965e-05	1.41986e-05	1.41986e-05	4.25958e-05	0.999894
26	0.996202	0.000483359	0.00241679	0.000794089	0.000103577	0.00137906	0.996942	0.000659552	0.00101931	NA	0.000949487	0.000822889	0.995759	0.00246867	NA	0.000208044	0.00099399	0.00161812	0.99711	6.93481e-05	3.82406e-05	9.56014e-06	2.86804e-05	9.56014e-05	0.999828
27	0.996818	0.000874481	0.00120963	0.00102665	7.12683e-05	0.00113085	0.996941	0.000442116	0.00145267	3.30835e-05	0.00233866	0.00115622	0.991529	0.00495523	2.09745e-05	0.0011142	0.00130141	0.00309198	0.99439	0.000102663	4.34839e-05	1.9512e-05	1.56096e-05	2.78743e-05	0.999894
28	0.998665	0.000301451	0.00038758	0.000602903	4.30645e-05	0.000589102	0.997938	0.000294551	0.0011782	NA	0.00216583	0.00052436	0.995942	0.0013679	NA	0.00087177	0.00261531	0.000713267	0.99572	7.92519e-05	1.93444e-05	NA	9.67221e-06	3.86888e-05	0.999932
29	1	NA	NA	NA	NA	0.00134318	0.997985	NA	0.000671592	NA	0.000451671	NA	0.999322	0.000225836	NA	NA	0.00118203	0.00118203	0.997636	NA	NA	NA	NA	NA	1
30	0.997538	0.00047726	0.00127976	0.000666397	3.88879e-05	0.00037258	0.998105	0.000300209	0.00120083	2.14435e-05	0.00132788	0.000444255	0.997435	0.000781107	1.22048e-05	0.000655083	0.00125332	0.00069298	0.997361	3.78973e-05	2.44952e-05	7.58185e-06	5.24897e-06	2.74113e-05	0.999935
31	0.998449	0.000243061	0.000991749	0.000288072	2.85072e-05	0.000178333	0.998788	0.000160274	0.000862318	1.12869e-05	0.00086342	0.000214232	0.998277	0.000627548	1.73117e-05	0.00029085	0.000960843	0.000742705	0.997978	2.77e-05	2.26983e-05	6.62033e-06	6.62033e-06	2.3644e-05	0.99994
32	0.997755	0.000219992	0.00193441	7.58593e-05	1.51719e-05	9.00874e-05	0.999299	0.000310301	0.000300291	NA	0.000278698	2.06443e-05	0.999391	0.000309665	NA	7.32606e-05	0.000526144	0.000739266	0.998635	2.66402e-05	2.12652e-06	8.50608e-06	NA	2.12652e-05	0.999968
33	0.998296	0.000102794	0.00152568	5.4102e-05	2.16408e-05	5.47637e-05	0.999499	0.000203408	0.000242525	NA	0.000227522	7.8456e-06	0.999357	0.000407971	NA	4.38996e-05	0.000522804	0.000846064	0.998571	1.59635e-05	4.58996e-06	4.58996e-06	4.58996e-06	2.75397e-05	0.999959
34	0.998608	0.000215707	0.000909783	0.000218641	4.76903e-05	0.000127631	0.998878	0.000132272	0.000855125	6.96167e-06	0.000724658	0.0002748	0.998652	0.000335867	1.22133e-05	0.000189458	0.000852156	0.000387783	0.998509	6.12714e-05	2.27435e-05	6.98067e-06	4.95403e-06	2.11672e-05	0.999944
35	0.999608	6.03943e-05	0.000236169	5.67886e-05	3.87605e-05	4.12018e-05	0.999712	3.39309e-05	0.000207221	6.05909e-06	0.000327856	0.000100285	0.99933	0.00023657	5.14284e-06	5.29694e-05	0.000364165	0.000448585	0.99908	5.46247e-05	9.64517e-06	6.13783e-06	3.21506e-06	1.19834e-05	0.999969
36	0.998727	0.000154866	0.000960925	0.000116504	4.12028e-05	5.30856e-05	0.99908	0.000152528	0.000698338	1.57014e-05	0.00055759	0.00023887	0.999044	0.000150829	8.8723e-06	0.000116865	0.000892072	0.00029105	0.998648	5.17546e-05	2.10158e-05	8.34672e-06	5.06765e-06	2.11649e-05	0.999944
37	0.998704	0.000150488	0.00100427	0.000100123	4.06562e-05	4.8741e-05	0.999092	0.000163176	0.000679195	1.69534e-05	0.000486958	9.21556e-05	0.999316	9.63445e-05	8.37778e-06	7.92331e-05	0.000766884	0.000299582	0.998813	4.16408e-05	1.95293e-05	6.06737e-06	3.98171e-06	2.27526e-05	0.999948
38	0.998776	0.000168176	0.00092676	8.76664e-05	4.11496e-05	3.73997e-05	0.999272	0.000124282	0.00055409	1.26583e-05	0.000414681	0.000155575	0.999339	8.45032e-05	6.71549e-06	5.89419e-05	0.000798095	0.000220025	0.998861	6.22368e-05	1.92295e-05	7.95704e-06	5.08366e-06	2.23239e-05	0.999945
39	0.998854	0.000121941	0.000912549	5.94625e-05	5.15629e-05	2.79716e-05	0.999254	0.000109257	0.000597446	1.17146e-05	0.000393891	0.00014462	0.999401	5.05601e-05	1.02487e-05	5.28721e-05	0.000794723	0.000188438	0.998912	5.22565e-05	2.141e-05	8.27503e-06	4.33454e-06	2.20668e-05	0.999944
40	0.999023	0.000123929	0.000737023	5.74905e-05	5.81076e-05	2.73314e-05	0.99907	8.57712e-05	0.000804518	1.19083e-05	0.000416482	0.000101028	0.999436	3.22505e-05	1.45647e-05	4.70104e-05	0.000833983	0.000152315	0.998922	4.50332e-05	2.64549e-05	1.18304e-05	6.05226e-06	2.18894e-05	0.999934
