quality	AA	AC	AG	AT	A.	CA	CC	CG	CT	C.	GA	GC	GG	GT	G.	TA	TC	TG	TT	T.	.A	.C	.G	.T	..
0	NA	NA	NA	NA	NA	NA	NA	NA	NA	NA	NA	NA	NA	NA	NA	NA	NA	NA	NA	NA	NA	NA	NA	NA	NA
1	NA	NA	NA	NA	NA	NA	NA	NA	NA	NA	NA	NA	NA	NA	NA	NA	NA	NA	NA	NA	NA	NA	NA	NA	NA
2	NA	NA	NA	NA	NA	NA	NA	NA	NA	NA	NA	NA	NA	NA	NA	NA	NA	NA	NA	NA	NA	NA	NA	NA	NA
3	NA	NA	NA	NA	NA	NA	NA	NA	NA	NA	NA	NA	NA	NA	NA	NA	NA	NA	NA	NA	NA	NA	NA	NA	NA
4	NA	NA	NA	NA	NA	NA	NA	NA	NA	NA	NA	NA	NA	NA	NA	NA	NA	NA	NA	NA	NA	NA	NA	NA	NA
5	NA	NA	NA	NA	NA	NA	NA	NA	NA	NA	NA	NA	NA	NA	NA	NA	NA	NA	NA	NA	NA	NA	NA	NA	NA
6	NA	NA	NA	NA	NA	NA	NA	NA	NA	NA	NA	NA	NA	NA	NA	NA	NA	NA	NA	NA	NA	NA	NA	NA	NA
7	NA	NA	NA	NA	NA	NA	NA	NA	NA	NA	NA	NA	NA	NA	NA	NA	NA	NA	NA	NA	NA	NA	NA	NA	NA
8	NA	NA	NA	NA	NA	NA	NA	NA	NA	NA	NA	NA	NA	NA	NA	NA	NA	NA	NA	NA	NA	NA	NA	NA	NA
9	NA	NA	NA	NA	NA	NA	NA	NA	NA	NA	NA	NA	NA	NA	NA	NA	NA	NA	NA	NA	NA	NA	NA	NA	NA
10	NA	NA	NA	NA	NA	NA	NA	NA	NA	NA	NA	NA	NA	NA	NA	NA	NA	NA	NA	NA	NA	NA	NA	NA	NA
11	0.973702	0.0130831	0.00303951	0.0101758	NA	0.0477954	0.931922	0.00493827	0.0153439	NA	0.0206364	0.00764614	0.935213	0.0362575	0.00024665	0.0170255	0.00901352	0.0250376	0.948923	NA	NA	3.65163e-05	3.65163e-05	3.65163e-05	0.99989
12	0.971413	0.01362	0.00683496	0.00805727	7.48354e-05	0.0362289	0.94473	0.00552354	0.0134143	0.000102923	0.0107863	0.00466898	0.956683	0.0277852	7.62282e-05	0.0142151	0.0075328	0.0279443	0.950105	0.000202495	6.83261e-05	2.04978e-05	NA	7.51587e-05	0.999836
13	0.965818	0.0159232	0.0071709	0.0109601	0.000127726	0.0291101	0.954823	0.00510327	0.0108633	0.000100332	0.0091754	0.00427988	0.96558	0.0208639	0.000101199	0.0143569	0.0103648	0.0242781	0.950823	0.000177428	3.50612e-05	3.03232e-05	1.8952e-05	5.49607e-05	0.999861
14	0.962882	0.0163537	0.00773293	0.0128768	0.000154659	0.0287057	0.951799	0.00516807	0.0140932	0.000233732	0.0182782	0.00669322	0.944847	0.0300263	0.000155295	0.0182459	0.0120404	0.0226126	0.946942	0.000158924	6.71906e-05	5.26629e-05	4.35831e-05	7.44545e-05	0.999762
15	0.976774	0.00858536	0.00601151	0.00847958	0.000149847	0.0123122	0.976971	0.00278345	0.00775099	0.000182854	0.0133801	0.00590467	0.958118	0.0225021	9.46262e-05	0.0257166	0.018332	0.0262626	0.929361	0.0003276	8.96905e-05	3.80505e-05	1.90253e-05	3.80505e-05	0.999815
16	0.964287	0.011685	0.0094448	0.0144577	0.000125888	0.0183467	0.959952	0.00503977	0.016529	0.000132486	0.0172067	0.0079819	0.951545	0.0231203	0.000145655	0.0193801	0.0131524	0.0202256	0.946933	0.000309323	0.000108851	5.17836e-05	5.17836e-05	6.55221e-05	0.999722
17	NA	NA	NA	NA	NA	NA	NA	NA	NA	NA	NA	NA	NA	NA	NA	NA	NA	NA	NA	NA	NA	NA	NA	NA	NA
18	NA	NA	NA	NA	NA	NA	NA	NA	NA	NA	NA	NA	NA	NA	NA	NA	NA	NA	NA	NA	NA	NA	NA	NA	NA
19	NA	NA	NA	NA	NA	NA	NA	NA	NA	NA	NA	NA	NA	NA	NA	NA	NA	NA	NA	NA	NA	NA	NA	NA	NA
20	0.996948	0.00101729	0.000339098	0.00169549	NA	0.00587659	0.992165	0.000979432	0.000979432	NA	0.00277778	0.000198413	0.993849	0.0031746	NA	NA	0.000379219	0.00910125	0.99052	NA	NA	7.92456e-05	NA	NA	0.999921
21	0.996881	0.00167351	0.00060855	0.0008114	2.53563e-05	0.00220412	0.99639	0.000670819	0.000702763	3.19438e-05	0.000740346	0.000296138	0.99695	0.00201374	NA	0.00123486	0.00150725	0.00228812	0.99497	NA	1.25489e-05	NA	1.25489e-05	NA	0.999975
22	0.997062	0.00155408	0.000582779	0.000728474	7.28474e-05	0.00404297	0.993801	0.000385045	0.0017327	3.85045e-05	0.00169405	0.000831043	0.994822	0.00262098	3.19632e-05	0.00159308	0.00128397	0.00378058	0.9932	0.000142664	1.42485e-05	NA	1.42485e-05	2.13727e-05	0.99995
23	0.997363	0.000915809	0.00104213	0.000631592	4.73694e-05	0.0024936	0.995675	0.000617883	0.00119163	2.20673e-05	0.00125686	0.000502744	0.995769	0.00247183	NA	0.00137571	0.00112258	0.00233321	0.995135	3.30171e-05	8.09487e-06	NA	1.21423e-05	3.64269e-05	0.999943
24	0.998228	0.000731726	0.000500655	0.000423631	0.000115536	0.0015135	0.996549	0.00078702	0.00102918	0.00012108	0.000900793	0.000540476	0.995436	0.0030627	6.00528e-05	0.000382399	0.00174811	0.00183005	0.996012	2.73142e-05	3.13457e-05	2.08971e-05	2.08971e-05	2.08971e-05	0.999906
25	0.997343	0.000904491	0.000904491	0.000706634	0.000141327	0.00204109	0.995827	0.000725722	0.00131537	9.07153e-05	0.00176548	0.000492692	0.994868	0.00283298	4.10576e-05	0.0014003	0.00100904	0.00115319	0.996396	4.11853e-05	3.07045e-05	2.30284e-05	NA	4.60568e-05	0.9999
26	0.99798	0.000587609	0.00102832	0.000367255	3.67255e-05	0.00172414	0.996679	0.000446999	0.00114943	NA	0.00180977	0.000536229	0.9939	0.00368657	6.70286e-05	0.000405279	0.000861217	0.00136782	0.99734	2.53299e-05	3.08547e-05	1.02849e-05	NA	8.22791e-05	0.999877
27	0.996191	0.00097905	0.0014008	0.00132548	0.000103284	0.00130497	0.996476	0.00045724	0.00170881	5.34003e-05	0.00287359	0.00120153	0.991699	0.00420395	2.24061e-05	0.0011377	0.000956472	0.00363459	0.994174	9.73252e-05	3.22503e-05	2.60483e-05	2.23271e-05	3.03897e-05	0.999889
28	0.996141	0.00048235	0.0024556	0.000833151	8.77001e-05	0.000367677	0.998284	0.000163412	0.00118474	NA	0.00245019	0.000600989	0.995516	0.00143313	NA	0.000902897	0.000820816	0.000574571	0.99762	8.20816e-05	2.92264e-05	9.74213e-06	NA	NA	0.999961
29	0.999516	NA	NA	NA	0.000484262	NA	1	NA	NA	NA	0.000231	0.000231	0.999538	NA	NA	0.00120048	0.00120048	NA	0.997599	NA	0.00011722	NA	NA	NA	0.999883
30	0.997695	0.000504979	0.0010803	0.000667294	5.23014e-05	0.000301904	0.997973	0.000166186	0.00155384	5.53952e-06	0.00174925	0.000405904	0.996929	0.000901203	1.44966e-05	0.000682489	0.00108345	0.000821831	0.997378	3.41245e-05	2.14607e-05	1.01342e-05	4.76905e-06	2.08646e-05	0.999943
31	0.998579	0.000248307	0.000839214	0.000311169	2.20019e-05	0.000181038	0.99878	8.33728e-05	0.00095045	4.76416e-06	0.00107995	0.000166146	0.998135	0.000607746	1.09307e-05	0.000336993	0.000874709	0.000731072	0.998013	4.41958e-05	2.2749e-05	8.90178e-06	5.43998e-06	2.42326e-05	0.999939
32	0.999619	0.000137269	0.000152522	7.62608e-05	1.52522e-05	0.000135486	0.999594	1.0422e-05	0.00026055	NA	0.00030494	4.06587e-05	0.999248	0.000406587	NA	9.68536e-05	0.00135595	0.000643385	0.997862	4.15087e-05	8.66024e-06	2.16506e-06	2.16506e-06	3.03108e-05	0.999957
33	0.99973	7.72043e-05	7.16897e-05	0.000104777	1.65438e-05	9.55072e-05	0.999618	1.59179e-05	0.000270604	NA	0.00019238	6.92569e-05	0.999284	0.000454017	NA	2.92645e-05	0.000978269	0.000773418	0.998181	3.76257e-05	NA	3.1264e-06	9.37919e-06	2.81376e-05	0.999959
34	0.998584	0.000252543	0.000865422	0.000235604	6.23658e-05	0.000112066	0.998983	5.84691e-05	0.000833185	1.33992e-05	0.00107052	0.000178073	0.998394	0.000346773	1.04136e-05	0.000197215	0.000582996	0.000453249	0.998699	6.74683e-05	2.29312e-05	6.85571e-06	4.49167e-06	1.98579e-05	0.999946
35	0.999493	0.000115346	0.000305759	5.58422e-05	3.02097e-05	3.53307e-05	0.999698	2.4366e-05	0.000237568	4.87319e-06	0.000514934	8.69199e-05	0.999156	0.000238371	3.9509e-06	4.42183e-05	0.000193559	0.000473053	0.999247	4.17154e-05	8.03942e-06	3.87083e-06	1.19102e-06	9.23044e-06	0.999978
36	0.998806	0.000181767	0.00082472	0.000132458	5.46268e-05	7.14681e-05	0.999082	4.71385e-05	0.000790711	9.12359e-06	0.000853751	9.95589e-05	0.998878	0.000160931	8.18292e-06	0.000119649	0.000624007	0.000358947	0.998842	5.55309e-05	1.88012e-05	7.42951e-06	5.3068e-06	1.88012e-05	0.99995
37	0.998963	0.000174795	0.000737396	8.45781e-05	4.00963e-05	4.64968e-05	0.999309	2.81143e-05	0.000612028	4.32528e-06	0.000718145	7.55382e-05	0.999065	0.000139373	2.12784e-06	8.93683e-05	0.000609274	0.000368946	0.998863	6.94416e-05	1.73979e-05	4.69156e-06	5.27801e-06	1.83753e-05	0.999954
38	0.998991	0.000158878	0.000731844	7.44065e-05	4.42126e-05	3.55088e-05	0.999291	2.6918e-05	0.000632858	1.37453e-05	0.000790836	5.8354e-05	0.999042	0.000101147	7.22478e-06	6.76239e-05	0.000557146	0.000304308	0.999	7.10051e-05	1.79148e-05	6.7876e-06	4.7847e-06	1.61345e-05	0.999954
39	0.99894	0.000170504	0.000779292	5.57306e-05	5.44345e-05	2.81022e-05	0.999324	3.15264e-05	0.000609275	7.32074e-06	0.000649882	3.68623e-05	0.999238	6.51573e-05	9.69468e-06	5.64488e-05	0.000515216	0.000268926	0.999102	5.7829e-05	1.88806e-05	7.85414e-06	4.46308e-06	1.74366e-05	0.999951
40	0.998894	0.000182357	0.000817492	4.68622e-05	5.939e-05	2.02028e-05	0.999269	3.28929e-05	0.000669128	8.83236e-06	0.000480725	4.2407e-05	0.999422	4.32484e-05	1.1331e-05	4.38624e-05	0.000403187	0.000278185	0.999225	5.0181e-05	2.38202e-05	9.45817e-06	5.06834e-06	1.88238e-05	0.999943
