quality	AA	AC	AG	AT	A.	CA	CC	CG	CT	C.	GA	GC	GG	GT	G.	TA	TC	TG	TT	T.	.A	.C	.G	.T	..
0	NA	NA	NA	NA	NA	NA	NA	NA	NA	NA	NA	NA	NA	NA	NA	NA	NA	NA	NA	NA	NA	NA	NA	NA	NA
1	NA	NA	NA	NA	NA	NA	NA	NA	NA	NA	NA	NA	NA	NA	NA	NA	NA	NA	NA	NA	NA	NA	NA	NA	NA
2	NA	NA	NA	NA	NA	NA	NA	NA	NA	NA	NA	NA	NA	NA	NA	NA	NA	NA	NA	NA	NA	NA	NA	NA	NA
3	NA	NA	NA	NA	NA	NA	NA	NA	NA	NA	NA	NA	NA	NA	NA	NA	NA	NA	NA	NA	NA	NA	NA	NA	NA
4	NA	NA	NA	NA	NA	NA	NA	NA	NA	NA	NA	NA	NA	NA	NA	NA	NA	NA	NA	NA	NA	NA	NA	NA	NA
5	NA	NA	NA	NA	NA	NA	NA	NA	NA	NA	NA	NA	NA	NA	NA	NA	NA	NA	NA	NA	NA	NA	NA	NA	NA
6	NA	NA	NA	NA	NA	NA	NA	NA	NA	NA	NA	NA	NA	NA	NA	NA	NA	NA	NA	NA	NA	NA	NA	NA	NA
7	NA	NA	NA	NA	NA	NA	NA	NA	NA	NA	NA	NA	NA	NA	NA	NA	NA	NA	NA	NA	NA	NA	NA	NA	NA
8	NA	NA	NA	NA	NA	NA	NA	NA	NA	NA	NA	NA	NA	NA	NA	NA	NA	NA	NA	NA	NA	NA	NA	NA	NA
9	NA	NA	NA	NA	NA	NA	NA	NA	NA	NA	NA	NA	NA	NA	NA	NA	NA	NA	NA	NA	NA	NA	NA	NA	NA
10	NA	NA	NA	NA	NA	NA	NA	NA	NA	NA	NA	NA	NA	NA	NA	NA	NA	NA	NA	NA	NA	NA	NA	NA	NA
11	0.979074	0.00748337	0.00304878	0.0103936	NA	0.0465997	0.934299	0.00411658	0.014655	0.000329327	0.0191179	0.00586953	0.93837	0.0366426	NA	0.0221419	0.00677813	0.00813376	0.962946	NA	3.64657e-05	7.29315e-05	3.64657e-05	3.64657e-05	0.999818
12	0.973696	0.013877	0.00423705	0.00801911	0.000170619	0.0324069	0.950602	0.00415177	0.0128013	3.84423e-05	0.0144897	0.00590515	0.948935	0.0305403	0.000130069	0.01622	0.00845693	0.0208604	0.954159	0.000303582	7.34149e-05	2.44716e-05	4.0786e-05	6.52576e-05	0.999796
13	0.967131	0.0159997	0.00640137	0.0103418	0.000126392	0.030243	0.953833	0.00472218	0.0110731	0.000128893	0.0103265	0.00461349	0.963098	0.0218659	9.63506e-05	0.01587	0.0103628	0.0227633	0.950848	0.000156038	8.64101e-05	4.56053e-05	3.00035e-05	3.84045e-05	0.9998
14	0.962692	0.0175714	0.00681727	0.0127553	0.000164034	0.0295953	0.952481	0.00461933	0.0131755	0.000128589	0.0171628	0.00701029	0.945709	0.0299338	0.000183756	0.0185257	0.0125954	0.0216724	0.946964	0.000242053	7.9547e-05	8.79204e-05	3.76802e-05	0.000115134	0.99968
15	0.975494	0.00858933	0.00510058	0.0107208	9.5437e-05	0.0131528	0.973362	0.00349292	0.00978787	0.000204714	0.0129042	0.00547353	0.958578	0.0229265	0.000118288	0.0290611	0.0136037	0.0278672	0.929154	0.000314174	8.69798e-05	8.37583e-05	4.83221e-05	8.69798e-05	0.999694
16	0.96456	0.0119101	0.00952043	0.0138416	0.000167963	0.0184922	0.959766	0.00521248	0.0163639	0.000165678	0.0186756	0.00854084	0.948707	0.0238843	0.00019247	0.0202969	0.0141511	0.0194357	0.945774	0.000342523	0.000157217	5.3251e-05	8.4948e-05	0.000133127	0.999571
17	NA	NA	NA	NA	NA	NA	NA	NA	NA	NA	NA	NA	NA	NA	NA	NA	NA	NA	NA	NA	NA	NA	NA	NA	NA
18	NA	NA	NA	NA	NA	NA	NA	NA	NA	NA	NA	NA	NA	NA	NA	NA	NA	NA	NA	NA	NA	NA	NA	NA	NA
19	NA	NA	NA	NA	NA	NA	NA	NA	NA	NA	NA	NA	NA	NA	NA	NA	NA	NA	NA	NA	NA	NA	NA	NA	NA
20	0.99833	0.00125261	NA	0.000417537	NA	0.00380228	0.99493	NA	0.00126743	NA	0.00137703	0.000275406	0.996144	0.00220325	NA	0.00121433	0.00182149	0.000607165	0.996357	NA	NA	NA	NA	NA	1
21	0.997268	0.00103922	0.00124707	0.000415689	2.96921e-05	0.00272388	0.995809	0.000544776	0.000838118	8.38118e-05	0.00107139	0.00039681	0.996667	0.00182532	3.9681e-05	0.00114815	0.000688892	0.00267207	0.995407	8.35021e-05	3.84417e-05	NA	1.53767e-05	2.3065e-05	0.999923
22	0.996183	0.00187948	0.000780708	0.00112769	2.89151e-05	0.00308194	0.995333	0.000352221	0.00123277	NA	0.00224888	0.000832917	0.993711	0.00316508	4.16458e-05	0.00159313	0.000739666	0.00284487	0.994709	0.000113795	0.000111793	8.59949e-06	1.7199e-05	1.7199e-05	0.999845
23	0.997094	0.00135849	0.000962264	0.000509434	7.54717e-05	0.00332555	0.994953	0.000583431	0.00110852	2.91715e-05	0.00155914	0.000441267	0.995587	0.00238284	2.94178e-05	0.00124466	0.000771146	0.00197522	0.995982	2.70577e-05	7.70927e-05	2.56976e-05	5.13951e-06	1.54185e-05	0.999877
24	0.996904	0.00147854	0.00101649	0.000600656	NA	0.00186582	0.996593	0.000648982	0.00089235	NA	0.00128739	0.000530102	0.996365	0.00181749	NA	0.000754618	0.000492142	0.00131238	0.997441	NA	3.86917e-05	3.86917e-05	1.28972e-05	2.57945e-05	0.999884
25	0.997861	0.000735343	0.000835617	0.00056822	NA	0.00258284	0.99456	0.00120899	0.00148376	0.000164862	0.0021764	0.00119702	0.992818	0.00369987	0.00010882	0.00154613	0.000598504	0.00147132	0.996334	4.98753e-05	0.000122114	4.69669e-05	1.87868e-05	3.75735e-05	0.999775
26	0.99747	0.00124178	0.000551902	0.000735869	NA	0.00237316	0.996236	0.000409165	0.000900164	8.18331e-05	0.00198113	0.000849057	0.993679	0.00349057	NA	0.000483419	0.000354507	0.00122466	0.997873	6.44558e-05	0.00021201	5.30026e-05	3.97519e-05	2.65013e-05	0.999669
27	0.995806	0.00152177	0.00118586	0.00143016	5.59848e-05	0.00153202	0.996391	0.000310382	0.00175087	1.5917e-05	0.00262107	0.00118015	0.991903	0.00426592	3.00888e-05	0.00123995	0.00110041	0.00381155	0.993734	0.000113629	4.99641e-05	4.55555e-05	4.40859e-05	7.64156e-05	0.999784
28	0.996948	0.000900585	0.00060039	0.00150098	5.00325e-05	0.000908368	0.997218	0.000227092	0.00164642	NA	0.00276258	0.000429139	0.99544	0.00128742	8.04635e-05	0.000906701	0.00027201	0.00063469	0.998096	9.06701e-05	4.6582e-05	NA	NA	8.15186e-05	0.999872
29	0.999452	NA	0.000547645	NA	NA	NA	1	NA	NA	NA	NA	NA	1	NA	NA	NA	NA	NA	1	NA	NA	NA	NA	NA	1
30	0.997433	0.000794604	0.000997573	0.000744941	3.02295e-05	0.00035426	0.998021	0.000217235	0.00140033	6.68416e-06	0.00162285	0.00038741	0.997047	0.000924293	1.83028e-05	0.0006707	0.000962886	0.000856636	0.997493	1.66015e-05	5.04297e-05	2.66557e-05	1.29676e-05	4.03437e-05	0.99987
31	0.998389	0.000321838	0.000833768	0.000427235	2.82314e-05	0.000241552	0.998679	0.000130962	0.000942927	5.82054e-06	0.00117326	0.000221166	0.997969	0.000620344	1.61829e-05	0.000336079	0.000763817	0.000700529	0.998162	3.70997e-05	4.2391e-05	2.92557e-05	1.73146e-05	3.76145e-05	0.999873
32	0.999081	0.000170497	0.000596738	0.000151552	NA	0.000180729	0.999513	2.78044e-05	0.00025024	2.78044e-05	0.000303863	0.00012661	0.999329	0.000240558	NA	0.00010546	0.000228497	0.00074701	0.998901	1.75767e-05	6.3285e-05	1.37576e-05	NA	3.02668e-05	0.999893
33	0.999187	0.000182838	0.000541741	8.80329e-05	NA	9.4516e-05	0.999538	5.25089e-05	0.000304551	1.05018e-05	0.000217954	7.581e-05	0.999564	0.000142144	NA	7.32865e-05	0.000193686	0.000989368	0.998733	1.04695e-05	6.67562e-05	1.96342e-05	3.92684e-06	1.37439e-05	0.999896
34	0.998139	0.000746922	0.000747834	0.000305518	6.11035e-05	0.000168855	0.998994	0.000110123	0.000716534	1.02782e-05	0.00110682	0.000189189	0.998293	0.000392535	1.8018e-05	0.000312714	0.000610149	0.000410501	0.998593	7.33401e-05	5.26823e-05	3.96533e-05	2.57747e-05	4.56013e-05	0.999836
35	0.998886	0.00069679	0.000242652	0.000132457	4.22972e-05	7.34127e-05	0.99967	3.59866e-05	0.000217359	2.87893e-06	0.000438856	5.35553e-05	0.999304	0.000193394	1.04135e-05	0.000102063	0.000243931	0.000563389	0.999059	3.16396e-05	1.77035e-05	1.66413e-05	7.43548e-06	2.79716e-05	0.99993
36	0.998595	0.000387977	0.000744917	0.000240259	3.1613e-05	9.67126e-05	0.99911	7.16045e-05	0.000706746	1.48789e-05	0.000890693	0.000152111	0.998776	0.000164787	1.69012e-05	0.000227893	0.000590758	0.000297753	0.998839	4.47647e-05	4.88133e-05	2.70576e-05	2.10245e-05	4.99102e-05	0.999853
37	0.998768	0.000246643	0.000751108	0.000204915	2.98059e-05	9.64621e-05	0.999239	6.21057e-05	0.000595951	6.60699e-06	0.000678553	0.000111131	0.999074	0.000117668	1.83039e-05	0.000182281	0.000514677	0.000330251	0.998909	6.36198e-05	5.11741e-05	3.89674e-05	1.99532e-05	4.71834e-05	0.999843
38	0.998717	0.000334474	0.000712742	0.000194072	4.16482e-05	6.666e-05	0.999253	6.03449e-05	0.00060415	1.61387e-05	0.000769801	7.71832e-05	0.999027	0.000102234	2.36966e-05	0.000152051	0.00052373	0.00028365	0.998986	5.46848e-05	4.40035e-05	3.18323e-05	2.26036e-05	5.26972e-05	0.999849
39	0.998528	0.000508334	0.00074005	0.000174301	4.8931e-05	6.52184e-05	0.999293	5.97476e-05	0.000571705	1.05098e-05	0.00077799	6.40892e-05	0.999066	6.83435e-05	2.3879e-05	0.000147966	0.000526661	0.000224713	0.999044	5.62595e-05	4.83979e-05	2.82059e-05	2.58227e-05	4.86859e-05	0.999849
40	0.998554	0.000502942	0.000710857	0.000170788	6.15938e-05	7.54941e-05	0.999226	7.70273e-05	0.000606406	1.48412e-05	0.000961919	5.84722e-05	0.998871	6.63136e-05	4.23839e-05	0.000134609	0.000685853	0.000169152	0.998967	4.35512e-05	5.42056e-05	3.03738e-05	3.18126e-05	5.64682e-05	0.999827
