quality	AA	AC	AG	AT	A.	CA	CC	CG	CT	C.	GA	GC	GG	GT	G.	TA	TC	TG	TT	T.	.A	.C	.G	.T	..
0	NA	NA	NA	NA	NA	NA	NA	NA	NA	NA	NA	NA	NA	NA	NA	NA	NA	NA	NA	NA	NA	NA	NA	NA	NA
1	NA	NA	NA	NA	NA	NA	NA	NA	NA	NA	NA	NA	NA	NA	NA	NA	NA	NA	NA	NA	NA	NA	NA	NA	NA
2	NA	NA	NA	NA	NA	NA	NA	NA	NA	NA	NA	NA	NA	NA	NA	NA	NA	NA	NA	NA	NA	NA	NA	NA	NA
3	NA	NA	NA	NA	NA	NA	NA	NA	NA	NA	NA	NA	NA	NA	NA	NA	NA	NA	NA	NA	NA	NA	NA	NA	NA
4	NA	NA	NA	NA	NA	NA	NA	NA	NA	NA	NA	NA	NA	NA	NA	NA	NA	NA	NA	NA	NA	NA	NA	NA	NA
5	NA	NA	NA	NA	NA	NA	NA	NA	NA	NA	NA	NA	NA	NA	NA	NA	NA	NA	NA	NA	NA	NA	NA	NA	NA
6	NA	NA	NA	NA	NA	NA	NA	NA	NA	NA	NA	NA	NA	NA	NA	NA	NA	NA	NA	NA	NA	NA	NA	NA	NA
7	NA	NA	NA	NA	NA	NA	NA	NA	NA	NA	NA	NA	NA	NA	NA	NA	NA	NA	NA	NA	NA	NA	NA	NA	NA
8	NA	NA	NA	NA	NA	NA	NA	NA	NA	NA	NA	NA	NA	NA	NA	NA	NA	NA	NA	NA	NA	NA	NA	NA	NA
9	NA	NA	NA	NA	NA	NA	NA	NA	NA	NA	NA	NA	NA	NA	NA	NA	NA	NA	NA	NA	NA	NA	NA	NA	NA
10	0.976744	0.0232558	NA	NA	NA	0.0666667	0.933333	NA	NA	NA	0.0227273	NA	0.960227	0.0170455	NA	NA	NA	NA	1	NA	NA	NA	NA	NA	1
11	0.970931	0.0148385	0.00303806	0.0110649	0.000127918	0.0709597	0.902961	0.00625195	0.0196043	0.000223284	0.0223598	0.00586235	0.910278	0.0613041	0.000196138	0.0202031	0.00666157	0.0247898	0.948236	0.000109206	5.52191e-05	1.84064e-05	NA	8.28287e-05	0.999844
12	0.969418	0.0161945	0.00557251	0.00870111	0.000114113	0.0574631	0.917817	0.00608762	0.0184794	0.000152827	0.0122409	0.00441411	0.941191	0.0420422	0.000112155	0.0106085	0.00670514	0.0274073	0.955123	0.000155655	3.57639e-05	1.02183e-05	4.85367e-05	0.000395958	0.99951
13	0.965601	0.0184465	0.00636741	0.00942145	0.000163921	0.0426956	0.939979	0.00513596	0.0120637	0.000126154	0.00836162	0.00339392	0.96364	0.0245209	8.34736e-05	0.0117284	0.00773287	0.022071	0.958323	0.000145154	3.86136e-05	2.67325e-05	2.33379e-05	0.000106506	0.999805
14	0.964777	0.0188919	0.00543696	0.0107377	0.000156423	0.0376988	0.945747	0.00437354	0.012096	8.41065e-05	0.013124	0.00584421	0.947828	0.0330562	0.000147776	0.0142239	0.0101135	0.0203364	0.955136	0.000189909	5.58926e-05	3.19386e-05	3.11402e-05	4.6311e-05	0.999835
15	0.964278	0.0159067	0.00837707	0.0113277	0.000110925	0.0325637	0.946645	0.00553978	0.0151781	7.29718e-05	0.0129955	0.00610325	0.952891	0.0279079	0.000102108	0.0153838	0.0100915	0.0212636	0.953128	0.000133002	0.000127702	2.39442e-05	2.66047e-05	3.59163e-05	0.999786
16	0.964869	0.0155388	0.00719969	0.0122664	0.000126051	0.0271001	0.954164	0.00447847	0.0141945	6.32552e-05	0.0117194	0.00526703	0.955466	0.0274589	8.83889e-05	0.0176405	0.0111383	0.0252905	0.945783	0.00014749	5.03977e-05	2.44064e-05	2.18707e-05	4.02547e-05	0.999863
17	NA	NA	NA	NA	NA	NA	NA	NA	NA	NA	NA	NA	NA	NA	NA	NA	NA	NA	NA	NA	NA	NA	NA	NA	NA
18	1	NA	NA	NA	NA	NA	1	NA	NA	NA	NA	NA	1	NA	NA	NA	NA	NA	1	NA	NA	NA	NA	NA	1
19	1	NA	NA	NA	NA	NA	1	NA	NA	NA	NA	NA	1	NA	NA	NA	NA	NA	1	NA	NA	NA	NA	NA	1
20	0.99775	0.00179998	0.000224997	0.000112499	0.000112499	0.00801202	0.989985	0.000500751	0.00133534	0.000166917	0.00128312	0.000150955	0.993056	0.00550985	NA	0.00100705	0.000503525	0.0278617	0.97046	0.000167842	0.000117392	NA	NA	2.93479e-05	0.999853
21	0.995991	0.0022223	0.00121137	0.000557754	1.74298e-05	0.0055829	0.992724	0.00048025	0.00121263	NA	0.000855508	0.000266652	0.995778	0.00307761	2.2221e-05	0.000874492	0.00144916	0.00210503	0.995559	1.24927e-05	1.56281e-05	1.11629e-05	8.93033e-06	7.81403e-05	0.999886
22	0.996124	0.00230014	0.000965803	0.000533733	7.62476e-05	0.00557086	0.992438	0.000744122	0.0012268	2.01114e-05	0.00107802	0.000303194	0.995166	0.00336882	8.42205e-05	0.000909722	0.000969572	0.00311221	0.994937	7.18202e-05	4.42409e-05	1.4747e-05	1.84337e-05	0.000224891	0.999698
23	0.997177	0.00157239	0.00089558	0.000300805	5.46919e-05	0.0037949	0.994724	0.000500103	0.000951176	2.94178e-05	0.00057898	0.000174613	0.997105	0.00210455	3.67607e-05	0.000495867	0.00126469	0.00252028	0.995701	1.8197e-05	2.08134e-05	1.21411e-05	2.94856e-05	7.63158e-05	0.999861
24	0.997292	0.00113001	0.00132484	0.000214312	3.89658e-05	0.00305564	0.994661	0.000804117	0.00147958	NA	0.000867614	5.98355e-05	0.99638	0.00266268	2.99177e-05	0.000264466	0.00148936	0.00111354	0.997077	5.5677e-05	4.79713e-05	1.06603e-05	1.59904e-05	0.000261177	0.999664
25	0.997734	0.00110944	0.000578161	0.000515657	6.25039e-05	0.00373125	0.994677	0.000417482	0.00109589	7.82779e-05	0.00087632	0.00016579	0.996589	0.00234475	2.36843e-05	0.000536249	0.00121239	0.00160875	0.996584	5.8288e-05	3.47444e-05	8.6861e-06	2.17152e-05	6.51457e-05	0.99987
26	0.996352	0.000972763	0.00189689	0.00077821	NA	0.0033411	0.993784	0.0022533	0.0004662	0.0001554	0.000585652	0.000219619	0.996999	0.00212299	7.32064e-05	0.000294022	0.00163345	0.00127409	0.996766	3.26691e-05	5.15099e-05	2.57549e-05	2.57549e-05	0.000527976	0.999369
27	0.996459	0.00125916	0.00153512	0.000683836	6.26772e-05	0.00272281	0.995506	0.000354879	0.00139162	2.47951e-05	0.0013833	0.000663046	0.994905	0.00302531	2.34016e-05	0.000947135	0.0013095	0.00353587	0.99411	9.75882e-05	4.04121e-05	1.43569e-05	1.30276e-05	2.73845e-05	0.999905
28	0.997517	0.000357878	0.00190123	0.000201306	2.23674e-05	0.000495839	0.998814	0.000107791	0.000582072	NA	0.00128517	0.000247149	0.99649	0.00197719	NA	0.000413413	0.00372072	0.00179146	0.994028	4.59348e-05	2.06463e-05	5.16158e-06	NA	3.09695e-05	0.999943
29	0.999234	0.000437493	NA	NA	0.00032812	0.000402576	0.998792	0.000201288	0.000402576	0.000201288	0.00107304	7.15359e-05	0.998426	0.000429215	NA	NA	NA	0.00118694	0.998813	NA	NA	NA	NA	3.17985e-05	0.999968
30	0.997835	0.000550353	0.00129566	0.000280352	3.8818e-05	0.000530186	0.997988	0.000359472	0.00111172	1.11034e-05	0.000782593	0.000230799	0.998154	0.000825039	7.95857e-06	0.000350621	0.00134902	0.000666429	0.997578	5.59502e-05	3.12039e-05	6.70739e-06	8.45714e-06	6.76571e-05	0.999886
31	0.998213	0.000410513	0.0011816	0.000157434	3.72424e-05	0.000554504	0.998443	0.0002288	0.000768499	5.38353e-06	0.000604505	0.000193591	0.998611	0.000582023	8.74284e-06	0.000203111	0.00117292	0.00082891	0.997753	4.2086e-05	3.06606e-05	6.39872e-06	5.33227e-06	5.70553e-05	0.999901
32	0.998278	0.000298232	0.00130634	7.98085e-05	3.7804e-05	0.000359978	0.998876	0.000581017	0.000183147	NA	0.00018849	4.12323e-05	0.999558	0.000206161	5.89032e-06	7.65114e-05	0.00120888	0.000355778	0.998347	1.14767e-05	5.00635e-06	2.50318e-06	6.25794e-06	0.0001577	0.999829
33	0.998348	0.000243972	0.00132791	6.6221e-05	1.39413e-05	0.000530204	0.998868	0.000469026	0.000132551	NA	0.000200107	1.42933e-05	0.999562	0.000219165	4.76445e-06	6.07886e-05	0.00119643	0.00077091	0.997947	2.48681e-05	9.09051e-06	1.01006e-05	5.05029e-06	0.00017777	0.999798
34	0.99838	0.000297239	0.00112616	0.000135368	6.11603e-05	0.000232955	0.998831	0.000170922	0.000756279	9.23902e-06	0.000588003	0.000222995	0.998781	0.000403152	4.69464e-06	0.000144077	0.00103982	0.000522994	0.998225	6.78526e-05	3.49415e-05	7.56855e-06	5.29798e-06	3.35539e-05	0.999919
35	0.999031	0.000210649	0.000666457	5.8953e-05	3.30712e-05	0.00028268	0.999399	4.52288e-05	0.000269488	3.76907e-06	0.000385783	0.000135879	0.999285	0.000190991	1.90041e-06	5.08866e-05	0.000565337	0.000475355	0.998856	5.21277e-05	1.85835e-05	3.41765e-06	4.48566e-06	9.39853e-06	0.999964
36	0.998485	0.000213695	0.00117105	9.00572e-05	4.02968e-05	9.07054e-05	0.999022	0.000197903	0.000682958	6.79078e-06	0.000511021	0.000279867	0.998999	0.000202662	7.81237e-06	9.77831e-05	0.00128224	0.000283329	0.998286	5.04464e-05	3.88263e-05	7.01565e-06	5.86239e-06	5.3242e-05	0.999895
37	0.99848	0.000204633	0.00118965	8.10584e-05	4.45027e-05	9.30966e-05	0.999059	0.000193779	0.000642022	1.24129e-05	0.000412696	8.0866e-05	0.999361	0.000133847	1.18511e-05	7.72467e-05	0.000918004	0.000353021	0.998602	5.00051e-05	3.11912e-05	7.92158e-06	5.69363e-06	5.21091e-05	0.999903
38	0.998574	0.000187344	0.00111683	7.50447e-05	4.66349e-05	5.66034e-05	0.99912	0.000155659	0.000656084	1.20068e-05	0.00045081	0.000190778	0.999258	8.84197e-05	1.17603e-05	6.93619e-05	0.00107751	0.000256106	0.99854	5.7357e-05	3.60188e-05	6.36112e-06	5.86545e-06	4.59323e-05	0.999906
39	0.998607	0.00015868	0.00111959	6.31388e-05	5.13563e-05	4.4983e-05	0.999125	0.000169878	0.000648419	1.18158e-05	0.000437517	0.00017096	0.999324	5.8432e-05	9.29131e-06	5.40382e-05	0.000991022	0.000185153	0.998711	5.88631e-05	3.76745e-05	6.5023e-06	6.54112e-06	4.39827e-05	0.999905
40	0.998865	0.000139753	0.000880195	5.8418e-05	5.63399e-05	2.61909e-05	0.999003	9.20151e-05	0.000864994	1.36158e-05	0.000482588	9.73581e-05	0.999373	3.30197e-05	1.40084e-05	5.04306e-05	0.00079537	0.000125935	0.998981	4.76634e-05	5.21408e-05	6.89787e-06	6.68562e-06	2.84581e-05	0.999906
