quality	AA	AC	AG	AT	A.	CA	CC	CG	CT	C.	GA	GC	GG	GT	G.	TA	TC	TG	TT	T.	.A	.C	.G	.T	..
0	NA	NA	NA	NA	NA	NA	NA	NA	NA	NA	NA	NA	NA	NA	NA	NA	NA	NA	NA	NA	NA	NA	NA	NA	NA
1	NA	NA	NA	NA	NA	NA	NA	NA	NA	NA	NA	NA	NA	NA	NA	NA	NA	NA	NA	NA	NA	NA	NA	NA	NA
2	NA	NA	NA	NA	NA	NA	NA	NA	NA	NA	NA	NA	NA	NA	NA	NA	NA	NA	NA	NA	NA	NA	NA	NA	NA
3	NA	NA	NA	NA	NA	NA	NA	NA	NA	NA	NA	NA	NA	NA	NA	NA	NA	NA	NA	NA	NA	NA	NA	NA	NA
4	NA	NA	NA	NA	NA	NA	NA	NA	NA	NA	NA	NA	NA	NA	NA	NA	NA	NA	NA	NA	NA	NA	NA	NA	NA
5	NA	NA	NA	NA	NA	NA	NA	NA	NA	NA	NA	NA	NA	NA	NA	NA	NA	NA	NA	NA	NA	NA	NA	NA	NA
6	NA	NA	NA	NA	NA	NA	NA	NA	NA	NA	NA	NA	NA	NA	NA	NA	NA	NA	NA	NA	NA	NA	NA	NA	NA
7	NA	NA	NA	NA	NA	NA	NA	NA	NA	NA	NA	NA	NA	NA	NA	NA	NA	NA	NA	NA	NA	NA	NA	NA	NA
8	NA	NA	NA	NA	NA	NA	NA	NA	NA	NA	NA	NA	NA	NA	NA	NA	NA	NA	NA	NA	NA	NA	NA	NA	NA
9	NA	NA	NA	NA	NA	NA	NA	NA	NA	NA	NA	NA	NA	NA	NA	NA	NA	NA	NA	NA	NA	NA	NA	NA	NA
10	NA	NA	NA	NA	NA	NA	NA	NA	NA	NA	NA	NA	NA	NA	NA	NA	NA	NA	NA	NA	NA	NA	NA	NA	NA
11	0.972529	0.0144714	0.00404709	0.0084621	0.000490557	0.0462784	0.931022	0.00545487	0.0170684	0.000175963	0.0217951	0.00707737	0.933006	0.0379604	0.000160849	0.0282238	0.0107056	0.0223844	0.938686	NA	0.000105955	NA	NA	0.000105955	0.999788
12	0.972179	0.0143505	0.00505842	0.0083299	8.24742e-05	0.0365031	0.945153	0.00500296	0.013193	0.000148236	0.0124489	0.00541165	0.949969	0.0320849	8.55597e-05	0.0136057	0.00875534	0.0260194	0.951537	8.22098e-05	5.21074e-05	2.23317e-05	7.44391e-06	5.21074e-05	0.999866
13	0.966116	0.0158293	0.00714497	0.0108174	9.24818e-05	0.0298952	0.953796	0.0048674	0.0113039	0.000137239	0.00966455	0.00460747	0.964052	0.0215515	0.000124179	0.0144613	0.010545	0.0225099	0.952282	0.000201835	5.05053e-05	2.89938e-05	2.80585e-05	0.000155257	0.999737
14	0.963306	0.0168304	0.00671523	0.0129343	0.000214256	0.0294462	0.952502	0.00455602	0.0133752	0.000120575	0.0165934	0.00730498	0.943906	0.0320097	0.000185446	0.017719	0.0135073	0.0214087	0.947115	0.000250268	7.89836e-05	3.41065e-05	3.41065e-05	0.000107705	0.999745
15	0.975979	0.0085663	0.00630873	0.00901247	0.000133849	0.0122114	0.97672	0.00267287	0.00828066	0.0001153	0.0149241	0.0061755	0.952045	0.0266975	0.000157538	0.0234822	0.0176576	0.0237446	0.934958	0.000157422	0.00014537	1.95691e-05	2.51603e-05	6.7094e-05	0.999743
16	0.963967	0.0121609	0.00917486	0.0145338	0.000163301	0.0175578	0.961283	0.00477256	0.0162114	0.00017514	0.0182412	0.00838421	0.947878	0.0253712	0.000124904	0.0191385	0.0130907	0.0189957	0.948551	0.000224295	0.000108761	4.67671e-05	4.45919e-05	8.26581e-05	0.999717
17	NA	NA	NA	NA	NA	NA	NA	NA	NA	NA	NA	NA	NA	NA	NA	NA	NA	NA	NA	NA	NA	NA	NA	NA	NA
18	NA	NA	NA	NA	NA	NA	NA	NA	NA	NA	NA	NA	NA	NA	NA	NA	NA	NA	NA	NA	NA	NA	NA	NA	NA
19	NA	NA	NA	NA	NA	NA	NA	NA	NA	NA	NA	NA	NA	NA	NA	NA	NA	NA	NA	NA	NA	NA	NA	NA	NA
20	0.997439	0.00146359	0.000731797	NA	0.000365898	0.00334262	0.994429	0.00111421	NA	0.00111421	0.00180955	0.00067858	0.994119	0.0033929	NA	0.00256016	NA	0.0204813	0.976959	NA	NA	9.17768e-05	NA	NA	0.999908
21	0.996504	0.00164956	0.000910949	0.000886328	4.92405e-05	0.00287081	0.995809	0.000329979	0.000956938	3.29979e-05	0.000837028	0.000527017	0.997148	0.00148805	NA	0.00118548	0.00135483	0.00242176	0.994987	5.08061e-05	3.70201e-05	NA	NA	1.85101e-05	0.999944
22	0.995954	0.00169192	0.00137315	0.000956304	2.45206e-05	0.00397576	0.993708	0.000771992	0.00154398	NA	0.00163816	0.000425922	0.99466	0.00327633	NA	0.00122964	0.00143845	0.00382813	0.993365	0.000139205	1.42576e-05	7.1288e-06	7.1288e-06	0.000106932	0.999865
23	0.996579	0.00130457	0.00141593	0.000668194	3.18188e-05	0.00253924	0.995383	0.000923361	0.00113112	2.3084e-05	0.00105743	0.000572776	0.995396	0.00292997	4.40597e-05	0.00128495	0.00124212	0.00245211	0.994957	6.42474e-05	1.63417e-05	4.08543e-06	1.63417e-05	0.000114392	0.999849
24	0.997172	0.00106989	0.00122273	0.000420313	0.000114631	0.00285605	0.995303	0.00101549	0.000825083	NA	0.000886892	0.000354757	0.996925	0.00183291	NA	0.000633312	0.00187355	0.00158328	0.99591	NA	2.06864e-05	1.03432e-05	1.03432e-05	8.27455e-05	0.999876
25	0.99643	0.00102012	0.00184188	0.000623406	8.50099e-05	0.00268494	0.995325	0.00106472	0.00092584	NA	0.00148399	0.000932796	0.994658	0.00284079	8.47997e-05	0.00100927	0.00135942	0.0015242	0.996087	2.05973e-05	3.10135e-05	2.32601e-05	3.10135e-05	0.000155068	0.99976
26	0.996107	0.000648904	0.00255745	0.000648904	3.81709e-05	0.0023046	0.995654	0.00105353	0.000987687	NA	0.00109582	0.000547908	0.995617	0.00267105	6.84885e-05	0.000309637	0.000670881	0.00149658	0.997471	5.16062e-05	5.28083e-05	3.1685e-05	4.22467e-05	0.000285165	0.999588
27	0.996268	0.000990845	0.00150608	0.00116479	7.04601e-05	0.00115629	0.996773	0.000443127	0.00159941	2.76955e-05	0.0024969	0.00136328	0.991379	0.00473175	2.94446e-05	0.00115263	0.00169154	0.00342049	0.993627	0.000108803	5.66041e-05	1.908e-05	1.0812e-05	3.3708e-05	0.99988
28	0.998131	0.000267011	0.00102354	0.000578523	NA	0.000222936	0.998662	4.45871e-05	0.00107009	NA	0.00286092	0.000721241	0.995023	0.0013944	NA	0.000917814	0.00500626	0.000667501	0.993325	8.34376e-05	3.04708e-05	2.03138e-05	NA	3.04708e-05	0.999919
29	1	NA	NA	NA	NA	NA	0.999215	NA	0.000784929	NA	0.000461574	NA	0.999308	0.000230787	NA	NA	NA	0.00108932	0.998911	NA	NA	0.000112638	NA	NA	0.999887
30	0.99743	0.000516849	0.00142449	0.000574477	5.4026e-05	0.000339602	0.998099	0.000334035	0.00121644	1.11345e-05	0.00145169	0.00047459	0.997119	0.000949181	5.07583e-06	0.000635852	0.00164669	0.000654874	0.997022	4.07598e-05	3.82402e-05	1.61326e-05	5.37753e-06	7.34929e-05	0.999867
31	0.998137	0.000293812	0.00122475	0.000295409	4.9501e-05	0.000182304	0.998712	0.000206612	0.000889645	9.7229e-06	0.000900605	0.000289397	0.998122	0.000687608	NA	0.000279715	0.00123874	0.00074288	0.997693	4.54083e-05	3.87592e-05	7.04713e-06	6.54377e-06	5.99006e-05	0.999888
32	0.997932	0.000150574	0.00179104	0.000110949	1.58499e-05	0.000149712	0.999145	0.000427748	0.000267343	1.06937e-05	0.000290145	0.000107461	0.999183	0.000419098	NA	6.89451e-05	0.00130996	0.000654978	0.997959	6.89451e-06	1.11337e-05	NA	2.22674e-06	0.000162552	0.999824
33	0.99843	9.10156e-05	0.00141074	5.68848e-05	1.1377e-05	8.14505e-05	0.999202	0.000456123	0.000260642	NA	0.000272432	4.80762e-05	0.999279	0.000400635	NA	4.62642e-05	0.00109772	0.000879019	0.997969	8.41167e-06	6.41536e-06	6.41536e-06	9.62303e-06	0.000149157	0.999828
34	0.998421	0.000226778	0.00107739	0.00021362	6.11448e-05	9.91811e-05	0.99894	0.000150011	0.000805847	4.95906e-06	0.000823048	0.000338268	0.99847	0.000361969	6.46373e-06	0.000196478	0.00122309	0.00041592	0.998108	5.6987e-05	4.62361e-05	8.10324e-06	6.19659e-06	3.81329e-05	0.999901
35	0.999532	4.96578e-05	0.000341046	4.96578e-05	2.71712e-05	4.20813e-05	0.999725	3.95309e-05	0.000191278	2.55038e-06	0.000352728	0.000111808	0.999301	0.000227609	6.65524e-06	5.31721e-05	0.000483779	0.000439323	0.998981	4.2712e-05	1.95895e-05	5.81564e-06	5.81564e-06	1.25495e-05	0.999956
36	0.998506	0.000172806	0.00114314	0.000125721	5.24243e-05	5.79953e-05	0.998995	0.00020337	0.000736153	7.7327e-06	0.000563616	0.000342949	0.998927	0.000160933	5.62211e-06	0.000136583	0.00137599	0.000299693	0.998132	5.5875e-05	4.30768e-05	7.94323e-06	7.94323e-06	5.43806e-05	0.999887
37	0.998564	0.000157716	0.00114594	9.38786e-05	3.81773e-05	6.16144e-05	0.999093	0.000204648	0.000631548	8.80206e-06	0.000418587	0.00011191	0.999322	0.000136659	1.07606e-05	9.06087e-05	0.00101339	0.000308189	0.998516	7.15332e-05	3.99053e-05	7.0421e-06	7.23772e-06	5.24245e-05	0.999893
38	0.998614	0.000168895	0.00110018	7.77278e-05	3.92271e-05	3.96584e-05	0.999187	0.000167382	0.000597792	8.16496e-06	0.000415975	0.000196653	0.999292	8.33084e-05	1.24679e-05	8.39016e-05	0.00117015	0.000250959	0.99844	5.48157e-05	3.98346e-05	6.28377e-06	5.72272e-06	4.89237e-05	0.999899
39	0.998682	0.000135118	0.00107048	5.99143e-05	5.25256e-05	3.05832e-05	0.999157	0.000170096	0.000633719	8.77288e-06	0.00040427	0.000195551	0.999342	4.8397e-05	1.0049e-05	5.93842e-05	0.00109272	0.000223071	0.998569	5.59928e-05	4.59182e-05	7.96063e-06	6.20396e-06	4.33387e-05	0.999897
40	0.998833	0.000124119	0.000936589	4.96763e-05	5.63262e-05	2.47296e-05	0.999035	0.000114855	0.000816791	8.95761e-06	0.000425328	0.000136684	0.999395	3.00039e-05	1.25471e-05	5.02457e-05	0.000915971	0.000185312	0.998803	4.5946e-05	5.26957e-05	1.00846e-05	6.49869e-06	2.76719e-05	0.999903
