ks_quality_p_value	fisher_strand_p_value	bias_p_value	bias_e_value
0.553133	1	0.880674	26334.8
0.99921	0.785022	0.974881	29151.9
0.859785	0.783398	0.939734	28100.9
0.0161149	0.783398	0.0678198	2028.02
0.363372	0.785022	0.643071	19229.8
0.0265056	0.783398	0.101217	3026.68
0.0651165	0.783401	0.202809	6064.6
0.848639	1	0.987919	29541.7
1	0.635728	0.923703	27621.5
0.992298	1	0.99997	29902.1
0.940448	1	0.99819	29848.9
0.980945	1	0.999817	29897.5
0.0736054	1	0.265645	7943.57
0.968375	1	0.999495	29887.9
0.352429	1	0.719979	21529.5
1	1	1	29903
0.999999	1	1	29903
0.474029	1	0.827885	24756.3
0.725189	1	0.958209	28653.3
0.762393	1	0.969225	28982.7
0.664548	1	0.936114	27992.6
0.00017675	0.0593888	0.000130839	3.91247
0.106771	1	0.345624	10335.2
0.519969	1	0.860021	25717.2
0.934795	1	0.997826	29838
0.865416	0.926732	0.97896	29273.9
0.621511	0.264475	0.461169	13790.3
0.90833	0.264475	0.582837	17428.6
0.996341	0.269008	0.620925	18567.5
0.921514	0.570429	0.863711	25827.6
1	0.000195433	0.00186449	55.7538
1	0.192303	0.50935	15231.1
0.549041	0.913783	0.847752	25350.3
0.203905	0.673166	0.409846	12255.6
0.999974	0.801334	0.978807	29269.3
0.065767	1	0.244761	7319.08
0.559395	1	0.884347	26444.6
0.40546	1	0.771482	23069.6
0.775467	1.92931e-08	2.84529e-07	0.00850827
0.953919	0.00334031	0.0215045	643.049
0.991275	5.20583e-12	1.3928e-10	4.16488e-06
0.859253	0.0349248	0.135229	4043.76
0.830122	0.000316469	0.0024286	72.6223
0.682296	0.036978	0.118069	3530.63
0.998855	6.71251e-05	0.000711389	21.2727
0.946889	1.54472e-05	0.000177462	5.30665
1	9.41346e-14	2.91761e-12	8.72453e-08
0.669344	3.91044e-12	7.24213e-11	2.16561e-06
0.933579	1.82686e-08	3.22118e-07	0.00963229
0.999997	1.58596e-10	3.73725e-09	0.000111755
1	0.0148119	0.0772042	2308.64
0.998588	0.0148119	0.0771161	2306
1	9.73106e-11	2.34062e-09	6.99916e-05
1	9.74365e-11	2.34352e-09	7.00784e-05
0.0120257	9.6199e-11	3.29534e-11	9.85406e-07
0.898155	0.0148379	0.0708713	2119.27
0.286825	3.10589e-09	1.94551e-08	0.000581764
0.180501	4.30318e-09	1.70693e-08	0.000510424
0.343624	3.0857e-09	2.29715e-08	0.000686917
0.000904122	8.06406e-12	2.44625e-13	7.31503e-09
0.501491	5.66114e-12	7.83214e-11	2.34204e-06
0.817623	0.00391018	0.0215658	644.882
0.714637	7.73536e-07	8.51765e-06	0.254703
0.67953	3.45846e-13	7.06899e-12	2.11384e-07
0.999999	2.5899e-55	3.28115e-53	9.81164e-49
0.326027	1	0.69143	20675.8
0.857897	1	0.989388	29585.7
0.803584	1	0.979307	29284.2
0.999999	0.857573	0.989338	29584.2
0.881447	1	0.992677	29684
0.999999	0.82963	0.984584	29442
6.62316e-16	0.653126	1.57357e-14	4.70545e-10
0.673296	1	0.939632	28097.8
0.435321	1	0.797365	23843.6
0.720995	1	0.956849	28612.7
0.664082	1	0.935924	27986.9
0.545786	0.107401	0.2249	6725.18
0.968131	0.0590057	0.220647	6598
0.996359	1.41404e-12	3.9855e-11	1.19178e-06
0.966806	2.40157e-10	5.38286e-09	0.000160964
0.436404	0.000233292	0.00103768	31.0298
0.999867	3.79875e-54	4.71001e-52	1.40843e-47
0.999901	8.70271e-13	2.50353e-11	7.4863e-07
0.999926	3.35877e-36	2.77687e-34	8.30369e-30
0.660381	1	0.934398	27941.3
0.999998	1	1	29903
1	1	1	29903
0.920438	1	0.996748	29805.7
0.210948	1	0.539214	16124.1
1	0.700069	0.949697	28398.8
0.434565	0.730604	0.681755	20386.5
1	1	1	29903
0.724023	1	0.957833	28642.1
1	0.00126305	0.00969289	289.847
1	1	1	29903
0.517736	1	0.858556	25673.4
0.100657	0.666735	0.248407	7428.12
0.217112	0.210956	0.187026	5592.64
0.992688	0.200789	0.520793	15573.3
0.748746	0.657483	0.841168	25153.4
0.984817	0.658619	0.929412	27792.2
1	1	1	29903
0.981909	1	0.999835	29898.1
0.923328	1	0.996983	29812.8
1	1.09122e-17	4.37108e-16	1.30708e-11
0.995052	0.00606062	0.0368526	1102
0.7714	0.719735	0.881897	26371.4
0.730331	0.719754	0.863711	25827.6
0.575106	0.79148	0.813439	24324.3
0.832741	4.70823e-06	5.27308e-05	1.57681
1	8.45578e-26	4.96628e-24	1.48507e-19
0.953706	1	0.998912	29870.5
0.14497	1	0.424939	12707
0.999982	0.877056	0.99211	29667.1
0.999998	1	1	29903
0.90359	0.803082	0.958359	28657.8
0.602217	1	0.907624	27140.7
0.267512	0.000253133	0.000717802	21.4644
0.548717	0.815306	0.807222	24138.4
0.428421	1	0.791572	23670.4
0.381148	1	0.748791	22391.1
0.539873	1	0.872662	26095.2
0.731304	1	0.960148	28711.3
0.669856	1	0.938262	28056.9
0.760755	1	0.968779	28969.4
0.0407677	0.0204389	0.00674112	201.58
0.997327	0.000285168	0.00260661	77.9455
0.0851614	0.000289448	0.000286202	8.55831
1	0.172525	0.475688	14224.5
0.92921	0.0758661	0.257464	7698.95
0.471502	1	0.825993	24699.7
0.149103	1	0.432864	12943.9
0.337388	0.0113309	0.025104	750.684
0.999997	1	1	29903
0.975958	1	0.999709	29894.3
0.722321	1	0.957282	28625.6
0.297614	1	0.658309	19685.4
0.628816	1	0.920534	27526.7
0.43881	0.598153	0.613562	18347.4
0.994733	0.365098	0.731024	21859.8
0.999997	7.01241e-07	1.06381e-05	0.318111
0.85884	1	0.989532	29590
0.778102	1	0.973326	29105.4
0.808626	0.581518	0.825035	24671
0.094361	1.78733e-34	1.36724e-33	4.08847e-29
0.0282265	1.17727e-59	4.66077e-59	1.39371e-54
0.930578	1	0.997532	29829.2
0.901653	1	0.994997	29753.4
0.999989	1	1	29903
1	0.635546	0.92362	27619
0.999999	7.14981e-05	0.000754007	22.5471
0.00266534	1	0.0184639	552.127
0.995622	1	0.99999	29902.7
0.98047	1	0.999808	29897.3
0.213983	0.0340368	0.0431329	1289.8
0.686293	9.63653e-16	2.3777e-14	7.11003e-10
0.104643	2.60443e-21	1.38051e-20	4.12814e-16
1	8.10556e-20	3.64419e-18	1.08972e-13
1	2.87838e-21	1.39017e-19	4.15703e-15
0.999998	1.69831e-23	9.07404e-22	2.71341e-17
1	3.67009e-26	2.18616e-24	6.53729e-20
0.984418	1	0.999878	29899.4
0.84534	1	0.987371	29525.4
1	1	1	29903
0.544647	1	0.875584	26182.6
0.977003	1	0.999734	29895
0.845164	1	0.987341	29524.5
0.123856	1	0.382545	11439.2
0.988632	1	0.999935	29901.1
0.000468607	1	0.00406083	121.431
0.894333	1	0.99421	29729.8
0.0317044	1	0.141126	4220.08
1	0.74257	0.963587	28814.1
0.999981	3.12402e-35	2.51327e-33	7.51543e-29
1	1.04177e-08	2.01893e-07	0.0060372
1	1	1	29903
1	1	1	29903
0.999999	1	1	29903
0.751846	1	0.96629	28895
0.999944	1	1	29903
0.242418	1	0.585946	17521.6
0.998367	1	0.999999	29903
1	0.0293175	0.132796	3970.98
0.747882	1	0.965149	28860.9
0.534193	1	0.869131	25989.6
0.854246	1	0.988821	29568.7
0.178629	1	0.486308	14542.1
1	0.569569	0.890165	26618.6
0.729637	0.0142322	0.0578144	1728.82
0.986222	0.35311	0.715591	21398.3
0.890426	0.619722	0.879893	26311.4
0.999975	0.00289576	0.0198196	592.667
0.321008	0.0627542	0.0988057	2954.59
0.512819	0.496258	0.602759	18024.3
0.976783	1	0.999728	29894.9
0.999997	0.373517	0.741352	22168.6
0.999999	0.367875	0.735754	22001.2
0.977031	1	0.999734	29895.1
0.15308	1	0.44038	13168.7
0.226527	5.7272e-05	0.000158961	4.75341
0.254769	0.0689113	0.0885254	2647.18
0.0202226	1	0.0991102	2963.69
0.957695	0.23158	0.555801	16620.1
0.704378	1	0.95122	28444.3
0.999626	1	1	29903
0.971144	1	0.99958	29890.4
0.673032	0.131234	0.302666	9050.62
0.306071	0.0106421	0.0219111	655.207
0.63777	0.000273776	0.00168547	50.4006
0.982837	1	0.999852	29898.6
1	0.855405	0.989002	29574.1
1	0.00118594	0.00917589	274.387
0.999935	0.0745999	0.26822	8020.58
0.521722	0.661976	0.712544	21307.2
0.706742	0.0105657	0.0440361	1316.81
0.899701	1	0.994793	29747.3
0.811003	0.000257041	0.00197533	59.0682
0.918097	0.375937	0.712308	21300.2
0.984496	0.0236557	0.11085	3314.76
0.926917	0.259421	0.583167	17438.4
0.996503	0.237446	0.577654	17273.6
0.96529	0.0467821	0.18504	5533.25
0.828842	0.0043904	0.0240755	719.93
0.902973	0.0282281	0.119022	3559.11
0.810115	0.00360974	0.0199867	597.663
0.513416	0.00137327	0.00582185	174.091
0.712974	1	0.954181	28532.9
0.796553	0.263098	0.537067	16059.9
0.547633	0.0962037	0.207757	6212.57
0.691578	0.000243915	0.00163415	48.8659
0.664408	0.000121716	0.000842876	25.2045
0.756388	3.04173e-05	0.000268718	8.03548
0.67138	3.05709e-05	0.000242066	7.23849
0.496524	0.000973029	0.00417196	124.754
0.686694	0.00633571	0.0280073	837.501
0.77317	0.00780454	0.036871	1102.55
0.703991	0.00195211	0.0104304	311.901
0.566628	0.00195862	0.00866045	258.974
0.429337	0.00206268	0.00711059	212.628
0.611744	0.00206812	0.00970702	290.269
0.611501	0.00410232	0.01753	524.2
0.895138	1	0.994299	29732.5
0.91384	1	0.996177	29788.7
0.931908	1	0.997627	29832
0.910464	1	0.995866	29779.4
0.878764	1	0.992334	29673.8
0.776126	0.558301	0.79569	23793.5
0.817249	0.241426	0.517532	15475.8
0.999838	7.02954e-13	2.03709e-11	6.0915e-07
0.0881955	0.354912	0.139733	4178.44
1	1.76075e-06	2.50903e-05	0.750276
0.968517	2.76799e-06	3.70744e-05	1.10864
1	4.39219e-05	0.000484594	14.4908
0.359325	2.76202e-06	1.47113e-05	0.439913
0.36608	0.683798	0.597024	17852.8
0.15447	1	0.442982	13246.5
0.999983	0.0150524	0.0782146	2338.85
0.532948	1	0.868349	25966.2
0.804894	1	0.979592	29292.7
1	0.662227	0.935162	27964.1
1	1	1	29903
1	1	1	29903
0.943073	1	0.998348	29853.6
1	1	1	29903
0.999968	0.798782	0.978236	29252.2
0.919562	0.756073	0.947964	28347
1	0.71839	0.955992	28587
0.971996	0.709095	0.94575	28280.8
0.864942	0.703817	0.910907	27238.9
0.810872	0.70379	0.890792	26637.4
0.88467	0.703804	0.917636	27440.1
0.886523	0.491192	0.797475	23846.9
0.869075	0.703793	0.912333	27281.5
0.000252126	0.014833	5.0474e-05	1.50932
0.227225	0.0221071	0.0316149	945.381
0.991333	1	0.999962	29901.9
0.96181	0.254173	0.58884	17608.1
1	0.653843	0.931653	27859.2
0.824742	0.521819	0.793216	23719.5
0.497328	0.363519	0.490013	14652.9
0.68027	1	0.942355	28179.2
0.534702	1	0.86945	25999.2
0.650839	1	0.93037	27820.9
0.471824	1	0.826234	24706.9
0.710101	1	0.953203	28503.6
0.994538	0.0061774	0.0374292	1119.25
0.108266	1.11075e-06	2.03639e-06	0.060894
0.899588	0.104747	0.3168	9473.28
0.923996	0.0112887	0.0580261	1735.16
0.707943	0.00124236	0.00706792	211.352
0.999997	2.29238e-41	2.16805e-39	6.48312e-35
0.870918	1	0.991285	29642.4
0.568865	1	0.889769	26606.8
0.994494	1	0.999985	29902.5
0.905177	1	0.995355	29764.1
0.968694	1	0.999505	29888.2
0.140601	0.0019641	0.00253911	75.9269
1	0.55479	0.881653	26364.1
1	0.0912224	0.30965	9259.48
1	1	1	29903
0.654871	0.61817	0.770906	23052.4
0.925653	0.10494	0.323628	9677.45
0.973619	1	0.999649	29892.5
0.330808	0.000980876	0.00293114	87.6498
0.677407	0.000245286	0.00161216	48.2085
0.682461	0.000982207	0.00556884	166.525
1	0.271081	0.624933	18687.4
0.993691	1	0.99998	29902.4
0.960399	1	0.999205	29879.2
0.85726	0.726413	0.917679	27441.3
0.556468	1	0.882639	26393.6
0.386809	1	0.754209	22553.1
0.11559	3.07525e-05	4.81561e-05	1.44001
0.0782674	3.1072e-05	3.3869e-05	1.01279
0.236552	3.17791e-05	9.621e-05	2.87697
0.833414	0.619447	0.85758	25644.2
0.978349	0.619424	0.909537	27197.9
0.980398	1	0.999807	29897.2
0.999926	1	1	29903
0.923858	1	0.997025	29814
0.971244	1	0.999583	29890.5
0.967778	1	0.999475	29887.3
0.970079	1	0.999548	29889.5
0.990891	1	0.999958	29901.8
0.866162	1	0.990615	29622.4
0.809769	1	0.980635	29323.9
0.926	1	0.997192	29819
0.648032	1	0.929158	27784.6
0.554939	1	0.881741	26366.7
0.741305	1	0.963209	28802.9
0.867889	0.152742	0.400432	11974.1
0.826523	0.152742	0.387512	11587.8
0.59185	0.152767	0.307714	9201.57
0.641367	0.154612	0.328328	9817.98
0.658217	0.0940411	0.234119	7000.85
0.660501	0.580008	0.750665	22447.1
0.420569	0.00571943	0.0169102	505.664
0.40256	0.00147138	0.0049941	149.339
0.510345	0.0206372	0.0584882	1748.97
0.96599	0.0676745	0.243687	7286.97
0.226684	0.0127068	0.0197304	589.999
0.188262	0.0126916	0.0168131	502.763
0.139788	0.588696	0.287816	8606.56
0.0900923	0.446106	0.169368	5064.63
0.138575	0.389171	0.211407	6321.7
0.241654	0.887529	0.544673	16287.3
0.620277	0.863255	0.869922	26013.3
0.241975	0.863051	0.535917	16025.5
0.0600396	0.863195	0.205224	6136.8
0.183639	0.863069	0.450445	13469.7
0.0258544	0.320426	0.0479949	1435.19
0.0569922	0.244378	0.0734526	2196.45
0.463893	0.814642	0.745651	22297.2
0.992127	1	0.999969	29902.1
0.35901	0.423707	0.438565	13114.4
0.612467	0.124949	0.273211	8169.83
0.311735	0.00132843	0.00363983	108.842
0.352182	3.577e-11	3.28765e-10	9.83107e-06
0.299489	0.000996711	0.00272138	81.3775
0.0772489	9.59392e-15	2.65605e-14	7.9424e-10
0.943702	0.12606	0.372229	11130.8
0.172871	0.000558753	0.000989587	29.5916
0.0233989	1.70401e-05	6.27385e-06	0.187607
0.177875	0.000519025	0.000950012	28.4082
0.957217	0.12569	0.375095	11216.5
1	0.00662887	0.0398814	1192.57
1	3.41507e-05	0.000385381	11.524
0.999999	0.0222008	0.106733	3191.64
0.827407	0.00102612	0.00685281	204.92
0.84948	0.00102761	0.00702157	209.966
0.714365	0.00102854	0.00603674	180.517
0.722564	0.000518794	0.00333213	99.6407
0.997983	0.374322	0.741403	22170.2
0.773671	0.166801	0.393285	11760.4
0.629655	0.00348205	0.0156165	466.979
0.791091	1	0.976477	29199.6
1	0.0128201	0.0686738	2053.55
0.855194	1	0.988969	29573.2
0.999845	0.802826	0.979113	29278.4
0.266494	1	0.618907	18507.2
0.6834	1	0.943553	28215.1
0.981955	1	0.999836	29898.1
0.922083	1	0.996882	29809.8
0.991012	1	0.999959	29901.8
0.914351	1	0.996223	29790
0.944197	1	0.998413	29855.6
0.949314	1	0.998693	29863.9
1	0.660328	0.934376	27940.6
0.10292	1	0.336941	10075.5
0.478567	0.00733098	0.0233398	697.929
0.998066	5.04582e-29	3.33177e-27	9.963e-23
0.989622	1.61988e-18	6.72884e-17	2.01212e-12
0.818798	0.0875873	0.260691	7795.46
0.160084	0.0875826	0.0738495	2208.32
0.70762	0.223338	0.449607	13444.6
0.899915	1	0.994816	29748
0.767281	1	0.970535	29021.9
0.584908	0.0441076	0.120156	3593.04
0.896387	0.12097	0.349337	10446.2
0.879836	1	0.992472	29677.9
0.909779	1	0.995802	29777.5
1	0.0149608	0.0778309	2327.38
0.999986	0.0243636	0.114865	3434.8
0.103722	0.928236	0.32162	9617.39
0.437177	1	0.798905	23889.7
0.957637	0.419948	0.768488	22980.1
0.689552	1	0.945868	28284.3
0.623822	0.150289	0.315676	9439.66
0.999999	0.0235235	0.111731	3341.08
0.650412	0.0289245	0.0935602	2797.73
0.886761	0.163455	0.424892	12705.6
0.872803	1	0.991544	29650.1
0.999996	0.330315	0.696206	20818.7
1	0.261243	0.611911	18298
0.853431	0.343563	0.652937	19524.8
1	0.301477	0.662966	19824.7
0.2715	1.07557e-06	4.68586e-06	0.140121
1	0.10754	0.347342	10386.6
0.945281	1	0.998475	29857.4
0.999064	1	1	29903
0.999998	1.7222e-18	7.21652e-17	2.15796e-12
1	3.90895e-11	9.75877e-10	2.91816e-05
0.949466	1	0.998701	29864.2
0.627229	1	0.919796	27504.7
0.256948	1	0.60611	18124.5
0.121174	1	0.376915	11270.9
0.531759	0.773553	0.776752	23227.2
0.0394033	1	0.16683	4988.71
0.927789	0.0785067	0.263638	7883.56
0.999996	4.01756e-05	0.000446841	13.3619
0.995072	0.107529	0.346135	10350.5
0.722406	0.000131123	0.0009723	29.0747
0.974099	2.63631e-05	0.000297115	8.88464
0.9043	2.64657e-05	0.000278585	8.33053
1	2.65578e-05	0.000306375	9.16154
0.999999	0.0147432	0.0769147	2299.98
0.618101	4.33407e-05	0.00030881	9.23435
0.65256	2.69781e-05	0.000210331	6.28952
0.999992	6.27099e-11	1.53591e-09	4.59283e-05
0.988466	0.0232832	0.109817	3283.86
0.999986	2.38149e-09	4.96666e-08	0.00148518
2.91687e-14	1.10553e-75	6.60286e-87	1.97445e-82
0.0340975	0.0204937	0.00577626	172.728
0.999999	1	1	29903
0.679047	1	0.941882	28165.1
0.67434	1	0.940044	28110.1
0.777706	1	0.973226	29102.4
0.383405	1	0.750961	22456
0.800032	1	0.978522	29260.7
0.639675	1	0.925479	27674.6
0.279583	1	0.635899	19015.3
0.608093	1	0.910575	27228.9
0.626609	1	0.919506	27496
0.572356	1	0.891727	26665.3
0.475217	1	0.828771	24782.7
1	0.674291	0.940025	28109.6
1	0.055108	0.214836	6424.25
1	0.470285	0.825075	24672.2
0.741095	0.255104	0.503969	15070.2
0.585355	0.000398901	0.00218609	65.3706
0.999936	0.633803	0.922809	27594.8
0.999914	1	1	29903
0.476237	1	0.829529	24805.4
1	5.9793e-11	1.46733e-09	4.38775e-05
1	5.92148e-11	1.45371e-09	4.34704e-05
1	5.16046e-14	1.63045e-12	4.87555e-08
0.999999	2.95517e-26	1.76671e-24	5.28299e-20
0.90605	5.57368e-18	2.06179e-16	6.16536e-12
0.965079	5.58766e-18	2.19808e-16	6.57291e-12
0.145919	1	0.426769	12761.7
0.836932	1	0.985916	29481.9
0.675602	1	0.94054	28125
0.98531	0.00233983	0.0163053	487.578
1	3.63683e-07	5.756e-06	0.172122
0.765742	1	0.970126	29009.7
0.681022	1	0.942644	28187.9
0.172278	1	0.475254	14211.5
0.860714	1	0.989815	29598.4
0.087695	1	0.301135	9004.84
0.986082	1	0.999903	29900.1
0.482972	1	0.834477	24953.4
0.482972	1	0.834477	24953.4
0.482972	1	0.834477	24953.4
0.482972	1	0.834477	24953.4
1	0.493485	0.842015	25178.8
0.788571	1	0.975882	29181.8
0.417007	1	0.781743	23376.5
0.314833	1	0.678689	20294.8
1	0.0075845	0.0446094	1333.95
0.778898	0.859817	0.938204	28055.1
0.971941	1	0.999603	29891.1
0.992981	1.90775e-11	4.86653e-10	1.45524e-05
0.909039	9.86163e-08	1.54437e-06	0.0461812
1	0.136212	0.407755	12193.1
0.296223	0.219727	0.24291	7263.74
0.246868	0.219727	0.212324	6349.13
0.311425	0.219727	0.251951	7534.1
0.198115	0.228075	0.185123	5535.74
0.042619	0.219779	0.0531151	1588.3
0.980264	0.219716	0.546064	16328.9
0.921886	3.44995e-05	0.00036117	10.8001
0.737266	0.00845801	0.0378977	1133.26
0.400353	1	0.76684	22930.8
0.358547	0.357213	0.391292	11700.8
0.23232	2.09939e-06	7.57616e-06	0.22655
0.810056	1	0.980696	29325.7
0.664343	1	0.93603	27990.1
0.460555	1	0.817634	24449.7
0.603732	0.0685668	0.173224	5179.93
0.823345	1	0.983387	29406.2
0.735562	1	0.961468	28750.8
0.832196	0.810029	0.939951	28107.3
0.972806	1	0.999627	29891.8
0.846257	1	0.987525	29529.9
0.922475	1	0.996914	29810.7
0.969607	1	0.999533	29889
1	1	1	29903
0.686975	1	0.944905	28255.5
0.889583	1	0.993666	29713.6
0.936028	1	0.997909	29840.5
0.788201	0.785391	0.915925	27388.9
0.7618	1	0.969064	28977.9
0.712462	1	0.954007	28527.7
1	1	1	29903
0.692719	1	0.947038	28319.3
0.992465	0.38289	0.747687	22358.1
0.93609	1.06021e-10	2.3852e-09	7.13245e-05
0.0846669	0.358196	0.136343	4077.06
1	1	1	29903
0.975673	1	0.999702	29894.1
0.611779	1	0.912397	27283.4
0.00140234	0.467973	0.00546592	163.447
0.843413	1	0.987045	29515.6
0.611447	0.599249	0.734286	21957.4
0.916348	2.21056e-13	6.12305e-12	1.83098e-07
0.988122	7.21474e-18	2.886e-16	8.63002e-12
0.788937	2.61995e-16	7.67163e-15	2.29405e-10
0.864011	9.92371e-16	3.06035e-14	9.15137e-10
0.937837	1	0.998027	29844
0.0223368	1	0.107251	3207.12
0.484084	1	0.835286	24977.5
0.999743	1	1	29903
0.500244	0.0118479	0.0363213	1086.12
0.408	0.00133769	0.00464636	138.94
0.280575	1	0.637162	19053
0.963634	1	0.999331	29883
0.954023	1	0.998926	29870.9
0.950738	1	0.998766	29866.1
0.981896	1	0.999835	29898.1
1	1	1	29903
0.401598	0.116346	0.189863	5677.49
0.501239	6.52591e-12	8.97768e-11	2.6846e-06
1	8.623e-11	2.08452e-09	6.23335e-05
0.872566	1.44866e-19	5.62688e-18	1.68261e-13
1	1	1	29903
0.942997	1	0.998344	29853.5
0.871607	1	0.99138	29645.2
0.370945	0.244829	0.308681	9230.49
0.752683	1	0.966529	28902.1
0.988914	1	0.999938	29901.2
0.565812	1	0.888038	26555
0.374104	1	0.741931	22186
0.545258	1	0.875955	26193.7
0.709265	1	0.952916	28495
0.866164	1	0.990615	29622.4
0.999989	2.26646e-05	0.000265053	7.92589
0.836299	0.355571	0.658006	19676.4
0.93475	0.314946	0.654391	19568.3
0.00183546	1.31185e-07	5.57346e-09	0.000166663
0.807117	1	0.980071	29307.1
0.749831	1	0.965713	28877.7
0.852824	1	0.988595	29562
0.585076	1	0.898685	26873.4
0.00440568	0.055217	0.00226759	67.8078
0.00323246	1	0.021769	650.96
0.00103282	1	0.0081339	243.228
0.735738	0.579386	0.789748	23615.8
0.254788	1	0.603166	18036.5
0.577625	1	0.894643	26752.5
0.884676	1	0.993079	29696
0.112314	2.43995e-21	1.38798e-20	4.15048e-16
0.999467	1	1	29903
0.572594	1	0.89186	26669.3
0.834457	1	0.985472	29468.6
0.911619	1	0.995974	29782.6
0.58256	1	0.89733	26832.9
0.999886	2.02165e-36	1.6816e-34	5.02849e-30
0.999997	0.0790227	0.279583	8360.37
0.628587	0.106199	0.247444	7399.31
0.818202	8.05689e-08	1.15592e-06	0.0345656
0.999957	2.8263e-18	1.17025e-16	3.49941e-12
0.939639	0.0369988	0.151547	4531.72
0.095103	0.363636	0.150933	4513.36
0.227346	0.00473884	0.00843921	252.358
0.324798	0.306531	0.329246	9845.45
0.66649	0.0131634	0.050324	1504.84
0.617405	0.00159829	0.00781643	233.735
0.551693	0.131307	0.262598	7852.47
1	1	1	29903
0.609213	0.760707	0.819856	24516.2
0.761427	0.510074	0.755703	22597.8
0.389606	1	0.756856	22632.3
0.93286	0.201433	0.502055	15012.9
1	0.0544914	0.213046	6370.71
0.999978	0.0787637	0.278922	8340.6
0.783176	0.582338	0.814137	24345.1
0.998267	4.1226e-30	2.82578e-28	8.44994e-24
0.99959	0.117765	0.369569	11051.2
0.99999	0.59455	0.903683	27022.8
0.536146	1	0.870352	26026.1
0.0769129	0.556914	0.177779	5316.12
0.0134074	0.503145	0.0404672	1210.09
1	0.000174021	0.00168041	50.2492
0.873045	0.866566	0.967618	28934.7
0.100662	1	0.331782	9921.27
1	1	1	29903
0.749261	0.580909	0.797308	23841.9
0.930443	0.773245	0.956346	28597.6
0.999975	1	1	29903
0.106634	3.42378e-16	1.41834e-15	4.24126e-11
0.9775	0.0467152	0.186604	5580.01
3.45747e-06	1	4.6935e-05	1.4035
0.636931	1	0.924247	27637.8
0.652089	1	0.930905	27836.9
0.483005	1	0.834501	24954.1
0.776363	1	0.972888	29092.3
0.604309	1	0.908681	27172.3
0.720322	1	0.956629	28606.1
0.728533	1	0.959276	28685.2
0.0647443	1	0.24197	7235.61
0.0143612	1	0.0752992	2251.67
9.26784e-11	0.28055	6.5972e-10	1.97276e-05
0.986129	0.277623	0.628433	18792
0.995393	0.277727	0.631886	18895.3
0.98374	0.244545	0.583319	17443
0.852634	0.244577	0.535444	16011.4
0.989704	0.244577	0.585437	17506.3
0.860853	0.226771	0.514131	15374.1
0.164158	0.267934	0.181385	5423.96
0.082522	0.229715	0.0941306	2814.79
0.087229	0.237591	0.101063	3022.09
0.113704	9.49911e-13	3.33278e-12	9.96601e-08
0.99935	0.535238	0.869568	26002.7
0.370534	1.12132e-06	6.52055e-06	0.194984
0.491406	1	0.840542	25134.7
0.979759	0.00237977	0.0164639	492.32
0.999998	1	1	29903
0.94944	1	0.9987	29864.1
0.63003	1	0.921096	27543.5
0.971252	1	0.999583	29890.5
0.706115	1	0.951827	28462.5
0.475736	1	0.829156	24794.3
0.00244812	0.657216	0.0119579	357.579
0.028271	1	0.129083	3859.97
0.246331	0.0977456	0.113803	3403.05
0.819226	1	0.982576	29382
1	0.409296	0.774927	23172.6
0.962131	1	0.999274	29881.3
0.999997	1	1	29903
0.999997	1	1	29903
1	1	1	29903
1	1.2425e-06	1.81385e-05	0.542396
0.999996	1	1	29903
1	1	1	29903
1	1	1	29903
0.553942	0.00792882	0.0282322	844.229
1	1	1	29903
0.994909	1	0.999987	29902.6
0.986785	1	0.999912	29900.4
0.982192	1	0.99984	29898.2
0.999997	1	1	29903
1	1	1	29903
0.950838	1	0.998771	29866.3
0.100828	1	0.332161	9932.62
0.548875	0.790131	0.796	23802.8
0.993725	1	0.99998	29902.4
0.930353	1	0.997516	29828.7
2.8939e-06	1	3.97996e-05	1.19013
0.202558	0.000358998	0.000765642	22.895
0.802972	1	0.979173	29280.2
0.729012	1	0.959427	28689.7
0.766084	1	0.970217	29012.4
0.779073	1	0.973569	29112.6
0.4304	1	0.793245	23720.4
0.931302	1	0.997584	29830.8
0.760983	1	0.968841	28971.3
0.606232	0.345143	0.536544	16044.3
0.80989	0.0446808	0.156292	4673.6
0.669019	0.0194878	0.0696203	2081.86
0.991254	0.510357	0.850624	25436.2
0.730626	0.00780601	0.0351704	1051.7
0.96337	0.239895	0.569651	17034.3
0.930318	1	0.997514	29828.7
0.392982	0.406098	0.45246	13529.9
0.475012	0.406148	0.510374	15261.7
0.354893	0.406243	0.423398	12660.9
0.892355	0.406098	0.730222	21835.8
0.913736	0.240677	0.55298	16535.8
0.863563	0.562028	0.8362	25004.9
0.869854	0.562033	0.838746	25081
1	0.0404804	0.170299	5092.44
0.976995	1	0.999733	29895
0.999995	0.074398	0.267707	8005.25
0.77469	0.018773	0.0760703	2274.73
0.37513	9.45607e-07	5.62308e-06	0.168147
0.959303	2.04018e-08	3.66951e-07	0.0109729
0.986612	4.9623e-07	7.60314e-06	0.227357
0.0358703	1.39622e-05	7.76637e-06	0.232238
0.966579	0.0164597	0.0817888	2445.73
0.582093	4.87451e-07	4.5612e-06	0.136394
0.213914	0.000737601	0.00153906	46.0226
0.348937	0.0107271	0.0246589	737.376
0.0454976	5.06752e-06	3.75415e-06	0.11226
0.136594	5.09933e-06	1.05714e-05	0.316117
0.0823553	4.31481e-06	5.63232e-06	0.168423
0.0348496	1.97067e-06	1.20142e-06	0.0359262
0.580899	7.84881e-05	0.000501336	14.9915
0.212144	1.56904e-05	4.53122e-05	1.35497
0.837918	1	0.986091	29487.1
0.418583	0.79053	0.696858	20838.2
0.94171	0.512875	0.834483	24953.5
0.0432402	0.485531	0.102106	3053.29
0.999671	1.04727e-28	6.84965e-27	2.04825e-22
0.693381	0.00113255	0.0063997	191.37
0.566982	0.0065236	0.0244109	729.96
0.943653	0.000724172	0.00566407	169.373
0.993039	0.0890778	0.302988	9060.25
0.620787	1	0.916758	27413.8
0.856906	1	0.989235	29581.1
0.999999	1	1	29903
0.824066	0.719818	0.902972	27001.6
0.491056	0.822559	0.770091	23028
0.999998	0.675226	0.940392	28120.5
0.707606	1	0.952344	28477.9
0.867254	1	0.990771	29627
1	0.843582	0.987074	29516.5
2.19395e-06	0	0	0
0.980974	0.0199675	0.0966228	2889.31
0.996847	0.322141	0.685899	20510.4
0.166156	0.313501	0.206005	6160.15
1	0.59111	0.901888	26969.1
0.98917	0.633914	0.919712	27502.1
0.837702	0.218531	0.493892	14768.8
0.920567	0.0466022	0.177989	5322.39
0.996625	0.330749	0.695452	20796.1
0.551426	1	0.879661	26304.5
0.99982	0.433459	0.795748	23795.2
1	8.66145e-05	0.00089681	26.8173
0.893603	0.274843	0.590435	17655.8
0.82413	1	0.983539	29410.8
0.239562	1	0.581882	17400
0.994219	1	0.999983	29902.5
0.63887	1	0.925118	27663.8
1	0.0930157	0.313927	9387.35
0.0482081	0.00195366	0.000967277	28.9245
0.832272	1	0.985074	29456.7
1	6.94933e-06	8.94856e-05	2.67589
0.976514	0.0319864	0.139503	4171.55
1	0.0545468	0.213207	6375.53
0.411209	3.19417e-10	3.11991e-09	9.32947e-05
0.997611	3.14274e-10	7.17439e-09	0.000214536
0.970655	3.21962e-10	7.15233e-09	0.000213876
0.933903	0.736079	0.945074	28260.6
0.000428701	1.18288e-43	5.45629e-45	1.63159e-40
0.665536	1.38955e-34	7.33971e-33	2.19479e-28
0.454971	0.00587103	0.0184983	553.156
0.00349949	1	0.0232896	696.428
0.995827	1	0.999991	29902.7
0.778673	0.837404	0.930895	27836.5
0.844064	0.600458	0.851258	25455.2
0.968103	1.31213e-24	7.11644e-23	2.12803e-18
0.393718	0.00106293	0.00367391	109.861
0.179702	7.47038e-05	0.000164025	4.90485
0.94005	0.239741	0.561171	16780.7
0.655981	0.0919033	0.229611	6866.06
0.907064	0.0919033	0.290481	8686.24
0.655981	0.0919033	0.229611	6866.06
0.655981	0.0919033	0.229611	6866.06
0.979974	0.0967149	0.318096	9512.02
0.767687	0.713988	0.877683	26245.3
0.750739	0.051225	0.163757	4896.82
0.932206	0.0399675	0.159833	4779.47
0.987196	1	0.999918	29900.5
0.999998	0.755325	0.967274	28924.4
1	2.68733e-09	5.5721e-08	0.00166623
1	3.52319e-206	1.67025e-203	4.99455e-199
0.999987	0.57642	0.893977	26732.6
0.84676	1	0.987608	29532.5
0.999356	0.0777734	0.276275	8261.46
0.493471	0.567001	0.636174	19023.5
0.552762	1.36845e-07	1.31598e-06	0.0393517
0.238509	0.00785227	0.0136348	407.723
0.992939	0.0162092	0.0825541	2468.62
0.783163	1	0.974579	29142.8
0.931765	1	0.997617	29831.7
0.999997	0.0388223	0.164946	4932.39
0.774142	0.24822	0.509109	15223.9
0.150154	1	0.434861	13003.6
0.37396	0.385887	0.423657	12668.6
0.523168	1	0.862103	25779.5
0.0586036	0.643949	0.161408	4826.58
0.982702	0.552832	0.874745	26157.5
0.894557	0.552873	0.842785	25201.8
0.874147	0.829755	0.958253	28654.7
0.998657	1	0.999999	29903
0.468335	1	0.823601	24628.1
0.913261	1	0.996124	29787.1
0.99995	5.76487e-09	1.15128e-07	0.00344266
0.565631	0.223343	0.387688	11593
0.779722	0.24372	0.505595	15118.8
0.993806	0.128631	0.390791	11685.8
0.897163	1	0.994521	29739.2
0.498104	1	0.845256	25275.7
0.50488	0.628054	0.681292	20372.7
0.616905	0.27327	0.468713	14015.9
0.899932	0.273192	0.590792	17666.4
0.942449	0.176216	0.464231	13881.9
0.581982	1	0.897018	26823.5
0.729907	2.80202e-10	4.76746e-09	0.000142561
0.884988	1	0.993117	29697.2
0.999999	0.0399094	0.168463	5037.55
0.999999	0.133035	0.401384	12002.6
0.597147	1	0.905031	27063.1
0.352317	7.24985e-07	4.13286e-06	0.123585
1	1	1	29903
0.977556	1	0.999746	29895.4
0.884535	0.00108243	0.00761287	227.648
0.95713	0.00112318	0.00842328	251.881
0.972855	0.000207571	0.00191992	57.4115
0.62256	7.33395e-08	8.17377e-07	0.024442
0.999469	0.0144381	0.0755927	2260.45
0.962707	1	0.999296	29881.9
0.0465602	2.36253e-14	3.89877e-14	1.16585e-09
0.446	1.4554e-05	8.40274e-05	2.51267
0.0300432	9.63949e-24	1.66524e-23	4.97957e-19
0.950992	1.97412e-20	8.71513e-19	2.60609e-14
0.628233	0.0219389	0.0728327	2177.92
0.820264	2.28757e-18	7.84662e-17	2.34638e-12
0.996538	0.00348975	0.0231661	692.737
1	2.02168e-37	1.72837e-35	5.16833e-31
0.981932	1	0.999836	29898.1
0.528145	1	0.865305	25875.2
1	0.855461	0.989011	29574.4
0.999856	1	1	29903
0.734873	1	0.961256	28744.4
0.95947	1	0.999167	29878.1
1	0.549526	0.878527	26270.6
0.863735	0.614827	0.86715	25930.4
0.763129	0.551275	0.784952	23472.4
0.287432	0.0040404	0.00900989	269.423
1	1	1	29903
0.318653	0.715404	0.565027	16896
0.639182	0.251192	0.454233	13582.9
0.905579	1	0.995395	29765.3
0.929355	0.612697	0.890078	26616
1	0.00105747	0.00830312	248.288
0.967676	1	0.999472	29887.2
0.990298	1	0.999953	29901.6
0.96942	1	0.999528	29888.9
0.968459	1	0.999497	29888
0.917353	1	0.996487	29797.9
0.84834	1	0.98787	29540.3
0.95319	1	0.998887	29869.7
0.838117	1	0.986126	29488.1
0.790015	0.104515	0.288504	8627.12
0.791949	1	0.976678	29205.6
0.921928	3.78403e-06	4.73265e-05	1.4152
0.941601	6.36526e-28	3.81678e-26	1.14133e-21
0.986828	1.27954e-11	3.29501e-10	9.85307e-06
0.999992	2.39233e-18	9.94587e-17	2.97411e-12
0.910113	3.71577e-14	1.08277e-12	3.2378e-08
0.351319	1	0.71882	21494.9
0.859228	1	0.989591	29591.7
0.256209	1	0.605105	18094.4
0.79915	0.823293	0.933379	27910.8
0.999999	0.859848	0.989685	29594.5
0.999994	0.715926	0.955172	28562.5
0.732026	0.831556	0.910887	27238.3
0.88963	1	0.993672	29713.8
0.593518	1	0.903149	27006.9
0.940187	1	0.998174	29848.4
0.622707	1	0.91767	27441.1
0.00170813	1	0.012593	376.567
0.191334	1	0.507749	15183.2
0.473162	1	0.827237	24736.9
0.99561	1	0.99999	29902.7
0.102174	1	0.335241	10024.7
0.383195	1	0.75076	22450
0.97837	0.00429901	0.0272181	813.904
0.857727	0.73127	0.919797	27504.7
0.965672	3.68384e-06	4.819e-05	1.44103
0.66819	4.80074e-05	0.000364001	10.8847
0.91251	0.00835634	0.0448082	1339.9
0.828843	0.00835483	0.0413596	1236.78
0.994286	0.010181	0.0566166	1693.01
0.986266	2.10193e-06	2.92021e-05	0.87323
0.501338	1	0.847499	25342.8
0.861245	0.0464218	0.168692	5044.41
0.92742	0.0044072	0.0265671	794.435
0.650765	0.0099756	0.0391923	1171.97
0.931341	0.00125871	0.00908385	271.634
1	0.000211589	0.00200181	59.8602
0.998523	1	0.999999	29903
0.720228	1	0.956598	28605.1
0.543542	1	0.874911	26162.5
0.548295	0.0160945	0.0505664	1512.09
0.443776	1	0.804316	24051.4
0.95701	0.0766387	0.264962	7923.16
0.502904	0.0242344	0.0659024	1970.68
0.0781401	0.0434069	0.022679	678.171
0.252532	1	0.600071	17943.9
0.999998	1	1	29903
0.319235	1	0.683747	20446.1
0.0223886	1	0.107448	3213
0.128475	1	0.392108	11725.2
0.829913	1	0.984637	29443.6
0.989164	9.34458e-35	7.33611e-33	2.19372e-28
0.883179	0.00704968	0.0378486	1131.79
0.839684	0.00195551	0.0121703	363.928
0.546266	0.0228604	0.0672222	2010.15
0.712444	0.0228583	0.0833396	2492.1
0.97443	0.00259277	0.0176371	527.403
0.939813	0.00146554	0.0104507	312.506
0.981733	0.0144029	0.0743579	2223.52
0.798499	0.000161689	0.00128525	38.433
0.729884	0.000162045	0.00118777	35.5179
0.880015	2.07693e-07	3.0185e-06	0.0902622
0.520434	3.43484e-06	2.5446e-05	0.760911
0.979995	0.0983331	0.321824	9623.5
0.996434	0.424475	0.786909	23530.9
0.0256129	3.40391e-06	1.50438e-06	0.0449856
0.136518	3.38069e-06	7.19456e-06	0.215139
0.355681	5.83347e-06	2.92256e-05	0.873933
0.688237	1	0.945377	28269.6
1	1.29334e-46	1.3795e-44	4.12512e-40
0.984958	1	0.999886	29899.6
0.553147	1	0.880683	26335.1
0.123658	1	0.382132	11426.9
0.999918	0.0651688	0.243116	7269.88
0.123486	0.0067335	0.00672866	201.207
0.270281	2.50734e-07	1.18644e-06	0.0354781
0.226858	0.171577	0.165276	4942.24
0.203534	0.486875	0.328172	9813.33
0.0888565	4.12806e-10	9.18069e-10	2.7453e-05
0.980437	1	0.999807	29897.2
0.723353	1	0.957617	28635.6
0.157384	1	0.448398	13408.4
0.373924	1	0.741754	22180.7
1	0.850473	0.988218	29550.7
0.988625	1	0.999935	29901.1
0.713461	0.790325	0.886927	26521.8
0.511278	0.354198	0.490536	14668.5
0.625083	0.247056	0.442909	13244.3
0.676225	0.247917	0.467048	13966.1
0.584227	0.248924	0.425824	12733.4
0.698443	0.249007	0.478128	14297.5
0.330342	1	0.696238	20819.6
0.571015	0.0804215	0.187399	5603.78
0.591323	0.072324	0.177568	5309.8
0.588473	0.0734766	0.179053	5354.22
0.665265	0.0787307	0.206851	6185.47
0.8647	0.0753784	0.24316	7271.21
0.88358	0.0753672	0.247004	7386.15
0.675655	0.0412969	0.127766	3820.6
0.984555	0.0436343	0.178177	5328.03
0.677434	0.0412656	0.127953	3826.19
0.606533	0.0396724	0.113746	3401.36
0.894183	0.0374917	0.147356	4406.39
0.976624	0.0349146	0.1493	4464.53
1	0.0369343	0.158766	4747.58
0.998542	1.1943e-16	4.49182e-15	1.34319e-10
0.975128	1	0.999688	29893.7
0.320247	1	0.6849	20480.6
0.887118	1	0.993375	29704.9
1	3.61642e-15	1.23874e-13	3.70421e-09
0.245063	0.0571402	0.0737743	2206.07
0.969142	0.0280367	0.125141	3742.09
0.989733	1.02363e-06	1.49967e-05	0.448446
0.129267	2.47008e-17	1.31825e-16	3.94196e-12
1	1	1	29903
0.688794	1	0.945585	28275.8
0.176807	1	0.48316	14447.9
0.00948578	0.190402	0.0132146	395.155
0.393963	0.617657	0.587243	17560.3
0.977696	1	0.999749	29895.5
0.353086	1	0.720664	21550
0.999995	4.15664e-06	5.56604e-05	1.66441
0.476288	0.0132024	0.0381634	1141.2
0.318384	8.01758e-05	0.000295491	8.83608
1	1	1	29903
0.0497871	0.0161379	0.00652938	195.248
1	2.71845e-06	3.75566e-05	1.12306
0.382612	0.000303658	0.00116884	34.9519
0.843086	0.182816	0.442346	13227.5
0.989334	0.597742	0.902023	26973.2
0.95234	2.75045e-07	4.23162e-06	0.126538
0.954678	1	0.998957	29871.8
0.844719	0.0962112	0.28526	8530.12
0.983644	1	0.999866	29899
0.999986	1	1	29903
1	0.855333	0.988991	29573.8
0.999995	1	1	29903
0.0474642	1	0.192125	5745.1
0.749137	0.703059	0.864372	25847.3
0.946937	0.365796	0.713625	21339.5
0.80224	0.00238655	0.0138965	415.548
1	1.8623e-10	4.35854e-09	0.000130333
0.011038	1	0.0607796	1817.49
0.321013	1	0.685772	20506.6
0.979204	1	0.999782	29896.5
0.446624	1	0.80662	24120.4
0.322958	1	0.687975	20572.5
0.988527	1	0.999934	29901
0.999994	2.85614e-06	3.93175e-05	1.17571
0.55793	0.00433609	0.0169934	508.155
0.948659	0.0366606	0.151591	4533.02
1	3.79444e-48	4.18111e-46	1.25028e-41
0.988177	1	0.99993	29900.9
0.954508	0.51945	0.843658	25227.9
0.939245	0.527603	0.843468	25222.2
0.971144	0.521716	0.851147	25451.8
0.937462	0.371692	0.715804	21404.7
0.0146879	2.185e-09	8.07536e-10	2.41478e-05
1	0.142985	0.421093	12592
1	0.775241	0.972603	29083.7
0.664737	1	0.936192	27994.9
0.701212	1	0.950104	28411
0.0107414	0.871386	0.053083	1587.34
0.271614	1	0.625628	18708.2
0.812666	1	0.981241	29342.1
0.842136	1	0.986826	29509.1
0.820382	1	0.982806	29388.8
0.98288	1	0.999853	29898.6
0.816354	1	0.981998	29364.7
0.798727	1	0.97823	29252
0.912469	1	0.996052	29784.9
0.757659	1	0.967926	28943.9
0.893124	1	0.994074	29725.8
0.486981	1	0.837378	25040.1
0.893846	1	0.994155	29728.2
0.887297	1	0.993396	29705.5
0.690557	0.0159077	0.0605417	1810.38
0.999459	2.73485e-75	4.72022e-73	1.41149e-68
1	6.13215e-18	2.49167e-16	7.45086e-12
0.240141	0.0318684	0.044943	1343.93
0.848721	3.21078e-07	4.3916e-06	0.131322
0.923008	0.0319985	0.133562	3993.91
0.845334	0.00896271	0.0445702	1332.78
0.975748	1.27722e-16	4.68853e-15	1.40201e-10
0.932186	0.0593522	0.215472	6443.25
0.196152	1	0.515658	15419.7
0.826921	1	0.984074	29426.8
0.990863	1	0.999958	29901.7
1	0.0727939	0.263523	7880.12
0.999999	0.317954	0.682281	20402.3
0.999994	0.275916	0.631199	18874.8
0.998453	0.665075	0.935909	27986.5
0.392302	0.708792	0.633955	18957.1
0.771274	1	0.971583	29053.2
0.591328	1	0.902003	26972.6
0.985289	1	0.999891	29899.7
0.673202	1	0.939595	28096.7
0.728777	0.36877	0.621882	18596.1
0.435457	1.92678e-19	3.76932e-18	1.12714e-13
0.951591	1	0.998809	29867.4
0.996378	0.621431	0.91599	27390.8
0.574503	1	0.892921	26701
1	0.0333467	0.146752	4388.33
0.999999	3.27746e-05	0.0003712	11.1
0.777522	1	0.97318	29101
0.416047	0.374754	0.445675	13327
0.246574	0.374797	0.312499	9344.65
0.386216	0.374775	0.424504	12693.9
0.259512	0.687331	0.485862	14528.7
0.265917	0.374797	0.329486	9852.62
0.769899	0.0387493	0.134611	4025.27
0.299045	1	0.660041	19737.2
0.486946	0.0308963	0.0781838	2337.93
0.706127	0.62805	0.804077	24044.3
0.704237	0.472992	0.69928	20910.6
0.357505	0.47312	0.469712	14045.8
0.77386	1	0.97225	29073.2
1	0.643845	0.927328	27729.9
0.907279	0.402067	0.732653	21908.5
1	0.562829	0.886331	26504
0.0350619	0.0275889	0.00768148	229.699
0.999997	2.54786e-08	4.70982e-07	0.0140838
0.423973	0.00291162	0.00950171	284.13
0.810749	8.69349e-06	9.06596e-05	2.71099
0.829008	0.035395	0.132885	3973.65
0.0382444	1	0.163065	4876.13
0.177141	1	0.483739	14465.2
0.309028	1	0.671927	20092.6
0.0123495	1	0.0666149	1991.98
7.05819e-09	1	1.39534e-07	0.00417248
2.31359e-06	1	3.23363e-05	0.966954
0.421574	1	0.785713	23495.2
0.981432	1	0.999827	29897.8
0.974908	1	0.999683	29893.5
0.935917	1	0.997901	29840.2
0.992866	1	0.999974	29902.2
0.986675	1	0.999911	29900.3
0.990649	1	0.999956	29901.7
0.984122	1	0.999873	29899.2
0.500326	1	0.846799	25321.8
0.624341	1	0.918442	27464.2
0.988131	1	0.999929	29900.9
0.841764	1	0.986763	29507.2
0.799519	1	0.978407	29257.3
0.830164	1	0.984684	29445
0.992998	1	0.999975	29902.3
0.973445	1	0.999644	29892.4
0.999605	1	1	29903
0.573421	0.726514	0.781386	23365.8
0.363393	1	0.731245	21866.4
0.656646	1	0.932838	27894.7
0.99997	2.50279e-09	5.20711e-08	0.00155708
0.434805	0.0261117	0.0621972	1859.88
0.116886	4.91209e-14	1.94013e-13	5.80156e-09
0.989709	0.161359	0.452661	13535.9
0.751009	0.00917655	0.0411946	1231.84
0.652649	4.54928e-05	0.000339208	10.1433
0.217577	0.0147439	0.0216283	646.752
0.285954	0.0095567	0.0188628	564.055
0.0129649	0.0118318	0.00150062	44.8731
0.322443	0.000269781	0.000900312	26.922
0.507113	8.49494e-06	5.75322e-05	1.72039
0.352269	0.229495	0.284185	8497.99
0.497018	0.0385044	0.094847	2836.21
0.828878	0.0196237	0.083259	2489.69
1.04722e-05	9.7745e-07	2.6926e-10	8.05168e-06
0.0108548	0.00617576	0.000711275	21.2693
0.796597	1	0.977748	29237.6
0.968572	1	0.999501	29888.1
0.0672523	0.0011926	0.000836615	25.0173
0.277925	0.00597448	0.0122885	367.463
0.586912	0.00187273	0.00858774	256.799
0.364191	3.09955e-06	1.65874e-05	0.496013
0.454233	4.13359e-07	3.09583e-06	0.0925745
0.964871	1	0.999376	29884.3
1	0.472867	0.827017	24730.3
0.999999	0.267577	0.620336	18549.9
0.657765	0.742582	0.838429	25071.5
0.599849	1	0.906418	27104.6
0.236533	1	0.577536	17270
0.10191	1	0.334638	10006.7
0.321359	1	0.686165	20518.4
0.183662	1	0.494907	14799.2
0.900645	1	0.994892	29750.3
0.0199541	1	0.0980607	2932.31
0.553933	1	0.881147	26348.9
0.120287	1	0.375039	11214.8
0.497876	1	0.845097	25270.9
0.715384	1	0.954992	28557.1
0.802135	1	0.978988	29274.7
0.410137	1	0.775677	23195.1
0.821118	1	0.982951	29393.2
0.0645896	0.00543567	0.0031438	94.0092
0.661049	0.0273218	0.0905581	2707.96
1	7.45901e-14	2.32921e-12	6.96503e-08
0.984176	0.299612	0.654973	19585.7
0.903929	0.000106022	0.000982596	29.3826
0.219461	4.95523e-07	1.85243e-06	0.0553934
0.999999	2.13091e-12	5.9398e-11	1.77618e-06
0.757104	1	0.967772	28939.3
0.253394	1	0.601256	17979.3
0.669973	1	0.938309	28058.3
0.10945	1	0.351584	10513.4
0.0992742	1	0.328585	9825.67
0.113058	1	0.359507	10750.3
0.0274047	1	0.125981	3767.2
0.219454	1	0.552281	16514.9
1	0.850458	0.988215	29550.6
0.0954311	1	0.319632	9557.96
0.456893	1	0.81478	24364.4
0.295348	1	0.655555	19603
0.438429	1	0.799939	23920.6
0.116173	1	0.366256	10952.1
0.776375	0.023803	0.0922352	2758.11
1	0.401232	0.767643	22954.8
0.933338	1	0.997727	29835
0.231953	0.00531336	0.00948833	283.73
0.691214	0.590338	0.773812	23139.3
0.68416	1	0.943842	28223.7
0.408275	1	0.774013	23145.3
0.964549	0.031162	0.135397	4048.79
0.630162	1	0.921157	27545.4
0.999289	1	1	29903
0.206799	1	0.532716	15929.8
1	0.221009	0.554634	16585.2
0.576799	1	0.894189	26738.9
0.780157	1	0.973839	29120.7
5.10451e-05	5.87965e-08	8.26311e-11	2.47092e-06
1	0.201586	0.524434	15682.1
0.0899734	1	0.306651	9169.78
0.606712	0.115904	0.256999	7685.06
0.773426	1	0.972139	29069.9
0.824958	1	0.983699	29415.5
0.845881	1	0.987462	29528.1
0.82377	1	0.983469	29408.7
0.821464	1	0.983019	29395.2
0.781964	1	0.974285	29134.1
0.9493	1	0.998692	29863.9
0.945679	1	0.998497	29858.1
0.843333	1	0.987031	29515.2
0.997558	1	0.999997	29902.9
1	1	1	29903
0.983118	1	0.999857	29898.7
0.944122	1	0.998409	29855.4
0.942346	1	0.998305	29852.3
0.965152	1	0.999386	29884.6
0.950401	1	0.998749	29865.6
0.902797	1	0.995115	29756.9
0.957969	1	0.999104	29876.2
0.97967	1	0.999792	29896.8
0.973505	1	0.999646	29892.4
0.976483	1	0.999721	29894.7
0.971445	1	0.999588	29890.7
0.94844	1	0.998647	29862.6
0.908087	1	0.99564	29772.6
0.946094	1	0.99852	29858.8
0.943136	1	0.998352	29853.7
0.956251	1	0.999029	29874
0.959834	1	0.999182	29878.5
0.928204	1	0.997359	29824
0.443107	1	0.803771	24035.2
0.790608	1	0.976364	29196.2
0.959776	1	0.99918	29878.5
1	0.850305	0.988191	29549.9
0.864267	1	0.990341	29614.2
0.96806	1	0.999484	29887.6
1	0.299641	0.66076	19758.7
0.963212	1	0.999315	29882.5
0.27131	0.310067	0.292371	8742.76
0.310114	0.0767055	0.112719	3370.64
0.552772	0.000243206	0.00133287	39.8567
0.880916	0.00808822	0.0423522	1266.46
0.732425	0.00808538	0.0362961	1085.36
1.95527e-08	1.61829e-236	1.77725e-241	5.31453e-237
1	1.45947e-14	4.79555e-13	1.43401e-08
0.616483	7.92991e-06	6.467e-05	1.93383
0.999999	9.94266e-09	1.9315e-07	0.00577577
0.953897	0.00101078	0.00765965	229.047
0.781334	0.174452	0.407942	12198.7
0.987955	0.0417855	0.172862	5169.09
0.542786	0.249463	0.406145	12145
0.962827	1	0.9993	29882.1
0.888394	1	0.993527	29709.4
0.000131085	0.494537	0.000689999	20.633
0.0773646	1	0.275358	8234.04
0.102962	0.962163	0.328105	9811.33
0.65715	1	0.93305	27901
0.850401	1	0.988206	29550.3
0.325298	0.117064	0.16253	4860.15
0.913104	1	0.99611	29786.7
0.586421	0.10858	0.23903	7147.71
0.963535	0.0234568	0.108255	3237.15
1	0.577377	0.894507	26748.4
0.966592	1	0.999436	29886.1
0.999518	1	1	29903
0.999987	1.73057e-21	8.44608e-20	2.52563e-15
0.200824	0.562611	0.35935	10745.7
1.50978e-06	0.0730458	1.87704e-06	0.0561291
0.00433043	0.214298	0.00740776	221.514
0.586758	0.00153085	0.00719945	215.285
0.587335	1	0.899891	26909.4
0.930906	1	0.997556	29829.9
0.705205	1	0.95151	28453
0.534569	0.850212	0.812897	24308.1
0.977998	0.877274	0.989399	29586
0.915631	0.831265	0.968882	28972.5
0.923806	0.752748	0.948014	28348.5
0.869676	1	0.991113	29637.2
0.27492	1	0.629918	18836.4
0.343409	1	0.710455	21244.7
0.228259	1	0.56546	16908.9
0.53473	1	0.869467	25999.7
0.529966	1	0.866464	25909.9
0.572506	1	0.891811	26667.8
0.262418	1	0.613485	18345
0.0962485	1	0.321549	9615.28
0.507427	1	0.851667	25467.4
0.996905	1	0.999995	29902.9
0.507427	1	0.851667	25467.4
0.32533	1	0.690648	20652.4
1	1	1	29903
0.486912	0.838099	0.773839	23140.1
0.833922	1	0.985375	29465.7
0.12539	1	0.38574	11534.8
0.991769	1	0.999966	29902
0.578558	1	0.895155	26767.8
0.333801	1	0.70005	20933.6
0.999997	2.50021e-10	5.77784e-09	0.000172775
1	7.89162e-21	3.73183e-19	1.11593e-14
0.0331344	0.607877	0.098794	2954.24
0.878289	0.0253527	0.106985	3199.17
0.717682	0.346815	0.595051	17793.8
0.784032	0.630032	0.842354	25188.9
0.893277	4.24859e-09	7.73816e-08	0.00231394
0.540368	2.51162e-10	3.21933e-09	9.62678e-05
0.754569	0.702714	0.866642	25915.2
0.899517	5.78226e-07	8.0459e-06	0.240597
0.268091	1	0.621013	18570.2
0.933389	1	0.997731	29835.1
1	1	1	29903
0.731596	1	0.960239	28714
0.589385	1	0.900979	26942
0.560491	0.753854	0.786536	23519.8
0.95669	1	0.999048	29874.5
0.985073	1	0.999888	29899.7
0.990308	1	0.999953	29901.6
0.997731	1	0.999997	29902.9
1	1	1	29903
0.990729	0.00101046	0.0079153	236.691
0.507914	4.43851e-08	4.19491e-07	0.012544
0.559653	1.25296e-08	1.38672e-07	0.0041467
0.664786	0.786725	0.861998	25776.3
0.933793	1	0.997758	29836
0.981301	0.0026662	0.0181731	543.43
0.972751	0.000877825	0.00688733	205.952
0.9883	7.88884e-06	9.94981e-05	2.97529
0.989485	8.66298e-06	0.00010858	3.24688
0.89031	1.78812e-06	2.28458e-05	0.683158
0.884247	1.64971e-06	2.10614e-05	0.629799
0.977783	1.63466e-06	2.29307e-05	0.685698
0.975313	1.65636e-06	2.31592e-05	0.692531
0.977643	4.61969e-06	6.01034e-05	1.79727
0.821119	3.62711e-05	0.000340167	10.172
0.882491	0.00624725	0.0341849	1022.23
0.996996	0.0506241	0.201199	6016.44
0.995993	0.019384	0.0955146	2856.17
1	0.00323558	0.0217869	651.495
0.949049	0.819828	0.973315	29105
0.960496	0.819826	0.975613	29173.8
0.688583	4.2575e-08	5.37813e-07	0.0160822
0.708961	0.209568	0.431859	12913.9
0.888028	0.634467	0.886673	26514.2
0.750153	1	0.965806	28880.5
0.741488	1	0.963264	28804.5
0.0128946	0.0348179	0.00390983	116.916
0.991854	1	0.999967	29902
0.616999	1	0.91494	27359.5
0.961116	1	0.999234	29880.1
0.932985	1	0.997703	29834.3
0.650326	1	0.930149	27814.3
0.159555	1	0.452396	13528
0.817053	1	0.98214	29368.9
1	1	1	29903
0.981987	1	0.999837	29898.1
0.826985	1	0.984086	29427.1
0.381004	1	0.748652	22386.9
1	1	1	29903
0.994167	0.101132	0.331506	9913.03
0.935289	0.0439999	0.172449	5156.74
0.99127	1	0.999962	29901.9
0.993084	0.360575	0.725829	21704.5
0.989945	0.360765	0.724858	21675.4
0.993548	0.360766	0.726195	21715.4
0.987855	0.389251	0.752031	22488
0.993246	0.0254224	0.118146	3532.91
0.97645	1	0.99972	29894.6
0.895972	1	0.994391	29735.3
0.42527	1	0.788889	23590.1
0.988566	0.354678	0.718091	21473.1
0.894876	1	0.99427	29731.7
0.932325	0.703512	0.932525	27885.3
0.949705	1	0.998713	29864.5
0.953979	0.0168067	0.0823001	2461.02
0.118815	0.885415	0.3421	10229.8
0.498755	0.857947	0.791134	23657.3
0.878389	0.323832	0.64206	19199.5
0.996069	0.0345472	0.150356	4496.1
0.974645	0.00267873	0.0181401	542.444
0.0391953	0.00268089	0.00106768	31.9268
0.999987	3.74972e-18	1.54205e-16	4.61118e-12
1	0.0423755	0.176332	5272.86
1	0.539921	0.872692	26096.1
0.219196	1	0.55189	16503.2
0.387164	1	0.754546	22563.2
0.665509	1	0.936506	28004.3
0.983226	1	0.999859	29898.8
0.76583	1	0.97015	29010.4
0.765432	1	0.970043	29007.2
0.97119	1	0.999581	29890.5
0.445531	1	0.805738	24094
0.836996	1	0.985928	29482.2
0.999999	0.785166	0.975066	29157.4
0.971952	1	0.999603	29891.1
0.896697	1	0.99447	29737.6
0.938204	1	0.99805	29844.7
0.165434	1	0.463081	13847.5
0.757759	1	0.967954	28944.7
0.502601	1	0.84837	25368.8
0.731113	1	0.960088	28709.5
0.630918	1	0.921506	27555.8
0.812495	1	0.981206	29341
0.999038	1	1	29903
0.963471	1	0.999325	29882.8
0.970912	0.306921	0.658769	19699.2
0.651226	1	0.930536	27825.8
0.0907805	0.00545599	0.00426469	127.527
0.999982	0.270537	0.624217	18665.9
0.601788	1	0.907406	27134.2
1	1	1	29903
0.649066	1	0.929606	27798
0.950802	1	0.998769	29866.2
0.528618	1	0.865606	25884.2
0.233082	1	0.572535	17120.5
0.517461	1	0.858375	25668
0.627959	1	0.920136	27514.8
0.211461	1	0.540011	16148
0.153377	1	0.440936	13185.3
0.890049	1	0.993721	29715.2
0.440413	1	0.80157	23969.4
0.905961	1	0.995433	29766.4
0.809513	1	0.980581	29322.3
0.964844	1	0.999375	29884.3
0.990991	1	0.999959	29901.8
0.512004	1	0.854751	25559.6
0.893304	1	0.994094	29726.4
0.97017	1	0.999551	29889.6
0.999989	1	1	29903
0.999976	1	1	29903
0.916246	1	0.99639	29795.1
0.193439	1	0.511219	15287
0.343064	1	0.710087	21233.7
0.51007	1	0.853453	25520.8
0.0568292	1	0.219799	6572.64
0.579769	1	0.895816	26787.6
0.995089	1	0.999988	29902.6
0.617747	1	0.915301	27370.3
0.344557	1	0.711681	21281.4
0.344557	1	0.711681	21281.4
0.848948	1	0.987969	29543.2
0.910205	1	0.995842	29778.7
0.877901	1	0.992223	29670.4
0.581703	2.15944e-14	4.14633e-13	1.23988e-08
0.933736	0.0211112	0.0971129	2903.97
0.968504	7.77247e-07	1.13664e-05	0.33989
0.659166	0.000839358	0.00470266	140.624
1	0.0286391	0.130393	3899.16
0.613406	0.0579604	0.154185	4610.58
0.976442	0.0271704	0.122821	3672.73
0.753474	2.87838e-14	7.04031e-13	2.10526e-08
0.990847	0.000609821	0.00508258	151.984
0.999999	2.61573e-10	6.033e-09	0.000180405
0.00304702	1	0.0207002	618.998
0.359522	1	0.727305	21748.6
0.983378	1	0.999861	29898.8
0.987121	1	0.999917	29900.5
0.999999	1	1	29903
1	1	1	29903
1	1	1	29903
0.00708025	1	0.0421306	1259.83
6.70962e-08	1	1.17533e-06	0.035146
0.0235509	1	0.111834	3344.16
0.00400111	1	0.026092	780.229
0.0135412	0.622617	0.0486959	1456.15
0.190574	0.622638	0.371579	11111.3
0.335084	0.625289	0.536994	16057.7
0.00510067	0.625321	0.0215227	643.594
0.990636	0.628363	0.917562	27437.9
6.52744e-06	0.628282	5.49718e-05	1.64382
7.05819e-06	0.632115	5.94283e-05	1.77709
4.57165e-06	0.636898	4.00262e-05	1.1969
0.0072218	0.636767	0.0293483	877.602
0.00973498	0.637086	0.0377261	1128.12
5.71325e-09	0.640229	7.47155e-08	0.00223422
9.93904e-10	0.634717	1.39947e-08	0.000418484
1.10426e-05	0.625417	8.89734e-05	2.66057
0.000351407	0.625221	0.00207034	61.9095
0.00835491	0.624543	0.0326419	976.091
2.47769e-11	0.63231	4.05446e-10	1.21241e-05
8.88562e-07	0.632271	8.64746e-06	0.258585
0.000145508	0.632238	0.000946983	28.3176
0.000232645	0.632036	0.00144464	43.1991
7.20682e-05	0.627952	0.000497953	14.8903
3.10108e-07	0.62801	3.20395e-06	0.0958078
9.01114e-05	0.627535	0.000609612	18.2292
1.7837e-09	1	3.77155e-08	0.00112781
4.60042e-05	1	0.000505438	15.1141
0.739591	1	0.962694	28787.5
0.838482	1	0.986191	29490.1
0.9368	1	0.997959	29842
0.999991	1	1	29903
0.999995	1	1	29903
0.899924	1	0.994816	29748
0.999998	3.44068e-05	0.000388014	11.6028
0.834625	4.915e-14	1.30551e-12	3.90386e-08
0.579522	0.0257449	0.0776582	2322.21
0.625394	0.0485827	0.136539	4082.91
0.511842	0.684562	0.717845	21465.7
0.936966	0.0143655	0.0714461	2136.45
0.717458	0.107076	0.273969	8192.5
0.956019	0.188846	0.489589	14640.2
0.897422	1	0.994549	29740
0.695839	1	0.948176	28353.3
0.187677	1	0.501667	15001.4
0.341997	1	0.708943	21199.5
0.985945	0.143019	0.417235	12476.6
0.999993	0.358078	0.725823	21704.3
0.399014	1	0.765612	22894.1
1	0.132201	0.3997	11952.2
0.750735	0.779546	0.898769	26875.9
0.991698	0.921776	0.996202	29789.4
1	0.344044	0.711134	21265
0.982756	1	0.99985	29898.5
0.993996	1	0.999982	29902.5
0.99857	1	0.999999	29903
0.761429	0.0124886	0.0537792	1608.16
0.893648	9.44954e-07	1.26538e-05	0.378387
0.66151	3.66007e-09	5.04548e-08	0.00150875
0.228508	2.4897e-20	2.70894e-19	8.10055e-15
0.595771	2.48601e-20	6.91063e-19	2.06649e-14
0.0707255	1.58785e-21	5.78811e-21	1.73082e-16
0.144639	9.52748e-23	7.39168e-22	2.21033e-17
0.247701	7.83255e-22	9.89353e-21	2.95846e-16
0.146497	7.79262e-22	5.88202e-21	1.7589e-16
0.0907213	7.78181e-22	3.67143e-21	1.09787e-16
0.0902951	7.67957e-22	3.60742e-21	1.07873e-16
0.325527	7.76131e-22	1.2817e-20	3.83268e-16
0.446952	7.71982e-22	1.73963e-20	5.20202e-16
0.681078	9.61507e-23	3.41053e-21	1.01985e-16
0.619645	5.63486e-08	6.34437e-07	0.0189716
0.784067	4.53325e-05	0.00039968	11.9516
0.801462	1.87473e-05	0.000181892	5.43913
0.621611	1	0.91715	27425.5
0.533992	1	0.869005	25985.9
0.851122	0.377098	0.685707	20504.7
0.941524	0.183269	0.475736	14225.9
0.939673	0.039496	0.159356	4765.23
0.994752	0.00488027	0.0307194	918.602
0.855456	0.0310488	0.122932	3676.04
0.835589	0.0310665	0.120741	3610.51
0.87155	0.031042	0.124719	3729.47
0.802239	0.0310027	0.116748	3491.12
0.757263	0.0374127	0.129298	3866.39
0.885355	0.0312427	0.126901	3794.71
0.55297	0.00184536	0.00804867	240.679
0.643372	0.00125027	0.00653599	195.446
0.839592	0.175496	0.429507	12843.6
0.949835	0.439445	0.782087	23386.7
0.892249	0.225009	0.523115	15642.7
0.943062	0.374173	0.720438	21543.2
0.972897	0.475072	0.818904	24487.7
0.826595	0.385678	0.683249	20431.2
0.614673	0.0290088	0.0896329	2680.29
0.803413	1	0.979269	29283.1
0.790082	0.332397	0.613757	18353.2
1	2.11097e-07	3.45585e-06	0.10334
1	1.25931e-17	5.02634e-16	1.50303e-11
0.325589	0.814416	0.617146	18454.5
0.257538	0.394059	0.333667	9977.65
0.775211	0.686988	0.868105	25958.9
1	1	1	29903
0.892869	1	0.994045	29724.9
0.195511	1	0.514611	15388.4
0.282489	0.0078572	0.0157821	471.933
0.461519	0.845451	0.757407	22648.8
0.999907	1	1	29903
0.0322692	1	0.14307	4278.22
0.687931	1	0.945263	28266.2
0.805856	0.335093	0.623568	18646.6
0.349828	0.012076	0.0273193	816.93
0.959498	1	0.999169	29878.1
0.999993	7.25684e-20	3.27062e-18	9.78013e-14
0.991692	1	0.999965	29902
0.478506	1	0.831206	24855.6
0.528383	1	0.865457	25879.8
1	1	1	29903
0.503056	1	0.848682	25378.2
0.503485	0.00306118	0.0115211	344.517
0.847405	0.00831911	0.0419791	1255.3
0.741432	0.00861635	0.0386709	1156.38
0.395041	0.00800323	0.0213619	638.786
0.432861	0.00861322	0.0245764	734.908
0.795126	0.011262	0.0511815	1530.48
0.841328	0.00925505	0.0455929	1363.37
0.457466	0.0174984	0.0466501	1394.98
0.999986	0.0137575	0.0727237	2174.66
0.193791	0.0107128	0.0149004	445.566
0.689799	1	0.945959	28287
0.999297	0.307226	0.66955	20021.6
0.0173919	1.94774e-06	6.16543e-07	0.0184365
0.819809	0.0116735	0.0540621	1616.62
0.00358294	1.05489e-05	6.83769e-07	0.0204467
0.99994	0.0518872	0.205396	6141.94
0.0246277	3.00579e-06	1.28944e-06	0.0385582
0.327983	5.59555e-06	2.60758e-05	0.779744
0.731443	5.59555e-06	5.48696e-05	1.64077
0.171508	5.59555e-06	1.42577e-05	0.426347
0.540956	5.59555e-06	4.14933e-05	1.24077
0.236624	1.04022e-05	3.42499e-05	1.02418
0.236624	1.04022e-05	3.42499e-05	1.02418
0.999995	0.0593654	0.227015	6788.43
0.366757	6.55777e-05	0.000279842	8.36813
0.873994	0.773934	0.940858	28134.5
0.0725861	1	0.262978	7863.83
0.801661	1	0.978884	29271.6
0.989133	0.812086	0.979236	29282.1
0.846711	1	0.9876	29532.2
0.749315	1	0.965564	28873.3
0.999999	0.142452	0.420054	12560.9
0.999999	0.0901626	0.307106	9183.4
1	0.142601	0.420345	12569.6
0.999999	0.142501	0.42015	12563.8
1	0.20463	0.529287	15827.3
1	2.80553e-07	4.51312e-06	0.134956
0.919312	1	0.996653	29802.9
0.839672	1	0.9864	29496.3
0.600488	1	0.906744	27114.4
0.984123	1	0.999873	29899.2
0.357554	1	0.725287	21688.3
0.999775	1	1	29903
0.626658	1	0.919529	27496.7
0.676271	1	0.940802	28132.8
0.830499	1	0.984746	29446.9
0.873126	1	0.991588	29651.4
0.963356	0.0461082	0.182742	5464.55
0.999999	5.33462e-06	7.01038e-05	2.09631
1	0.0508095	0.202205	6046.54
0.139459	1.87432e-17	1.0844e-16	3.24267e-12
0.951728	0.00677929	0.038992	1165.98
0.340657	3.02531e-21	5.08332e-20	1.52006e-15
0.745298	0.379873	0.640383	19149.4
0.118195	0.515643	0.23146	6921.36
0.995301	0.000270435	0.00248174	74.2116
0.00523413	1	0.0327267	978.626
0.994133	1	0.999983	29902.5
0.54443	0.843759	0.816712	24422.1
0.323454	1	0.688536	20589.3
0.308451	0.00711777	0.0156348	467.527
0.252493	7.07158e-05	0.00021307	6.37144
0.169789	6.20845e-06	1.55619e-05	0.465347
0.603291	1	0.908167	27156.9
0.804448	1	0.979495	29289.8
0.928439	1	0.997376	29824.5
0.998793	1	0.999999	29903
0.999995	1	1	29903
0.330966	1	0.696928	20840.2
0.378042	1	0.745782	22301.1
0.424943	1	0.788609	23581.8
0.611466	1	0.912244	27278.8
0.703889	1	0.951049	28439.2
0.396268	1	0.76308	22818.4
0.146948	1	0.428747	12820.8
0.877619	1	0.992186	29669.3
0.999999	1	1	29903
0.507298	1	0.851579	25464.8
0.913621	1	0.996157	29788.1
0.539034	0.0759494	0.171767	5136.36
0.733522	0.612386	0.808688	24182.2
1	0.648549	0.929382	27791.3
0.996218	0.693023	0.946183	28293.7
0.999914	6.78076e-05	0.000718626	21.4891
0.999998	0.000143437	0.0014128	42.2469
0.954715	1	0.998959	29871.9
0.934211	1	0.997787	29836.8
0.633109	1	0.922511	27585.9
0.274499	1	0.629373	18820.2
0.736448	1	0.96174	28758.9
0.463368	0.00747485	0.0230865	690.355
0.0626823	1	0.236292	7065.84
0.999649	0.30783	0.67039	20046.7
0.8042	1	0.979441	29288.2
0.872882	1	0.991555	29650.5
1	0.307623	0.670274	20043.2
0.964625	0.343867	0.697742	20864.6
0.78724	0.541542	0.789788	23617
0.620733	0.541703	0.702733	21013.8
0.491341	0.54173	0.618483	18494.5
0.370597	0.541845	0.523183	15644.8
0.999986	1.28227e-07	2.16309e-06	0.0646829
0.997385	0.00816391	0.0473136	1414.82
0.863385	1	0.990212	29610.3
0.999981	1	1	29903
0.277767	1	0.633579	18945.9
0.749923	1	0.965739	28878.5
0.094923	1	0.318437	9522.23
0.975715	1.58959e-24	8.65808e-23	2.58902e-18
0.971924	0.399976	0.756045	22608
0.996756	0.628709	0.919535	27496.8
0.99137	0.633507	0.920173	27515.9
0.105218	0.399971	0.17541	5245.29
0.0752578	0.420381	0.140893	4213.12
0.714395	0.877784	0.919728	27502.6
0.982308	0.0034601	0.0227192	679.371
0.846897	0.595712	0.849677	25407.9
0.825131	0.595706	0.840634	25137.5
0.302228	0.641538	0.511961	15309.2
0.0311666	0.641546	0.0982201	2937.08
0.16894	1	0.46935	14035
0.000103142	0.00496833	7.93469e-06	0.237271
6.55492e-14	1.88525e-24	1.06256e-35	3.17737e-31
0.999999	6.45633e-09	1.28211e-07	0.0038339
0.999462	0.0116858	0.0636523	1903.39
0.122218	0.610222	0.268181	8019.41
0.270612	1	0.624321	18669.1
0.241244	0.726798	0.480604	14371.5
0.0158749	0.871324	0.0730444	2184.25
0.0342851	1	0.14993	4483.37
0.891816	1	0.993925	29721.3
0.883838	0.775446	0.9443	28237.4
0.407785	1	0.773574	23132.2
1	0.179062	0.487052	14564.3
0.631994	1	0.922	27570.6
0.00153946	1.10673e-05	3.21805e-07	0.00962293
0.999992	0.880498	0.992556	29680.4
0.00291516	1.10549e-05	5.88155e-07	0.0175876
0.0146162	1.10914e-05	2.69677e-06	0.0806416
0.0168928	4.42828e-05	1.13001e-05	0.337906
0.0114818	0.289457	0.0222898	666.533
0.507852	0.236809	0.374992	11213.4
0.370786	0.167231	0.234418	7009.79
0.000424096	0.158435	0.000712765	21.3138
0.116264	0.172021	0.09824	2937.67
0.0800455	0.163554	0.0698546	2088.86
0.272772	0.161743	0.181808	5436.6
0.50459	1	0.849734	25409.6
0.844105	1	0.987163	29519.1
0.405342	0.141852	0.221714	6629.93
0.0152066	0.454889	0.0413221	1235.66
0.361985	0.454889	0.461691	13806
0.0044209	0.501857	0.0157766	471.767
0.820983	0.0197608	0.0830845	2484.48
0.412536	1	0.777809	23258.8
0.755523	0.0288797	0.105277	3148.1
0.999395	3.11274e-07	4.97214e-06	0.148682
0.929224	1.85885e-06	2.46466e-05	0.737007
1	0.10236	0.335665	10037.4
0.90315	0.432445	0.757757	22659.2
0.993031	0.0633792	0.236998	7086.96
0.667922	0.817781	0.876534	26211
0.819434	0.0737281	0.229972	6876.84
0.73596	0.303455	0.558126	16689.6
0.848302	0.0200179	0.0861906	2577.36
1	1.68134e-06	2.40364e-05	0.718759
0.999999	3.40953e-24	1.87645e-22	5.61115e-18
0.999943	1	1	29903
0.755633	1	0.967361	28927
0.0036484	1	0.0241286	721.516
1	1	1	29903
0.999999	1	1	29903
1	0.707721	0.952384	28479.1
0.999999	0.640294	0.925755	27682.8
0.556968	0.853857	0.829034	24790.6
0.196235	0.853857	0.466886	13961.3
0.999986	0.543285	0.87475	26157.7
0.999999	0.00169859	0.0125321	374.747
0.779462	1	0.973666	29115.5
0.999759	0.000867571	0.00698231	208.792
0.596077	5.38229e-14	1.0289e-12	3.07673e-08
0.921733	0.00023491	0.00204352	61.1073
0.290579	0.090147	0.121601	3636.25
0.0638093	0.0901544	0.0354256	1059.33
0.754425	0.0901523	0.250836	7500.76
0.865753	0.0901449	0.277092	8285.88
0.992638	0.68864	0.943618	28217
0.960069	0.016852	0.0829023	2479.03
0.221433	0.0166688	0.0243676	728.665
0.189643	1	0.504946	15099.4
0.955007	1	0.998972	29872.3
0.957243	1	0.999073	29875.3
0.627041	1	0.919708	27502
0.862324	1	0.990055	29605.6
0.912159	1	0.996024	29784.1
0.145743	0.773187	0.358698	10726.2
0.988665	1	0.999936	29901.1
0.99743	1	0.999997	29902.9
0.992959	1	0.999975	29902.3
0.983502	1	0.999863	29898.9
0.9693	1	0.999524	29888.8
0.979773	1	0.999794	29896.8
0.968247	1	0.99949	29887.8
0.669299	0.578213	0.754389	22558.5
0.145067	0.00746863	0.0084808	253.601
0.889207	0.321369	0.643708	19248.8
0.716457	0.00184279	0.0100736	301.231
0.605782	0.012299	0.0439542	1314.36
0.84568	0.213218	0.489203	14628.6
0.941501	0.474896	0.807016	24132.2
0.761319	0.474905	0.729379	21810.6
0.921286	0.187741	0.476458	14247.5
0.586461	0.0690148	0.170279	5091.87
0.984551	0.219987	0.547915	16384.3
0.907803	1	0.995613	29771.8
0.550578	0.000456362	0.00233398	69.7931
0.988649	1	0.999935	29901.1
0.907858	1	0.995618	29772
0.943003	1	0.998344	29853.5
0.894004	1	0.994173	29728.7
0.363309	1	0.73116	21863.9
0.497108	1	0.844561	25254.9
0.645384	1	0.928004	27750.1
0.885006	1	0.993119	29697.2
0.998525	1	0.999999	29903
0.991779	1	0.999966	29902
0.980879	1	0.999816	29897.5
0.40625	0.0221722	0.0514298	1537.91
0.497074	1	0.844537	25254.2
0.82744	1	0.984173	29429.7
0.999996	0.0340673	0.149195	4461.36
0.834714	1	0.985519	29470
0.558903	1	0.884061	26436.1
0.295781	1	0.656082	19618.8
0.15628	0.394644	0.233494	6982.18
0.240263	0.394628	0.318181	9514.58
0.0321536	3.91409e-06	2.12541e-06	0.063556
0.0502134	3.89092e-06	3.21361e-06	0.0960967
0.0477349	3.88112e-06	3.05714e-06	0.0914177
0.11362	3.86692e-06	6.87067e-06	0.205454
0.00497193	3.784e-06	3.53486e-07	0.0105703
0.544435	0.00130671	0.00586797	175.47
0.530023	0.000121541	0.000686075	20.5157
1	1	1	29903
0.303047	1	0.664844	19880.8
0.8757	1	0.991933	29661.8
0.998885	0.803094	0.979002	29275.1
0.887107	1	0.993373	29704.8
0.479179	0.00183631	0.00707078	211.438
0.19176	0.46687	0.305575	9137.6
0.99616	0.631111	0.920474	27524.9
0.999899	3.25203e-06	4.43413e-05	1.32594
0.122478	0.0237409	0.0198901	594.773
0.844372	0.534487	0.810369	24232.5
0.287705	1	0.646133	19321.3
0.63881	1	0.925092	27663
0.648213	1	0.929237	27787
0.920363	0.071527	0.244935	7324.28
1	9.18585e-13	2.6378e-11	7.88782e-07
0.445341	0.00174484	0.00634073	189.607
0.729915	0.115469	0.292762	8754.46
0.682476	0.322617	0.553378	16547.7
0.900302	0.000272681	0.00228611	68.3616
0.948257	1	0.998638	29862.3
0.958178	3.4677e-07	5.2888e-06	0.158151
0.99997	5.7482e-46	6.0452e-44	1.8077e-39
0.271381	0.0337076	0.052089	1557.62
0.732478	1	0.960515	28722.3
0	1.17325e-28	0	0
0.614208	1	0.913586	27319
1	0.779879	0.97377	29118.6
0.955302	0.86782	0.984472	29438.7
1	0.709555	0.953016	28498
0.651484	0.229939	0.434191	12983.6
0.898795	1	0.994697	29744.4
0.814367	0.076051	0.234213	7003.68
0.282999	0.681202	0.510135	15254.6
0.134463	0.0252699	0.0227134	679.2
0.586555	3.24532e-08	3.5743e-07	0.0106882
0.847728	2.46314e-06	2.93986e-05	0.879105
0.414812	2.46083e-05	0.00012752	3.81323
0.307919	5.77781e-06	2.53333e-05	0.757542
0.238619	5.82063e-06	2.01211e-05	0.601682
0.99929	0.655523	0.932168	27874.6
0.719683	1.54966e-05	0.000138335	4.13664
0.759883	5.82559e-06	5.89992e-05	1.76425
0.439352	5.82293e-06	3.54996e-05	1.06155
0.664793	2.46094e-05	0.00019666	5.88072
0.994846	0.191806	0.506895	15157.7
1	0.0998964	0.33002	9868.58
1	0.244412	0.588764	17605.8
0.418186	1	0.782772	23407.2
0.977189	0.542571	0.866609	25914.2
0.975018	0.542645	0.865906	25893.2
0.980829	0.542458	0.867788	25949.5
0.529354	0.509929	0.623432	18642.5
0.596886	0.177824	0.344213	10293
0.591019	0.0404631	0.113194	3384.83
0.52969	0.178277	0.317279	9487.6
0.493653	0.758506	0.74226	22195.8
0.58583	0.178419	0.340573	10184.2
0.391653	0.0104964	0.0266969	798.317
0.226016	0.0104964	0.0167105	499.695
0.999992	8.14099e-27	4.9719e-25	1.48675e-20
0.924346	1	0.997063	29815.2
0.994625	0.404962	0.769059	22997.2
1	0.0812146	0.285117	8525.85
1	2.0461e-08	3.82717e-07	0.0114444
0.911741	0.15881	0.4246	12696.8
0.300487	0.41755	0.385904	11539.7
0.100866	0.417515	0.175502	5248.05
0.174775	0.417562	0.264009	7894.65
0.30529	0.429417	0.397462	11885.3
0.522709	0.429316	0.559738	16737.8
0.55365	0.446326	0.592548	17719
0.657835	0.348099	0.566542	16941.3
0.174607	0.0122404	0.0152776	456.847
0.252321	0.00773152	0.014123	422.32
0.129441	0.0213167	0.019019	568.724
0.202833	0.00772431	0.011686	349.445
0.123184	0.0133545	0.0121898	364.512
0.199938	0.00319136	0.00533242	159.455
0.200099	0.00111112	0.00209245	62.5706
0.215622	0.00179595	0.00342961	102.556
0.140777	0.000990125	0.0013769	41.1733
0.999902	1.17171e-05	0.000144745	4.32832
0.610042	0.389086	0.578725	17305.6
0.728652	0.18621	0.4067	12161.5
0.326634	1.59249e-08	1.04419e-07	0.00312244
0.00651494	3.25684e-09	5.42679e-10	1.62277e-05
0.0665204	0.00089342	0.000637732	19.0701
0.591985	2.80664e-06	2.37722e-05	0.710861
0.999997	8.07069e-15	2.69968e-13	8.07286e-09
0.537475	0.00265699	0.0107839	322.472
0.0187867	1.5055e-36	2.47363e-36	7.39689e-32
0.8897	1	0.99368	29714
0.725244	1	0.958227	28653.8
0.814355	1	0.98159	29352.5
0.831917	1	0.985009	29454.7
0.629066	1	0.92065	27530.2
0.713356	1	0.95431	28536.7
0.801187	1	0.978779	29268.4
0.736201	1	0.961664	28756.6
0.414436	1	0.779487	23309
0.554937	1	0.88174	26366.7
0.298778	1	0.659718	19727.6
0.184336	1	0.496047	14833.3
0.114585	1	0.362827	10849.6
0.189507	1	0.504719	15092.6
0.495543	1	0.843464	25222.1
0.729356	1	0.959536	28693
0.0657919	1	0.244829	7321.11
0.928495	1	0.99738	29824.7
0.928235	1	0.997361	29824.1
0.844391	0.198838	0.467493	13979.4
0.962542	1	0.99929	29881.8
0.70455	1	0.951281	28446.1
1	0.491768	0.8408	25142.4
0.998725	1	0.999999	29903
1	0.906818	0.995517	29768.9
1	0.820842	0.982896	29391.6
0.999999	0.553693	0.881005	26344.7
0.999665	5.96458e-15	2.01257e-13	6.01818e-09
0.999462	5.62363e-15	1.90046e-13	5.68294e-09
0.999019	2.27017e-15	7.87429e-14	2.35465e-09
0.999269	2.29725e-15	7.96741e-14	2.38249e-09
0.999322	3.67773e-13	1.08905e-11	3.25658e-07
0.999709	2.24528e-15	7.79564e-14	2.33113e-09
0.999626	4.13516e-12	1.12483e-10	3.36359e-06
0.99947	4.12194e-12	1.1212e-10	3.35272e-06
0.999458	1.769e-12	4.96132e-11	1.48358e-06
0.999493	1.73098e-12	4.85863e-11	1.45288e-06
0.998991	1.71655e-11	4.42238e-10	1.32242e-05
0.998929	8.57385e-12	2.26821e-10	6.78263e-06
0.999212	4.26991e-15	1.45438e-13	4.34903e-09
0.985844	0.00131736	0.00993045	296.95
0.93742	0.00131736	0.00950488	284.224
0.998365	1.63701e-14	5.35162e-13	1.6003e-08
0.978811	0.00131773	0.00987123	295.179
0.99615	1.14136e-10	2.71707e-09	8.12484e-05
0.993798	9.17872e-11	2.19997e-09	6.57858e-05
0.994143	1.76429e-10	4.11549e-09	0.000123065
0.953026	0.00149699	0.0107748	322.199
0.970137	0.00149699	0.0109424	327.211
0.981397	0.00149699	0.0110525	330.502
0.972788	0.0993304	0.322435	9641.79
0.644752	0.260676	0.467804	13988.7
1	0.00843579	0.048719	1456.84
0.357304	0.0112962	0.0262854	786.011
1	0.609563	0.911304	27250.7
0.995575	2.68252e-05	0.000307942	9.20838
0.486634	7.71153e-05	0.000419943	12.5576
0.0185325	0.0625424	0.00899454	268.964
0.99998	0.00195225	0.0141317	422.579
0.547677	0.201569	0.353671	10575.8
0.999864	1.7102e-11	4.41034e-10	1.31882e-05
1	0.552143	0.880087	26317.3
0.907125	1	0.995547	29769.8
0.999998	6.88478e-08	1.20424e-06	0.0360104
0.448183	1	0.807874	24157.9
0.905789	0.487696	0.802664	24002.1
0.999987	0.840837	0.9866	29502.3
0.774193	0.854475	0.934874	27955.5
0.123505	0.0199705	0.0172775	516.648
0.464356	0.0137631	0.0386837	1156.76
0.144659	0.0275127	0.0259752	776.736
0.322713	0.0571581	0.0920978	2754
0.433076	0.0575906	0.117005	3498.79
0.157065	0.0325903	0.0321197	960.474
0.191147	0.0327304	0.0380018	1136.37
0.031211	0.0280656	0.00704285	210.602
0.0731417	3.62801e-09	6.11649e-09	0.000182901
0.106223	0.0329343	0.0232833	696.239
0.102421	0.0137216	0.0106352	318.024
0.635365	0.155316	0.327215	9784.71
0.449526	0.0761163	0.149698	4476.42
0.999943	2.84207e-45	2.94342e-43	8.80169e-39
0.640234	0.360665	0.569362	17025.6
0.999994	4.74061e-45	4.88565e-43	1.46096e-38
0.160258	0.593562	0.318909	9536.33
0.60862	1	0.910837	27236.8
0.980167	0.00241327	0.0166686	498.441
0.999971	0.00290553	0.0198767	594.372
0.963314	0.00290553	0.0192526	575.709
0.928165	0.00290553	0.0186503	557.701
0.965878	0.00290553	0.0192963	577.018
0.991556	0.00290553	0.0197337	590.098
0.992222	1	0.99997	29902.1
0.994151	1	0.999983	29902.5
0.999211	0.402576	0.76858	22982.8
0.96162	0.202669	0.513598	15358.1
0.999974	0.228613	0.565974	16924.3
0.999861	6.41939e-05	0.00068381	20.448
0.969553	1	0.999532	29889
0.987928	0.00208163	0.0147795	441.952
0.994176	0.00208163	0.01486	444.357
0.954904	0.000295433	0.00258786	77.3847
0.998146	0.358267	0.725337	21689.7
0.996691	0.358267	0.7248	21673.7
0.969549	0.358267	0.714653	21370.3
0.983732	0.358267	0.719989	21529.8
0.983732	0.358267	0.719989	21529.8
0.944175	0.000474321	0.00390118	116.657
0.563082	0.61016	0.710628	21249.9
0.999999	0.000211009	0.00199691	59.7136
0.451947	0.000451719	0.00193877	57.975
0.000690463	2.08192e-05	2.73954e-07	0.00819204
4.75677e-07	7.02465e-05	8.39443e-10	2.51019e-05
0.999999	5.03127e-08	8.95817e-07	0.0267876
0.9023	8.57138e-16	2.76843e-14	8.27843e-10
0.982118	7.61228e-17	2.85083e-15	8.52483e-11
0.995564	7.44634e-17	2.82749e-15	8.45504e-11
0.999872	1.70985e-15	5.98415e-14	1.78944e-09
1	0.176646	0.482881	14439.6
0.948795	1	0.998666	29863.1
0.922324	1	0.996902	29810.4
0.45835	1	0.815919	24398.4
0.999969	1	1	29903
