
SUMMARISING RUN PARAMETERS
==========================
Input filename: SC2280/host_removal/SC2280_R1.fastq.gz
Trimming mode: paired-end
Trim Galore version: 0.6.4_dev
Cutadapt version: 4.1
Python version: could not detect
Number of cores used for trimming: 2
Quality Phred score cutoff: 20
Quality encoding type selected: ASCII+33
Using Illumina adapter for trimming (count: 12805). Second best hit was Nextera (count: 0)
Adapter sequence: 'AGATCGGAAGAGC' (Illumina TruSeq, Sanger iPCR; auto-detected)
Maximum trimming error rate: 0.1 (default)
Minimum required adapter overlap (stringency): 1 bp
Minimum required sequence length for both reads before a sequence pair gets removed: 20 bp
Running FastQC on the data once trimming has completed
Output file will be GZIP compressed


This is cutadapt 4.1 with Python 3.9.13
Command line parameters: -j 2 -e 0.1 -q 20 -O 1 -a AGATCGGAAGAGC SC2280/host_removal/SC2280_R1.fastq.gz
Processing single-end reads on 2 cores ...
Finished in 26.83 s (38 µs/read; 1.56 M reads/minute).

=== Summary ===

Total reads processed:                 698,814
Reads with adapters:                   247,015 (35.3%)
Reads written (passing filters):       698,814 (100.0%)

Total basepairs processed:   175,402,314 bp
Quality-trimmed:               1,600,958 bp (0.9%)
Total written (filtered):    172,035,252 bp (98.1%)

=== Adapter 1 ===

Sequence: AGATCGGAAGAGC; Type: regular 3'; Length: 13; Trimmed: 247015 times

Minimum overlap: 1
No. of allowed errors:
1-9 bp: 0; 10-13 bp: 1

Bases preceding removed adapters:
  A: 37.1%
  C: 17.7%
  G: 11.5%
  T: 32.5%
  none/other: 1.1%

Overview of removed sequences
length	count	expect	max.err	error counts
1	158749	174703.5	0	158749
2	59683	43675.9	0	59683
3	5431	10919.0	0	5431
4	2273	2729.7	0	2273
5	90	682.4	0	90
6	183	170.6	0	183
7	3897	42.7	0	3897
8	101	10.7	0	101
9	191	2.7	0	191
10	157	0.7	1	151 6
11	61	0.2	1	54 7
12	144	0.0	1	137 7
13	90	0.0	1	83 7
14	58	0.0	1	53 5
15	56	0.0	1	53 3
16	38	0.0	1	34 4
17	47	0.0	1	41 6
18	50	0.0	1	46 4
19	29	0.0	1	28 1
20	40	0.0	1	30 10
21	49	0.0	1	45 4
22	44	0.0	1	41 3
23	61	0.0	1	57 4
24	566	0.0	1	552 14
25	158	0.0	1	142 16
26	43	0.0	1	36 7
27	53	0.0	1	47 6
28	107	0.0	1	98 9
29	41	0.0	1	33 8
30	59	0.0	1	53 6
31	45	0.0	1	38 7
32	78	0.0	1	72 6
33	29	0.0	1	27 2
34	78	0.0	1	62 16
35	128	0.0	1	115 13
36	50	0.0	1	44 6
37	378	0.0	1	367 11
38	13	0.0	1	10 3
39	78	0.0	1	70 8
40	36	0.0	1	31 5
41	36	0.0	1	33 3
42	195	0.0	1	189 6
43	110	0.0	1	105 5
44	52	0.0	1	49 3
45	61	0.0	1	55 6
46	34	0.0	1	30 4
47	66	0.0	1	56 10
48	21	0.0	1	18 3
49	63	0.0	1	55 8
50	20	0.0	1	14 6
51	54	0.0	1	47 7
52	30	0.0	1	21 9
53	44	0.0	1	35 9
54	90	0.0	1	72 18
55	47	0.0	1	42 5
56	27	0.0	1	24 3
57	44	0.0	1	41 3
58	38	0.0	1	33 5
59	54	0.0	1	51 3
60	34	0.0	1	31 3
61	36	0.0	1	31 5
62	31	0.0	1	28 3
63	28	0.0	1	25 3
64	26	0.0	1	24 2
65	29	0.0	1	27 2
66	45	0.0	1	38 7
67	21	0.0	1	15 6
68	30	0.0	1	24 6
69	54	0.0	1	46 8
70	58	0.0	1	52 6
71	70	0.0	1	57 13
72	110	0.0	1	91 19
73	212	0.0	1	164 48
74	310	0.0	1	236 74
75	743	0.0	1	530 213
76	1695	0.0	1	1455 240
77	1456	0.0	1	1230 226
78	888	0.0	1	706 182
79	559	0.0	1	473 86
80	395	0.0	1	319 76
81	286	0.0	1	236 50
82	215	0.0	1	165 50
83	151	0.0	1	121 30
84	135	0.0	1	106 29
85	110	0.0	1	83 27
86	106	0.0	1	85 21
87	103	0.0	1	83 20
88	83	0.0	1	58 25
89	74	0.0	1	56 18
90	67	0.0	1	47 20
91	62	0.0	1	50 12
92	53	0.0	1	42 11
93	61	0.0	1	44 17
94	264	0.0	1	247 17
95	77	0.0	1	65 12
96	98	0.0	1	86 12
97	70	0.0	1	63 7
98	50	0.0	1	38 12
99	41	0.0	1	36 5
100	29	0.0	1	24 5
101	35	0.0	1	28 7
102	38	0.0	1	30 8
103	24	0.0	1	18 6
104	24	0.0	1	19 5
105	61	0.0	1	50 11
106	40	0.0	1	25 15
107	27	0.0	1	23 4
108	24	0.0	1	17 7
109	36	0.0	1	19 17
110	24	0.0	1	13 11
111	43	0.0	1	34 9
112	23	0.0	1	13 10
113	31	0.0	1	22 9
114	27	0.0	1	18 9
115	16	0.0	1	12 4
116	22	0.0	1	14 8
117	46	0.0	1	36 10
118	16	0.0	1	12 4
119	14	0.0	1	7 7
120	19	0.0	1	7 12
121	12	0.0	1	8 4
122	8	0.0	1	4 4
123	29	0.0	1	24 5
124	18	0.0	1	7 11
125	17	0.0	1	6 11
126	14	0.0	1	8 6
127	25	0.0	1	20 5
128	14	0.0	1	10 4
129	22	0.0	1	14 8
130	13	0.0	1	8 5
131	24	0.0	1	15 9
132	12	0.0	1	3 9
133	37	0.0	1	23 14
134	23	0.0	1	13 10
135	20	0.0	1	11 9
136	20	0.0	1	9 11
137	8	0.0	1	3 5
138	14	0.0	1	9 5
139	21	0.0	1	4 17
140	13	0.0	1	6 7
141	40	0.0	1	33 7
142	12	0.0	1	4 8
143	22	0.0	1	13 9
144	11	0.0	1	4 7
145	19	0.0	1	5 14
146	32	0.0	1	23 9
147	57	0.0	1	44 13
148	14	0.0	1	3 11
149	14	0.0	1	9 5
150	17	0.0	1	6 11
151	34	0.0	1	27 7
152	17	0.0	1	9 8
153	43	0.0	1	38 5
154	40	0.0	1	31 9
155	23	0.0	1	17 6
156	82	0.0	1	75 7
157	48	0.0	1	34 14
158	33	0.0	1	27 6
159	55	0.0	1	49 6
160	84	0.0	1	77 7
161	37	0.0	1	29 8
162	59	0.0	1	50 9
163	28	0.0	1	23 5
164	53	0.0	1	44 9
165	32	0.0	1	22 10
166	50	0.0	1	45 5
167	52	0.0	1	43 9
168	54	0.0	1	48 6
169	35	0.0	1	26 9
170	39	0.0	1	30 9
171	21	0.0	1	11 10
172	48	0.0	1	42 6
173	31	0.0	1	20 11
174	24	0.0	1	19 5
175	56	0.0	1	46 10
176	44	0.0	1	36 8
177	29	0.0	1	23 6
178	19	0.0	1	10 9
179	19	0.0	1	11 8
180	29	0.0	1	22 7
181	23	0.0	1	20 3
182	8	0.0	1	2 6
183	10	0.0	1	6 4
184	13	0.0	1	10 3
185	63	0.0	1	53 10
186	13	0.0	1	8 5
187	14	0.0	1	7 7
188	5	0.0	1	3 2
189	5	0.0	1	4 1
190	19	0.0	1	14 5
191	6	0.0	1	2 4
192	24	0.0	1	20 4
193	19	0.0	1	11 8
194	3	0.0	1	2 1
195	7	0.0	1	5 2
196	5	0.0	1	0 5
197	5	0.0	1	2 3
198	6	0.0	1	5 1
199	5	0.0	1	3 2
200	7	0.0	1	4 3
201	4	0.0	1	4
202	4	0.0	1	2 2
203	9	0.0	1	6 3
204	3	0.0	1	0 3
205	4	0.0	1	1 3
206	4	0.0	1	4
207	4	0.0	1	4
208	13	0.0	1	9 4
209	11	0.0	1	11
210	13	0.0	1	10 3
211	8	0.0	1	8
212	8	0.0	1	8
213	8	0.0	1	6 2
214	10	0.0	1	9 1
215	6	0.0	1	6
216	2	0.0	1	1 1
217	6	0.0	1	4 2
218	2	0.0	1	0 2
219	5	0.0	1	0 5
220	1	0.0	1	1
221	2	0.0	1	1 1
223	1	0.0	1	0 1
224	3	0.0	1	1 2
225	5	0.0	1	3 2
226	1	0.0	1	0 1
227	3	0.0	1	0 3
228	3	0.0	1	0 3
229	2	0.0	1	2
230	6	0.0	1	2 4
233	1	0.0	1	0 1
236	3	0.0	1	1 2
237	3	0.0	1	1 2
240	1	0.0	1	0 1
241	3	0.0	1	0 3
242	1	0.0	1	1
243	2	0.0	1	0 2
244	1	0.0	1	0 1
245	3	0.0	1	0 3
246	4	0.0	1	0 4
247	5	0.0	1	0 5
248	10	0.0	1	0 10
249	16	0.0	1	0 16
250	44	0.0	1	0 44
251	584	0.0	1	0 584

RUN STATISTICS FOR INPUT FILE: SC2280/host_removal/SC2280_R1.fastq.gz
=============================================
698814 sequences processed in total

