ks_quality_p_value	fisher_strand_p_value	bias_p_value	bias_e_value
0.995721	1	0.999991	29902.7
0.989848	1	0.999948	29901.5
0.0852633	1	0.295183	8826.84
0.99989	1	1	29903
0.793341	1	0.977001	29215.3
0.740765	1	0.963048	28798
0.497449	1	0.844799	25262
0.967132	1	0.999454	29886.7
0.726216	1	0.958538	28663.2
0.999996	1	1	29903
1	0.889703	0.99368	29714
0.995894	1	0.999992	29902.7
0.857187	1	0.989279	29582.4
0.0322368	1	0.142959	4274.89
0.901192	1	0.994949	29752
0.901271	1	0.994958	29752.2
0.489183	0.630268	0.671091	20067.6
0.582694	0.747851	0.797737	23854.7
0.89784	0.873902	0.974935	29153.5
0.523656	0.873902	0.815352	24381.5
0.688964	0.873902	0.907558	27138.7
0.154064	0.873902	0.404607	12099
0.752594	0.873902	0.933278	27907.8
0.995365	0.891216	0.993371	29704.8
0.41636	1	0.781177	23359.5
0.859243	1	0.989593	29591.8
0.951619	0.882934	0.986495	29499.1
0.874979	0.882934	0.971913	29063.1
0.898653	0.819738	0.961804	28760.8
0.996875	1	0.999995	29902.9
0.00187421	1	0.0136434	407.979
0.0782581	1	0.27764	8302.26
0.441524	1	0.80248	23996.6
0.31024	1	0.673347	20135.1
1	1	1	29903
1	1	1	29903
0.682195	1	0.943094	28201.3
0.334895	1	0.70125	20969.5
0.798374	0.00923452	0.043572	1302.93
0.40166	0.104973	0.175662	5252.82
0.979641	1.6643e-60	2.26084e-58	6.76058e-54
0.280612	3.5327e-11	2.61085e-10	7.80722e-06
0.249996	3.89572e-08	1.89398e-07	0.00566357
0.999933	0.000126725	0.00126382	37.7919
0.995915	0.000127315	0.00126452	37.813
0.999364	0.000127098	0.00126651	37.8725
0.100567	0.000127076	0.000156776	4.68807
0.910675	0.000127334	0.00116682	34.8915
0.988965	0.00016561	0.00159147	47.5896
0.999434	0.000182035	0.00174871	52.2916
0.660817	0.000165265	0.00110545	33.0563
1	0.000165751	0.00160862	48.1024
0.999267	5.41642e-14	1.70749e-12	5.10591e-08
0.530262	2.96692e-15	5.51983e-14	1.65059e-09
0.0731447	1	0.264441	7907.58
1	1	1	29903
0.999999	1	1	29903
0.659931	1	0.934211	27935.7
0.999999	1	1	29903
0.938764	1	0.998086	29845.8
0.99999	0.0468467	0.190237	5688.66
0.754948	1	0.967169	28921.2
0.99659	0.0783602	0.277219	8289.68
0.011471	1.57829e-23	1.04954e-23	3.13844e-19
0.00349994	3.74675e-24	7.94622e-25	2.37616e-20
0.00519164	6.07085e-23	1.80964e-23	5.41137e-19
1	1.49767e-31	1.07797e-29	3.22345e-25
0.312701	1	0.676218	20220.9
4.16473e-09	0.393797	3.4816e-08	0.0010411
1	0.875078	0.99185	29659.3
1	0.496477	0.844119	25241.7
0.996992	0.721669	0.956358	28598
0.771786	0.893275	0.945817	28282.8
1.53218e-09	5.46145e-22	5.87894e-29	1.75798e-24
0.492881	0.725883	0.725514	21695
0.999872	0.410774	0.776198	23210.7
0.0222406	0.525388	0.0636765	1904.12
0.999998	1	1	29903
0.0353221	0.526784	0.0927417	2773.26
0.0797797	0.636524	0.202122	6044.07
0.0175229	5.1181e-06	1.54498e-06	0.0461996
0.999998	7.35184e-21	3.48177e-19	1.04115e-14
1	1.74785e-10	4.10175e-09	0.000122655
0.982213	2.71351e-25	1.53477e-23	4.58941e-19
0.537051	0.0006757	0.00323745	96.8096
0.999861	6.28708e-61	8.77676e-59	2.62452e-54
3.9385e-18	0.632705	1.03498e-16	3.0949e-12
0.967859	1	0.999478	29887.4
0.999997	1	1	29903
0.996254	1	0.999993	29902.8
0.738721	1	0.962432	28779.6
1	7.64141e-15	2.56027e-13	7.65597e-09
1	3.3269e-16	1.21895e-14	3.64504e-10
1	1.54792e-15	5.43347e-14	1.62477e-09
0.935762	1.16307e-30	7.6177e-29	2.27792e-24
1	3.34161e-08	6.08648e-07	0.0182004
0.999998	4.14325e-09	8.41153e-08	0.0025153
0.218056	1	0.550156	16451.3
0.826045	1	0.983907	29421.8
0.999995	1	1	29903
0.912702	0.485213	0.803566	24029
1	0.220496	0.553859	16562
0.999918	1	1	29903
0.998156	1	0.999998	29902.9
0.999987	1.11395e-10	2.6643e-09	7.96706e-05
0.247494	0.0218152	0.0335908	1004.46
0.884246	0.741396	0.932387	27881.2
1	0	0	0
0.872164	1	0.991457	29647.5
0.922006	1	0.996876	29809.6
0.59908	0.734608	0.801304	23961.4
0.691341	0.734452	0.85189	25474.1
0.229581	0.23254	0.20982	6274.24
0.338294	0.233056	0.279124	8346.63
0.401642	0.233056	0.315325	9429.16
0.429871	0.232591	0.330222	9874.62
0.738544	1	0.962378	28778
0.982691	0.590886	0.8963	26802.1
0.89649	1	0.994448	29737
0.791197	1	0.976502	29200.3
0.526987	1	0.864564	25853
0.642033	0.611212	0.759497	22711.2
1	1	1	29903
0.253157	1	0.60093	17969.6
0.412371	1	0.777662	23254.4
0.956969	0.0750499	0.260966	7803.66
0.793839	1	0.977116	29218.7
0.0103181	1	0.0575115	1719.77
0.0798562	1	0.281695	8423.53
0.465882	1	0.821734	24572.3
0.607771	1	0.910415	27224.1
0.63444	1	0.923118	27604
0.476193	1	0.829496	24804.4
0.90697	4.76031e-19	1.86887e-17	5.58849e-13
0.926896	1	0.99726	29821.1
0.697193	1	0.948666	28368
0.999995	0.662694	0.935353	27969.8
0.645698	1	0.928141	27754.2
1	9.45433e-06	0.000118832	3.55343
0.999993	0.000317454	0.00287458	85.9587
0.999871	6.52866e-13	1.89682e-11	5.67207e-07
0.00999108	8.65123e-37	7.66196e-37	2.29116e-32
0.959287	1.42745e-34	1.08141e-32	3.23375e-28
0.624985	7.60327e-11	1.17705e-09	3.51973e-05
0.362397	1.36357e-34	3.95287e-33	1.18203e-28
0.412172	1.48597e-51	7.2837e-50	2.17805e-45
1	1.73823e-50	2.00898e-48	6.00747e-44
1	1.02493e-49	1.16639e-47	3.48784e-43
0.934228	1	0.997788	29836.9
0.995895	1	0.999992	29902.7
0.995184	1	0.999988	29902.7
0.978418	1	0.999765	29896
0.816779	1	0.982084	29367.3
0.628943	1	0.920593	27528.5
0.381875	0.740724	0.640061	19139.7
5.21068e-05	1	0.000565995	16.9249
0.000153875	0.873007	0.00133195	39.8292
0.477309	1	0.830323	24829.1
0.999998	1	1	29903
0.395943	4.63287e-18	7.67491e-17	2.29503e-12
0.999554	0.671832	0.938932	28076.9
0.888839	1	0.993579	29711
0.963833	1	0.999338	29883.2
0.983039	1	0.999855	29898.7
0.830462	1	0.98474	29446.7
0.999999	1	1	29903
0.834527	1	0.985485	29468.9
0.749361	1	0.965577	28873.7
0.00455369	0.187332	0.00688131	205.772
0.258048	0.213759	0.214988	6428.77
0.477155	1	0.830208	24825.7
0.723034	1	0.957513	28632.5
0.995433	0.0083634	0.0481902	1441.03
0.999971	3.13747e-09	6.4567e-08	0.00193075
0.769858	0.597145	0.816983	24430.2
0.769858	0.597145	0.816983	24430.2
0.874713	0.615371	0.871674	26065.7
0.466995	1	0.822582	24597.7
0.975218	1	0.99969	29893.7
0.899701	1	0.994793	29747.3
0.996479	1	0.999994	29902.8
0.759517	1	0.968439	28959.2
1	1	1	29903
1	1	1	29903
1	1	1	29903
0.999998	1	1	29903
1	1	1	29903
0.999998	1	1	29903
1	0.123851	0.382535	11438.9
0.999999	7.38196e-07	1.11608e-05	0.333742
0.833114	0.332178	0.632264	18906.6
0.630106	2.61912e-08	3.12236e-07	0.0093368
0.958774	1	0.999138	29877.2
0.987172	1	0.999917	29900.5
0.998268	0.725082	0.95777	28640.2
1	0.182216	0.492451	14725.8
0.908658	1	0.995695	29774.3
0.987714	1	0.999924	29900.7
1	0.053511	0.210184	6285.14
0.158029	1	0.449589	13444.1
0.519823	1	0.859926	25714.4
0.396895	1	0.763659	22835.7
0.543527	1	0.874902	26162.2
0.741569	0.626874	0.820959	24549.1
0.999994	0.00153283	0.0114665	342.882
0.980212	1	0.999803	29897.1
0.764411	1	0.96977	28999
0.554476	3.09826e-103	4.08219e-101	1.2207e-96
0.267824	1.52281e-101	9.56224e-100	2.8594e-95
0.992974	2.21597e-104	5.27393e-102	1.57706e-97
0.867243	0.62948	0.876351	26205.5
0.793449	0.629467	0.846192	25303.7
0.910886	0.253624	0.569527	17030.6
1	0.783481	0.974657	29145.2
1	0.0105638	0.0586326	1753.29
0.170812	1	0.47267	14134.3
0.967645	0.81265	0.975354	29166
1	1	1	29903
0.958827	1	0.999141	29877.3
0.486956	1	0.837361	25039.6
0.401667	1	0.768041	22966.7
0.256868	0.663542	0.472017	14114.7
0.987097	1	0.999916	29900.5
0.447276	1	0.807145	24136
0.999957	1	1	29903
0.562465	1	0.886122	26497.7
0.379717	1	0.747408	22349.7
0.558383	1	0.883758	26427
1	1	1	29903
1	1	1	29903
1	7.60026e-06	9.7187e-05	2.90618
0.721672	0.0155814	0.0617091	1845.29
0.02543	0.000273811	8.96482e-05	2.68075
0.849879	0.00788584	0.0402479	1203.53
0.66138	0.000251591	0.00161424	48.2707
0.989702	0.00602661	0.0365145	1091.89
1	5.58923e-12	1.50407e-10	4.49762e-06
0.906005	1	0.995437	29766.6
0.696553	1	0.948435	28361
0.998764	0.801244	0.978571	29262.2
0.877015	0.00755991	0.0398879	1192.77
0.0138506	7.66163e-06	1.81023e-06	0.0541314
0.00428928	7.66632e-06	5.99468e-07	0.0179259
0.077429	7.71542e-06	9.15851e-06	0.273867
0.0468047	7.6966e-06	5.70489e-06	0.170593
0.0311406	7.70121e-06	3.89549e-06	0.116487
0.04032	7.68767e-06	4.95538e-06	0.148181
0.112372	7.69668e-06	1.29393e-05	0.386925
0.162069	7.69211e-06	1.8195e-05	0.544084
0.0813514	3.84972e-06	5.00352e-06	0.14962
0.0834542	3.85227e-06	5.12783e-06	0.153338
0.0610922	3.88771e-06	3.86025e-06	0.115433
0.0618002	3.86019e-06	3.87628e-06	0.115913
0.124067	3.88481e-06	7.49252e-06	0.224049
0.0847992	3.89373e-06	5.25775e-06	0.157222
0.860386	0.702023	0.908531	27167.8
0.0932544	3.98023e-06	5.867e-06	0.175441
0.117763	7.99501e-06	1.40058e-05	0.418815
0.131881	8.08445e-06	1.57278e-05	0.470307
0.140455	8.06197e-06	1.66355e-05	0.49745
0.0916873	8.17276e-06	1.13181e-05	0.338444
0.0792681	4.08197e-06	5.15896e-06	0.154268
0.0102406	4.25631e-06	7.82327e-07	0.0233939
0.0404074	8.45888e-06	5.4309e-06	0.1624
0.649499	0.40733	0.616342	18430.5
0.146641	1	0.428158	12803.2
0.0884801	1	0.303042	9061.87
0.999949	1	1	29903
0.969583	3.82435e-06	5.00769e-05	1.49745
0.664234	0.000821101	0.00464355	138.856
0.92611	0.686201	0.923598	27618.4
0.99781	1	0.999998	29902.9
0.901398	1	0.994971	29752.6
0.822883	1	0.983297	29403.5
0.405641	1	0.771646	23074.5
0.794918	1	0.977365	29226.1
0.764459	1	0.969783	28999.4
0.844865	1	0.987291	29523
0.91508	1	0.996288	29792
0.672324	1	0.939247	28086.3
0.851045	1	0.98831	29553.4
0.980171	1	0.999802	29897.1
1	0.610067	0.911554	27258.2
0.914061	0.0556878	0.202481	6054.79
0.944451	1	0.998428	29856
0.330633	1	0.69656	20829.2
1	1	1	29903
1	1	1	29903
1	6.35885e-12	1.70297e-10	5.0924e-06
0.390964	0.0407128	0.0818203	2446.67
0.107808	1.90673e-14	7.15729e-14	2.14025e-09
0.437507	1.43244e-08	1.24638e-07	0.00372706
0.901312	0.0168763	0.0788796	2358.74
0.999999	0.0814281	0.285652	8541.86
0.995768	0.0178353	0.0893463	2671.72
0.998348	1.24221e-05	0.000152511	4.56054
0.998919	5.8082e-06	7.57576e-05	2.26538
0.583156	1.49158e-08	1.70139e-07	0.00508766
0.88442	0.238113	0.538658	16107.5
0.150278	0.619533	0.314132	9393.48
0.999902	0.000205496	0.00195	58.3109
0.987491	0.689826	0.942711	28189.9
0.794483	0.828419	0.933475	27913.7
0.981764	1	0.999833	29898
0.707103	1	0.95217	28472.7
0.511419	1	0.854359	25547.9
0.8177	1	0.98227	29372.8
0.834217	1	0.985429	29467.3
1	0.119218	0.372771	11147
0.11696	0.614312	0.261043	7805.96
0.616276	5.07306e-07	4.99543e-06	0.149378
0.965472	3.2797e-05	0.000359719	10.7567
0.769725	1	0.971179	29041.2
0.849556	1	0.988069	29546.2
0.0217186	0.00117755	0.000295999	8.85127
0.45075	6.2016e-05	0.000321047	9.60028
0.991084	8.96012e-06	0.000112172	3.35429
0.642325	0.309773	0.520235	15556.6
0.976392	0.0539139	0.20763	6208.76
0.999998	0.00756436	0.0445109	1331.01
0.104608	0.118736	0.0669278	2001.34
0.999636	1	1	29903
0.125851	0.809141	0.334459	10001.3
0.551809	1	0.879889	26311.3
0.999999	0.884108	0.993009	29693.9
0.944505	1.56878e-11	3.84287e-10	1.14913e-05
0.674336	1.99328e-11	3.49916e-10	1.04635e-05
0.998954	1.8998e-13	5.74904e-12	1.71913e-07
1	3.57934e-11	8.96741e-10	2.68152e-05
0.915577	1.17506e-18	4.55878e-17	1.36321e-12
0.941659	2.44983e-05	0.000269378	8.0552
0.999996	7.7802e-07	1.1722e-05	0.350523
0.810745	0.00510826	0.0268646	803.332
0.7467	0.14752	0.353138	10559.9
0.999999	0.479908	0.832237	24886.4
0.885062	1.14089e-06	1.49503e-05	0.44706
0.999999	1.25586e-05	0.000154284	4.61356
0.0651134	1	0.242979	7265.8
0.580269	0.484439	0.637835	19073.2
0.996863	0.823315	0.982875	29390.9
0.469392	1	0.824401	24652.1
0.258052	2.88402e-07	1.29596e-06	0.0387531
0.103849	3.13478e-12	9.68601e-12	2.89641e-07
0.555528	1	0.882088	26377.1
0.941996	1	0.998284	29851.7
0.758869	1	0.968261	28953.9
1	1.01534e-111	2.60508e-109	7.78998e-105
0.085788	1	0.296473	8865.43
0.0528735	0.632186	0.147021	4396.37
1	0.406921	0.772799	23109
0.112424	1	0.358123	10709
0.999995	1	1	29903
0.944359	1	0.998422	29855.8
0.660858	1	0.934596	27947.2
0.457906	1	0.815572	24388.1
0.959922	1	0.999186	29878.7
0.548002	1	0.877612	26243.2
0.0702237	0.629449	0.182068	5444.38
0.83803	1	0.986111	29487.7
0.999988	1	1	29903
1	1	1	29903
9.33064e-07	0.63077	9.03163e-06	0.270073
0.869946	1	0.99115	29638.4
0.999979	1	1	29903
0.998449	0.404686	0.770214	23031.7
0.891247	1	0.99386	29719.4
0.0733078	1.8506e-07	2.59329e-07	0.00775472
1	0.4058	0.771789	23078.8
0.198033	0.83807	0.464036	13876.1
0.707246	0.787833	0.883063	26406.2
0.047581	0.895738	0.177105	5295.96
0.0830031	1	0.289588	8659.54
0.602575	1	0.907805	27146.1
0.999783	0.41916	0.783542	23430.2
0.574325	1	0.892823	26698.1
0.541993	1	0.873965	26134.2
0.999982	1	1	29903
0.755099	1	0.967211	28922.5
0.991186	1	0.999961	29901.8
0.819527	1	0.982636	29383.8
0.224858	1	0.56041	16757.9
0.938509	1	0.998069	29845.3
0.999986	0.499378	0.846137	25302
0.712224	1	0.953926	28525.3
0.437828	1	0.799443	23905.7
0.556232	1	0.882501	26389.4
0.429743	1	0.79269	23703.8
0.591512	1	0.902099	26975.5
0.61333	1	0.913158	27306.2
0.496097	1	0.843853	25233.7
0.580186	1	0.896043	26794.4
0.992373	0.0607398	0.229582	6865.19
0.109735	1	0.352215	10532.3
0.509293	1	0.852929	25505.1
0.927388	0.649689	0.907774	27145.2
0.347971	3.67912e-13	3.92858e-12	1.17476e-07
0.999997	0.745406	0.964425	28839.2
0.325077	1	0.690364	20643.9
0.99997	0.405505	0.771512	23070.5
0.882899	0.266218	0.575384	17205.7
0.994207	0.400839	0.765154	22880.4
0.570664	0.421651	0.583393	17445.2
0.941159	0.0151193	0.0747403	2234.96
0.0780039	0.422198	0.145343	4346.19
0.0121849	1	0.0658906	1970.33
0.384842	0.421629	0.457339	13675.8
0.0845454	0.422019	0.154607	4623.2
0.996275	1	0.999993	29902.8
0.946519	0.264193	0.596662	17842
0.990348	1	0.999953	29901.6
0.424258	0.623141	0.616093	18423
0.290975	1	0.650189	19442.6
0.898318	0.116217	0.340294	10175.8
0.825566	1	0.983816	29419
0.525807	1	0.863807	25830.4
0.43831	1	0.799841	23917.6
0.882487	1	0.992808	29687.9
0.986092	1	0.999903	29900.1
0.94787	1	0.998617	29861.6
0.269469	1	0.622824	18624.3
0.988526	0.235475	0.572084	17107
1	1.50307e-07	2.51172e-06	0.0751079
0.999992	1	1	29903
1	1	1	29903
1	0.511176	0.854196	25543
0.971354	1	0.999586	29890.6
1	1	1	29903
1	0.139261	0.413801	12373.9
1	0.134162	0.403653	12070.4
0.943554	0.129066	0.378193	11309.1
0.847657	1	0.987757	29536.9
0.900434	0.129281	0.366763	10967.3
0.853624	1	0.988722	29565.8
0.805467	0.146807	0.370704	11085.2
0.316112	0.152614	0.194492	5815.89
0.70231	1	0.950493	28422.6
0.0506953	1	0.201865	6036.36
0.155832	1	0.445521	13322.4
0.955272	1	0.998984	29872.6
0.933884	1	0.997765	29836.2
0.760429	1	0.96869	28966.7
0.541775	1	0.873831	26130.2
0.741781	0.271483	0.524106	15672.3
0.999969	0.272689	0.627016	18749.7
1	0.642315	0.926653	27709.7
0.00573316	0.49025	0.0193215	577.772
0.999976	1	1	29903
0.848712	1	0.987931	29542.1
0.668265	1	0.937623	28037.7
0.749716	1	0.96568	28876.7
0.418184	1	0.782771	23407.2
0.014672	1.06614e-10	4.40858e-11	1.3183e-06
0.281538	0.906364	0.603695	18052.3
0.989552	0.893125	0.99297	29692.8
0.976577	0.425119	0.780124	23328.1
0.991997	0.62302	0.915439	27374.4
0.690143	1	0.946087	28290.8
0.98279	0.347104	0.708013	21171.7
0.999305	3.03646e-36	2.51193e-34	7.51142e-30
0.419981	0.0283001	0.0645673	1930.75
0.997081	0.0765053	0.27258	8150.95
0.780628	6.80658e-08	9.43153e-07	0.0282031
0.995335	3.22288e-13	9.54911e-12	2.85547e-07
1	0.0029848	0.0203391	608.199
1	2.76243e-12	7.62842e-11	2.28113e-06
1	1.43551e-14	4.71918e-13	1.41118e-08
0.999997	2.12731e-05	0.00025013	7.47962
0.659522	5.0503e-15	1.14364e-13	3.41984e-09
0.999921	1	1	29903
0.999998	1	1	29903
0.999998	2.13611e-12	5.95377e-11	1.78036e-06
0.50649	8.56418e-37	3.67523e-35	1.09901e-30
0.997054	0.00462308	0.0294067	879.349
0.884895	0.318791	0.639092	19110.8
0.999996	1.45071e-21	7.10586e-20	2.12487e-15
0.999994	9.65917e-14	2.99126e-12	8.94477e-08
0.999996	8.69259e-10	1.90049e-08	0.000568303
0.99868	1.82132e-21	8.86833e-20	2.6519e-15
0.999995	1.1146e-31	8.05537e-30	2.4088e-25
1	3.8898e-11	9.71286e-10	2.90444e-05
0.999992	1.30143e-07	2.19349e-06	0.065592
0.987927	3.75255e-10	8.42122e-09	0.00025182
0.991504	1.06335e-37	9.08214e-36	2.71583e-31
0.510122	4.85024e-30	1.71145e-28	5.11775e-24
2.55153e-05	2.6931e-10	2.30962e-13	6.90645e-09
0.980329	1	0.999805	29897.2
1	1	1	29903
0.904278	0.502164	0.81258	24298.6
0.00120002	0.502231	0.00507108	151.641
0.0893892	0.502231	0.18422	5508.74
0.674715	0.404507	0.627336	18759.2
0.512535	0.404507	0.533543	15954.5
0.999941	0.272328	0.626537	18735.3
0.0379583	0.698279	0.122731	3670.03
0.964887	1	0.999376	29884.3
0.998951	0.297644	0.657967	19675.2
1	0.711765	0.95377	28520.6
0.889064	1	0.993606	29711.8
1	0.154525	0.443084	13249.5
1	0.929477	0.997453	29826.8
0.021565	4.7792e-21	5.32083e-21	1.59109e-16
0.290675	1.52752e-07	7.96115e-07	0.0238062
0.734184	1	0.961044	28738.1
1.32888e-14	1	4.37892e-13	1.30943e-08
0.000800064	1	0.00650518	194.524
0.609068	1	0.911059	27243.4
0.423788	1	0.787619	23552.2
0.962513	1	0.999288	29881.7
1	1	1	29903
0.185644	1	0.498254	14899.3
0.999734	0.630231	0.921112	27544
1	1	1	29903
0.667757	1	0.937418	28031.6
0.575603	1	0.89353	26719.2
0.999999	1	1	29903
0.997928	0.365235	0.732342	21899.2
0.0166204	1	0.0847162	2533.27
0.00574636	1	0.0353929	1058.35
0.0139425	1	0.0735162	2198.35
0.0154254	1	0.0797761	2385.55
0.0296107	1	0.133829	4001.89
1	1	1	29903
0.362815	0.199332	0.262281	7842.99
0.999956	1	1	29903
0.666078	0.127393	0.294173	8796.65
0.99998	1	1	29903
0.987146	0.0554581	0.213784	6392.78
0.999981	0.0863283	0.297794	8904.93
1	5.5637e-06	7.28802e-05	2.17934
0.999999	0.47389	0.827781	24753.1
1	0.0244791	0.115295	3447.67
0.0130671	0.893912	0.0636584	1903.58
0.999981	0.92702	0.997268	29821.3
0.00913434	0.653922	0.0365585	1093.21
0.0608767	0.94474	0.221754	6631.12
0.999701	0.698388	0.949021	28378.6
0.994115	0.891586	0.993281	29702.1
0.963676	1	0.999332	29883
0.0267514	1	0.123623	3696.69
0.0150933	4.48726e-17	2.90118e-17	8.67541e-13
1	0.402627	0.768915	22992.9
0.99356	0.721668	0.955538	28573.5
0.8972	0.617986	0.881457	26358.2
0.0479803	0.0300204	0.0108646	324.885
0.904016	1	0.995239	29760.6
0.870945	0.393488	0.709704	21222.3
0.768559	1	0.970873	29032
0.790055	1	0.976234	29192.3
0.909369	1	0.995763	29776.3
0.65912	1	0.933874	27925.6
0.503837	1	0.849219	25394.2
0.806017	1	0.979835	29300
0.877364	1	0.992152	29668.3
0.762491	1	0.969252	28983.5
0.732505	1	0.960523	28722.5
0.799282	1	0.978354	29255.7
0.661928	1	0.935038	27960.5
0.654408	0.813159	0.867838	25951
1	1	1	29903
0.998804	0.0667949	0.247334	7396.03
0.742771	1.60156e-06	1.74179e-05	0.520849
0.872571	0.610281	0.868075	25958.1
0.132194	0.00017767	0.000273834	8.18846
0.583666	2.17798e-09	2.73099e-08	0.000816647
1	3.26641e-12	8.96543e-11	2.68093e-06
0.425023	0.000364414	0.00151366	45.2629
0.55805	0.168189	0.315924	9447.06
0.0377776	1.26434e-08	1.07288e-08	0.000320822
0.843123	1.63477e-05	0.000168045	5.02505
0.131625	4.80117e-09	1.40181e-08	0.000419184
1	0.00230507	0.016303	487.507
0.0861237	0.0220084	0.0137767	411.963
0.0227357	9.79847e-06	3.63504e-06	0.108699
0.00528882	9.76603e-06	9.18288e-07	0.0274596
7.44675e-05	2.47894e-05	3.89696e-08	0.00116531
0.00415355	0.269199	0.00871706	260.666
2.16604e-07	0.27176	1.03884e-06	0.0310645
1.12683e-05	0.118026	1.93247e-05	0.577866
3.1955e-06	0.271403	1.29725e-05	0.387917
0.000744525	0.27568	0.00194809	58.2537
0.190628	0.275623	0.207336	6199.97
5.27604e-05	0.0520252	3.78951e-05	1.13318
0.132221	0.0241013	0.0215063	643.102
0.00925722	0.0239976	0.00209092	62.5247
1.51576e-08	4.14049e-21	4.13828e-27	1.23747e-22
4.38892e-05	2.00798e-29	6.79575e-32	2.03213e-27
0.00361924	3.88765e-29	1.01361e-29	3.03099e-25
0.000243776	3.35242e-30	6.30804e-32	1.88629e-27
0.98821	1	0.99993	29900.9
0.00377351	0.948762	0.0237449	710.044
0.999988	0.408345	0.774072	23147.1
0.779974	0.94722	0.962457	28780.4
0.999951	1	1	29903
1	0.521592	0.861081	25748.9
0.631141	1	0.921608	27558.9
0.0122743	0.728231	0.051105	1528.19
0.00131972	0.776321	0.00807688	241.523
0.948465	1	0.998649	29862.6
0.994689	1	0.999986	29902.6
1	1.46313e-48	1.62618e-46	4.86276e-42
0.960818	1.63334e-05	0.000189298	5.66058
0.246996	2.07332e-16	1.97213e-15	5.89727e-11
0.888869	7.72959e-16	2.46751e-14	7.3786e-10
0.946328	2.20903e-08	3.90569e-07	0.0116792
0.58994	1	0.901272	26950.7
0.302633	1	0.664351	19866.1
0.999917	0.00913485	0.0520254	1555.72
0.999959	0.644353	0.92754	27736.2
0.523454	1.01718e-14	1.80322e-13	5.39216e-09
0.935279	7.07139e-13	1.92092e-11	5.74412e-07
0.83267	7.39856e-08	1.08441e-06	0.0324272
0.993307	1.19501e-09	2.55823e-08	0.000764988
0.715143	7.19784e-08	9.15335e-07	0.0273713
0.0234807	0.00155664	0.000409986	12.2598
0.896252	6.89623e-07	9.4545e-06	0.282718
0.103383	0.131621	0.0720802	2155.41
0.950918	0.136435	0.394694	11802.5
0.999998	4.32869e-05	0.000478218	14.3001
0.0169225	0.138719	0.01656	495.195
0.428807	0.0315346	0.0717142	2144.47
0.56227	0.351127	0.517732	15481.8
0.999994	8.31195e-10	1.82098e-08	0.000544529
0.27766	1	0.633441	18941.8
0.81214	0.853079	0.947074	28320.4
0.999861	0.397439	0.764111	22849.2
0.406309	0.845838	0.710737	21253.2
0.160317	0.476685	0.272937	8161.63
0.772351	1	0.971862	29061.6
0.999998	1	1	29903
0.80092	1	0.97872	29266.7
0.975345	1	0.999694	29893.8
0.979153	1	0.999781	29896.5
1	0.0299242	0.134931	4034.84
0.999859	3.72319e-05	0.000416882	12.466
0.999271	1	1	29903
1	0.732238	0.96044	28720
0.368922	1	0.7368	22032.5
0.960715	0.00276507	0.0184112	550.55
1	0.00327378	0.0220057	658.038
0.196975	1.00441e-05	2.79617e-05	0.836138
0.72891	5.83669e-18	1.74425e-16	5.21584e-12
0.243497	2.13629e-69	8.35054e-68	2.49706e-63
0.999997	2.39806e-61	3.37126e-59	1.00811e-54
0.356856	0.000325052	0.00116715	34.9013
0.944453	0.00435028	0.0266842	797.937
0.563051	1	0.886459	26507.8
0.978547	1	0.999768	29896.1
0.475374	0.769091	0.733478	21933.2
0.939717	0.755042	0.953005	28497.7
0.73306	1	0.960695	28727.7
0.671463	0.864165	0.896081	26795.5
0.996449	1	0.999994	29902.8
0.576879	1	0.894233	26740.3
0.65472	0.28711	0.502168	15016.3
0.789617	0.350393	0.63218	18904.1
0.883369	0.0297551	0.121929	3646.03
0.407486	0.346556	0.417643	12488.8
0.772201	0.0476259	0.158246	4732.04
0.966531	2.23105e-18	8.98739e-17	2.6875e-12
1	1.50219e-07	2.51034e-06	0.0750668
0.701408	0.000644822	0.00393541	117.68
0.83726	7.72596e-08	1.13549e-06	0.0339544
0.850035	3.41115e-07	4.65487e-06	0.139195
0.725877	0.0476654	0.150989	4515.01
0.996296	0.544612	0.874333	26145.2
0.996296	0.544612	0.874333	26145.2
0.962243	0.211065	0.526847	15754.3
0.966751	0.544612	0.864255	25843.8
0.715529	8.89857e-06	8.25465e-05	2.46839
0.883831	0.39165	0.713377	21332.1
0.161784	0.895411	0.424733	12700.8
0.774364	1	0.972379	29077.1
0.825495	0.919172	0.968234	28953.1
0.999999	0.457762	0.815459	24384.7
1	0.929912	0.997484	29827.8
0.999999	0.710806	0.953444	28510.8
0.828881	0.639864	0.866721	25917.6
0.962649	1	0.999294	29881.9
0.954605	1	0.998954	29871.7
0.386136	1	0.75357	22534
0.946335	1	0.998534	29859.1
0.369043	1	0.73692	22036.1
0.17531	1	0.480559	14370.2
0.999996	1	1	29903
0.986581	1	0.99991	29900.3
1	0.408982	0.774646	23164.2
0.99994	1	1	29903
0.0118278	0.941417	0.061216	1830.54
0.0399642	0.942028	0.161112	4817.72
0.00605908	1	0.0369979	1106.35
0.991704	1	0.999965	29902
0.459238	0.00227494	0.00821583	245.678
0.542385	2.43487e-09	2.83212e-08	0.000846889
0.60164	0.00052795	0.00287606	86.003
0.856777	0.0646418	0.215634	6448.12
0.127182	5.21681e-09	1.46852e-08	0.000439132
0.411723	0.00851657	0.023329	697.608
0.834026	3.43878e-10	6.5885e-09	0.000197016
0.0602704	9.86295e-57	7.89229e-56	2.36003e-51
0.518498	3.28493e-35	1.3806e-33	4.12842e-29
0.927103	0.00103762	0.00764436	228.589
0.348643	7.16782e-40	2.30378e-38	6.88899e-34
0.769637	0.00391675	0.0205115	613.355
0.159112	6.79054e-25	6.3193e-24	1.88966e-19
1	3.19464e-33	2.4223e-31	7.24341e-27
0.785977	1	0.975262	29163.3
0.999998	1	1	29903
0.448291	1	0.807961	24160.5
1	0.702946	0.950717	28429.3
0.758059	1	0.968037	28947.2
1	1	1	29903
0.725401	1.50181e-14	3.61147e-13	1.07994e-08
0.389673	1.6456e-14	2.15975e-13	6.4583e-09
0.136804	1.65904e-14	7.87996e-14	2.35634e-09
0.124699	6.69664e-11	2.21365e-10	6.61947e-06
1	1	1	29903
0.999999	1	1	29903
1	1	1	29903
1	1	1	29903
0.48919	0.0324704	0.0816833	2442.58
0.969688	0.0139844	0.0718788	2149.39
0.511562	0.110051	0.218273	6527.02
0.816734	0.526142	0.792669	23703.2
0.864403	0.111037	0.320921	9596.51
0.965656	0.112757	0.350332	10476
0.747565	1	0.965057	28858.1
0.94434	0.0478354	0.185085	5534.6
0.815533	1	0.981831	29359.7
0.191882	1	0.508655	15210.3
0.971306	0.618282	0.906772	27115.2
0.758357	1	0.968119	28949.7
0.939456	0.618237	0.896381	26804.5
0.914319	3.64069e-13	9.89671e-12	2.95941e-07
1	1	1	29903
0.217164	0.610259	0.400359	11971.9
0.92792	0.837967	0.973191	29101.3
0.231687	1	0.570499	17059.6
0.565242	1	0.887713	26545.3
0.633049	0.501451	0.681695	20384.7
1	1	1	29903
0.361168	0.391835	0.418233	12506.4
0.999972	0.106672	0.345396	10328.4
0.999999	0.0733925	0.265089	7926.95
0.998076	1	0.999998	29902.9
0.612255	0.614219	0.743848	22243.3
0.999954	3.66801e-05	0.000411287	12.2987
1	0.588034	0.900263	26920.6
0.824883	1.81465e-11	3.88066e-10	1.16043e-05
0.935798	1	0.997893	29840
0.961298	2.2264e-23	1.13857e-21	3.40467e-17
0.874094	4.80025e-18	1.72083e-16	5.14579e-12
0.673939	3.60672e-10	5.6241e-09	0.000168177
0.962409	7.58184e-16	2.6162e-14	7.82322e-10
1	1	1	29903
0.80089	1	0.978713	29266.5
0.989623	1	0.999946	29901.4
0.794423	1	0.977251	29222.7
0.967248	1	0.999458	29886.8
0.00805222	0.332353	0.0185282	554.048
1	1	1	29903
0.538045	0.91184	0.839977	25117.8
0.999991	0.388306	0.755625	22595.5
0.701396	0.904538	0.923118	27604
0.999964	0.864601	0.990385	29615.5
0.999998	0.660532	0.934461	27943.2
1	0.834951	0.985561	29471.2
1	0.312405	0.675874	20210.7
0.999997	1	1	29903
0.999998	1	1	29903
0.999998	1	1	29903
1	1	1	29903
0.0301867	0.0981729	0.0202153	604.498
0.284006	4.62921e-07	2.21458e-06	0.0662226
0.682759	0.0233767	0.0819998	2452.04
0.987379	4.61679e-06	6.06215e-05	1.81277
0.989741	0.316434	0.676784	20237.9
1	1.11573e-06	1.6408e-05	0.490648
0.934274	1	0.997791	29836.9
0.847448	1	0.987723	29535.9
0.022232	1.00934e-09	5.72664e-10	1.71244e-05
0.013709	1.01876e-09	3.63044e-10	1.08561e-05
0.00677529	9.89369e-10	1.79168e-10	5.35765e-06
0.00612284	9.57104e-10	1.57422e-10	4.70738e-06
0.0107731	1.62641e-08	4.1114e-09	0.000122943
0.0166213	9.65036e-10	4.14734e-10	1.24018e-05
0.0146395	9.91861e-10	3.76883e-10	1.12699e-05
0.0381833	1.56819e-08	1.33147e-08	0.00039815
0.393733	3.36026e-05	0.000161848	4.83974
0.0102448	9.39448e-10	2.53767e-10	7.58838e-06
0.00231788	9.5697e-10	6.17406e-11	1.84623e-06
0.0250318	9.2789e-10	5.9195e-10	1.77011e-05
0.0119997	9.43316e-10	2.96623e-10	8.86991e-06
0.00907381	9.44352e-10	2.26928e-10	6.78584e-06
0.0197543	9.30405e-10	4.72716e-10	1.41356e-05
0.4553	1	0.81353	24327
0.981076	1.50604e-19	6.55419e-18	1.9599e-13
0.849607	5.61038e-05	0.000522006	15.6095
0.576816	1.00343e-28	3.82117e-27	1.14264e-22
0.388892	3.24916e-29	8.53429e-28	2.55201e-23
1	4.75005e-07	7.39105e-06	0.221014
0.00298696	8.30846e-31	1.88799e-31	5.64566e-27
0.354663	1.21226e-29	2.95024e-28	8.82212e-24
0.708169	1.18422e-29	5.69854e-28	1.70403e-23
0.021849	1.21544e-29	1.89619e-29	5.67019e-25
0.337681	6.85866e-05	0.000270353	8.08437
0.191539	0.00110202	0.00199751	59.7315
0.465212	1.17583e-05	7.1747e-05	2.14545
0.999999	7.80743e-32	5.67034e-30	1.6956e-25
0.0280182	1.93921e-08	1.21344e-08	0.000362855
0.972262	1	0.999612	29891.4
0.562966	0.146537	0.288322	8621.68
0.739226	1	0.962584	28784.2
0.638337	0.930751	0.903469	27016.4
0.986922	0.823676	0.981291	29343.5
0.999999	0.907312	0.995565	29770.4
0.944959	0.895461	0.987511	29529.5
0.944081	1	0.998407	29855.4
0.786522	1	0.975393	29167.2
0.809123	1.94756e-05	0.000190014	5.68199
0.999955	2.64765e-34	2.0734e-32	6.20008e-28
0.663252	0.188066	0.384379	11494.1
0.361305	0.0340564	0.0664183	1986.11
0.519013	3.18417e-10	3.88755e-09	0.00011625
0.582531	0.00692223	0.0262647	785.393
0.968833	9.54557e-13	2.65504e-11	7.93937e-07
0.982159	9.48842e-13	2.67473e-11	7.99826e-07
1	1.45741e-17	5.79572e-16	1.73309e-11
0.962758	1.41496e-11	3.54452e-10	1.05992e-05
0.540893	1.03329e-16	2.14746e-15	6.42156e-11
0.639803	1.98918e-08	2.44095e-07	0.00729918
0.611963	3.52719e-16	8.00201e-15	2.39284e-10
1	1	1	29903
0.999995	1	1	29903
0.487306	1	0.837612	25047.1
0.282677	0.909741	0.606402	18133.2
0.694155	1	0.947563	28335
0.125184	1	0.385314	11522
0.253076	1	0.60082	17966.3
0.158244	1	0.449985	13455.9
0.113574	1	0.360631	10783.9
0.131032	1	0.39733	11881.3
0.757072	1	0.967763	28939
0.0331459	1	0.146068	4367.88
0.0496278	1	0.19867	5940.83
0.03867	1	0.164452	4917.6
0.0490767	1	0.197012	5891.26
0.119654	1	0.373698	11174.7
0.0552039	1	0.215114	6432.56
0.0689604	1	0.253376	7576.7
0.0552603	1	0.215278	6437.44
0.186903	1	0.50037	14962.6
0.544938	1	0.875761	26187.9
0.9517	1	0.998814	29867.5
0.978371	1	0.999764	29896
0.947232	4.51222e-52	5.09825e-50	1.52453e-45
0.765207	0.12899	0.327266	9786.23
1	1	1	29903
1	9.99353e-18	4.01186e-16	1.19967e-11
0.761372	0.0465766	0.15388	4601.49
0.998333	0.000194153	0.00185079	55.3442
0.935969	0.0796612	0.26813	8017.9
1	3.99106e-09	8.11751e-08	0.00242738
0.971427	6.73865e-18	2.6556e-16	7.94105e-12
0.409842	4.83888e-12	5.54225e-11	1.6573e-06
0.808252	1	0.980314	29314.3
0.967116	1	0.999453	29886.7
0.999992	1	1	29903
0.99996	0.943216	0.998354	29853.8
0.000255616	0.273197	0.000738098	22.0714
0.999956	1	1	29903
0.999893	0.641538	0.926278	27698.5
1	0.498605	0.845605	25286.1
0.901808	0.658149	0.903152	27007
0.999999	0.0762747	0.272561	8150.39
1	0.563957	0.886979	26523.3
0.823179	1	0.983354	29405.2
0.000809568	0.0371423	0.00034315	10.2612
0.999958	0.318046	0.682371	20404.9
0.957717	1	0.999093	29875.9
0.994473	0.406756	0.770622	23043.9
1	0.264907	0.616804	18444.3
0.928219	0.12195	0.35981	10759.4
1	0.279412	0.635681	19008.8
0.940595	0.270489	0.602663	18021.4
0.997823	0.405197	0.770447	23038.7
0.819077	0.266804	0.550882	16473
0.405402	0.624964	0.601211	17978
1	0.115375	0.364536	10900.7
0.563437	0.420681	0.578247	17291.3
0.781182	1	0.974093	29128.3
0.925257	1	0.997134	29817.3
0.999347	0.415731	0.780387	23335.9
0.808325	0.406901	0.694646	20772
0.986056	1	0.999902	29900.1
0.99229	0.259992	0.607521	18166.7
0.844161	0.401167	0.705335	21091.6
1	4.47974e-05	0.00049337	14.7532
0.0220129	0.176758	0.0254823	761.996
0.333782	0.623642	0.534857	15993.8
0.539992	0.624559	0.703825	21046.5
0.279822	1	0.636204	19024.4
0.084655	1	0.293683	8781.99
0.975213	1	0.99969	29893.7
0.99998	1	1	29903
0.983007	0.574391	0.887364	26534.9
0.999993	0.447615	0.807415	24144.1
1	1	1	29903
0.866769	1	0.990702	29625
0.73128	1	0.960141	28711.1
0.75868	0.301566	0.566247	16932.5
0.999475	1	1	29903
0.921649	0.897153	0.984062	29426.4
0.268945	0.94186	0.601139	17975.9
0.735858	1	0.961559	28753.5
0.041123	0.931087	0.163211	4880.49
0.496693	0.931177	0.819145	24494.9
0.00481213	1	0.0304926	911.821
0.744003	0.946068	0.951045	28439.1
0.884575	0.000491551	0.00380053	113.647
0.0290152	0.000814027	0.000275245	8.23064
1	3.46206e-07	5.49645e-06	0.16436
0.915531	1	0.996328	29793.2
0.943145	1	0.998352	29853.7
0.812362	1	0.981178	29340.2
1	0.00016562	0.00160747	48.0683
0.110659	0.23172	0.119582	3575.85
0.551406	0.376865	0.5343	15977.2
0.992016	4.01609e-07	6.26919e-06	0.187467
1	0.0357921	0.154981	4634.4
1	0.0936088	0.315333	9429.41
0.927851	0.226091	0.537391	16069.6
0.999996	6.70488e-05	0.00071139	21.2727
0.999999	0.000111567	0.00112693	33.6985
0.893315	0.0018984	0.0125148	374.23
0.999984	2.78275e-06	3.83793e-05	1.14766
0.849429	0.000150198	0.00127158	38.024
1	1	1	29903
0.999996	1	1	29903
0.999934	0.55279	0.880449	26328.1
0.999968	2.87763e-46	3.04622e-44	9.10912e-40
1	1	1	29903
1	1	1	29903
0.874586	1.70881e-33	1.14454e-31	3.42253e-27
1	0.18934	0.504441	15084.3
0.999993	1	1	29903
0.342563	0.296813	0.334106	9990.78
0.578399	1	0.895068	26765.2
0.427644	0.298231	0.39018	11667.5
0.981817	1	0.999834	29898
0.997295	0.600752	0.906049	27093.6
0.999889	0.636046	0.923815	27624.8
1	0.197274	0.517481	15474.2
0.965238	1.20681e-09	2.51267e-08	0.000751365
0.290248	1	0.64929	19415.7
0.999969	0.474592	0.828295	24768.5
1	1	1	29903
1	0.803597	0.979309	29284.3
0.868519	0.904312	0.975126	29159.2
0.999996	2.13187e-07	3.48795e-06	0.1043
0.999984	0.446615	0.806607	24120
1	1	1	29903
0.759653	1	0.968477	28960.4
0.822247	0.640453	0.864323	25845.8
0.982533	1	0.999847	29898.4
0.821126	0.952966	0.974418	29138
1	0.107244	0.346683	10366.8
0.999997	3.25282e-13	9.67845e-12	2.89415e-07
0.991996	1.28057e-24	7.11667e-23	2.1281e-18
0.918302	1.03205e-14	3.155e-13	9.43438e-09
0.208571	1.02508e-14	7.43579e-14	2.22352e-09
0.999994	0.0869271	0.299261	8948.81
0.735382	0.099157	0.263849	7889.86
0.999989	1	1	29903
0.999952	0.387639	0.754979	22576.1
0.300004	1	0.661196	19771.8
0.999987	1	1	29903
0.967001	1	0.999449	29886.5
1	1	1	29903
0.977198	0.260215	0.602473	18015.8
0.73466	0.487102	0.725596	21697.5
0.809383	1	0.980554	29321.5
0.999993	1	1	29903
0.643251	0.000129046	0.000863009	25.8066
0.179822	0.133851	0.113771	3402.09
0.999896	1.09665e-36	9.18908e-35	2.74781e-30
8.17629e-07	3.22915e-27	2.00697e-31	6.00143e-27
0.183241	0.00577341	0.00830623	248.381
0.932731	2.37012e-06	3.09987e-05	0.926953
0.965089	4.93372e-37	4.02988e-35	1.20506e-30
1	9.94147e-18	3.99148e-16	1.19357e-11
0.933118	4.80119e-17	1.7313e-15	5.17709e-11
0.959276	4.18619e-20	1.83363e-18	5.48312e-14
0.462398	7.91422e-38	3.19114e-36	9.54245e-32
1	8.34809e-14	2.59744e-12	7.76712e-08
0.654118	0.0171855	0.0616941	1844.84
0.726817	1.70288e-06	1.80729e-05	0.540434
0.999998	1	1	29903
0.940213	1	0.998176	29848.5
0.989859	0.103246	0.335298	10026.4
1	1	1	29903
1	7.7373e-28	4.90748e-26	1.46749e-21
1	0.000332762	0.00299755	89.6356
0.349912	1.121e-05	5.2753e-05	1.57747
0.999998	2.05498e-08	3.84289e-07	0.0114914
0.995139	1	0.999988	29902.6
0.922919	1	0.99695	29811.8
0.993584	0.638259	0.922993	27600.2
0.325351	0.794483	0.608195	18186.9
1	0.723555	0.957682	28637.6
0.236324	1	0.577233	17261
0.0469527	0.926511	0.179879	5378.93
0.999999	0.0708049	0.258284	7723.46
0.999999	1	1	29903
0.821158	0.000650996	0.00456205	136.419
0.0296186	0.00548953	0.00158109	47.2793
0.368736	0.00157756	0.00491513	146.977
0.290133	0.000980449	0.00260705	77.9587
0.648533	0.632804	0.775906	23201.9
0.99142	0.614345	0.911063	27243.5
0.989266	0.397484	0.760243	22733.6
0.964781	1	0.999372	29884.2
1	0.00820529	0.0476151	1423.83
0.67418	1	0.939981	28108.3
0.651646	1	0.930716	27831.2
0.73966	1	0.962715	28788.1
0.486328	0.00193189	0.00748821	223.92
0.6412	0.000150864	0.000990897	29.6308
0.488042	0.0147688	0.0427609	1278.68
0.157804	0.193686	0.13717	4101.81
0.153699	1	0.441541	13203.4
0.704944	1	0.951418	28450.3
0.637753	1	0.924617	27648.8
0.431727	1	0.794361	23753.8
0.196793	1	0.516701	15450.9
0.772007	1	0.971773	29058.9
1	1	1	29903
0.473398	0.00184679	0.00703096	210.247
0.179729	1	0.4882	14598.6
0.927711	1	0.997322	29822.9
0.935015	1	0.997841	29838.4
0.709238	1	0.952907	28494.8
0.963392	1	0.999322	29882.7
0.994295	0.386559	0.75187	22483.2
1	0.0999491	0.330141	9872.21
0.599992	1	0.906491	27106.8
0.132599	0.310308	0.172429	5156.14
0.0748112	0.772787	0.222612	6656.76
0.000638621	0.000283666	2.99339e-06	0.0895114
0.471403	1	0.825918	24697.4
0.73813	0.724441	0.869468	25999.7
0.90689	0.0763103	0.25403	7596.25
0.890976	0.115275	0.336457	10061.1
0.999998	0.0973571	0.324137	9692.68
0.888889	2.50449e-26	1.33722e-24	3.99868e-20
0.106214	0.260087	0.126772	3790.85
6.84938e-05	8.52905e-21	3.31816e-23	9.92229e-19
2.28358e-07	8.22794e-21	1.17506e-25	3.51377e-21
1.99611e-05	8.26771e-21	9.58238e-24	2.86542e-19
1.16719e-05	1.51583e-19	9.85328e-23	2.94643e-18
0.158625	0.911458	0.424186	12684.4
3.22624e-05	4.17037e-21	7.83971e-24	2.34431e-19
0.000467614	7.95594e-21	2.04424e-22	6.1129e-18
0.00251731	7.95538e-21	1.06669e-21	3.18973e-17
0.999995	1	1	29903
0.278211	7.01515e-25	1.12995e-23	3.37889e-19
0.461038	1.40273e-09	1.43306e-08	0.000428528
0.556793	1	0.88283	26399.3
1.18294e-07	4.56356e-203	2.60665e-207	7.79467e-203
0.849846	1.27191e-10	2.58861e-09	7.74073e-05
0.237912	9.33223e-08	4.13478e-07	0.0123642
0.741773	1.95283e-05	0.000175889	5.25961
0.675318	4.39619e-15	1.02278e-13	3.05841e-09
0.995391	0.497806	0.843442	25221.4
0.994752	7.67295e-10	1.67869e-08	0.000501978
0.999998	1	1	29903
0.941004	1	0.998224	29849.9
0.65574	1	0.932456	27883.2
0.909495	0.349962	0.682664	20413.7
0.811357	0.00233546	0.0137732	411.861
0.377269	6.01624e-07	3.69932e-06	0.110621
1	0.000327014	0.00295147	88.2578
0.0523235	1.10658e-05	8.89461e-06	0.265976
0.962451	3.10613e-05	0.000341336	10.207
0.999661	1.44605e-11	3.75267e-10	1.12216e-05
0.418226	4.23339e-06	2.52196e-05	0.754143
0.890887	1.58956e-06	2.04878e-05	0.612648
0.554015	1	0.881196	26350.4
0.99987	0.612034	0.912484	27286
0.980811	2.91869e-23	1.51458e-21	4.52905e-17
0.300584	5.35444e-13	4.90205e-12	1.46586e-07
7.86109e-13	5.30057e-27	3.72404e-37	1.1136e-32
0.063409	0.748294	0.192077	5743.68
0.907793	4.06929e-11	9.24319e-10	2.76399e-05
0.925026	4.14284e-11	9.57483e-10	2.86316e-05
1	0.000835533	0.00675732	202.064
0.212869	1	0.542195	16213.2
0.836724	1	0.985879	29480.7
0.952631	1	0.99886	29868.9
0.955771	1	0.999007	29873.3
0.358336	1.02776e-09	8.36821e-09	0.000250235
0.999999	0.0951465	0.318963	9537.95
0.884284	0.831722	0.961442	28750
0.327109	0.867682	0.641275	19176
1	1	1	29903
0.583525	1	0.897851	26848.4
0.39601	0.651736	0.607664	18171
0.0263108	4.83548e-07	2.44017e-07	0.00729684
0.928835	2.93098e-10	6.26814e-09	0.000187436
0.989368	3.22068e-08	5.81901e-07	0.0174006
0.640952	0.0366962	0.11172	3340.75
0.719292	0.140731	0.333076	9959.96
0.171194	0.270605	0.188642	5640.96
0.987642	1	0.999923	29900.7
0.995023	1	0.999988	29902.6
0.968577	1	0.999501	29888.1
0.948523	1	0.998652	29862.7
0.95847	1	0.999125	29876.8
0.670077	1	0.938351	28059.5
0.702778	0.554415	0.756879	22633
0.999932	0.844116	0.987155	29518.9
0.652464	1	0.931066	27841.7
0.999902	0.844108	0.987149	29518.7
0.994748	0.687182	0.943619	28217
0.994283	0.687182	0.943497	28213.4
0.981764	0.687182	0.940166	28113.8
0.999978	0.687182	0.944977	28257.6
0.999997	0.843865	0.987121	29517.9
1	0.75057	0.965925	28884.1
0.764223	0.254144	0.512506	15325.5
0.741287	0.611216	0.811783	24274.7
0.873553	0.621637	0.874601	26153.2
1	0.73383	0.960934	28734.8
0.831774	0.842634	0.949986	28407.4
0.319108	0.610735	0.513598	15358.1
0.0438365	0.903633	0.167505	5008.89
0.362903	0.610795	0.555614	16614.5
1	1	1	29903
0.0872551	0.697717	0.231272	6915.74
0.150326	0.610683	0.311035	9300.88
0.994425	0.862079	0.989292	29582.8
0.563208	0.610857	0.711129	21264.9
0.156816	1	0.447346	13377
0.845123	0.167757	0.418735	12521.4
0.834252	1	0.985435	29467.5
0.907099	0.0087484	0.0463156	1384.98
0.999565	2.42949e-10	5.61905e-09	0.000168027
1	2.06058e-19	9.07193e-18	2.71278e-13
0.15576	0.00055276	0.000891976	26.6728
0.816367	1.35158e-06	1.62387e-05	0.485585
0.167591	3.28717e-10	1.35643e-09	4.05613e-05
0.00746569	9.41291e-08	1.55137e-08	0.000463905
0.882162	0.0370705	0.144554	4322.6
0.99954	0.144873	0.424625	12697.6
0.101607	1.46562e-06	2.48988e-06	0.074455
0.999997	0.401622	0.767998	22965.5
0.333253	0.107553	0.155148	4639.38
0.999999	0.10761	0.347498	10391.2
0.666867	8.01819e-40	4.88866e-38	1.46185e-33
0.897958	0.0366917	0.145393	4347.67
0.129633	6.24134e-11	2.14733e-10	6.42117e-06
0.741454	0.00201124	0.0111964	334.807
0.750151	0.0237528	0.0895816	2678.76
0.691214	0.000565903	0.00346036	103.475
0.778693	0.593323	0.818765	24483.5
0.998219	1	0.999998	29903
0.862139	0.940421	0.980847	29330.3
0.971833	1	0.9996	29891
0.93379	0.903477	0.987087	29516.9
0.976923	0.902059	0.992651	29683.3
0.997752	0.900541	0.994667	29743.5
0.999999	0.483978	0.835208	24975.2
0.999998	0.0090834	0.0517872	1548.59
0.243374	6.11659e-08	2.83178e-07	0.00846786
0.246848	2.25983e-09	1.24436e-08	0.0003721
0.502184	2.9342e-12	4.16168e-11	1.24447e-06
0.284804	7.98427e-11	5.80014e-10	1.73442e-05
0.782433	0.00552558	0.0278587	833.06
0.641751	1.41327e-16	3.44095e-15	1.02895e-10
0.670995	8.67282e-11	1.42967e-09	4.27515e-05
0.684352	8.50912e-11	1.43057e-09	4.27783e-05
0.492373	1.21304e-08	1.19072e-07	0.0035606
0.410791	0.00596427	0.017179	513.703
0.99726	0.367056	0.733925	21946.6
0.908537	0.138911	0.387432	11585.4
0.99984	1	1	29903
0.988831	1	0.999937	29901.1
0.892484	1	0.994001	29723.6
0.966395	1	0.999429	29885.9
0.00308287	1	0.0209077	625.202
0.975068	1	0.999687	29893.6
1	1	1	29903
0.999655	1	1	29903
1	1	1	29903
0.99504	1	0.999988	29902.6
0.993695	1	0.99998	29902.4
0.992028	0.0108263	0.0594326	1777.21
0.993499	0.00727443	0.0428563	1281.53
0.994796	0.0108277	0.059575	1781.47
0.99723	0.000989964	0.0078194	233.824
0.948155	1	0.998632	29862.1
0.824432	0.0667244	0.214551	6415.73
0.811712	0.0665191	0.211597	6327.39
0.724692	0.0663936	0.194103	5804.28
0.708223	0.0665032	0.19101	5711.79
0.942211	1	0.998297	29852.1
0.725921	0.187904	0.408138	12204.6
0.0245796	0.187993	0.0294676	881.171
0.625697	0.0822627	0.204173	6105.4
0.302547	0.0511174	0.0799429	2390.53
0.107475	0.00323149	0.00311369	93.1086
0.0737003	0.524978	0.16452	4919.64
0.215365	0.0784604	0.0858497	2567.16
0.336636	0.0783673	0.12228	3656.53
0.782625	0.118046	0.312428	9342.52
0.321308	0.0809206	0.120893	3615.06
0.00625556	0.0770823	0.00416478	124.539
0.999998	7.15362e-08	1.24852e-06	0.0373346
0.997968	1	0.999998	29902.9
1	0.0930736	0.314064	9391.47
0.999993	0.455367	0.81358	24328.5
0.999953	0.491522	0.840609	25136.7
0.999999	0.442416	0.803208	24018.3
0.0410416	1	0.172094	5146.14
0.92045	1	0.996748	29805.8
1	0.62485	0.918682	27471.3
0.864073	1	0.990312	29613.3
0.999998	0.750279	0.965841	28881.6
1	0.272338	0.626571	18736.4
0.779303	0.411733	0.685603	20501.6
0.999998	0.0553008	0.215394	6440.94
0.999991	0.180937	0.490265	14660.4
0.894106	0.179333	0.453841	13571.2
0.999996	0.26733	0.620009	18540.1
0.982597	0.411507	0.770474	23039.5
1	0.411524	0.776911	23232
0.999999	0.182912	0.493633	14761.1
0.999708	1	1	29903
0.511871	0.262954	0.40453	12096.7
1	0.206948	0.53295	15936.8
0.999951	0.41555	0.780448	23337.7
0.955814	0.265537	0.601818	17996.2
0.999986	1	1	29903
0.999998	0.417761	0.782401	23396.1
0.847933	0.189935	0.455139	13610
0.202026	0.191225	0.164329	4913.93
0.0798803	1	0.281756	8425.35
0.98447	1	0.999879	29899.4
0.451614	1	0.810614	24239.8
0.959154	0.629341	0.908341	27162.1
0.837739	1	0.98606	29486.1
0.979574	1	0.99979	29896.7
0.432659	0.76704	0.697923	20870
1	0.189355	0.504467	15085.1
0.946576	1	0.998547	29859.5
1	0.815978	0.981922	29362.4
0.427186	0.773188	0.696186	20818
0.941361	1	0.998246	29850.6
0.595245	1	0.904048	27033.7
0.999624	0.958607	0.999116	29876.6
0.999844	1	1	29903
0.997392	1	0.999997	29902.9
0.324609	1	0.689837	20628.2
0.999951	1	1	29903
1	0.00706602	0.0420602	1257.73
0.97189	1	0.999601	29891.1
0.596197	1	0.904541	27048.5
0.753009	1	0.966621	28904.9
0.999834	1	1	29903
0.999997	1	1	29903
1	1	1	29903
0.997664	1.86002e-06	2.63455e-05	0.787809
0.997942	1.84687e-06	2.61791e-05	0.782833
0.997077	1.86002e-06	2.63311e-05	0.787378
0.971079	1.84661e-06	2.552e-05	0.763124
0.450997	0.259117	0.367735	10996.4
0.00443749	3.00841e-10	3.78361e-11	1.13141e-06
0.872659	2.46177e-06	3.01852e-05	0.902628
0.00635841	3.00268e-10	5.34283e-11	1.59767e-06
0.000806554	2.70063e-10	6.56838e-12	1.96414e-07
0.312894	6.9647e-10	5.06599e-09	0.000151488
0.500284	1.21752e-09	1.35338e-08	0.0004047
0.999997	7.80415e-07	1.17557e-05	0.351531
0.480184	4.61147e-14	7.18364e-13	2.14812e-08
0.990813	6.86235e-12	1.81638e-10	5.43152e-06
0.671936	8.81434e-23	3.09049e-21	9.24149e-17
0.76952	2.04704e-08	2.98763e-07	0.00893392
0.000477401	3.08095e-05	2.79974e-07	0.00837206
0.00360579	0.536104	0.0140122	419.006
1.09148e-08	0.56831	1.23428e-07	0.00369087
5.49706e-06	0.559842	4.2135e-05	1.25996
0.505214	0.113968	0.221942	6636.74
0.818736	6.97325e-09	1.14078e-07	0.00341126
0.904273	2.47528e-06	3.13584e-05	0.937711
0.968109	1	0.999486	29887.6
0.774725	1	0.972471	29079.8
1	1	1	29903
0.990716	1	0.999957	29901.7
0.98524	1	0.999891	29899.7
0.738278	1	0.962297	28775.6
0.788215	1	0.975798	29179.3
1	0.480212	0.832461	24893.1
1	0.358287	0.72604	21710.8
1	0.556547	0.882685	26394.9
0.602743	1	0.90789	27148.6
0.15251	1	0.43931	13136.7
0.999998	0.606966	0.910013	27212.1
0.93522	0.894164	0.985793	29478.2
0.00364364	1	0.0241019	720.718
0.395488	0.893571	0.720988	21559.7
0.506274	1	0.850883	25444
0.411923	0.893571	0.735962	22007.5
0.728875	0.893571	0.930568	27826.8
0.863227	0.80348	0.947355	28328.8
0.98561	0.0214276	0.102588	3067.69
0.999998	0.02143	0.103785	3103.47
0.972415	0.00389322	0.0248974	744.508
0.975618	0.00389369	0.0249695	746.663
0.977023	0.00389441	0.0250039	747.692
0.973094	0.00389414	0.0249172	745.098
0.833539	1	0.985305	29463.6
0.516708	7.01846e-06	4.90565e-05	1.46694
0.642996	0.00298847	0.0139403	416.857
0.987383	2.953e-05	0.000333642	9.9769
0.928609	1.17098e-06	1.60191e-05	0.479019
0.0209882	3.58475e-07	1.48257e-07	0.00443332
0.999999	0.00171884	0.0126611	378.606
0.554116	6.62111e-10	8.33786e-09	0.000249327
0.795202	1	0.97743	29228.1
0.0383984	0.00606308	0.00218035	65.1991
0.641087	0.00142922	0.00732564	219.059
0.466376	1	0.82211	24583.6
0.807452	1	0.980143	29309.2
0.72391	1	0.957797	28641
0.639222	1	0.925276	27668.5
0.01247	0.0370216	0.00400752	119.837
0.680458	0.0181707	0.0666804	1993.94
0.869332	0.0023369	0.014625	437.331
0.456161	0.00353803	0.0119899	358.534
0.998972	0.00257696	0.0179228	535.946
1	5.5386e-09	1.10836e-07	0.00331432
0.0327079	1	0.144573	4323.18
0.917173	1	0.996471	29797.5
0.596931	1	0.90492	27059.8
0.996831	1	0.999995	29902.8
0.152566	1	0.439413	13139.8
1	1	1	29903
0.999707	0.802781	0.979079	29277.4
0.900031	1	0.994828	29748.3
0.868928	1	0.991008	29634.1
1	0.000599814	0.00504977	151.003
0.738079	0.101808	0.269639	8063.02
0.302033	0.0276363	0.0482949	1444.16
0.995822	1	0.999991	29902.7
0.980499	1	0.999809	29897.3
0.603001	0.100778	0.230964	6906.51
1	0.1564	0.446575	13353.9
0.888882	0.100773	0.305691	9141.09
1	0.250377	0.597095	17854.9
0.997467	0.382206	0.748878	22393.7
0.999995	0.000584613	0.00493678	147.624
0.999996	0.000461967	0.00400987	119.907
0.987815	1	0.999925	29900.8
0.998864	1	0.999999	29903
0.979054	1	0.999779	29896.4
0.912837	1	0.996086	29786
0.999995	1	1	29903
0.979054	1	0.999779	29896.4
0.999995	1	1	29903
0.995843	1	0.999991	29902.7
0.979054	1	0.999779	29896.4
0.999995	1	1	29903
0.58878	1	0.900658	26932.4
0.999995	1	1	29903
0.999995	1	1	29903
0.987739	1	0.999925	29900.7
0.999999	1	1	29903
0.900023	0.000253053	0.00213798	63.9321
0.870038	0.000244429	0.0020109	60.1319
1	0.00320667	0.021621	646.534
0.799414	0.0001218	0.000996762	29.8062
0.98649	0.000121769	0.00120448	36.0175
0.640252	0.00012177	0.000815441	24.3841
0.986491	0.00012177	0.00120449	36.0178
0.892225	0.00012177	0.0011003	32.9024
0.640252	0.00012177	0.000815441	24.3841
0.730154	0.00012177	0.000918259	27.4587
0.841249	0.872004	0.960854	28732.4
0.999998	0.310259	0.673369	20135.8
0.999993	0.121936	0.378519	11318.9
0.999997	0.94319	0.998355	29853.8
0.886449	0.421746	0.741688	22178.7
0.999999	0.939712	0.998145	29847.5
0.0348621	1	0.151872	4541.42
0.176967	1	0.483436	14456.2
1	2.98028e-16	1.09523e-14	3.27508e-10
0.776728	1.67948e-14	4.30099e-13	1.28613e-08
0.809326	1.70319e-14	4.53715e-13	1.35674e-08
1	2.48258e-13	7.45377e-12	2.2289e-07
1	6.24135e-14	1.9601e-12	5.86127e-08
0.58848	0.0285832	0.0855355	2557.77
1	3.56096e-08	6.46338e-07	0.0193274
0.999989	1	1	29903
0.90063	1	0.994891	29750.2
0.467211	1	0.822747	24602.6
0.928965	1	0.997415	29825.7
0.951292	1	0.998794	29866.9
0.312566	1	0.676061	20216.3
1	0.735155	0.961343	28747
0.999969	0.133502	0.402319	12030.5
0.704175	1	0.951149	28442.2
0.66712	1	0.93716	28023.9
2.79609e-08	1.1968e-09	1.30294e-15	3.89618e-11
0.999998	3.97361e-12	1.08286e-10	3.23808e-06
0.382487	0.0636585	0.11481	3433.18
1	2.0935e-07	3.429e-06	0.102537
1	4.87066e-05	0.000532349	15.9188
0.999999	2.73772e-05	0.000314996	9.41934
1	3.03721e-06	4.16236e-05	1.24467
0.983178	1.27917e-21	6.17822e-20	1.84747e-15
0.999993	0.00133659	0.0101816	304.46
0.465878	0.0857056	0.168524	5039.38
0.988443	6.93429e-10	1.51484e-08	0.000452981
0.934735	1	0.997822	29837.9
0.571074	0.181005	0.337956	10105.9
0.173833	0.0844366	0.0766393	2291.74
0.12656	0.0840043	0.0589405	1762.5
4.64144e-07	5.08888e-37	2.34194e-41	7.00309e-37
1.39909e-05	5.25174e-37	7.03273e-40	2.103e-35
0.000887799	1.21243e-37	1.00137e-38	2.9944e-34
0.000389651	9.75224e-38	3.57467e-39	1.06893e-34
0.00443992	8.54822e-38	3.48297e-38	1.04151e-33
0.0167395	5.81724e-38	8.84459e-38	2.6448e-33
0.000462609	1.41937e-35	5.83855e-37	1.7459e-32
0.000972995	6.31714e-38	5.75256e-39	1.72019e-34
0.000308009	4.95865e-38	1.45067e-39	4.33795e-35
2.27031e-05	3.79711e-36	8.03889e-39	2.40387e-34
5.4699e-05	4.88918e-38	2.58675e-40	7.73514e-36
4.35161e-06	4.32316e-38	1.86959e-41	5.59064e-37
0.000397445	8.61705e-35	2.98873e-36	8.9372e-32
0.00489887	4.23472e-38	1.91632e-38	5.73038e-34
0.0015626	4.19926e-38	6.13687e-39	1.83511e-34
0.000360678	4.16552e-38	1.42728e-39	4.26798e-35
0.0268416	2.1222e-35	4.81088e-35	1.4386e-30
0.0125798	4.07023e-38	4.68353e-38	1.40052e-33
0.00590285	4.47789e-38	2.43525e-38	7.28212e-34
0.00209864	4.22565e-38	8.26719e-39	2.47214e-34
0.000420676	2.62629e-36	1.00208e-37	2.99652e-33
0.000974709	1.37841e-36	1.21598e-37	3.63615e-33
0.00170679	4.09939e-38	6.53924e-39	1.95543e-34
0.00129736	4.07936e-38	4.96108e-39	1.48351e-34
0.000234717	4.17413e-38	9.3493e-40	2.79572e-35
0.0041996	4.15398e-38	1.61449e-38	4.82781e-34
0.999103	0.492889	0.84128	25156.8
1	0.834753	0.985526	29470.2
0.0457668	0.8327	0.162626	4863
0.980963	1	0.999818	29897.5
1	1	1	29903
0.983423	0.269732	0.617273	18458.3
1	1	1	29903
0.921165	1	0.996807	29807.5
0.836806	1	0.985894	29481.2
0.910236	1	0.995845	29778.8
0.989625	1	0.999946	29901.4
0.999999	0.177865	0.484989	14502.6
1	0.180288	0.489158	14627.3
1	1	1	29903
0.933055	1	0.997707	29834.4
0.981575	0.686557	0.939873	28105
0.370416	0.138968	0.204187	6105.8
0.641703	0.0667728	0.177824	5317.48
0.998074	4.78486e-08	8.52793e-07	0.0255011
0.54341	0.0136184	0.0437082	1307.01
0.964925	0.00988679	0.0539226	1612.45
0.947775	0.0069594	0.0397162	1187.63
0.491445	0.0136353	0.0402427	1203.38
0.99994	0.00491037	0.0310143	927.42
0.857679	0.00729458	0.0380023	1136.38
0.00296366	0.180331	0.00456106	136.389
0.999968	0.04637	0.188772	5644.86
0.970329	0.580217	0.886431	26506.9
1	1	1	29903
1	0.942803	0.998332	29853.1
1	1	1	29903
0.999996	0.940897	0.998218	29849.7
0.998722	0.940892	0.998144	29847.5
0.945818	0.049122	0.189055	5653.31
0.609742	0.851318	0.859442	25699.9
2.14971e-10	5.59682e-34	1.20106e-41	3.59154e-37
5.26971e-09	6.95859e-35	3.61974e-41	1.08241e-36
3.18569e-08	1.14568e-35	3.60294e-41	1.07739e-36
4.62273e-08	7.29152e-36	3.33009e-41	9.95797e-37
1.93982e-08	3.55606e-34	6.60684e-40	1.97564e-35
5.72295e-08	5.43502e-36	3.07549e-41	9.19663e-37
0.954796	0.869705	0.984726	29446.3
1.38707e-08	3.07195e-36	4.29784e-42	1.28518e-37
4.57452e-09	6.52836e-36	3.02284e-42	9.03919e-38
2.41991e-09	7.17848e-36	1.76772e-42	5.28602e-38
1.78176e-09	6.2026e-36	1.12962e-42	3.37791e-38
1.6813e-09	1.45167e-35	2.47538e-42	7.40212e-38
2.42894e-09	7.69959e-36	1.90175e-42	5.6868e-38
1	0.00261913	0.0181897	543.925
1.20793e-06	8.1691e-36	9.41566e-40	2.81557e-35
2.16658e-08	3.00027e-34	6.2297e-40	1.86287e-35
7.51192e-09	1.01659e-35	7.65802e-42	2.28998e-37
3.09776e-06	3.15757e-31	8.20809e-35	2.45447e-30
5.70499e-07	0.631494	5.70533e-06	0.170607
0.115501	1	0.364807	10908.8
0.067269	1	0.248832	7440.81
2.44052e-05	1	0.000283605	8.48065
0.0769511	1	0.274299	8202.36
0.063914	1	0.239691	7167.49
0.527273	1	0.864747	25858.5
0.000305534	0.0468237	0.000173889	5.19982
0.10487	1	0.341355	10207.5
0.10487	1	0.341355	10207.5
0.0132873	1	0.0707012	2114.18
0.0132873	1	0.0707012	2114.18
0.229515	1	0.567312	16964.3
0.425279	1	0.788897	23590.4
0.689553	1	0.945868	28284.3
0.667175	1	0.937183	28024.6
0.00771243	0.0457573	0.00315822	94.4402
0.0414689	1	0.173456	5186.87
0.000972903	1	0.0077202	230.857
5.39711e-09	0.204569	2.38749e-08	0.000713932
0.00155059	0.204569	0.00287257	85.8985
2.37283e-07	0.0371708	1.72398e-07	0.00515522
0.99523	0.00378519	0.0247932	741.39
0.996484	3.39537e-06	4.60032e-05	1.37563
0.81603	0.00582473	0.0301775	902.399
0.81466	0.00582407	0.030132	901.036
0.897317	0.00582448	0.0326861	977.413
0.855657	0.00582729	0.0314183	939.5
0.932245	0.00582284	0.0337431	1009.02
0.996932	0.00582707	0.0357167	1068.04
0.920417	0.00582906	0.0334133	999.159
0.999947	2.26894e-07	3.69791e-06	0.110579
0.819209	0.00597736	0.0309432	925.295
0.931417	0.00583147	0.0337599	1009.52
0.974948	0.00583643	0.035103	1049.68
0.911936	0.00582931	0.0331558	991.459
0.910823	0.00583551	0.0331514	991.327
0.878616	0.00583478	0.0321604	961.692
0.941165	0.0058324	0.0340606	1018.51
0.902433	0.00582969	0.0328672	982.829
0.95943	0.0316961	0.136632	4085.72
0.999982	0.00583929	0.0358711	1072.65
0.914354	0.00583425	0.0332533	994.374
0.963583	0.00583012	0.0347282	1038.48
0.889991	0.00583728	0.0325217	972.496
0.712329	1.09917e-07	1.35945e-06	0.0406518
0.949035	1.77832e-06	2.41207e-05	0.721281
0.826514	0.621139	0.85567	25587.1
0.999999	1	1	29903
0.999994	7.52038e-08	1.30877e-06	0.0391361
0.969341	0.100885	0.325149	9722.94
0.412464	0.00471568	0.0140869	421.242
1	6.63731e-44	6.66525e-42	1.99311e-37
0	0	0	0
0.667873	1	0.937465	28033
0.993597	1	0.999979	29902.4
0.0159171	1	0.0818195	2446.65
0.74536	0.863056	0.927082	27722.5
0.999999	0.548396	0.877849	26250.3
1	0.849305	0.988028	29545
0.999998	1	1	29903
0.879554	0.866897	0.969249	28983.5
0.0897294	0.866893	0.276435	8266.24
0.763417	1	0.969502	28991
0.999975	0.510874	0.853985	25536.7
0.999822	0.755339	0.967241	28923.4
1	0.439556	0.800867	23948.3
0.999999	1	1	29903
0.999993	1	1	29903
1	1	1	29903
0.999999	1	1	29903
0.999998	1	1	29903
0.999993	1	1	29903
0.999987	1	1	29903
0.999987	1	1	29903
0.999984	1	1	29903
0.999987	1	1	29903
0.999987	1	1	29903
0.999231	1	1	29903
0.955573	1	0.998998	29873
1	1	1	29903
0.999997	1	1	29903
0.999999	1	1	29903
0.999997	1	1	29903
0.999997	1	1	29903
0.903743	1	0.995211	29759.8
0.676352	1	0.940834	28133.8
0.0996517	1	0.329456	9851.72
0.0475655	1	0.192433	5754.33
0.639872	1	0.925566	27677.2
0.912868	1	0.996089	29786
0.999996	1	1	29903
0.999998	2.13023e-286	1.40336e-283	4.19647e-279
0.241877	7.10476e-19	7.59698e-18	2.27173e-13
0.624499	1.03851e-06	9.88944e-06	0.295724
0.0337885	0.0150009	0.00435252	130.153
0.00114199	0.0151029	0.000206414	6.17239
0.786346	0.0142996	0.0617083	1845.26
0.304343	0.00946342	0.0197286	589.946
1	0.0103681	0.05774	1726.6
0.761422	0.448462	0.708376	21182.6
0.872365	0.370511	0.688273	20581.4
0.988481	0.370467	0.734075	21951.1
0.649125	0.619219	0.768299	22974.4
0.497148	1	0.844589	25255.7
0.782494	0.411415	0.686812	20537.7
0.70484	0.048237	0.148965	4454.51
0.917382	0.0216669	0.0977582	2923.26
0.630758	6.38504e-10	9.11513e-09	0.00027257
0.985859	1	0.9999	29900
0.961033	1	0.999231	29880
0.925509	0.8565	0.976852	29210.8
1	0.721727	0.957088	28619.8
0.442052	0.860734	0.748155	22372.1
1	0.487963	0.838084	25061.2
0.869823	1	0.991133	29637.9
0.754536	1	0.967053	28917.8
0.729993	1	0.959737	28699
0.637354	1	0.924437	27643.4
0.997999	0.788915	0.975588	29173
0.740418	0.0243771	0.0905106	2706.54
0.109551	0.000332602	0.000408819	12.2249
0.771797	0.603394	0.821592	24568.1
0.899126	9.32065e-05	0.000870479	26.0299
0.75717	0.60337	0.814749	24363.4
0.89899	0.0070075	0.0382217	1142.94
0.226664	0.100498	0.108928	3257.27
0.998991	1	0.999999	29903
0.999875	0.0114412	0.0625832	1871.42
0.778132	0.0114325	0.0509044	1522.19
0.712816	0.0111485	0.0463695	1386.59
0.999999	1	1	29903
1	0.165539	0.463269	13853.1
0.306174	1	0.668562	19992
0.326287	1	0.691721	20684.5
0.413941	1	0.77905	23295.9
0.166321	1	0.464674	13895.1
0.0538583	1	0.2112	6315.51
0.0985134	1	0.326824	9773.03
0.105731	1	0.343294	10265.5
0.313735	1	0.677418	20256.8
0.970047	1	0.999547	29889.5
0.99999	0.0144651	0.075739	2264.82
1	0.0175289	0.088414	2643.84
0.939421	0.167888	0.449013	13426.8
0.94473	1	0.998444	29856.5
0.958256	1	0.999116	29876.6
1	1	1	29903
0.991747	1	0.999966	29902
0.47422	1	0.828028	24760.5
0.995042	0.298856	0.658019	19676.7
1	0.0467412	0.189915	5679.04
0.946681	1	0.998553	29859.7
0.993901	0.656945	0.931268	27847.7
0.874372	1	0.991756	29656.5
0.81651	1	0.98203	29365.6
0.553969	1	0.881169	26349.6
0.999976	5.80339e-05	0.000624111	18.6628
0.925184	0.324776	0.661767	19788.8
0.450764	0.292818	0.399277	11939.6
0.458228	6.77859e-05	0.000353465	10.5697
0.293138	1	0.652851	19522.2
0.974101	1	0.999662	29892.9
0.989553	5.69606e-23	2.94398e-21	8.80339e-17
0.864653	1.29869e-10	2.68489e-09	8.02863e-05
1	6.35524e-18	2.58005e-16	7.71513e-12
0.99452	1.29869e-10	3.07008e-09	9.18045e-05
1	1.29869e-10	3.08628e-09	9.2289e-05
1	6.35524e-18	2.58005e-16	7.71513e-12
0.997692	1.29869e-10	3.07946e-09	9.2085e-05
1	1.26929e-21	6.23421e-20	1.86422e-15
1	6.68387e-18	2.7101e-16	8.10401e-12
0.994484	1.42154e-10	3.34758e-09	0.000100103
0.99816	3.89372e-07	6.12544e-06	0.183169
0.750946	0.192564	0.424235	12685.9
0.788923	0.622757	0.840472	25132.6
0.575235	1	0.893326	26713.1
0.761861	1	0.96908	28978.4
0.592244	1	0.902483	26987
0.296889	0.631576	0.501384	14992.9
0.0111358	1	0.0612202	1830.67
0.225397	1	0.561215	16782
0.999999	0.640654	0.925915	27687.6
0.518348	1	0.858959	25685.5
1	0.765334	0.970017	29006.4
0.775009	0.601614	0.822019	24580.8
0.999998	1	1	29903
0.518268	1	0.858906	25683.9
0.999981	3.20348e-17	1.24868e-15	3.73394e-11
0.582817	1.42857e-10	2.01563e-09	6.02735e-05
0.999996	1.67591e-24	9.34246e-23	2.79368e-18
0.173924	4.62545e-14	2.69127e-13	8.0477e-09
1	4.56718e-18	1.86924e-16	5.58958e-12
0.172801	1.20162e-13	6.74948e-13	2.0183e-08
0.309955	1.66804e-12	1.51438e-11	4.52845e-07
0.231586	1.09729e-06	4.11298e-06	0.12299
0.00869299	0.381918	0.0222699	665.937
0.215509	0.864729	0.499453	14935.1
0.993562	3.46302e-11	8.63372e-10	2.58174e-05
0.890536	2.18365e-28	1.26026e-26	3.76855e-22
0.999684	8.54947e-11	2.06686e-09	6.18052e-05
0.999994	3.52853e-05	0.00039703	11.8724
0.974142	2.76872e-09	5.59144e-08	0.00167201
0.595431	0.00405264	0.0169563	507.044
0.681498	2.58224e-05	0.000210255	6.28726
0.776776	0.0066882	0.0325222	972.512
0.691426	1.29046e-05	0.000112665	3.36902
0.534576	0.0159098	0.0490493	1466.72
0.600335	1.28504e-05	9.85336e-05	2.94645
0.810294	0.454211	0.735924	22006.3
0.999971	3.98585e-76	6.95963e-74	2.08114e-69
0.000343589	0.000136288	8.3712e-07	0.0250324
0.000695014	0.000258017	2.96498e-06	0.0886617
0.528691	1	0.865653	25885.6
0.442743	1	0.803474	24026.3
0.811415	1	0.980981	29334.3
0.999989	0.59847	0.905709	27083.4
0.99233	1	0.999971	29902.1
0.998921	0.215723	0.546233	16334
0.174521	5.1082e-09	1.94684e-08	0.000582163
0.804617	0.73775	0.903195	27008.2
0.547456	2.31973e-06	1.85115e-05	0.553549
0.00186834	1	0.0136066	406.877
1	0.882766	0.992843	29689
0.356572	1	0.724276	21658
0.433055	1	0.795475	23787.1
0.851679	1	0.988412	29556.5
0.919143	1	0.996639	29802.5
0.421062	1	0.78527	23481.9
0.121838	1	0.378315	11312.7
0.0339671	1	0.148856	4451.24
0.896389	0.749108	0.938916	28076.4
0.662303	1	0.935193	27965.1
0.836835	1	0.985899	29481.3
0.305784	1	0.668101	19978.2
0.132472	1	0.400249	11968.7
0.283602	0.656972	0.499389	14933.2
0.033784	1	0.148236	4432.71
0.00922028	1	0.0524297	1567.81
0.248383	1	0.594327	17772.2
0.217796	1	0.549759	16439.5
0.35457	0.850493	0.663066	19827.7
0.280168	1	0.636645	19037.6
0.193767	0.850498	0.461936	13813.3
0.908523	1	0.995682	29773.9
0.324281	1	0.689468	20617.2
0.976192	1	0.999714	29894.5
0.478068	1	0.830884	24845.9
1	1	1	29903
0.773945	0.910864	0.951424	28450.4
1	0.874462	0.991768	29656.8
0.999999	0.910824	0.9959	29780.4
0.000616168	1	0.00517087	154.625
0.021317	0.912442	0.0960835	2873.18
0.802696	0.00595023	0.0303009	906.088
0.190899	0.0136963	0.0181628	543.122
0.566728	0.16339	0.312933	9357.63
0.94777	0.00610175	0.0355821	1064.01
0.399423	0.00874968	0.0232632	695.64
0.196435	0.00483753	0.0075629	226.153
0.160717	0.178988	0.130846	3912.68
0.936648	0.00484487	0.0290214	867.826
0.953594	0.00484604	0.0294696	881.231
0.262568	0.00484821	0.00975919	291.829
0.756842	0.0048499	0.0242532	725.242
0.999998	1.89001e-13	5.72614e-12	1.71229e-07
0.997161	1	0.999996	29902.9
0.606412	0.753256	0.814694	24361.8
0.999999	0.0984639	0.326709	9769.59
0.999991	0.392528	0.759597	22714.2
0.485524	1	0.836328	25008.7
0.832791	1	0.985169	29459.5
0.136838	0.839981	0.363598	10872.7
0.094619	0.000958552	0.000934906	27.9565
0.20091	0.638164	0.391572	11709.2
0.687528	0.00556082	0.0251058	750.738
0.99999	5.6186e-06	7.35436e-05	2.19917
0.999983	4.03955e-39	3.61149e-37	1.07994e-32
0.97364	0.0116466	0.0621347	1858.02
0.700749	0.336889	0.576874	17250.3
0.398008	6.71681e-07	4.31338e-06	0.128983
0.0366707	0.000217987	0.000101815	3.04457
0.00045605	0.000217987	1.70234e-06	0.0509052
0.862214	0.000217987	0.00180045	53.8388
0.519817	0.000217987	0.0011428	34.1733
0.092106	0.000217987	0.000237238	7.09414
0.092106	0.000217987	0.000237238	7.09414
0.0830391	3.80651e-05	4.31925e-05	1.29159
0.432883	0.165411	0.260395	7786.58
0.675552	0.166465	0.358194	10711.1
0.682188	0.16608	0.360031	10766
0.346891	0.00482113	0.0123649	369.748
0.108231	4.24378e-08	9.27745e-08	0.00277423
0.999874	0.00475069	0.0301612	901.909
0.90155	0.134578	0.377242	11280.7
0.629536	0.134598	0.293879	8787.87
0.836552	0.000166847	0.00137858	41.2237
0.559224	5.39892e-31	2.15194e-29	6.43496e-25
0.991789	0.0288102	0.130161	3892.19
0.888356	1	0.993522	29709.3
0.828898	1	0.984447	29437.9
0.890604	1	0.993785	29717.2
0.905383	1	0.995376	29764.7
0.887507	1	0.993421	29706.3
0.87277	1	0.991539	29650
0.887053	1	0.993367	29704.6
0.821111	1	0.982949	29393.1
0.868021	1	0.99088	29630.3
0.879754	1	0.992462	29677.6
0.789667	1	0.976142	29189.6
0.75254	1	0.966488	28900.9
0.497169	1	0.844603	25256.2
0.600087	1	0.90654	27108.3
0.99719	1	0.999996	29902.9
0.0201846	0.83709	0.0858444	2567.01
0.061647	4.25194e-10	6.64861e-10	1.98813e-05
0.0369831	4.28227e-10	4.09686e-10	1.22508e-05
0.0102344	2.68266e-10	7.58349e-11	2.26769e-06
0.0122339	2.65413e-10	8.91416e-11	2.6656e-06
0.00601582	2.68266e-10	4.54334e-11	1.3586e-06
0.00596	2.71153e-10	4.54941e-11	1.36041e-06
0.160111	2.69225e-10	1.07193e-09	3.2054e-05
0.159699	1.86077e-10	7.50017e-10	2.24278e-05
0.148596	1.83437e-10	6.90327e-10	2.06429e-05
0.173357	1.84751e-10	8.05965e-10	2.41008e-05
0.517092	9.62441e-05	0.000542866	16.2333
0.999726	9.25455e-08	1.59096e-06	0.0475745
0.989283	0.000332184	0.00296438	88.6439
0.716912	0.0414826	0.134282	4015.43
0.549214	0.00466187	0.0178396	533.458
0.242632	0.0115876	0.0193264	577.918
1	0.00947056	0.0535993	1602.78
0.926344	0.469404	0.796956	23831.4
0.518194	0.89723	0.821013	24550.7
0.901853	0.12007	0.349003	10436.2
0.936262	1	0.997924	29840.9
0.395345	3.88867e-05	0.000185758	5.55471
0.512896	1	0.855347	25577.4
0.457404	0.00751144	0.0229287	685.635
0.988549	0.0124378	0.066377	1984.87
