quality	AA	AC	AG	AT	A.	CA	CC	CG	CT	C.	GA	GC	GG	GT	G.	TA	TC	TG	TT	T.	.A	.C	.G	.T	..
0	NA	NA	NA	NA	NA	NA	NA	NA	NA	NA	NA	NA	NA	NA	NA	NA	NA	NA	NA	NA	NA	NA	NA	NA	NA
1	NA	NA	NA	NA	NA	NA	NA	NA	NA	NA	NA	NA	NA	NA	NA	NA	NA	NA	NA	NA	NA	NA	NA	NA	NA
2	NA	NA	NA	NA	NA	NA	NA	NA	NA	NA	NA	NA	NA	NA	NA	NA	NA	NA	NA	NA	NA	NA	NA	NA	NA
3	NA	NA	NA	NA	NA	NA	NA	NA	NA	NA	NA	NA	NA	NA	NA	NA	NA	NA	NA	NA	NA	NA	NA	NA	NA
4	NA	NA	NA	NA	NA	NA	NA	NA	NA	NA	NA	NA	NA	NA	NA	NA	NA	NA	NA	NA	NA	NA	NA	NA	NA
5	NA	NA	NA	NA	NA	NA	NA	NA	NA	NA	NA	NA	NA	NA	NA	NA	NA	NA	NA	NA	NA	NA	NA	NA	NA
6	NA	NA	NA	NA	NA	NA	NA	NA	NA	NA	NA	NA	NA	NA	NA	NA	NA	NA	NA	NA	NA	NA	NA	NA	NA
7	NA	NA	NA	NA	NA	NA	NA	NA	NA	NA	NA	NA	NA	NA	NA	NA	NA	NA	NA	NA	NA	NA	NA	NA	NA
8	NA	NA	NA	NA	NA	NA	NA	NA	NA	NA	NA	NA	NA	NA	NA	NA	NA	NA	NA	NA	NA	NA	NA	NA	NA
9	NA	NA	NA	NA	NA	NA	NA	NA	NA	NA	NA	NA	NA	NA	NA	NA	NA	NA	NA	NA	NA	NA	NA	NA	NA
10	0.9875	NA	NA	0.0125	NA	0.03125	0.96875	NA	NA	NA	0.0126582	NA	0.949367	0.0379747	NA	NA	NA	NA	1	NA	NA	NA	NA	NA	1
11	0.976988	0.011311	0.00219394	0.00950709	NA	0.0602107	0.923754	0.00471624	0.0112666	5.24027e-05	0.0185139	0.0047838	0.938059	0.0385189	0.000124254	0.0178932	0.00562771	0.0141414	0.962193	0.0001443	0.00015248	1.27066e-05	NA	3.81199e-05	0.999797
12	0.970791	0.0178426	0.0045898	0.00671649	6.00759e-05	0.0436895	0.938539	0.00552666	0.0121189	0.000126427	0.0105457	0.00421086	0.956126	0.0289945	0.000123486	0.0120214	0.00621798	0.0225671	0.959061	0.00013265	3.21734e-05	2.50238e-05	6.0772e-05	5.71972e-05	0.999825
13	0.967797	0.0175613	0.00572087	0.00881687	0.000103545	0.0381459	0.946753	0.00442624	0.0105676	0.000107453	0.00765959	0.00341866	0.967762	0.0210467	0.000113415	0.0122828	0.0080519	0.0222436	0.957102	0.000319197	3.85252e-05	4.85752e-05	2.26126e-05	4.10377e-05	0.999849
14	0.965671	0.0188393	0.00591118	0.00946972	0.000109214	0.0341797	0.951852	0.00380078	0.010024	0.000143297	0.0167816	0.00645683	0.947907	0.0287067	0.000148291	0.0148266	0.0135838	0.0213078	0.950089	0.000192634	6.67824e-05	5.80717e-05	3.33912e-05	3.77466e-05	0.999804
15	0.967267	0.0158314	0.00666166	0.0100804	0.000159752	0.0302484	0.952765	0.00519438	0.0116631	0.00012959	0.0129399	0.00591674	0.95247	0.0285087	0.00016479	0.0167741	0.00746729	0.0219942	0.953566	0.000198863	6.41499e-05	4.98944e-05	4.27666e-05	4.03907e-05	0.999803
16	0.965546	0.0149748	0.00751431	0.0118105	0.000154268	0.026028	0.956149	0.00436047	0.0133912	7.17183e-05	0.011586	0.00522231	0.956376	0.0267428	7.32758e-05	0.0195327	0.0117391	0.027606	0.940955	0.000167399	9.64131e-05	3.75261e-05	3.05982e-05	4.84952e-05	0.999787
17	NA	NA	NA	NA	NA	NA	NA	NA	NA	NA	NA	NA	NA	NA	NA	NA	NA	NA	NA	NA	NA	NA	NA	NA	NA
18	1	NA	NA	NA	NA	NA	1	NA	NA	NA	NA	NA	1	NA	NA	NA	NA	NA	1	NA	NA	NA	NA	NA	1
19	1	NA	NA	NA	NA	NA	1	NA	NA	NA	NA	NA	1	NA	NA	NA	NA	NA	1	NA	NA	NA	NA	NA	1
20	0.996893	0.00177567	0.000295946	0.00103581	NA	0.00673684	0.992211	0.000421053	0.000421053	0.000210526	0.000727726	NA	0.995946	0.00322279	0.000103961	0.0018018	0.000225225	0.00472973	0.993243	NA	0.000234714	NA	3.9119e-05	3.9119e-05	0.999687
21	0.997375	0.00183434	0.000395332	0.000395332	NA	0.00455639	0.992946	0.000531964	0.00194283	2.31289e-05	0.000899859	0.000214252	0.997043	0.00182114	2.14252e-05	0.000764854	0.000591023	0.00231774	0.996326	NA	2.08898e-05	2.08898e-05	1.67119e-05	8.35593e-06	0.999933
22	0.996563	0.00233532	0.000528751	0.00050672	6.60939e-05	0.00509193	0.993063	0.000375914	0.00143531	3.4174e-05	0.0015113	0.000385864	0.994855	0.00318338	6.43107e-05	0.0010857	0.00126665	0.00221664	0.994933	0.000497614	3.33596e-05	1.33438e-05	6.67192e-06	6.00472e-05	0.999887
23	0.997498	0.00126306	0.000714941	0.000488543	3.57471e-05	0.00332638	0.994408	0.000521433	0.00172612	1.79804e-05	0.000817082	0.000326833	0.997222	0.00163416	NA	0.000394433	0.000608799	0.00184355	0.996982	0.000171493	3.85755e-05	1.28585e-05	2.89317e-05	2.25024e-05	0.999897
24	0.997943	0.00102854	0.000587738	0.000367336	7.34673e-05	0.00346791	0.9947	0.000196297	0.0016358	NA	0.00125256	0.000341608	0.996527	0.00187884	NA	0.000472515	0.000866278	0.00091878	0.997664	7.87526e-05	5.09513e-05	1.01903e-05	NA	1.01903e-05	0.999929
25	0.996551	0.00152965	0.00130715	0.000500612	0.000111247	0.00257013	0.995513	0.000217808	0.0016989	NA	0.0012536	0.000557155	0.996146	0.0020429	NA	0.000387906	0.00103442	0.00178868	0.996229	0.000560309	2.36625e-05	1.5775e-05	2.36625e-05	3.94375e-05	0.999897
26	0.995314	0.000681605	0.00366363	0.000340803	NA	0.00298932	0.995587	0.000569395	0.000854093	NA	0.00031348	0.00031348	0.997335	0.00203762	NA	0.000419388	0.00221676	0.00167755	0.995626	5.99125e-05	7.17566e-05	7.17566e-05	NA	4.78377e-05	0.999809
27	0.99538	0.00209005	0.001745	0.000714759	7.06543e-05	0.00271011	0.995302	0.000310099	0.00164691	3.12705e-05	0.00307758	0.000881564	0.993076	0.00294907	1.57825e-05	0.00114393	0.00122107	0.00427642	0.993288	7.04978e-05	9.41842e-05	3.06215e-05	1.48468e-05	2.64458e-05	0.999834
28	0.9982	0.00109826	0.000366088	0.000335581	NA	0.000973439	0.997705	0.000173828	0.00114727	NA	0.00168507	0.000298397	0.996753	0.00124625	1.75528e-05	0.000261575	0.00117709	0.000850118	0.997711	NA	5.23404e-05	5.98176e-05	7.47719e-06	2.99088e-05	0.99985
29	0.999673	NA	NA	0.000163319	0.000163319	0.000437063	0.999344	NA	0.000218531	NA	0.000176554	8.82768e-05	0.999029	0.000706215	NA	NA	NA	NA	1	NA	NA	NA	NA	NA	1
30	0.997625	0.000846912	0.00108151	0.000365913	8.11501e-05	0.000549468	0.997767	0.000162978	0.00152035	NA	0.00150077	0.000281669	0.997331	0.000882416	4.40108e-06	0.000510104	0.00135091	0.00100724	0.99703	0.000101588	3.61759e-05	1.93268e-05	1.13979e-05	2.27958e-05	0.99991
31	0.998138	0.000560412	0.00104237	0.000189139	7.00516e-05	0.000583938	0.998164	0.000115018	0.00113249	4.42377e-06	0.000684251	0.000127017	0.998566	0.000614597	8.19462e-06	0.000311633	0.000872266	0.00104183	0.997675	9.92947e-05	3.84354e-05	2.42983e-05	1.10447e-05	2.16475e-05	0.999905
32	0.999434	0.000205764	0.000249857	0.000102882	7.34873e-06	0.000583759	0.99844	6.36828e-05	0.000912786	NA	0.000397761	5.82089e-05	0.999301	0.000242537	NA	0.000121017	0.000672319	0.000564748	0.998642	NA	1.52092e-05	2.17274e-06	4.34547e-06	NA	0.999978
33	0.999455	0.000258026	0.000217889	6.88069e-05	NA	0.00045441	0.998733	0.000104864	0.000707832	NA	0.000253584	2.98334e-05	0.999523	0.000193917	NA	3.67623e-05	0.000537649	0.000896082	0.99852	9.19059e-06	2.01388e-05	6.71293e-06	5.0347e-06	6.71293e-06	0.999961
34	0.997349	0.00109703	0.00131468	0.000151152	8.80039e-05	0.000254289	0.998686	6.06464e-05	0.000994813	4.25589e-06	0.00181538	0.000330933	0.99745	0.000391794	1.14115e-05	0.000248637	0.000866889	0.00100939	0.997741	0.000133596	4.77671e-05	2.15991e-05	1.10072e-05	2.30528e-05	0.999897
35	0.997593	0.00113491	0.00115437	7.78227e-05	3.99922e-05	0.0002767	0.999323	2.42469e-05	0.00037654	NA	0.00141343	0.000274058	0.998126	0.000182705	3.80636e-06	0.000109566	0.000436273	0.000835691	0.998539	7.96845e-05	8.08894e-05	1.34816e-05	3.2099e-06	9.3087e-06	0.999893
36	0.99814	0.000596798	0.00106022	0.000114527	8.89156e-05	0.000165392	0.998737	5.48732e-05	0.00103873	3.86431e-06	0.000986306	0.000138025	0.998651	0.000217102	7.9077e-06	0.000204775	0.000746565	0.000727594	0.998217	0.000104341	3.68261e-05	2.04759e-05	1.00852e-05	1.91007e-05	0.999914
37	0.997575	0.000448373	0.00177825	0.000114316	8.38318e-05	0.000144244	0.998766	4.18418e-05	0.00104715	1.1011e-06	0.000544275	7.48797e-05	0.999185	0.00018217	1.34113e-05	0.000180499	0.00073335	0.000896516	0.998075	0.000114156	5.28804e-05	2.25781e-05	1.04968e-05	2.03995e-05	0.999894
38	0.997364	0.00065579	0.00181638	8.68078e-05	7.6934e-05	9.97249e-05	0.998965	3.67408e-05	0.000896212	2.62434e-06	0.000664539	0.000200281	0.998995	0.000130018	9.84988e-06	0.000146823	0.000665817	0.000815094	0.99824	0.0001321	4.46955e-05	2.34841e-05	9.84817e-06	2.27265e-05	0.999899
39	0.997735	0.000801637	0.00128772	8.24043e-05	9.34665e-05	7.98322e-05	0.999007	3.49454e-05	0.000875293	2.86191e-06	0.000955315	0.000181694	0.998763	8.8602e-05	1.10752e-05	0.000136191	0.000546596	0.000815139	0.998373	0.000128688	3.76741e-05	2.03751e-05	8.60719e-06	2.03468e-05	0.999913
40	0.998145	0.000922576	0.000768826	7.70214e-05	8.60828e-05	5.28039e-05	0.999167	2.12072e-05	0.000753607	5.03404e-06	0.000695227	0.000205319	0.999029	5.17878e-05	1.83212e-05	0.000112462	0.000342389	0.000742207	0.998692	0.00011116	3.63278e-05	2.37453e-05	1.03763e-05	2.28715e-05	0.999907
