quality	AA	AC	AG	AT	A.	CA	CC	CG	CT	C.	GA	GC	GG	GT	G.	TA	TC	TG	TT	T.	.A	.C	.G	.T	..
0	NA	NA	NA	NA	NA	NA	NA	NA	NA	NA	NA	NA	NA	NA	NA	NA	NA	NA	NA	NA	NA	NA	NA	NA	NA
1	NA	NA	NA	NA	NA	NA	NA	NA	NA	NA	NA	NA	NA	NA	NA	NA	NA	NA	NA	NA	NA	NA	NA	NA	NA
2	NA	NA	NA	NA	NA	NA	NA	NA	NA	NA	NA	NA	NA	NA	NA	NA	NA	NA	NA	NA	NA	NA	NA	NA	NA
3	NA	NA	NA	NA	NA	NA	NA	NA	NA	NA	NA	NA	NA	NA	NA	NA	NA	NA	NA	NA	NA	NA	NA	NA	NA
4	NA	NA	NA	NA	NA	NA	NA	NA	NA	NA	NA	NA	NA	NA	NA	NA	NA	NA	NA	NA	NA	NA	NA	NA	NA
5	NA	NA	NA	NA	NA	NA	NA	NA	NA	NA	NA	NA	NA	NA	NA	NA	NA	NA	NA	NA	NA	NA	NA	NA	NA
6	NA	NA	NA	NA	NA	NA	NA	NA	NA	NA	NA	NA	NA	NA	NA	NA	NA	NA	NA	NA	NA	NA	NA	NA	NA
7	NA	NA	NA	NA	NA	NA	NA	NA	NA	NA	NA	NA	NA	NA	NA	NA	NA	NA	NA	NA	NA	NA	NA	NA	NA
8	NA	NA	NA	NA	NA	NA	NA	NA	NA	NA	NA	NA	NA	NA	NA	NA	NA	NA	NA	NA	NA	NA	NA	NA	NA
9	NA	NA	NA	NA	NA	NA	NA	NA	NA	NA	NA	NA	NA	NA	NA	NA	NA	NA	NA	NA	NA	NA	NA	NA	NA
10	NA	NA	NA	NA	NA	NA	NA	NA	NA	NA	NA	NA	NA	NA	NA	NA	NA	NA	NA	NA	NA	NA	NA	NA	NA
11	0.978835	0.00802803	0.00291928	0.0102175	NA	0.0482645	0.933388	0.00528926	0.0130579	NA	0.0158637	0.00417467	0.950071	0.0298906	NA	0.0130103	0.00538358	0.0130103	0.968147	0.000448632	0.00014758	NA	NA	3.68949e-05	0.999816
12	0.972752	0.0148627	0.00444069	0.00785427	9.06262e-05	0.0332071	0.950023	0.00436936	0.012151	0.000249677	0.0131233	0.00514858	0.955062	0.0264984	0.000167889	0.0129318	0.00872453	0.0215235	0.956643	0.000177148	5.19976e-05	8.66626e-06	2.59988e-05	0.000112661	0.999801
13	0.966548	0.0160194	0.00653595	0.0107473	0.000148955	0.0310695	0.952533	0.00491922	0.011357	0.000121198	0.0101666	0.00449382	0.962954	0.0222541	0.000131763	0.0158583	0.0110527	0.0225581	0.950201	0.000329683	6.42812e-05	3.79844e-05	3.36016e-05	5.98984e-05	0.999804
14	0.962551	0.0175146	0.00720314	0.0126447	8.61246e-05	0.0290918	0.952838	0.00463576	0.0132687	0.000165563	0.0180827	0.00785157	0.944271	0.0295421	0.000252215	0.0189499	0.0162367	0.0221718	0.94244	0.000201369	6.0361e-05	5.28158e-05	4.52707e-05	7.29362e-05	0.999769
15	0.976795	0.00774754	0.00552674	0.00972858	0.00020189	0.0114574	0.975273	0.00317513	0.00986985	0.000224655	0.0116793	0.00530992	0.959831	0.0230011	0.000178699	0.0297725	0.0131584	0.030513	0.926195	0.000360764	6.50148e-05	3.44196e-05	6.11904e-05	3.8244e-05	0.999801
16	0.963726	0.0123253	0.00969886	0.0139662	0.000284182	0.017449	0.961707	0.0045444	0.0160443	0.000255388	0.0165035	0.00820149	0.950561	0.0246188	0.000114907	0.0189332	0.0126972	0.0197011	0.948334	0.000334896	0.000158333	7.53968e-05	9.5e-05	7.23809e-05	0.999599
17	NA	NA	NA	NA	NA	NA	NA	NA	NA	NA	NA	NA	NA	NA	NA	NA	NA	NA	NA	NA	NA	NA	NA	NA	NA
18	NA	NA	NA	NA	NA	NA	NA	NA	NA	NA	NA	NA	NA	NA	NA	NA	NA	NA	NA	NA	NA	NA	NA	NA	NA
19	NA	NA	NA	NA	NA	NA	NA	NA	NA	NA	NA	NA	NA	NA	NA	NA	NA	NA	NA	NA	NA	NA	NA	NA	NA
20	0.996493	0.00155885	0.000779423	0.000779423	0.000389712	0.00732218	0.991109	NA	0.00156904	NA	0.000492126	0.000738189	0.995817	0.00295276	NA	0.00160428	NA	0.00320856	0.995187	NA	0.00028824	NA	NA	NA	0.999712
21	0.997746	0.00123591	0.000436205	0.000545256	3.63504e-05	0.00331911	0.994521	0.00036879	0.00179126	NA	0.000746896	0.000280086	0.997573	0.00140043	NA	0.000763961	0.00056681	0.00266154	0.995934	7.39317e-05	1.84434e-05	NA	NA	9.22169e-06	0.999972
22	0.996322	0.00211637	0.00069389	0.000763279	0.000104084	0.00457317	0.993377	0.000578217	0.00141926	5.25652e-05	0.00226959	0.000493389	0.993882	0.00335504	NA	0.00208406	0.00100729	0.00323029	0.993262	0.000416811	3.09821e-05	2.06548e-05	2.06548e-05	3.09821e-05	0.999897
23	0.996923	0.00124866	0.00104798	0.000735819	4.45951e-05	0.00243167	0.995376	0.00065073	0.00150695	3.42489e-05	0.00125025	0.000473069	0.99581	0.00246672	NA	0.00105265	0.00106836	0.00234096	0.995444	9.4267e-05	5.98161e-06	5.98161e-06	1.79448e-05	1.79448e-05	0.999952
24	0.997666	0.00102465	0.000455399	0.000796949	5.69249e-05	0.00298092	0.995131	0.000695548	0.001093	9.93641e-05	0.00131926	0.000351803	0.995778	0.00255057	NA	0.000578972	0.000578972	0.00146673	0.997375	NA	1.54145e-05	6.1658e-05	1.54145e-05	3.0829e-05	0.999877
25	0.996222	0.00131244	0.00178969	0.000556793	0.000119313	0.00289259	0.994986	0.000642797	0.00147843	NA	0.00201547	0.000975229	0.994214	0.00279566	NA	0.00107569	0.00113545	0.00152389	0.995966	0.000298802	3.35308e-05	1.11769e-05	2.23539e-05	3.35308e-05	0.999899
26	0.997675	0.000594787	0.000919217	0.000811074	NA	0.00167702	0.997139	9.86485e-05	0.000986485	9.86485e-05	0.00110509	0.000552547	0.99569	0.00265223	NA	0.000409699	0.000819397	0.00141532	0.997244	0.000111736	4.65376e-05	7.75627e-05	4.65376e-05	7.75627e-05	0.999752
27	0.995419	0.00156395	0.00169581	0.00122663	9.50637e-05	0.00130777	0.996439	0.000442195	0.00178289	2.82252e-05	0.00306001	0.00136439	0.991656	0.00391176	7.88662e-06	0.0011776	0.00152018	0.00406808	0.993039	0.000195077	9.26865e-05	3.84736e-05	4.45945e-05	3.14784e-05	0.999793
28	0.997114	0.000629756	0.00157439	0.000629756	5.24797e-05	0.000837791	0.997358	0.000322227	0.00148225	NA	0.002972	0.000674061	0.994945	0.0014094	NA	0.000401324	0.00120397	0.00381258	0.994582	NA	2.59282e-05	3.88923e-05	NA	3.88923e-05	0.999896
29	1	NA	NA	NA	NA	NA	0.999271	NA	0.000729395	NA	0.000496032	NA	0.999504	NA	NA	NA	NA	NA	1	NA	NA	NA	NA	NA	1
30	0.9971	0.000819583	0.00131186	0.000694517	7.45075e-05	0.000341627	0.997865	0.00020335	0.00159019	NA	0.00172655	0.000548347	0.99681	0.000911442	3.70505e-06	0.000816528	0.00149765	0.000927313	0.99666	9.84757e-05	2.91235e-05	2.20633e-05	1.94157e-05	3.26536e-05	0.999897
31	0.998131	0.000347388	0.00109701	0.000363386	6.17071e-05	0.000257623	0.998317	5.99944e-05	0.0013587	7.05816e-06	0.000966096	0.000175064	0.998262	0.000590032	6.48386e-06	0.000409807	0.00107774	0.00111233	0.99728	0.000119749	3.97933e-05	2.74936e-05	2.89406e-05	3.32817e-05	0.99987
32	0.999285	0.0001172	0.000492241	0.00010548	NA	0.000309241	0.998626	3.43601e-05	0.0010308	NA	0.000398583	1.53301e-05	0.999341	0.000245282	NA	7.46237e-05	0.000501045	0.000522366	0.998891	1.06605e-05	NA	3.36422e-06	NA	1.34569e-05	0.999983
33	0.999549	7.38674e-05	0.000328299	4.92449e-05	NA	0.000284804	0.998887	9.06196e-05	0.000737902	NA	0.000411171	4.44509e-05	0.999255	0.000288931	NA	6.34896e-05	0.000387287	0.00100949	0.998527	1.26979e-05	2.13118e-05	4.73595e-06	9.47189e-06	1.42078e-05	0.99995
34	0.997362	0.000913673	0.00134364	0.000291121	8.95757e-05	0.000177892	0.998753	9.2504e-05	0.000973071	3.55785e-06	0.00150662	0.000400731	0.997605	0.000470626	1.70854e-05	0.000306004	0.000977721	0.000752572	0.997816	0.000148027	5.24414e-05	2.48407e-05	2.41506e-05	2.89808e-05	0.99987
35	0.998318	0.000820553	0.000753092	7.84758e-05	3.02889e-05	5.93902e-05	0.999609	3.0595e-05	0.000300551	NA	0.00107824	0.000318453	0.998422	0.000178265	3.46145e-06	0.00010872	0.000489239	0.000811606	0.998461	0.000128947	8.14589e-05	1.21322e-05	1.08323e-05	1.51652e-05	0.99988
36	0.998175	0.00048229	0.00106869	0.000190508	8.35686e-05	0.000165472	0.998725	5.59181e-05	0.00104533	7.98831e-06	0.000836405	0.000144703	0.998807	0.000205253	6.15758e-06	0.000215874	0.000828215	0.000624941	0.998202	0.000129356	3.84147e-05	2.92042e-05	2.67331e-05	3.5719e-05	0.99987
37	0.997739	0.00036219	0.00162663	0.00016128	0.000110592	0.000135962	0.998786	6.95996e-05	0.00100515	3.23719e-06	0.000579185	0.000114546	0.999124	0.000169399	1.29066e-05	0.00016701	0.000880519	0.000680282	0.998073	0.000199363	7.50382e-05	2.71292e-05	2.10684e-05	2.42431e-05	0.999853
38	0.997446	0.000558465	0.00177131	0.00013482	8.8992e-05	0.000100286	0.998905	5.36014e-05	0.000934566	6.9163e-06	0.000737641	0.000207881	0.998895	0.000145852	1.34117e-05	0.000170585	0.000759132	0.00064998	0.998247	0.000173328	5.68867e-05	3.12546e-05	2.66243e-05	2.69551e-05	0.999858
39	0.997367	0.000672829	0.00173657	0.000127902	9.52279e-05	0.000100127	0.998898	5.68576e-05	0.000936184	8.76108e-06	0.000882487	0.000180328	0.998813	0.000108129	1.62702e-05	0.000152977	0.000656672	0.000698799	0.998356	0.000135821	4.20427e-05	3.19564e-05	2.73212e-05	2.77782e-05	0.999871
40	0.998035	0.000869873	0.000860359	0.000146952	8.77991e-05	7.81573e-05	0.999	4.25892e-05	0.00086814	1.11874e-05	0.000819581	0.000182681	0.998895	7.51461e-05	2.78478e-05	0.000134114	0.000377078	0.000897407	0.99849	0.000101559	4.56924e-05	3.68134e-05	3.45624e-05	3.36245e-05	0.999849
