quality	AA	AC	AG	AT	A.	CA	CC	CG	CT	C.	GA	GC	GG	GT	G.	TA	TC	TG	TT	T.	.A	.C	.G	.T	..
0	NA	NA	NA	NA	NA	NA	NA	NA	NA	NA	NA	NA	NA	NA	NA	NA	NA	NA	NA	NA	NA	NA	NA	NA	NA
1	NA	NA	NA	NA	NA	NA	NA	NA	NA	NA	NA	NA	NA	NA	NA	NA	NA	NA	NA	NA	NA	NA	NA	NA	NA
2	NA	NA	NA	NA	NA	NA	NA	NA	NA	NA	NA	NA	NA	NA	NA	NA	NA	NA	NA	NA	NA	NA	NA	NA	NA
3	NA	NA	NA	NA	NA	NA	NA	NA	NA	NA	NA	NA	NA	NA	NA	NA	NA	NA	NA	NA	NA	NA	NA	NA	NA
4	NA	NA	NA	NA	NA	NA	NA	NA	NA	NA	NA	NA	NA	NA	NA	NA	NA	NA	NA	NA	NA	NA	NA	NA	NA
5	NA	NA	NA	NA	NA	NA	NA	NA	NA	NA	NA	NA	NA	NA	NA	NA	NA	NA	NA	NA	NA	NA	NA	NA	NA
6	NA	NA	NA	NA	NA	NA	NA	NA	NA	NA	NA	NA	NA	NA	NA	NA	NA	NA	NA	NA	NA	NA	NA	NA	NA
7	NA	NA	NA	NA	NA	NA	NA	NA	NA	NA	NA	NA	NA	NA	NA	NA	NA	NA	NA	NA	NA	NA	NA	NA	NA
8	NA	NA	NA	NA	NA	NA	NA	NA	NA	NA	NA	NA	NA	NA	NA	NA	NA	NA	NA	NA	NA	NA	NA	NA	NA
9	NA	NA	NA	NA	NA	NA	NA	NA	NA	NA	NA	NA	NA	NA	NA	NA	NA	NA	NA	NA	NA	NA	NA	NA	NA
10	NA	NA	NA	NA	NA	NA	NA	NA	NA	NA	NA	NA	NA	NA	NA	NA	NA	NA	NA	NA	NA	NA	NA	NA	NA
11	0.978534	0.0113379	0.00377929	0.00619803	0.000151172	0.0545539	0.92233	0.00554785	0.017337	0.00023116	0.0257649	0.00815888	0.925819	0.0401503	0.000107354	0.0296671	0.00795948	0.0267728	0.935601	NA	NA	NA	4.62599e-05	9.25198e-05	0.999861
12	0.972044	0.0120415	0.00605331	0.00966577	0.000195268	0.0395954	0.942768	0.00544653	0.0120602	0.000129679	0.01412	0.00563812	0.950073	0.0299958	0.0001731	0.0132781	0.00668896	0.025458	0.954375	0.000199671	4.37484e-05	8.74967e-06	1.74993e-05	3.49987e-05	0.999895
13	0.965611	0.0156183	0.0071783	0.0114798	0.000112586	0.0295445	0.953918	0.00506409	0.0113854	8.81223e-05	0.00901781	0.00419571	0.96584	0.0208544	9.17981e-05	0.0150514	0.0104396	0.0239054	0.950426	0.000177735	4.83971e-05	3.75078e-05	3.26681e-05	4.96071e-05	0.999832
14	0.961122	0.0170231	0.00774825	0.0139627	0.00014402	0.0298385	0.951779	0.00435487	0.0139181	0.000109419	0.0184362	0.00719282	0.942478	0.0317256	0.000167032	0.0191901	0.0140491	0.0207698	0.945804	0.000186947	7.39267e-05	2.77225e-05	3.23429e-05	4.85144e-05	0.999817
15	0.978127	0.00809182	0.00491406	0.0087907	7.64409e-05	0.012235	0.976033	0.00264065	0.00900334	8.80215e-05	0.0136046	0.00524317	0.956219	0.0248453	8.80149e-05	0.0234306	0.0185949	0.027066	0.930804	0.000104368	5.84237e-05	3.78035e-05	2.40568e-05	3.78035e-05	0.999842
16	0.965234	0.0118941	0.00896877	0.0137264	0.000176938	0.0185998	0.96035	0.00496606	0.0159792	0.000104825	0.0161498	0.00706436	0.953015	0.023622	0.000148333	0.0187121	0.0122507	0.018951	0.949862	0.000224008	8.97125e-05	4.81067e-05	4.68065e-05	7.41103e-05	0.999741
17	NA	NA	NA	NA	NA	NA	NA	NA	NA	NA	NA	NA	NA	NA	NA	NA	NA	NA	NA	NA	NA	NA	NA	NA	NA
18	NA	NA	NA	NA	NA	NA	NA	NA	NA	NA	NA	NA	NA	NA	NA	NA	NA	NA	NA	NA	NA	NA	NA	NA	NA
19	NA	NA	NA	NA	NA	NA	NA	NA	NA	NA	NA	NA	NA	NA	NA	NA	NA	NA	NA	NA	NA	NA	NA	NA	NA
20	0.995751	0.00270375	NA	0.00115875	0.00038625	0.00438048	0.994994	NA	0.000625782	NA	0.00177126	NA	0.995192	0.00303644	NA	0.00267953	0.00160772	0.00375134	0.991961	NA	NA	NA	NA	NA	1
21	0.996745	0.0015949	0.000748625	0.000846272	6.50978e-05	0.00255247	0.996029	0.00060773	0.000769792	4.05154e-05	0.000833234	0.0003571	0.996984	0.0017855	3.96778e-05	0.0012747	0.000682874	0.00211691	0.995903	2.27625e-05	8.04188e-06	8.04188e-06	3.21675e-05	NA	0.999952
22	0.996808	0.00116614	0.00104339	0.000859265	0.000122752	0.0036553	0.994442	0.000701016	0.00120174	NA	0.00159502	0.000717761	0.995175	0.00251216	NA	0.0019523	0.000780921	0.00321379	0.993933	0.000120142	4.50942e-05	2.70565e-05	9.01884e-06	2.70565e-05	0.999892
23	0.996351	0.000952671	0.00170265	0.000932401	6.08088e-05	0.00235869	0.995766	0.000682031	0.00116514	2.8418e-05	0.00131135	0.000428197	0.995959	0.00224803	5.35246e-05	0.00115023	0.00116377	0.0019351	0.995697	5.41287e-05	NA	5.11247e-06	1.02249e-05	1.53374e-05	0.999969
24	0.997889	0.00092688	0.000823893	0.00030896	5.14933e-05	0.00150614	0.997543	0.000317083	0.000634166	NA	0.000907853	0.000378272	0.996293	0.00234529	7.56544e-05	0.00052263	0.000452946	0.000975576	0.998014	3.4842e-05	4.05828e-05	NA	2.70552e-05	2.70552e-05	0.999905
25	0.996577	0.000946728	0.00178422	0.000546189	0.000145651	0.00216298	0.995557	0.00058459	0.00163685	5.8459e-05	0.00146598	0.000909918	0.995754	0.00187039	NA	0.00137008	0.00175783	0.00209389	0.994701	7.75514e-05	9.70968e-06	NA	NA	NA	0.99999
26	0.996545	0.000681298	0.00184924	0.000924619	NA	0.00140496	0.996777	0.000247934	0.00157025	NA	0.00125607	0.000753643	0.995729	0.00217719	8.37381e-05	0.000415296	0.00108616	0.00105421	0.99738	6.38916e-05	3.95439e-05	NA	2.63626e-05	2.63626e-05	0.999908
27	0.99627	0.000944526	0.00160381	0.00114366	3.76734e-05	0.00123731	0.996484	0.000549918	0.00169558	3.33283e-05	0.00260491	0.00121586	0.991485	0.00466863	2.52553e-05	0.00107253	0.00117022	0.00376839	0.993893	9.56128e-05	2.78088e-05	1.77668e-05	1.08145e-05	3.32161e-05	0.99991
28	0.998078	0.000600709	0.00108128	0.000240284	NA	0.000468628	0.994168	0.00010414	0.00520698	5.20698e-05	0.00237566	0.000617055	0.995681	0.00132667	NA	0.000644053	0.00472306	0.000751395	0.993774	0.000107342	NA	NA	1.29002e-05	1.29002e-05	0.999974
29	1	NA	NA	NA	NA	NA	1	NA	NA	NA	0.000323625	NA	0.999676	NA	NA	NA	NA	NA	1	NA	NA	NA	NA	NA	1
30	0.997482	0.000498447	0.00138904	0.000576403	5.43331e-05	0.000342328	0.99809	0.000320243	0.00122944	1.84047e-05	0.00143893	0.000382626	0.997312	0.00086336	3.2703e-06	0.00067695	0.00149524	0.000628596	0.997125	7.43901e-05	2.92023e-05	1.34173e-05	5.52476e-06	1.34173e-05	0.999938
31	0.998316	0.000247465	0.00113185	0.000275862	2.83976e-05	0.000160308	0.998354	0.000320617	0.00116224	3.08285e-06	0.000780419	0.000184144	0.998465	0.000569969	NA	0.00033486	0.000921458	0.000688718	0.998026	2.84987e-05	2.25089e-05	7.07421e-06	7.07421e-06	1.99364e-05	0.999943
32	0.999534	0.000202415	0.000222656	4.0483e-05	NA	0.000134584	0.999556	4.03752e-05	0.000269168	NA	0.000275357	6.88392e-05	0.999353	0.000289125	1.37678e-05	0.000100096	0.000582379	0.000236592	0.999081	NA	2.86013e-06	8.5804e-06	2.86013e-06	5.72027e-06	0.99998
33	0.99965	6.55637e-05	0.000182121	9.47032e-05	7.28486e-06	0.000144536	0.999597	5.16198e-05	0.000206479	NA	0.000302816	0.000100939	0.999273	0.000323004	NA	4.33381e-05	0.000503806	0.000492971	0.998922	3.79209e-05	4.0722e-06	2.0361e-06	8.1444e-06	8.1444e-06	0.999978
34	0.998179	0.000286779	0.00128549	0.000210572	3.81035e-05	0.000136926	0.998489	0.000289774	0.00106994	1.43295e-05	0.000873864	0.000188047	0.998626	0.000300045	1.24443e-05	0.000208104	0.000829097	0.000401818	0.99852	4.09567e-05	2.24757e-05	8.31294e-06	4.00253e-06	2.00126e-05	0.999945
35	0.999169	0.000158031	0.000599551	4.34283e-05	3.01585e-05	3.33299e-05	0.999452	0.000104751	0.000401547	7.9357e-06	0.000551173	8.20516e-05	0.999112	0.000255073	NA	5.25775e-05	0.00045418	0.000465367	0.99899	3.80348e-05	1.10483e-05	4.34041e-06	3.55125e-06	1.06537e-05	0.99997
36	0.998616	0.000160963	0.0010424	0.000139072	4.12066e-05	5.36504e-05	0.998683	0.000273313	0.00097583	1.41718e-05	0.000528935	7.55622e-05	0.999265	0.000121637	9.2149e-06	0.000126404	0.000865147	0.000249023	0.998715	4.46576e-05	2.32502e-05	9.09791e-06	6.87398e-06	1.86002e-05	0.999942
37	0.998443	0.000114527	0.00133864	7.71813e-05	2.6557e-05	3.15166e-05	0.999003	0.000299408	0.000657551	8.59543e-06	0.000340281	7.4036e-05	0.99946	0.000119597	5.69508e-06	7.71773e-05	0.000822962	0.000231532	0.998807	6.14269e-05	1.47125e-05	8.00155e-06	6.96909e-06	1.98748e-05	0.99995
38	0.998474	0.000142082	0.00128604	5.88765e-05	3.89266e-05	2.32021e-05	0.998739	0.000269918	0.000955928	1.16011e-05	0.000367619	5.47677e-05	0.999481	8.10262e-05	1.57551e-05	7.30181e-05	0.000838963	0.000214584	0.998818	5.56329e-05	1.74813e-05	1.04589e-05	5.52829e-06	1.85272e-05	0.999948
39	0.998485	0.000154109	0.00126582	5.08797e-05	4.46055e-05	2.67036e-05	0.998645	0.000367295	0.000952377	8.63471e-06	0.000348072	4.08506e-05	0.999557	4.14626e-05	1.30049e-05	5.72246e-05	0.000752213	0.000170568	0.998975	4.50609e-05	2.16637e-05	9.33932e-06	6.41339e-06	2.13681e-05	0.999941
40	0.998663	0.000212798	0.00103433	3.87074e-05	5.13313e-05	1.83465e-05	0.998671	0.00027049	0.00103052	9.4848e-06	0.000279819	3.98748e-05	0.999642	2.38012e-05	1.44507e-05	5.31006e-05	0.000605803	0.000228994	0.999074	3.84239e-05	3.01599e-05	1.21515e-05	7.84694e-06	2.244e-05	0.999927
