quality	AA	AC	AG	AT	A.	CA	CC	CG	CT	C.	GA	GC	GG	GT	G.	TA	TC	TG	TT	T.	.A	.C	.G	.T	..
0	NA	NA	NA	NA	NA	NA	NA	NA	NA	NA	NA	NA	NA	NA	NA	NA	NA	NA	NA	NA	NA	NA	NA	NA	NA
1	NA	NA	NA	NA	NA	NA	NA	NA	NA	NA	NA	NA	NA	NA	NA	NA	NA	NA	NA	NA	NA	NA	NA	NA	NA
2	NA	NA	NA	NA	NA	NA	NA	NA	NA	NA	NA	NA	NA	NA	NA	NA	NA	NA	NA	NA	NA	NA	NA	NA	NA
3	NA	NA	NA	NA	NA	NA	NA	NA	NA	NA	NA	NA	NA	NA	NA	NA	NA	NA	NA	NA	NA	NA	NA	NA	NA
4	NA	NA	NA	NA	NA	NA	NA	NA	NA	NA	NA	NA	NA	NA	NA	NA	NA	NA	NA	NA	NA	NA	NA	NA	NA
5	NA	NA	NA	NA	NA	NA	NA	NA	NA	NA	NA	NA	NA	NA	NA	NA	NA	NA	NA	NA	NA	NA	NA	NA	NA
6	NA	NA	NA	NA	NA	NA	NA	NA	NA	NA	NA	NA	NA	NA	NA	NA	NA	NA	NA	NA	NA	NA	NA	NA	NA
7	NA	NA	NA	NA	NA	NA	NA	NA	NA	NA	NA	NA	NA	NA	NA	NA	NA	NA	NA	NA	NA	NA	NA	NA	NA
8	NA	NA	NA	NA	NA	NA	NA	NA	NA	NA	NA	NA	NA	NA	NA	NA	NA	NA	NA	NA	NA	NA	NA	NA	NA
9	NA	NA	NA	NA	NA	NA	NA	NA	NA	NA	NA	NA	NA	NA	NA	NA	NA	NA	NA	NA	NA	NA	NA	NA	NA
10	0.985714	NA	NA	0.0142857	NA	NA	0.965517	NA	0.0344828	NA	0.0222222	NA	0.922222	0.0555556	NA	NA	NA	NA	1	NA	NA	NA	NA	NA	1
11	0.972191	0.0118174	0.0030172	0.0129237	5.02866e-05	0.055068	0.927593	0.00449534	0.0126298	0.000214064	0.0153576	0.00463863	0.93368	0.0461355	0.000188052	0.0163555	0.00449775	0.0145836	0.963882	0.000681477	0.000102845	2.57112e-05	3.85669e-05	3.85669e-05	0.999794
12	0.969304	0.0185741	0.00491903	0.00713898	6.38835e-05	0.0437175	0.937717	0.00455299	0.0138358	0.000176815	0.0128175	0.00466216	0.947176	0.0352069	0.000137527	0.0120623	0.00552442	0.0211041	0.96117	0.000139104	4.33255e-05	3.03278e-05	3.46604e-05	6.49882e-05	0.999827
13	0.967592	0.0176243	0.00600717	0.00862036	0.000155708	0.0416239	0.943731	0.00487535	0.00968703	8.23791e-05	0.00848371	0.00352853	0.966748	0.0211821	5.80828e-05	0.0130067	0.00759368	0.0227478	0.956477	0.000174345	6.68333e-05	1.93074e-05	3.86148e-05	2.74759e-05	0.999848
14	0.966633	0.018124	0.00548599	0.00956224	0.000194304	0.0334002	0.95104	0.00392103	0.0112846	0.000354198	0.0134641	0.00599427	0.949619	0.0306111	0.000311241	0.0156381	0.0100478	0.0221647	0.951981	0.000168211	6.09862e-05	3.04931e-05	1.8561e-05	6.09862e-05	0.999829
15	0.967943	0.0143599	0.00667361	0.0108774	0.000145712	0.0317952	0.950046	0.0050412	0.0130053	0.000112027	0.014283	0.00598352	0.951	0.0286268	0.000106306	0.0169827	0.00846865	0.0222654	0.952165	0.000117998	4.84788e-05	1.98322e-05	3.30537e-05	7.93289e-05	0.999819
16	0.966903	0.0147343	0.00652987	0.0117007	0.000132668	0.0260806	0.956896	0.00408343	0.0128274	0.000112859	0.0118694	0.00514715	0.957156	0.0257511	7.67087e-05	0.0200777	0.0123887	0.0268276	0.940501	0.000205014	9.63126e-05	4.39688e-05	2.72188e-05	4.55391e-05	0.999787
17	NA	NA	NA	NA	NA	NA	NA	NA	NA	NA	NA	NA	NA	NA	NA	NA	NA	NA	NA	NA	NA	NA	NA	NA	NA
18	1	NA	NA	NA	NA	NA	1	NA	NA	NA	NA	NA	1	NA	NA	NA	NA	NA	1	NA	NA	NA	NA	NA	1
19	0.988764	0.011236	NA	NA	NA	NA	1	NA	NA	NA	NA	NA	1	NA	NA	NA	NA	NA	1	NA	NA	NA	NA	NA	1
20	0.99635	0.00211295	0.000384172	0.00115252	NA	0.00640417	0.990987	0.000711575	0.00189753	NA	0.000941493	0.000134499	0.994351	0.00430397	0.000268998	0.00105235	0.000526177	0.00210471	0.996317	NA	0.000193742	NA	NA	NA	0.999806
21	0.996346	0.00231161	0.000775151	0.000512153	5.53679e-05	0.0071156	0.990771	0.000819372	0.00127218	2.15624e-05	0.000979012	0.000305941	0.996329	0.00236595	2.03961e-05	0.000826429	0.000349643	0.00243691	0.996366	2.11905e-05	3.43547e-05	1.52687e-05	7.63437e-06	NA	0.999943
22	0.995762	0.0023727	0.00133844	0.000506986	2.02795e-05	0.00534274	0.992641	0.000806452	0.00114247	6.72043e-05	0.00114199	0.000409944	0.994964	0.00348452	NA	0.00108128	0.000754856	0.0026522	0.995348	0.000163212	0.00011098	6.16557e-06	1.84967e-05	3.08279e-05	0.999834
23	0.997444	0.00142983	0.000754318	0.000326496	4.50339e-05	0.00606702	0.992443	0.000520544	0.000915439	5.38493e-05	0.00118053	0.000202903	0.996735	0.00184458	3.68915e-05	0.000407166	0.000236156	0.0014658	0.997818	7.32899e-05	3.42195e-05	1.55543e-05	2.79978e-05	2.79978e-05	0.999894
24	0.997586	0.00123861	0.000952774	0.000190555	3.17591e-05	0.00485977	0.991978	0.00122958	0.0019322	NA	0.000712524	0.000219238	0.997095	0.00197314	NA	0.000393446	0.000231439	0.000786891	0.998565	2.31439e-05	3.6362e-05	2.72715e-05	2.72715e-05	1.8181e-05	0.999891
25	0.997513	0.00130759	0.00082045	0.000307669	5.12781e-05	0.0043618	0.993893	0.000459137	0.00119376	9.18274e-05	0.000911063	0.000260304	0.996052	0.00273319	4.33839e-05	0.000401881	0.000381787	0.00124583	0.99783	0.000140658	0.000104822	1.49745e-05	2.24618e-05	5.98982e-05	0.999798
26	0.994636	0.00138432	0.00363385	0.000346081	NA	0.00471846	0.991821	0.00235923	0.00110098	NA	0.000965406	0.000321802	0.996782	0.00176991	0.000160901	0.000312246	0.000312246	0.00118654	0.998064	0.000124899	0.000124607	2.49215e-05	4.9843e-05	4.9843e-05	0.999751
27	0.997465	0.00121546	0.00060028	0.000644966	7.44765e-05	0.00261242	0.995202	0.000268066	0.00186915	4.87392e-05	0.00162991	0.000728664	0.993393	0.0041781	7.03097e-05	0.00109344	0.00148192	0.00358069	0.993722	0.000121632	5.80357e-05	1.89153e-05	1.71958e-05	3.69709e-05	0.999869
28	0.998917	0.000419287	0.000384347	0.000209644	6.98812e-05	0.000436856	0.998799	7.28093e-05	0.000691689	NA	0.00259978	0.000336663	0.995567	0.00130924	0.000187035	6.81431e-05	0.00156729	0.000408859	0.997956	NA	1.61057e-05	NA	NA	4.02641e-05	0.999944
29	1	NA	NA	NA	NA	0.000446528	0.99933	NA	0.000223264	NA	0.000305281	0.000203521	0.999288	0.000203521	NA	NA	0.000275406	NA	0.999725	NA	NA	NA	NA	NA	1
30	0.998287	0.000537633	0.000781762	0.000342878	5.0746e-05	0.00096932	0.997241	0.000287287	0.00146275	3.94745e-05	0.000925052	0.000237458	0.997698	0.0011336	6.19455e-06	0.000325174	0.000727096	0.000575618	0.998297	7.47294e-05	5.79297e-05	1.01956e-05	7.87844e-06	2.2245e-05	0.999902
31	0.998759	0.000445308	0.000563531	0.000198352	3.41534e-05	0.00102418	0.99749	0.000209491	0.00125272	2.32768e-05	0.000760206	0.000217767	0.997963	0.00103539	2.37564e-05	0.000194619	0.000652121	0.000553358	0.998549	5.08335e-05	4.7471e-05	1.09225e-05	1.00823e-05	1.97446e-05	0.999912
32	0.998778	0.000413863	0.000740948	3.33761e-05	3.33761e-05	0.00283993	0.996386	0.000539484	0.000234116	NA	0.00027906	3.98657e-05	0.999601	7.97313e-05	NA	7.42515e-05	0.000117565	0.000402195	0.9994	6.18762e-06	1.43953e-05	NA	2.05647e-06	NA	0.999984
33	0.99873	0.000486465	0.000697267	6.48621e-05	2.16207e-05	0.00347758	0.995924	0.000364236	0.000234151	NA	0.000256985	4.67246e-05	0.999525	0.000171324	NA	4.01918e-05	7.14522e-05	0.000375124	0.999513	NA	1.48651e-05	NA	1.65168e-06	6.60673e-06	0.999977
34	0.999064	0.000252867	0.000524512	0.000122052	3.69287e-05	0.000476483	0.99823	0.00013309	0.00113787	2.2351e-05	0.000801421	0.000232876	0.997952	0.000974258	3.91159e-05	0.000168092	0.000750857	0.000488994	0.998515	7.71e-05	5.48079e-05	1.3702e-05	1.03743e-05	2.87741e-05	0.999892
35	0.999572	0.000139527	0.000216267	4.68412e-05	2.49155e-05	0.000282198	0.999254	3.08873e-05	0.000429615	2.80794e-06	0.000534804	0.000101428	0.99861	0.000723172	3.02968e-05	4.22391e-05	0.000582707	0.000505909	0.998793	7.58383e-05	2.43199e-05	5.61228e-06	6.85946e-06	1.83958e-05	0.999945
36	0.999102	0.000226518	0.000532956	8.76842e-05	5.06925e-05	0.000563812	0.998172	0.000178715	0.00104014	4.56134e-05	0.000730946	0.00020924	0.99841	0.000612377	3.69658e-05	0.000103565	0.000673967	0.000232091	0.998901	8.9225e-05	4.83758e-05	1.25689e-05	6.86906e-06	2.41148e-05	0.999908
37	0.999161	0.00020934	0.000521565	6.36345e-05	4.40089e-05	0.00067644	0.998093	0.000193722	0.00102472	1.16445e-05	0.000462907	8.67951e-05	0.998466	0.000972963	1.1787e-05	7.34588e-05	0.000629809	0.000268779	0.998958	6.94726e-05	4.64764e-05	1.52413e-05	5.64491e-06	2.59666e-05	0.999907
38	0.999216	0.000173582	0.00050664	5.05464e-05	5.32892e-05	0.000479699	0.998384	0.000142561	0.000971599	2.18337e-05	0.000605239	0.00015035	0.998552	0.00066218	3.07098e-05	6.33082e-05	0.000611455	0.000196609	0.999045	8.37556e-05	5.19852e-05	1.35137e-05	8.27868e-06	2.4836e-05	0.999901
39	0.99928	0.000168001	0.000448785	5.05177e-05	5.27769e-05	0.000435298	0.998394	0.000138409	0.00100945	2.27685e-05	0.000627518	0.000140899	0.998705	0.000500116	2.68449e-05	5.07608e-05	0.000585103	0.000171064	0.999107	8.64626e-05	5.17131e-05	1.29214e-05	9.97345e-06	2.61183e-05	0.999899
40	0.999441	0.000136814	0.000322183	4.62872e-05	5.40383e-05	0.000190829	0.998663	9.75842e-05	0.00103259	1.61342e-05	0.000564037	8.85085e-05	0.999162	0.00015511	3.03422e-05	4.63243e-05	0.000412575	0.000158964	0.999302	8.0447e-05	6.4677e-05	1.47447e-05	1.13523e-05	2.74273e-05	0.999882
