quality	AA	AC	AG	AT	A.	CA	CC	CG	CT	C.	GA	GC	GG	GT	G.	TA	TC	TG	TT	T.	.A	.C	.G	.T	..
0	NA	NA	NA	NA	NA	NA	NA	NA	NA	NA	NA	NA	NA	NA	NA	NA	NA	NA	NA	NA	NA	NA	NA	NA	NA
1	NA	NA	NA	NA	NA	NA	NA	NA	NA	NA	NA	NA	NA	NA	NA	NA	NA	NA	NA	NA	NA	NA	NA	NA	NA
2	NA	NA	NA	NA	NA	NA	NA	NA	NA	NA	NA	NA	NA	NA	NA	NA	NA	NA	NA	NA	NA	NA	NA	NA	NA
3	NA	NA	NA	NA	NA	NA	NA	NA	NA	NA	NA	NA	NA	NA	NA	NA	NA	NA	NA	NA	NA	NA	NA	NA	NA
4	NA	NA	NA	NA	NA	NA	NA	NA	NA	NA	NA	NA	NA	NA	NA	NA	NA	NA	NA	NA	NA	NA	NA	NA	NA
5	NA	NA	NA	NA	NA	NA	NA	NA	NA	NA	NA	NA	NA	NA	NA	NA	NA	NA	NA	NA	NA	NA	NA	NA	NA
6	NA	NA	NA	NA	NA	NA	NA	NA	NA	NA	NA	NA	NA	NA	NA	NA	NA	NA	NA	NA	NA	NA	NA	NA	NA
7	NA	NA	NA	NA	NA	NA	NA	NA	NA	NA	NA	NA	NA	NA	NA	NA	NA	NA	NA	NA	NA	NA	NA	NA	NA
8	NA	NA	NA	NA	NA	NA	NA	NA	NA	NA	NA	NA	NA	NA	NA	NA	NA	NA	NA	NA	NA	NA	NA	NA	NA
9	NA	NA	NA	NA	NA	NA	NA	NA	NA	NA	NA	NA	NA	NA	NA	NA	NA	NA	NA	NA	NA	NA	NA	NA	NA
10	NA	NA	NA	NA	NA	NA	NA	NA	NA	NA	NA	NA	NA	NA	NA	NA	NA	NA	NA	NA	NA	NA	NA	NA	NA
11	0.974494	0.0106434	0.00489021	0.00968453	0.000287659	0.0546192	0.920162	0.00709669	0.0178685	0.000253453	0.0186715	0.00678963	0.939855	0.034514	0.000169741	0.028088	0.00541455	0.0182741	0.948223	NA	7.70436e-05	NA	NA	NA	0.999923
12	0.972552	0.0136185	0.00569675	0.0079601	0.000172629	0.0346094	0.947954	0.00488759	0.0124171	0.000132097	0.0130544	0.00512446	0.952323	0.0292711	0.000227033	0.0143458	0.00788874	0.0232572	0.954216	0.000292176	5.92181e-05	3.76842e-05	2.15339e-05	2.69173e-05	0.999855
13	0.96686	0.0149371	0.00722898	0.0108225	0.000151185	0.0294718	0.954417	0.00476814	0.0111963	0.000146262	0.0100528	0.00449447	0.96427	0.0210516	0.000131299	0.0152458	0.0101819	0.0222218	0.952171	0.00017953	6.44464e-05	3.40751e-05	2.88897e-05	5.25942e-05	0.99982
14	0.961606	0.0168402	0.0080804	0.0133192	0.000153831	0.0290794	0.952723	0.00457494	0.0134232	0.00019891	0.0174973	0.00679196	0.943505	0.032015	0.000190318	0.0180468	0.0150902	0.0215848	0.945015	0.000263296	7.97366e-05	4.3247e-05	2.97323e-05	7.29793e-05	0.999774
15	0.976724	0.00825597	0.00586815	0.00898868	0.000163549	0.0125474	0.975176	0.0028777	0.00918233	0.000216601	0.0149212	0.00566917	0.952737	0.0265176	0.000154815	0.024808	0.0149651	0.0258462	0.934048	0.000332994	8.76925e-05	5.30234e-05	2.44723e-05	5.30234e-05	0.999782
16	0.962203	0.0122978	0.0100129	0.0153234	0.000162669	0.0187214	0.95929	0.00534073	0.0165406	0.000106979	0.0178997	0.00854064	0.94812	0.0252961	0.000143508	0.0195125	0.0131072	0.0192097	0.947896	0.000274692	0.00010493	5.08257e-05	5.65641e-05	8.77153e-05	0.9997
17	NA	NA	NA	NA	NA	NA	NA	NA	NA	NA	NA	NA	NA	NA	NA	NA	NA	NA	NA	NA	NA	NA	NA	NA	NA
18	NA	NA	NA	NA	NA	NA	NA	NA	NA	NA	NA	NA	NA	NA	NA	NA	NA	NA	NA	NA	NA	NA	NA	NA	NA
19	NA	NA	NA	NA	NA	NA	NA	NA	NA	NA	NA	NA	NA	NA	NA	NA	NA	NA	NA	NA	NA	NA	NA	NA	NA
20	0.9985	0.00100025	NA	0.000500125	NA	0.00518327	0.991114	0.0011107	0.00259163	NA	0.0024305	0.000303813	0.995139	0.00212669	NA	0.00406174	NA	0.0077173	0.988221	NA	NA	NA	NA	NA	1
21	0.997193	0.00151757	0.000493209	0.000777752	1.89696e-05	0.00200513	0.996218	0.000609153	0.00111678	5.07627e-05	0.00098912	0.000361873	0.996816	0.00183349	NA	0.0010789	0.000618397	0.0018815	0.996355	6.57869e-05	2.39445e-05	NA	4.78891e-06	NA	0.999971
22	0.996196	0.00164075	0.000988179	0.00110005	7.45796e-05	0.00348212	0.994387	0.000630385	0.00141086	9.00549e-05	0.00163512	0.00054504	0.994673	0.00314637	NA	0.00200368	0.000866457	0.00341168	0.993592	0.000126358	2.73913e-05	NA	5.47825e-06	2.73913e-05	0.99994
23	0.996436	0.00104042	0.00161445	0.000861038	4.78354e-05	0.00245558	0.995992	0.000740286	0.00072223	9.02788e-05	0.0012521	0.000514562	0.996227	0.00197249	3.43041e-05	0.00113334	0.000876888	0.00182823	0.996071	9.09978e-05	2.52272e-05	1.89204e-05	1.5767e-05	1.89204e-05	0.999921
24	0.997525	0.000844521	0.000902764	0.000669792	5.82428e-05	0.0018654	0.996613	0.000638162	0.00083452	4.90894e-05	0.00116248	0.00062595	0.996244	0.00196727	NA	0.000446106	0.000446106	0.00121086	0.997854	4.24863e-05	NA	8.06276e-06	NA	NA	0.999992
25	0.996573	0.000862033	0.00197637	0.000504605	8.41008e-05	0.0022223	0.995908	0.000740767	0.00109351	3.52746e-05	0.00162485	0.000487456	0.993956	0.00389965	3.24971e-05	0.00123757	0.00126851	0.00151602	0.995916	6.18783e-05	1.75291e-05	2.33721e-05	1.16861e-05	3.50582e-05	0.999912
26	0.996843	0.000666087	0.00205618	0.000434405	NA	0.00195866	0.996237	0.000515437	0.00123705	5.15437e-05	0.00149461	0.00096082	0.995356	0.00218853	NA	0.000431635	0.00102023	0.00102023	0.997489	3.92395e-05	6.47883e-05	1.61971e-05	3.23942e-05	3.23942e-05	0.999854
27	0.995563	0.00120714	0.00195317	0.00122032	5.59931e-05	0.00134891	0.996519	0.000549842	0.0015339	4.88177e-05	0.00251741	0.00121017	0.991289	0.004955	2.80431e-05	0.00127321	0.00158486	0.0037018	0.993374	6.58773e-05	3.16501e-05	1.60613e-05	1.46441e-05	3.0233e-05	0.999907
28	0.996357	0.000483528	0.00241764	0.000676939	6.44704e-05	0.000374685	0.997888	0.000136249	0.00160093	NA	0.00248075	0.000620187	0.99559	0.00129206	1.72274e-05	0.000658564	0.00359217	0.000538825	0.995151	5.98695e-05	2.22071e-05	7.40236e-06	NA	2.22071e-05	0.999948
29	0.999649	NA	0.000350754	NA	NA	0.000642674	0.999357	NA	NA	NA	0.000151883	NA	0.999848	NA	NA	0.00127877	NA	NA	0.998721	NA	7.96622e-05	NA	7.96622e-05	NA	0.999841
30	0.997043	0.00049262	0.00175032	0.00065912	5.50414e-05	0.000288634	0.99834	0.000210682	0.00115243	8.42726e-06	0.00139061	0.000440455	0.997234	0.000925148	9.61692e-06	0.000594768	0.00158744	0.000636653	0.997146	3.56023e-05	1.73214e-05	7.29322e-06	8.6607e-06	2.59821e-05	0.999941
31	0.997974	0.000235105	0.00147627	0.000282842	3.22225e-05	0.000190033	0.998811	0.000188223	0.000808997	1.80984e-06	0.000914554	0.000223973	0.998271	0.000580292	1.01806e-05	0.00034446	0.000996326	0.000607951	0.99802	3.15641e-05	2.14226e-05	1.16509e-05	7.51671e-06	2.33018e-05	0.999936
32	0.999129	0.000146201	0.000567258	0.00011696	4.09362e-05	0.000126445	0.999581	7.90283e-06	0.000276599	7.90283e-06	0.000287566	8.54927e-05	0.999293	0.000326427	7.77206e-06	0.000123574	0.000617871	0.000263267	0.998968	2.6864e-05	1.3332e-05	6.66602e-06	NA	9.99903e-06	0.99997
33	0.999332	0.000121925	0.000454064	5.88601e-05	3.36344e-05	0.000105321	0.99961	2.47813e-05	0.000260204	NA	0.000331629	1.74541e-05	0.999383	0.000261812	5.81805e-06	4.53597e-05	0.000401757	0.000346678	0.999177	2.91598e-05	8.44265e-06	1.20609e-06	4.82437e-06	1.3267e-05	0.999972
34	0.99769	0.000399655	0.001644	0.000212917	5.29383e-05	0.000125531	0.999001	0.000206429	0.000658341	8.36874e-06	0.000815294	0.000186353	0.998628	0.000360657	9.63894e-06	0.00018494	0.00103001	0.000382724	0.998348	5.45831e-05	2.00423e-05	8.4106e-06	6.08426e-06	2.20107e-05	0.999943
35	0.999002	0.000294133	0.000618977	6.21024e-05	2.32031e-05	4.19511e-05	0.999711	5.89101e-05	0.000186549	1.78515e-06	0.000357115	7.8298e-05	0.999354	0.000207203	3.81941e-06	4.0559e-05	0.00052598	0.000447437	0.998944	4.24904e-05	1.17682e-05	4.88491e-06	3.99675e-06	9.1037e-06	0.99997
36	0.998209	0.000211999	0.0014069	0.000123999	4.83633e-05	5.16511e-05	0.999192	0.000170623	0.000579189	6.9642e-06	0.000559754	8.86843e-05	0.999197	0.000142417	1.25201e-05	0.000122915	0.000997834	0.000200591	0.998622	5.6763e-05	1.95891e-05	5.95692e-06	6.30059e-06	1.69543e-05	0.999951
37	0.998144	0.000130948	0.00159062	8.91758e-05	4.55266e-05	4.87236e-05	0.999239	0.000209759	0.000495494	7.43241e-06	0.000410953	8.76063e-05	0.999368	0.000123445	1.03535e-05	7.34486e-05	0.00101493	0.000198979	0.998661	5.16366e-05	1.90044e-05	7.16319e-06	6.43226e-06	1.68116e-05	0.999951
38	0.998039	0.000180391	0.00166505	6.9568e-05	4.6109e-05	3.13743e-05	0.999332	0.000166022	0.000466257	3.92179e-06	0.000422347	5.56485e-05	0.999438	7.47517e-05	9.13632e-06	5.97495e-05	0.00094631	0.000166801	0.998765	6.16858e-05	1.84656e-05	6.82062e-06	5.65613e-06	1.85488e-05	0.999951
39	0.998041	0.000250635	0.00161113	5.07513e-05	4.6984e-05	2.30649e-05	0.999294	0.00023199	0.000444848	6.16852e-06	0.000369333	4.0422e-05	0.99953	4.64601e-05	1.42567e-05	4.64519e-05	0.000874218	0.000140573	0.998882	5.63406e-05	1.90584e-05	7.55819e-06	5.60348e-06	1.87814e-05	0.999949
40	0.998526	0.000311999	0.00106771	4.08501e-05	5.34232e-05	2.37007e-05	0.999294	0.000181454	0.000493942	6.52903e-06	0.000325124	3.63228e-05	0.999594	2.70454e-05	1.72709e-05	3.80706e-05	0.000666101	0.000177149	0.999069	4.92693e-05	2.32451e-05	9.22195e-06	6.29254e-06	2.05287e-05	0.999941
