ks_quality_p_value	fisher_strand_p_value	bias_p_value	bias_e_value
0.832941	0.409054	0.707568	21158.4
0.324082	1	0.689244	20610.5
0.632355	1	0.922166	27575.5
0.562137	0.770824	0.795687	23793.4
0.851614	0.129041	0.352564	10542.7
0.811702	0.129418	0.341758	10219.6
0.999894	0.215093	0.545588	16314.7
0.998337	0.285168	0.642367	19208.7
0.771511	0.0866927	0.247793	7409.74
0.586767	0.244369	0.421876	12615.4
0.943897	0.0682034	0.240963	7205.52
0.995942	1	0.999992	29902.8
0.859222	0.254708	0.551364	16487.4
0.523104	0.403049	0.539041	16118.9
0.999999	8.88786e-11	2.14586e-09	6.41677e-05
0.0197976	1	0.0974477	2913.98
5.26258e-05	1	0.000571111	17.0779
0.965333	0.636149	0.913532	27317.3
0.00252387	1	0.0176216	526.937
0.396655	0.849171	0.703359	21032.5
0.0908993	0.828793	0.270141	8078.04
0.978411	0.796291	0.973576	29112.8
0.590191	0.796291	0.824834	24665
0.991885	0.885674	0.992299	29672.7
0.910275	1	0.995849	29778.9
0.590747	1	0.901697	26963.4
0.162329	1	0.457465	13679.6
0.124459	1	0.383804	11476.9
0.999992	0.0283822	0.129479	3871.8
0.788475	0.000481439	0.0033695	100.758
0.702845	0.0272753	0.0949773	2840.11
0.496485	0.000840366	0.00366406	109.566
0.980788	0.00327569	0.021656	647.579
0.912708	0.000251729	0.00215475	64.4336
0.838546	0.000203356	0.0016501	49.3428
0.874341	0.000203787	0.00171635	51.3241
0.162752	0.000203874	0.000375392	11.2253
0.525183	0.000204511	0.00108898	32.5636
0.197829	0.000134299	0.000306485	9.16483
0.0510698	0.000133659	8.8019e-05	2.63203
0.0491208	6.66182e-05	4.4602e-05	1.33373
0.211643	0.000120916	0.00029617	8.85638
0.985245	0.001125	0.00865089	258.687
0.822696	0.0800908	0.245097	7329.12
0.00534645	9.39754e-07	1.01034e-07	0.00302123
1	3.05518e-05	0.000348171	10.4113
0.840759	1	0.986589	29502
0.999976	1	1	29903
0.99997	0.523998	0.862631	25795.2
0.325601	0.170159	0.215693	6449.86
0.819998	0.475602	0.75722	22643.2
0.00294643	1	0.0201158	601.522
0.999799	2.64909e-07	4.27586e-06	0.127861
0.999981	0.0047632	0.0302308	903.99
0.999976	1.96601e-06	2.77978e-05	0.831237
0.869852	1	0.991137	29638
0.89438	1	0.994215	29730
0.997763	1	0.999997	29902.9
0.667774	0.105564	0.257458	7698.76
0.246802	1	0.59212	17706.2
0.0814001	1	0.285582	8539.77
0.653152	1	0.931359	27850.4
0.40131	1	0.767715	22957
0.697326	1	0.948714	28369.4
0.601794	1	0.907409	27134.3
0.999963	0.00105039	0.0082543	246.828
0.964305	0.62778	0.909215	27188.3
0.781157	0.690927	0.872569	26092.4
0.287435	0.0613714	0.0888641	2657.3
6.56799e-06	0.627683	5.5239e-05	1.65181
0.926275	1	0.997213	29819.7
0.998675	0.25609	0.604481	18075.8
0.993441	0.254189	0.600056	17943.5
0.4031	1	0.769345	23005.7
0.363641	0.427594	0.444885	13303.4
0.999996	0.160795	0.454666	13595.9
0.945771	1	0.998502	29858.2
0.736562	0.000384109	0.00259448	77.5827
0.131417	1.59167e-12	6.3161e-12	1.8887e-07
0.819503	1	0.982631	29383.6
0.894249	1	0.9942	29729.6
0.868494	1	0.990947	29632.3
0.99491	1	0.999987	29902.6
0.761008	1	0.968848	28971.5
0.699968	1	0.949661	28397.7
0.856346	1	0.989149	29578.5
0.999997	1	1	29903
0.988284	1	0.999931	29900.9
0.795097	0.757421	0.907627	27140.8
0.999974	2.65773e-12	7.34938e-11	2.19769e-06
0.951563	1	0.998808	29867.3
0.657512	1	0.933202	27905.5
0.75378	1	0.966839	28911.4
0.437056	0.182294	0.281231	8409.66
0.841037	1	0.986637	29503.4
1	0.0880516	0.302002	9030.77
0.989466	1	0.999944	29901.3
0.983394	0.00620991	0.0372414	1113.63
0.529926	2.24376e-10	2.83615e-09	8.48094e-05
0.933618	0.303929	0.641183	19173.3
0.999891	0.531215	0.867219	25932.5
0.946962	1	0.998568	29860.2
0.605332	1	0.909195	27187.7
1	1	1	29903
0.613785	1	0.91338	27312.8
0.935975	1.55823e-05	0.000176993	5.29261
0.791748	2.31257e-05	0.000218033	6.51985
0.336559	1.35478e-06	7.11341e-06	0.212712
0.839587	3.95495e-07	5.2856e-06	0.158055
0.806076	1.58059e-06	1.85675e-05	0.555224
0.448671	1.86364e-08	1.63884e-07	0.00490063
0.999999	5.11563e-07	7.92195e-06	0.23689
0.999999	3.40133e-08	6.18922e-07	0.0185076
0.874611	0.0650854	0.220072	6580.8
0.675053	1	0.940325	28118.5
0.807412	1	0.980134	29309
0.999998	3.81844e-13	1.13002e-11	3.37909e-07
0.93747	0.182663	0.473427	14156.9
0.929044	1	0.997421	29825.9
0.910354	1	0.995856	29779.1
0.925649	1	0.997165	29818.2
0.87724	1	0.992136	29667.9
0.998717	1	0.999999	29903
0.210687	1	0.538807	16111.9
0.958264	1	0.999117	29876.6
0.903789	1	0.995216	29759.9
0.915609	1	0.996334	29793.4
0.993502	1	0.999979	29902.4
0.71607	1	0.955221	28564
0.978548	0.377956	0.737723	22060.1
0.987572	1	0.999922	29900.7
0.450927	0.634817	0.644325	19267.2
0.999935	0.688667	0.945521	28273.9
0.713583	0.309956	0.55489	16592.9
0.777061	0.0440917	0.149852	4481.03
0.25527	0.0071968	0.0134102	401.006
0.685093	0.740962	0.851803	25471.5
0.730268	1	0.959823	28701.6
0.437613	0.765222	0.701223	20968.7
0.166184	0.370699	0.233297	6976.27
0.88967	1	0.993677	29713.9
0.792139	1	0.976722	29206.9
0.707074	1	0.95216	28472.4
0.501436	9.93247e-07	7.72603e-06	0.231032
0.227598	1	0.564483	16879.7
0.975267	0.790764	0.971565	29052.7
0.647085	0.0363988	0.111842	3344.41
0.298294	0.00379926	0.00882002	263.745
0.810477	1	0.980784	29328.4
0.0653345	0.000280038	0.000217886	6.51543
0.100532	6.23675e-05	8.13824e-05	2.43358
0.333186	0.000248164	0.000859961	25.7154
0.211915	0.000248284	0.000571007	17.0748
0.357982	0.0967831	0.151148	4519.78
0.6278	5.40027e-09	6.95089e-08	0.00207852
0.87345	5.1401e-09	9.07868e-08	0.0027148
0.926998	0.329	0.667149	19949.8
0.673517	0.387727	0.611773	18293.8
0.999997	5.73229e-05	0.000617183	18.4556
0.321746	0.196775	0.238032	7117.87
0.701977	0.569369	0.766227	22912.5
0.706514	1	0.951966	28466.6
0.622956	0.280177	0.479214	14329.9
0.957853	1	0.999099	29876.1
0.994493	1	0.999985	29902.5
0.359899	0.690895	0.594702	17783.4
0.999999	0.730471	0.959887	28703.5
0.911632	1	0.995975	29782.6
1	0.49155	0.840645	25137.8
0.986238	0.81899	0.9802	29310.9
1	0.61693	0.914907	27358.5
0.996845	1	0.999995	29902.9
0.459607	0.366846	0.468755	14017.2
0.685972	1	0.944528	28244.2
0.999982	0.72343	0.957637	28636.2
0.31912	0.00519355	0.0122687	366.87
0.157312	0.204355	0.142652	4265.72
1	0	0	0
0.802623	1	0.979096	29277.9
0.999971	1	1	29903
0.338129	1	0.704772	21074.8
0.808539	1	0.980375	29316.2
0.69499	0.884038	0.913679	27321.7
0.999998	0.000283615	0.00260015	77.7523
0.871578	0.0227621	0.0976097	2918.82
0.930376	1	0.997518	29828.8
0.870057	1	0.991166	29638.8
0.946084	1	0.99852	29858.7
0.749224	1	0.965538	28872.5
0.96296	1	0.999305	29882.2
0.98272	1	0.99985	29898.5
0.740167	1	0.962868	28792.6
0.947618	1	0.998603	29861.2
0.994805	1	0.999986	29902.6
0.467631	0.692203	0.688808	20597.4
1.77449e-18	0	0	0
0.977607	0.2973	0.649779	19430.3
0.983011	0.316117	0.673941	20152.8
0.98246	0.237164	0.57242	17117.1
0.989693	0.591157	0.898678	26873.2
0.552813	0.0786424	0.179792	5376.33
0.570824	0.016956	0.0545677	1631.74
0.999939	0.580766	0.896339	26803.2
0.98911	1	0.99994	29901.2
0.788293	1	0.975816	29179.8
0.934365	1	0.997797	29837.1
0.99168	1	0.999965	29902
0.998443	1	0.999999	29903
0.993895	1	0.999981	29902.4
0.863677	0.590504	0.853409	25519.5
0.027538	0.203438	0.0346478	1036.07
0.999991	0.000121116	0.00121342	36.285
0.851699	0.00206521	0.0129159	386.226
0.603854	0.0844341	0.20273	6062.25
0.273724	3.31306e-05	0.000114362	3.41976
0.543928	0.0130695	0.0422724	1264.07
0.983523	0.100504	0.3276	9796.21
0.267196	0.0344376	0.0523422	1565.19
0.69349	0.48722	0.704504	21066.8
0.697822	1	0.948892	28374.7
0.761327	0.845446	0.927247	27727.5
0.552397	0.00412903	0.0161558	483.108
0.999994	1	1	29903
0.99977	1	1	29903
0.953079	0.741573	0.952057	28469.4
0.865881	0.823563	0.954225	28534.2
0.999997	1	1	29903
0.999996	1	1	29903
0.205552	1.06549e-06	3.5774e-06	0.106975
0.0587993	2.12134e-10	3.25646e-10	9.73779e-06
0.904257	0.294279	0.618391	18491.7
0.999997	1.47567e-11	3.82778e-10	1.14462e-05
0.772029	0.176413	0.407725	12192.2
0.78513	0.613365	0.833456	24922.8
0.531807	0.319878	0.471433	14097.3
0.1319	1	0.399091	11934
0.801046	0.328995	0.614984	18389.9
0.992327	0.0666948	0.245892	7352.91
0.999995	1.15908e-15	4.10211e-14	1.22665e-09
0.999871	1.28112e-25	7.47013e-24	2.23379e-19
0.94418	0.326301	0.67082	20059.5
0.999999	2.25593e-07	3.67819e-06	0.109989
0.658578	1	0.933648	27918.9
0.941895	1	0.998278	29851.5
0.999966	0.0766254	0.273456	8177.16
0.204855	0.902935	0.497119	14865.4
0.382682	1	0.750267	22435.2
0.819335	0.670931	0.878641	26274
1	0.0503301	0.200774	6003.76
0.870509	0.563014	0.839619	25107.1
0.962696	0.0203765	0.0967358	2892.69
0.977011	0.03309	0.143276	4284.39
0.154659	0.111721	0.0874004	2613.53
0.99289	0.172172	0.47291	14141.4
0.479661	1	0.832056	24881
0.999999	1	1	29903
0.0372665	0.00396034	0.00144948	43.3437
0.999983	1.44233e-14	4.74087e-13	1.41766e-08
0.836571	1	0.985852	29479.9
0.849487	1	0.988058	29545.9
0.635238	1	0.923481	27614.9
0.764145	5.42614e-06	5.55333e-05	1.66061
0.842417	0.0846897	0.259709	7766.09
0.757363	0.479291	0.730844	21854.4
0.00492528	1.01593e-27	3.42594e-28	1.02446e-23
0.97462	1.5501e-23	8.08965e-22	2.41905e-17
0.0111911	1.03054e-24	7.0033e-25	2.0942e-20
0.644677	2.17673e-28	9.14012e-27	2.73317e-22
1	1.55356e-29	1.04608e-27	3.1281e-23
0.96002	1.74512e-28	1.08825e-26	3.25419e-22
0.604331	1.40051e-31	6.14016e-30	1.83609e-25
1	2.65697e-32	1.95834e-30	5.85602e-26
0.999998	1.53442e-42	1.49269e-40	4.46358e-36
0.979061	1.37442e-43	1.3418e-41	4.01238e-37
3.14254e-07	6.76735e-273	1.36674e-276	4.08696e-272
0.0714218	0.0935152	0.0401328	1200.09
0.990928	1	0.999959	29901.8
0.171025	0.297575	0.202454	6053.97
0.519731	0.219052	0.361228	10801.8
0.288705	0.0397704	0.0627715	1877.05
0.667914	0.0643526	0.178245	5330.07
0.632168	0.0598372	0.161701	4835.34
0.0880245	0.835552	0.265498	7939.18
0.429346	0.771036	0.697012	20842.7
0.381903	1	0.749519	22412.9
0.964263	1	0.999354	29883.7
0.938709	1	0.998082	29845.6
0.84856	0.59212	0.848265	25365.7
0.864391	0.225015	0.512961	15339.1
0.317258	1	0.681483	20378.4
0.150183	1	0.434915	13005.3
0.65295	0.246278	0.45469	13596.6
0.965225	1	0.999388	29884.7
0.0186199	1	0.0927927	2774.78
0.929605	1	0.997462	29827.1
0.913263	1	0.996125	29787.1
0.251009	1	0.597971	17881.1
0.999987	1	1	29903
0.999575	0.603717	0.908253	27159.5
0.507475	0.222031	0.358673	10725.4
0.994825	0.476823	0.828129	24763.5
0.330684	0.0513844	0.0862347	2578.68
0.728255	1	0.959187	28682.6
0.411059	0.238396	0.325621	9737.05
0.997757	1	0.999997	29902.9
0.384403	0.038306	0.076838	2297.69
0.960504	1	0.99921	29879.4
0.961436	1	0.999247	29880.5
0.642609	0.0551313	0.153766	4598.06
0.847462	3.25646e-05	0.000317308	9.48846
0.464633	0.734391	0.708112	21174.7
0.597318	1	0.90512	27065.8
0.999941	0.817957	0.982312	29374.1
0.641368	1	0.926233	27697.1
0.164142	1	0.46075	13777.8
0.215699	1	0.546553	16343.6
0.210841	1	0.539047	16119.1
0.829085	1	0.984483	29439
0.70428	1	0.951186	28443.3
0.944659	1	0.99844	29856.3
0.999805	1	1	29903
0.901428	1	0.994974	29752.7
0.825637	1	0.983829	29419.4
0.660899	1.05071e-07	1.21403e-06	0.0363031
0.987741	0.719728	0.953477	28511.8
0.0627411	0.58757	0.158537	4740.73
0.853827	0.0230757	0.0970752	2902.84
0.272115	2.31739e-06	9.6334e-06	0.288068
0.956274	0.0352002	0.147819	4420.25
0.999984	0.0372581	0.159831	4779.43
0.940386	0.0470084	0.18208	5444.74
0.763682	0.123235	0.316525	9465.05
0.723645	1	0.957711	28638.4
0.103053	0.123478	0.068258	2041.12
0.995418	0.00595813	0.0363417	1086.73
0.0913886	0.123458	0.0618797	1850.39
0.329532	0.0291526	0.0542328	1621.72
0.12183	1	0.378298	11312.2
0.863799	3.02352e-06	3.61866e-05	1.08209
0.234335	1.33279e-17	1.29012e-16	3.85784e-12
0.0864416	1.32164e-17	4.83408e-17	1.44554e-12
0.279168	1.3523e-17	1.55228e-16	4.64178e-12
0.511256	1.32461e-17	2.745e-16	8.20837e-12
0.316878	1.30252e-17	1.69342e-16	5.06384e-12
0.721233	0.746639	0.871814	26069.9
0.754723	0.685347	0.858234	25663.8
0.810219	1	0.98073	29326.8
0.905855	0.139984	0.388671	11622.4
0.55084	0.721991	0.764404	22858
0.531695	1	0.867559	25942.6
0.397843	1	0.764534	22861.9
0.419483	0.638758	0.620826	18564.5
0.505843	3.41702e-62	2.4754e-60	7.40219e-56
0.397282	0.0923053	0.157898	4721.61
0.951448	0.632068	0.907199	27128
0.924019	0.0248189	0.10951	3274.67
0.999982	0.210875	0.539095	16120.5
0.907404	0.0980924	0.304324	9100.21
0.998339	0.259136	0.608493	18195.8
0.981373	0.0043921	0.0277874	830.926
0.825691	0.837287	0.94653	28304.1
0.973793	0.482962	0.825091	24672.7
0.557755	0.74041	0.778191	23270.2
0.241195	0.034876	0.048605	1453.43
0.782177	1	0.974338	29135.6
0.572943	0.0708844	0.170723	5105.12
1	0.824651	0.98364	29413.8
0.663545	1	0.935704	27980.4
0.212517	1	0.541649	16196.9
0.652546	0.00205348	0.0102041	305.134
0.874947	0.026124	0.109223	3266.08
0.836999	1	0.985928	29482.2
0.854987	0.342082	0.652037	19497.9
0.78574	1	0.975205	29161.6
0.994608	0.113333	0.358776	10728.5
0.875061	1	0.991848	29659.2
0.21048	0.387179	0.285816	8546.77
0.615244	1	0.91409	27334
0.536073	0.725103	0.756009	22606.9
0.999934	1	1	29903
0.118021	0.0178	0.015053	450.13
0.951332	0.304195	0.648229	19384
0.704738	0.351876	0.593766	17755.4
0.998265	0.43305	0.794841	23768.1
0.16291	1	0.45852	13711.1
0.21817	0.826281	0.489126	14626.3
0.907692	0.386816	0.718601	21488.3
0.916137	0.728433	0.937251	28026.6
0.636319	0.653117	0.780502	23339.4
0.667229	0.653042	0.797704	23853.7
0.999994	0.662417	0.935238	27966.4
0.854243	0.362432	0.672604	20112.9
0.784234	1	0.97484	29150.7
0.350651	0.189984	0.247072	7388.19
0.967473	1	0.999465	29887
0.77707	0.315178	0.589473	17627
0.849628	0.328369	0.635145	18992.7
0.801924	0.000119707	0.000984074	29.4268
0.776297	1	0.972871	29091.8
0.816261	1	0.981979	29364.1
0.999995	0.34425	0.711352	21271.6
0.0609737	0.374821	0.109212	3265.75
0.951423	4.37016e-11	1.03545e-09	3.09631e-05
0.996519	1.61641e-11	4.16416e-10	1.24521e-05
0.948458	4.54094e-11	1.07105e-09	3.20275e-05
0.70062	5.451e-23	2.00958e-21	6.00924e-17
1	2.34681e-20	1.08419e-18	3.24206e-14
0.133063	0.0282039	0.0247136	739.011
0.983952	1.453e-09	3.05463e-08	0.000913427
0.571494	0.0888256	0.202068	6042.42
0.164938	0.701141	0.365117	10918.1
0.818358	0.292094	0.581132	17377.6
0.902595	0.405685	0.734044	21950.1
0.993719	0.0140452	0.073578	2200.2
0.228338	1	0.565577	16912.4
0.999992	0.213819	0.543659	16257
0.851806	1	0.988433	29557.1
0.796171	0.0120055	0.0540082	1615.01
0.435078	0.379076	0.462169	13820.2
0.611105	1.14154e-09	1.54054e-08	0.000460669
2.37491e-06	8.88235e-06	5.39647e-10	1.61371e-05
0.695472	0.0064329	0.0286755	857.482
0.725098	0.00989673	0.0426045	1274
0.852726	0.13974	0.372647	11143.3
0.90423	0.00185109	0.0123739	370.017
0.981053	0.0502376	0.197642	5910.08
0.987895	1	0.999926	29900.8
0.9309	0.0507652	0.191493	5726.23
0.716061	7.42178e-06	6.98588e-05	2.08899
0.750442	0.0147045	0.0607658	1817.08
0.175158	9.27385e-05	0.000195378	5.8424
0.872008	1	0.991435	29646.9
0.0467777	0.866041	0.170398	5095.41
0.667173	0.628687	0.783866	23440
0.999907	0.573734	0.892465	26687.4
0.563404	1	0.886662	26513.8
0.718684	1	0.956089	28589.9
0.440257	1	0.801443	23965.5
0.99995	1	1	29903
0.624464	1.96057e-05	0.000150719	4.50694
0.999494	0.136266	0.407726	12192.2
0.999999	0.00305122	0.0207245	619.726
0.453801	0.00122491	0.00472207	141.204
0.618424	0.0435149	0.124199	3713.92
0.376817	0.00122568	0.00400905	119.883
0.891217	0.0133692	0.0646974	1934.65
0.932775	0.085058	0.280388	8384.45
0.824064	0.220507	0.491591	14700
0.99841	2.67408e-19	1.16851e-17	3.49418e-13
0.498261	0.131353	0.243892	7293.11
0.759274	1	0.968372	28957.2
0.821976	1	0.983119	29398.2
0.498331	0.330507	0.461762	13808.1
0.872387	0.202654	0.483134	14447.2
0.925532	0.28354	0.613495	18345.3
0.420574	0.0819853	0.15059	4503.1
0.958724	0.0257975	0.116234	3475.75
0.962356	0.582769	0.88518	26469.5
0.511274	7.07617e-07	5.72787e-06	0.171281
0.991551	8.60478e-07	1.27762e-05	0.382046
0.968789	1	0.999508	29888.3
0.935693	0.882845	0.983912	29421.9
0.707054	0.401847	0.641655	19187.4
0.70376	1	0.951004	28437.9
0.967715	1	0.999473	29887.2
1	1	1	29903
0.636576	1	0.924086	27633
0.763634	1	0.969561	28992.8
0.999954	2.10779e-07	3.45081e-06	0.10319
0.983602	1.36524e-07	2.25912e-06	0.0675544
0.605016	3.90393e-09	4.9279e-08	0.00147359
0.790608	1	0.976364	29196.2
0.983285	1	0.99986	29898.8
0.901559	1	0.994987	29753.1
0.870299	1	0.9912	29639.8
0.920746	0.772829	0.953707	28518.7
0.133446	0.82275	0.352342	10536.1
0.816401	1	0.982008	29365
0.971435	1	0.999588	29890.7
0.99471	1	0.999986	29902.6
0.826029	1	0.983904	29421.7
0.999979	0.000334723	0.00301319	90.1034
0.476521	5.14952e-06	3.41524e-05	1.02126
0.872277	1.84055e-05	0.000193291	5.77997
0.721074	0.0549741	0.167596	5011.62
0.892727	0.380932	0.706869	21137.5
0.902604	0.161408	0.426324	12748.4
0.98768	0.103038	0.334315	9997.02
1	0.0114534	0.062644	1873.24
0.0933885	1	0.314811	9413.81
0.956746	0.0921654	0.302312	9040.02
0.999922	0.209903	0.537559	16074.6
0.617084	0.803249	0.843555	25224.8
0.556675	0.161856	0.306958	9178.98
0.986784	0.0570364	0.218229	6525.69
0.0393685	1	0.166717	4985.34
0.138292	1	0.411887	12316.6
0.124756	1	0.384423	11495.4
0.815244	1	0.981772	29357.9
0.996338	3.92779e-21	1.87804e-19	5.61589e-15
0.999992	2.88616e-30	1.99195e-28	5.95652e-24
0.932849	1	0.997693	29834
0.317581	1	0.681853	20389.5
0.881385	0.00987062	0.0499757	1494.42
0.73596	0.120036	0.302707	9051.86
0.80125	0.422405	0.705122	21085.3
0.865995	0.00305488	0.0183463	548.611
0.528888	0.00847494	0.0287208	858.839
0.587236	1	0.899838	26907.9
0.620028	0.149253	0.312799	9353.62
1	0.140077	0.415406	12421.9
0.481527	0.600872	0.648161	19382
0.671923	0.0885397	0.227373	6799.13
0.782644	0.00037837	0.0027021	80.8008
0.17246	0.280619	0.194954	5829.7
0.0582491	0.753311	0.181061	5414.27
0.88425	0.870886	0.971272	29043.9
0.370665	0.331431	0.380441	11376.3
0.964527	0.000333357	0.00290743	86.9408
0.834471	0.606487	0.850762	25440.3
0.999996	0.0585678	0.224757	6720.92
0.635604	2.84404e-05	0.000215491	6.44384
0.78772	1	0.97568	29175.8
0.648954	1	0.929557	27796.6
1	1	1	29903
0.999999	1	1	29903
0.91926	0.254422	0.573695	17155.2
0.985384	1	0.999893	29899.8
0.276595	1	0.632075	18900.9
0.945259	0.750436	0.952947	28496
0.920391	0.431619	0.763994	22845.7
1	1	1	29903
0.999601	0.88849	0.993496	29708.5
0.828147	0.88391	0.960368	28717.9
0.643284	1	0.927081	27722.5
0.813616	1	0.981438	29347.9
0.778211	0.680342	0.866135	25900
0.997516	0.000992319	0.00783762	234.368
0.912344	0.0640697	0.224434	6711.25
0.931538	0.0191664	0.0897266	2683.09
0.996123	1	0.999992	29902.8
0.578385	0.35839	0.533485	15952.8
0.567876	0.00559826	0.0214627	641.799
0.787517	1	0.975631	29174.3
0.440983	1	0.802037	23983.3
0.999936	0.0211369	0.102651	3069.57
0.238283	0.156348	0.159823	4779.19
0.965124	0.382194	0.736743	22030.8
0.701448	0.555546	0.756932	22634.5
0.590313	0.0272369	0.0824862	2466.58
0.988154	0.00712502	0.0419343	1253.96
0.685659	1	0.944409	28240.7
0.960974	0.0973836	0.315273	9427.6
0.889054	0.725163	0.927708	27741.3
0.956205	0.523586	0.847028	25328.7
0.831401	0.14051	0.367646	10993.7
0.435429	0.110932	0.194674	5821.34
0.150345	0.187755	0.12893	3855.4
0.957885	1	0.9991	29876.1
0.630457	0.1175	0.266879	7980.47
0.50985	0.0568265	0.131578	3934.57
0.191843	0.0040982	0.00640627	191.567
0.423673	0.00378401	0.0119209	356.471
0.133587	1	0.402498	12035.9
0.524068	1	0.862686	25796.9
0.999999	1.17663e-10	2.80781e-09	8.39619e-05
0.698129	0.00796348	0.034426	1029.44
0.63008	0.00191559	0.00931739	278.618
0.749667	1	0.965666	28876.3
0.940942	0.801124	0.966848	28911.7
0.169601	0.0259203	0.0282539	844.876
0.387221	1	0.7546	22564.8
0.481888	1	0.833688	24929.8
0.947053	0.00130616	0.00951883	284.642
0.892448	0.00823903	0.0434752	1300.04
0.758763	1	0.968232	28953
0.919426	0.0521943	0.193721	5792.83
0.217963	0.205404	0.183837	5497.28
0.589354	1	0.900962	26941.5
0.196951	0.321428	0.238015	7117.36
0.194433	0.370066	0.261315	7814.09
0.0927525	0.0581042	0.0335395	1002.93
0.603354	1	0.908199	27157.9
0.485793	1	0.836522	25014.5
0.00519979	0.125718	0.00544725	162.889
0.725778	1	0.958398	28659
0.806993	0.0659892	0.209428	6262.51
0.919966	1	0.996708	29804.6
0.048686	0.00534907	0.00240976	72.0591
0.923219	1	0.996974	29812.5
0.996061	1	0.999992	29902.8
0.986067	0.548347	0.873176	26110.6
0.98345	1	0.999862	29898.9
0.976708	1	0.999727	29894.8
0.445529	0.548356	0.588618	17601.4
0.813297	1	0.981372	29346
0.727878	1	0.959068	28679
0.848763	1	0.987939	29542.3
0.695084	1	0.947902	28345.1
0.889945	1	0.993709	29714.9
0.870373	0.68924	0.906442	27105.3
0.854853	0.689237	0.900879	26939
0.702791	1	0.950663	28427.7
0.999998	0.844592	0.987245	29521.6
1	0.84459	0.987245	29521.6
0.940247	1	0.998178	29848.5
0.990759	1	0.999957	29901.7
0.489112	0.855172	0.78285	23409.6
0.396443	1	0.763241	22823.2
0.999895	4.70547e-09	9.49212e-08	0.00283843
1	4.23795e-16	1.5425e-14	4.61253e-10
0.462252	0.5442	0.598728	17903.8
0.95432	1	0.99894	29871.3
0.946073	0.0521544	0.197811	5915.13
0.537657	0.74523	0.767137	22939.7
0.0421915	0.739035	0.139315	4165.94
0.85352	0.519752	0.804187	24047.6
0.960904	0.00124107	0.00922041	275.718
0.638882	0.644115	0.776902	23231.7
1	4.36868e-06	5.82827e-05	1.74283
0.880502	1	0.992557	29680.4
0.921188	1	0.996809	29807.6
0.999952	0.753843	0.966847	28911.6
0.657299	1	0.933112	27902.9
0.561089	0.627875	0.719838	21525.3
0.498774	0.606062	0.663938	19853.7
0.62376	0.642401	0.767161	22940.4
0.600065	0.595047	0.724786	21673.3
1	0.874051	0.991713	29655.2
1	1	1	29903
0.811493	0.177266	0.422774	12642.2
0.927535	3.56402e-07	5.26356e-06	0.157396
0.963939	1.05824e-08	1.97903e-07	0.00591789
0.994232	0.115058	0.362413	10837.2
0.583759	0.0012742	0.00610213	182.472
0.570372	0.0662748	0.161616	4832.8
0.354601	0.00538441	0.0138636	414.563
0.619635	0.486622	0.663027	19826.5
0.846886	0.00844362	0.0424795	1270.26
0.990372	0.154107	0.439521	13143
0.991771	1	0.999966	29902
0.990062	0.221293	0.551734	16498.5
0.391769	1	0.758889	22693.1
0.922961	0.641437	0.902366	26983.5
0.873423	0.0537928	0.190658	5701.26
0.904554	0.641437	0.896058	26794.8
0.362662	0.0662303	0.113584	3396.52
0.686235	0.298881	0.530035	15849.7
0.891859	1	0.99393	29721.5
0.999998	0.239381	0.581623	17392.3
0.999999	1	1	29903
0.423859	1	0.78768	23554
0.999998	1	1	29903
0.991726	0.083133	0.288197	8617.96
0.547451	0.49263	0.623115	18633
0.405478	0.000323857	0.00130501	39.0238
0.988927	1	0.999938	29901.2
0.982754	0.689359	0.94127	28146.8
0.708727	0.164538	0.367201	10980.4
0.667829	0.0808664	0.211628	6328.31
0.822497	0.896153	0.961934	28764.7
0.58941	0.456318	0.622154	18604.3
0.999958	1.43627e-07	2.40653e-06	0.0719624
0.999973	0.820151	0.982755	29387.3
0.999908	0.0101913	0.0569265	1702.27
0.901749	1	0.995007	29753.7
0.0834632	1	0.290731	8693.74
0.283977	1	0.641465	19181.7
0.700529	1	0.949861	28403.7
0.726033	0.146185	0.3442	10292.6
0.986904	0.0608932	0.229074	6850
0.944807	0.373671	0.720623	21548.8
0.999991	0.00289612	0.019822	592.736
0.851773	1	0.988427	29556.9
0.712197	0.329642	0.574987	17193.9
0.975937	0.140407	0.409381	12241.7
0.650005	1	0.930011	27810.1
0.334417	1.96254e-10	1.60447e-09	4.79785e-05
0.489934	1	0.839495	25103.4
0.956897	1	0.999057	29874.8
0.845312	1	0.987366	29525.2
0.219089	1	0.551727	16498.3
0.986268	1	0.999905	29900.2
1	0.643894	0.92735	27730.5
0.843493	1	0.987059	29516
0.722432	0.17248	0.384108	11486
0.875966	0.148634	0.395633	11830.6
0.916438	1	0.996407	29795.6
0.860163	0.0268961	0.110271	3297.43
0.951838	0.00462496	0.0282871	845.868
0.831065	0.507626	0.785969	23502.8
0.445715	0.0762291	0.148888	4452.19
0.690596	0.395585	0.627677	18769.4
0.697903	0.621658	0.796145	23807.1
0.581251	1	0.896622	26811.7
0.517902	1	0.858665	25676.7
0.0347771	0.0706879	0.0172286	515.187
0.183583	1	0.494773	14795.2
0.361967	1	0.729798	21823.2
0.309661	1	0.672669	20114.8
0.308427	1	0.67122	20071.5
0.40424	1	0.770379	23036.6
0.369758	1	0.737633	22057.4
0.308975	1	0.671865	20090.8
0.414477	1	0.779522	23310.1
0.174717	1	0.479527	14339.3
0.197056	1	0.517128	15463.7
0.240053	1	0.582584	17421
0.225144	1	0.560837	16770.7
0.160821	1	0.454716	13597.4
0.0115443	1	0.0630497	1885.38
0.214141	1	0.544159	16272
0.195766	1	0.515028	15400.9
0.424723	1	0.788421	23576.1
0.358567	1	0.726327	21719.4
0.434487	1	0.796671	23822.9
0.526222	1	0.864073	25838.4
0.47366	1	0.82761	24748
0.525005	1	0.86329	25815
0.439404	1	0.800742	23944.6
0.245482	1	0.590269	17650.8
0.316652	1	0.680786	20357.5
0.676287	1	0.940808	28133
0.645399	1	0.928011	27750.3
0.984545	1	0.99988	29899.4
0.530161	0.614217	0.690989	20662.7
1	0.148341	0.431412	12900.5
0.966946	1	0.999448	29886.5
0.908445	3.27545e-12	8.19489e-11	2.45052e-06
0.779686	2.15641e-16	6.27499e-15	1.87641e-10
0.798683	0.718881	0.89273	26695.3
0.486618	4.27776e-14	6.76594e-13	2.02322e-08
0.695267	1	0.947968	28347.1
0.34661	1	0.713862	21346.6
0.958103	1	0.99911	29876.4
0.376382	0.0874003	0.145216	4342.4
0.999941	0.191452	0.507926	15188.5
0.294912	0.663864	0.515054	15401.6
0.935487	1	0.997873	29839.4
0.78903	0.753447	0.903657	27022
0.947131	1	0.998577	29860.5
0.658181	0.0116919	0.0451497	1350.11
0.246188	0.0018234	0.00390933	116.901
0.412219	0.00024295	0.0010224	30.573
0.236589	0.000971804	0.00215612	64.4744
0.148931	0.00233816	0.00312102	93.3277
0.759235	0.00416328	0.0213579	638.666
0.760716	0.000242963	0.0017736	53.0361
0.948598	0.0726282	0.253201	7571.46
0.570399	1	0.890632	26632.6
1	0.290587	0.649709	19428.3
0.953187	0.376653	0.726793	21733.3
0.924468	0.809362	0.96525	28863.9
0.864473	0.0195488	0.0858572	2567.39
0.732724	9.2364e-05	0.000717431	21.4533
0.688525	0.000380966	0.00242527	72.5229
0.72027	0.000127744	0.000947117	28.3216
0.698272	9.27229e-05	0.000689222	20.6098
0.667751	9.32296e-05	0.000665141	19.8897
0.751353	9.39592e-05	0.000745395	22.2896
0.671977	0.000420429	0.0025912	77.4846
0.736298	5.84744e-05	0.000475884	14.2304
0.631329	0.000146401	0.000950992	28.4375
0.627064	0.000858217	0.00458906	137.227
0.572055	0.0268919	0.0796019	2380.34
0.555028	0.0319635	0.089269	2669.41
1	0.36662	0.734497	21963.7
0.600113	0.642827	0.75322	22523.5
0.796114	0.313281	0.595751	17814.7
0.668895	0.0678555	0.185751	5554.52
0.898751	0.0675797	0.230875	6903.84
1	0.000170128	0.00164666	49.2402
0.999998	1.00534e-15	3.5723e-14	1.06822e-09
0.999977	0.454355	0.812777	24304.5
0.682967	0.774241	0.86571	25887.3
0.994639	1	0.999986	29902.6
0.406901	1	0.77278	23108.4
0.981986	1	0.999837	29898.1
0.00770266	1	0.0451852	1351.17
0.981084	0.000161172	0.00154204	46.1116
0.990219	0.0243389	0.113889	3405.61
0.930791	0.530851	0.842457	25192
0.999996	0.000447738	0.00390037	116.633
0.516545	1	0.857771	25649.9
0.719679	0.0170606	0.0663013	1982.61
0.923189	0.249937	0.56911	17018.1
0.923189	0.249937	0.56911	17018.1
0.988433	0.685561	0.941333	28148.7
0.969755	1	0.999538	29889.2
0.637335	1	0.924429	27643.2
0.0517968	0.0573082	0.0202436	605.345
0.0737631	0.0678018	0.0314983	941.894
0.684407	0.106873	0.264441	7907.57
0.975612	0.2666	0.610371	18251.9
0.229717	0.020963	0.0305108	912.366
0.507515	0.0588601	0.134749	4029.4
0.614987	1	0.913965	27330.3
0.390658	1	0.757846	22661.9
0.746266	1	0.964678	28846.8
0.926327	1	0.997217	29819.8
0.99308	1	0.999976	29902.3
0.709912	0.0160667	0.0624317	1866.89
0.992033	0.70778	0.950433	28420.8
0.975938	1	0.999708	29894.3
0.919909	1	0.996703	29804.4
0.521587	1	0.861077	25748.8
0.999999	1	1	29903
0.825359	1	0.983776	29417.8
0.782399	1	0.974392	29137.2
0.374157	1	0.741983	22187.5
0.170142	1	0.471484	14098.8
0.797936	0.00675509	0.0335438	1003.06
0.233049	0.157416	0.157945	4723.04
0.995373	1	0.999989	29902.7
0.761368	0.37059	0.639166	19113
0.960539	0.509212	0.838911	25086
0.886194	0.666606	0.901694	26963.4
0.57679	0.371036	0.543956	16265.9
0.999892	0.391663	0.75875	22688.9
0.815575	0.543014	0.803577	24029.4
0.448254	0.749098	0.702224	20998.6
0.362002	0.749096	0.625054	18691
0.0764674	0.713069	0.213148	6373.77
0.0269033	1.47267e-08	8.97352e-09	0.000268335
0.723394	0.116448	0.292651	8751.14
0.856733	0.0117139	0.0562161	1681.03
0.38417	0.00214523	0.00667645	199.646
0.391418	0.000393017	0.00150444	44.9873
1	0.00039101	0.00345917	103.44
0.739981	0.000218517	0.00157329	47.046
0.998853	0.000156345	0.00152489	45.5988
0.999999	1	1	29903
0.695187	0.772307	0.87082	26040.1
0.000570279	2.1876e-11	4.11876e-13	1.23163e-08
0.00621885	1.03928e-11	2.02749e-12	6.06281e-08
0.00471491	2.474e-11	3.59035e-12	1.07362e-07
0.0060039	5.21601e-11	9.32979e-12	2.78989e-07
0.00678594	4.94888e-10	9.20826e-11	2.75355e-06
0.0116426	5.21085e-11	1.76731e-11	5.28479e-07
0.0235191	2.49022e-11	1.70818e-11	5.10798e-07
0.00244427	1.75284e-08	1.06568e-09	3.18671e-05
0.003206	4.86603e-09	4.03798e-10	1.20748e-05
0.00493054	5.21171e-11	7.70635e-12	2.30443e-07
0.00691266	5.21751e-11	1.06941e-11	3.19786e-07
0.00653919	5.21751e-11	1.01353e-11	3.03076e-07
0.00987002	5.21214e-11	1.50709e-11	4.50664e-07
0.0175765	5.21814e-11	2.63387e-11	7.87607e-07
0.0677151	5.21193e-11	9.65957e-11	2.8885e-06
0.00535893	5.23412e-11	8.38736e-12	2.50807e-07
0.00871275	5.21646e-11	1.33711e-11	3.99837e-07
0.00601448	5.23756e-11	9.383e-12	2.8058e-07
0.08687	3.63117e-10	7.94265e-10	2.37509e-05
0.0231706	0.318605	0.0436195	1304.35
0.0848726	0.317359	0.124287	3716.56
0.0244177	0.312815	0.0448715	1341.79
0.000153681	0.315896	0.000530765	15.8715
0.342766	0.0437967	0.0780461	2333.81
0.349438	0.0437604	0.0792171	2368.83
0.559872	0.0437604	0.115373	3450.01
0.674237	0.107402	0.262527	7850.36
0.89585	0.640454	0.892504	26688.5
0.999847	0.640454	0.925782	27683.7
0.947029	0.640454	0.909795	27205.6
0.788247	0.640454	0.849902	25414.6
0.788247	0.640454	0.849902	25414.6
0.513921	0.640454	0.694907	20779.8
0.788247	0.640454	0.849902	25414.6
0.968638	0.640454	0.916558	27407.8
0.786513	0.107377	0.293184	8767.08
0.369078	0.0437419	0.0827582	2474.72
0.191198	0.253815	0.195358	5841.78
0.00640352	1	0.0387471	1158.66
0.0115887	1	0.0632477	1891.3
0.00437825	0.478975	0.0150302	449.447
0.605074	0.164855	0.329681	9858.46
0.533291	0.138031	0.265658	7943.97
0.504468	0.135646	0.251953	7534.14
0.483911	0.135852	0.244688	7316.91
0.587456	0.135722	0.281377	8414.02
0.572588	0.0876557	0.200357	5991.28
0.819967	0.688326	0.887235	26531
0.245486	0.241652	0.226894	6784.8
0.959238	0.251043	0.583663	17453.3
0.994049	0.397241	0.761789	22779.8
0.612062	1	0.912537	27287.6
0.709813	1	0.953104	28500.7
0.983401	1	0.999861	29898.9
0.760844	0.0364265	0.127094	3800.51
0.355858	1	0.723539	21636
1	1	1	29903
0.110191	0.58572	0.241412	7218.95
0.999322	0.459752	0.816768	24423.8
0.00563722	0	0	0
0.361272	1	0.729091	21802
0.997175	1	0.999996	29902.9
0.896907	0.0637649	0.220835	6603.64
0.851597	0.117897	0.33118	9903.27
0.786029	0.886029	0.948395	28359.9
0.871422	0.772237	0.939493	28093.7
0.625856	1	0.919154	27485.5
0.0197029	0.833446	0.0838994	2508.84
0.999999	0.892872	0.994045	29724.9
0.906412	1	0.995477	29767.8
0.906634	1	0.995499	29768.4
0.906266	0.850456	0.971444	29049.1
0.361635	1	0.729461	21813.1
0.484523	0.399315	0.511282	15288.9
0.466849	0.396771	0.49756	14878.5
0.858986	0.584228	0.847848	25353.2
0.601399	0.268513	0.455924	13633.5
0.978009	0.594553	0.896745	26815.4
0.643938	0.188791	0.37775	11295.9
0.588585	1	0.900555	26929.3
0.0884568	1	0.302986	9060.19
0.9928	1	0.999974	29902.2
0.421836	1	0.785939	23501.9
1	0.0184795	0.092233	2758.04
0.997994	1	0.999998	29902.9
0.234778	0.224196	0.207616	6208.34
0.883968	1	0.992992	29693.4
0.857905	1	0.989389	29585.7
0.73599	0.717229	0.865131	25870
0.783352	0.163571	0.391408	11704.3
0.965229	0.437539	0.786361	23514.5
0.971315	0.163376	0.450805	13480.4
0.992615	0.688556	0.94358	28215.9
0.790319	0.608107	0.832744	24901.5
0.0230553	0.842393	0.0959695	2869.78
0.148526	0.842393	0.385174	11517.9
0.670223	0.842393	0.887342	26534.2
0.756386	0.842568	0.924416	27642.8
0.827036	1	0.984096	29427.4
0.957348	0.750461	0.956013	28587.7
0.755477	0.307272	0.571156	17079.3
0.390149	1	0.757368	22647.6
0.607999	0.703772	0.791124	23657
0.497718	1	0.844987	25267.6
0.50054	1	0.846948	25326.3
0.454473	1	0.812878	24307.5
0.834588	1	0.985496	29469.3
0.690118	1	0.946078	28290.6
0.690118	1	0.946078	28290.6
0.98759	0.68909	0.942458	28182.3
0.979818	0.688707	0.940228	28115.6
0.991396	0.688888	0.943386	28210.1
0.988923	0.688707	0.942665	28188.5
0.896234	0.625788	0.885192	26469.9
0.834914	0.625507	0.861505	25761.6
0.634239	0.688149	0.798303	23871.7
0.715593	1	0.955062	28559.2
0.465222	1	0.821228	24557.2
0.853144	0.688139	0.899756	26905.4
0.539525	0.687831	0.738967	22097.3
0.841648	0.68817	0.895504	26778.3
0.904634	0.687806	0.917436	27434.1
0.867639	0.687656	0.904768	27055.3
0.864526	0.687374	0.903532	27018.3
0.923451	1	0.996992	29813.1
0.567278	1	0.888871	26579.9
0.817707	0.483814	0.762477	22800.3
0.357101	0.00550033	0.0142062	424.809
0.878452	1	0.992294	29672.6
0.884097	1	0.993008	29693.9
0.919284	1	0.996651	29802.9
0.87678	1	0.992076	29666
0.784721	1	0.974958	29154.2
0.880852	1	0.992602	29681.8
0.795443	0.349582	0.63397	18957.6
0.938618	0.000187283	0.00169568	50.706
0.928045	0.00012881	0.00119922	35.8604
0.785496	1	0.975146	29159.8
0.938455	0.000822057	0.00630071	188.41
0.985577	1.05431e-05	0.000129623	3.87612
0.989737	1.61013e-05	0.00019198	5.74078
0.999346	0.0289643	0.13148	3931.64
0.99972	0.0058505	0.0359208	1074.14
0.998559	0.0108259	0.0597512	1786.74
0.996247	4.61696e-05	0.000505359	15.1117
0.999093	0.0328135	0.144833	4330.94
0.999992	0.00585361	0.035945	1074.86
0.999501	7.51574e-05	0.000788491	23.5782
0.999774	0.0157718	0.0812027	2428.2
0.999927	0.0155957	0.0804808	2406.62
0.979129	0.015452	0.078539	2348.55
0.944544	0.00019307	0.00175242	52.4027
0.991409	0.00127776	0.00971781	290.592
0.998617	0.00214675	0.0153177	458.046
0.996222	0.000103505	0.00104967	31.3883
0.920963	0.000688287	0.0053016	158.534
0.996871	5.52951e-06	7.22569e-05	2.1607
0.99541	0.00030323	0.00274842	82.1861
0.99432	0.000897192	0.00715634	213.996
0.998184	0.00243158	0.0170412	509.584
0.996161	0.00242246	0.0169568	507.06
0.672526	0.021555	0.0758715	2268.79
0.988854	0.00241088	0.016781	501.802
0.986121	0.00236456	0.0164647	492.345
0.992023	0.000432002	0.00375204	112.197
0.430708	0.580514	0.596618	17840.7
0.603849	0.621775	0.74326	22225.7
0.997625	1	0.999997	29902.9
0.953244	1	0.998889	29869.8
0.868131	0.690588	0.906251	27099.6
0.943345	0.216846	0.529176	15823.9
0.935285	0.443543	0.779841	23319.6
0.888701	0.444288	0.761754	22778.7
0.935552	0.443629	0.780016	23324.8
0.53623	0.0870156	0.189668	5671.64
0.498585	0.0875266	0.180309	5391.79
0.600815	0.0878988	0.20813	6223.71
0.781327	0.156185	0.378722	11324.9
0.888354	1	0.993522	29709.3
0.612055	0.231579	0.418665	12519.3
0.883492	0.283131	0.596773	17845.3
0.906196	0.538908	0.838366	25069.7
0.984874	0.585766	0.894248	26740.7
0.0505119	0.0710541	0.0237951	711.545
0.914652	1	0.99625	29790.8
0.555475	0.214781	0.372957	11152.5
0.444108	1	0.804585	24059.5
0.808249	1	0.980313	29314.3
