ks_quality_p_value	fisher_strand_p_value	bias_p_value	bias_e_value
0.724733	1	0.958062	28648.9
0.965766	1	0.999407	29885.3
0.998303	1	0.999999	29903
0.81898	1	0.982527	29380.5
0.979385	1	0.999786	29896.6
0.654405	1	0.931892	27866.4
0.979385	1	0.999786	29896.6
0.999442	1	1	29903
0.644679	1	0.927695	27740.9
1	1	1	29903
0.999992	1	1	29903
0.964776	1	0.999372	29884.2
0.591112	1	0.901889	26969.2
0.784899	1	0.975002	29155.5
0.816996	0.0827939	0.249838	7470.91
0.591022	1	0.901842	26967.8
1.32524e-07	1	2.23124e-06	0.0667208
0.999988	1	1	29903
0.908568	0.0297503	0.124631	3726.84
0.508763	0.875992	0.805852	24097.4
0.141469	0.875987	0.38269	11443.6
1	0.000412097	0.00362409	108.371
1	0.382018	0.749629	22416.2
0.721884	0.930604	0.939034	28079.9
0.999954	1	1	29903
0.999992	0.812511	0.981208	29341.1
0.983291	1	0.99986	29898.8
0.999935	0.206031	0.531483	15892.9
0.671739	0.00299632	0.0145084	433.844
0.997424	0.254775	0.602249	18009.1
0.999987	1	1	29903
0.595662	0.00193031	0.0089319	267.091
0.474227	1.15533e-08	1.09701e-07	0.00328038
0.99806	5.78249e-07	8.86768e-06	0.26517
0.99039	4.82698e-07	7.43551e-06	0.222344
0.960708	4.93687e-07	7.38063e-06	0.220703
0.97607	4.94756e-07	7.50618e-06	0.224457
0.73275	5.01172e-07	5.80863e-06	0.173696
0.908551	4.94415e-07	7.01463e-06	0.209758
0.633404	4.99238e-07	5.04902e-06	0.150981
0.0520214	2.14321e-13	3.69347e-13	1.10446e-08
0.0777178	4.95988e-07	6.96599e-07	0.0208304
0.999849	2.79125e-07	4.49093e-06	0.134292
1	3.72503e-16	1.36062e-14	4.06865e-10
0.438422	0.00184152	0.0065572	196.08
0.944424	0.137653	0.395234	11818.7
0.661061	0.581825	0.752126	22490.8
0.999999	1.76403e-16	6.5752e-15	1.96618e-10
0.788771	0.00115468	0.00728732	217.913
1	0.664581	0.936128	27993
1	1	1	29903
0.737255	0.71563	0.864957	25864.8
0.999899	0.762311	0.969182	28981.4
0.581437	1	0.896723	26814.7
0.990497	0.163984	0.45764	13684.8
0.945502	2.62984e-06	3.45741e-05	1.03387
0.909746	2.62888e-06	3.33476e-05	0.997194
0.999891	2.61593e-21	1.26578e-19	3.78507e-15
0.754205	1	0.966959	28915
0.901632	1	0.994995	29753.3
0.910265	1	0.995848	29778.8
0.000998077	0.038934	0.000433495	12.9628
0.00644175	1	0.0389401	1164.43
0.256429	1	0.605403	18103.4
0.769321	1	0.971073	29038
0.848016	1	0.987816	29538.7
0.952432	0.0292853	0.12773	3819.51
0.99999	1	1	29903
0.965591	1	0.999401	29885.1
0.260541	1	0.610967	18269.8
0.328333	1	0.694006	20752.9
0.61633	1	0.914617	27349.8
0.9972	2.25936e-15	7.82401e-14	2.33961e-09
0.895442	0.00347494	0.0210737	630.168
1	0.000188596	0.00180598	54.0041
0.868957	5.72375e-07	7.71616e-06	0.230736
1	5.30152e-05	0.000574946	17.1926
0.914593	1	0.996244	29790.7
0.999921	1	1	29903
1	0.0704714	0.2574	7697.04
0.298484	0.831575	0.594088	17765
0.599555	0.558066	0.700917	20959.5
0.999771	1	1	29903
0.999262	1	1	29903
0.924058	1	0.997041	29814.5
0.79377	1	0.9771	29218.2
0.793877	1	0.977125	29219
0.603196	1	0.908119	27155.5
0.999975	1	1	29903
0.477293	1	0.830311	24828.8
0.0258501	0.0479545	0.00953639	285.167
0.305067	0.131561	0.169189	5059.26
1	6.84047e-24	3.71706e-22	1.11151e-17
0.834363	0.00523289	0.0280912	840.01
0.730872	0.7336	0.870366	26026.5
0.999936	5.1572e-15	1.7481e-13	5.22734e-09
0.653326	1	0.931433	27852.6
0.999998	1	1	29903
0.525336	1	0.863504	25821.3
0.27889	1	0.635015	18988.9
0.980583	0.498516	0.83871	25079.9
0.323799	1	0.688925	20600.9
0.958208	1	0.999114	29876.5
0.996062	1	0.999992	29902.8
0.827586	0.726387	0.907081	27124.4
0.991179	0.789895	0.974522	29141.1
0.998974	1	0.999999	29903
0.927518	1	0.997307	29822.5
0.101829	3.34115e-05	4.62404e-05	1.38273
0.972636	1	0.999622	29891.7
0.480002	1	0.832307	24888.5
0.870039	1	0.991163	29638.8
0.692231	1.87835e-08	2.49104e-07	0.00744896
0.983416	0.605694	0.904257	27040
0.991237	0.605503	0.906596	27109.9
0.972767	1	0.999626	29891.8
0.997294	0.0186888	0.0928656	2776.96
0.949241	1	0.998689	29863.8
0.948193	6.13051e-05	0.000625053	18.691
0.955184	0.606085	0.895354	26773.8
0.978312	2.49714e-05	0.000283867	8.48848
0.435047	0.0558793	0.114667	3428.9
0.377721	1	0.745469	22291.8
0.999998	0.00962048	0.0542966	1623.63
0.84621	0.22865	0.511296	15289.3
0.884157	0.372842	0.695472	20796.7
0.658448	1	0.933593	27917.2
0.999913	1	1	29903
0.859861	1	0.989687	29594.6
0.647191	7.65868e-10	1.11153e-08	0.000332381
0.479445	8.3528e-17	1.55208e-15	4.6412e-11
0.456789	7.72037e-17	1.37126e-15	4.10049e-11
0.39148	8.4673e-17	1.29096e-15	3.86035e-11
0.595509	1.2503e-16	2.83949e-15	8.49093e-11
0.481946	1.23656e-16	2.28602e-15	6.8359e-11
0.449455	1.17372e-16	2.02999e-15	6.07029e-11
0.666374	1	0.936858	28014.9
0.871896	1	0.99142	29646.4
0.891662	1	0.993907	29720.8
0.868481	1	0.990945	29632.2
0.996252	1	0.999993	29902.8
0.0281802	1	0.128759	3850.29
0.96024	0.2526	0.586143	17527.4
0.753739	1	0.966828	28911.1
0.494229	1	0.84254	25194.5
0.962818	0.612493	0.901155	26947.2
0.999979	0.000659662	0.00549078	164.191
0.587235	0.656562	0.753018	22517.5
0.809045	1	0.980482	29319.4
0.998596	0.627275	0.919406	27493
0.184783	1	0.496803	14855.9
0.536094	1	0.870319	26025.2
0.611405	1	0.912214	27277.9
1	0.468872	0.824007	24640.3
0.604389	1	0.908722	27173.5
0.113826	0.0417209	0.0301549	901.722
0.383955	3.70456e-17	5.65989e-16	1.69248e-11
0.00423035	2.97159e-71	2.12271e-71	6.34755e-67
0.725494	1	0.958307	28656.2
0.202898	1	0.52653	15744.8
0.999994	0.520987	0.860685	25737.1
0.974324	0.887467	0.990401	29616
0.754639	1	0.967082	28918.6
0.220446	1	0.553783	16559.8
0.999863	0.536272	0.870385	26027.1
0.999839	0.808264	0.980289	29313.6
0.994084	0.106063	0.34263	10245.7
0.952338	0.186578	0.484679	14493.4
1	1	1	29903
0.542406	0.217724	0.370377	11075.4
0.163875	2.68217e-10	1.09216e-09	3.26589e-05
1	2.92059e-06	4.01398e-05	1.2003
0.999998	0.000102137	0.00104069	31.1197
0.999997	3.97385e-06	5.33917e-05	1.59657
1	1.54328e-05	0.000186413	5.5743
1	4.83444e-09	9.74018e-08	0.00291261
1	2.02262e-07	3.31987e-06	0.0992742
0.986569	1	0.999909	29900.3
0.882853	1	0.992853	29689.3
1	0.790512	0.976341	29195.5
0.295915	0.677631	0.522726	15631.1
0.904973	0.701205	0.923178	27605.8
0.695603	1	0.94809	28350.7
0.858192	1	0.989433	29587
0.0193056	1	0.0955117	2856.09
0.999977	7.67799e-16	2.74889e-14	8.22e-10
0.953654	1	0.998909	29870.4
0.965009	1	0.999381	29884.5
1	1	1	29903
0.909577	0.685095	0.917879	27447.3
0.812305	1	0.981166	29339.8
0.906435	1	0.995479	29767.8
0.999995	1	1	29903
0.825636	1	0.983829	29419.4
0.999996	1	1	29903
0.143837	0.0471654	0.0406583	1215.81
0.169415	0.189615	0.14257	4263.27
0.847643	0.216664	0.494892	14798.7
0.542999	1	0.87458	26152.6
0.999661	1	1	29903
0.32929	1	0.695071	20784.7
0.999726	0.00115372	0.00895625	267.819
0.878219	0.300579	0.615562	18407.2
0.66676	0.410899	0.62869	18799.7
0.999983	0.631527	0.921781	27564
0.999975	0.631486	0.92176	27563.4
0.261486	0.409035	0.34604	10347.6
0.00398862	4.93244e-18	9.12365e-19	2.72824e-14
1	0.608223	0.91064	27230.9
0.621281	1	0.916993	27420.8
0.207609	1.59752e-06	5.27976e-06	0.157881
0.999995	1	1	29903
0.999961	0.262978	0.61422	18367
1	1	1	29903
1	0.181579	0.491364	14693.3
0.3216	1	0.686438	20526.6
1	0.622835	0.917731	27442.9
0.937042	1	0.997975	29842.5
1	0.0100063	0.0560808	1676.98
0.0815572	0.000478459	0.000435147	13.0122
0.109009	0.000481819	0.000570092	17.0475
0.358232	1.83133e-06	9.99614e-06	0.298915
0.273974	1.81918e-06	7.7312e-06	0.231186
0.279052	7.27119e-06	2.86256e-05	0.855992
0.320369	7.30873e-06	3.26983e-05	0.977778
0.282336	7.30909e-06	2.90785e-05	0.869535
0.322807	7.38829e-06	3.32618e-05	0.994629
0.225943	7.4765e-06	2.41416e-05	0.721906
0.0784469	7.71505e-06	9.27059e-06	0.277218
0.0453311	7.51999e-06	5.41731e-06	0.161994
0.048494	1.20487e-05	8.97051e-06	0.268245
0.0291562	1.29107e-05	5.94476e-06	0.177766
0.235729	1.24518e-05	4.03267e-05	1.20589
0.227867	1.30757e-05	4.08901e-05	1.22274
0.847075	1	0.987661	29534
0.994955	1	0.999987	29902.6
0.90169	1	0.995001	29753.5
0.664122	1	0.93594	27987.4
0.519795	1	0.859907	25713.8
0.928868	1	0.997408	29825.5
0.886254	1	0.993271	29701.8
0.909932	1	0.995816	29777.9
0.890159	1	0.993734	29715.6
0.885216	1	0.993145	29698
0.898085	1	0.994621	29742.1
0.986158	0.623976	0.914137	27335.4
0.999879	0.00326521	0.0219544	656.504
0.662714	1	0.935362	27970.1
0.992601	1	0.999973	29902.2
0.999922	0.677506	0.941264	28146.6
0.964212	0.54773	0.865294	25874.9
1	0.831709	0.98497	29453.6
0.66282	1	0.935406	27971.4
0.746973	1	0.964885	28852.9
0.80144	1	0.978835	29270.1
0.902933	0.00279737	0.0176334	527.29
0.263492	0.000119522	0.000357944	10.7036
0.055402	2.045e-05	1.66441e-05	0.497708
0.572497	4.74764e-41	2.56597e-39	7.67301e-35
0.999982	2.21934e-38	1.94635e-36	5.82017e-32
0.603706	4.74764e-41	2.70433e-39	8.08675e-35
0.714923	0.165834	0.371367	11105
0.481068	0.699714	0.703121	21025.4
1	0.920166	0.996725	29805.1
1	0.359003	0.726775	21732.7
1	1	1	29903
1	0.769396	0.971093	29038.6
0.848614	1	0.987915	29541.6
0.525727	1	0.863755	25828.9
0.999492	0.61775	0.915151	27365.8
0.579624	1	0.895737	26785.2
0.689471	1	0.945838	28283.4
0.556021	1	0.882377	26385.7
0.800358	1	0.978595	29262.9
0.478864	1	0.83147	24863.4
0.00448033	0.395636	0.0130024	388.812
0.393067	0.394666	0.444213	13283.3
0.999999	0.532764	0.868233	25962.8
0.619763	1	0.916269	27399.2
0.912303	1	0.996037	29784.5
0.385415	1	0.752883	22513.5
0.269059	1	0.622286	18608.2
0.0858123	0.00568856	0.00421023	125.898
0.992418	7.04186e-06	8.99503e-05	2.68978
0.890064	1.15656e-05	0.000128511	3.84287
1	0.000411861	0.00362224	108.316
0.217055	5.88797e-06	1.86209e-05	0.55682
0.0644538	9.9928e-05	8.3426e-05	2.49469
1	0.000221488	0.00208534	62.358
0.990697	0.355575	0.719811	21524.5
0.999999	1.96675e-27	1.22909e-25	3.67534e-21
0.90787	1	0.995619	29772
0.889741	1	0.993685	29714.2
1	0.882756	0.992841	29688.9
0.999998	0.463149	0.819637	24509.6
0.223942	0.805848	0.489458	14636.3
0.999971	0.794357	0.97723	29222.1
0.15058	0.730283	0.352725	10547.5
0.937519	1	0.998006	29843.4
0.999897	1	1	29903
0.999947	0.126599	0.388231	11609.3
0.999844	1	1	29903
0.996256	0.345312	0.711107	21264.2
0.982233	1	0.999841	29898.3
0.676374	1	0.940842	28134
0.892104	1	0.993958	29722.3
0.920984	1	0.996793	29807.1
0.973716	1	0.999652	29892.6
0.993991	1	0.999982	29902.5
0.998503	1	0.999999	29903
0.987931	1	0.999927	29900.8
0.947938	0.379566	0.727596	21757.3
0.947938	0.379566	0.727596	21757.3
0.828999	0.379566	0.67849	20288.9
0.694064	0.700783	0.836952	25027.4
0.982951	0.379411	0.740788	22151.8
0.98188	2.2081e-07	3.54358e-06	0.105964
0.978731	6.38289e-18	2.53724e-16	7.58709e-12
0.582622	0.00108944	0.00530781	158.72
0.530245	0.00108898	0.00488327	146.024
0.915531	1	0.996328	29793.2
0.837659	0.895122	0.965706	28877.5
0.993345	0.905798	0.9948	29747.5
0.900242	0.895186	0.979806	29299.2
0.0750161	1	0.269312	8053.23
0.048803	1	0.196186	5866.56
0.00106523	0.898418	0.00760992	227.56
0.502864	1	0.848551	25374.2
0.0319702	1	0.142042	4247.48
0.999994	1	1	29903
0.414662	4.76387e-08	3.70188e-07	0.0110697
0.176809	8.54675e-07	2.5244e-06	0.0754871
0.999999	0.363829	0.731686	21879.6
0.720188	1.2973e-09	2.03596e-08	0.000608813
0.22791	1.04448e-06	3.86846e-06	0.115678
0.313767	6.65239e-07	3.41946e-06	0.102252
0.4645	8.81828e-06	5.491e-05	1.64197
0.659399	8.83791e-06	7.60684e-05	2.27467
0.589164	8.89955e-06	6.89942e-05	2.06313
0.458736	8.87948e-06	5.46277e-05	1.63353
0.947676	1.22671e-05	0.000143715	4.29752
0.949093	0.00639792	0.037065	1108.36
0.997447	0.0574072	0.221034	6609.58
0.275007	0.0169753	0.029723	888.805
0.999991	2.91982e-05	0.000334065	9.98955
0.80179	1	0.978912	29272.4
0.869409	1	0.991075	29636.1
0.771907	1	0.971747	29058.1
0.993817	1	0.999981	29902.4
0.957774	1	0.999096	29876
0.575648	1	0.893555	26720
0.927838	1	0.997331	29823.2
0.259553	0.625178	0.457351	13676.2
0.541046	7.594e-15	1.40212e-13	4.19277e-09
0.950264	6.85778e-09	1.29349e-07	0.00386793
0.95763	0.603361	0.894737	26755.3
0.147137	1	0.429109	12831.6
0.896137	1	0.994409	29735.8
0.999928	1	1	29903
0.414352	0.687409	0.642537	19213.8
0.999908	0.0791204	0.279813	8367.26
1	0.906165	0.995453	29767
0.00180144	1	0.013185	394.272
0.0460825	0.1752	0.0469817	1404.89
8.96751e-05	0.740941	0.000705579	21.0989
0.988468	1	0.999933	29901
0.976395	1	0.999719	29894.6
0.999997	0.00166311	0.0123054	367.969
0.8384	2.9143e-25	1.40911e-23	4.21366e-19
0.997496	5.83377e-07	8.93645e-06	0.267227
1	6.77279e-06	8.73866e-05	2.61312
1	0.0033404	0.0223863	669.416
0.918644	1.90192e-08	3.29566e-07	0.00985501
1	1.93165e-05	0.000228989	6.84745
1	0.0130642	0.0697349	2085.28
0.999998	1.1683e-10	2.78877e-09	8.33925e-05
0.354294	0.00852134	0.0205381	614.151
1	2.17242e-10	5.05088e-09	0.000151036
0.355567	1	0.723239	21627
0.119859	0.000551255	0.00070201	20.9922
0.535608	0.0170826	0.0520981	1557.89
0.397185	0.0040925	0.0120642	360.757
0.566777	1.93627e-05	0.000136301	4.07581
0.99999	1.07831e-09	2.33429e-08	0.000698022
0.804835	0.00242715	0.0141394	422.81
0.922657	0.670926	0.91592	27388.8
0.89969	0.859876	0.972189	29071.4
0.997427	0.206685	0.531698	15899.4
0.990737	1	0.999957	29901.7
0.950807	1	0.99877	29866.2
0.870768	0.254566	0.555627	16614.9
0.000665754	0.256443	0.00165186	49.3957
0.999988	0.314111	0.67785	20269.7
0.999997	0.0273295	0.12571	3759.1
0.954955	0.725754	0.947163	28323
1	0.325174	0.690473	20647.2
0.836814	0.00344357	0.0197374	590.208
0.999986	0.259865	0.610052	18242.4
0.207809	1	0.534305	15977.3
0.66348	1	0.935677	27979.6
0.261424	1	0.612154	18305.2
0.994478	0.00353621	0.0233868	699.334
0.253514	0.636845	0.455862	13631.6
0.152978	0.407853	0.235489	7041.83
1	1	1	29903
1	1	1	29903
1	1	1	29903
0.749691	0.0761525	0.220548	6595.06
0.967743	1	0.999474	29887.3
0.986281	1	0.999905	29900.2
0.989024	1	0.99994	29901.2
0.999988	1	1	29903
0.999989	1	1	29903
0.994574	1	0.999985	29902.6
1.0129e-09	0.000176409	5.42362e-12	1.62183e-07
0.629791	0.409459	0.607366	18162.1
0.492813	1	0.84154	25164.6
0.999908	0.637284	0.924379	27641.7
0.664161	0.626532	0.780965	23353.2
0.738929	1	0.962495	28781.5
0.590213	1	0.901416	26955
0.970951	1	0.999574	29890.3
0.923707	1	0.997013	29813.7
0.999974	0.0411552	0.172454	5156.88
0.999878	0.263321	0.614648	18379.8
0.00721845	1	0.0428135	1280.25
0.721435	1	0.956993	28617
0.665721	1	0.936592	28006.9
0.703718	1	0.950989	28437.4
0.751352	1	0.966149	28890.8
0.999996	1	1	29903
1	6.21225e-05	0.000663866	19.8516
0.98682	1	0.999913	29900.4
0.699214	1	0.949392	28389.7
0.253549	1	0.601469	17985.7
0.00280206	1	0.0192709	576.257
0.362676	1	0.730518	21844.7
0.450755	1	0.80993	24219.3
0.981432	1	0.999827	29897.8
0.122307	0.0204679	0.0174988	523.266
0.925619	1	0.997162	29818.1
0.828213	0.403922	0.700854	20957.6
0.999985	1	1	29903
0.999031	0.885282	0.993048	29695.1
1	1	1	29903
0.999998	0.863526	0.990232	29610.9
0.999992	1	1	29903
0.297943	1	0.658708	19697.3
0.950315	1	0.998745	29865.5
0.920676	1	0.996767	29806.3
0.963664	1	0.999332	29883
0.81085	1.99965e-11	4.19056e-10	1.2531e-05
0.758482	2.81641e-07	3.49462e-06	0.1045
0.996759	8.9858e-06	0.000113061	3.38087
0.968206	0.055476	0.210773	6302.74
0.393559	0.104129	0.171901	5140.36
0.425895	0.104128	0.182521	5457.92
0.333612	0.104157	0.151489	4529.96
0.480002	0.0692326	0.146361	4376.63
0.073791	0.104093	0.0450804	1348.04
0.0398685	0.104086	0.0269099	804.686
0.620338	0.60146	0.740951	22156.7
0.934444	0.00353046	0.02215	662.352
0.836129	1	0.985773	29477.6
0.452453	0.00555734	0.0175651	525.25
0.764906	0.139515	0.345502	10331.5
0.457006	0.225213	0.336948	10075.8
0.173275	8.79375e-05	0.000184246	5.50952
0.999982	1	1	29903
0.544819	1	0.875688	26185.7
0.506161	1	0.850807	25441.7
0.765916	1	0.970173	29011.1
0.444055	1	0.804542	24058.2
0.418671	1	0.783195	23419.9
0.260131	1	0.610416	18253.3
0.174831	1	0.479725	14345.2
0.240101	1	0.582651	17423
0.252202	1	0.599616	17930.3
0.152134	1	0.438601	13115.5
0.11261	1	0.35853	10721.1
0.209611	1	0.537129	16061.8
0.180009	1	0.488679	14613
0.271642	1	0.625665	18709.3
0.173319	1	0.477081	14266.2
0.513435	1	0.855707	25588.2
0.582372	1	0.897229	26829.8
0.651793	1	0.930779	27833.1
0.993403	1	0.999978	29902.3
0.964305	1	0.999355	29883.7
0.641009	1	0.926073	27692.4
0.998956	0.630515	0.921016	27541.2
0.729919	0.624954	0.81421	24347.3
0.637778	0.624923	0.765196	22881.7
0.0610367	1	0.231712	6928.89
0.257096	2.36443e-11	1.63073e-10	4.87636e-06
0.885394	0.625254	0.880949	26343
1	0.058073	0.223352	6678.89
1	0.192512	0.509694	15241.4
0.999964	0.295381	0.655583	19603.9
1	0.619578	0.91618	27396.5
0.999989	1	1	29903
0.766084	1	0.970217	29012.4
0.998837	1	0.999999	29903
0.695836	1	0.948175	28353.3
1	1	1	29903
0.519248	1	0.859549	25703.1
0.302805	1	0.664556	19872.2
0.999999	1	1	29903
1	1	1	29903
0.982668	1	0.999849	29898.5
0.778786	1	0.973497	29110.5
0.997581	1	0.999997	29902.9
1	1	1	29903
0.930182	1	0.997504	29828.4
0.231835	0.052226	0.0655505	1960.16
0.991395	1	0.999963	29901.9
0.925482	1	0.997152	29817.8
0.923586	1	0.997003	29813.4
0.976823	1	0.999729	29894.9
0.822985	1	0.983317	29404.1
0.995098	1	0.999988	29902.6
0.60046	0.0153718	0.052476	1569.19
1	0.0246618	0.115972	3467.91
0.548151	0.404285	0.555538	16612.3
0.377125	1	0.74489	22274.4
0.600853	0.00720577	0.0278925	834.07
0.960101	1	0.999193	29878.9
0.937014	1	0.997973	29842.4
0.929274	1	0.997438	29826.4
0.999664	1	1	29903
0.201015	0.17481	0.152801	4569.22
0.999982	1	1	29903
0.999971	0.791174	0.976491	29200
0.726527	1	0.958638	28666.1
0.60707	1	0.910065	27213.7
0.901566	1	0.994988	29753.1
0.0979176	0.355638	0.151741	4537.52
0.0287011	2.9516e-59	1.18025e-58	3.52929e-54
0.68255	1	0.943229	28205.4
0.75942	1	0.968413	28958.4
0.999926	1	1	29903
0.999948	1	1	29903
0.801276	1	0.978798	29269
0.999997	0.613681	0.913328	27311.3
0.889906	0.0575942	0.203526	6086.03
0.999834	5.02545e-40	4.59698e-38	1.37463e-33
0.209242	0.10376	0.104863	3135.7
0.565693	2.11118e-08	2.29816e-07	0.0068722
0.993148	0.352264	0.717281	21448.8
0.921832	1.76288e-05	0.000195454	5.84466
0.678935	1.76921e-05	0.000148101	4.42866
0.99999	2.66684e-25	1.53565e-23	4.59206e-19
0.989385	9.44014e-05	0.000960017	28.7074
0.999998	5.22142e-05	0.000567054	16.9566
1	9.44562e-05	0.000969816	29.0004
0.99545	0.000196061	0.00186224	55.6865
0.971308	2.65739e-05	0.000298502	8.9261
0.931536	1.76558e-09	3.49099e-08	0.00104391
0.970147	2.16718e-06	2.9587e-05	0.88474
0.999849	8.08744e-09	1.58758e-07	0.00474733
0.000242453	4.7601e-10	3.55351e-12	1.0626e-07
0.00280925	1.1775e-07	7.55179e-09	0.000225821
0.000375867	2.00527e-07	1.83218e-09	5.47876e-05
0.657838	1	0.933338	27909.6
0.617125	1	0.915001	27361.3
0.36503	1	0.732898	21915.9
0.428074	1	0.791277	23661.6
0.865044	1	0.990454	29617.5
0.960257	1	0.9992	29879.1
0.996721	1	0.999995	29902.8
3.33233e-10	1	7.60511e-09	0.000227416
0.999998	0.647879	0.929091	27782.6
1	0.471922	0.826308	24709.1
1	0.620884	0.916804	27415.2
0.999998	1	1	29903
0.352198	0.0397943	0.0738278	2207.67
0.437842	8.15153e-14	1.14082e-12	3.41139e-08
0.999997	0.229575	0.567399	16966.9
0.972419	0.5758	0.884651	26453.7
0.977277	1.80213e-08	3.32066e-07	0.00992976
0.846663	0.288369	0.588396	17594.8
0.995472	0.229101	0.565171	16900.3
0.909417	0.0884472	0.283157	8467.23
0.712986	0.251343	0.487297	14571.7
0.98423	4.22422e-17	1.60978e-15	4.81374e-11
0.509799	0.57619	0.653591	19544.3
0.999998	5.31169e-169	2.06341e-166	6.17022e-162
0.889373	1	0.993642	29712.9
0.999784	1	1	29903
0.973903	0.633812	0.915072	27363.4
0.803851	7.51425e-07	9.25358e-06	0.27671
0.876881	0.520122	0.814146	24345.4
0.0532882	0.877493	0.189973	5680.77
1	0.109175	0.350977	10495.3
1	1	1	29903
0.952374	1	0.998847	29868.5
0.657931	1	0.933377	27910.8
0.00149636	6.20571e-22	5.23136e-23	1.56433e-18
1	0.463397	0.819829	24515.3
0.645321	1	0.927976	27749.3
0.00269773	0.535616	0.0108944	325.777
0.999997	1	1	29903
0.999993	1	1	29903
0.897156	1	0.99452	29739.1
0.999982	1	1	29903
0.834513	1	0.985482	29468.9
0.0230464	1	0.109937	3287.44
0.211269	0.176098	0.159655	4774.16
2.20344e-08	1	4.10515e-07	0.0122756
0.999784	1	1	29903
0.999734	1	1	29903
0.99624	1	0.999993	29902.8
0.999381	1	1	29903
0.608017	7.81381e-15	1.61439e-13	4.8275e-09
0.699385	1	0.949453	28391.5
0.819637	1	0.982658	29384.4
1	1	1	29903
0.99326	1	0.999977	29902.3
0.999991	1	1	29903
0.849654	1	0.988085	29546.7
0.999998	1	1	29903
0.938276	1	0.998055	29844.8
0.813075	1	0.981326	29344.6
0.999997	0.117877	0.369911	11061.4
1	0.633624	0.922747	27592.9
0.406597	0.410948	0.466052	13936.3
1	1	1	29903
0.991553	1	0.999964	29901.9
0.571318	1	0.891147	26648
0.999987	0.536153	0.870352	26026.1
0.0262949	0.0237007	0.00522286	156.179
0.993967	0.0239412	0.112754	3371.68
0.999999	1	1	29903
0.999987	0.402323	0.768634	22984.5
1	0.730127	0.959779	28700.3
0.999992	1	1	29903
0.999944	1	1	29903
0.33145	1	0.697463	20856.2
0.702296	1	0.950488	28422.4
0.561922	1	0.88581	26488.4
0.501297	1	0.847471	25341.9
0.412881	1	0.778114	23267.9
1	0.36005	0.727845	21764.8
0.999993	0.639551	0.925421	27672.9
0.906693	1	0.995505	29768.6
0.99998	1	1	29903
0.609929	0.000135845	0.000861568	25.7635
0.729398	0.887364	0.928815	27774.3
0.275756	0.833125	0.567642	16974.2
0.996055	0.859971	0.989185	29579.6
0.675167	1	0.940369	28119.9
0.164424	1.00143e-05	2.35739e-05	0.70493
0.882661	0.578744	0.853967	25536.2
0.882661	0.578744	0.853967	25536.2
0.904573	0.0774148	0.256221	7661.77
0.387548	0.0200294	0.0454755	1359.85
0.0594316	0.0774665	0.0293771	878.463
0.622258	0.130739	0.285465	8536.27
0.992493	0.576042	0.891371	26654.7
1	0.178773	0.486555	14549.5
1	1	1	29903
0.754028	1	0.96691	28913.5
0.999999	0.449355	0.808812	24185.9
1	0.00144661	0.0109053	326.102
0.972874	0.00407565	0.025893	774.277
0.448698	0.0176154	0.0461625	1380.4
0.0386809	0.000165833	8.31132e-05	2.48533
0.261801	1	0.61266	18320.4
0.590557	0.00757481	0.0286725	857.394
0.769719	0.027351	0.102331	3060
1	0.121112	0.376784	11267
1	0.00415843	0.0269575	806.111
0.999999	0.00414963	0.0269092	804.667
0.999998	0.00416726	0.0270059	807.556
0.839048	0.0041815	0.0233404	697.948
0.947627	0.00414673	0.0256962	768.395
0.624865	0.00412702	0.0179497	536.751
0.928372	0.00418754	0.0254636	761.438
0.98387	0.00417849	0.0266977	798.341
0.993818	0.00415245	0.0267839	800.918
0.876641	0.00418415	0.0242385	724.805
0.644609	5.59556e-05	0.000405063	12.1126
0.613705	5.52368e-05	0.000382792	11.4466
0.360352	0.000387042	0.00137765	41.1958
0.29639	5.47513e-05	0.0001952	5.83707
0.870855	0.0124067	0.0597247	1785.95
1	0.000155875	0.00152234	45.5227
0.999998	0.0299268	0.13494	4035.1
0.455967	0.000478417	0.00205716	61.5153
0.0817358	4.55123e-06	5.8792e-06	0.175806
0.0558417	5.02987e-05	3.87126e-05	1.15762
0.219742	7.87576e-11	4.46157e-10	1.33414e-05
0.437984	8.62368e-08	6.83331e-07	0.0204336
0.96474	0.000119757	0.00116296	34.776
0.945745	0.00386689	0.0241774	722.975
0.999984	0.382307	0.749902	22424.3
0.99999	1	1	29903
1	0.625557	0.919014	27481.3
0.928063	1	0.997348	29823.7
0.749972	1	0.965753	28878.9
0.846814	1	0.987617	29532.7
0.0395257	1	0.167226	5000.55
0.802142	1	0.97899	29274.7
0.9999	3.77611e-27	2.33496e-25	6.98223e-21
0.916514	0.0055994	0.0321889	962.544
0.774423	0.00386842	0.020403	610.111
0.999988	0.000474699	0.00410744	122.825
0.863057	9.01644e-06	9.93235e-05	2.97007
0.999552	7.78915e-05	0.00081443	24.3539
0.999997	7.86061e-05	0.000821515	24.5657
0.40201	0.010971	0.0283318	847.205
0.587001	1	0.899713	26904.1
0.591743	1	0.90222	26979.1
0.89564	1	0.994355	29734.2
0.999998	0.567911	0.889229	26590.6
1	0.864058	0.99031	29613.2
0.958217	0.864063	0.984271	29432.7
1	0.0782332	0.277576	8300.36
1	4.54105e-12	1.23144e-10	3.68237e-06
0.010904	1.78435e-08	4.5451e-09	0.000135912
0.513304	0.036137	0.0925112	2766.36
1	4.9405e-06	6.53037e-05	1.95278
0.999993	9.72863e-10	2.11604e-08	0.000632759
0.990686	0.00029958	0.00270746	80.9612
0.990615	0.000298777	0.00270083	80.7629
0.991327	1.53078e-07	2.53438e-06	0.0757856
0.127468	6.38582e-07	1.41014e-06	0.0421675
0.997945	0.0018035	0.0131746	393.961
0.929444	0.777982	0.957531	28633.1
0.908562	1.77414e-07	2.68234e-06	0.0802101
0.709165	2.2148e-05	0.000189444	5.66495
0.986014	0.228665	0.561318	16785.1
0.867936	1	0.990868	29629.9
0.710389	0.903871	0.926558	27706.9
0.55354	0.0011472	0.00530996	158.784
0.707693	1	0.952374	28478.8
0.999998	1	1	29903
0.999994	1	1	29903
0.495655	1	0.843543	25224.5
0.0364796	1	0.157264	4702.66
0.000870528	1	0.00700462	209.459
0.99301	4.48113e-41	4.17895e-39	1.24963e-34
1	1	1	29903
0.997459	1	0.999997	29902.9
0.976306	0.710907	0.94753	28334
0.542323	1	0.874167	26140.2
0.999875	0.550944	0.879333	26294.7
1	0.0823403	0.287935	8610.13
0.00297278	0.00195864	7.60068e-05	2.27283
0.711759	1	0.953768	28520.5
0.302843	8.90457e-07	4.3487e-06	0.130039
0.62053	0.00703561	0.0280894	839.958
0.644472	0.273536	0.482257	14420.9
0.387408	6.79912e-26	1.57775e-24	4.71795e-20
1	2.70024e-22	1.36804e-20	4.09084e-16
0.952964	0.000226797	0.00204018	61.0075
0.887204	0.202158	0.487558	14579.4
0.371233	0.0578844	0.10401	3110.2
0.999994	1	1	29903
0.999968	1	1	29903
1	0.844879	0.987293	29523
0.999999	0.624881	0.918696	27471.8
0.812905	0.001021	0.00671793	200.886
0.877293	0.00102333	0.00719607	215.184
0.690585	0.00102964	0.00586534	175.391
0.0979499	1	0.325517	9733.93
0.101777	1	0.334335	9997.63
0.65481	0.229561	0.435172	13013
0.581639	0.607351	0.720844	21555.4
0.440851	0.365938	0.455635	13624.8
0.687186	0.591598	0.772454	23098.7
0.957443	1.86476e-20	8.29712e-19	2.48109e-14
0.0081385	0.0553079	0.00391876	117.183
0.924663	0.00363391	0.0224987	672.779
0.0342976	0.00244471	0.000870884	26.0421
0.927527	0.234789	0.549725	16438.4
0.927527	0.234789	0.549725	16438.4
0.996096	0.234789	0.573684	17154.9
0.923376	0.234789	0.548237	16393.9
1	1	1	29903
1	0.00015488	0.00151362	45.2619
0.440055	8.12367e-07	5.66407e-06	0.169373
0.333004	1	0.699176	20907.5
1	1	1	29903
1	0.164594	0.461566	13802.2
0.88129	0.763318	0.939398	28090.8
0.176731	0.00100248	0.00170763	51.0633
0.999791	4.02582e-05	0.000447594	13.3844
1	0.877085	0.992116	29667.2
0.806441	1	0.979926	29302.7
0.999995	0.140817	0.416859	12465.3
0.976145	4.36128e-07	6.67088e-06	0.199479
0.892953	0.171819	0.441029	13188.1
0.997463	1	0.999997	29902.9
0.597289	1	0.905104	27065.3
1	0.396347	0.763152	22820.5
1	1	1	29903
0.99324	1	0.999977	29902.3
0.137318	1	0.409957	12259
0.15243	1	0.439158	13132.1
0.999979	0.0032557	0.0219018	654.931
0.650323	0.115373	0.269347	8054.27
1	0.721497	0.957013	28617.6
0.999996	0.412246	0.777551	23251.1
0.000342191	1	0.00307292	91.8895
0.707452	0.26013	0.495529	14817.8
0.999941	0.454114	0.812573	24298.4
0.999999	0.698165	0.949015	28378.4
0.834318	1	0.985447	29467.8
0.996876	1	0.999995	29902.9
0.953389	1	0.998896	29870
0.000174401	0.380309	0.000704448	21.0651
1	1	1	29903
0.999988	0.00303005	0.0206016	616.05
0.964807	0.000174918	0.0016348	48.8855
0.766426	0.000364421	0.00256489	76.6979
0.981298	0.341817	0.701828	20986.8
1	0.000203418	0.00193252	57.7882
0.765093	0.00649483	0.031328	936.802
0.943289	2.37632e-11	5.72074e-10	1.71067e-05
0.939609	2.41521e-11	5.78888e-10	1.73105e-05
0.785053	1.72975e-08	2.59568e-07	0.00776186
0.0929161	4.9377e-46	4.9411e-45	1.47754e-40
0.497959	1.38184e-30	4.84777e-29	1.44963e-24
0.872137	0.00782014	0.0408386	1221.2
0.132367	4.27621e-34	4.52015e-33	1.35166e-28
0.27358	0.00390312	0.00837397	250.407
0.339539	0.0294045	0.0559779	1673.91
0.284549	7.57711e-19	9.48254e-18	2.83556e-13
0.999996	4.3604e-39	3.89506e-37	1.16474e-32
0.316638	1.70194e-33	4.18206e-32	1.25056e-27
0.99999	0.0378063	0.161631	4833.26
0.574443	1	0.892888	26700
0.00348166	1	0.0231887	693.412
0.999785	0.626469	0.919378	27492.2
0.733461	0.889636	0.931087	27842.3
1	0.109556	0.35182	10520.5
0.985939	1	0.999901	29900
0.976126	1	0.999713	29894.4
0.953075	1	0.998881	29869.6
0.975855	1	0.999706	29894.2
0.920643	1	0.996764	29806.2
1	1	1	29903
0.502687	0.801731	0.769272	23003.5
0.748741	0.628848	0.825497	24684.8
0.398605	0.627921	0.596979	17851.5
0.83237	0.629854	0.862818	25800.8
0.983189	2.50806e-08	4.56638e-07	0.0136548
0.108483	0.520991	0.218908	6546
0.288527	1	0.647156	19351.9
0.997676	1	0.999997	29902.9
0.534781	0.263922	0.417493	12484.3
0.372388	0.620271	0.569466	17028.7
0.918575	1	0.996591	29801.1
0.798858	1	0.978259	29252.9
0.927597	1	0.997313	29822.7
0.525062	1	0.863327	25816.1
0.881518	1	0.992686	29684.3
0.622025	1	0.917347	27431.4
0.356731	0.102951	0.158078	4727
0.57326	0.630677	0.729366	21810.2
0.781234	0.629188	0.84064	25137.7
0.69446	0.618009	0.792217	23689.7
0.822008	0.608078	0.846466	25311.9
0.370663	0.610513	0.562549	16821.9
0.309221	0.257662	0.281236	8409.8
0.938706	2.25084e-09	4.4318e-08	0.00132524
1	0.158972	0.451326	13496
0.594831	0.246148	0.427726	12790.3
0.452948	6.68867e-17	1.18263e-15	3.53642e-11
0.995556	4.27853e-19	1.84437e-17	5.51522e-13
0.868084	7.09119e-14	1.93406e-12	5.78343e-08
0.98347	5.04576e-12	1.34128e-10	4.01084e-06
0.997699	0.631192	0.920962	27539.5
0.165118	1	0.462511	13830.5
1	1	1	29903
0.999997	1	1	29903
0.999772	1	1	29903
0.999977	0.221936	0.556024	16626.8
0.227164	1	0.56384	16860.5
0.274643	5.91103e-09	3.44794e-08	0.00103104
0.742915	3.13942e-06	3.25794e-05	0.974222
0.99999	4.92475e-06	6.51106e-05	1.947
0.228403	0.903113	0.531887	15905
0.753634	1	0.966798	28910.2
0.999961	0.575871	0.893665	26723.3
0.83829	0.8545	0.955304	28566.5
0.944739	0.837541	0.976516	29200.8
0.999248	0.899883	0.99474	29745.7
0.848102	1	0.987831	29539.1
0.613836	1	0.913405	27313.6
0.856706	1	0.989205	29580.2
1	1	1	29903
0.997711	1	0.999997	29902.9
1	1	1	29903
1	0.0916779	0.31074	9292.05
0.996306	1	0.999993	29902.8
0.989862	1	0.999948	29901.5
0.982843	1	0.999852	29898.6
0.987213	1	0.999918	29900.5
0.767709	0.00572284	0.0282397	844.45
0.738505	0.00266771	0.0142433	425.917
0.972333	4.72934e-10	1.03467e-08	0.000309396
0.930738	2.10309e-14	6.37428e-13	1.9061e-08
0.977173	0.265223	0.609117	18214.4
0.999999	2.50161e-08	4.62892e-07	0.0138419
0.0760418	0.799739	0.231088	6910.23
0.0088322	1	0.0506028	1513.18
0.892231	1	0.993972	29722.8
0.94798	0.0425166	0.169735	5075.6
0.963063	1.79394e-11	4.45424e-10	1.33195e-05
0.715529	0.207233	0.431297	12897.1
1	0.0902047	0.307208	9186.44
0.619645	1.17944e-11	1.94709e-10	5.8224e-06
0.586096	7.41967e-13	1.28127e-11	3.83139e-07
0.818396	0.0764157	0.235893	7053.91
0.153416	1.97158e-09	6.93239e-09	0.000207299
0.388389	2.8686e-12	3.17783e-11	9.50268e-07
0.496147	2.90436e-12	4.07306e-11	1.21797e-06
0.16982	6.76011e-13	3.53535e-12	1.05717e-07
0.995621	1.37015e-05	0.000166459	4.97763
0.999992	1.25875e-28	8.21233e-27	2.45573e-22
0.949536	1	0.998705	29864.3
0.971406	1	0.999587	29890.7
0.968733	1	0.999506	29888.2
0.967084	0.880063	0.988318	29553.7
0.893386	0.426109	0.748339	22377.6
0.523131	1	0.86208	25778.8
0.890354	0.821088	0.960071	28709
0.120925	0.0156189	0.0137345	410.703
0.999999	0.717641	0.955744	28579.6
0.992734	0.324699	0.687277	20551.6
0.894673	0.0168578	0.0783405	2342.62
0.27184	5.93125e-07	2.68302e-06	0.0802303
1	6.57869e-06	8.50735e-05	2.54395
0.98899	0.437353	0.795042	23774.1
0.795618	7.11275e-11	1.39185e-09	4.16205e-05
1	2.86646e-07	4.60497e-06	0.137702
0.598711	0.0166048	0.055782	1668.05
0.598711	0.0166048	0.055782	1668.05
0.310663	0.0166048	0.0323289	966.731
0.310663	0.0166048	0.0323289	966.731
0.310663	0.0166048	0.0323289	966.731
1	0.118296	0.370806	11088.2
0.981077	1.06052e-06	1.53735e-05	0.459715
0.221859	0.00470242	0.00820577	245.377
0.0190278	1.02662e-14	7.26127e-15	2.17134e-10
0.608221	1	0.910639	27230.8
0.217941	1	0.549981	16446.1
0.992781	1	0.999974	29902.2
0.787195	1	0.975554	29172
0.803565	1	0.979302	29284.1
0.999993	1	1	29903
0.320138	5.39021e-09	3.65445e-08	0.00109279
0.999984	0.825488	0.983798	29418.5
0.980898	1	0.999816	29897.5
0.951473	1	0.998803	29867.2
1	0.0700287	0.256225	7661.88
0.778597	0.0677334	0.207913	6217.21
0.999996	1	1	29903
0.131702	0.0573331	0.0444452	1329.04
0.486412	9.17644e-38	3.88337e-36	1.16124e-31
0.769685	1	0.971168	29040.8
0.000279266	1	0.0025646	76.6892
0.000279266	1	0.0025646	76.6892
0.0540929	1	0.211885	6335.99
0.012668	1	0.0680103	2033.71
0.123159	1	0.381089	11395.7
0.702971	1	0.950726	28429.6
0.680135	1	0.942303	28177.7
0.000115704	2.61928e-05	6.24745e-08	0.00186817
0.78181	0.0771306	0.229652	6867.28
0.999998	2.00941e-11	5.15024e-10	1.54008e-05
0.687141	0.0239517	0.0840508	2513.37
0.102831	0.595608	0.2323	6946.48
0.689499	0.000500841	0.00309795	92.6381
0.999995	1	1	29903
0.999982	1	1	29903
0.350809	1	0.718286	21478.9
0.0138929	0.125158	0.0127882	382.404
0.551181	1	0.879515	26300.1
0.333092	1	0.699272	20910.3
0.55319	1	0.880708	26335.8
0.0451013	0.89731	0.170265	5091.43
0.998057	1	0.999998	29902.9
0.146616	0.438308	0.24065	7196.16
0.0699143	0.438339	0.137456	4110.34
0.104279	1	0.340021	10167.7
0.961923	1	0.999266	29881
0.500951	1	0.847232	25334.8
0.793905	0.0541479	0.178265	5330.66
0.990785	1	0.999957	29901.7
0.999956	1	1	29903
0.51093	0.00217103	0.00865662	258.859
0.180555	0.0258225	0.0296911	887.854
0.889146	0.496454	0.802395	23994
0.687322	1	0.945035	28259.4
0.842202	0.017526	0.0769875	2302.16
0.336068	0.0167046	0.0347078	1037.87
0.862207	0.622455	0.870688	26036.2
0.750215	0.0535327	0.169273	5061.77
0.400413	0.0258588	0.0576766	1724.7
1	0.0813549	0.285469	8536.38
1	0.000818473	0.00663624	198.443
1	0.249108	0.595335	17802.3
0.859155	0.104202	0.305571	9137.48
0.0938828	1.01405e-12	2.94961e-12	8.8202e-08
0.0828962	9.20487e-11	2.02962e-10	6.06918e-06
0.212196	0.0672695	0.07493	2240.63
0.955137	0.069037	0.245231	7333.14
0.713833	1	0.954471	28541.5
1	1	1	29903
0.773334	1	0.972115	29069.2
0.76397	1	0.969651	28995.5
1	0.5966	0.904749	27054.7
0.0522219	0.932607	0.195883	5857.48
0.366053	0.823735	0.663031	19826.6
0.99998	0.161955	0.456779	13659.1
0.999993	0.175096	0.480185	14359
0.999989	0.496243	0.843952	25236.7
0.995628	1	0.99999	29902.7
0.999992	1	1	29903
0.943114	1	0.99835	29853.7
0.954833	0.0499412	0.192799	5765.26
1	0.0526232	0.207577	6207.18
0.995832	0.0499181	0.198917	5948.22
0.96716	0.0499374	0.194657	5820.82
0.910604	0.0499836	0.186144	5566.26
0.117746	0.147715	0.0878632	2627.37
0.1313	0.147735	0.0958747	2866.94
0.133933	0.0953512	0.0684584	2047.11
0.127255	0.0940607	0.0649403	1941.91
0.994861	8.95282e-07	1.3299e-05	0.39768
0.354344	0.00275571	0.00774492	231.596
0.994763	8.38945e-05	0.000867199	25.9319
0.97351	2.0886e-06	2.86811e-05	0.857651
0.313886	0.0043396	0.0103505	309.511
1	3.58235e-08	6.50005e-07	0.0194371
1	3.65188e-07	5.77831e-06	0.172789
0.999999	3.60406e-08	6.53725e-07	0.0195483
0.997027	3.58844e-08	6.4922e-07	0.0194136
1	9.37807e-08	1.61137e-06	0.0481847
0.999999	1.25918e-11	3.28621e-10	9.82676e-06
0.820784	1	0.982885	29391.2
0.59052	0.0252702	0.0776702	2322.57
0.999999	1	1	29903
0.311625	1	0.674965	20183.5
0.721017	1	0.956856	28612.9
0.810004	1	0.980685	29325.4
0.979303	1	0.999784	29896.6
0.958221	1	0.999115	29876.5
0.216376	0.00218874	0.00409901	122.573
0.381518	0.118783	0.185533	5548
0.718634	0.00539858	0.0254192	760.112
0.72582	0.000598369	0.00379661	113.53
0.993026	4.1935e-11	1.03698e-09	3.10088e-05
0.989904	1	0.999949	29901.5
0.97395	1	0.999658	29892.8
0.888574	1	0.993548	29710.1
0.288697	1	0.647368	19358.2
0.30162	1	0.663138	19829.8
0.139842	1	0.414945	12408.1
0.00560307	0.000994974	7.30159e-05	2.18339
0.00192056	0.000991983	2.69979e-05	0.807318
0.536217	1	0.870396	26027.5
0.00107081	0.000993263	1.56922e-05	0.469244
0.00581242	0.000979796	7.44672e-05	2.22679
0.999114	1	1	29903
0.999999	1	1	29903
0.99259	1	0.999972	29902.2
0.430982	1	0.793735	23735.1
0.918264	1	0.996565	29800.3
0.951834	0.254009	0.585034	17494.3
0.964022	0.258697	0.595726	17814
0.929134	0.260912	0.585952	17521.7
0.384707	0.26099	0.33119	9903.57
0.0141915	0.260912	0.0244331	730.623
0.00865026	0.258697	0.0158934	475.26
0.745717	0.261225	0.51345	15353.7
0.872618	0.258852	0.561932	16803.4
0.516246	0.331908	0.473613	14162.4
0.611991	0.329517	0.524555	15685.8
0.551413	0.380226	0.537208	16064.1
0.525983	0.387239	0.527778	15782.2
0.512022	0.387654	0.519448	15533
0.482341	0.384741	0.49814	14895.9
0.608817	0.387135	0.576325	17233.8
0.452471	0.385155	0.478748	14316
0.491978	0.386928	0.506136	15135
0.826759	0.272485	0.561039	16776.7
0.964306	0.274711	0.616801	18444.2
0.783339	1	0.974622	29144.1
0.981346	0.590891	0.89587	26789.2
0.393553	0.604951	0.579761	17336.6
0.997812	2.42693e-13	7.27675e-12	2.17597e-07
0.996595	0.590488	0.900498	26927.6
1	6.5533e-06	8.47705e-05	2.53489
0.808438	0.0358888	0.131722	3938.9
0.999153	0.636558	0.923835	27625.4
0.149452	0.023491	0.0233533	698.335
0.999998	1	1	29903
0.977924	1	0.999755	29895.7
0.999994	1	1	29903
0.250853	0.859364	0.546362	16337.9
0.999997	0.00205385	0.0147631	441.461
0.999084	0.0870851	0.299454	8954.56
0.687416	0.0708595	0.195905	5858.16
0.999936	0.249576	0.595963	17821.1
0.985374	1	0.999893	29899.8
0.854562	0.517107	0.802787	24005.8
0.997091	1	0.999996	29902.9
1	1	1	29903
0.460944	0.405883	0.500683	14971.9
0.366968	1	0.734846	21974.1
0.658131	1	0.933461	27913.3
1	1	1	29903
0.99999	1	1	29903
0.360581	1	0.728388	21781
0.47132	0.0493995	0.110828	3314.08
0.634801	1	0.923283	27608.9
0.999999	0.110416	0.353718	10577.2
1	0.165063	0.462413	13827.5
0.222831	0.407183	0.308477	9224.39
0.25994	0.032902	0.0492757	1473.49
1	0.287936	0.646421	19329.9
1	1	1	29903
0.827342	0.742501	0.913632	27320.3
1	0.772102	0.971797	29059.7
0.999334	0.62632	0.919176	27486.1
1	0.276469	0.631914	18896.1
0.664751	0.0166	0.0607657	1817.08
0.981043	1	0.999819	29897.6
1	0.046267	0.188461	5635.54
0.0866298	1	0.298536	8927.12
0.995931	1	0.999992	29902.8
0.939888	1	0.998156	29847.9
0.985887	1	0.9999	29900
0.74352	1	0.963869	28822.6
0.981915	1	0.999835	29898.1
0.994663	1	0.999986	29902.6
0.998226	1	0.999998	29903
0.977412	1	0.999743	29895.3
0.999998	1	1	29903
0.980333	1	0.999805	29897.2
0.975112	1	0.999688	29893.7
0.96199	1	0.999268	29881.1
0.976267	1	0.999716	29894.5
0.984529	1	0.99988	29899.4
0.993801	1	0.999981	29902.4
0.986849	1	0.999913	29900.4
0.988767	1	0.999937	29901.1
0.986686	1	0.999911	29900.3
0.978026	1	0.999757	29895.7
0.995713	1	0.999991	29902.7
0.982592	1	0.999848	29898.4
0.982318	1	0.999843	29898.3
0.99335	1	0.999978	29902.3
0.992507	1	0.999972	29902.2
0.980305	1	0.999805	29897.2
0.982355	1	0.999843	29898.3
1	0.303539	0.665432	19898.4
0.999928	0.585092	0.898671	26873
0.857061	0.689577	0.901835	26967.6
0.91647	1	0.99641	29795.6
0.999993	1	1	29903
0.757704	0.620126	0.824764	24662.9
0.788237	0.0619492	0.19627	5869.06
0.0529113	7.27878e-06	6.07338e-06	0.181612
1	0.219937	0.553013	16536.8
0.722657	0.0108241	0.0457655	1368.53
0.733738	0.0259221	0.0943823	2822.31
0.888681	0.000351507	0.00283367	84.7352
0.943079	0.0176155	0.084685	2532.34
0.986459	0.017584	0.087673	2621.69
0.981467	0.0176157	0.0874433	2614.82
0.968624	0.0175745	0.0863611	2582.46
0.979993	0.017577	0.0871837	2607.05
0.976336	0.0773718	0.270669	8093.82
0.98304	0.0175517	0.0873003	2610.54
0.982432	0.0775794	0.272411	8145.91
0.980065	0.0775908	0.271967	8132.64
1	0.380084	0.747763	22360.4
1	0.000350369	0.00313809	93.8383
0.848519	0.20758	0.481995	14413.1
0.993678	0.521095	0.858599	25674.7
0.879435	0.146115	0.392157	11726.7
0.917833	0.287922	0.615948	18418.7
0.854258	0.334969	0.644192	19263.3
0.0339163	0.0286176	0.00770424	230.38
0.897117	0.0124427	0.0613405	1834.26
0.899888	1	0.994813	29747.9
0.999999	1	1	29903
0.0906415	1	0.308258	9217.83
0.458416	0.806419	0.73755	22055
0.93089	0.898692	0.985854	29480
0.65561	0.89868	0.900872	26938.8
0.582158	1	0.897114	26826.4
1	0.767864	0.97069	29026.5
0.999999	0.0366434	0.157806	4718.86
1	0.182143	0.492325	14722
0.999977	1	1	29903
0.999997	0.0517657	0.205045	6131.46
0.220455	0.00518691	0.00888905	265.809
0.999735	1.1117e-08	2.14669e-07	0.00641924
0.992367	1.12349e-08	2.15312e-07	0.00643846
0.999216	1.12182e-07	1.90603e-06	0.0569961
0.448036	1	0.807756	24154.3
0.372262	0.00587907	0.0155924	466.259
0.999987	1.89765e-06	2.68986e-05	0.804349
0.999993	9.2695e-14	2.8744e-12	8.59533e-08
0.999998	1	1	29903
0.822343	0.638765	0.86347	25820.4
0.999959	0.63885	0.925098	27663.2
0.896316	1	0.994429	29736.4
0.828933	0.301678	0.596671	17842.3
0.931051	0.619264	0.894061	26735.1
0.708168	0.619266	0.800034	23923.4
0.999998	1	1	29903
1	1	1	29903
0.981741	1	0.999832	29898
0.593484	1	0.903131	27006.3
1	1	1	29903
0.791238	1	0.976512	29200.6
0.472733	0.00100265	0.00410205	122.664
0.596924	0.814141	0.836657	25018.6
0.559291	0.814141	0.813562	24327.9
0.959967	0.646648	0.916746	27413.4
0.999983	1	1	29903
0.987355	1	0.99992	29900.6
0.989371	1	0.999943	29901.3
0.980983	1	0.999818	29897.6
0.560785	0.0062044	0.0231755	693.018
0.954852	0.00631609	0.0368542	1102.05
0.618792	0.0328193	0.0994442	2973.68
0.511458	0.17981	0.311426	9312.59
0.757413	1	0.967858	28941.8
0.928878	1	0.997409	29825.5
0.99739	1	0.999997	29902.9
0.950623	1	0.99876	29865.9
0.797169	1	0.977878	29241.5
0.979366	1	0.999786	29896.6
0.655856	1	0.932505	27884.7
0.793547	1	0.977049	29216.7
0.882537	1	0.992814	29688.1
1	0.42052	0.784801	23467.9
1	1	1	29903
0.952134	0.804492	0.970191	29011.6
0.949838	1	0.99872	29864.7
0.823674	1	0.983451	29408.1
0.999997	1	1	29903
0.631583	0.61823	0.757664	22656.4
0.998579	1	0.999999	29903
0.372298	1	0.740151	22132.7
0.898534	1	0.994669	29743.6
0.00613214	0.615707	0.0248404	742.803
0.12441	0.624699	0.276264	8261.11
6.26617e-05	5.16255e-05	6.64757e-08	0.00198782
0.874887	1	0.991825	29658.5
0.987501	1	0.999922	29900.7
0.00269733	1	0.0186534	557.792
4.61054e-07	5.59789e-37	2.55675e-41	7.64544e-37
0.153906	5.57797e-37	7.41284e-36	2.21666e-31
0.948204	1	0.998635	29862.2
1	5.57797e-37	4.71209e-35	1.40906e-30
1	1	1	29903
0.996139	1	0.999993	29902.8
0.999999	1	1	29903
0.952763	1	0.998866	29869.1
0.999997	1	1	29903
0.846763	5.79544e-23	2.56993e-21	7.68485e-17
0.999819	1	1	29903
1	0.877412	0.992159	29668.5
0.543695	1	0.875005	26165.3
0.428344	1	0.791507	23668.4
0.414499	1	0.779542	23310.6
0.99935	1	1	29903
0.999957	0.438466	0.799954	23921
0.998756	1	0.999999	29903
0.0506911	4.88382e-26	1.54143e-25	4.60933e-21
8.50262e-10	1	1.86084e-08	0.000556447
0.998495	0.243352	0.586751	17545.6
0.992816	1	0.999974	29902.2
0.990289	1	0.999953	29901.6
1	0.62473	0.918625	27469.7
0.916884	1	0.996446	29796.7
0.675102	1	0.940344	28119.1
0.675102	1	0.940344	28119.1
0.635255	0.625591	0.764134	22849.9
0.634942	0.624964	0.763586	22833.5
0.872972	1	0.991567	29650.8
0.824561	0.389845	0.686269	20521.5
0.67894	0.62387	0.787432	23546.6
0.857919	1	0.989391	29585.8
0.907219	1	0.995556	29770.1
0.941549	1	0.998257	29850.9
0.898573	1	0.994673	29743.7
0.440733	0.000724657	0.00289011	86.423
0.401127	0.663468	0.618432	18493
0.720909	1	0.956821	28611.8
0.474583	1	0.828299	24768.6
0.99999	0.697505	0.948776	28371.2
0.992638	0.803392	0.977948	29243.6
0.853195	1	0.988654	29563.7
0.954896	1	0.998967	29872.1
0.603919	1	0.908485	27166.4
0.55604	1	0.882388	26386.1
0.00011379	3.14431e-09	1.06116e-11	3.1732e-07
0.999961	4.13489e-20	1.88677e-18	5.64202e-14
0.989103	1	0.99994	29901.2
0.988467	0.52011	0.856158	25601.7
1.75708e-07	0.00942698	3.51465e-08	0.00105099
1.92363e-07	0.423143	1.41012e-06	0.0421668
0.940918	0.0117336	0.0607904	1817.82
0.438913	1.61326e-05	9.10461e-05	2.72255
0.9724	0.164918	0.453885	13572.5
0.038673	1	0.164461	4917.89
0.286739	1	0.644929	19285.3
0.774037	1	0.972295	29074.6
0.916155	1	0.996382	29794.8
0.830851	1	0.984812	29448.8
0.962379	1	0.999283	29881.6
0.999999	0.753629	0.966796	28910.1
0.739205	1	0.962578	28784
0.554668	1	0.881581	26361.9
0.996329	1	0.999993	29902.8
0.876112	1	0.991988	29663.4
0.823162	0.0186367	0.079424	2375.02
0.91766	0.00443145	0.0264528	791.019
1	1.44434e-06	2.08676e-05	0.624005
0.633007	0.000692646	0.00382866	114.488
0.898275	3.36228e-08	5.53169e-07	0.0165414
0.999999	2.67752e-08	4.93621e-07	0.0147608
0.999302	0.0401802	0.169245	5060.92
0.37325	0.0479902	0.0899606	2690.09
0.883324	0.00711854	0.0381625	1141.17
0.931596	1	0.997605	29831.4
0.336145	0.628697	0.539812	16142
0.291861	0.628692	0.494616	14790.5
0.497039	0.628777	0.676015	20214.9
0.94935	1	0.998695	29864
0.549678	0.62872	0.712784	21314.4
0.51509	0.358757	0.496819	14856.4
0.224995	0.480199	0.348462	10420.1
0.278687	0.628711	0.480392	14365.2
0.848489	0.382743	0.69	20633.1
0.653307	0.647228	0.786803	23527.8
0.301909	0.0223752	0.0405143	1211.5
0.301909	0.0223752	0.0405143	1211.5
0.989043	1	0.99994	29901.2
0.983679	1	0.999866	29899
0.797559	1	0.977966	29244.1
0.923584	1	0.997003	29813.4
0.799451	0.128087	0.335755	10040.1
0.856973	1	0.989246	29581.4
0.99999	1.30891e-13	4.01365e-12	1.2002e-07
1	2.03145e-19	8.94659e-18	2.6753e-13
0.014753	0.0125558	0.00177713	53.1414
0.174089	0.0261578	0.0291069	870.385
0.97144	0.000126546	0.0012298	36.7746
0.259559	1.30173e-35	2.79341e-34	8.35312e-30
0.277087	1.79106e-05	6.55761e-05	1.96092
0.0645897	1.95193e-16	5.03192e-16	1.5047e-11
0.999999	0.041968	0.175042	5234.28
0.715567	0.000513527	0.00327369	97.8931
0.828292	0.0209203	0.0876009	2619.53
0.901657	1.16205e-20	4.92507e-19	1.47274e-14
0.999992	0.371348	0.739208	22104.5
0.734509	1	0.961144	28741.1
0.389129	1	0.756406	22618.8
1	0.170115	0.471436	14097.4
0.999861	1	1	29903
0.999788	1	1	29903
1	0.000933157	0.00744373	222.59
0.792211	0.912006	0.95734	28627.3
1	1	1	29903
0.00886692	1	0.0507669	1518.08
0.999998	1	1	29903
0.962901	0.887674	0.988899	29571
0.980307	1	0.999805	29897.2
0.953339	1	0.998894	29869.9
0.706781	1	0.952058	28469.4
0.708738	1	0.952735	28489.6
0.999992	1	1	29903
0.999999	1	1	29903
0.643474	1	0.927165	27725
0.98188	1	0.999835	29898.1
0.967565	1	0.999468	29887.1
0.961966	1	0.999267	29881.1
0.0933982	0.00459151	0.00375424	112.263
0.621695	3.95424e-10	5.68522e-09	0.000170005
0.0498313	8.19405e-08	8.2956e-08	0.00248063
0.104872	3.42282e-11	9.8186e-11	2.93605e-06
1	0.0565895	0.219111	6552.07
0.122819	1.95794e-16	9.44253e-16	2.8236e-11
0.966628	6.34942e-10	1.36323e-08	0.000407647
0.983987	4.30701e-13	1.24978e-11	3.73721e-07
0.984882	4.28037e-13	1.2434e-11	3.71814e-07
0.69377	1.37919e-11	2.52344e-10	7.54583e-06
0.608916	4.30052e-13	7.84835e-12	2.34689e-07
0.98338	4.23307e-13	1.22831e-11	3.67301e-07
0.983717	4.31563e-13	1.25186e-11	3.74344e-07
0.98259	1.52404e-14	4.91666e-13	1.47023e-08
0.918843	8.71696e-05	0.000835576	24.9862
0.609384	1.21558e-12	2.14309e-11	6.4085e-07
0.549391	0.00122528	0.00558959	167.145
0.979115	2.02865e-06	2.80647e-05	0.839219
0.678737	0.0234426	0.0817958	2445.94
0.856382	5.44075e-11	1.15503e-09	3.4539e-05
0.516776	0.00654915	0.0226371	676.916
0.667221	1	0.937201	28025.1
1	1	1	29903
0.797212	1	0.977888	29241.8
0.605516	1	0.909288	27190.4
0.913041	1	0.996104	29786.5
0.624153	1	0.918353	27461.5
0.135377	1	0.40609	12143.3
0.405764	1	0.771756	23077.8
0.382786	1	0.750368	22438.2
0.0385153	1	0.163948	4902.54
0.293282	1	0.653028	19527.5
0.211679	1	0.540349	16158.1
0.204414	1	0.528943	15817
0.564169	1	0.8871	26527
0.999967	1	1	29903
1	0.395127	0.762022	22786.7
1	0.135518	0.40637	12151.7
0.999999	0.13554	0.406416	12153
1	0.135583	0.406501	12155.6
1	0.0842232	0.292615	8750.08
0.999431	0.358038	0.725575	21696.9
0.999586	0.358035	0.72563	21698.5
0.753837	0.144294	0.350088	10468.7
0.114937	1	0.363589	10872.4
0.977767	1	0.999751	29895.6
1	1	1	29903
0.763258	0.400589	0.668064	19977.1
1	0.11933	0.373009	11154.1
0.544828	0.332354	0.490506	14667.6
1	0.186888	0.500346	14961.8
0.999982	0.0814334	0.285662	8542.16
0.00520649	0.00730234	0.00042496	12.7076
0.899093	0.113639	0.335237	10024.6
0.999995	1.71368e-11	4.41952e-10	1.32157e-05
1	0.343239	0.710274	21239.3
1	0.0153086	0.0792883	2370.96
1	0.311158	0.674421	20167.2
0.999998	1	1	29903
0.999998	1	1	29903
0.310093	0.924019	0.644669	19277.6
0.999985	1	1	29903
1	0.330528	0.696444	20825.8
0.408103	1	0.773859	23140.7
1	1	1	29903
1	1	1	29903
0.943269	0.090184	0.294701	8812.44
1	1	1	29903
1	1	1	29903
1	1	1	29903
1	1	1	29903
0.716391	1	0.955328	28567.2
0.989975	1	0.99995	29901.5
0.914538	1	0.996239	29790.5
0.999988	1	1	29903
0.902415	1	0.995076	29755.7
1	1	1	29903
0.0424511	1	0.176571	5280.01
0.475374	1	0.828887	24786.2
0.372841	1	0.740687	22148.8
0.469179	1	0.82424	24647.3
0.393273	1	0.760296	22735.1
0.404534	1	0.770646	23044.6
0.363584	1	0.731438	21872.2
0.479284	1	0.831779	24872.7
0.317825	1	0.682133	20397.8
0.312328	1	0.675785	20208
0.279999	1	0.636429	19031.1
0.255824	1	0.604581	18078.8
0.165175	1	0.462613	13833.5
0.300749	1	0.662093	19798.6
0.445046	1	0.805345	24082.2
0.999986	1	1	29903
0.280067	1	0.636516	19033.7
0.439769	1	0.801042	23953.6
0.523537	1	0.862342	25786.6
0.61825	1	0.915543	27377.5
0.0474339	1	0.192032	5742.34
1	0.75848	0.968153	28950.7
1	0.187034	0.50059	14969.1
0.999941	0.561267	0.885412	26476.5
0.231422	0.876964	0.526612	15747.3
0.819397	1	0.98261	29383
0.999999	0.574759	0.893063	26705.3
0.999991	1	1	29903
0.999998	1	1	29903
1	1	1	29903
0.966774	2.32604e-12	6.2562e-11	1.87079e-06
0.615582	0.000174205	0.00108744	32.5177
0.665372	2.34693e-05	0.000188439	5.6349
0.785829	2.36747e-06	2.64082e-05	0.789684
0.527115	0.000217189	0.00115343	34.4911
0.512314	0.00572034	0.0200236	598.764
0.999999	1.71612e-05	0.000205469	6.14414
0.999999	0.000247707	0.00230449	68.911
0.93512	0.000216672	0.00192569	57.5839
1	0.134949	0.405233	12117.7
0.219818	1.80315e-08	8.06446e-08	0.00241152
0.942712	1.19163e-05	0.000139258	4.16425
0.00263697	8.77093e-08	5.36293e-09	0.000160368
0.990779	1	0.999957	29901.7
0.904296	1	0.995267	29761.5
0.957407	1	0.99908	29875.5
0.957698	1	0.999092	29875.9
0.879319	1	0.992406	29675.9
1	1	1	29903
0.540161	1	0.87284	26100.5
0.653364	1	0.931449	27853.1
0.223045	1	0.557698	16676.8
0.722244	1	0.957256	28624.8
0.336408	1	0.702901	21018.9
0.25672	1	0.6058	18115.3
0.56267	1	0.88624	26501.2
0.597161	1	0.905038	27063.4
0.0563887	1	0.218534	6534.81
0.983029	1	0.999855	29898.7
0.00834352	1	0.0482778	1443.65
0.0246981	1	0.116107	3471.94
0.13393	1	0.403188	12056.5
0.368538	1	0.736417	22021.1
0.166987	1	0.465867	13930.8
1.73406e-06	1	2.47364e-05	0.739693
0.000141962	1	0.00139974	41.8564
0.00837851	1	0.0484453	1448.66
0.0458816	1	0.187274	5600.07
0.0515288	1	0.204343	6110.48
0.000173203	1	0.00167332	50.0373
0.00565335	1	0.0349123	1043.98
0.0157159	1	0.0809851	2421.7
0.0256891	1	0.119754	3581.02
0.0485819	1	0.195518	5846.57
0.000812555	1	0.00659415	197.185
0.000583542	1	0.00492883	147.387
2.89874e-07	1	4.65358e-06	0.139156
0.0244478	1	0.115179	3444.2
0.475297	1	0.82883	24784.5
0.632698	1	0.922323	27580.2
1	1	1	29903
0.999992	0.18915	0.504123	15074.8
0.628526	1	0.9204	27522.7
1	8.73187e-17	3.3161e-15	9.91613e-11
0.999999	1	1	29903
0.999999	1	1	29903
1	1	1	29903
0.620567	7.44507e-06	6.13793e-05	1.83543
0.993561	0.146848	0.426738	12760.7
0.953706	8.31859e-09	1.5591e-07	0.00466218
0.990933	1.96961e-05	0.00023117	6.91267
0.969307	2.34076e-05	0.000265319	7.93383
0.757662	1	0.967927	28943.9
0.617287	1	0.915079	27363.6
0.776393	1	0.972895	29092.5
0.392476	1	0.759551	22712.8
0.461505	1	0.818369	24471.7
0.414865	1	0.779864	23320.3
0.00195742	0.29464	0.00487809	145.87
0.997602	1	0.999997	29902.9
0.899702	0.844183	0.968438	28959.2
0.604504	1	0.908779	27175.2
0.337867	0.334296	0.359267	10743.2
0.988546	0.663334	0.932455	27883.2
0.501912	0.769332	0.753571	22534
0.394536	1	0.761472	22770.3
0.999996	0.249441	0.595796	17816.1
0.0975769	0.812163	0.280156	8377.52
0.320268	0.812128	0.610372	18252
0.00516404	0.92392	0.0302738	905.277
0.0238829	0.847692	0.0991988	2966.34
0.0455451	0.847788	0.164265	4912.01
0.925211	0.541041	0.846973	25327
0.973222	0.557002	0.874022	26135.9
0.975269	0.541041	0.864995	25866
0.455679	0.426646	0.512818	15334.8
0.72565	5.20735e-09	7.70627e-08	0.00230441
0.490888	3.56411e-05	0.000209137	6.25381
0.989658	0.01957	0.0957566	2863.41
0.999821	0.0334309	0.147018	4396.28
1	0.0333572	0.146788	4389.39
1	0.61432	0.913641	27320.6
1	0.614109	0.913538	27317.5
1	0.614086	0.913527	27317.2
0.999999	0.614207	0.913585	27318.9
0.990671	0.0195528	0.0957673	2863.73
1	0.00478064	0.0303245	906.792
1	0.00767282	0.04504	1346.83
0.233281	0.00516375	0.00930149	278.142
0.608531	1	0.910793	27235.4
0.0107087	1	0.0592907	1772.97
0.45037	0.770793	0.714426	21363.5
0.310327	0.749767	0.571938	17102.7
0.398	1	0.764679	22866.2
0.607594	1	0.910327	27221.5
0.0032266	1	0.0217354	649.955
0.569911	0.0283394	0.082786	2475.55
0.999996	1	1	29903
0.676306	1	0.940816	28133.2
0.389657	1	0.756904	22633.7
0.643948	1	0.927374	27731.3
0.888665	1	0.993558	29710.4
0.999998	0.257676	0.607097	18154
0.999994	1	1	29903
0.999999	0.814337	0.981586	29352.4
0.999987	1	1	29903
0.719551	0.350356	0.599475	17926.1
0.574969	0.084079	0.194794	5824.93
0.947542	0.134123	0.389253	11639.8
0.107919	0.000515161	0.000600289	17.9505
0.0363923	0.13536	0.0310992	929.96
0.0743844	0.326125	0.114476	3423.18
0.966997	0.083232	0.283282	8470.98
0.829697	0.183062	0.438134	13101.5
0.747739	0.183079	0.409117	12233.8
0.870081	0.183773	0.453024	13546.8
0.886285	0.183807	0.458512	13710.9
0.824684	0.183807	0.437563	13084.4
0.901089	1	0.994939	29751.6
0.698438	0.196636	0.409997	12260.1
0.013817	0.0390357	0.0045981	137.497
0.170786	0.0211876	0.0239609	716.504
0.693201	0.0210735	0.0763449	2282.94
0.71553	0.0210735	0.078326	2342.18
0.693201	0.0210735	0.0763449	2282.94
0.498219	0.0210735	0.0583384	1744.49
0.332143	0.0210735	0.04173	1247.85
0.533421	0.0210735	0.0616929	1844.8
0.426347	1	0.789808	23617.6
0.941927	1	0.99828	29851.6
1	9.50643e-05	0.000975451	29.1689
0.999989	1	1	29903
0.87563	0.0122736	0.0594652	1778.19
1	0.0811948	0.285067	8524.37
0.650165	0.0122996	0.046611	1393.81
0.999996	0.0868421	0.299054	8942.62
0.873089	0.0332743	0.131855	3942.87
0.072156	1	0.261849	7830.06
0.987429	1	0.999921	29900.6
0.999905	0.689403	0.945788	28281.9
0.999993	8.3174e-09	1.63061e-07	0.00487601
0.491049	0.155484	0.272755	8156.21
0.999998	2.73358e-05	0.000314561	9.40631
0.999788	7.32161e-07	1.10734e-05	0.331128
0.857255	0.0558487	0.19338	5782.64
0.999548	0.0558302	0.216852	6484.52
0.0153223	2.1059e-28	2.2234e-28	6.64864e-24
0.87678	0.440845	0.753939	22545
0.41445	7.58792e-32	2.3126e-30	6.91537e-26
0.885931	0.00367191	0.0218871	654.49
0.908201	0.0558813	0.202032	6041.37
0.99965	1	1	29903
0.934126	0.00607832	0.0350394	1047.78
0.999993	0.00244842	0.017169	513.404
0.457727	3.53161e-07	2.68953e-06	0.080425
0.999974	0.396971	0.76372	22837.5
0.999877	1	1	29903
0.877389	0.628189	0.879506	26299.9
0.584823	1	0.898549	26869.3
0.527622	1	0.86497	25865.2
0.998055	0.409417	0.774323	23154.6
1	0.744006	0.964013	28826.9
0.999999	0.808498	0.980366	29315.9
0.999999	0.215459	0.546185	16332.6
0.865185	0.936027	0.980649	29324.4
0.000674588	1.57253e-28	7.67188e-30	2.29412e-25
0.0870069	1.7094e-28	1.00211e-27	2.99661e-23
0.00959692	5.08235e-28	3.34074e-28	9.9898e-24
0.000103991	5.31588e-28	4.03398e-30	1.20628e-25
3.73507e-05	1.18025e-27	3.22684e-30	9.64923e-26
7.12951e-06	5.84066e-27	3.05046e-30	9.1218e-26
0.00116531	5.87267e-27	4.66412e-28	1.39471e-23
0.00410028	2.73881e-26	7.33945e-27	2.19471e-22
0.797778	0.177143	0.417846	12494.9
0.64251	0.176537	0.360311	10774.4
0.997571	0.176915	0.482603	14431.3
0.972533	1	0.999619	29891.6
0.644419	1	0.927581	27737.4
0.947705	1	0.998608	29861.4
0.822625	1	0.983246	29402
0.984995	0.270622	0.618996	18509.8
0.978247	0.419855	0.776198	23210.7
1	0.0366673	0.157884	4721.22
1	0.176415	0.48248	14427.6
0.9611	1	0.999233	29880.1
0.9611	1	0.999233	29880.1
0.957717	1	0.999093	29875.9
0.749544	1	0.96563	28875.2
0.483256	1	0.834684	24959.6
0.710768	1	0.953431	28510.4
0.623816	1	0.918194	27456.8
0.801744	1	0.978902	29272.1
0.614715	1	0.913833	27326.3
0.993547	1	0.999979	29902.4
1.37104e-233	0	0	0
1	0.00769063	0.0451267	1349.42
0.729149	0.210891	0.441674	13207.4
0.494766	1	0.842918	25205.8
0.999721	0.813982	0.981467	29348.8
0.518949	1	0.859353	25697.2
1	0.813973	0.981511	29350.1
0.999997	0.770279	0.971323	29045.5
0.626102	1	0.919269	27488.9
0.938936	0.388455	0.7326	21906.9
0.967361	0.387628	0.742788	22211.6
0.948225	0.374879	0.723138	21624
0.996165	1.38284e-10	3.26554e-09	9.76493e-05
1	0.436408	0.798268	23870.6
0.825883	0.0270502	0.107264	3207.51
0.993013	0.0352533	0.152358	4555.96
0.968572	0.124799	0.376288	11252.2
0.975959	0.0269668	0.122052	3649.71
0.999882	0.0107367	0.059412	1776.6
0.981632	0.2817	0.631986	18898.3
1.9826e-07	4.34483e-17	4.66095e-22	1.39376e-17
0.999998	0.322843	0.687845	20568.6
0.999268	0.753143	0.966503	28901.3
0.000142876	0.738793	0.00107205	32.0576
3.02181e-07	1	4.83859e-06	0.144688
2.93406e-08	0.911111	4.92878e-07	0.0147385
3.81785e-09	0.915571	7.15595e-08	0.00213984
4.95372e-08	1	8.82779e-07	0.0263977
0.847062	0.921186	0.973875	29121.8
1.01152e-05	2.86016e-14	1.2639e-17	3.77944e-13
0.000219339	2.86906e-14	2.55539e-16	7.64138e-12
0.00046167	1.45082e-12	2.40723e-14	7.19833e-10
0.249606	1	0.596026	17823
0.280781	1	0.637424	19060.9
0.287844	1	0.646307	19326.5
0.055288	1	0.215358	6439.84
0.197269	1	0.517473	15474
0.247584	1	0.593212	17738.8
0.587729	1	0.900101	26915.7
0.474027	0.00598881	0.0194869	582.717
0.72141	1	0.956985	28616.7
0.72141	1	0.956985	28616.7
0.869981	1	0.991155	29638.5
0.72141	1	0.956985	28616.7
0.975854	1	0.999706	29894.2
0.817004	1	0.98213	29368.6
0.936657	1	0.99795	29841.7
0.999999	1	1	29903
0.391216	0.00661881	0.0180126	538.631
0.782637	1	0.974451	29139
0.999995	0.0199429	0.0980167	2930.99
0.115144	0.0034219	0.00348273	104.144
0.703084	0.0034219	0.0169129	505.748
0.0661762	3.13817e-05	2.92501e-05	0.874665
0.806339	3.51868e-05	0.000325435	9.73147
0.705241	6.24119e-06	5.86882e-05	1.75495
0.999998	1.071e-12	3.05904e-11	9.14745e-07
0.990515	0.222728	0.554038	16567.4
0.99999	0.00018846	0.00180479	53.9687
0.0213277	1.30125e-12	8.94064e-13	2.67352e-08
0.999974	0.023069	0.11002	3289.93
0.999913	1.1803e-07	2.00072e-06	0.0598274
0.588021	0.0356944	0.102086	3052.66
1	0.034962	0.152207	4551.44
0.785164	0.393568	0.671912	20092.2
0.121563	2.3333e-23	1.56626e-22	4.6836e-18
0.957059	1	0.999065	29875
0.983042	0.198732	0.514368	15381.1
0.999993	5.056e-57	6.60444e-55	1.97493e-50
0.999996	1	1	29903
0.934274	1	0.997791	29836.9
0.00754636	0.40821	0.020894	624.793
0.999314	1	1	29903
0.760826	1	0.968798	28970
0.999994	0.793108	0.976946	29213.6
0.132832	1	0.400975	11990.4
0.481906	0.606386	0.651724	19488.5
0.407265	1	0.773107	23118.2
1	1	1	29903
0.386548	0.802798	0.673441	20137.9
0.0295648	0.335654	0.0556992	1665.57
0.0121833	0.601821	0.0433733	1296.99
2.80071e-06	0.269951	1.14127e-05	0.341275
6.52317e-05	0.269951	0.00021038	6.291
0.0031576	0.423845	0.0101932	304.806
0.0271675	0.423845	0.0629183	1881.44
0.00566818	0.423845	0.0168921	505.126
0.0166261	0.423845	0.0419654	1254.89
0.0102788	0.408322	0.027169	812.436
0.0489721	0.63113	0.138366	4137.57
0.000221613	0.63113	0.00138116	41.3008
0.0930445	0.407255	0.161916	4841.77
0.214256	0.630491	0.405508	12125.9
0.268078	0.631054	0.469763	14047.3
0.00281666	0.631054	0.0130334	389.737
9.56998e-05	0.63097	0.000646999	19.3472
1.29248e-05	0.63097	0.000103708	3.10118
0.0414898	1	0.173523	5188.86
0.381238	1	0.748878	22393.7
0.583211	1	0.897682	26843.4
0.999987	1	1	29903
0.999971	1	1	29903
0.999979	1	1	29903
0.995492	1	0.99999	29902.7
0.994224	1	0.999983	29902.5
0.997598	1	0.999997	29902.9
0.994733	0.195082	0.51223	15317.2
0.994298	0.196445	0.514307	15379.3
0.99087	0.196555	0.513387	15351.8
0.995356	1	0.999989	29902.7
0.996315	1	0.999993	29902.8
0.991712	1	0.999966	29902
0.993103	1	0.999976	29902.3
0.995543	1	0.99999	29902.7
0.994275	1	0.999984	29902.5
0.994623	1	0.999986	29902.6
0.997214	1	0.999996	29902.9
0.997401	1	0.999997	29902.9
0.991964	1	0.999968	29902
0.994114	1	0.999983	29902.5
0.987542	1	0.999922	29900.7
0.992345	1	0.999971	29902.1
0.994598	1	0.999985	29902.6
0.996123	1	0.999992	29902.8
0.998141	1	0.999998	29902.9
0.999261	1	1	29903
0.996996	1	0.999995	29902.9
0.997934	1	0.999998	29902.9
0.997197	1	0.999996	29902.9
0.992969	1	0.999975	29902.3
0.995131	1	0.999988	29902.6
0.954773	1	0.998961	29871.9
0.848051	1	0.987822	29538.8
0.578035	1	0.894868	26759.2
0.357871	1	0.725613	21698
0.213323	1	0.542896	16234.2
0.546001	1	0.876405	26207.1
0.218027	1	0.550112	16450
0.988144	1	0.999929	29900.9
0.991913	1	0.999967	29902
0.999998	1	1	29903
0.635907	1	0.923784	27623.9
0.917674	1.76838e-05	0.000195203	5.83715
0.956926	1.51613e-18	6.10424e-17	1.82535e-12
0.999955	0.0119683	0.0649314	1941.64
0.000201093	0.000250712	8.97561e-07	0.0268398
1.80764e-08	0.000262798	1.28607e-10	3.84574e-06
0.0898961	0.000246894	0.000260026	7.77557
0.999937	0.101884	0.334565	10004.5
0.297522	0.027627	0.047684	1425.89
0.550403	0.000168673	0.000954807	28.5516
0.916312	0.62097	0.889846	26609.1
0.744335	0.399494	0.657998	19676.1
0.930873	1	0.997554	29829.8
0.343175	0.244036	0.291436	8714.8
0.560409	1	0.884936	26462.2
0.263066	0.00537629	0.0106938	319.778
0.93005	0.0181447	0.0857593	2564.46
0.539356	1	0.872343	26085.7
0.938411	1	0.998063	29845.1
0.49113	0.774104	0.747862	22363.3
0.313387	0.771188	0.5849	17490.3
1	0.60172	0.907372	27133.1
0.523787	1	0.862504	25791.5
0.00164357	0.73812	0.00935892	279.86
0.999648	1	1	29903
0.790306	0.547699	0.795303	23781.9
0.913272	1	0.996125	29787.1
0.961822	0.166121	0.452807	13540.3
0.965675	0.166141	0.454016	13576.4
0.948955	0.166121	0.448873	13422.6
0.568708	0.590662	0.702363	21002.8
0.78262	0.0708904	0.215914	6456.47
0.231773	0.00951367	0.0156931	469.271
0.941243	1	0.998239	29850.3
0.953163	0.234677	0.558657	16705.5
0.0532788	0.0718773	0.0251409	751.789
0.00562118	0.0718808	0.00356132	106.494
0.00862461	0.0736926	0.00531399	158.904
0.471886	0.230764	0.350354	10476.6
0.833138	0.582532	0.836187	25004.5
0.942093	0.0146418	0.0728804	2179.34
0.953183	0.108561	0.338209	10113.5
0.272245	0.108583	0.133654	3996.67
0.998939	0.230698	0.568692	17005.6
0.995082	0.230768	0.567486	16969.5
0.100622	0.061634	0.0377248	1128.08
0.655146	0.00108104	0.00584492	174.781
0.957859	0.00273578	0.0181977	544.166
0.0535191	0.241945	0.0692334	2070.29
1	1	1	29903
0.99461	1	0.999985	29902.6
0.556265	1	0.88252	26390
0.491684	1	0.84074	25140.7
0.5287	1	0.865658	25885.8
0.645728	1	0.928154	27754.6
0.274046	1	0.628788	18802.6
0.0963729	1	0.32184	9623.99
0.169838	1	0.470946	14082.7
0.167691	1	0.467126	13968.5
0.539449	1	0.872401	26087.4
0.695503	1	0.948054	28349.7
0.658932	1	0.933795	27923.3
0.488282	1	0.838313	25068.1
0.0805109	1	0.283347	8472.93
0.999999	1	1	29903
0.668922	1	0.937887	28045.6
0.323444	1	0.688525	20589
0.404449	1	0.770568	23042.3
0.178573	1	0.48621	14539.1
0.998778	0.26933	0.62221	18605.9
0.0231675	0.401507	0.052812	1579.24
0.0570708	0.401564	0.109451	3272.91
0.0045579	4.81827e-07	4.59793e-08	0.00137492
0.00452651	4.79917e-07	4.55052e-08	0.00136074
0.0148832	4.77513e-07	1.40448e-07	0.00419982
6.67131e-06	9.21106e-11	2.21378e-14	6.61985e-10
0.184383	1	0.496127	14835.7
1	0.883113	0.992886	29690.3
0.999997	0.349366	0.716771	21433.6
1	0.13637	0.408072	12202.6
0.999999	1	1	29903
1	0.620807	0.916768	27414.1
1	0.280085	0.636538	19034.4
0.998765	0.763959	0.969394	28987.8
1	1	1	29903
1	0.696505	0.948417	28360.5
1	0.0026542	0.0183979	550.151
0.99999	1	1	29903
0.999998	1	1	29903
0.728311	1	0.959205	28683.1
0.89908	7.87056e-13	2.05048e-11	6.13155e-07
0.559935	0.167295	0.315488	9434.05
0.528563	0.518832	0.629032	18809.9
1	1	1	29903
0.993299	0.366586	0.73199	21888.7
0.999971	1.87151e-06	2.65537e-05	0.794034
0.98897	1	0.999939	29901.2
0.905634	1	0.995401	29765.5
0.0987881	0.117819	0.0634725	1898.02
0.878915	0.00769031	0.0405336	1212.07
0.916748	0.648827	0.903822	27027
0.969411	0.264399	0.605244	18098.6
1	4.72243e-07	7.35083e-06	0.219812
1	2.60898e-06	3.61515e-05	1.08104
0.998426	2.60898e-06	3.60987e-05	1.07946
0.998334	4.72243e-07	7.33937e-06	0.219469
1	2.60898e-06	3.61515e-05	1.08104
0.998334	4.72243e-07	7.33937e-06	0.219469
0.990555	2.60898e-06	3.58345e-05	1.07156
0.99111	8.01586e-08	1.37825e-06	0.0412137
1	1.77684e-05	0.000212121	6.34305
0.899653	1	0.994788	29747.1
0.527088	0.623647	0.694434	20765.6
0.679958	0.61001	0.77979	23318.1
1	1	1	29903
0.12885	0.614924	0.280117	8376.33
0.421285	0.610045	0.606184	18126.7
0.951685	0.104091	0.328095	9811.03
0.882953	1	0.992866	29689.7
0.997634	1	0.999997	29902.9
0.701907	1	0.95035	28418.3
0.999981	1	1	29903
0.829803	0.855428	0.953112	28500.9
0.995407	0.522188	0.859904	25713.7
1	0.858895	0.98954	29590.2
0.970709	1	0.999567	29890
0.664059	1	0.935914	27986.6
0.819311	1	0.982593	29382.5
1	1	1	29903
1	1	1	29903
0.924874	1	0.997105	29816.4
0.660004	1	0.934242	27936.6
0.952087	0.143718	0.408991	12230.1
1	2.43007e-10	5.62268e-09	0.000168135
0.978804	1	0.999774	29896.2
0.917019	5.66883e-05	0.000564786	16.8888
0.916044	0.802489	0.961331	28746.7
0.791085	0.000203856	0.00156953	46.9335
0.999997	0.00890818	0.0509616	1523.91
0.824153	0.0152349	0.06752	2019.05
0.937683	1	0.998017	29843.7
0.999999	0.0345049	0.150671	4505.51
1	7.92456e-05	0.000827558	24.7465
0.999956	4.78355e-39	4.26845e-37	1.27639e-32
0.957689	0.154208	0.430155	12862.9
1	0.13008	0.395392	11823.4
0.99999	1	1	29903
0.991774	1	0.999966	29902
0.49467	0.180026	0.30443	9103.38
0.824115	0.410824	0.705245	21088.9
0.999997	0.683834	0.943718	28220
0.999988	0.871452	0.991358	29644.6
0.0510232	1	0.202841	6065.56
1	0.00629161	0.0381809	1141.72
1	0.0106201	0.0588883	1760.94
1	0.496602	0.844207	25244.3
0.00631127	1	0.0382805	1144.7
0.523173	1	0.862107	25779.6
1	0.00163762	0.0121422	363.087
0.282761	0.883044	0.596144	17826.5
1	0.0103764	0.0577782	1727.74
0.000403187	1	0.00355454	106.291
0.000408305	1	0.00359451	107.487
0.99325	0.607315	0.908129	27155.8
0.436515	1	0.798356	23873.2
0.984694	0.825617	0.981306	29344
0.999999	0.153411	0.441	13187.2
0.776952	0.780714	0.909819	27206.3
1	0.927899	0.997336	29823.3
0.268478	1	0.621523	18585.4
0.536861	0.925149	0.844259	25245.9
0.931594	1	0.997605	29831.4
0.674608	0.925173	0.918342	27461.2
0.581828	0.925229	0.871705	26066.6
0.0812564	1	0.285222	8528.99
0.0191309	0.00572243	0.00110787	33.1286
0.184124	0.00332882	0.00514683	153.906
0.703255	0.166306	0.367938	11002.4
0.344166	0.506599	0.478893	14320.3
0.853126	0.0041363	0.0234551	701.378
0.20313	0.0266265	0.0336405	1005.95
0.402501	0.00819597	0.0221493	662.331
0.998955	0.797984	0.977874	29241.4
1	0.428064	0.791269	23661.3
0.965345	0.4281	0.778453	23278.1
0.865866	0.361484	0.676562	20231.2
0.833774	0.361491	0.662876	19822
0.981986	0.187867	0.496295	14840.7
0.999999	0.421588	0.785724	23495.5
0.921966	0.421602	0.756004	22606.8
1	0.421608	0.785742	23496.1
0.920079	0.226756	0.535599	16016
0.916284	0.227075	0.534708	15989.4
1	0.00111781	0.00871488	260.601
0.813798	0.644192	0.862798	25800.3
0.567503	1	0.888999	26583.7
0.999995	1.43809e-11	3.73399e-10	1.11657e-05
0.561881	0.127753	0.260865	7800.64
0.935402	0.683273	0.925237	27667.4
0.827942	0.654876	0.874091	26138
1	1	1	29903
0.994089	0.161116	0.453513	13561.4
1	0.0748894	0.268984	8043.41
0.52121	0.722811	0.74451	22263.1
0.999999	1	1	29903
1	1	1	29903
0.999999	1	1	29903
0.999999	1	1	29903
0.952605	1	0.998859	29868.9
0.578613	1	0.895185	26768.7
0.969529	1	0.999531	29889
0.190367	0.0584832	0.0612086	1830.32
0.374733	0.187873	0.257216	7691.54
0.374441	0.187925	0.257122	7688.72
0.934184	0.205337	0.508557	15207.4
0.830955	0.187938	0.446144	13341
0.830955	0.187938	0.446144	13341
1	1.71079e-29	1.1503e-27	3.43974e-23
0.927832	1	0.997331	29823.2
0.990309	0.00453046	0.0287439	859.528
0.414575	1	0.779609	23312.6
1	0.485693	0.83645	25012.4
0.994715	1	0.999986	29902.6
0.973917	1	0.999657	29892.7
0.994893	1	0.999987	29902.6
0.980652	1	0.999812	29897.4
0.989197	1	0.999941	29901.2
0.888604	1	0.993551	29710.2
0.263283	0.155281	0.171587	5130.97
0.947586	1	0.998602	29861.2
0.906236	1	0.99546	29767.2
0.780737	1	0.973983	29125
0.880365	0.619787	0.876186	26200.6
0.996423	0.032075	0.142008	4246.46
0.99998	0.0320828	0.142427	4259
0.999998	0.0320651	0.142369	4257.25
0.899926	0.0328402	0.133629	3995.9
0.999999	0.0147996	0.0771524	2307.09
0.574782	3.44117e-09	4.16179e-08	0.0012445
0.994366	0.402148	0.766408	22917.9
0.910677	1	0.995886	29780
0.841944	1	0.986793	29508.1
0.863986	1	0.9903	29612.9
0.804445	1	0.979494	29289.8
0.841944	1	0.986793	29508.1
0.948286	1	0.998639	29862.3
0.945116	1	0.998466	29857.1
0.941625	1	0.998262	29851
0.853142	1	0.988646	29563.5
0.863427	1	0.990218	29610.5
0.714415	1	0.954666	28547.4
0.786161	1	0.975306	29164.6
0.508586	1	0.852451	25490.9
0.545669	1	0.876204	26201.1
0.647268	1	0.928826	27774.7
0.4596	1	0.816893	24427.5
0.556674	1	0.88276	26397.2
0.00218104	1	0.0155464	464.883
0.0655078	1	0.244055	7297.97
0.253257	1	0.601068	17973.7
0.430195	1	0.793072	23715.2
0.453986	1	0.812494	24296
0.552193	1	0.880117	26318.1
0.657896	1	0.933363	27910.3
0.603174	1	0.908108	27155.2
0.0742263	0.177889	0.0703411	2103.41
0.711454	1	0.953665	28517.4
0.637703	1	0.924594	27648.1
0.691289	1	0.946511	28303.5
0.661924	1	0.935037	27960.4
0.657703	1	0.933282	27907.9
0.976952	0.685175	0.938073	28051.2
0.628478	1	0.920377	27522
0.875226	0.000136778	0.00120076	35.9063
0.875226	0.000136778	0.00120076	35.9063
0.875226	0.000136778	0.00120076	35.9063
0.999999	0.591204	0.901937	26970.6
0.86991	0.401699	0.716851	21436
0.947163	1	0.998579	29860.5
0.999996	0.624201	0.918375	27462.2
0.563214	1	0.886552	26510.6
0.999999	1	1	29903
1	6.31301e-05	0.000673618	20.1432
0.276733	1	0.632252	18906.2
0.404209	1	0.770351	23035.8
0.50641	1	0.850976	25446.7
0.638072	1	0.92476	27653.1
0.683319	1	0.943522	28214.1
0.930968	0.451029	0.784258	23451.7
0.617582	0.412033	0.602723	18023.2
0.004234	0.00374777	0.000191229	5.71832
1	0.140992	0.417203	12475.6
0.982563	0.0212245	0.101565	3037.1
0.997263	2.96319e-05	0.000337748	10.0997
0.999998	0.742927	0.963693	28817.3
0.978849	0.0894769	0.300866	8996.79
0.984614	0.152102	0.434116	12981.4
0.66009	0.0619379	0.171593	5131.14
0.821405	1	0.983007	29394.9
0.822603	0.239584	0.517171	15465
0.999999	0.0144718	0.075768	2265.69
0.588479	1	0.900499	26927.6
0.996815	0.15369	0.440606	13175.4
0.999985	1	1	29903
