ks_quality_p_value	fisher_strand_p_value	bias_p_value	bias_e_value
0.857728	1	0.989362	29584.9
0.831704	1	0.984969	29453.5
0.20141	0.79362	0.452926	13543.8
0.2273	0.793674	0.489353	14633.1
0.67697	0.793721	0.871086	26048.1
0.592253	0.793778	0.824949	24668.5
0.802168	0.684851	0.878431	26267.7
0.999999	1	1	29903
0.925887	1	0.997183	29818.8
0.512643	0.167475	0.296636	8870.32
0.17918	1	0.487256	14570.4
0.931484	0.607847	0.888259	26561.6
0.263857	0.239887	0.237989	7116.58
0.999998	0.712432	0.953997	28527.4
0.878932	1.17457e-21	5.09188e-20	1.52262e-15
0.999995	1	1	29903
0.143312	1	0.421728	12610.9
0.978971	1	0.999777	29896.3
0.852062	1	0.988474	29558.3
0.0168477	0.511897	0.049617	1483.7
0.0544556	1	0.212942	6367.59
0.969067	1	0.999517	29888.5
0.091921	1	0.31132	9309.42
0.195582	1	0.514728	15391.9
0.224812	1	0.560342	16755.9
0.169938	1	0.471123	14088
0.335315	1	0.701708	20983.2
0.527407	1	0.864833	25861.1
0.84533	0.716604	0.909413	27194.2
0.991526	0.675571	0.938258	28056.7
0.989975	1	0.99995	29901.5
0.553618	0.827032	0.815536	24387
0.500227	0.909102	0.813102	24314.2
0.99691	0.874687	0.991432	29646.8
0.99346	1	0.999979	29902.4
0.547709	0.866165	0.828167	24764.7
0.813505	0.822294	0.937894	28045.9
0.142697	1	0.420533	12575.2
0.440499	1	0.801641	23971.5
0.676609	0.871054	0.900967	26941.6
0.944017	0.887689	0.986105	29487.5
0.999976	1	1	29903
0.999918	1	1	29903
0.688113	1	0.945331	28268.2
0.472077	1	0.826424	24712.6
0.325938	0.74338	0.585773	17516.4
0.999999	4.18258e-05	0.000463513	13.8604
0.968181	0.100468	0.323938	9686.72
0.985221	0.34873	0.710635	21250.1
0.999995	0.00435829	0.0280484	838.732
0.655147	1	0.932206	27875.8
0.999997	0.00759863	0.0446782	1336.01
0.999991	0.000728554	0.00599191	179.176
0.995609	0.000597578	0.00501369	149.924
0.999993	0.253055	0.600788	17965.4
0.999986	0.784529	0.974909	29152.7
0.999987	1	1	29903
0.0210312	0.850074	0.0898227	2685.97
0.355441	0.850151	0.663807	19849.8
0.117464	0.850151	0.32994	9866.21
0.140806	0.853195	0.374717	11205.2
0.029309	0.759	0.106904	3196.74
0.27909	1	0.635271	18996.5
0.999998	0.00701018	0.0417834	1249.45
0.999999	0.00262131	0.0182026	544.311
0.98384	0.000220712	0.00204876	61.2639
0.985912	6.91943e-05	0.000722634	21.6089
0.99646	0.000122518	0.00122216	36.5463
0.998298	6.87737e-05	0.000726826	21.7343
0.328486	0.00416475	0.0103896	310.679
1	0.00413262	0.0268159	801.877
0.317401	0.486176	0.442688	13237.7
0.999986	9.77019e-10	2.12465e-08	0.000635333
0.433323	0.0846219	0.157889	4721.35
0.999798	1.02565e-08	1.9889e-07	0.00594742
0.999972	2.49155e-17	9.77436e-16	2.92283e-11
0.979429	0.350404	0.710228	21238
0.778083	0.126081	0.325869	9744.47
0.994606	0.927858	0.996945	29811.6
0.999897	1	1	29903
0.99992	0.313359	0.676954	20243
0.530103	0.0115874	0.0374233	1119.07
0.884513	1	0.993059	29695.4
0.273535	1	0.628125	18782.8
0.310987	1	0.674221	20161.2
0.999991	0.0687694	0.252863	7561.37
0.999998	0.0685749	0.252344	7545.83
0.999998	0.0687453	0.2528	7559.48
0.999996	0.0685757	0.252345	7545.88
0.999992	0.0123678	0.0666948	1994.37
0.991241	1	0.999962	29901.8
0.786067	0.0956282	0.269711	8065.16
0.999318	1.80117e-08	3.38981e-07	0.0101366
0.693071	1	0.947167	28323.1
0.572252	1	0.89167	26663.6
0.596052	0.0526108	0.139931	4184.36
0.999103	0.00012224	0.00122257	36.5587
0.999999	1	1	29903
0.999999	0.698226	0.949037	28379.1
0.781201	1	0.974097	29128.4
0.729442	1	0.959563	28693.8
0.93615	1	0.997917	29840.7
0.897042	1	0.994508	29738.8
0.806008	0.772761	0.917739	27443.1
0.0723568	0.449845	0.144031	4306.95
0.0274174	0.45411	0.0670584	2005.25
0.332137	0.322506	0.346397	10358.3
0.245792	0.195298	0.193762	5794.08
0.796229	0.0755918	0.229334	6857.79
0.999986	4.75667e-14	1.50673e-12	4.50559e-08
0.744611	1.36118e-06	1.50026e-05	0.448623
0.999973	2.64738e-07	4.27396e-06	0.127804
0.991977	1	0.999968	29902
0.631388	1	0.921722	27562.3
1	0.774748	0.972477	29080
0.954028	1	0.998927	29870.9
0.621296	1	0.917	27421.1
0.464072	0.571317	0.617102	18453.2
0.362382	0.0313731	0.0622668	1861.96
2.96648e-05	1	0.000338936	10.1352
0.611811	1	0.912413	27283.9
0.661826	1	0.934996	27959.2
1	0.257491	0.606847	18146.6
0.909132	0.61539	0.884391	26445.9
0.516172	0.583337	0.662517	19811.3
0.999999	0.321542	0.686372	20524.6
0.983046	0.617183	0.90989	27208.4
0.577031	0.0104094	0.0367295	1098.32
0.240103	2.2463e-08	1.08074e-07	0.00323173
0.692648	0.623499	0.794478	23757.3
0.520175	1	0.860156	25721.3
0.862214	0.0752722	0.242397	7248.41
0.978138	1	0.999759	29895.8
0.976012	1	0.99971	29894.3
0.999996	1	1	29903
0.999987	1	1	29903
0.999997	1	1	29903
0.988266	1	0.999931	29900.9
0.993195	1	0.999977	29902.3
0.994179	1	0.999983	29902.5
0.748284	1	0.965266	28864.3
0.980176	1	0.999802	29897.1
0.988813	1	0.999937	29901.1
0.831444	1	0.984921	29452.1
0.966866	0.0386222	0.160111	4787.79
0.969724	1	0.999537	29889.2
0.995324	0.00564768	0.0347462	1039.01
0.950226	0.0362934	0.150611	4503.71
0.88071	0.0577434	0.202341	6050.61
1	1.00893e-13	3.1201e-12	9.33003e-08
0.388726	0.606351	0.576339	17234.3
0.601167	1	0.90709	27124.7
0.246149	1	0.591206	17678.8
0.923452	1	0.996992	29813.1
0.965351	1	0.999393	29884.8
0.97149	1	0.99959	29890.7
0.99999	2.73274e-05	0.00031447	9.4036
0.172707	1	0.476009	14234.1
0.194061	1	0.51224	15317.5
1	0.0958134	0.32053	9584.79
0.999985	0.126601	0.388244	11609.7
0.986008	1	0.999902	29900.1
0.988107	1.42334e-05	0.000171187	5.11899
0.997804	3.25034e-06	4.42339e-05	1.32273
0.621976	4.04413e-09	5.23214e-08	0.00156457
1	0.604456	0.908755	27174.5
0.999976	3.36344e-24	1.8515e-22	5.53653e-18
0.850149	0.0319676	0.125161	3742.7
0.735056	1	0.961312	28746.1
0.987131	1	0.999917	29900.5
0.171627	0.823473	0.417864	12495.4
0.979409	1	0.999787	29896.6
0.0661825	1	0.24589	7352.86
0.975071	1	0.999687	29893.6
0.786822	3.25792e-07	4.14675e-06	0.124
0.613599	4.67932e-10	6.59554e-09	0.000197226
0.817434	1.45667e-10	2.84004e-09	8.49259e-05
0.999996	1.46425e-10	3.46214e-09	0.000103528
0.668833	1.4267e-12	2.73651e-11	8.18299e-07
1	8.15781e-13	2.35227e-11	7.03401e-07
0.992978	8.0856e-13	2.31636e-11	6.92662e-07
0.964612	0.00743602	0.0425886	1273.53
0.856304	1	0.989142	29578.3
0.155727	1	0.445324	13316.5
0.810956	1	0.980885	29331.4
0.617026	1	0.914953	27359.8
0.790944	1	0.976443	29198.6
0.0574122	1	0.221467	6622.54
0.668896	1	0.937877	28045.3
0.999989	9.9887e-18	4.00993e-16	1.19909e-11
0.946449	1	0.99854	29859.3
0.920136	1	0.996722	29805
0.925404	1	0.997146	29817.7
0.849686	1	0.98809	29546.9
0.442942	1	0.803637	24031.2
0.974593	1	0.999674	29893.3
0.488328	1	0.838346	25069.1
0.875049	1	0.991847	29659.2
0.82332	0.0402545	0.146057	4367.53
0.995028	0.00031962	0.00287925	86.0981
0.508736	0.00141804	0.00594029	177.632
0.525651	0.00487946	0.0178666	534.266
0.54927	0.035569	0.0964237	2883.36
0.783809	0.00692928	0.0337583	1009.47
0.640349	0.00942587	0.0368792	1102.8
0.355932	0.0161017	0.0353142	1056
0.648551	0.00959175	0.0378213	1130.97
0.501727	0.0071175	0.0236935	708.507
0.651844	0.00522086	0.0227436	680.103
0.559434	0.0641262	0.155255	4642.58
0.691727	0.279044	0.510534	15266.5
0.999991	0.00215496	0.0153863	460.095
0.996627	0.149396	0.432463	12931.9
0.765848	3.34715e-07	4.14676e-06	0.124
0.994893	0.673983	0.938536	28065
1	0.0617544	0.233715	6988.78
1	0.00836089	0.048361	1446.14
1	0.0222031	0.106742	3191.9
1	0.0140438	0.0739486	2211.29
0.99945	0.0786445	0.278513	8328.38
0.979555	0.0853951	0.291193	8707.56
0.917227	0.061811	0.219413	6561.1
0.651439	0.177678	0.365336	10924.6
0.491464	0.800823	0.760578	22743.6
0.827864	0.411647	0.707644	21160.7
0.915656	0.233844	0.544127	16271
0.669833	0.385943	0.608238	18188.1
0.902666	0.722146	0.930806	27833.9
0.331444	1	0.697456	20856
0.999959	0.612466	0.912723	27293.1
0.668355	1	0.937659	28038.8
0.99982	0.296665	0.657093	19649.1
0.0384267	0.840867	0.143216	4282.6
0.987776	0.192692	0.506097	15133.8
0.481198	9.93032e-11	1.18335e-09	3.53857e-05
0.831648	0.412425	0.710011	21231.4
0.925626	0.0503522	0.189505	5666.78
0.448618	0.224251	0.331645	9917.19
0.569235	0.163912	0.314612	9407.85
0.92897	0.0485199	0.184777	5525.39
0.996809	1	0.999995	29902.8
0.827381	0.759885	0.920487	27525.3
0.978977	1	0.999777	29896.3
0.968727	0.475526	0.817712	24452
0.988927	0.556013	0.878725	26276.5
0.121987	0.000490524	0.000641692	19.1885
0.928428	0.803302	0.964544	28842.8
0.19455	0.0375197	0.0432124	1292.18
0.20202	0.000718705	0.00142833	42.7113
0.00113524	8.565e-11	3.01052e-12	9.00235e-08
0.00309629	4.1149e-12	4.20374e-13	1.25704e-08
0.0051007	4.82935e-15	9.66661e-16	2.89061e-11
6.69725e-05	8.01339e-20	2.92928e-22	8.75944e-18
0.856093	1	0.98911	29577.3
0.0010985	1.16102e-14	5.08886e-16	1.52172e-11
0.000160906	7.92511e-15	5.38179e-17	1.60932e-12
7.63093e-05	2.22722e-15	7.51532e-18	2.24731e-13
0.000215287	2.89099e-16	2.81467e-18	8.41671e-14
0.000765022	2.78553e-14	8.39341e-16	2.50988e-11
1.02017e-06	1.35094e-15	6.75775e-20	2.02077e-15
1.43602e-07	9.66452e-15	6.80412e-20	2.03464e-15
1.9057e-08	4.12915e-14	3.90251e-20	1.16697e-15
5.79965e-10	4.40275e-14	1.35388e-21	4.04852e-17
0.000212815	4.27793e-14	3.66329e-16	1.09543e-11
0.000465285	2.50734e-14	4.66532e-16	1.39507e-11
0.121033	0.119505	0.0757353	2264.71
0.792541	0.116419	0.312145	9334.07
0.255234	0.409405	0.340507	10182.2
0.145908	0.631025	0.311679	9320.13
0.0335706	0.627029	0.10232	3059.67
0.00294266	0.627092	0.0134618	402.548
0.165994	0.627085	0.339598	10155
0.163149	0.627083	0.335546	10033.8
0.210006	0.626914	0.398597	11919.2
0.373394	0.626874	0.573973	17163.5
0.285481	1	0.643355	19238.2
0.462797	1	0.819366	24501.5
0.97663	1	0.999725	29894.8
0.958505	1	0.999127	29876.9
0.934211	1	0.997787	29836.8
0.939022	1	0.998102	29846.2
0.963199	1	0.999314	29882.5
0.926254	1	0.997211	29819.6
0.979872	1	0.999796	29896.9
0.934523	1	0.997808	29837.5
0.695272	1	0.94797	28347.1
0.745775	1	0.964534	28842.5
0.977846	0.0951446	0.313977	9388.85
0.689404	0.592174	0.773988	23144.6
0.999982	7.41424e-06	9.49904e-05	2.8405
0.927653	1	0.997317	29822.8
0.335341	0.331725	0.355533	10631.5
0.675858	1	0.94064	28128
0.566337	0.630305	0.724681	21670.1
1	0.183753	0.49506	14803.8
0.985868	0.227457	0.55949	16730.4
0.999998	0.227465	0.564285	16873.8
0.950271	0.630151	0.905888	27088.8
0.363628	1	0.731482	21873.5
0.99999	1	1	29903
0.277649	0.661502	0.494912	14799.3
0.327257	1	0.692806	20717
0.982399	0.403027	0.76277	22809.1
0.999986	0.520487	0.860355	25727.2
0.999998	0.0843386	0.292901	8758.61
0.140245	3.95865e-06	8.55202e-06	0.255731
0.992307	0.0547722	0.212637	6358.47
0.819844	0.228402	0.500959	14980.2
0.884708	0.0669905	0.226738	6780.14
0.962522	0.00533852	0.0322232	963.57
0.769349	0.0199188	0.0793549	2372.95
0.743399	0.0132889	0.0554935	1659.42
0.0673693	0.143093	0.0543876	1626.35
0.944864	4.1052e-08	7.0072e-07	0.0209536
0.885762	0.0495807	0.181177	5417.73
0.93213	1	0.997643	29832.5
0.989112	1	0.999941	29901.2
1	0.870922	0.991286	29642.4
1	0.415779	0.780667	23344.3
1	0.322076	0.686977	20542.7
1	0.880352	0.992538	29679.9
0.505661	0.82303	0.781014	23354.7
0.296681	1	0.657178	19651.6
0.999995	0.140344	0.415931	12437.6
0.335286	0.917382	0.67023	20041.9
0.942015	1	0.998285	29851.7
0.941768	0.910403	0.98931	29583.3
0.438126	1.8028e-11	2.0982e-10	6.27424e-06
0.695181	2.27237e-25	9.17926e-24	2.74487e-19
0.177296	0.00416813	0.00606729	181.43
0.459017	0.00103884	0.00412391	123.317
0.310326	1	0.673448	20138.1
0.999998	1	1	29903
0.849703	0.000758951	0.00538248	160.952
0.950802	0.000758951	0.00594177	177.677
0.952074	1.15803e-05	0.000136882	4.09319
0.986147	1.15803e-05	0.000141379	4.22767
0.967647	1.15803e-05	0.000138939	4.1547
0.749198	0.0750617	0.218095	6521.68
0.999936	5.15647e-15	1.74786e-13	5.22663e-09
0.78976	1	0.976164	29190.2
0.32918	1	0.694948	20781
0.843728	1	0.987099	29517.2
0.991015	1	0.99996	29901.8
0.99556	1	0.99999	29902.7
0.987787	1	0.999925	29900.8
0.999917	0.313973	0.677664	20264.2
0.999977	0.221045	0.55468	16586.6
0.999976	0.0489658	0.196674	5881.15
1	0.292301	0.651823	19491.5
0.999974	0.321512	0.686329	20523.3
0.818665	0.255316	0.536201	16034
0.979855	1	0.999796	29896.9
0.997282	1	0.999996	29902.9
0.796441	1	0.977713	29236.5
1	1	1	29903
0.502653	0.0225533	0.0621209	1857.6
0.996821	0.294412	0.653266	19534.6
0.774423	0.514613	0.765165	22880.7
0.486299	0.565838	0.630235	18845.9
0.613803	1	0.913389	27313.1
0.987778	0.0355355	0.152673	4565.38
0.857495	0.0354878	0.136704	4087.85
0.961631	0.028715	0.12673	3789.61
0.638366	0.000167366	0.00108381	32.4092
0.537105	0.0171826	0.0524699	1569.01
0.741228	1	0.963187	28802.2
0.384093	1	0.751621	22475.7
0.482264	1	0.833962	24938
0.131838	1	0.398965	11930.3
0.0392787	1	0.166427	4976.65
0.282642	1	0.639781	19131.4
0.0610536	1	0.23176	6930.31
0.472608	1	0.826823	24724.5
0.393773	1	0.760762	22749.1
0.826333	1	0.983962	29423.4
0.70413	1	0.951134	28441.7
0.55064	1	0.879193	26290.5
0.947615	1	0.998603	29861.2
0.32513	1	0.690423	20645.7
0.637596	0.623085	0.764011	22846.2
0.999999	0.0567797	0.219656	6568.39
0.861555	0.046809	0.169811	5077.86
0.964518	1	0.999363	29883.9
0.976972	0.0225927	0.106244	3177.02
0.562725	1	0.886272	26502.2
0.774006	1	0.972287	29074.3
0.913121	1	0.996112	29786.7
0.658697	1	0.933697	27920.4
0.514941	0.171554	0.302703	9051.74
0.615957	0.24579	0.43721	13073.9
0.989319	0.766816	0.968194	28951.9
0.39008	4.20692e-07	2.72785e-06	0.081571
0.999994	1	1	29903
0.752079	1	0.966357	28897
0.268641	1	0.621737	18591.8
0.955095	1	0.998976	29872.4
0.491488	1	0.8406	25136.5
0.964817	1	0.999374	29884.3
1	0.301737	0.663278	19834
0.936648	1	0.99795	29841.7
0.592059	1	0.902386	26984.1
0.86484	1	0.990424	29616.7
0.403651	1	0.769845	23020.7
0.08689	1	0.299172	8946.14
0.99927	2.51504e-41	2.37459e-39	7.10074e-35
1	1.79877e-05	0.000214519	6.41475
0.349123	1	0.716515	21426
0.991701	0.751757	0.964459	28840.2
0.925055	0.252893	0.573782	17157.8
0.484127	0.561928	0.626189	18724.9
0.946496	0.196693	0.499138	14925.7
0.628031	0.501146	0.678576	20291.5
0.747281	0.754382	0.886852	26519.5
0.777307	0.365919	0.642036	19198.8
0.654164	0.331634	0.548458	16400.6
0.91274	0.22518	0.530713	15869.9
1	1.59983e-11	4.13693e-10	1.23707e-05
0.999866	7.96253e-23	4.13079e-21	1.23523e-16
0.993548	0.725086	0.956657	28606.9
0.873896	0.268045	0.574223	17171
0.685335	1	0.944287	28237
0.786908	1	0.975486	29169.9
0.523741	1	0.862475	25790.6
0.967834	0.180917	0.48019	14359.1
0.96573	0.18092	0.479531	14339.4
0.980747	0.824947	0.980486	29319.5
0.122449	0.00273097	0.0030107	90.0289
0.604142	0.000359624	0.00204976	61.2939
0.998383	2.02313e-05	0.000238544	7.13317
0.178916	0.00977501	0.0128523	384.323
0.756152	1	0.967506	28931.3
0.65683	1	0.932915	27897
0.707632	1	0.952353	28478.2
0.139616	4.25013e-06	9.10103e-06	0.272148
0.960688	1	0.999217	29879.6
0.999997	1.22048e-31	8.80949e-30	2.6343e-25
0.73556	1	0.961468	28750.8
0.0857019	1	0.296261	8859.1
0.925647	0.823374	0.96916	28980.8
0.347624	1	0.714935	21378.7
0.705377	1	0.95157	28454.8
0.0304807	0.89731	0.125786	3761.38
1	0.00124998	0.00960565	287.238
0.99774	5.16187e-07	7.97203e-06	0.238388
0.763435	0.750981	0.892267	26681.5
0.637729	0.0208039	0.0706143	2111.58
0.679059	0.784231	0.868091	25958.5
0.0886017	1.1268e-49	1.15941e-48	3.46699e-44
0.999996	5.33596e-50	6.10724e-48	1.82625e-43
0.570584	8.89241e-45	5.22568e-43	1.56264e-38
0.986678	4.22696e-49	4.68776e-47	1.40178e-42
0.990588	0.0312363	0.138486	4141.16
0.889874	0.0312281	0.127361	3808.46
0.991535	0.0312281	0.138561	4143.39
0.999999	1.64129e-55	2.08685e-53	6.24031e-49
0.999996	1.08853e-48	1.21304e-46	3.62735e-42
0.999614	0.0312137	0.139387	4168.07
0.964982	0.0312137	0.135619	4055.43
0.989889	3.13152e-56	3.99303e-54	1.19404e-49
0.999999	2.54086e-56	3.27802e-54	9.80226e-50
0.999993	2.9225e-76	5.11212e-74	1.52868e-69
0.742814	0.0468804	0.151742	4537.54
0.999998	2.31586e-81	4.32299e-79	1.2927e-74
1.10294e-12	0	0	0
0.864466	0.711745	0.914108	27334.6
0.0155288	0.00064756	0.000125772	3.76096
0.308866	0.0167407	0.0323927	968.64
0.476859	1	0.829989	24819.2
0.522396	1	0.861603	25764.5
0.947659	1	0.998606	29861.3
0.984885	1	0.999885	29899.6
0.961466	1	0.999248	29880.5
0.992262	1	0.99997	29902.1
0.993104	1	0.999976	29902.3
0.97982	1	0.999795	29896.9
0.994259	1	0.999983	29902.5
0.995024	1	0.999988	29902.6
0.968896	1	0.999511	29888.4
0.876855	0.766576	0.939188	28084.5
0.447024	1	0.806943	24130
0.947068	1	0.998574	29860.4
0.177051	0.0648424	0.0627648	1876.85
0.890908	0.287224	0.60467	18081.4
1	0.527149	0.864668	25856.2
0.808471	1	0.98036	29315.7
0.868488	1	0.990946	29632.3
0.95583	1	0.99901	29873.4
0.997975	1	0.999998	29902.9
0.990887	0.106381	0.342575	10244
0.689401	0.0648318	0.183603	5490.27
0.888377	0.0796568	0.258179	7720.33
0.501915	1	0.847897	25354.7
0.996903	0.361853	0.728542	21785.6
0.346503	1	0.713749	21343.2
0.992263	0.365044	0.730055	21830.8
0.294633	0.451409	0.401315	12000.5
0.771652	0.229627	0.483827	14467.9
0.93737	1	0.997996	29843.1
0.839079	1	0.986296	29493.2
0.877676	0.146741	0.392756	11744.6
0.999996	1.54336e-05	0.000186422	5.57456
0.946066	1	0.998519	29858.7
0.899106	1	0.99473	29745.4
0.896592	1	0.994459	29737.3
0.294844	0.803436	0.578047	17285.3
0.908433	0.366409	0.699015	20902.7
0.0434389	6.03832e-05	3.63314e-05	1.08642
0.017878	0.00141916	0.000293854	8.78711
0.907547	0.483867	0.800518	23937.9
0.337206	0.224704	0.271264	8111.61
0.959269	0.000141724	0.00134635	40.26
0.991732	0.172218	0.472638	14133.3
0.95837	1	0.999121	29876.7
0.731904	1	0.960336	28716.9
0.999998	3.18542e-09	6.5507e-08	0.00195886
0.758941	0.000986755	0.00613858	183.562
0.738521	1	0.962371	28777.8
0.572	1	0.891529	26659.4
0.404833	0.85522	0.71345	21334.3
0.869848	1	0.991137	29638
0.939628	1	0.99814	29847.4
1	1	1	29903
1	1	1	29903
1	1	1	29903
0.97223	1	0.999611	29891.4
0.108255	1	0.348935	10434.2
0.639541	1	0.925419	27672.8
0.592562	0.101569	0.229327	6857.57
0.992247	0.27569	0.628149	18783.5
0.828314	0.259529	0.545436	16310.2
0.799839	0.293498	0.574959	17193
0.929281	0.29473	0.628581	18796.5
0.919228	0.256278	0.576156	17228.8
0.71486	0.259665	0.498221	14898.3
0.98644	1.52992e-09	3.21631e-08	0.000961773
0.121363	0.433718	0.207619	6208.44
0.158643	1	0.45072	13477.9
0.280634	1.11235e-09	7.14466e-09	0.000213647
0.0474546	9.18453e-08	8.82643e-08	0.00263937
0.731666	0.00541799	0.0258878	774.123
0.998209	0.000272866	0.00250814	75.0009
0.475941	0.01287	0.037336	1116.46
0.304668	0.670134	0.528553	15805.3
0.106537	0.012803	0.0103627	309.875
0.999995	0.203969	0.528234	15795.8
0.999999	0.0433487	0.179397	5364.52
0.996322	1	0.999993	29902.8
0.212793	1	0.542077	16209.7
0.790814	0.00151635	0.00926483	277.046
0.73602	8.94244e-09	1.30576e-07	0.00390463
0.457992	3.69253e-07	2.80607e-06	0.0839099
0.999706	7.91648e-10	1.73773e-08	0.000519632
0.725531	7.53736e-11	1.34688e-09	4.02758e-05
0.719552	8.272e-11	1.46093e-09	4.36863e-05
0.999705	9.82316e-10	2.13506e-08	0.000638448
0.999927	4.93918e-11	1.22144e-09	3.65246e-05
0.938346	0.702056	0.933728	27921.3
0.988037	1	0.999928	29900.9
0.355394	1	0.723059	21621.6
0.818659	0.591723	0.835528	24984.8
0.0363539	0.142208	0.0323884	968.51
0.281473	1	0.638302	19087.1
0.903624	1	0.995199	29759.4
0.237794	1	0.57935	17324.3
0.379529	1	0.747226	22344.3
0.520617	1	0.860445	25729.9
0.58254	1	0.89732	26832.6
0.999966	2.22279e-09	4.65093e-08	0.00139077
0.822412	0.201481	0.463559	13861.8
0.831578	9.456e-123	2.21871e-120	6.63459e-116
0.869106	0.0488285	0.176527	5278.69
0.929514	1	0.997455	29826.9
0.99138	1	0.999963	29901.9
0.819599	0.562583	0.81805	24462.2
0.175748	0.584962	0.33668	10067.8
0.0947695	0.472165	0.183763	5495.08
0.828911	0.396071	0.693978	20752
0.502178	5.34886e-07	4.33265e-06	0.129559
0.898741	1	0.994691	29744.2
0.840559	1	0.986554	29500.9
0.999856	9.27722e-13	2.66275e-11	7.96243e-07
0.999983	0.00388511	0.0254494	761.015
0.820824	0.105069	0.29759	8898.84
0.52731	0.0152404	0.0468023	1399.53
0.0624041	0.776709	0.195179	5836.43
0.30139	0.129571	0.16569	4954.64
0.999985	0.333773	0.700014	20932.5
0.979723	1	0.999793	29896.8
0.741326	0.259918	0.509977	15249.8
0.993263	1.13076e-10	2.6854e-09	8.03016e-05
0.999998	1	1	29903
0.645337	1	0.927983	27749.5
0.95321	1	0.998888	29869.7
0.437778	0.863806	0.745892	22304.4
0.582713	1	0.897413	26835.3
0.468941	0.000254593	0.00119785	35.8192
0.999975	1	1	29903
0.864158	1	0.990325	29613.7
0.441124	1	0.802153	23986.8
0.975024	0.1036	0.332584	9945.27
0.999996	3.55839e-07	5.6396e-06	0.168641
0.166573	4.64558e-05	9.88126e-05	2.95479
0.999999	1	1	29903
0.716878	0.712069	0.85372	25528.8
0.716878	0.712069	0.85372	25528.8
0.449709	0.770034	0.713524	21336.5
0.366764	0.667637	0.589402	17624.9
0.99986	0.19542	0.514418	15382.6
0.863985	0.626167	0.873355	26115.9
0.996518	1	0.999994	29902.8
0.958593	1	0.999131	29877
1	0.639311	0.925316	27669.7
0.577161	1	0.894388	26744.9
0.80322	1	0.979227	29281.8
0.243089	0.0726804	0.0889752	2660.63
0.469898	0.128119	0.229375	6858.99
0.983696	1	0.999866	29899
0.633336	1	0.922615	27589
0.534502	1	0.869325	25995.4
1	0.0300437	0.13535	4047.37
0.833868	0.00506558	0.0273166	816.849
0.570734	0.00493978	0.0193722	579.286
0.203795	0.102787	0.101925	3047.87
0.183232	1	0.494176	14777.4
0.971753	1	0.999597	29891
0.0362678	0.0144172	0.00447384	133.781
0.979754	0.294227	0.646836	19342.3
0.102049	0.68834	0.256799	7679.05
0.764216	0.692789	0.86613	25899.9
0.759344	0.642453	0.837998	25058.7
0.126771	0.318398	0.169924	5081.24
0.54719	1	0.877124	26228.6
0.61479	0.684443	0.785034	23474.9
0.659863	1	0.934183	27934.9
0.762383	0.670676	0.854288	25545.8
0.891286	0.00820222	0.0432669	1293.81
0.909637	1	0.995788	29777.1
0.999996	1	1	29903
1	0.0535838	0.210397	6291.51
0.00939104	0.0156024	0.00144007	43.0625
0.999999	5.85012e-05	0.00062868	18.7994
0.757065	0.600203	0.812815	24305.6
0.658336	4.34682e-19	1.25048e-17	3.73932e-13
1	8.0556e-18	3.25125e-16	9.72222e-12
0.432475	1.52839e-19	2.98525e-18	8.92678e-14
0.469548	4.55268e-39	1.92481e-37	5.75575e-33
0.147907	0.234288	0.151169	4520.39
0.99999	5.03458e-35	4.02632e-33	1.20399e-28
0.986768	0.0447585	0.181956	5441.03
1	1	1	29903
0.70789	1	0.952442	28480.9
0.276664	1	0.632164	18903.6
0.803769	1	0.979347	29285.4
0.999455	2.89729e-10	6.64931e-09	0.000198834
0.707337	0.143483	0.333681	9978.05
0.756152	0.0895341	0.249997	7475.67
0.712024	0.0317912	0.108386	3241.07
0.994694	0.141732	0.417179	12474.9
0.596445	1	0.904669	27052.3
0.481859	0.0240114	0.0631652	1888.83
0.99906	0.00593171	0.0363176	1086.01
0.999993	0.165336	0.462901	13842.1
0.598897	1	0.905931	27090.1
0.806597	1	0.97996	29303.7
0.0416778	7.3248e-17	1.26174e-16	3.77299e-12
0.655277	0.00285634	0.0136276	407.507
0.426945	1.35757e-06	8.90331e-06	0.266236
1	0.531495	0.867432	25938.8
0.772071	0.0161908	0.0672774	2011.8
0.816569	0.00217343	0.0130162	389.223
0.966398	0.0174928	0.0858797	2568.06
0.960302	0.774477	0.963932	28824.5
0.289065	0.945906	0.627987	18778.7
0.999999	0.000178685	0.00172071	51.4545
0.536995	1	0.870881	26041.9
0.999994	0.584427	0.898334	26862.9
0.99878	0.683217	0.943166	28203.5
0.0830911	0.874563	0.263194	7870.29
0.347357	1	0.714654	21370.3
0.999998	0.0085473	0.0492507	1472.74
0.99972	1	1	29903
0.999856	0.392541	0.759559	22713.1
0.784787	0.845291	0.935633	27978.2
0.825056	1	0.983718	29416.1
0.0603469	1	0.22978	6871.1
0.990425	1	0.999954	29901.6
0.435174	5.21101e-07	3.69619e-06	0.110527
0.158701	1	0.450827	13481.1
0.875312	0.352608	0.671473	20079.1
0.945418	1	0.998483	29857.6
0.750608	9.86275e-06	9.486e-05	2.8366
0.982287	0.352738	0.713735	21342.8
0.308796	0.11886	0.158004	4724.8
0.830101	3.9109e-06	4.42749e-05	1.32395
0.802789	0.352745	0.64046	19151.7
0.317823	0.00375498	0.00922624	275.892
0.578698	6.45936e-06	5.04519e-05	1.50866
0.662998	0.308045	0.528656	15808.4
0.802825	0.00137542	0.00862247	257.838
0.999709	0.131777	0.398764	11924.2
0.981127	0.118524	0.366501	10959.5
0.998665	1.91971e-32	1.4193e-30	4.24414e-26
0.643079	0.33267	0.543837	16262.4
0.999542	1	1	29903
0.989913	1	0.999949	29901.5
0.321531	1	0.686359	20524.2
0.896502	0.0490216	0.181274	5420.65
0.506896	1	0.851306	25456.6
0.969219	0.0595788	0.222417	6650.94
0.997512	0.104328	0.339545	10153.4
0.714627	0.00255022	0.0133177	398.24
0.955152	0.104384	0.329573	9855.22
0.817706	0.104416	0.295473	8835.54
0.986207	0.780606	0.971209	29042.1
0.425483	0.00055193	0.00219728	65.7052
0.516451	0.000366917	0.00181368	54.2345
0.999996	1.28261e-12	3.64031e-11	1.08856e-06
0.435363	4.09644e-07	2.94972e-06	0.0882056
0.912921	1	0.996094	29786.2
0.68996	1	0.946019	28288.8
0.810422	0.116136	0.316541	9465.52
0.891405	1	0.993878	29719.9
0.984499	1	0.999879	29899.4
0.970923	0.265151	0.60678	18144.5
0.936018	1	0.997908	29840.4
0.963102	1	0.999311	29882.4
0.925894	1	0.997184	29818.8
0.948163	0.0069693	0.0397769	1189.45
0.935027	1	0.997842	29838.5
0.999999	0.0777255	0.276281	8261.63
0.998483	1	0.999999	29903
0.958215	1	0.999115	29876.5
0.0869603	1	0.299344	8951.27
0.879078	0.30501	0.621062	18571.6
0.999999	3.94421e-31	2.8007e-29	8.37493e-25
0.675964	4.98382e-10	7.68484e-09	0.0002298
0.984985	1.18714e-05	0.000144487	4.32058
0.884698	0.215571	0.506726	15152.6
0.360535	1	0.728341	21779.6
0.145119	1	0.425228	12715.6
0.976872	1	0.99973	29894.9
0.970762	1	0.999568	29890.1
0.415362	1	0.780301	23333.3
0.980337	1	0.999805	29897.2
0.994162	1	0.999983	29902.5
0.999999	1	1	29903
0.964146	1	0.999349	29883.5
1	1	1	29903
0.957831	4.13102e-05	0.000440691	13.178
0.97302	1.64371e-08	3.03096e-07	0.00906347
0.774228	4.37263e-07	5.38235e-06	0.160948
0.764199	0.0146336	0.061432	1837
0.570014	0.000774436	0.00385177	115.179
0.407786	0.000774214	0.00286058	85.5399
0.336096	0.119994	0.169814	5077.96
0.982191	0.035602	0.152227	4552.04
0.802977	0.124848	0.330833	9892.9
0.0594124	0.394109	0.111324	3328.91
0.0740335	0.749626	0.215964	6457.96
0.76367	0.0229395	0.0883707	2642.55
0.705596	0.0224843	0.081603	2440.18
0.609511	1	0.911279	27250
0.0153456	1	0.0794431	2375.59
0.650861	0.00900015	0.035967	1075.52
0.302242	0.855214	0.608189	18186.7
0.694758	0.00287037	0.0143933	430.401
0.170452	7.37264e-06	1.83313e-05	0.548161
0.489179	1.45307e-05	9.13697e-05	2.73223
0.0429312	1	0.178085	5325.28
0.442252	0.174158	0.27448	8207.78
0.992954	1	0.999975	29902.3
0.992007	6.11922e-44	6.10129e-42	1.82447e-37
0.918285	0.35601	0.692429	20705.7
0.966882	0.616289	0.904376	27043.6
0.985789	0.162456	0.453484	13560.5
0.778877	0.0880239	0.252303	7544.63
0.999996	1.16281e-51	1.37538e-49	4.1128e-45
0.639196	0.0594599	0.162288	4852.89
0.940914	1	0.998219	29849.7
0.544985	2.42439e-06	1.9207e-05	0.574346
0.976705	1	0.999727	29894.8
0.793809	0.0115189	0.0520711	1557.08
0.710254	7.02754e-05	0.000544316	16.2767
0.0728579	4.64481e-06	5.3804e-06	0.16089
0.999999	0.129902	0.395028	11812.5
0.580837	1	0.896397	26805
0.321653	1	0.686498	20528.3
0.959912	0.00324654	0.0211013	630.993
0.857829	1	0.989378	29585.4
0.0119537	1	0.0648694	1939.79
0.921943	1	0.996871	29809.4
1	3.61601e-08	6.55775e-07	0.0196096
0.918032	0.211298	0.512104	15313.4
0.924462	0.0509384	0.190985	5711.01
0.985867	0.0482127	0.192329	5751.22
0.743377	0.0445223	0.145901	4362.89
0.358613	9.2487e-09	6.8073e-08	0.00203559
1	4.41552e-10	9.9529e-09	0.000297622
0.000474345	0.259858	0.00123277	36.8635
0.535397	1	0.869884	26012.2
0.999986	1	1	29903
0.764099	1	0.969686	28996.5
0.802006	0.00618756	0.0312925	935.741
0.927983	4.94665e-06	6.10137e-05	1.82449
0.440478	5.64945e-05	0.000288692	8.63277
0.792267	0.115583	0.310489	9284.55
0.987012	3.15835e-07	4.98184e-06	0.148972
0.604061	1	0.908556	27168.6
0.243662	1	0.587706	17574.2
0.443052	1	0.803727	24033.8
0.717059	0.774522	0.881999	26374.4
0.781543	0.173957	0.407243	12177.8
0.789296	0.724943	0.891637	26662.6
0.990955	1	0.999959	29901.8
0.896297	0.792595	0.953305	28506.7
0.988771	0.310919	0.670044	20036.3
0.942453	1	0.998311	29852.5
0.911676	1	0.995979	29782.8
0.999716	2.48521e-09	5.17105e-08	0.0015463
0.999891	0.554848	0.881652	26364
0.90473	0.432188	0.75818	22671.9
0.90488	0.42987	0.756266	22614.6
0.999999	1	1	29903
0.99995	6.15602e-10	1.36709e-08	0.0004088
0.999981	1	1	29903
0.999999	0.324035	0.689191	20608.9
0.99943	1	1	29903
0.632785	1	0.922363	27581.4
0.872101	1	0.991448	29647.3
0.999993	1	1	29903
0.95091	1	0.998775	29866.4
0.628959	0.128993	0.284908	8519.61
0.395045	0.211569	0.291019	8702.35
0.569331	1.48063e-06	1.2633e-05	0.377766
0.435545	0.0375337	0.0835963	2499.78
0.928545	0.000357294	0.00298955	89.3966
0.999983	1	1	29903
0.999991	1	1	29903
0.689187	0.844864	0.897173	26828.2
0.947765	0.84483	0.978671	29265.2
0.00331115	1	0.0222194	664.425
0.738059	0.000984759	0.00597935	178.801
0.999995	6.40573e-14	2.01004e-12	6.01063e-08
0.919941	1	0.996706	29804.5
0.908599	1	0.995689	29774.1
1	0.0756152	0.270861	8099.56
0.236776	0.343227	0.28525	8529.84
0.625312	0.000140673	0.000909429	27.1947
0.650584	0.541995	0.720171	21535.3
0.9999	1	1	29903
0.953783	0.686588	0.932083	27872.1
0.746693	1	0.964803	28850.5
0.107716	0.595696	0.240384	7188.2
0.864128	1	0.99032	29613.6
0.00600293	0.00610273	0.000410836	12.2852
0.813859	0.0763021	0.234674	7017.46
0.984644	0.477235	0.82479	24663.7
0.621579	1	0.917135	27425.1
0.503074	0.040237	0.0991864	2965.97
0.891166	0.695777	0.916407	27403.3
0.815539	0.494553	0.769551	23011.9
0.170904	0.219148	0.160475	4798.67
0.478762	1	0.831395	24861.2
1	0.0548252	0.214016	6399.72
0.306343	0.0420912	0.0689972	2063.22
0.742502	0.0856444	0.238803	7140.92
0.822374	0.0418654	0.150415	4497.87
0.469232	0.14113	0.245999	7356.11
0.714337	0.14072	0.331458	9911.59
0.66413	1	0.935944	27987.5
0.585553	1	0.89894	26881
0.902677	1	0.995103	29756.6
0.941787	1	0.998272	29851.3
0.038344	0.085217	0.0219701	656.973
0.0265738	0.0809674	0.0153658	459.484
1	0	0	0
1	1.47261e-09	3.142e-08	0.000939551
0.678757	0.309842	0.538215	16094.3
0.999991	0.0343834	0.150261	4493.25
0.825142	1	0.983734	29416.6
0.855626	0.609444	0.860992	25746.2
0.469231	0.00121381	0.00482452	144.268
0.575356	0.0085029	0.0309192	924.578
0.955573	1	0.998998	29873
0.7027	1	0.95063	28426.7
0.574052	0.00529632	0.0206617	617.846
0.836196	8.68571e-06	9.32035e-05	2.78706
0.332528	1.2836e-08	8.6528e-08	0.00258745
0.775022	3.00894e-10	5.40536e-09	0.000161637
0.815535	3.00319e-10	5.66503e-09	0.000169401
0.243797	4.57783e-10	2.66918e-09	7.98165e-05
0.0162214	3.0205e-10	1.32496e-10	3.96202e-06
0.477663	1	0.830584	24837
0.112933	0.0156841	0.012994	388.558
0.982175	0.238782	0.574633	17183.2
0.773273	0.20978	0.457261	13673.5
0.999993	1	1	29903
0.791385	0.211587	0.466689	13955.4
0.988387	0.24494	0.585489	17507.9
0.860354	0.244824	0.538726	16109.5
0.820098	0.00140586	0.00895311	267.725
0.847344	1	0.987705	29535.4
0.491421	1	0.840553	25135.1
0.594804	0.00619335	0.0243273	727.459
0.489831	1	0.839421	25101.2
0.897594	1	0.994568	29740.6
0.645798	1	0.928185	27755.5
0.761567	1	0.969	28976
0.83951	1	0.986371	29495.5
0.995562	1	0.99999	29902.7
0.999806	0.631915	0.921908	27567.8
0.985059	0.133819	0.398929	11929.2
0.415089	1	0.780061	23326.2
0.98738	0.185758	0.494485	14786.6
0.987261	0.187689	0.497671	14881.9
0.372883	4.44021e-16	6.18183e-15	1.84855e-10
0.888317	1	0.993517	29709.2
0.846221	1	0.987519	29529.8
0.905281	1	0.995365	29764.4
0.930011	1	0.997492	29828
0.944037	1	0.998404	29855.3
0.999957	1	1	29903
0.407125	0.687303	0.636199	19024.2
0.142366	0.0184439	0.0182292	545.109
0.996155	0.125271	0.384493	11497.5
0.647817	1	0.929065	27781.8
0.59823	1	0.905589	27079.8
0.12844	1	0.392036	11723
0.76357	0.212633	0.457521	13681.2
0.829805	1	0.984617	29443
0.99542	0.346469	0.712027	21291.7
0.785475	0.34639	0.626236	18726.3
0.521392	1	0.86095	25745
0.696965	1	0.948583	28365.5
0.984996	0.752679	0.963234	28803.6
0.0576468	0.0814396	0.0298646	893.043
0.0692248	0.807518	0.217127	6492.75
0.169322	1	0.470029	14055.3
0.558455	0.821927	0.816433	24413.8
1	1	1	29903
0.763102	1	0.969417	28988.5
1	0.187715	0.50173	15003.2
0.679411	0.0128644	0.0501672	1500.15
0.506345	0.0991212	0.200354	5991.19
0.939256	1	0.998117	29846.7
1	1	1	29903
1	0.662492	0.935271	27967.4
0.997165	1	0.999996	29902.9
0.999947	0.700702	0.949909	28405.1
0.986799	1	0.999912	29900.4
0.996716	1	0.999995	29902.8
0.876999	0.803457	0.951309	28447
0.869848	1	0.991137	29638
0.925204	1	0.99713	29817.2
0.999992	1	1	29903
1	1	1	29903
0.239275	1	0.581472	17387.7
0.0993317	0.68741	0.251557	7522.32
0.938345	1	0.998059	29845
0.746001	1	0.9646	28844.4
0.846006	1	0.987483	29528.7
0.999994	0.00160872	0.0119564	357.533
0.999332	1	1	29903
0.999992	0.402271	0.768587	22983.1
0.999972	2.14166e-18	8.92724e-17	2.66951e-12
0.999842	1.03284e-30	7.23343e-29	2.16301e-24
0.343349	0.0131875	0.0289674	866.212
0.648555	0.740367	0.832429	24892.1
0.525276	0.825831	0.796088	23805.4
0.271654	0.268075	0.263601	7882.45
0.116267	0.576019	0.24803	7416.85
0.293544	0.000421263	0.00123635	36.9704
0.372369	9.90317e-06	4.98218e-05	1.48982
0.892724	0.797841	0.953936	28525.5
0.990907	7.12806e-10	1.55893e-08	0.000466165
0.978184	1	0.99976	29895.8
0.967309	1	0.99946	29886.8
0.602378	0.79018	0.829343	24799.8
0.521126	1	0.860777	25739.8
0.999329	1	1	29903
0.287689	0.499428	0.422443	12632.3
0.184871	0.391394	0.262378	7845.89
0.999992	0.442543	0.803309	24021.3
0.809464	0.391199	0.680798	20357.9
0.997398	0.366323	0.73324	21926.1
1	0.617765	0.91531	27370.5
0.926747	0.701116	0.929904	27806.9
0.188155	0.0572074	0.059541	1780.46
0.999998	0.000181901	0.00174844	52.2835
0.978518	0.000108935	0.00108156	32.3419
0.419852	0.00189752	0.00648102	193.802
1	0.0274682	0.126209	3774.02
0.345811	0.408409	0.417674	12489.7
1	1.7105e-05	0.000204852	6.12568
0.999999	2.89071e-06	3.97587e-05	1.18891
0.975175	2.89565e-06	3.89043e-05	1.16336
0.982663	5.11372e-06	6.63362e-05	1.98365
0.761583	0.000115258	0.000907688	27.1426
0.939475	1.66339e-06	2.24547e-05	0.671464
0.998616	1.6524e-06	2.36207e-05	0.706331
0.997525	0.00019835	0.00188519	56.3728
0.999448	6.5923e-07	1.00363e-05	0.300117
0.210863	0.178176	0.16086	4810.21
0.57809	0.00372366	0.0153719	459.667
0.532339	0.329277	0.48052	14369
0.567357	0.632659	0.726714	21730.9
0.622019	0.567187	0.720367	21541.1
0.442772	0.464517	0.530941	15876.7
0.31904	0.797877	0.602847	18026.9
0.923437	0.530537	0.839482	25103
0.453619	0.797856	0.729753	21821.8
0.932348	0.439751	0.775556	23191.5
0.713568	0.662538	0.826941	24728
0.928061	0.00911556	0.0488336	1460.27
1	1	1	29903
0.196368	1	0.516009	15430.2
0.420522	1	0.784802	23467.9
0.641605	1	0.926338	27700.3
0.964159	1	0.99935	29883.6
0.0716557	1	0.260532	7790.68
0.447983	0.72532	0.6902	20639.1
0.317336	1	0.681573	20381.1
0.976382	1	0.999719	29894.6
0.176714	1	0.482999	14443.1
0.682851	1	0.943344	28208.8
0.683896	0.274415	0.501658	15001.1
0.590219	1	0.901419	26955.1
0.357717	0.000267666	0.000981786	29.3583
0.875941	0.00985171	0.0496419	1484.44
0.783449	0.813323	0.924367	27641.3
0.810121	1	0.980709	29326.2
1	0.66773	0.937407	28031.3
0.150041	0.0172173	0.0179763	537.546
0.999999	9.77825e-07	1.45089e-05	0.43386
0.98199	1	0.999837	29898.1
0.999958	1	1	29903
0.843535	1	0.987066	29516.2
0.982927	1	0.999853	29898.6
0.458586	0.00310519	0.0107573	321.675
0.358638	0.756554	0.625257	18697
0.446963	0.752811	0.702978	21021.2
0.421655	0.65689	0.632571	18915.8
0.936287	0.290437	0.626044	18720.6
0.983488	1	0.999863	29898.9
0.117791	1	0.369728	11056
0.826793	1	0.98405	29426
0.884594	0.501858	0.804449	24055.4
0.985014	0.194094	0.507504	15175.9
0.975249	0.303478	0.656308	19625.6
0.604079	0.677697	0.775004	23175
0.0279645	0.677697	0.0941106	2814.19
0.358513	0.84675	0.66547	19899.5
0.0087518	0.270511	0.016681	498.811
0.526942	0.25644	0.405593	12128.4
0.999999	1	1	29903
1	0.484327	0.835461	24982.8
0.999987	0.566572	0.888466	26567.8
0.327199	1	0.692741	20715
0.614805	1	0.913877	27327.7
0.886017	1	0.993242	29700.9
0.626149	0.82357	0.857197	25632.8
0.895444	0.823366	0.961993	28766.5
0.84131	0.803414	0.940665	28128.7
0.52211	1	0.861417	25759
0.999501	0.0105642	0.0586101	1752.62
0.999996	0.230389	0.568596	17002.7
0.893727	9.27407e-05	0.000861842	25.7717
0.981023	0.0229456	0.107909	3226.8
0.918668	9.31023e-05	0.00088666	26.5138
0.902162	6.14918e-06	7.26849e-05	2.1735
0.717285	6.31668e-06	6.02813e-05	1.80259
0.943293	6.28847e-06	7.73229e-05	2.31219
0.795222	6.48392e-06	6.7934e-05	2.03143
0.718649	6.33565e-06	6.0555e-05	1.81078
0.850823	6.42348e-06	7.16882e-05	2.14369
0.914511	3.24573e-06	4.07469e-05	1.21845
0.902523	6.44336e-06	7.59185e-05	2.27019
0.96173	3.33395e-06	4.3768e-05	1.30879
0.99813	0.000372073	0.00330462	98.818
0.999406	0.000367555	0.00327269	97.8632
0.735669	0.103425	0.272078	8135.94
0.567545	1	0.889023	26584.4
0.96367	0.386662	0.740464	22142.1
0.633643	1	0.922755	27593.1
0.107769	0.000241378	0.000300631	8.98978
0.201699	0.000242777	0.000534942	15.9964
0.257133	0.000527211	0.0013429	40.1567
0.328546	0.00135296	0.00387547	115.888
0.476822	0.000304229	0.00142718	42.6769
0.379583	0.000307738	0.00117454	35.1223
0.576704	0.000305978	0.00170149	50.8796
0.899859	0.000533218	0.00414666	123.997
0.625943	0.000302492	0.00181238	54.1955
0.662076	0.000304229	0.00191555	57.2806
0.685244	0.00545901	0.0246458	736.984
0.582327	0.00548642	0.0215534	644.51
0.544223	0.00221274	0.00929894	278.066
0.118557	0.60151	0.259628	7763.66
0.999998	0.000456735	0.00396967	118.705
0.390362	1	0.757568	22653.6
0.983916	1	0.99987	29899.1
0.991525	1	0.999964	29901.9
0.163056	1	0.458785	13719
0.742396	1	0.963535	28812.6
0.676529	1	0.940903	28135.8
0.650451	1	0.930203	27815.9
0.640276	1	0.925747	27682.6
0.685379	1	0.944304	28237.5
0.583117	1	0.897631	26841.9
0.583664	1	0.897926	26850.7
0.560963	1	0.885256	26471.8
0.87558	1	0.991917	29661.3
0.628525	1	0.920399	27522.7
0.558031	1	0.883553	26420.9
0.551839	1	0.879907	26311.9
0.875021	1	0.991843	29659.1
0.134244	1.66598e-12	6.73822e-12	2.01493e-07
0.815089	1	0.98174	29357
0.143084	7.92499e-14	3.75453e-13	1.12272e-08
0.0579139	1	0.222899	6665.34
0.512692	1	0.855211	25573.4
0.930172	1	0.997503	29828.3
0.977801	1	0.999752	29895.6
0.0500293	1	0.199874	5976.85
1	0.688725	0.94556	28275.1
0.880619	1	0.992572	29680.9
0.710826	1	0.95345	28511
0.791816	1	0.976647	29204.7
0.999979	1	1	29903
0.709553	0.276042	0.515192	15405.8
0.883687	1	0.992957	29692.4
0.918379	0.469803	0.794134	23747
0.999989	0.00121312	0.0093586	279.85
0.319092	0.10896	0.151557	4532.01
0.999996	0.0136812	0.0723971	2164.89
0.327084	0.269014	0.301853	9026.3
0.999996	3.05973e-05	0.000348643	10.4255
0.565658	1	0.887951	26552.4
0.381321	1	0.748957	22396.1
0.240603	0.631706	0.438331	13107.4
0.127105	0.631787	0.282823	8457.26
0.451722	0.631706	0.643197	19233.5
0.3356	0.630492	0.540217	16154.1
0.23203	0.392788	0.309449	9253.46
0.420997	0.39277	0.462938	13843.2
0.571778	0.402983	0.568637	17004
0.274138	0.402892	0.353788	10579.3
0.841192	0.399084	0.702136	20996
0.179157	0.397362	0.259304	7753.96
0.21771	0.395774	0.297395	8893
0.320994	0.395738	0.389134	11636.3
0.598112	0.410001	0.58991	17640.1
0.3132	0.404285	0.388293	11611.1
0.00401496	0.410121	0.0121999	364.812
0.0103808	0.40438	0.0271731	812.557
0.126274	0.396508	0.199992	5980.36
0.176572	0.396508	0.25618	7660.56
0.20394	0.39986	0.285952	8550.82
0.0873459	0.397934	0.151522	4530.96
0.14604	0.397615	0.223337	6678.43
0.225639	0.401727	0.308267	9218.09
0.238429	0.397666	0.318183	9514.63
0.473283	0.393409	0.499179	14927
0.331916	0.638016	0.540488	16162.2
0.383129	0.637633	0.588601	17600.9
0.382923	0.625768	0.581967	17402.6
0.773665	0.618034	0.830945	24847.8
0.876479	0.609707	0.869258	25993.4
0.770878	0.246793	0.505949	15129.4
0.974245	0.563791	0.878374	26266
0.296434	1	0.656877	19642.6
1	2.20233e-11	5.62451e-10	1.6819e-05
0.997015	0.426166	0.788568	23580.5
0.994547	8.89846e-09	1.72953e-07	0.00517181
0.769417	1.0185e-11	2.08233e-10	6.22679e-06
0.812035	1	0.98111	29338.1
0.944113	0.135527	0.391037	11693.2
0.6255	0.400532	0.597312	17861.4
0.811169	1	0.980929	29332.7
0.805358	1	0.979692	29295.7
0.988491	1	0.999934	29901
0.999979	0.150078	0.434711	12999.2
0.999975	0.853723	0.988735	29566.1
0.75111	1	0.96608	28888.7
0.0621126	1	0.234711	7018.58
0.0427429	1	0.177492	5307.55
0.981592	1	0.99983	29897.9
0.833275	0.000183144	0.00149369	44.6657
0.944029	7.20882e-07	1.03444e-05	0.309328
0.984415	3.49058e-14	1.09964e-12	3.28825e-08
0.943129	7.77322e-15	2.45935e-13	7.3542e-09
0.532725	1.49661e-18	3.40225e-17	1.01737e-12
0.715019	1.40406e-17	4.02978e-16	1.20502e-11
0.246876	2.6704e-17	2.67398e-16	7.99602e-12
0.444772	7.18172e-18	1.31874e-16	3.94344e-12
0.274097	7.50015e-16	7.63117e-15	2.28195e-10
0.521573	4.3575e-16	8.41382e-15	2.51598e-10
0.929211	9.38663e-15	2.91084e-13	8.70427e-09
0.880602	4.24525e-15	1.27928e-13	3.82542e-09
0.550911	2.93034e-06	2.31443e-05	0.692084
0.964827	0.00149119	0.0108538	324.562
0.968585	0.00329174	0.0215157	643.383
0.948182	1.03777e-05	0.000123286	3.68661
0.938408	0.338201	0.681612	20382.2
0.999819	0.0284094	0.129558	3874.17
0.802449	0.00143006	0.00891663	266.634
0.712017	0.000273734	0.00185997	55.6186
0.985417	0.000274348	0.00249147	74.5024
0.934207	0.000274366	0.0023758	71.0436
0.946565	0.000640104	0.00509489	152.352
0.975607	0.00199309	0.0140834	421.135
0.9986	0.00191359	0.0138735	414.86
1	0.00160753	0.0119488	357.306
1	0.000222762	0.00209606	62.6784
1	0.00149829	0.0112423	336.178
0.999997	0.00149334	0.0112101	335.215
0.999994	0.00149387	0.0112135	335.318
0.779624	0.303834	0.57803	17284.8
0.594097	0.721876	0.791947	23681.6
0.720788	0.352157	0.601855	17997.3
0.920308	0.352113	0.689211	20609.5
0.740489	1	0.962965	28795.5
0.00742965	0.118984	0.00709951	212.297
0.999929	0.84484	0.987277	29522.5
0.999989	1	1	29903
0.977379	0.74736	0.959882	28703.3
0.838614	0.873653	0.96057	28723.9
0.483145	0.0158242	0.0449064	1342.84
0.0529694	0.462869	0.115439	3451.97
4.5076e-06	0.450746	2.86615e-05	0.857066
0.0456493	0.0650555	0.0202515	605.58
0.469778	0.00140354	0.0054886	164.126
0.744803	0.641125	0.830472	24833.6
0.999989	8.94019e-09	1.74624e-07	0.00522179
0.382789	0.265937	0.334382	9999.02
0.998393	1	0.999999	29903
0.993255	1	0.999977	29902.3
0.995598	1	0.99999	29902.7
0.983162	1	0.999857	29898.7
0.98735	1	0.99992	29900.6
0.994805	1	0.999986	29902.6
0.93816	1	0.998047	29844.6
0.993282	1	0.999977	29902.3
0.701805	1	0.950314	28417.2
0.260804	1	0.611321	18280.3
0.99988	1	1	29903
0.562178	6.66456e-05	0.000419329	12.5392
0.830574	0.00100405	0.00674603	201.726
0.562281	0.000246303	0.00136895	40.9357
1	0.481618	0.83349	24923.9
0.190998	0.000244566	0.000512497	15.3252
0.0657141	0.00024431	0.00019329	5.77994
0.629282	0.00024431	0.00150361	44.9626
0.205442	0.00024431	0.00054707	16.359
0.385398	0.00024431	0.000967041	28.9174
0.153722	0.00024431	0.000420239	12.5664
0.472354	0.00024431	0.00116175	34.7398
0.999993	0.0414077	0.173261	5181.02
0.999997	0.0309204	0.13841	4138.87
0.917332	1	0.996485	29797.9
0.0326873	0.0533167	0.0128134	383.159
0.984275	1	0.999876	29899.3
0.936556	1	0.997943	29841.5
0.553296	1	0.880771	26337.7
0.18533	0.00259105	0.00414954	124.084
6.75345e-10	0.00239198	4.54761e-11	1.35987e-06
0.000188142	0.00108575	3.35088e-06	0.100201
0.999997	4.05286e-06	5.43734e-05	1.62593
0.526123	0.275003	0.42439	12690.5
0.558213	0.00402358	0.0159436	476.761
0.988974	0.000492118	0.00419912	125.566
0.581811	0.188799	0.352459	10539.6
0.00490956	0.420395	0.0148256	443.331
0.00456034	0.419577	0.0138892	415.329
6.38057e-05	0.0705386	5.99108e-05	1.79151
0.000148618	0.0705739	0.000130742	3.90959
0.000670109	0.0702221	0.000515934	15.428
0.000185007	0.02141	5.3232e-05	1.5918
0.173827	1	0.477971	14292.8
0.991752	0.193704	0.509025	15221.4
0.98052	0.210968	0.53281	15932.6
0.99998	1	1	29903
0.948162	0.339284	0.686547	20529.8
0.999998	0.270182	0.623758	18652.2
0.959397	1	0.999164	29878
0.708727	1	0.952731	28489.5
0.923016	1	0.996958	29812
0.918066	1	0.996548	29799.8
0.993329	1	0.999978	29902.3
0.17539	1	0.480699	14374.3
1	0.439022	0.800428	23935.2
1	1	1	29903
0.885945	0.605061	0.870293	26024.4
0.988364	1	0.999932	29901
0.293107	1	0.652814	19521.1
0.990547	0.855411	0.987702	29535.3
0.997226	0.85042	0.987824	29538.9
0.0692096	0.790432	0.213668	6389.32
0.926204	0.75382	0.949025	28378.7
1	0	0	0
0.280432	0.41385	0.366005	10944.7
0.999986	0.171381	0.47367	14164.1
0.766215	1	0.970252	29013.5
0.997548	0.0896707	0.305391	9132.11
0.807722	0.0516966	0.174371	5214.22
0.657797	0.00514009	0.0226183	676.354
0.997196	0.012356	0.0664914	1988.29
0.998091	0.00912856	0.0519176	1552.49
0.870306	0.00645395	0.0347236	1038.34
0.999996	0.00120413	0.00929828	278.046
0.838482	0.753683	0.92198	27570
0.507974	1	0.852038	25478.5
0.546167	1	0.876505	26210.1
0.895616	1.25473e-10	2.68681e-09	8.03437e-05
0.89408	5.48311e-11	1.21278e-09	3.62657e-05
0.767541	0.00062711	0.0041582	124.343
0.980316	0.000878101	0.00693614	207.411
0.894486	0.000878101	0.00640083	191.404
0.000329238	1.41661e-29	3.51878e-31	1.05222e-26
4.22168e-05	2.40113e-27	7.33565e-30	2.19358e-25
0.000519087	1.4164e-29	5.51353e-31	1.64871e-26
0.259786	1.71041e-17	1.8198e-16	5.44176e-12
0.983329	0.161227	0.450529	13472.2
0.00615485	0.631688	0.0254655	761.496
0.635238	0.507289	0.687174	20548.6
0.402485	5.95497e-08	4.44522e-07	0.0132925
0.975201	4.08365e-07	6.26676e-06	0.187395
0.998031	9.48499e-08	1.62565e-06	0.0486117
0.56175	3.22701e-08	3.41269e-07	0.010205
0.99999	1.10348e-08	2.13214e-07	0.00637574
0.980432	6.80277e-07	1.01516e-05	0.303562
0.018303	0.830821	0.0788614	2358.19
0.016924	1	0.0859576	2570.39
0.0325467	1	0.144022	4306.68
1.64762e-10	0.913021	3.55281e-09	0.00010624
9.49613e-09	0.828117	1.54612e-07	0.00462337
1.91679e-08	0.828076	3.00922e-07	0.00899846
2.56375e-07	0.826115	3.46658e-06	0.103661
1	0.0781688	0.277412	8295.45
0.794756	0.789433	0.919879	27507.1
0.921111	1	0.996803	29807.4
0.730606	1	0.959929	28704.8
0.813185	0.78933	0.926456	27703.8
1.9325e-10	2.61284e-23	3.80548e-31	1.13795e-26
3.28462e-11	3.12782e-24	8.14303e-33	2.43501e-28
2.87473e-10	8.3977e-23	1.78165e-30	5.32767e-26
7.0886e-11	4.33606e-24	2.40253e-32	7.18428e-28
8.52065e-11	9.05613e-22	5.60515e-30	1.67611e-25
0.554898	1	0.881717	26366
2.66034e-11	8.1222e-24	1.69659e-32	5.07331e-28
1.11075e-09	8.01097e-24	6.65582e-31	1.99029e-26
7.46361e-11	1.86922e-22	1.03726e-30	3.10172e-26
1.72691e-12	4.46171e-24	6.30661e-34	1.88586e-29
2.04309e-11	4.69077e-24	7.60275e-33	2.27345e-28
5.32562e-11	4.52897e-24	1.89116e-32	5.65513e-28
5.51178e-11	4.73605e-24	2.04469e-32	6.11424e-28
7.16989e-12	4.15206e-24	2.39646e-33	7.16612e-29
5.24331e-10	9.40706e-24	3.71852e-31	1.11195e-26
6.58176e-09	6.70637e-23	3.1293e-29	9.35755e-25
1.83526e-10	3.99637e-23	5.50025e-31	1.64474e-26
1.28682e-11	4.6492e-24	4.77426e-33	1.42765e-28
5.46934e-12	5.03767e-24	2.22012e-33	6.63881e-29
1.09416e-09	2.63949e-21	1.99324e-28	5.96038e-24
0.000973034	0.00423678	5.52379e-05	1.65178
0.00576975	0.00402585	0.000271076	8.10598
0.000846943	0.00621258	6.9218e-05	2.06983
0.000202752	0.00618166	1.82859e-05	0.546803
0.00788068	0.00615615	0.000530442	15.8618
0.0178166	0.00617553	0.0011129	33.279
0.103305	0.00616987	0.00532728	159.302
0.310561	1	0.673723	20146.3
0.653111	1	0.931342	27849.9
0.0194019	1	0.0958916	2867.45
0.299448	1	0.660526	19751.7
0.518937	1	0.859346	25697
0.235908	1	0.576633	17243.1
0.235908	1	0.576633	17243.1
0.235908	1	0.576633	17243.1
0.607289	1	0.910175	27217
0.273564	1	0.628163	18784
0.000863653	0.00615731	6.98993e-05	2.0902
0.000104747	0.0063361	1.01049e-05	0.302167
0.00808166	0.0420741	0.00305566	91.3734
0.0432208	0.0420618	0.0132893	397.389
0.0453909	0.0226843	0.0081122	242.579
0.929439	0.367231	0.708215	21177.8
0.999737	0.235723	0.576276	17232.4
0.999837	1	1	29903
0.999968	0.239123	0.581243	17380.9
0.394377	0.306576	0.37635	11254
0.742472	0.380541	0.639653	19127.6
0.600761	0.244045	0.428103	12801.6
0.999985	0.000894616	0.00717393	214.522
0.999309	0.619888	0.916124	27394.9
0.316458	0.59009	0.500095	14954.3
0.997641	0.0945674	0.317073	9481.43
0.372787	0.454344	0.470122	14058
0.429156	0.534696	0.567243	16962.3
0.202058	0.456844	0.312246	9337.09
0.359313	0.457455	0.461161	13790.1
0.160979	0.456844	0.265479	7938.63
0.631396	0.453124	0.64413	19261.4
0.65118	0.454344	0.656178	19621.7
0.645803	0.456844	0.655168	19591.5
0.985001	1	0.999887	29899.6
0.916157	1	0.996383	29794.8
0.40375	1	0.769934	23023.3
0.879241	1	0.992396	29675.6
0.974424	1	0.99967	29893.1
0.45984	1	0.817079	24433.1
0.872342	1	0.991481	29648.3
0.788689	0.355224	0.636636	19037.3
0.978195	1	0.999761	29895.8
0.999998	1	1	29903
1	0.789698	0.976149	29189.8
0.510569	0.79056	0.769831	23020.3
0.233207	0.891295	0.53438	15979.6
0.322933	0.889181	0.645437	19300.5
0.596398	0.910617	0.874636	26154.2
0.541927	0.4676	0.601271	17979.8
0.378023	0.542308	0.52988	15845
0.865676	0.797016	0.946018	28288.8
0.415721	0.681825	0.6408	19161.8
0.933664	1	0.997749	29835.7
0.975945	0.334748	0.692179	20698.2
0.962087	0.43764	0.785258	23481.6
0.749288	1	0.965556	28873
0.974718	0.436794	0.7893	23602.4
0.987535	0.229303	0.562772	16828.6
0.999998	1.16501e-08	2.24473e-07	0.0067124
0.654256	1.16501e-08	1.50096e-07	0.00448833
0.835167	8.34332e-10	1.53886e-08	0.000460166
0.290002	0.00040157	0.00117132	35.0258
0.714826	0.763566	0.876294	26203.8
0.9818	0.505059	0.843692	25228.9
0.783363	1	0.974628	29144.3
0.619433	1	0.916111	27394.5
0.859927	0.00515141	0.0284368	850.346
0.0584432	0.697838	0.17127	5121.5
0.999839	3.1761e-05	0.000360665	10.785
0.999775	1.26846e-08	2.43275e-07	0.00727466
0.55834	0.25182	0.416436	12452.7
0.952967	0.273125	0.610616	18259.2
0.934823	0.27496	0.606234	18128.2
0.942383	0.293657	0.632258	18906.4
0.820921	0.368128	0.663837	19850.7
0.882278	0.362789	0.684711	20474.9
0.894583	0.361081	0.688042	20574.5
0.849966	0.0832	0.258052	7716.52
0.99249	0.760795	0.967206	28922.4
0.771175	1	0.971557	29052.5
0.996593	1	0.999994	29902.8
0.95521	0.164435	0.447816	13391
0.980559	0.00100261	0.00779101	232.975
0.999925	9.29618e-05	0.000955891	28.584
0.978545	0.0032635	0.0215453	644.269
0.459771	0.0200175	0.0523509	1565.45
0.558807	0.0199531	0.0612835	1832.56
0.633158	0.0541055	0.149836	4480.56
0.480436	0.0266789	0.0686627	2053.22
0.524974	0.027261	0.0750874	2245.34
0.131671	0.0288363	0.0249592	746.356
0.441951	0.00443389	0.0141775	423.95
0.671492	0.00443919	0.0203163	607.518
0.695693	0.0042971	0.0203662	609.01
0.886807	0.00441278	0.0256061	765.699
0.960049	0.00612909	0.0361025	1079.57
0.908781	0.0044286	0.0262217	784.109
0.498446	0.21027	0.341216	10203.4
0.870389	0.241745	0.538379	16099.1
0.977376	0.215181	0.538224	16094.5
0.615304	1	0.914119	27334.9
0.351845	0.355527	0.385118	11516.2
0.951398	1	0.998799	29867.1
0.95102	1	0.99878	29866.5
0.947185	1	0.99858	29860.5
0.918436	1	0.996579	29800.7
0.963181	1	0.999314	29882.5
0.491563	6.40723e-05	0.000357968	10.7043
0.670447	0.0471812	0.140878	4212.66
0.99131	1	0.999962	29901.9
0.27298	0.656245	0.48719	14568.4
0.741464	0.729122	0.873121	26108.9
0.164642	1	0.461654	13804.8
0.983375	1	0.999861	29898.8
0.760516	1	0.968713	28967.4
0.845433	0.553107	0.823054	24611.8
0.870632	0.514925	0.807976	24160.9
0.939042	1	0.998103	29846.3
0.888147	1	0.993497	29708.5
0.988008	0.00444948	0.028254	844.881
0.992729	0.00452032	0.0287487	859.673
0.994374	0.00246454	0.0171826	513.812
0.991867	0.00148779	0.0110952	331.779
0.996258	0.00148392	0.0111126	332.301
0.997891	0.00251177	0.0175174	523.823
0.992277	0.00163519	0.0120455	360.196
0.998779	0.00162951	0.0120773	361.149
0.997731	0.0128511	0.0686822	2053.8
0.975065	1	0.999687	29893.6
0.952256	0.0338711	0.143018	4276.66
0.744378	0.0146759	0.0602672	1802.17
0.870573	0.0119481	0.0578936	1731.19
0.973729	1	0.999652	29892.6
0.981441	1	0.999827	29897.8
0.928947	0.512264	0.829253	24797.2
0.974761	0.263552	0.606045	18122.6
0.999827	1.05357e-11	2.76792e-10	8.27692e-06
0.967962	1	0.999481	29887.5
0.212297	1	0.541308	16186.7
0.286481	1	0.644606	19275.7
0.723748	1	0.957744	28639.4
0.395513	1	0.76238	22797.4
1	0.803438	0.979275	29283.3
0.599677	1	0.90633	27102
0.728476	1	0.959258	28684.7
0.100765	0.266221	0.123892	3704.74
0.709786	0.772533	0.877811	26249.2
0.984769	0.497534	0.83951	25103.9
0.958031	0.55079	0.865004	25866.2
0.952461	0.497567	0.827799	24753.7
0.944695	0.497503	0.824852	24665.5
0.980898	0.497497	0.838106	25061.9
0.989949	0.265775	0.614402	18372.5
0.985927	0.265762	0.612955	18329.2
1	0.0053041	0.0330937	989.602
0.67871	0.272271	0.49682	14856.4
0.962506	0.0500634	0.19432	5810.76
0.95798	0.0788841	0.270743	8096.02
0.916113	0.0243293	0.107066	3201.61
0.927552	0.0248556	0.109969	3288.4
0.877366	0.0804891	0.25779	7708.69
0.92634	0.0248556	0.109855	3285
0.93568	0.0238778	0.10727	3207.7
0.755072	0.0238778	0.0904311	2704.16
0.887443	1	0.993413	29706
0.989517	1	0.999945	29901.4
0.863512	1	0.99023	29610.9
0.995231	1	0.999989	29902.7
0.0719733	0.590308	0.176683	5283.34
0.0485727	0.5904	0.130529	3903.21
0.456511	0.590308	0.622841	18624.8
0.738207	0.00131263	0.00769308	230.046
0.991907	0.0110427	0.0603977	1806.07
0.989822	0.00273104	0.0186884	558.838
0.989404	0.0391634	0.164707	4925.22
0.978309	4.36003e-05	0.000471861	14.1101
0.990649	8.46591e-06	0.000106418	3.18222
0.997276	1.9009e-06	2.68736e-05	0.803603
0.995443	1.39154e-05	0.000168816	5.04809
0.985014	4.24307e-05	0.000463201	13.8511
0.983107	7.49503e-05	0.000774843	23.1701
0.999928	6.93286e-06	8.92841e-05	2.66986
0.99594	4.79286e-05	0.000522681	15.6297
0.997091	4.79286e-05	0.00052323	15.6462
0.99857	4.61949e-07	7.19114e-06	0.215037
0.996732	4.3426e-05	0.00047819	14.2993
0.993592	4.15458e-05	0.000458003	13.6957
0.674452	1.75681e-07	2.00819e-06	0.060051
0.827323	1.27558e-05	0.000131483	3.93174
0.999915	1.15071e-05	0.000142361	4.25702
0.99369	0.000187732	0.0017884	53.4784
0.842171	0.0021725	0.0133629	399.59
0.842171	0.0021725	0.0133629	399.59
0.945662	0.0021725	0.0147669	441.573
0.999925	0.0021725	0.015493	463.287
0.811479	0.612092	0.844275	25246.4
0.501593	0.723422	0.730709	21850.4
0.90796	0.271494	0.591705	17693.7
0.925854	0.270991	0.597817	17876.5
0.0372674	0.000683324	0.000294847	8.8168
0.028563	0.00175673	0.000546932	16.3549
0.0270726	0.00180795	0.000534724	15.9899
0.294587	0.00282292	0.0067294	201.229
0.974217	0.336524	0.693466	20736.7
0.0326791	1	0.144475	4320.24
0.735555	0.250081	0.495391	14813.7
0.711932	0.239187	0.471737	14106.4
0.984032	0.329516	0.689438	20616.3
0.997902	0.3308	0.695975	20811.8
0.997324	0.329955	0.694828	20777.4
0.765774	1	0.970135	29009.9
0.994371	0.00542455	0.0335641	1003.67
0.996843	0.0055241	0.0341512	1021.22
0.994166	0.00108544	0.00845118	252.716
0.994166	0.00108544	0.00845118	252.716
0.995297	0.00108544	0.00845957	252.967
0.995297	0.00108544	0.00845957	252.967
0.959487	0.00108544	0.00819336	245.006
0.665548	0.00108544	0.00594758	177.85
0.663329	0.00108544	0.00593015	177.329
0.989532	0.019241	0.09446	2824.64
0.998608	0.0194876	0.0961225	2874.35
0.971798	0.000450492	0.00382354	114.335
0.965535	0.000458892	0.00386441	115.557
0.996949	0.00790136	0.0460329	1376.52
0.996338	0.00815632	0.0472361	1412.5
0.997371	0.00806966	0.0468603	1401.26
0.0601402	1	0.229199	6853.73
0.999995	0.75288	0.966583	28903.7
0.338038	0.248194	0.291813	8726.08
1	0.0150463	0.0781898	2338.11
0.97751	0.00159977	0.0116669	348.875
0.828835	0.00149315	0.00952263	284.755
0.887597	0.00144649	0.0098319	294.003
0.940946	0.00140967	0.0101143	302.449
0.994354	0.00130278	0.00990861	296.297
0.992194	0.00130278	0.0098899	295.738
0.982412	0.00127631	0.00963156	288.013
0.948522	0.00514371	0.0308486	922.465
0.922531	0.00517587	0.0302938	905.876
0.959335	0.00520829	0.031473	941.137
