
SUMMARISING RUN PARAMETERS
==========================
Input filename: SC2234/host_removal/SC2234_R2.fastq.gz
Trimming mode: paired-end
Trim Galore version: 0.6.4_dev
Cutadapt version: 4.1
Python version: could not detect
Number of cores used for trimming: 2
Quality Phred score cutoff: 20
Quality encoding type selected: ASCII+33
Using Illumina adapter for trimming (count: 24976). Second best hit was smallRNA (count: 0)
Adapter sequence: 'AGATCGGAAGAGC' (Illumina TruSeq, Sanger iPCR; auto-detected)
Maximum trimming error rate: 0.1 (default)
Minimum required adapter overlap (stringency): 1 bp
Minimum required sequence length for both reads before a sequence pair gets removed: 20 bp
Running FastQC on the data once trimming has completed
Output file will be GZIP compressed


This is cutadapt 4.1 with Python 3.9.13
Command line parameters: -j 2 -e 0.1 -q 20 -O 1 -a AGATCGGAAGAGC SC2234/host_removal/SC2234_R2.fastq.gz
Processing single-end reads on 2 cores ...
Finished in 16.64 s (30 µs/read; 1.98 M reads/minute).

=== Summary ===

Total reads processed:                 548,011
Reads with adapters:                   217,300 (39.7%)
Reads written (passing filters):       548,011 (100.0%)

Total basepairs processed:   137,550,761 bp
Quality-trimmed:               6,059,945 bp (4.4%)
Total written (filtered):    129,842,402 bp (94.4%)

=== Adapter 1 ===

Sequence: AGATCGGAAGAGC; Type: regular 3'; Length: 13; Trimmed: 217300 times

Minimum overlap: 1
No. of allowed errors:
1-9 bp: 0; 10-13 bp: 1

Bases preceding removed adapters:
  A: 44.7%
  C: 12.2%
  G: 7.9%
  T: 34.7%
  none/other: 0.5%

Overview of removed sequences
length	count	expect	max.err	error counts
1	128611	137002.8	0	128611
2	56809	34250.7	0	56809
3	3082	8562.7	0	3082
4	677	2140.7	0	677
5	88	535.2	0	88
6	98	133.8	0	98
7	3130	33.4	0	3130
8	125	8.4	0	125
9	490	2.1	0	489 1
10	624	0.5	1	579 45
11	69	0.1	1	61 8
12	178	0.0	1	153 25
13	53	0.0	1	48 5
14	159	0.0	1	145 14
15	84	0.0	1	74 10
16	63	0.0	1	56 7
17	236	0.0	1	218 18
18	83	0.0	1	68 15
19	241	0.0	1	217 24
20	728	0.0	1	684 44
21	188	0.0	1	172 16
22	163	0.0	1	150 13
23	198	0.0	1	175 23
24	422	0.0	1	362 60
25	129	0.0	1	103 26
26	333	0.0	1	308 25
27	310	0.0	1	277 33
28	4549	0.0	1	4375 174
29	291	0.0	1	257 34
30	563	0.0	1	517 46
31	44	0.0	1	32 12
32	216	0.0	1	176 40
33	119	0.0	1	93 26
34	151	0.0	1	129 22
35	110	0.0	1	88 22
36	241	0.0	1	196 45
37	212	0.0	1	171 41
38	267	0.0	1	222 45
39	184	0.0	1	158 26
40	313	0.0	1	283 30
41	358	0.0	1	314 44
42	370	0.0	1	330 40
43	464	0.0	1	435 29
44	428	0.0	1	396 32
45	517	0.0	1	482 35
46	423	0.0	1	394 29
47	286	0.0	1	263 23
48	195	0.0	1	181 14
49	137	0.0	1	129 8
50	92	0.0	1	84 8
51	393	0.0	1	373 20
52	67	0.0	1	62 5
53	94	0.0	1	85 9
54	183	0.0	1	177 6
55	59	0.0	1	55 4
56	125	0.0	1	109 16
57	342	0.0	1	330 12
58	127	0.0	1	126 1
59	36	0.0	1	35 1
60	105	0.0	1	98 7
61	48	0.0	1	45 3
62	28	0.0	1	27 1
63	67	0.0	1	62 5
64	27	0.0	1	25 2
65	5	0.0	1	5
66	18	0.0	1	16 2
67	10	0.0	1	9 1
68	23	0.0	1	19 4
69	15	0.0	1	12 3
70	13	0.0	1	12 1
71	4	0.0	1	4
72	17	0.0	1	15 2
73	17	0.0	1	13 4
74	28	0.0	1	24 4
75	42	0.0	1	35 7
76	81	0.0	1	73 8
77	108	0.0	1	90 18
78	190	0.0	1	169 21
79	347	0.0	1	272 75
80	714	0.0	1	638 76
81	813	0.0	1	715 98
82	647	0.0	1	545 102
83	440	0.0	1	360 80
84	323	0.0	1	260 63
85	268	0.0	1	226 42
86	190	0.0	1	163 27
87	162	0.0	1	130 32
88	111	0.0	1	91 20
89	111	0.0	1	93 18
90	71	0.0	1	55 16
91	56	0.0	1	44 12
92	58	0.0	1	47 11
93	57	0.0	1	46 11
94	52	0.0	1	42 10
95	43	0.0	1	30 13
96	44	0.0	1	32 12
97	33	0.0	1	28 5
98	19	0.0	1	15 4
99	22	0.0	1	17 5
100	22	0.0	1	17 5
101	19	0.0	1	14 5
102	23	0.0	1	16 7
103	17	0.0	1	14 3
104	21	0.0	1	16 5
105	17	0.0	1	12 5
106	27	0.0	1	23 4
107	41	0.0	1	37 4
108	34	0.0	1	29 5
109	25	0.0	1	14 11
110	30	0.0	1	23 7
111	406	0.0	1	355 51
112	67	0.0	1	60 7
113	24	0.0	1	17 7
114	27	0.0	1	14 13
115	28	0.0	1	24 4
116	24	0.0	1	13 11
117	52	0.0	1	48 4
118	12	0.0	1	8 4
119	40	0.0	1	35 5
120	15	0.0	1	10 5
121	8	0.0	1	5 3
122	13	0.0	1	9 4
123	10	0.0	1	8 2
124	12	0.0	1	10 2
125	12	0.0	1	7 5
126	7	0.0	1	5 2
127	31	0.0	1	22 9
128	16	0.0	1	12 4
129	26	0.0	1	20 6
130	14	0.0	1	8 6
131	12	0.0	1	5 7
132	9	0.0	1	9
133	15	0.0	1	7 8
134	29	0.0	1	20 9
135	12	0.0	1	8 4
136	24	0.0	1	19 5
137	12	0.0	1	8 4
138	8	0.0	1	3 5
139	3	0.0	1	0 3
140	9	0.0	1	5 4
141	5	0.0	1	3 2
142	8	0.0	1	5 3
143	10	0.0	1	8 2
144	5	0.0	1	2 3
145	6	0.0	1	3 3
146	11	0.0	1	8 3
147	19	0.0	1	13 6
148	43	0.0	1	39 4
149	27	0.0	1	20 7
150	10	0.0	1	7 3
151	6	0.0	1	4 2
152	7	0.0	1	5 2
153	2	0.0	1	1 1
154	18	0.0	1	12 6
155	20	0.0	1	17 3
156	14	0.0	1	11 3
157	7	0.0	1	6 1
158	9	0.0	1	6 3
159	3	0.0	1	0 3
160	9	0.0	1	6 3
161	2	0.0	1	1 1
162	4	0.0	1	4
163	4	0.0	1	2 2
164	2	0.0	1	1 1
165	5	0.0	1	4 1
166	3	0.0	1	2 1
167	13	0.0	1	12 1
168	14	0.0	1	9 5
169	13	0.0	1	13
170	11	0.0	1	10 1
171	6	0.0	1	5 1
172	1	0.0	1	1
173	5	0.0	1	4 1
174	11	0.0	1	10 1
175	9	0.0	1	9
176	4	0.0	1	4
177	7	0.0	1	7
178	7	0.0	1	7
179	3	0.0	1	3
180	2	0.0	1	2
181	4	0.0	1	3 1
182	8	0.0	1	7 1
183	3	0.0	1	3
184	13	0.0	1	13
185	5	0.0	1	5
186	6	0.0	1	5 1
187	14	0.0	1	14
188	25	0.0	1	24 1
189	24	0.0	1	23 1
190	22	0.0	1	22
191	10	0.0	1	9 1
192	15	0.0	1	15
193	19	0.0	1	18 1
194	10	0.0	1	9 1
195	18	0.0	1	17 1
196	7	0.0	1	7
197	17	0.0	1	16 1
198	18	0.0	1	17 1
199	9	0.0	1	9
200	13	0.0	1	13
201	16	0.0	1	16
202	17	0.0	1	16 1
203	35	0.0	1	31 4
204	17	0.0	1	17
205	40	0.0	1	40
206	35	0.0	1	35
207	43	0.0	1	43
208	40	0.0	1	37 3
209	50	0.0	1	46 4
210	38	0.0	1	36 2
211	28	0.0	1	28
212	23	0.0	1	21 2
213	23	0.0	1	22 1
214	17	0.0	1	17
215	31	0.0	1	31
216	5	0.0	1	5
217	18	0.0	1	16 2
218	1	0.0	1	1
219	2	0.0	1	2
220	2	0.0	1	2
221	4	0.0	1	4
222	2	0.0	1	2
227	1	0.0	1	1
228	2	0.0	1	2
229	1	0.0	1	1
230	1	0.0	1	1
233	1	0.0	1	1
234	2	0.0	1	2
235	2	0.0	1	2
236	2	0.0	1	2
239	1	0.0	1	0 1
241	1	0.0	1	0 1
244	1	0.0	1	1
247	1	0.0	1	0 1
248	1	0.0	1	0 1
249	1	0.0	1	0 1
250	2	0.0	1	0 2
251	161	0.0	1	0 161

RUN STATISTICS FOR INPUT FILE: SC2234/host_removal/SC2234_R2.fastq.gz
=============================================
548011 sequences processed in total

Total number of sequences analysed for the sequence pair length validation: 548011

Number of sequence pairs removed because at least one read was shorter than the length cutoff (20 bp): 2487 (0.45%)
