
SUMMARISING RUN PARAMETERS
==========================
Input filename: SC2266/host_removal/SC2266_R2.fastq.gz
Trimming mode: paired-end
Trim Galore version: 0.6.4_dev
Cutadapt version: 4.1
Python version: could not detect
Number of cores used for trimming: 2
Quality Phred score cutoff: 20
Quality encoding type selected: ASCII+33
Using Illumina adapter for trimming (count: 7371). Second best hit was Nextera (count: 0)
Adapter sequence: 'AGATCGGAAGAGC' (Illumina TruSeq, Sanger iPCR; auto-detected)
Maximum trimming error rate: 0.1 (default)
Minimum required adapter overlap (stringency): 1 bp
Minimum required sequence length for both reads before a sequence pair gets removed: 20 bp
Running FastQC on the data once trimming has completed
Output file will be GZIP compressed


This is cutadapt 4.1 with Python 3.9.13
Command line parameters: -j 2 -e 0.1 -q 20 -O 1 -a AGATCGGAAGAGC SC2266/host_removal/SC2266_R2.fastq.gz
Processing single-end reads on 2 cores ...
Finished in 12.38 s (35 µs/read; 1.69 M reads/minute).

=== Summary ===

Total reads processed:                 349,529
Reads with adapters:                   127,178 (36.4%)
Reads written (passing filters):       349,529 (100.0%)

Total basepairs processed:    87,731,779 bp
Quality-trimmed:               2,743,331 bp (3.1%)
Total written (filtered):     83,674,425 bp (95.4%)

=== Adapter 1 ===

Sequence: AGATCGGAAGAGC; Type: regular 3'; Length: 13; Trimmed: 127178 times

Minimum overlap: 1
No. of allowed errors:
1-9 bp: 0; 10-13 bp: 1

Bases preceding removed adapters:
  A: 39.0%
  C: 14.3%
  G: 11.2%
  T: 30.6%
  none/other: 4.9%

Overview of removed sequences
length	count	expect	max.err	error counts
1	85043	87382.2	0	85043
2	24825	21845.6	0	24825
3	2280	5461.4	0	2280
4	464	1365.3	0	464
5	41	341.3	0	41
6	62	85.3	0	62
7	1308	21.3	0	1308
8	31	5.3	0	31
9	50	1.3	0	49 1
10	39	0.3	1	30 9
11	17	0.1	1	12 5
12	64	0.0	1	60 4
13	11	0.0	1	9 2
14	24	0.0	1	23 1
15	20	0.0	1	16 4
16	17	0.0	1	16 1
17	32	0.0	1	28 4
18	9	0.0	1	7 2
19	25	0.0	1	22 3
20	37	0.0	1	31 6
21	14	0.0	1	13 1
22	24	0.0	1	24
23	14	0.0	1	13 1
24	183	0.0	1	175 8
25	10	0.0	1	9 1
26	23	0.0	1	17 6
27	27	0.0	1	23 4
28	42	0.0	1	38 4
29	13	0.0	1	10 3
30	52	0.0	1	43 9
31	13	0.0	1	11 2
32	39	0.0	1	29 10
33	6	0.0	1	4 2
34	26	0.0	1	22 4
35	25	0.0	1	19 6
36	89	0.0	1	80 9
37	225	0.0	1	203 22
38	82	0.0	1	69 13
39	55	0.0	1	45 10
40	109	0.0	1	68 41
41	169	0.0	1	113 56
42	385	0.0	1	204 181
43	481	0.0	1	351 130
44	523	0.0	1	360 163
45	354	0.0	1	240 114
46	262	0.0	1	186 76
47	227	0.0	1	172 55
48	144	0.0	1	120 24
49	93	0.0	1	61 32
50	86	0.0	1	57 29
51	79	0.0	1	44 35
52	73	0.0	1	36 37
53	107	0.0	1	47 60
54	124	0.0	1	99 25
55	92	0.0	1	40 52
56	168	0.0	1	62 106
57	250	0.0	1	206 44
58	89	0.0	1	70 19
59	73	0.0	1	29 44
60	70	0.0	1	60 10
61	27	0.0	1	14 13
62	24	0.0	1	11 13
63	27	0.0	1	22 5
64	24	0.0	1	17 7
65	9	0.0	1	5 4
66	9	0.0	1	8 1
67	4	0.0	1	3 1
68	6	0.0	1	3 3
69	8	0.0	1	6 2
70	6	0.0	1	5 1
71	11	0.0	1	5 6
72	11	0.0	1	6 5
73	16	0.0	1	10 6
74	17	0.0	1	9 8
75	45	0.0	1	19 26
76	67	0.0	1	21 46
77	130	0.0	1	45 85
78	218	0.0	1	76 142
79	428	0.0	1	121 307
80	592	0.0	1	227 365
81	628	0.0	1	226 402
82	598	0.0	1	205 393
83	440	0.0	1	190 250
84	359	0.0	1	144 215
85	269	0.0	1	106 163
86	189	0.0	1	69 120
87	143	0.0	1	59 84
88	111	0.0	1	47 64
89	103	0.0	1	42 61
90	77	0.0	1	29 48
91	67	0.0	1	25 42
92	66	0.0	1	24 42
93	57	0.0	1	27 30
94	258	0.0	1	218 40
95	56	0.0	1	31 25
96	50	0.0	1	25 25
97	32	0.0	1	15 17
98	35	0.0	1	22 13
99	34	0.0	1	15 19
100	25	0.0	1	9 16
101	26	0.0	1	11 15
102	14	0.0	1	7 7
103	32	0.0	1	9 23
104	18	0.0	1	9 9
105	23	0.0	1	9 14
106	17	0.0	1	7 10
107	18	0.0	1	4 14
108	22	0.0	1	6 16
109	25	0.0	1	12 13
110	18	0.0	1	3 15
111	15	0.0	1	7 8
112	16	0.0	1	5 11
113	18	0.0	1	10 8
114	20	0.0	1	7 13
115	26	0.0	1	7 19
116	16	0.0	1	4 12
117	22	0.0	1	7 15
118	23	0.0	1	6 17
119	8	0.0	1	3 5
120	12	0.0	1	1 11
121	23	0.0	1	2 21
122	13	0.0	1	1 12
123	20	0.0	1	4 16
124	18	0.0	1	6 12
125	20	0.0	1	5 15
126	13	0.0	1	6 7
127	16	0.0	1	4 12
128	10	0.0	1	3 7
129	11	0.0	1	3 8
130	9	0.0	1	1 8
131	16	0.0	1	4 12
132	12	0.0	1	2 10
133	9	0.0	1	4 5
134	16	0.0	1	4 12
135	12	0.0	1	4 8
136	22	0.0	1	7 15
137	12	0.0	1	0 12
138	11	0.0	1	4 7
139	15	0.0	1	2 13
140	14	0.0	1	4 10
141	13	0.0	1	1 12
142	9	0.0	1	1 8
143	7	0.0	1	1 6
144	11	0.0	1	0 11
145	13	0.0	1	1 12
146	13	0.0	1	3 10
147	8	0.0	1	4 4
148	8	0.0	1	1 7
149	13	0.0	1	6 7
150	12	0.0	1	0 12
151	15	0.0	1	5 10
152	3	0.0	1	1 2
153	15	0.0	1	5 10
154	15	0.0	1	3 12
155	15	0.0	1	5 10
156	12	0.0	1	7 5
157	11	0.0	1	3 8
158	15	0.0	1	7 8
159	13	0.0	1	5 8
160	15	0.0	1	8 7
161	18	0.0	1	3 15
162	11	0.0	1	3 8
163	11	0.0	1	2 9
164	13	0.0	1	8 5
165	4	0.0	1	2 2
166	13	0.0	1	3 10
167	8	0.0	1	6 2
168	16	0.0	1	8 8
169	10	0.0	1	4 6
170	4	0.0	1	4
171	7	0.0	1	4 3
172	8	0.0	1	3 5
173	6	0.0	1	2 4
174	8	0.0	1	6 2
175	9	0.0	1	4 5
176	7	0.0	1	5 2
177	8	0.0	1	3 5
178	15	0.0	1	6 9
179	4	0.0	1	2 2
180	3	0.0	1	2 1
181	10	0.0	1	6 4
182	6	0.0	1	2 4
183	2	0.0	1	1 1
184	5	0.0	1	3 2
185	3	0.0	1	3
186	2	0.0	1	1 1
187	10	0.0	1	8 2
188	9	0.0	1	9
189	9	0.0	1	8 1
190	13	0.0	1	12 1
191	6	0.0	1	6
192	14	0.0	1	12 2
193	8	0.0	1	6 2
194	7	0.0	1	7
195	10	0.0	1	8 2
196	13	0.0	1	13
197	10	0.0	1	9 1
198	15	0.0	1	14 1
199	4	0.0	1	4
200	13	0.0	1	10 3
201	16	0.0	1	14 2
202	17	0.0	1	16 1
203	29	0.0	1	29
204	10	0.0	1	10
205	15	0.0	1	14 1
206	12	0.0	1	11 1
207	19	0.0	1	18 1
208	12	0.0	1	12
209	24	0.0	1	21 3
210	18	0.0	1	15 3
211	6	0.0	1	6
212	10	0.0	1	8 2
213	9	0.0	1	6 3
214	7	0.0	1	6 1
215	13	0.0	1	12 1
216	4	0.0	1	4
217	4	0.0	1	4
218	4	0.0	1	3 1
219	1	0.0	1	0 1
220	1	0.0	1	0 1
221	2	0.0	1	2
222	2	0.0	1	2
223	2	0.0	1	2
224	1	0.0	1	1
225	1	0.0	1	1
226	1	0.0	1	0 1
230	2	0.0	1	2
231	1	0.0	1	1
233	1	0.0	1	1
234	2	0.0	1	2
236	1	0.0	1	1
238	1	0.0	1	0 1
240	1	0.0	1	0 1
242	2	0.0	1	2
243	1	0.0	1	0 1
244	1	0.0	1	1
245	3	0.0	1	0 3
247	3	0.0	1	0 3
248	8	0.0	1	0 8
249	7	0.0	1	0 7
250	37	0.0	1	0 37
251	1003	0.0	1	0 1003

RUN STATISTICS FOR INPUT FILE: SC2266/host_removal/SC2266_R2.fastq.gz
=============================================
349529 sequences processed in total

Total number of sequences analysed for the sequence pair length validation: 349529

Number of sequence pairs removed because at least one read was shorter than the length cutoff (20 bp): 7893 (2.26%)
