quality	AA	AC	AG	AT	A.	CA	CC	CG	CT	C.	GA	GC	GG	GT	G.	TA	TC	TG	TT	T.	.A	.C	.G	.T	..
0	NA	NA	NA	NA	NA	NA	NA	NA	NA	NA	NA	NA	NA	NA	NA	NA	NA	NA	NA	NA	NA	NA	NA	NA	NA
1	NA	NA	NA	NA	NA	NA	NA	NA	NA	NA	NA	NA	NA	NA	NA	NA	NA	NA	NA	NA	NA	NA	NA	NA	NA
2	NA	NA	NA	NA	NA	NA	NA	NA	NA	NA	NA	NA	NA	NA	NA	NA	NA	NA	NA	NA	NA	NA	NA	NA	NA
3	NA	NA	NA	NA	NA	NA	NA	NA	NA	NA	NA	NA	NA	NA	NA	NA	NA	NA	NA	NA	NA	NA	NA	NA	NA
4	NA	NA	NA	NA	NA	NA	NA	NA	NA	NA	NA	NA	NA	NA	NA	NA	NA	NA	NA	NA	NA	NA	NA	NA	NA
5	NA	NA	NA	NA	NA	NA	NA	NA	NA	NA	NA	NA	NA	NA	NA	NA	NA	NA	NA	NA	NA	NA	NA	NA	NA
6	NA	NA	NA	NA	NA	NA	NA	NA	NA	NA	NA	NA	NA	NA	NA	NA	NA	NA	NA	NA	NA	NA	NA	NA	NA
7	NA	NA	NA	NA	NA	NA	NA	NA	NA	NA	NA	NA	NA	NA	NA	NA	NA	NA	NA	NA	NA	NA	NA	NA	NA
8	NA	NA	NA	NA	NA	NA	NA	NA	NA	NA	NA	NA	NA	NA	NA	NA	NA	NA	NA	NA	NA	NA	NA	NA	NA
9	NA	NA	NA	NA	NA	NA	NA	NA	NA	NA	NA	NA	NA	NA	NA	NA	NA	NA	NA	NA	NA	NA	NA	NA	NA
10	1	NA	NA	NA	NA	0.0181818	0.963636	NA	0.0181818	NA	0.0078125	0.0078125	0.953125	0.03125	NA	0.037037	NA	0.037037	0.925926	NA	NA	NA	NA	NA	1
11	0.974398	0.0127062	0.00405841	0.00868576	0.000151716	0.0625248	0.91401	0.00574257	0.0175743	0.000148515	0.0217966	0.00497161	0.92192	0.0512599	5.23327e-05	0.0194901	0.00907085	0.0199804	0.951459	NA	4.30515e-05	3.22886e-05	1.07629e-05	9.68659e-05	0.999817
12	0.973114	0.0147005	0.00471749	0.00741473	5.37299e-05	0.0489091	0.932851	0.00488222	0.013169	0.000188335	0.0112948	0.0040543	0.950055	0.0343923	0.000203177	0.0107579	0.00493781	0.0208612	0.963258	0.00018499	5.28804e-05	2.05646e-05	2.05646e-05	5.8756e-05	0.999847
13	0.968633	0.0169959	0.00567462	0.00856943	0.000127415	0.0349233	0.951364	0.00412002	0.00945909	0.000133295	0.00760581	0.00338192	0.968322	0.020576	0.000114285	0.0113859	0.00719137	0.0209945	0.960283	0.000144891	3.79424e-05	2.51307e-05	2.06958e-05	3.59713e-05	0.99988
14	0.966859	0.0176973	0.0058123	0.00946369	0.000167605	0.0324178	0.952095	0.00418527	0.0111577	0.00014432	0.0139302	0.00556629	0.949183	0.0311505	0.000169679	0.0138359	0.0098703	0.0185605	0.957527	0.000206625	5.24442e-05	3.14665e-05	3.71877e-05	6.00725e-05	0.999819
15	0.96764	0.0148869	0.00644368	0.0109035	0.000125628	0.0288861	0.952425	0.00509213	0.0135175	7.90498e-05	0.0147532	0.00659755	0.950695	0.0278503	0.000103512	0.0139803	0.00948952	0.0206035	0.955776	0.000150528	7.53389e-05	1.69128e-05	2.30629e-05	4.92009e-05	0.999835
16	0.965224	0.0147106	0.00743719	0.0125122	0.000116494	0.0253764	0.955426	0.00504932	0.0140478	0.000100511	0.0131409	0.00580139	0.953349	0.0276139	9.48993e-05	0.0194042	0.0122616	0.0284533	0.939725	0.000155663	5.85727e-05	3.52178e-05	2.85449e-05	4.85634e-05	0.999829
17	NA	NA	NA	NA	NA	NA	NA	NA	NA	NA	NA	NA	NA	NA	NA	NA	NA	NA	NA	NA	NA	NA	NA	NA	NA
18	1	NA	NA	NA	NA	NA	1	NA	NA	NA	NA	NA	1	NA	NA	NA	NA	NA	1	NA	NA	NA	NA	NA	1
19	1	NA	NA	NA	NA	0.0172414	0.982759	NA	NA	NA	NA	NA	1	NA	NA	NA	0.0151515	0.0151515	0.969697	NA	NA	NA	NA	NA	1
20	0.997444	0.00140575	0.000383387	0.000638978	0.000127796	0.00835189	0.990349	0.000371195	0.000927988	NA	0.00161414	0.000509727	0.993034	0.00484241	NA	0.000735971	0.000735971	0.00275989	0.995768	NA	NA	NA	NA	NA	1
21	0.997072	0.00171766	0.000566047	0.000595325	4.87972e-05	0.00388321	0.99511	0.000278319	0.000675917	5.30131e-05	0.000773297	0.000316925	0.997034	0.00186352	1.2677e-05	0.00060434	0.000470823	0.00196059	0.996957	7.02721e-06	1.75571e-05	1.75571e-05	1.25408e-05	5.01632e-06	0.999947
22	0.996589	0.0020029	0.000711176	0.000638607	5.80552e-05	0.004478	0.993881	0.000351675	0.00128948	NA	0.00101068	0.000356711	0.995858	0.00269515	7.92691e-05	0.00103611	0.00131997	0.00360509	0.993982	5.6773e-05	8.609e-06	4.3045e-06	8.609e-06	2.15225e-05	0.999957
23	0.997236	0.00127127	0.00102649	0.000418493	4.73765e-05	0.0029642	0.99564	0.000206006	0.00116737	2.28896e-05	0.000592638	0.00025242	0.997454	0.00163524	6.58487e-05	0.000420009	0.000669889	0.00139294	0.997464	5.31658e-05	2.63788e-05	1.01457e-05	1.4204e-05	1.62331e-05	0.999933
24	0.998213	0.000746437	0.00065596	0.00033929	4.52386e-05	0.00255345	0.995465	0.000457335	0.00152445	NA	0.000637444	0.000149987	0.997375	0.00179984	3.74967e-05	0.000310569	0.000457681	0.00111151	0.998022	9.80745e-05	1.26416e-05	1.89624e-05	1.26416e-05	3.79248e-05	0.999918
25	0.997216	0.00092816	0.00150362	0.000315575	3.71264e-05	0.00296961	0.995767	0.000221141	0.00104252	NA	0.0010622	0.000472088	0.996577	0.00185885	2.95055e-05	0.000430231	0.00203643	0.00220852	0.995282	4.30231e-05	4.23175e-05	2.64484e-05	1.58691e-05	4.23175e-05	0.999873
26	0.996485	0.00109485	0.00207445	0.000345742	NA	0.00204233	0.996472	0.0002785	0.00120683	NA	0.00028393	0.000378573	0.997634	0.00170358	NA	0.000392711	0.00196356	0.000628338	0.996898	0.000117813	1.5596e-05	NA	3.1192e-05	3.1192e-05	0.999922
27	0.996325	0.00141573	0.00139628	0.000788224	7.47277e-05	0.00262035	0.995287	0.000560063	0.00150864	2.35462e-05	0.00164095	0.00061139	0.994424	0.0032992	2.45133e-05	0.000926059	0.000903078	0.00422514	0.993851	9.44785e-05	3.56686e-05	1.6213e-05	1.50339e-05	2.65303e-05	0.999907
28	0.998801	0.00042334	0.000470378	0.000282227	2.35189e-05	0.000809238	0.996851	0.000196842	0.00212152	2.18713e-05	0.00163066	0.000308836	0.996566	0.00149477	NA	0.000476213	0.00480975	0.000333349	0.994285	9.52426e-05	1.57867e-05	1.57867e-05	5.26224e-06	3.15735e-05	0.999932
29	0.999885	NA	NA	NA	0.000115181	0.00037594	0.99906	NA	0.00056391	NA	0.000953429	NA	0.99868	0.000366703	NA	NA	0.00059312	0.00029656	0.99911	NA	NA	NA	NA	NA	1
30	0.998123	0.000519306	0.000954794	0.000357137	4.55531e-05	0.000511753	0.998075	0.000273597	0.00113408	5.6704e-06	0.000950178	0.000201879	0.997991	0.000847892	9.42102e-06	0.000402952	0.00107321	0.000792605	0.997673	5.85145e-05	2.09882e-05	8.51694e-06	6.08353e-06	1.58172e-05	0.999949
31	0.998437	0.000477343	0.00085283	0.00020026	3.28011e-05	0.000492575	0.998401	0.000242932	0.000846907	1.6106e-05	0.000670989	0.000123737	0.998608	0.000589347	7.65386e-06	0.000226471	0.000776064	0.000740056	0.998219	3.88506e-05	1.90765e-05	6.268e-06	6.54052e-06	1.00833e-05	0.999958
32	0.999215	0.00023604	0.000446331	8.58329e-05	1.71666e-05	0.000204322	0.999492	2.91889e-05	0.000274376	NA	0.000345826	6.79302e-05	0.999407	0.000154387	2.47019e-05	8.3796e-05	0.000466343	0.000200382	0.999224	2.55031e-05	4.98905e-06	1.24726e-06	1.24726e-06	8.73084e-06	0.999984
33	0.999288	0.000212767	0.000408094	8.02235e-05	1.04639e-05	0.000375819	0.999359	3.00655e-05	0.000235513	NA	0.000265268	4.91236e-05	0.999499	0.000181757	4.91236e-06	4.86167e-05	0.000472663	0.000197168	0.999268	1.35046e-05	1.32111e-05	3.04872e-06	2.03248e-06	3.04872e-06	0.999979
34	0.998422	0.000410051	0.000940008	0.000162056	6.54772e-05	0.000232618	0.998789	0.000220168	0.000752896	5.24209e-06	0.000623454	0.000106529	0.9989	0.00035917	1.10603e-05	0.000169649	0.000753187	0.000699518	0.998317	6.09463e-05	1.88221e-05	6.86753e-06	3.56094e-06	1.50068e-05	0.999956
35	0.998922	0.000321059	0.000646973	6.25124e-05	4.73395e-05	0.000272201	0.999363	7.13697e-05	0.000290458	3.31952e-06	0.000324543	4.8603e-05	0.999461	0.000161487	3.9196e-06	7.22986e-05	0.000411021	0.000626778	0.998825	6.4898e-05	1.10868e-05	3.3824e-06	2.44284e-06	1.33417e-05	0.99997
36	0.998771	0.000271045	0.000792418	0.000118546	4.69005e-05	0.000100996	0.999	0.000185006	0.000707888	6.427e-06	0.000513238	6.42083e-05	0.999249	0.000161805	1.15575e-05	0.000102846	0.000832145	0.000358117	0.998659	4.75703e-05	1.7681e-05	5.01266e-06	3.37215e-06	1.36709e-05	0.99996
37	0.9985	0.000229577	0.00113031	9.42238e-05	4.63641e-05	9.82639e-05	0.999082	0.000216181	0.000592859	1.11366e-05	0.00042318	4.68753e-05	0.999408	0.000113933	7.81256e-06	7.22545e-05	0.000619016	0.000373495	0.998881	5.46402e-05	1.86693e-05	4.81408e-06	4.81408e-06	1.33855e-05	0.999958
38	0.99859	0.000271579	0.0010122	7.81351e-05	4.75914e-05	5.74759e-05	0.999101	0.000188034	0.000643273	9.89651e-06	0.000393134	3.5808e-05	0.999475	8.21699e-05	1.35693e-05	7.20967e-05	0.000741773	0.000303871	0.998823	5.95161e-05	1.61363e-05	5.57435e-06	5.28096e-06	1.58429e-05	0.999957
39	0.99878	0.000280714	0.000805034	8.0956e-05	5.32689e-05	4.18837e-05	0.999104	0.00019765	0.000646429	1.01248e-05	0.000448316	2.82092e-05	0.999469	4.47979e-05	1.00206e-05	5.75467e-05	0.000677806	0.0002216	0.998988	5.54377e-05	1.74397e-05	5.58329e-06	4.81318e-06	1.5723e-05	0.999956
40	0.998978	0.000315496	0.000562533	8.48824e-05	5.89916e-05	2.66663e-05	0.999016	0.000172275	0.0007711	1.38887e-05	0.000421699	2.58132e-05	0.999514	2.55007e-05	1.26253e-05	5.3084e-05	0.000660342	0.00019549	0.999039	5.21521e-05	2.14144e-05	7.2986e-06	5.17171e-06	1.67801e-05	0.999949
