quality	AA	AC	AG	AT	A.	CA	CC	CG	CT	C.	GA	GC	GG	GT	G.	TA	TC	TG	TT	T.	.A	.C	.G	.T	..
0	NA	NA	NA	NA	NA	NA	NA	NA	NA	NA	NA	NA	NA	NA	NA	NA	NA	NA	NA	NA	NA	NA	NA	NA	NA
1	NA	NA	NA	NA	NA	NA	NA	NA	NA	NA	NA	NA	NA	NA	NA	NA	NA	NA	NA	NA	NA	NA	NA	NA	NA
2	NA	NA	NA	NA	NA	NA	NA	NA	NA	NA	NA	NA	NA	NA	NA	NA	NA	NA	NA	NA	NA	NA	NA	NA	NA
3	NA	NA	NA	NA	NA	NA	NA	NA	NA	NA	NA	NA	NA	NA	NA	NA	NA	NA	NA	NA	NA	NA	NA	NA	NA
4	NA	NA	NA	NA	NA	NA	NA	NA	NA	NA	NA	NA	NA	NA	NA	NA	NA	NA	NA	NA	NA	NA	NA	NA	NA
5	NA	NA	NA	NA	NA	NA	NA	NA	NA	NA	NA	NA	NA	NA	NA	NA	NA	NA	NA	NA	NA	NA	NA	NA	NA
6	NA	NA	NA	NA	NA	NA	NA	NA	NA	NA	NA	NA	NA	NA	NA	NA	NA	NA	NA	NA	NA	NA	NA	NA	NA
7	NA	NA	NA	NA	NA	NA	NA	NA	NA	NA	NA	NA	NA	NA	NA	NA	NA	NA	NA	NA	NA	NA	NA	NA	NA
8	NA	NA	NA	NA	NA	NA	NA	NA	NA	NA	NA	NA	NA	NA	NA	NA	NA	NA	NA	NA	NA	NA	NA	NA	NA
9	NA	NA	NA	NA	NA	NA	NA	NA	NA	NA	NA	NA	NA	NA	NA	NA	NA	NA	NA	NA	NA	NA	NA	NA	NA
10	NA	NA	NA	NA	NA	NA	NA	NA	NA	NA	NA	NA	NA	NA	NA	NA	NA	NA	NA	NA	NA	NA	NA	NA	NA
11	0.97622	0.00995181	0.0035617	0.0100566	0.000209512	0.0498783	0.929305	0.00391998	0.0167613	0.000135172	0.0209583	0.00882454	0.935608	0.034264	0.000344709	0.0247059	0.0121569	0.027451	0.935686	NA	5.88651e-05	5.88651e-05	NA	2.94325e-05	0.999853
12	0.971838	0.0136624	0.00588365	0.00843984	0.000176289	0.0377102	0.943642	0.00508319	0.0135059	5.91069e-05	0.013081	0.00584433	0.950065	0.030889	0.000120325	0.0138657	0.00861733	0.0251073	0.952303	0.000106387	6.04248e-05	4.22974e-05	1.81274e-05	4.83398e-05	0.999831
13	0.964959	0.01619	0.00728155	0.0114421	0.00012779	0.0292063	0.954458	0.00504209	0.0111935	0.000100174	0.00933111	0.00449974	0.964644	0.02142	0.000104726	0.0156196	0.0103359	0.0241853	0.949684	0.000175234	4.31109e-05	2.77142e-05	2.61745e-05	4.77299e-05	0.999855
14	0.961865	0.016935	0.00775073	0.0132221	0.000227046	0.0287202	0.952816	0.00457711	0.0136367	0.000250152	0.0173306	0.00691854	0.943331	0.0322512	0.000168137	0.0187121	0.013457	0.0214518	0.946103	0.000276278	8.35187e-05	4.67138e-05	4.10515e-05	7.36097e-05	0.999755
15	0.978207	0.00768317	0.00500539	0.00891907	0.000185385	0.0127217	0.975762	0.0024517	0.00889641	0.000167706	0.0136686	0.00563463	0.955991	0.0245741	0.000131578	0.0270108	0.0176945	0.0247344	0.930328	0.000231852	5.34584e-05	4.49051e-05	4.06284e-05	5.98735e-05	0.999801
16	0.966053	0.0112675	0.00861859	0.0139164	0.000144486	0.0179229	0.960845	0.00526262	0.0158353	0.000134432	0.0160441	0.00719756	0.952833	0.0238062	0.000118845	0.0183338	0.0128089	0.0187774	0.949802	0.000278387	8.70588e-05	5.46096e-05	4.51123e-05	9.33903e-05	0.99972
17	NA	NA	NA	NA	NA	NA	NA	NA	NA	NA	NA	NA	NA	NA	NA	NA	NA	NA	NA	NA	NA	NA	NA	NA	NA
18	NA	NA	NA	NA	NA	NA	NA	NA	NA	NA	NA	NA	NA	NA	NA	NA	NA	NA	NA	NA	NA	NA	NA	NA	NA
19	NA	NA	NA	NA	NA	NA	NA	NA	NA	NA	NA	NA	NA	NA	NA	NA	NA	NA	NA	NA	NA	NA	NA	NA	NA
20	0.996758	0.0023578	NA	0.000589449	0.000294724	0.00509122	0.993212	0.000424268	0.0012728	NA	0.00122506	0.000175009	0.99615	0.00245012	NA	0.0017414	0.00043535	0.00522421	0.992599	NA	NA	NA	NA	NA	1
21	0.997036	0.00150162	0.000553228	0.000869359	3.95163e-05	0.00265867	0.996194	0.000364916	0.000781963	NA	0.00109237	0.000279443	0.996062	0.0025658	NA	0.00100326	0.000438045	0.00223262	0.996298	2.8261e-05	1.0056e-05	5.02798e-06	5.02798e-06	1.0056e-05	0.99997
22	0.996253	0.00181565	0.00106235	0.000753303	0.000115893	0.00380947	0.994301	0.000609515	0.0012495	3.04757e-05	0.00143379	0.000599583	0.994734	0.0031804	5.21376e-05	0.00179144	0.00096172	0.00363945	0.993513	9.42863e-05	2.84362e-05	NA	5.68725e-06	2.2749e-05	0.999943
23	0.996656	0.00142072	0.00116927	0.000678929	7.54366e-05	0.00201732	0.996391	0.000592242	0.0009809	1.85076e-05	0.000912768	0.000519025	0.995937	0.00261302	1.78974e-05	0.00137388	0.000766203	0.00198156	0.995826	5.28416e-05	3.30382e-05	9.91146e-06	3.30382e-06	3.96458e-05	0.999914
24	0.997475	0.00105718	0.000851614	0.00058732	2.9366e-05	0.0024965	0.995856	0.000798882	0.000848812	NA	0.000916811	0.000579039	0.996188	0.00231616	NA	0.000752219	0.000537299	0.00131101	0.997335	6.44759e-05	1.64923e-05	NA	8.24613e-06	1.64923e-05	0.999959
25	0.996323	0.000990688	0.00173921	0.000836581	0.000110076	0.00181495	0.996148	0.000629676	0.00140751	NA	0.00187141	0.00083545	0.994252	0.00304104	NA	0.00083135	0.00148339	0.00257556	0.995077	3.2602e-05	4.27813e-05	1.83348e-05	NA	7.94509e-05	0.999859
26	0.99649	0.000877552	0.0016966	0.000819049	0.000117007	0.00152175	0.997061	0.000419793	0.000997009	NA	0.00163988	0.000819941	0.994971	0.00256915	NA	0.000450598	0.000655415	0.00133131	0.997522	4.09635e-05	1.66293e-05	4.15731e-05	2.49439e-05	6.6517e-05	0.99985
27	0.996588	0.000979289	0.0011758	0.00118554	7.14572e-05	0.00129554	0.996633	0.000537051	0.00149916	3.56337e-05	0.00238458	0.00113864	0.991865	0.00458522	2.62763e-05	0.00109643	0.00130601	0.00343497	0.994072	9.07303e-05	3.33978e-05	1.97565e-05	1.59933e-05	3.4809e-05	0.999896
28	0.997484	0.000333062	0.0015913	0.000555103	3.70069e-05	0.000466401	0.996771	7.1754e-05	0.00269078	NA	0.00305657	0.000715778	0.994545	0.00162501	5.80361e-05	0.000552105	0.00628019	0.000483092	0.992616	6.90131e-05	3.30636e-05	8.2659e-06	8.2659e-06	4.95954e-05	0.999901
29	0.999631	NA	NA	NA	0.000368732	0.000555864	0.999444	NA	NA	NA	0.000774443	NA	0.999032	0.000193611	NA	NA	NA	0.000938967	0.999061	NA	NA	NA	NA	NA	1
30	0.997631	0.000553377	0.00112604	0.000654261	3.5606e-05	0.000332318	0.998243	0.000300452	0.00111759	6.82846e-06	0.00128208	0.000395119	0.997514	0.000796413	1.23475e-05	0.000664946	0.00129282	0.000857247	0.997134	5.09715e-05	1.72689e-05	3.94718e-06	4.44058e-06	2.61501e-05	0.999948
31	0.998491	0.000263634	0.000890554	0.000305261	4.91949e-05	0.000168721	0.998696	0.000214735	0.000908791	1.15037e-05	0.000868178	0.000159498	0.998371	0.000592681	9.0624e-06	0.000300908	0.000979428	0.000783247	0.997889	4.72013e-05	1.9976e-05	7.99039e-06	4.39471e-06	2.03755e-05	0.999947
32	0.99918	0.000107263	0.000580482	0.000100953	3.15479e-05	8.72486e-05	0.999651	3.48994e-05	0.000226846	NA	0.000351599	7.03198e-05	0.999218	0.000360389	NA	0.00013726	0.000188732	0.000245924	0.999399	2.85958e-05	1.26596e-05	NA	3.61702e-06	2.35106e-05	0.99996
33	0.99937	0.000114904	0.000450424	5.05577e-05	1.37885e-05	8.0133e-05	0.999626	1.33555e-05	0.00026711	1.33555e-05	0.000183142	3.27039e-05	0.999437	0.000346661	NA	5.83891e-05	0.00019921	0.000473982	0.999251	1.71733e-05	3.89828e-06	NA	5.1977e-06	2.07908e-05	0.99997
34	0.998448	0.000350211	0.000921995	0.000203725	7.57046e-05	0.000114512	0.998865	0.000200395	0.000810466	9.87169e-06	0.000823931	0.000177845	0.998659	0.000328198	1.1169e-05	0.000204684	0.000873503	0.000573664	0.998286	6.22953e-05	2.34009e-05	8.75157e-06	4.37578e-06	2.20692e-05	0.999941
35	0.999345	0.000191068	0.000376165	5.22452e-05	3.58253e-05	3.16769e-05	0.999672	6.43436e-05	0.000226688	4.94951e-06	0.000383695	6.5033e-05	0.999337	0.000210273	4.33554e-06	5.64063e-05	0.000463785	0.000556403	0.998875	4.80498e-05	1.2217e-05	2.93209e-06	3.90946e-06	9.5293e-06	0.999971
36	0.998796	0.000212318	0.000799267	0.000142471	5.04006e-05	6.02587e-05	0.999094	0.000155404	0.000682509	7.61162e-06	0.000519852	8.38657e-05	0.99924	0.000145329	1.0914e-05	0.000130772	0.000876222	0.000346051	0.998586	6.13733e-05	2.03693e-05	7.29272e-06	5.65815e-06	1.92377e-05	0.999947
37	0.998683	0.000191237	0.000987211	9.61271e-05	4.27232e-05	5.56015e-05	0.999158	0.000217922	0.000564983	3.5872e-06	0.000434242	7.20806e-05	0.999393	9.66935e-05	4.39516e-06	9.31549e-05	0.00070427	0.000365304	0.998774	6.34038e-05	1.88278e-05	6.54188e-06	3.66983e-06	1.89874e-05	0.999952
38	0.998711	0.000203255	0.000939273	9.84938e-05	4.77546e-05	3.87678e-05	0.999188	0.00016234	0.000601385	9.69195e-06	0.000412362	6.30451e-05	0.999442	7.42531e-05	8.40601e-06	7.17505e-05	0.000789256	0.000308558	0.998767	6.31281e-05	1.93523e-05	8.14833e-06	6.48163e-06	1.86115e-05	0.999947
39	0.998716	0.000232739	0.000924329	7.27047e-05	5.40212e-05	2.93248e-05	0.999136	0.000219786	0.00060441	1.0709e-05	0.000397145	3.74164e-05	0.999512	4.48237e-05	8.16702e-06	5.6335e-05	0.00072687	0.000240824	0.998912	6.36483e-05	2.18764e-05	7.66953e-06	4.93041e-06	1.95938e-05	0.999946
40	0.998948	0.00032047	0.000589091	8.38478e-05	5.83715e-05	2.32884e-05	0.999061	0.000171811	0.000733177	1.02932e-05	0.000398888	3.35548e-05	0.999528	2.81352e-05	1.16405e-05	4.75402e-05	0.000605297	0.000221669	0.999072	5.3903e-05	2.63738e-05	9.86976e-06	5.92013e-06	2.11163e-05	0.999937
