
SUMMARISING RUN PARAMETERS
==========================
Input filename: SC2256/host_removal/SC2256_R2.fastq.gz
Trimming mode: paired-end
Trim Galore version: 0.6.4_dev
Cutadapt version: 4.1
Python version: could not detect
Number of cores used for trimming: 2
Quality Phred score cutoff: 20
Quality encoding type selected: ASCII+33
Using Illumina adapter for trimming (count: 31223). Second best hit was Nextera (count: 1)
Adapter sequence: 'AGATCGGAAGAGC' (Illumina TruSeq, Sanger iPCR; auto-detected)
Maximum trimming error rate: 0.1 (default)
Minimum required adapter overlap (stringency): 1 bp
Minimum required sequence length for both reads before a sequence pair gets removed: 20 bp
Running FastQC on the data once trimming has completed
Output file will be GZIP compressed


This is cutadapt 4.1 with Python 3.9.13
Command line parameters: -j 2 -e 0.1 -q 20 -O 1 -a AGATCGGAAGAGC SC2256/host_removal/SC2256_R2.fastq.gz
Processing single-end reads on 2 cores ...
Finished in 20.57 s (34 µs/read; 1.78 M reads/minute).

=== Summary ===

Total reads processed:                 608,953
Reads with adapters:                   243,997 (40.1%)
Reads written (passing filters):       608,953 (100.0%)

Total basepairs processed:   152,847,203 bp
Quality-trimmed:               6,045,452 bp (4.0%)
Total written (filtered):    144,807,943 bp (94.7%)

=== Adapter 1 ===

Sequence: AGATCGGAAGAGC; Type: regular 3'; Length: 13; Trimmed: 243997 times

Minimum overlap: 1
No. of allowed errors:
1-9 bp: 0; 10-13 bp: 1

Bases preceding removed adapters:
  A: 41.0%
  C: 11.0%
  G: 9.7%
  T: 37.7%
  none/other: 0.7%

Overview of removed sequences
length	count	expect	max.err	error counts
1	148313	152238.2	0	148313
2	52306	38059.6	0	52306
3	3029	9514.9	0	3029
4	823	2378.7	0	823
5	174	594.7	0	174
6	250	148.7	0	250
7	5361	37.2	0	5361
8	460	9.3	0	460
9	1675	2.3	0	1674 1
10	315	0.6	1	279 36
11	62	0.1	1	47 15
12	151	0.0	1	129 22
13	56	0.0	1	45 11
14	112	0.0	1	92 20
15	54	0.0	1	48 6
16	61	0.0	1	53 8
17	192	0.0	1	172 20
18	62	0.0	1	54 8
19	169	0.0	1	158 11
20	463	0.0	1	439 24
21	131	0.0	1	120 11
22	107	0.0	1	90 17
23	168	0.0	1	143 25
24	580	0.0	1	527 53
25	142	0.0	1	115 27
26	389	0.0	1	351 38
27	348	0.0	1	311 37
28	3616	0.0	1	3473 143
29	371	0.0	1	339 32
30	732	0.0	1	682 50
31	152	0.0	1	133 19
32	612	0.0	1	555 57
33	289	0.0	1	265 24
34	1490	0.0	1	1427 63
35	456	0.0	1	428 28
36	3334	0.0	1	3237 97
37	2588	0.0	1	2480 108
38	925	0.0	1	853 72
39	346	0.0	1	311 35
40	312	0.0	1	285 27
41	219	0.0	1	194 25
42	517	0.0	1	454 63
43	838	0.0	1	772 66
44	850	0.0	1	775 75
45	694	0.0	1	653 41
46	311	0.0	1	288 23
47	397	0.0	1	372 25
48	259	0.0	1	241 18
49	140	0.0	1	123 17
50	63	0.0	1	56 7
51	84	0.0	1	73 11
52	80	0.0	1	73 7
53	92	0.0	1	82 10
54	179	0.0	1	162 17
55	67	0.0	1	53 14
56	154	0.0	1	121 33
57	320	0.0	1	312 8
58	148	0.0	1	141 7
59	34	0.0	1	28 6
60	84	0.0	1	76 8
61	21	0.0	1	16 5
62	8	0.0	1	7 1
63	25	0.0	1	23 2
64	15	0.0	1	11 4
65	5	0.0	1	4 1
66	12	0.0	1	9 3
67	2	0.0	1	1 1
68	7	0.0	1	4 3
69	8	0.0	1	4 4
70	7	0.0	1	6 1
71	9	0.0	1	9
72	5	0.0	1	5
73	14	0.0	1	12 2
74	19	0.0	1	13 6
75	28	0.0	1	18 10
76	28	0.0	1	23 5
77	58	0.0	1	42 16
78	106	0.0	1	87 19
79	183	0.0	1	139 44
80	318	0.0	1	244 74
81	463	0.0	1	370 93
82	538	0.0	1	420 118
83	475	0.0	1	387 88
84	413	0.0	1	313 100
85	313	0.0	1	258 55
86	240	0.0	1	188 52
87	196	0.0	1	152 44
88	157	0.0	1	120 37
89	127	0.0	1	100 27
90	105	0.0	1	83 22
91	79	0.0	1	68 11
92	74	0.0	1	53 21
93	67	0.0	1	49 18
94	223	0.0	1	209 14
95	67	0.0	1	54 13
96	53	0.0	1	44 9
97	44	0.0	1	30 14
98	37	0.0	1	24 13
99	34	0.0	1	27 7
100	26	0.0	1	23 3
101	30	0.0	1	21 9
102	20	0.0	1	13 7
103	29	0.0	1	20 9
104	23	0.0	1	16 7
105	20	0.0	1	14 6
106	19	0.0	1	12 7
107	35	0.0	1	25 10
108	25	0.0	1	18 7
109	25	0.0	1	13 12
110	34	0.0	1	26 8
111	345	0.0	1	295 50
112	42	0.0	1	37 5
113	25	0.0	1	18 7
114	34	0.0	1	20 14
115	18	0.0	1	14 4
116	50	0.0	1	37 13
117	28	0.0	1	16 12
118	22	0.0	1	17 5
119	61	0.0	1	54 7
120	17	0.0	1	12 5
121	19	0.0	1	12 7
122	18	0.0	1	11 7
123	10	0.0	1	8 2
124	11	0.0	1	5 6
125	12	0.0	1	4 8
126	21	0.0	1	15 6
127	35	0.0	1	28 7
128	17	0.0	1	9 8
129	14	0.0	1	8 6
130	7	0.0	1	4 3
131	10	0.0	1	4 6
132	18	0.0	1	9 9
133	9	0.0	1	3 6
134	29	0.0	1	16 13
135	8	0.0	1	3 5
136	17	0.0	1	12 5
137	10	0.0	1	6 4
138	9	0.0	1	2 7
139	10	0.0	1	5 5
140	5	0.0	1	2 3
141	5	0.0	1	1 4
142	9	0.0	1	1 8
143	3	0.0	1	2 1
144	7	0.0	1	5 2
145	11	0.0	1	6 5
146	15	0.0	1	9 6
147	13	0.0	1	10 3
148	35	0.0	1	32 3
149	24	0.0	1	19 5
150	8	0.0	1	3 5
151	7	0.0	1	5 2
152	4	0.0	1	2 2
153	6	0.0	1	2 4
154	22	0.0	1	17 5
155	15	0.0	1	11 4
156	20	0.0	1	14 6
157	12	0.0	1	7 5
158	7	0.0	1	3 4
159	9	0.0	1	7 2
160	10	0.0	1	6 4
161	10	0.0	1	6 4
162	6	0.0	1	4 2
163	9	0.0	1	5 4
164	7	0.0	1	4 3
165	11	0.0	1	8 3
166	6	0.0	1	3 3
167	12	0.0	1	11 1
168	7	0.0	1	7
169	20	0.0	1	18 2
170	11	0.0	1	9 2
171	4	0.0	1	4
172	8	0.0	1	6 2
173	6	0.0	1	6
174	7	0.0	1	7
175	13	0.0	1	10 3
176	9	0.0	1	9
177	5	0.0	1	5
178	4	0.0	1	4
179	7	0.0	1	5 2
180	9	0.0	1	7 2
181	5	0.0	1	4 1
182	11	0.0	1	10 1
183	5	0.0	1	3 2
184	10	0.0	1	9 1
185	10	0.0	1	8 2
186	4	0.0	1	4
187	13	0.0	1	12 1
188	15	0.0	1	15
189	21	0.0	1	19 2
190	14	0.0	1	13 1
191	19	0.0	1	18 1
192	22	0.0	1	22
193	14	0.0	1	14
194	7	0.0	1	7
195	12	0.0	1	10 2
196	7	0.0	1	7
197	20	0.0	1	19 1
198	19	0.0	1	18 1
199	15	0.0	1	14 1
200	16	0.0	1	16
201	18	0.0	1	18
202	22	0.0	1	21 1
203	43	0.0	1	41 2
204	25	0.0	1	24 1
205	34	0.0	1	34
206	50	0.0	1	50
207	41	0.0	1	40 1
208	33	0.0	1	32 1
209	40	0.0	1	40
210	48	0.0	1	45 3
211	30	0.0	1	29 1
212	19	0.0	1	18 1
213	19	0.0	1	18 1
214	13	0.0	1	13
215	24	0.0	1	20 4
216	4	0.0	1	4
217	5	0.0	1	4 1
218	4	0.0	1	3 1
220	1	0.0	1	0 1
221	1	0.0	1	1
222	2	0.0	1	2
226	1	0.0	1	0 1
228	1	0.0	1	1
229	3	0.0	1	3
230	2	0.0	1	1 1
232	1	0.0	1	1
233	1	0.0	1	1
234	3	0.0	1	2 1
235	1	0.0	1	0 1
236	2	0.0	1	2
237	1	0.0	1	1
239	2	0.0	1	1 1
240	1	0.0	1	1
242	1	0.0	1	0 1
245	1	0.0	1	0 1
246	1	0.0	1	0 1
247	1	0.0	1	0 1
248	1	0.0	1	0 1
249	4	0.0	1	0 4
250	12	0.0	1	0 12
251	303	0.0	1	0 303

RUN STATISTICS FOR INPUT FILE: SC2256/host_removal/SC2256_R2.fastq.gz
=============================================
608953 sequences processed in total

Total number of sequences analysed for the sequence pair length validation: 608953

Number of sequence pairs removed because at least one read was shorter than the length cutoff (20 bp): 3218 (0.53%)
