
SUMMARISING RUN PARAMETERS
==========================
Input filename: SC2260/host_removal/SC2260_R1.fastq.gz
Trimming mode: paired-end
Trim Galore version: 0.6.4_dev
Cutadapt version: 4.1
Python version: could not detect
Number of cores used for trimming: 2
Quality Phred score cutoff: 20
Quality encoding type selected: ASCII+33
Using Illumina adapter for trimming (count: 33059). Second best hit was Nextera (count: 0)
Adapter sequence: 'AGATCGGAAGAGC' (Illumina TruSeq, Sanger iPCR; auto-detected)
Maximum trimming error rate: 0.1 (default)
Minimum required adapter overlap (stringency): 1 bp
Minimum required sequence length for both reads before a sequence pair gets removed: 20 bp
Running FastQC on the data once trimming has completed
Output file will be GZIP compressed


This is cutadapt 4.1 with Python 3.9.13
Command line parameters: -j 2 -e 0.1 -q 20 -O 1 -a AGATCGGAAGAGC SC2260/host_removal/SC2260_R1.fastq.gz
Processing single-end reads on 2 cores ...
Finished in 1.65 s (20 µs/read; 3.04 M reads/minute).

=== Summary ===

Total reads processed:                  83,415
Reads with adapters:                    48,469 (58.1%)
Reads written (passing filters):        83,415 (100.0%)

Total basepairs processed:    20,937,165 bp
Quality-trimmed:               3,156,660 bp (15.1%)
Total written (filtered):     15,908,230 bp (76.0%)

=== Adapter 1 ===

Sequence: AGATCGGAAGAGC; Type: regular 3'; Length: 13; Trimmed: 48469 times

Minimum overlap: 1
No. of allowed errors:
1-9 bp: 0; 10-13 bp: 1

Bases preceding removed adapters:
  A: 43.5%
  C: 19.4%
  G: 12.6%
  T: 22.7%
  none/other: 1.8%

Overview of removed sequences
length	count	expect	max.err	error counts
1	8884	20853.8	0	8884
2	2226	5213.4	0	2226
3	750	1303.4	0	750
4	221	325.8	0	221
5	57	81.5	0	57
6	42	20.4	0	42
7	55	5.1	0	55
8	36	1.3	0	36
9	105	0.3	0	105
10	102	0.1	1	90 12
11	52	0.0	1	38 14
12	172	0.0	1	152 20
13	99	0.0	1	85 14
14	42	0.0	1	32 10
15	58	0.0	1	43 15
16	42	0.0	1	28 14
17	70	0.0	1	52 18
18	93	0.0	1	76 17
19	87	0.0	1	69 18
20	1069	0.0	1	1012 57
21	719	0.0	1	677 42
22	256	0.0	1	226 30
23	152	0.0	1	128 24
24	180	0.0	1	148 32
25	313	0.0	1	264 49
26	289	0.0	1	251 38
27	543	0.0	1	476 67
28	12432	0.0	1	12031 401
29	3482	0.0	1	3276 206
30	1281	0.0	1	1226 55
31	215	0.0	1	190 25
32	315	0.0	1	280 35
33	188	0.0	1	161 27
34	273	0.0	1	232 41
35	175	0.0	1	155 20
36	124	0.0	1	101 23
37	127	0.0	1	107 20
38	73	0.0	1	54 19
39	174	0.0	1	145 29
40	88	0.0	1	66 22
41	112	0.0	1	86 26
42	136	0.0	1	107 29
43	120	0.0	1	91 29
44	44	0.0	1	35 9
45	40	0.0	1	28 12
46	40	0.0	1	31 9
47	79	0.0	1	42 37
48	48	0.0	1	30 18
49	47	0.0	1	35 12
50	57	0.0	1	39 18
51	51	0.0	1	42 9
52	76	0.0	1	48 28
53	87	0.0	1	60 27
54	155	0.0	1	110 45
55	89	0.0	1	63 26
56	47	0.0	1	32 15
57	66	0.0	1	51 15
58	51	0.0	1	45 6
59	79	0.0	1	68 11
60	63	0.0	1	49 14
61	41	0.0	1	38 3
62	42	0.0	1	30 12
63	78	0.0	1	65 13
64	45	0.0	1	38 7
65	62	0.0	1	54 8
66	98	0.0	1	76 22
67	56	0.0	1	36 20
68	101	0.0	1	81 20
69	107	0.0	1	85 22
70	92	0.0	1	71 21
71	136	0.0	1	109 27
72	212	0.0	1	173 39
73	276	0.0	1	233 43
74	448	0.0	1	357 91
75	694	0.0	1	577 117
76	1362	0.0	1	1259 103
77	1084	0.0	1	998 86
78	708	0.0	1	640 68
79	440	0.0	1	403 37
80	310	0.0	1	288 22
81	216	0.0	1	200 16
82	194	0.0	1	175 19
83	168	0.0	1	148 20
84	123	0.0	1	111 12
85	95	0.0	1	87 8
86	114	0.0	1	100 14
87	149	0.0	1	125 24
88	120	0.0	1	102 18
89	86	0.0	1	67 19
90	71	0.0	1	62 9
91	70	0.0	1	58 12
92	52	0.0	1	47 5
93	72	0.0	1	59 13
94	73	0.0	1	61 12
95	66	0.0	1	54 12
96	53	0.0	1	44 9
97	53	0.0	1	47 6
98	39	0.0	1	33 6
99	38	0.0	1	36 2
100	32	0.0	1	28 4
101	35	0.0	1	30 5
102	34	0.0	1	32 2
103	38	0.0	1	31 7
104	27	0.0	1	25 2
105	31	0.0	1	29 2
106	48	0.0	1	41 7
107	45	0.0	1	36 9
108	57	0.0	1	45 12
109	38	0.0	1	35 3
110	29	0.0	1	23 6
111	28	0.0	1	22 6
112	32	0.0	1	28 4
113	38	0.0	1	33 5
114	42	0.0	1	35 7
115	37	0.0	1	34 3
116	42	0.0	1	39 3
117	19	0.0	1	17 2
118	18	0.0	1	17 1
119	30	0.0	1	26 4
120	20	0.0	1	20
121	19	0.0	1	18 1
122	20	0.0	1	20
123	34	0.0	1	28 6
124	25	0.0	1	20 5
125	20	0.0	1	18 2
126	29	0.0	1	27 2
127	48	0.0	1	38 10
128	37	0.0	1	31 6
129	37	0.0	1	32 5
130	37	0.0	1	28 9
131	19	0.0	1	17 2
132	18	0.0	1	15 3
133	25	0.0	1	22 3
134	45	0.0	1	40 5
135	21	0.0	1	18 3
136	38	0.0	1	31 7
137	22	0.0	1	17 5
138	15	0.0	1	12 3
139	15	0.0	1	11 4
140	10	0.0	1	7 3
141	9	0.0	1	6 3
142	14	0.0	1	7 7
143	22	0.0	1	15 7
144	13	0.0	1	12 1
145	16	0.0	1	13 3
146	16	0.0	1	11 5
147	44	0.0	1	38 6
148	31	0.0	1	30 1
149	26	0.0	1	25 1
150	19	0.0	1	15 4
151	6	0.0	1	6
152	12	0.0	1	10 2
153	15	0.0	1	12 3
154	29	0.0	1	26 3
155	16	0.0	1	15 1
156	21	0.0	1	19 2
157	7	0.0	1	6 1
158	14	0.0	1	14
159	12	0.0	1	7 5
160	15	0.0	1	10 5
161	8	0.0	1	4 4
162	19	0.0	1	15 4
163	14	0.0	1	9 5
164	17	0.0	1	14 3
165	13	0.0	1	8 5
166	14	0.0	1	14
167	25	0.0	1	24 1
168	19	0.0	1	16 3
169	21	0.0	1	18 3
170	15	0.0	1	12 3
171	16	0.0	1	13 3
172	13	0.0	1	9 4
173	11	0.0	1	10 1
174	23	0.0	1	18 5
175	16	0.0	1	13 3
176	19	0.0	1	12 7
177	16	0.0	1	12 4
178	9	0.0	1	7 2
179	12	0.0	1	9 3
180	15	0.0	1	12 3
181	7	0.0	1	7
182	15	0.0	1	12 3
183	9	0.0	1	8 1
184	8	0.0	1	6 2
185	10	0.0	1	8 2
186	11	0.0	1	9 2
187	16	0.0	1	16
188	31	0.0	1	29 2
189	38	0.0	1	34 4
190	42	0.0	1	40 2
191	34	0.0	1	32 2
192	18	0.0	1	17 1
193	18	0.0	1	17 1
194	16	0.0	1	15 1
195	19	0.0	1	18 1
196	18	0.0	1	17 1
197	24	0.0	1	21 3
198	16	0.0	1	16
199	23	0.0	1	21 2
200	26	0.0	1	24 2
201	26	0.0	1	25 1
202	24	0.0	1	22 2
203	55	0.0	1	53 2
204	17	0.0	1	17
205	40	0.0	1	40
206	43	0.0	1	39 4
207	48	0.0	1	48
208	56	0.0	1	54 2
209	34	0.0	1	33 1
210	45	0.0	1	44 1
211	25	0.0	1	25
212	13	0.0	1	13
213	19	0.0	1	18 1
214	11	0.0	1	11
215	27	0.0	1	26 1
217	21	0.0	1	20 1
218	5	0.0	1	4 1
219	1	0.0	1	1
220	2	0.0	1	2
221	5	0.0	1	3 2
222	3	0.0	1	2 1
224	1	0.0	1	0 1
226	3	0.0	1	2 1
227	2	0.0	1	2
228	3	0.0	1	3
230	1	0.0	1	1
231	1	0.0	1	1
232	1	0.0	1	0 1
233	1	0.0	1	0 1
234	3	0.0	1	3
235	5	0.0	1	4 1
236	1	0.0	1	1
244	1	0.0	1	0 1
246	3	0.0	1	0 3
247	1	0.0	1	0 1
248	3	0.0	1	0 3
249	4	0.0	1	0 4
250	12	0.0	1	0 12
251	186	0.0	1	0 186

RUN STATISTICS FOR INPUT FILE: SC2260/host_removal/SC2260_R1.fastq.gz
=============================================
83415 sequences processed in total

