
SUMMARISING RUN PARAMETERS
==========================
Input filename: SC2262/host_removal/SC2262_R1.fastq.gz
Trimming mode: paired-end
Trim Galore version: 0.6.4_dev
Cutadapt version: 4.1
Python version: could not detect
Number of cores used for trimming: 2
Quality Phred score cutoff: 20
Quality encoding type selected: ASCII+33
Using Illumina adapter for trimming (count: 13692). Second best hit was smallRNA (count: 0)
Adapter sequence: 'AGATCGGAAGAGC' (Illumina TruSeq, Sanger iPCR; auto-detected)
Maximum trimming error rate: 0.1 (default)
Minimum required adapter overlap (stringency): 1 bp
Minimum required sequence length for both reads before a sequence pair gets removed: 20 bp
Running FastQC on the data once trimming has completed
Output file will be GZIP compressed


This is cutadapt 4.1 with Python 3.9.13
Command line parameters: -j 2 -e 0.1 -q 20 -O 1 -a AGATCGGAAGAGC SC2262/host_removal/SC2262_R1.fastq.gz
Processing single-end reads on 2 cores ...
Finished in 25.53 s (38 µs/read; 1.56 M reads/minute).

=== Summary ===

Total reads processed:                 664,612
Reads with adapters:                   236,120 (35.5%)
Reads written (passing filters):       664,612 (100.0%)

Total basepairs processed:   166,817,612 bp
Quality-trimmed:               1,613,117 bp (1.0%)
Total written (filtered):    163,379,132 bp (97.9%)

=== Adapter 1 ===

Sequence: AGATCGGAAGAGC; Type: regular 3'; Length: 13; Trimmed: 236120 times

Minimum overlap: 1
No. of allowed errors:
1-9 bp: 0; 10-13 bp: 1

Bases preceding removed adapters:
  A: 36.3%
  C: 19.2%
  G: 11.9%
  T: 31.3%
  none/other: 1.3%

Overview of removed sequences
length	count	expect	max.err	error counts
1	150220	166153.0	0	150220
2	57829	41538.2	0	57829
3	6366	10384.6	0	6366
4	2464	2596.1	0	2464
5	82	649.0	0	82
6	86	162.3	0	86
7	1438	40.6	0	1438
8	53	10.1	0	53
9	101	2.5	0	101
10	97	0.6	1	91 6
11	55	0.2	1	48 7
12	134	0.0	1	126 8
13	65	0.0	1	64 1
14	46	0.0	1	43 3
15	79	0.0	1	75 4
16	39	0.0	1	35 4
17	60	0.0	1	51 9
18	50	0.0	1	46 4
19	33	0.0	1	31 2
20	68	0.0	1	62 6
21	53	0.0	1	48 5
22	66	0.0	1	61 5
23	59	0.0	1	52 7
24	647	0.0	1	623 24
25	191	0.0	1	183 8
26	48	0.0	1	46 2
27	73	0.0	1	65 8
28	116	0.0	1	106 10
29	42	0.0	1	38 4
30	76	0.0	1	72 4
31	39	0.0	1	35 4
32	64	0.0	1	58 6
33	54	0.0	1	49 5
34	119	0.0	1	113 6
35	151	0.0	1	144 7
36	200	0.0	1	184 16
37	220	0.0	1	212 8
38	45	0.0	1	41 4
39	97	0.0	1	89 8
40	35	0.0	1	30 5
41	121	0.0	1	109 12
42	156	0.0	1	148 8
43	156	0.0	1	149 7
44	62	0.0	1	58 4
45	42	0.0	1	40 2
46	30	0.0	1	27 3
47	58	0.0	1	54 4
48	34	0.0	1	31 3
49	58	0.0	1	57 1
50	23	0.0	1	19 4
51	43	0.0	1	42 1
52	49	0.0	1	45 4
53	51	0.0	1	41 10
54	95	0.0	1	81 14
55	62	0.0	1	53 9
56	36	0.0	1	32 4
57	40	0.0	1	38 2
58	41	0.0	1	33 8
59	52	0.0	1	49 3
60	30	0.0	1	28 2
61	20	0.0	1	17 3
62	21	0.0	1	16 5
63	44	0.0	1	42 2
64	19	0.0	1	15 4
65	54	0.0	1	49 5
66	51	0.0	1	44 7
67	26	0.0	1	21 5
68	44	0.0	1	34 10
69	56	0.0	1	48 8
70	53	0.0	1	48 5
71	82	0.0	1	76 6
72	121	0.0	1	101 20
73	168	0.0	1	125 43
74	372	0.0	1	258 114
75	714	0.0	1	471 243
76	1850	0.0	1	1559 291
77	1562	0.0	1	1344 218
78	948	0.0	1	767 181
79	682	0.0	1	552 130
80	407	0.0	1	337 70
81	297	0.0	1	240 57
82	240	0.0	1	186 54
83	158	0.0	1	128 30
84	147	0.0	1	108 39
85	103	0.0	1	77 26
86	114	0.0	1	82 32
87	105	0.0	1	81 24
88	97	0.0	1	73 24
89	97	0.0	1	79 18
90	65	0.0	1	45 20
91	61	0.0	1	54 7
92	48	0.0	1	37 11
93	58	0.0	1	46 12
94	222	0.0	1	207 15
95	64	0.0	1	56 8
96	113	0.0	1	105 8
97	89	0.0	1	78 11
98	47	0.0	1	40 7
99	31	0.0	1	23 8
100	35	0.0	1	27 8
101	27	0.0	1	23 4
102	31	0.0	1	24 7
103	29	0.0	1	19 10
104	22	0.0	1	19 3
105	80	0.0	1	73 7
106	31	0.0	1	21 10
107	29	0.0	1	23 6
108	26	0.0	1	21 5
109	30	0.0	1	19 11
110	23	0.0	1	13 10
111	13	0.0	1	7 6
112	24	0.0	1	19 5
113	29	0.0	1	24 5
114	32	0.0	1	26 6
115	27	0.0	1	18 9
116	30	0.0	1	18 12
117	53	0.0	1	43 10
118	19	0.0	1	11 8
119	15	0.0	1	8 7
120	20	0.0	1	12 8
121	13	0.0	1	7 6
122	12	0.0	1	6 6
123	27	0.0	1	17 10
124	15	0.0	1	8 7
125	19	0.0	1	11 8
126	14	0.0	1	10 4
127	33	0.0	1	23 10
128	17	0.0	1	11 6
129	24	0.0	1	15 9
130	14	0.0	1	5 9
131	26	0.0	1	14 12
132	13	0.0	1	4 9
133	28	0.0	1	22 6
134	21	0.0	1	8 13
135	12	0.0	1	8 4
136	16	0.0	1	7 9
137	17	0.0	1	5 12
138	14	0.0	1	7 7
139	19	0.0	1	9 10
140	17	0.0	1	10 7
141	50	0.0	1	37 13
142	18	0.0	1	7 11
143	14	0.0	1	11 3
144	15	0.0	1	4 11
145	19	0.0	1	14 5
146	31	0.0	1	27 4
147	38	0.0	1	30 8
148	22	0.0	1	12 10
149	13	0.0	1	7 6
150	19	0.0	1	10 9
151	18	0.0	1	14 4
152	15	0.0	1	11 4
153	45	0.0	1	42 3
154	43	0.0	1	33 10
155	31	0.0	1	24 7
156	86	0.0	1	71 15
157	50	0.0	1	39 11
158	35	0.0	1	27 8
159	54	0.0	1	52 2
160	95	0.0	1	79 16
161	59	0.0	1	46 13
162	57	0.0	1	49 8
163	33	0.0	1	21 12
164	50	0.0	1	42 8
165	26	0.0	1	15 11
166	53	0.0	1	41 12
167	64	0.0	1	51 13
168	49	0.0	1	44 5
169	53	0.0	1	42 11
170	38	0.0	1	28 10
171	22	0.0	1	14 8
172	43	0.0	1	35 8
173	28	0.0	1	18 10
174	24	0.0	1	19 5
175	44	0.0	1	39 5
176	28	0.0	1	23 5
177	21	0.0	1	12 9
178	18	0.0	1	11 7
179	17	0.0	1	9 8
180	33	0.0	1	23 10
181	33	0.0	1	26 7
182	10	0.0	1	7 3
183	20	0.0	1	14 6
184	10	0.0	1	5 5
185	59	0.0	1	51 8
186	11	0.0	1	5 6
187	10	0.0	1	5 5
188	11	0.0	1	6 5
189	10	0.0	1	5 5
190	17	0.0	1	16 1
191	7	0.0	1	4 3
192	18	0.0	1	13 5
193	11	0.0	1	4 7
194	2	0.0	1	0 2
195	4	0.0	1	3 1
196	9	0.0	1	6 3
197	1	0.0	1	0 1
198	11	0.0	1	9 2
199	4	0.0	1	1 3
200	9	0.0	1	5 4
201	7	0.0	1	3 4
202	5	0.0	1	2 3
203	11	0.0	1	8 3
204	2	0.0	1	1 1
205	1	0.0	1	0 1
206	5	0.0	1	2 3
207	1	0.0	1	1
208	10	0.0	1	7 3
209	9	0.0	1	6 3
210	8	0.0	1	7 1
211	10	0.0	1	7 3
212	7	0.0	1	3 4
213	7	0.0	1	6 1
214	8	0.0	1	7 1
215	6	0.0	1	4 2
216	5	0.0	1	2 3
217	4	0.0	1	3 1
218	3	0.0	1	2 1
219	6	0.0	1	2 4
220	2	0.0	1	1 1
221	4	0.0	1	2 2
222	4	0.0	1	0 4
223	1	0.0	1	0 1
224	1	0.0	1	0 1
225	4	0.0	1	3 1
226	4	0.0	1	3 1
227	3	0.0	1	3
228	5	0.0	1	3 2
229	2	0.0	1	1 1
230	3	0.0	1	2 1
231	7	0.0	1	3 4
232	1	0.0	1	1
233	4	0.0	1	3 1
234	3	0.0	1	1 2
236	1	0.0	1	1
237	2	0.0	1	1 1
238	4	0.0	1	2 2
239	2	0.0	1	2
241	3	0.0	1	2 1
242	6	0.0	1	3 3
243	5	0.0	1	2 3
244	1	0.0	1	0 1
245	5	0.0	1	0 5
246	7	0.0	1	1 6
247	6	0.0	1	0 6
248	11	0.0	1	1 10
249	19	0.0	1	0 19
250	52	0.0	1	0 52
251	650	0.0	1	0 650

RUN STATISTICS FOR INPUT FILE: SC2262/host_removal/SC2262_R1.fastq.gz
=============================================
664612 sequences processed in total

