quality	AA	AC	AG	AT	A.	CA	CC	CG	CT	C.	GA	GC	GG	GT	G.	TA	TC	TG	TT	T.	.A	.C	.G	.T	..
0	NA	NA	NA	NA	NA	NA	NA	NA	NA	NA	NA	NA	NA	NA	NA	NA	NA	NA	NA	NA	NA	NA	NA	NA	NA
1	NA	NA	NA	NA	NA	NA	NA	NA	NA	NA	NA	NA	NA	NA	NA	NA	NA	NA	NA	NA	NA	NA	NA	NA	NA
2	NA	NA	NA	NA	NA	NA	NA	NA	NA	NA	NA	NA	NA	NA	NA	NA	NA	NA	NA	NA	NA	NA	NA	NA	NA
3	NA	NA	NA	NA	NA	NA	NA	NA	NA	NA	NA	NA	NA	NA	NA	NA	NA	NA	NA	NA	NA	NA	NA	NA	NA
4	NA	NA	NA	NA	NA	NA	NA	NA	NA	NA	NA	NA	NA	NA	NA	NA	NA	NA	NA	NA	NA	NA	NA	NA	NA
5	NA	NA	NA	NA	NA	NA	NA	NA	NA	NA	NA	NA	NA	NA	NA	NA	NA	NA	NA	NA	NA	NA	NA	NA	NA
6	NA	NA	NA	NA	NA	NA	NA	NA	NA	NA	NA	NA	NA	NA	NA	NA	NA	NA	NA	NA	NA	NA	NA	NA	NA
7	NA	NA	NA	NA	NA	NA	NA	NA	NA	NA	NA	NA	NA	NA	NA	NA	NA	NA	NA	NA	NA	NA	NA	NA	NA
8	NA	NA	NA	NA	NA	NA	NA	NA	NA	NA	NA	NA	NA	NA	NA	NA	NA	NA	NA	NA	NA	NA	NA	NA	NA
9	NA	NA	NA	NA	NA	NA	NA	NA	NA	NA	NA	NA	NA	NA	NA	NA	NA	NA	NA	NA	NA	NA	NA	NA	NA
10	NA	NA	NA	NA	NA	NA	NA	NA	NA	NA	NA	NA	NA	NA	NA	NA	NA	NA	NA	NA	NA	NA	NA	NA	NA
11	0.977748	0.00875241	0.00237354	0.0108293	0.000296692	0.0509565	0.928348	0.00365217	0.0170435	NA	0.0173906	0.00445472	0.940804	0.0373512	NA	0.0263493	0.00552486	0.0131747	0.954951	NA	3.77159e-05	3.77159e-05	3.77159e-05	0.000113148	0.999774
12	0.969153	0.0150526	0.00575975	0.00982721	0.000207826	0.0365494	0.943298	0.00415977	0.0158717	0.000121158	0.0131304	0.00526822	0.95034	0.0309943	0.000267423	0.0147697	0.00776035	0.0193174	0.958027	0.000125167	4.17606e-05	5.01128e-05	3.34085e-05	4.17606e-05	0.999833
13	0.966337	0.0164096	0.00628822	0.0108607	0.000104469	0.0315595	0.951565	0.0047115	0.0120251	0.000138945	0.0104901	0.00478472	0.961127	0.0234664	0.000131517	0.0157383	0.0102526	0.0219234	0.951899	0.000187127	5.32805e-05	3.89857e-05	2.729e-05	3.76862e-05	0.999843
14	0.962363	0.0172208	0.00706989	0.0132105	0.000135822	0.0295614	0.952996	0.00427793	0.0130151	0.000149354	0.0166868	0.00699932	0.944979	0.0312129	0.000121727	0.0184338	0.014457	0.0216995	0.945232	0.000177788	5.47031e-05	4.55859e-05	2.73515e-05	5.47031e-05	0.999818
15	0.977788	0.00790584	0.00507301	0.00915039	8.29698e-05	0.0118491	0.976206	0.0031333	0.00863366	0.000177873	0.0128758	0.00572961	0.957578	0.0237026	0.000113833	0.0289201	0.014194	0.0263284	0.930403	0.000154469	6.10639e-05	3.23279e-05	3.95119e-05	6.82479e-05	0.999799
16	0.966375	0.0119681	0.00836145	0.0131162	0.000178877	0.0183464	0.961556	0.00444126	0.0155072	0.000148718	0.0168932	0.0078126	0.951137	0.0240586	9.90609e-05	0.0187468	0.0133981	0.0179707	0.94968	0.000204511	0.000130145	6.16476e-05	5.89077e-05	6.71274e-05	0.999682
17	NA	NA	NA	NA	NA	NA	NA	NA	NA	NA	NA	NA	NA	NA	NA	NA	NA	NA	NA	NA	NA	NA	NA	NA	NA
18	NA	NA	NA	NA	NA	NA	NA	NA	NA	NA	NA	NA	NA	NA	NA	NA	NA	NA	NA	NA	NA	NA	NA	NA	NA
19	NA	NA	NA	NA	NA	NA	NA	NA	NA	NA	NA	NA	NA	NA	NA	NA	NA	NA	NA	NA	NA	NA	NA	NA	NA
20	0.995802	0.00167926	0.000419815	0.00209908	NA	0.00313283	0.995614	NA	0.00125313	NA	0.000494927	0.000247463	0.995298	0.00395942	NA	0.000907441	0.000453721	0.00136116	0.997278	NA	NA	NA	NA	NA	1
21	0.997029	0.00174413	0.000549078	0.000613675	6.45974e-05	0.00303625	0.995516	0.000326981	0.00112108	NA	0.000717269	0.000168769	0.996793	0.00227838	4.21923e-05	0.000852279	0.000644968	0.00223435	0.996245	2.30346e-05	8.3724e-06	8.3724e-06	1.67448e-05	8.3724e-06	0.999958
22	0.996505	0.00181108	0.000635465	0.000921425	0.000127093	0.00404157	0.994082	0.000384911	0.00144342	4.81139e-05	0.00146452	0.000621311	0.99463	0.00319531	8.87587e-05	0.00147275	0.000859107	0.00285346	0.994723	9.20471e-05	2.79465e-05	2.79465e-05	9.3155e-06	1.8631e-05	0.999916
23	0.99765	0.00121539	0.000526668	0.000587437	2.02564e-05	0.00265604	0.995553	0.000648569	0.00114272	NA	0.000982228	0.000583198	0.996071	0.0022714	9.20839e-05	0.000786298	0.000614742	0.00187282	0.996683	4.2889e-05	1.08612e-05	1.08612e-05	1.08612e-05	1.08612e-05	0.999957
24	0.997859	0.00114513	0.000647249	0.000348519	NA	0.0027933	0.995985	0.000611034	0.000611034	NA	0.000985141	0.00016419	0.99647	0.00229866	8.20951e-05	0.000518278	0.000518278	0.00110566	0.997823	3.45519e-05	1.3769e-05	4.1307e-05	1.3769e-05	4.1307e-05	0.99989
25	0.997833	0.000830835	0.000577972	0.000758588	NA	0.00272907	0.995761	0.000580653	0.000870979	5.80653e-05	0.00153212	0.00070713	0.995286	0.00247496	NA	0.000810088	0.00105311	0.00116113	0.996895	8.10088e-05	NA	2.02386e-05	2.02386e-05	3.03579e-05	0.999929
26	0.997944	0.00083215	0.0006853	0.00053845	NA	0.00156399	0.997133	0.000260666	0.00104266	NA	0.00161079	0.00110742	0.992651	0.00463103	NA	0.000442568	0.000612787	0.00102131	0.997889	3.40437e-05	5.62019e-05	1.40505e-05	2.81009e-05	2.81009e-05	0.999874
27	0.996161	0.00139319	0.00131841	0.00106913	5.8165e-05	0.00123214	0.996967	0.000363652	0.0014161	2.13913e-05	0.00232858	0.00112721	0.992469	0.00406019	1.48317e-05	0.00120129	0.00145283	0.00348896	0.993807	4.98733e-05	4.15328e-05	1.51754e-05	1.67728e-05	3.11496e-05	0.999895
28	0.998388	0.000500389	0.000389192	0.000667186	5.55988e-05	0.000429422	0.997362	0.000184038	0.00202442	NA	0.00259347	0.000740992	0.994937	0.00169811	3.08747e-05	0.000948497	0.00284549	0.000379399	0.995732	9.48497e-05	1.29566e-05	NA	NA	1.29566e-05	0.999974
29	0.999417	NA	NA	NA	0.000583431	NA	0.99913	NA	0.000870322	NA	0.00044238	NA	0.999558	NA	NA	NA	NA	NA	1	NA	NA	NA	NA	NA	1
30	0.997766	0.000732417	0.000876458	0.000576168	4.88278e-05	0.000365294	0.998203	0.000130462	0.00129344	7.45498e-06	0.00125511	0.000419526	0.997178	0.00112683	2.08029e-05	0.000644217	0.00128471	0.000767102	0.997267	3.7238e-05	2.5153e-05	5.67971e-06	8.11387e-06	1.62277e-05	0.999945
31	0.99853	0.000406957	0.000750656	0.000278333	3.37373e-05	0.000201268	0.998942	8.11564e-05	0.000769363	6.49252e-06	0.000792351	0.000166486	0.998261	0.000767687	1.23323e-05	0.000304603	0.00086751	0.000670127	0.998126	3.16787e-05	2.74801e-05	1.07239e-05	1.27347e-05	2.47991e-05	0.999924
32	0.999261	0.000169013	0.000433097	9.50701e-05	4.22534e-05	0.00010931	0.999594	9.36944e-05	0.000203004	NA	0.000220387	2.9385e-05	0.999398	0.00035262	NA	8.6374e-05	0.000201539	0.000307108	0.999405	NA	6.15676e-06	NA	6.15676e-06	9.23515e-06	0.999978
33	0.999492	0.000156952	0.000246639	8.96868e-05	1.49478e-05	9.30189e-05	0.999616	3.48821e-05	0.000255802	NA	0.000267537	4.28059e-05	0.999433	0.000256836	NA	2.28862e-05	0.000240305	0.00052066	0.99921	5.72154e-06	8.67918e-06	1.0849e-05	2.1698e-06	2.1698e-05	0.999957
34	0.9981	0.000823266	0.000808823	0.000222839	4.53931e-05	0.000139462	0.999066	6.07069e-05	0.00072192	1.14851e-05	0.000816561	0.000190676	0.99847	0.000510896	1.16444e-05	0.000164082	0.000910429	0.000520734	0.998342	6.26703e-05	2.45328e-05	1.05141e-05	9.55823e-06	2.03909e-05	0.999935
35	0.998788	0.000700833	0.000417162	6.93131e-05	2.4388e-05	4.20193e-05	0.999692	1.5127e-05	0.000247074	3.36155e-06	0.000339833	6.83082e-05	0.999353	0.00023054	8.53853e-06	5.96232e-05	0.000467446	0.000531839	0.998907	3.45814e-05	1.1049e-05	2.45534e-06	4.91069e-06	1.30952e-05	0.999968
36	0.998751	0.000429123	0.000650606	0.000139086	3.0322e-05	6.3525e-05	0.999323	4.87025e-05	0.000557961	6.3525e-06	0.000497189	9.2072e-05	0.999073	0.000317891	1.93836e-05	0.00010676	0.000750411	0.000339619	0.998751	5.18325e-05	2.65443e-05	1.25406e-05	1.00325e-05	1.75569e-05	0.999933
37	0.998497	0.000286586	0.00110528	8.04151e-05	3.07973e-05	7.08206e-05	0.999313	4.82183e-05	0.000560537	7.5341e-06	0.000369316	6.9341e-05	0.999326	0.000217068	1.8089e-05	7.72419e-05	0.0007464	0.000299211	0.998836	4.14667e-05	2.44313e-05	1.36923e-05	1.39607e-05	2.2015e-05	0.999926
38	0.998267	0.000447307	0.00118731	6.60453e-05	3.2022e-05	3.89492e-05	0.999452	3.08347e-05	0.000469824	8.11441e-06	0.000406675	5.32172e-05	0.999283	0.000234314	2.30343e-05	5.15244e-05	0.000692774	0.000295373	0.998924	3.67303e-05	2.20212e-05	1.36469e-05	1.14758e-05	2.60532e-05	0.999927
39	0.998225	0.000563524	0.0011073	7.05797e-05	3.39228e-05	4.0046e-05	0.999413	2.94456e-05	0.000508483	8.9178e-06	0.000342919	4.13311e-05	0.99945	0.000147888	1.79209e-05	5.83372e-05	0.000693267	0.000274404	0.998928	4.62114e-05	2.32787e-05	1.23784e-05	1.19781e-05	2.23242e-05	0.99993
40	0.998614	0.000721909	0.00054441	7.03288e-05	4.89048e-05	5.49902e-05	0.999372	2.70456e-05	0.000532296	1.32606e-05	0.000322015	3.44689e-05	0.999467	0.00014369	3.29739e-05	4.92871e-05	0.000585605	0.00023345	0.999091	4.08876e-05	3.17747e-05	1.79083e-05	1.47142e-05	2.49778e-05	0.999911
