quality	AA	AC	AG	AT	A.	CA	CC	CG	CT	C.	GA	GC	GG	GT	G.	TA	TC	TG	TT	T.	.A	.C	.G	.T	..
0	NA	NA	NA	NA	NA	NA	NA	NA	NA	NA	NA	NA	NA	NA	NA	NA	NA	NA	NA	NA	NA	NA	NA	NA	NA
1	NA	NA	NA	NA	NA	NA	NA	NA	NA	NA	NA	NA	NA	NA	NA	NA	NA	NA	NA	NA	NA	NA	NA	NA	NA
2	NA	NA	NA	NA	NA	NA	NA	NA	NA	NA	NA	NA	NA	NA	NA	NA	NA	NA	NA	NA	NA	NA	NA	NA	NA
3	NA	NA	NA	NA	NA	NA	NA	NA	NA	NA	NA	NA	NA	NA	NA	NA	NA	NA	NA	NA	NA	NA	NA	NA	NA
4	NA	NA	NA	NA	NA	NA	NA	NA	NA	NA	NA	NA	NA	NA	NA	NA	NA	NA	NA	NA	NA	NA	NA	NA	NA
5	NA	NA	NA	NA	NA	NA	NA	NA	NA	NA	NA	NA	NA	NA	NA	NA	NA	NA	NA	NA	NA	NA	NA	NA	NA
6	NA	NA	NA	NA	NA	NA	NA	NA	NA	NA	NA	NA	NA	NA	NA	NA	NA	NA	NA	NA	NA	NA	NA	NA	NA
7	NA	NA	NA	NA	NA	NA	NA	NA	NA	NA	NA	NA	NA	NA	NA	NA	NA	NA	NA	NA	NA	NA	NA	NA	NA
8	NA	NA	NA	NA	NA	NA	NA	NA	NA	NA	NA	NA	NA	NA	NA	NA	NA	NA	NA	NA	NA	NA	NA	NA	NA
9	NA	NA	NA	NA	NA	NA	NA	NA	NA	NA	NA	NA	NA	NA	NA	NA	NA	NA	NA	NA	NA	NA	NA	NA	NA
10	0.984375	NA	NA	0.015625	NA	0.037037	0.962963	NA	NA	NA	NA	0.0125	0.9625	0.025	NA	NA	NA	NA	1	NA	NA	NA	NA	NA	1
11	0.976249	0.00991805	0.00287101	0.0105966	0.000365402	0.0556839	0.924767	0.00426515	0.0152242	5.92382e-05	0.0153877	0.00439648	0.93312	0.0469624	0.000133227	0.0178859	0.00469139	0.0121683	0.965108	0.000146606	5.48968e-05	NA	NA	1.37242e-05	0.999931
12	0.972388	0.0161895	0.00461983	0.00674898	5.35633e-05	0.0465593	0.934501	0.00463621	0.0142243	7.89141e-05	0.0114503	0.00366035	0.952375	0.0324203	9.38552e-05	0.011535	0.00485497	0.0198274	0.963676	0.000106313	2.73141e-05	3.90201e-05	1.56081e-05	3.90201e-05	0.999879
13	0.968706	0.0172459	0.00535507	0.00861189	8.11746e-05	0.0376438	0.948384	0.00433227	0.00946623	0.000173765	0.008251	0.00331685	0.967462	0.0208801	9.00679e-05	0.0122421	0.0071768	0.0208314	0.959609	0.000140378	4.45669e-05	3.10377e-05	2.9446e-05	3.10377e-05	0.999864
14	0.966154	0.0185742	0.0058149	0.00935264	0.000103918	0.0321739	0.953887	0.00363361	0.0101915	0.00011376	0.0133904	0.00579899	0.952082	0.0286104	0.00011784	0.0145055	0.0105794	0.0205683	0.954122	0.000225222	4.74145e-05	3.59201e-05	2.29888e-05	3.87937e-05	0.999855
15	0.968271	0.0146922	0.00599214	0.010958	8.68426e-05	0.0293261	0.952513	0.00493315	0.0131078	0.000120055	0.0130763	0.00555117	0.952666	0.0285535	0.00015308	0.0157611	0.00855407	0.02169	0.953828	0.000167148	5.01081e-05	2.62471e-05	2.14749e-05	4.7722e-05	0.999854
16	0.966793	0.0147464	0.00680739	0.0115546	9.88626e-05	0.0252184	0.958099	0.00405632	0.0125261	9.96774e-05	0.0119416	0.00559613	0.955821	0.026535	0.00010585	0.0192391	0.0126874	0.0272069	0.940741	0.000125829	6.32531e-05	3.24813e-05	2.33638e-05	4.67275e-05	0.999834
17	NA	NA	NA	NA	NA	NA	NA	NA	NA	NA	NA	NA	NA	NA	NA	NA	NA	NA	NA	NA	NA	NA	NA	NA	NA
18	1	NA	NA	NA	NA	NA	1	NA	NA	NA	NA	NA	1	NA	NA	NA	NA	NA	1	NA	NA	NA	NA	NA	1
19	1	NA	NA	NA	NA	NA	1	NA	NA	NA	NA	NA	1	NA	NA	NA	NA	NA	1	NA	NA	NA	NA	NA	1
20	0.997339	0.00159659	0.000177399	0.000709597	0.000177399	0.00915565	0.989064	0.000254323	0.00152594	NA	0.000713691	0.000356845	0.994409	0.00452004	NA	0.000860956	0.000215239	0.00301334	0.99591	NA	NA	4.42126e-05	NA	NA	0.999956
21	0.996671	0.00224901	0.000464795	0.000554756	5.99736e-05	0.00382982	0.99477	0.00037204	0.000962927	6.56541e-05	0.000937989	0.000229286	0.997019	0.00181344	NA	0.000615309	0.000447497	0.00203611	0.996868	3.35623e-05	1.20164e-05	1.60219e-05	1.20164e-05	2.80384e-05	0.999932
22	0.99672	0.00198959	0.000677773	0.000546591	6.5591e-05	0.00446185	0.994244	0.00020436	0.00108992	NA	0.00109283	0.000312237	0.996035	0.00256034	NA	0.000896528	0.000481064	0.00260212	0.995758	0.000262398	3.9267e-05	1.96335e-05	1.3089e-05	1.3089e-05	0.999915
23	0.997951	0.00123901	0.000405061	0.000405061	NA	0.00273332	0.995666	0.000179824	0.00138464	3.59648e-05	0.000813434	0.000216916	0.996692	0.00218723	9.03816e-05	0.000482923	0.000549533	0.00132387	0.997627	1.66525e-05	1.27047e-05	9.52856e-06	6.35237e-06	3.17619e-05	0.99994
24	0.997855	0.00114187	0.000588235	0.000311419	0.000103806	0.00257874	0.995948	0.000184196	0.00128937	NA	0.0010352	0.000230044	0.997067	0.00161031	5.75109e-05	0.000353027	0.000176514	0.0012356	0.998235	NA	1.95741e-05	NA	1.95741e-05	3.91481e-05	0.999922
25	0.997932	0.00118575	0.00049636	0.000358482	2.75756e-05	0.00320293	0.995013	0.000503317	0.00128117	NA	0.00111623	0.000372076	0.996047	0.00237198	9.30189e-05	0.000299786	0.000963597	0.00104925	0.997602	8.56531e-05	7.12685e-05	3.16749e-05	7.91872e-06	1.58374e-05	0.999873
26	0.997256	0.00106213	0.00132767	0.000265534	8.85112e-05	0.00219491	0.997073	0.000146327	0.000585309	NA	0.000158453	0.000316907	0.996672	0.00253526	0.000316907	0.000235419	0.00229533	0.000529692	0.99694	NA	7.24568e-05	NA	NA	2.41523e-05	0.999903
27	0.995761	0.00195526	0.00152586	0.000703513	5.38727e-05	0.00258288	0.995691	0.000312921	0.00140301	1.02597e-05	0.0014492	0.000652367	0.994768	0.00310157	2.93452e-05	0.000982027	0.00114702	0.00389247	0.993905	7.3916e-05	3.97525e-05	1.46216e-05	1.55355e-05	2.65017e-05	0.999904
28	0.998884	0.00037215	0.000405981	0.000304486	3.38318e-05	0.000675532	0.998045	7.11086e-05	0.00120885	NA	0.00148704	0.000334585	0.996394	0.00178445	NA	6.60808e-05	0.000925131	0.000462565	0.998546	NA	7.90058e-06	3.16023e-05	NA	2.37017e-05	0.999937
29	0.999823	NA	NA	NA	0.000176554	0.000496771	0.998758	NA	0.000745156	NA	0.000455249	NA	0.999181	0.000364199	NA	0.000321854	NA	NA	0.999678	NA	NA	NA	NA	NA	1
30	0.998033	0.000921705	0.000684449	0.000339349	2.15688e-05	0.000464031	0.998284	0.000137407	0.00111503	NA	0.000808749	0.000175908	0.998046	0.000963205	6.43567e-06	0.000413974	0.0009057	0.000727082	0.997907	4.62306e-05	2.12005e-05	6.26377e-06	3.3728e-06	1.78277e-05	0.999951
31	0.998541	0.000563719	0.00068133	0.000185203	2.83887e-05	0.00054257	0.998564	0.000107653	0.000783713	2.15306e-06	0.000579962	9.49764e-05	0.998563	0.000749707	1.21246e-05	0.000233668	0.000747438	0.000712987	0.998279	2.69617e-05	2.1144e-05	6.47266e-06	5.17813e-06	1.81235e-05	0.999949
32	0.999338	0.000288655	0.000302736	5.6323e-05	1.40807e-05	0.000388886	0.999265	4.32096e-05	0.000280862	2.16048e-05	0.00016341	2.04263e-05	0.999561	0.000245116	1.02131e-05	5.70162e-05	0.000392778	0.000240735	0.999309	NA	4.25488e-06	4.25488e-06	8.50975e-06	2.12744e-06	0.999981
33	0.999445	0.000291443	0.000197961	6.5987e-05	NA	0.000561406	0.999175	1.70123e-05	0.000238172	8.50615e-06	0.000154871	4.64612e-05	0.999644	0.000154871	NA	4.0011e-05	0.000453458	0.000417893	0.999089	NA	1.6449e-06	3.28981e-06	3.28981e-06	8.22452e-06	0.999984
34	0.997979	0.000967535	0.000923141	0.000105763	2.41557e-05	0.000211868	0.999089	4.56971e-05	0.000651183	2.07714e-06	0.000564376	0.000103718	0.998833	0.000490559	8.40958e-06	0.000130707	0.000731528	0.000609487	0.998469	5.92155e-05	2.2068e-05	6.27621e-06	4.65655e-06	1.86262e-05	0.999948
35	0.998001	0.00100085	0.000935426	3.98706e-05	2.24911e-05	0.000256781	0.999456	2.37028e-05	0.000260731	2.63365e-06	0.00029202	5.28656e-05	0.999444	0.000206428	5.03482e-06	4.71427e-05	0.000383742	0.00057137	0.998965	3.29999e-05	1.77436e-05	5.50663e-06	1.83554e-06	1.46844e-05	0.99996
36	0.998711	0.000559691	0.000632391	7.40974e-05	2.33011e-05	8.8585e-05	0.999302	4.39203e-05	0.000562775	2.97765e-06	0.000427199	5.67264e-05	0.999192	0.000310244	1.40065e-05	8.00111e-05	0.000623442	0.000304472	0.998937	5.53097e-05	2.27222e-05	4.86903e-06	4.86903e-06	1.54924e-05	0.999952
37	0.998071	0.000444758	0.00137643	7.45335e-05	3.36012e-05	7.84157e-05	0.999367	2.54321e-05	0.000524538	4.23869e-06	0.00033242	3.87285e-05	0.99935	0.000260342	1.82885e-05	6.49107e-05	0.000689096	0.000343679	0.998869	3.30349e-05	1.87229e-05	6.1136e-06	3.62995e-06	1.26093e-05	0.999959
38	0.998009	0.000596532	0.00129538	6.24186e-05	3.6345e-05	5.09222e-05	0.999465	3.14335e-05	0.000447613	5.02936e-06	0.000373554	3.73554e-05	0.999374	0.000195641	1.89943e-05	5.28341e-05	0.000654511	0.00027797	0.998982	3.23313e-05	1.93064e-05	6.79974e-06	4.85696e-06	1.76065e-05	0.999951
39	0.998442	0.000693429	0.000787862	4.48442e-05	3.20444e-05	4.34253e-05	0.999436	2.53915e-05	0.000491528	3.17394e-06	0.000348926	3.09392e-05	0.999441	0.000165725	1.34643e-05	3.9615e-05	0.000654857	0.00025387	0.999006	4.60368e-05	2.03157e-05	7.20359e-06	4.80239e-06	1.75368e-05	0.99995
40	0.998632	0.000759632	0.000528413	3.78656e-05	4.1618e-05	2.71546e-05	0.99946	1.39826e-05	0.000494254	4.76219e-06	0.000335251	2.32477e-05	0.99952	9.94359e-05	2.25572e-05	2.916e-05	0.000559757	0.000189476	0.999185	3.63537e-05	2.42377e-05	8.79692e-06	4.55225e-06	1.97264e-05	0.999943
