quality	AA	AC	AG	AT	A.	CA	CC	CG	CT	C.	GA	GC	GG	GT	G.	TA	TC	TG	TT	T.	.A	.C	.G	.T	..
0	NA	NA	NA	NA	NA	NA	NA	NA	NA	NA	NA	NA	NA	NA	NA	NA	NA	NA	NA	NA	NA	NA	NA	NA	NA
1	NA	NA	NA	NA	NA	NA	NA	NA	NA	NA	NA	NA	NA	NA	NA	NA	NA	NA	NA	NA	NA	NA	NA	NA	NA
2	NA	NA	NA	NA	NA	NA	NA	NA	NA	NA	NA	NA	NA	NA	NA	NA	NA	NA	NA	NA	NA	NA	NA	NA	NA
3	NA	NA	NA	NA	NA	NA	NA	NA	NA	NA	NA	NA	NA	NA	NA	NA	NA	NA	NA	NA	NA	NA	NA	NA	NA
4	NA	NA	NA	NA	NA	NA	NA	NA	NA	NA	NA	NA	NA	NA	NA	NA	NA	NA	NA	NA	NA	NA	NA	NA	NA
5	NA	NA	NA	NA	NA	NA	NA	NA	NA	NA	NA	NA	NA	NA	NA	NA	NA	NA	NA	NA	NA	NA	NA	NA	NA
6	NA	NA	NA	NA	NA	NA	NA	NA	NA	NA	NA	NA	NA	NA	NA	NA	NA	NA	NA	NA	NA	NA	NA	NA	NA
7	NA	NA	NA	NA	NA	NA	NA	NA	NA	NA	NA	NA	NA	NA	NA	NA	NA	NA	NA	NA	NA	NA	NA	NA	NA
8	NA	NA	NA	NA	NA	NA	NA	NA	NA	NA	NA	NA	NA	NA	NA	NA	NA	NA	NA	NA	NA	NA	NA	NA	NA
9	NA	NA	NA	NA	NA	NA	NA	NA	NA	NA	NA	NA	NA	NA	NA	NA	NA	NA	NA	NA	NA	NA	NA	NA	NA
10	NA	NA	NA	NA	NA	NA	NA	NA	NA	NA	NA	NA	NA	NA	NA	NA	NA	NA	NA	NA	NA	NA	NA	NA	NA
11	0.970828	0.0103919	0.00901465	0.00964067	0.000125203	0.0425251	0.93407	0.00642822	0.0166474	0.000329652	0.0181201	0.00724805	0.933765	0.0407896	7.71069e-05	0.0351351	0.00945946	0.0238739	0.930631	0.000900901	NA	3.42067e-05	NA	NA	0.999966
12	0.971029	0.0147948	0.00573791	0.00821309	0.000225016	0.0344674	0.947388	0.00475925	0.0131251	0.000260271	0.0120235	0.00509255	0.95497	0.0277872	0.000126786	0.0141277	0.00842478	0.0288171	0.948414	0.00021602	5.2687e-05	1.50534e-05	4.51603e-05	0.000210748	0.999676
13	0.965743	0.0162389	0.00720455	0.0106891	0.000124107	0.029934	0.953858	0.00528448	0.0107875	0.000135998	0.00955621	0.00448859	0.964845	0.0209842	0.000125681	0.016822	0.010732	0.0240002	0.948277	0.000168299	5.61133e-05	2.20445e-05	3.70749e-05	0.000327662	0.999557
14	0.962257	0.0166159	0.00803843	0.0128896	0.000199203	0.0282034	0.952385	0.00503261	0.014223	0.000155916	0.0157564	0.00724282	0.946735	0.0301485	0.000116945	0.0196237	0.015735	0.0236476	0.940701	0.00029278	6.75968e-05	4.75005e-05	5.66352e-05	0.000169906	0.999658
15	0.975811	0.00889894	0.00589178	0.00933258	6.59879e-05	0.0122218	0.9759	0.00309305	0.00863476	0.000150357	0.0139323	0.00605405	0.956148	0.0236649	0.000200465	0.0274192	0.0179851	0.0269706	0.927387	0.000238306	0.00028545	5.1381e-05	5.99445e-05	6.2799e-05	0.99954
16	0.961872	0.0129407	0.0100901	0.0149268	0.000170135	0.0174946	0.960019	0.00516564	0.0171571	0.000163297	0.0168936	0.00815623	0.951532	0.0232758	0.000142734	0.0198895	0.0131922	0.0211557	0.945465	0.000297179	0.000105623	4.3361e-05	5.11437e-05	9.00574e-05	0.99971
17	NA	NA	NA	NA	NA	NA	NA	NA	NA	NA	NA	NA	NA	NA	NA	NA	NA	NA	NA	NA	NA	NA	NA	NA	NA
18	NA	NA	NA	NA	NA	NA	NA	NA	NA	NA	NA	NA	NA	NA	NA	NA	NA	NA	NA	NA	NA	NA	NA	NA	NA
19	NA	NA	NA	NA	NA	NA	NA	NA	NA	NA	NA	NA	NA	NA	NA	NA	NA	NA	NA	NA	NA	NA	NA	NA	NA
20	0.993858	0.00153551	0.00422265	0.000383877	NA	0.00387597	0.993217	0.000484496	0.00242248	NA	0.00128096	0.000426985	0.996584	0.00170794	NA	0.00266099	NA	0.00478978	0.992549	NA	8.90551e-05	NA	NA	NA	0.999911
21	0.996915	0.00152953	0.000699953	0.000777726	7.77726e-05	0.00244728	0.996011	0.000469342	0.00103926	3.35244e-05	0.000845918	0.000344633	0.996773	0.00203647	NA	0.00103067	0.000524374	0.00245913	0.99595	3.61637e-05	6.42913e-06	6.42913e-06	1.92874e-05	1.92874e-05	0.999949
22	0.996413	0.00156617	0.00111148	0.000833607	7.57825e-05	0.00392157	0.993734	0.000646857	0.00165757	4.04285e-05	0.0014865	0.000760535	0.994227	0.00349155	3.45698e-05	0.00181128	0.000669925	0.00337444	0.99412	2.4812e-05	2.24701e-05	7.49002e-06	2.24701e-05	0.000202231	0.999745
23	0.997067	0.00112288	0.00103908	0.000720654	5.02782e-05	0.00254024	0.995848	0.000757187	0.000830463	2.44254e-05	0.0012264	0.000439652	0.996066	0.00224454	2.31396e-05	0.00123183	0.000904098	0.00166128	0.996169	3.39037e-05	1.29219e-05	2.58438e-05	3.44584e-05	0.000314433	0.999612
24	0.997485	0.00101428	0.00117657	0.000243427	8.11425e-05	0.00151665	0.996439	0.000659413	0.00131883	6.59413e-05	0.000869943	0.000621388	0.996582	0.0019263	NA	0.000742073	0.000371036	0.0014556	0.997374	5.70825e-05	2.20034e-05	NA	NA	0.000187029	0.999791
25	0.996733	0.00096266	0.00140023	0.000845974	5.83431e-05	0.00268403	0.995228	0.000596451	0.00144142	4.97043e-05	0.00193343	0.00101275	0.994154	0.00290015	NA	0.00161111	0.00108859	0.00130631	0.99595	4.35436e-05	1.63936e-05	2.45904e-05	2.45904e-05	0.000270494	0.999664
26	0.996845	0.000647171	0.00173927	0.000768515	NA	0.00206729	0.995794	0.000285144	0.00185344	NA	0.0015294	0.000994112	0.994188	0.00328822	NA	0.000523171	0.000743453	0.000991271	0.997742	NA	5.67563e-05	4.5405e-05	5.67563e-05	0.000510806	0.99933
27	0.995918	0.00111979	0.00164675	0.00126062	5.45132e-05	0.00134952	0.996642	0.000384067	0.0015856	3.8759e-05	0.00270498	0.00133012	0.991837	0.00410668	2.08764e-05	0.00116004	0.00136998	0.00365269	0.993698	0.000119206	7.05183e-05	1.63237e-05	1.69766e-05	2.80767e-05	0.999868
28	0.99764	0.000442587	0.00093435	0.000835997	0.000147529	0.000373065	0.998135	0.000186532	0.00130573	NA	0.00243838	0.000621549	0.99541	0.00150606	2.39057e-05	0.00061598	0.00598381	0.000703977	0.992608	8.79972e-05	NA	NA	2.10642e-05	3.15962e-05	0.999947
29	0.993339	NA	0.00666075	NA	NA	0.00074239	0.998515	0.00074239	NA	NA	0.000631048	NA	0.999369	NA	NA	NA	NA	NA	1	NA	NA	NA	NA	NA	1
30	0.997355	0.000558034	0.00135633	0.00069948	3.10019e-05	0.000387006	0.997987	0.000170398	0.0014556	NA	0.00129771	0.000448206	0.997415	0.000836478	2.60585e-06	0.000714064	0.00134551	0.000840944	0.997061	3.83588e-05	5.3087e-05	6.95187e-06	3.79193e-06	0.000135877	0.9998
31	0.99818	0.000280509	0.00119808	0.000309235	3.21064e-05	0.000146067	0.998844	9.56991e-05	0.00091166	2.5184e-06	0.000813546	0.000163175	0.998468	0.000545472	9.32431e-06	0.000320311	0.000883282	0.000584325	0.998152	6.01797e-05	5.6241e-05	3.1537e-06	4.20493e-06	8.3573e-05	0.999853
32	0.9987	0.00017848	0.000960394	0.000135985	2.54972e-05	0.000100237	0.999621	2.22749e-05	0.000256162	NA	0.000297934	4.41384e-05	0.999371	0.000275865	1.10346e-05	0.00010732	0.000291297	0.000229971	0.999364	7.66571e-06	2.37126e-06	NA	2.37126e-06	0.000305892	0.999689
33	0.998979	8.55882e-05	0.000843655	6.72479e-05	2.44538e-05	6.15325e-05	0.999675	1.75807e-05	0.00024613	NA	0.000183525	4.17101e-05	0.999533	0.000241919	NA	3.68417e-05	0.000299339	0.000386838	0.999272	4.60522e-06	1.20226e-05	NA	6.87003e-06	0.000279954	0.999701
34	0.998233	0.000358956	0.00115983	0.000197959	5.01059e-05	0.00011683	0.999078	8.73015e-05	0.000712534	5.13538e-06	0.000716488	0.000183028	0.998722	0.000371636	6.69615e-06	0.000195558	0.0007596	0.000508814	0.998467	6.88076e-05	6.11191e-05	5.26025e-06	8.2661e-06	5.31034e-05	0.999872
35	0.999175	0.000256406	0.000500691	4.75516e-05	2.05125e-05	4.09704e-05	0.999752	1.40836e-05	0.000188208	5.1213e-06	0.000345864	5.90165e-05	0.999384	0.000208616	2.74495e-06	5.45041e-05	0.00045837	0.000515555	0.998903	6.88002e-05	2.06018e-05	2.18504e-06	5.93083e-06	1.09252e-05	0.99996
36	0.998528	0.000220476	0.00107914	0.000128568	4.33723e-05	5.90447e-05	0.99927	5.33829e-05	0.000605815	1.13236e-05	0.000476657	8.63987e-05	0.999265	0.000164011	8.05412e-06	0.000139835	0.0007924	0.000285724	0.998725	5.7508e-05	5.21854e-05	6.78572e-06	4.84694e-06	8.99915e-05	0.999846
37	0.998517	0.00015681	0.0011951	8.8748e-05	4.20385e-05	4.73432e-05	0.999405	4.61885e-05	0.000496527	4.61885e-06	0.000321602	6.36385e-05	0.999501	0.00010114	1.25004e-05	8.1006e-05	0.000768925	0.000236057	0.998853	6.13874e-05	5.88788e-05	4.56104e-06	6.01227e-06	9.41232e-05	0.999836
38	0.998432	0.000194228	0.00126535	7.432e-05	3.40952e-05	2.37749e-05	0.999405	3.84056e-05	0.000523657	9.14419e-06	0.000400488	6.28915e-05	0.999443	8.12843e-05	1.18663e-05	7.11463e-05	0.000726483	0.000213044	0.998928	6.08696e-05	5.82446e-05	5.43458e-06	4.01687e-06	7.45483e-05	0.999858
39	0.998352	0.000240307	0.00130428	5.78914e-05	4.54697e-05	2.72557e-05	0.999434	3.11856e-05	0.000501505	6.4653e-06	0.000298	3.78412e-05	0.999608	4.42694e-05	1.22499e-05	4.89292e-05	0.000653213	0.000234555	0.998997	6.64973e-05	5.95479e-05	6.19466e-06	6.87001e-06	6.4811e-05	0.999863
40	0.998607	0.000271074	0.00102626	4.63283e-05	4.88392e-05	2.28215e-05	0.999313	2.9997e-05	0.00062751	6.58209e-06	0.000274762	2.63127e-05	0.99965	3.04297e-05	1.84965e-05	4.0699e-05	0.00045906	0.000266901	0.999178	5.50511e-05	5.96769e-05	8.14957e-06	7.98723e-06	3.36806e-05	0.999891
