quality	AA	AC	AG	AT	A.	CA	CC	CG	CT	C.	GA	GC	GG	GT	G.	TA	TC	TG	TT	T.	.A	.C	.G	.T	..
0	NA	NA	NA	NA	NA	NA	NA	NA	NA	NA	NA	NA	NA	NA	NA	NA	NA	NA	NA	NA	NA	NA	NA	NA	NA
1	NA	NA	NA	NA	NA	NA	NA	NA	NA	NA	NA	NA	NA	NA	NA	NA	NA	NA	NA	NA	NA	NA	NA	NA	NA
2	NA	NA	NA	NA	NA	NA	NA	NA	NA	NA	NA	NA	NA	NA	NA	NA	NA	NA	NA	NA	NA	NA	NA	NA	NA
3	NA	NA	NA	NA	NA	NA	NA	NA	NA	NA	NA	NA	NA	NA	NA	NA	NA	NA	NA	NA	NA	NA	NA	NA	NA
4	NA	NA	NA	NA	NA	NA	NA	NA	NA	NA	NA	NA	NA	NA	NA	NA	NA	NA	NA	NA	NA	NA	NA	NA	NA
5	NA	NA	NA	NA	NA	NA	NA	NA	NA	NA	NA	NA	NA	NA	NA	NA	NA	NA	NA	NA	NA	NA	NA	NA	NA
6	NA	NA	NA	NA	NA	NA	NA	NA	NA	NA	NA	NA	NA	NA	NA	NA	NA	NA	NA	NA	NA	NA	NA	NA	NA
7	NA	NA	NA	NA	NA	NA	NA	NA	NA	NA	NA	NA	NA	NA	NA	NA	NA	NA	NA	NA	NA	NA	NA	NA	NA
8	NA	NA	NA	NA	NA	NA	NA	NA	NA	NA	NA	NA	NA	NA	NA	NA	NA	NA	NA	NA	NA	NA	NA	NA	NA
9	NA	NA	NA	NA	NA	NA	NA	NA	NA	NA	NA	NA	NA	NA	NA	NA	NA	NA	NA	NA	NA	NA	NA	NA	NA
10	0.970588	NA	0.0196078	0.00980392	NA	0.0714286	0.892857	NA	0.0357143	NA	0.0196078	NA	0.934641	0.0457516	NA	NA	NA	NA	1	NA	NA	NA	NA	NA	1
11	0.970284	0.0121039	0.00945192	0.00795594	0.000203998	0.0625795	0.915384	0.00583887	0.0160569	0.000141263	0.0222834	0.00533925	0.919204	0.0530756	9.75205e-05	0.0243586	0.00519649	0.0175382	0.95269	0.000216521	4.95638e-05	1.98255e-05	NA	4.95638e-05	0.999881
12	0.971352	0.0159555	0.0052937	0.00726024	0.000138189	0.0529225	0.93015	0.00486111	0.0119213	0.000144676	0.0117869	0.0041356	0.951576	0.0323631	0.000138778	0.0118316	0.0057025	0.0260239	0.956271	0.000170648	4.10037e-05	2.05018e-05	4.39325e-05	0.000708777	0.999186
13	0.967651	0.0182226	0.00597431	0.00802936	0.000123019	0.0382383	0.947926	0.00446676	0.00921915	0.000150205	0.00790679	0.00352901	0.968308	0.0201316	0.000124328	0.0144233	0.00850894	0.0234209	0.953495	0.000151506	4.38137e-05	2.41731e-05	2.71947e-05	0.000202953	0.999702
14	0.965543	0.0189703	0.00633532	0.0089936	0.000157418	0.0336305	0.95213	0.00390606	0.0102159	0.000117574	0.0127303	0.00546042	0.952758	0.0288759	0.000175756	0.0154908	0.0121835	0.0222951	0.949868	0.000162653	5.39761e-05	3.53636e-05	2.14043e-05	3.81555e-05	0.999851
15	0.966989	0.0164604	0.00628121	0.0101898	7.9442e-05	0.0297675	0.953576	0.00516517	0.0113453	0.000145987	0.0126013	0.0055906	0.956922	0.0247697	0.000116141	0.0179979	0.0105698	0.0239882	0.947226	0.000218074	0.000397994	5.15051e-05	3.12152e-05	4.52621e-05	0.999474
16	0.966206	0.0149206	0.00765905	0.0111093	0.000104661	0.0251691	0.957612	0.0045205	0.0125882	0.000110391	0.0109393	0.00500975	0.960228	0.0237379	8.50951e-05	0.0198636	0.0121305	0.028572	0.939261	0.000173128	6.32957e-05	2.4257e-05	2.65311e-05	3.48695e-05	0.999851
17	NA	NA	NA	NA	NA	NA	NA	NA	NA	NA	NA	NA	NA	NA	NA	NA	NA	NA	NA	NA	NA	NA	NA	NA	NA
18	1	NA	NA	NA	NA	NA	1	NA	NA	NA	NA	NA	1	NA	NA	NA	NA	NA	1	NA	NA	NA	NA	NA	1
19	1	NA	NA	NA	NA	0.0126582	0.987342	NA	NA	NA	NA	NA	0.991228	0.00877193	NA	NA	NA	NA	1	NA	NA	NA	NA	NA	1
20	0.993178	0.00189514	0.00454833	0.000379027	NA	0.00744021	0.990788	0.000177148	0.00141718	0.000177148	0.00128183	0.000170911	0.994531	0.00401641	NA	0.00244131	0.00056338	0.00338028	0.993615	NA	9.80937e-05	NA	NA	9.80937e-05	0.999804
21	0.996443	0.00225804	0.000799305	0.0004596	3.99652e-05	0.0044766	0.994179	0.00024947	0.00099788	9.70161e-05	0.000775306	0.000315379	0.996557	0.00231278	3.94223e-05	0.000765415	0.000456305	0.00220057	0.996526	5.15183e-05	7.81258e-06	7.81258e-06	1.82294e-05	0.000122397	0.999844
22	0.995699	0.00246606	0.00144809	0.000344101	4.30126e-05	0.00529921	0.99346	0.000405796	0.000787721	4.77407e-05	0.00128046	0.000426821	0.995386	0.00288612	2.03248e-05	0.00123604	0.000843416	0.00285016	0.995012	5.81666e-05	3.04909e-05	2.17792e-05	8.71167e-06	0.000317976	0.999621
23	0.99732	0.00149628	0.000712131	0.000416077	5.60103e-05	0.00353131	0.995165	0.000272551	0.0010191	1.185e-05	0.000791211	0.000214757	0.997005	0.00196672	2.2606e-05	0.000500337	0.000750506	0.00149557	0.997199	5.43845e-05	2.70026e-05	1.6617e-05	1.24627e-05	0.000197327	0.999747
24	0.997178	0.00116057	0.0014564	0.000136537	6.82687e-05	0.00256773	0.995795	0.000297708	0.00126526	7.44269e-05	0.000891233	0.000297078	0.997029	0.00178247	NA	0.000267402	0.000417816	0.00111975	0.998145	5.01379e-05	4.4447e-05	2.53983e-05	1.90487e-05	0.000285731	0.999625
25	0.997575	0.00112211	0.000995421	0.00025338	5.42957e-05	0.00308277	0.99536	0.000217973	0.00133898	NA	0.00122052	0.000427181	0.996918	0.00143411	NA	0.000596684	0.00139226	0.000866613	0.997073	7.10338e-05	5.24995e-05	1.04999e-05	1.57499e-05	7.87493e-05	0.999843
26	0.994384	0.00134286	0.00384545	0.000244156	0.000183117	0.00190629	0.997592	0.000100331	0.000401324	NA	0.000433463	0.000108366	0.996641	0.00281751	NA	0.000202799	0.00336646	0.00101399	0.995295	0.000121679	4.98297e-05	3.32198e-05	1.66099e-05	0.000697616	0.999203
27	0.996335	0.0013451	0.00163099	0.000651739	3.72422e-05	0.00247175	0.995804	0.000334549	0.00136311	2.66927e-05	0.00143092	0.000614591	0.995132	0.0027899	3.28407e-05	0.00105502	0.00105502	0.00374876	0.994039	0.000102305	8.6712e-05	1.86037e-05	1.60811e-05	2.80632e-05	0.999851
28	0.99819	0.000402202	0.00095523	0.000326789	0.000125688	0.000588206	0.998431	7.35258e-05	0.000833292	7.35258e-05	0.00151823	0.000301027	0.996728	0.00142661	2.61763e-05	0.000404592	0.00141607	0.000708036	0.997471	NA	2.26321e-05	1.13161e-05	NA	5.65803e-06	0.99996
29	0.990597	0.000221239	0.0090708	0.000110619	NA	0.000402414	0.998793	0.000402414	0.000402414	NA	0.000922117	7.0932e-05	0.998581	0.000425592	NA	0.000283286	0.000283286	0.000283286	0.99915	NA	NA	3.16076e-05	NA	3.16076e-05	0.999937
30	0.997876	0.000510635	0.0012761	0.000306576	3.02671e-05	0.000412754	0.998414	0.000146215	0.00101741	9.13846e-06	0.000722115	0.000183031	0.998378	0.000707815	8.57958e-06	0.000405509	0.00110005	0.000733367	0.997705	5.6081e-05	4.92177e-05	6.84485e-06	4.23729e-06	0.000101369	0.999838
31	0.998353	0.000351613	0.0010982	0.000165909	3.11079e-05	0.000474693	0.998712	7.66585e-05	0.000734153	2.9484e-06	0.000519387	0.000110711	0.998863	0.000502985	4.10042e-06	0.000211772	0.000763856	0.000599495	0.998382	4.31974e-05	5.62565e-05	6.84603e-06	3.86949e-06	8.78078e-05	0.999845
32	0.998884	0.000223184	0.000813692	6.50954e-05	1.3949e-05	0.000252598	0.999481	4.09618e-05	0.00022529	NA	0.000197217	7.63422e-05	0.999548	0.000178132	NA	9.64925e-05	0.000719308	0.000157897	0.999	2.63161e-05	4.16993e-06	1.38998e-06	1.38998e-06	0.000276605	0.999716
33	0.999071	0.000276495	0.000591391	3.8402e-05	2.30412e-05	0.000465135	0.999266	2.24161e-05	0.000246577	NA	0.000170212	3.19147e-05	0.999622	0.000175531	NA	5.37495e-05	0.000701905	0.000246615	0.998982	1.58087e-05	1.02061e-05	1.13401e-06	1.13401e-06	0.000309584	0.999678
34	0.998237	0.000386222	0.00120133	0.000132069	4.31153e-05	0.000199289	0.999054	5.94245e-05	0.000682657	4.34813e-06	0.000538173	0.000102447	0.999005	0.000341059	1.36164e-05	0.000163564	0.00069351	0.000683444	0.998381	7.85106e-05	5.86043e-05	5.2124e-06	6.76204e-06	4.15583e-05	0.999888
35	0.998722	0.000376884	0.000832129	3.80615e-05	3.05985e-05	0.000220159	0.999505	1.58673e-05	0.000253877	4.95853e-06	0.000336803	5.57957e-05	0.999436	0.000166373	5.07234e-06	5.07862e-05	0.000324504	0.000743326	0.998815	6.66157e-05	3.38722e-05	2.2733e-06	8.41122e-06	8.86588e-06	0.999947
36	0.998552	0.000210259	0.00111454	8.90703e-05	3.44361e-05	8.19526e-05	0.999237	4.33253e-05	0.000630565	7.30788e-06	0.00038805	5.8109e-05	0.999394	0.000155121	4.92449e-06	0.00010471	0.000691466	0.000308799	0.998839	5.59722e-05	5.18192e-05	4.17056e-06	5.10893e-06	6.92313e-05	0.99987
37	0.998413	0.000151554	0.00132415	7.10138e-05	3.9837e-05	8.77899e-05	0.999283	3.7517e-05	0.000584515	7.50341e-06	0.000298879	5.23417e-05	0.999538	0.000104683	6.06861e-06	6.61086e-05	0.000661086	0.000283733	0.998926	6.32343e-05	5.36901e-05	4.73339e-06	4.32767e-06	7.23532e-05	0.999865
38	0.998396	0.000206155	0.00129969	5.62241e-05	4.17422e-05	4.6159e-05	0.999337	2.71524e-05	0.000582871	7.24063e-06	0.000312459	4.48961e-05	0.999568	6.53034e-05	9.06992e-06	5.86569e-05	0.000627856	0.000269651	0.99897	7.37482e-05	5.65254e-05	4.45564e-06	3.93144e-06	6.09811e-05	0.999874
39	0.998468	0.000247149	0.00119595	4.46013e-05	4.43382e-05	3.56441e-05	0.99935	2.17057e-05	0.000586266	6.06482e-06	0.000294074	3.22055e-05	0.999621	4.21312e-05	1.06648e-05	5.44514e-05	0.000558173	0.000277487	0.999041	6.90333e-05	5.49161e-05	5.26701e-06	7.11544e-06	5.45384e-05	0.999878
40	0.998678	0.000284544	0.000956096	3.43323e-05	4.71405e-05	2.32638e-05	0.999276	2.1989e-05	0.000669789	9.00276e-06	0.000279467	2.37651e-05	0.999658	2.54885e-05	1.33339e-05	4.62126e-05	0.000423776	0.000290718	0.999181	5.78291e-05	4.74947e-05	5.7013e-06	8.29426e-06	2.98915e-05	0.999909
