quality	AA	AC	AG	AT	A.	CA	CC	CG	CT	C.	GA	GC	GG	GT	G.	TA	TC	TG	TT	T.	.A	.C	.G	.T	..
0	NA	NA	NA	NA	NA	NA	NA	NA	NA	NA	NA	NA	NA	NA	NA	NA	NA	NA	NA	NA	NA	NA	NA	NA	NA
1	NA	NA	NA	NA	NA	NA	NA	NA	NA	NA	NA	NA	NA	NA	NA	NA	NA	NA	NA	NA	NA	NA	NA	NA	NA
2	NA	NA	NA	NA	NA	NA	NA	NA	NA	NA	NA	NA	NA	NA	NA	NA	NA	NA	NA	NA	NA	NA	NA	NA	NA
3	NA	NA	NA	NA	NA	NA	NA	NA	NA	NA	NA	NA	NA	NA	NA	NA	NA	NA	NA	NA	NA	NA	NA	NA	NA
4	NA	NA	NA	NA	NA	NA	NA	NA	NA	NA	NA	NA	NA	NA	NA	NA	NA	NA	NA	NA	NA	NA	NA	NA	NA
5	NA	NA	NA	NA	NA	NA	NA	NA	NA	NA	NA	NA	NA	NA	NA	NA	NA	NA	NA	NA	NA	NA	NA	NA	NA
6	NA	NA	NA	NA	NA	NA	NA	NA	NA	NA	NA	NA	NA	NA	NA	NA	NA	NA	NA	NA	NA	NA	NA	NA	NA
7	NA	NA	NA	NA	NA	NA	NA	NA	NA	NA	NA	NA	NA	NA	NA	NA	NA	NA	NA	NA	NA	NA	NA	NA	NA
8	NA	NA	NA	NA	NA	NA	NA	NA	NA	NA	NA	NA	NA	NA	NA	NA	NA	NA	NA	NA	NA	NA	NA	NA	NA
9	NA	NA	NA	NA	NA	NA	NA	NA	NA	NA	NA	NA	NA	NA	NA	NA	NA	NA	NA	NA	NA	NA	NA	NA	NA
10	0.966667	NA	NA	0.0333333	NA	NA	1	NA	NA	NA	NA	0.00840336	0.991597	NA	NA	NA	NA	NA	1	NA	NA	NA	NA	NA	1
11	0.977662	0.0120465	0.00265592	0.00758833	4.74271e-05	0.0640533	0.915296	0.00521701	0.0153612	7.24585e-05	0.0218874	0.00583664	0.927755	0.0442838	0.000237538	0.0214787	0.00908715	0.0307724	0.938249	0.000413052	7.22909e-05	NA	NA	4.33745e-05	0.999884
12	0.973763	0.0136597	0.00593574	0.00653683	0.00010519	0.0496086	0.933589	0.00458998	0.0120282	0.000184419	0.0105967	0.003707	0.951407	0.0342288	6.09704e-05	0.0105862	0.0069358	0.0241142	0.958235	0.000128838	3.69073e-05	1.64033e-05	3.69073e-05	6.97138e-05	0.99984
13	0.968422	0.0174224	0.00551044	0.00853896	0.000106338	0.0353624	0.950546	0.00461726	0.00935778	0.000116597	0.00752753	0.00311096	0.969618	0.0196247	0.000118691	0.0115575	0.00748772	0.0220211	0.95883	0.000103575	3.6339e-05	2.08613e-05	2.48989e-05	3.16284e-05	0.999886
14	0.968007	0.0174259	0.00523472	0.00917713	0.000155406	0.0329897	0.952197	0.00382977	0.0108157	0.00016841	0.0143267	0.00628666	0.948369	0.0308738	0.000144189	0.0148088	0.00982839	0.0199991	0.955121	0.000242949	6.32355e-05	3.557e-05	3.03004e-05	6.71877e-05	0.999804
15	0.966428	0.0160041	0.00636289	0.0111189	8.6082e-05	0.0268756	0.956691	0.00462191	0.0117034	0.000108115	0.0149632	0.00666798	0.950736	0.0275196	0.00011353	0.0143329	0.00956121	0.0204464	0.955464	0.00019549	5.32485e-05	1.49096e-05	3.6209e-05	5.75084e-05	0.999838
16	0.965575	0.0145848	0.0075533	0.0121975	8.95835e-05	0.0253177	0.956869	0.00426658	0.0134085	0.000138362	0.0133551	0.00553337	0.953984	0.0270291	9.81094e-05	0.0196654	0.0125055	0.0290536	0.938624	0.000151361	5.50279e-05	3.56662e-05	4.4328e-05	4.27995e-05	0.999822
17	NA	NA	NA	NA	NA	NA	NA	NA	NA	NA	NA	NA	NA	NA	NA	NA	NA	NA	NA	NA	NA	NA	NA	NA	NA
18	1	NA	NA	NA	NA	NA	1	NA	NA	NA	NA	NA	1	NA	NA	NA	NA	NA	1	NA	NA	NA	NA	NA	1
19	0.978261	0.0217391	NA	NA	NA	0.0243902	0.97561	NA	NA	NA	NA	NA	1	NA	NA	NA	NA	NA	1	NA	NA	NA	NA	NA	1
20	0.997068	0.00179182	0.000488679	0.000488679	0.000162893	0.00684064	0.992399	0.000253357	0.000506714	NA	0.00107092	0.000237982	0.996073	0.0026178	NA	0.00103977	0.000519886	0.00311931	0.995321	NA	NA	4.48049e-05	NA	NA	0.999955
21	0.99615	0.00283099	0.000410096	0.000595301	1.32289e-05	0.00420814	0.994324	0.000424351	0.00102551	1.76813e-05	0.000920638	0.000409172	0.996181	0.00245503	3.40977e-05	0.000685937	0.000627971	0.00225103	0.996358	7.72887e-05	6.80136e-06	1.0202e-05	3.40068e-06	2.04041e-05	0.999959
22	0.996734	0.00202832	0.000831609	0.000344814	6.08495e-05	0.00425173	0.993866	0.000908766	0.000941222	3.24559e-05	0.00113716	0.000216603	0.996237	0.00235555	5.41506e-05	0.000993799	0.000834791	0.00316028	0.994971	3.97519e-05	2.98818e-05	1.79291e-05	1.79291e-05	1.79291e-05	0.999916
23	0.99692	0.00193148	0.000729669	0.000397026	2.14608e-05	0.00270328	0.995647	0.00054982	0.00109964	NA	0.000642971	0.000418679	0.997294	0.00164481	NA	0.000402669	0.000453003	0.00148125	0.997642	2.15716e-05	1.37215e-05	8.23291e-06	1.64658e-05	2.46987e-05	0.999937
24	0.997603	0.00123081	0.000712574	0.000388677	6.47794e-05	0.00303649	0.993979	0.00109942	0.00188472	NA	0.000728749	0.000468482	0.996929	0.00182187	5.20535e-05	0.000505863	0.000459876	0.00133364	0.997678	2.29938e-05	1.77546e-05	1.77546e-05	1.77546e-05	8.87729e-06	0.999938
25	0.997288	0.00113215	0.000868855	0.000710882	NA	0.00210813	0.996486	0.000395274	0.000966226	4.39194e-05	0.00107309	0.000412729	0.996533	0.00193982	4.12729e-05	0.000415858	0.000653491	0.00132679	0.997564	3.96055e-05	7.38274e-06	7.38274e-06	4.42965e-05	4.42965e-05	0.999897
26	0.99694	0.00109856	0.00164783	0.000313873	NA	0.00279756	0.994914	0.00127162	0.00101729	NA	0.000684556	0.000273823	0.997125	0.00164294	0.000273823	0.00032464	0.00135267	0.00119035	0.997078	5.41067e-05	6.46872e-05	4.31248e-05	NA	2.15624e-05	0.999871
27	0.996744	0.00124029	0.00123746	0.000748131	2.9699e-05	0.00277119	0.995468	0.000324533	0.00140401	3.22232e-05	0.00174723	0.000676856	0.994314	0.00324458	1.77084e-05	0.00093415	0.00102368	0.00422311	0.993783	3.65178e-05	3.16695e-05	9.74446e-06	1.66468e-05	2.76093e-05	0.999914
28	0.998838	0.000290444	0.000516346	0.000290444	6.45432e-05	0.000507796	0.998536	0.000119481	0.00083637	NA	0.00163943	0.000281518	0.996605	0.00147383	NA	0.000131105	0.000393314	0.000524418	0.998886	6.55523e-05	2.85555e-05	1.42778e-05	NA	4.99722e-05	0.999907
29	0.999424	0.000143947	0.000287894	0.000143947	NA	0.000864304	0.998848	NA	0.000288101	NA	0.00086273	NA	0.99885	0.000287577	NA	NA	0.000503018	0.000503018	0.998994	NA	4.38078e-05	NA	NA	NA	0.999956
30	0.997836	0.000601414	0.00115502	0.000392555	1.50983e-05	0.00055661	0.998107	0.000282253	0.00104019	1.38166e-05	0.000996268	0.000261982	0.997854	0.000874502	1.29146e-05	0.000465977	0.000918907	0.000766066	0.997838	1.11835e-05	1.475e-05	4.63572e-06	8.00715e-06	1.09572e-05	0.999962
31	0.998553	0.000536813	0.000734399	0.000166638	9.52219e-06	0.000489663	0.998564	0.000169357	0.000758425	1.84084e-05	0.000741122	0.000141841	0.99845	0.000652471	1.41841e-05	0.000247781	0.000668218	0.000718302	0.998351	1.44978e-05	1.54509e-05	5.65275e-06	6.7833e-06	1.31898e-05	0.999959
32	0.998275	0.000847656	0.000818426	5.26131e-05	5.8459e-06	0.000196383	0.999183	0.000400622	0.000219949	NA	0.000222557	5.99192e-05	0.999486	0.000205437	2.56797e-05	9.94881e-05	0.000477543	0.000373081	0.999045	4.97441e-06	5.09889e-06	1.69963e-06	1.69963e-06	3.39926e-06	0.999988
33	0.998323	0.000833869	0.000800515	3.81197e-05	4.76497e-06	0.000482757	0.998953	0.000346769	0.000210781	6.79939e-06	0.000254343	2.74965e-05	0.999553	0.000109986	5.4993e-05	4.06195e-05	0.000387731	0.000372961	0.999195	3.69268e-06	2.78421e-06	1.39211e-06	2.78421e-06	1.39211e-06	0.999992
34	0.998617	0.00028129	0.000955933	0.000124515	2.15071e-05	0.000292147	0.99896	0.000112155	0.000627708	8.14031e-06	0.000718812	0.000173285	0.998715	0.000380264	1.28359e-05	0.000159594	0.000652941	0.000564278	0.998609	1.45661e-05	1.44312e-05	4.75175e-06	6.33566e-06	1.35513e-05	0.999961
35	0.9993	0.000152596	0.000497812	3.66897e-05	1.25078e-05	0.000271511	0.999483	2.61286e-05	0.000215845	3.40808e-06	0.000432571	6.73134e-05	0.999306	0.000184284	9.93148e-06	5.77681e-05	0.000298468	0.000541576	0.999083	1.9256e-05	9.93077e-06	2.8747e-06	2.35203e-06	8.88543e-06	0.999976
36	0.998657	0.000283433	0.000951727	9.2206e-05	1.60358e-05	0.000143603	0.999089	0.000177916	0.000573143	1.65207e-05	0.00061823	0.00013006	0.99901	0.000233395	8.31434e-06	0.000104539	0.000666726	0.000318263	0.99889	1.99786e-05	1.35387e-05	6.45303e-06	4.93467e-06	1.60693e-05	0.999959
37	0.998742	0.000270702	0.000894154	8.3092e-05	1.04518e-05	0.000168335	0.999111	0.000141185	0.000563833	1.53855e-05	0.000586	0.000165212	0.999078	0.000156997	1.36916e-05	7.69338e-05	0.00053454	0.000363687	0.999009	1.54867e-05	1.21016e-05	4.90604e-06	5.56018e-06	1.30828e-05	0.999964
38	0.998834	0.000216526	0.0008671	6.33331e-05	1.85689e-05	0.000119524	0.999225	0.000150199	0.000491319	1.42795e-05	0.000558222	0.000106603	0.999182	0.000140212	1.26033e-05	7.67649e-05	0.000587972	0.000272867	0.99904	2.24596e-05	1.28667e-05	5.61644e-06	5.92279e-06	1.43985e-05	0.999961
39	0.998835	0.000180968	0.000915476	5.02278e-05	1.83922e-05	0.0001159	0.999235	0.000131306	0.000501513	1.6007e-05	0.000601036	0.000123011	0.999142	0.000120891	1.31966e-05	7.19417e-05	0.000541093	0.000206432	0.999163	1.74636e-05	1.42055e-05	5.61508e-06	5.03344e-06	1.42502e-05	0.999961
40	0.998941	9.97247e-05	0.00088296	5.04284e-05	2.59346e-05	7.72885e-05	0.999283	8.29818e-05	0.000535327	2.16813e-05	0.000609296	6.96489e-05	0.999149	0.000157105	1.47368e-05	6.73933e-05	0.000422622	0.000153992	0.999341	1.49377e-05	1.87163e-05	6.83444e-06	6.58364e-06	1.57067e-05	0.999952
