quality	AA	AC	AG	AT	A.	CA	CC	CG	CT	C.	GA	GC	GG	GT	G.	TA	TC	TG	TT	T.	.A	.C	.G	.T	..
0	NA	NA	NA	NA	NA	NA	NA	NA	NA	NA	NA	NA	NA	NA	NA	NA	NA	NA	NA	NA	NA	NA	NA	NA	NA
1	NA	NA	NA	NA	NA	NA	NA	NA	NA	NA	NA	NA	NA	NA	NA	NA	NA	NA	NA	NA	NA	NA	NA	NA	NA
2	NA	NA	NA	NA	NA	NA	NA	NA	NA	NA	NA	NA	NA	NA	NA	NA	NA	NA	NA	NA	NA	NA	NA	NA	NA
3	NA	NA	NA	NA	NA	NA	NA	NA	NA	NA	NA	NA	NA	NA	NA	NA	NA	NA	NA	NA	NA	NA	NA	NA	NA
4	NA	NA	NA	NA	NA	NA	NA	NA	NA	NA	NA	NA	NA	NA	NA	NA	NA	NA	NA	NA	NA	NA	NA	NA	NA
5	NA	NA	NA	NA	NA	NA	NA	NA	NA	NA	NA	NA	NA	NA	NA	NA	NA	NA	NA	NA	NA	NA	NA	NA	NA
6	NA	NA	NA	NA	NA	NA	NA	NA	NA	NA	NA	NA	NA	NA	NA	NA	NA	NA	NA	NA	NA	NA	NA	NA	NA
7	NA	NA	NA	NA	NA	NA	NA	NA	NA	NA	NA	NA	NA	NA	NA	NA	NA	NA	NA	NA	NA	NA	NA	NA	NA
8	NA	NA	NA	NA	NA	NA	NA	NA	NA	NA	NA	NA	NA	NA	NA	NA	NA	NA	NA	NA	NA	NA	NA	NA	NA
9	NA	NA	NA	NA	NA	NA	NA	NA	NA	NA	NA	NA	NA	NA	NA	NA	NA	NA	NA	NA	NA	NA	NA	NA	NA
10	NA	NA	NA	NA	NA	NA	NA	NA	NA	NA	NA	NA	NA	NA	NA	NA	NA	NA	NA	NA	NA	NA	NA	NA	NA
11	0.972973	NA	0.00900901	0.018018	NA	0.047619	0.936508	NA	0.015873	NA	0.0258065	0.00645161	0.935484	0.0322581	NA	0.0555556	NA	0.0555556	0.888889	NA	NA	NA	NA	NA	1
12	0.969543	0.0203046	0.00169205	0.00676819	0.00169205	0.0350467	0.957944	0.00233645	0.0046729	NA	0.011734	0.00782269	0.955671	0.0247718	NA	0.0207792	0.00779221	0.0181818	0.953247	NA	NA	NA	NA	NA	1
13	0.965461	0.0143011	0.00809498	0.0116028	0.000539665	0.0319063	0.952746	0.00323102	0.0121163	NA	0.0115931	0.00411369	0.962229	0.0216904	0.000373972	0.0114734	0.00966184	0.0235507	0.955314	NA	NA	NA	8.22098e-05	0.00016442	0.999753
14	0.964286	0.0138095	0.00857143	0.0133333	NA	0.0338201	0.947733	0.0038432	0.0146042	NA	0.0199587	0.00481762	0.94563	0.0295939	NA	0.0170492	0.012459	0.0183607	0.952131	NA	0.000156789	NA	NA	NA	0.999843
15	0.97479	0.0091673	0.00993125	0.00611154	NA	0.0139459	0.974569	0.00246103	0.00902379	NA	0.015274	0.00359389	0.95867	0.0224618	NA	0.0188442	0.0100503	0.0351759	0.93593	NA	0.000238322	NA	NA	NA	0.999762
16	0.964082	0.0139681	0.00570125	0.0162486	NA	0.0131639	0.964594	0.00544712	0.0163414	0.000453926	0.0178647	0.00467886	0.949383	0.0280732	NA	0.0149304	0.0118765	0.0176451	0.955548	NA	9.08595e-05	NA	NA	9.08595e-05	0.999818
17	NA	NA	NA	NA	NA	NA	NA	NA	NA	NA	NA	NA	NA	NA	NA	NA	NA	NA	NA	NA	NA	NA	NA	NA	NA
18	NA	NA	NA	NA	NA	NA	NA	NA	NA	NA	NA	NA	NA	NA	NA	NA	NA	NA	NA	NA	NA	NA	NA	NA	NA
19	NA	NA	NA	NA	NA	NA	NA	NA	NA	NA	NA	NA	NA	NA	NA	NA	NA	NA	NA	NA	NA	NA	NA	NA	NA
20	1	NA	NA	NA	NA	NA	1	NA	NA	NA	NA	NA	1	NA	NA	NA	NA	NA	1	NA	NA	NA	NA	NA	1
21	0.997925	NA	NA	0.00207469	NA	0.00503778	0.994962	NA	NA	NA	NA	NA	1	NA	NA	NA	NA	0.0057971	0.994203	NA	NA	NA	NA	NA	1
22	0.996055	0.00197239	NA	0.00197239	NA	0.00367647	0.985294	NA	0.0110294	NA	NA	NA	0.99458	0.00542005	NA	NA	NA	NA	1	NA	NA	NA	NA	NA	1
23	0.997375	0.00131234	0.00131234	NA	NA	0.00379507	0.99241	0.00379507	NA	NA	NA	NA	0.998555	0.00144509	NA	0.000834725	0.000834725	0.0066778	0.991653	NA	NA	NA	NA	NA	1
24	0.996032	NA	NA	0.00396825	NA	NA	1	NA	NA	NA	NA	NA	1	NA	NA	0.00268097	NA	NA	0.997319	NA	NA	NA	NA	NA	1
25	0.997519	NA	0.00248139	NA	NA	NA	1	NA	NA	NA	NA	0.00330033	0.993399	0.00330033	NA	NA	0.00162338	0.00324675	0.993506	0.00162338	NA	NA	NA	NA	1
26	1	NA	NA	NA	NA	NA	0.994595	NA	0.00540541	NA	0.00540541	NA	0.989189	0.00540541	NA	NA	0.00191571	NA	0.998084	NA	0.00084317	NA	NA	NA	0.999157
27	0.996668	0.000740466	0.0022214	0.000370233	NA	0.000562905	0.997185	0.000844357	0.00140726	NA	0.00234577	0.00187661	0.98874	0.0070373	NA	0.000849738	0.00155785	0.00410707	0.993485	NA	NA	5.21404e-05	NA	5.21404e-05	0.999896
28	1	NA	NA	NA	NA	NA	1	NA	NA	NA	0.00424628	NA	0.993631	0.00212314	NA	NA	NA	0.0119048	0.988095	NA	NA	NA	NA	NA	1
29	1	NA	NA	NA	NA	NA	1	NA	NA	NA	NA	NA	1	NA	NA	NA	NA	NA	1	NA	NA	NA	NA	NA	1
30	0.996936	0.000806322	0.00145138	0.000806322	NA	0.000501253	0.997744	0.00075188	0.00100251	NA	0.00148211	0.00021173	0.997459	0.000846919	NA	0.000990589	0.00198118	0.000495295	0.996285	0.000247647	NA	NA	NA	NA	1
31	0.998362	0.000409556	0.000955631	0.000273038	NA	NA	0.99917	0.000207426	0.000622278	NA	0.0013524	0.000193199	0.998068	0.000386399	NA	0.000468384	0.000624512	0.000936768	0.99797	NA	NA	NA	4.28009e-05	NA	0.999957
32	0.999325	NA	0.000674764	NA	NA	NA	1	NA	NA	NA	NA	NA	0.999176	0.000824402	NA	NA	0.000583771	NA	0.999416	NA	NA	NA	NA	NA	1
33	0.999503	NA	0.000496524	NA	NA	NA	0.997351	NA	0.00264901	NA	NA	NA	0.999365	0.000634921	NA	0.000709723	0.000709723	0.000709723	0.997871	NA	NA	NA	NA	NA	1
34	0.99852	0.000538105	0.000739894	0.000201789	NA	0.000104581	0.997908	0.000627484	0.00125497	0.000104581	0.00117466	0.000271076	0.998283	0.000271076	NA	7.23223e-05	0.00144645	0.000578578	0.99783	7.23223e-05	NA	NA	4.05951e-05	NA	0.999959
35	0.998907	0.000702466	0.000312207	NA	7.80518e-05	0.000101771	0.999389	0.000101771	0.000407083	NA	0.000432246	0.000108061	0.999136	0.000216123	0.000108061	NA	0.000297752	0.000297752	0.99933	7.4438e-05	7.59205e-05	NA	NA	5.06137e-05	0.999873
36	0.99918	8.62813e-05	0.00069025	4.31406e-05	NA	NA	0.998056	0.000335211	0.00160901	NA	0.000657777	0.000119596	0.999103	0.000119596	NA	0.000149194	0.00104436	0.000397852	0.998259	0.000149194	1.33486e-05	1.33486e-05	NA	1.33486e-05	0.99996
37	0.998886	5.56948e-05	0.000891117	5.56948e-05	0.00011139	NA	0.998656	0.000287936	0.00105576	NA	0.000753864	0.000188466	0.999058	NA	NA	0.000157192	0.00110034	0.000157192	0.998376	0.000209589	5.16716e-05	NA	NA	6.88954e-05	0.999879
38	0.998976	0.000231229	0.000660655	3.30327e-05	9.90982e-05	NA	0.998544	0.000903433	0.000552098	NA	0.000347515	NA	0.999652	NA	NA	9.93016e-05	0.000761312	0.000297905	0.998643	0.000198603	NA	NA	1.98944e-05	2.98415e-05	0.99995
39	0.998809	0.000314	0.000765376	4.57917e-05	6.54168e-05	2.105e-05	0.998453	0.000652549	0.000873574	NA	0.000567023	2.98433e-05	0.999373	1.98955e-05	9.94777e-06	0.00010422	0.000625318	0.000196178	0.999007	6.74363e-05	2.34633e-05	7.82112e-06	1.95528e-06	2.15081e-05	0.999945
40	0.998982	0.000372286	0.000555326	4.0331e-05	4.96381e-05	1.84611e-05	0.998897	0.000535371	0.000549217	NA	0.000597904	3.09261e-05	0.99933	2.06174e-05	2.06174e-05	3.38449e-05	0.000547672	0.000387678	0.998985	4.61521e-05	3.30846e-05	1.22886e-05	4.72637e-06	2.55224e-05	0.999924
