
SUMMARISING RUN PARAMETERS
==========================
Input filename: SC2202/host_removal/SC2202_R2.fastq.gz
Trimming mode: paired-end
Trim Galore version: 0.6.4_dev
Cutadapt version: 4.1
Python version: could not detect
Number of cores used for trimming: 2
Quality Phred score cutoff: 20
Quality encoding type selected: ASCII+33
Using Illumina adapter for trimming (count: 10399). Second best hit was smallRNA (count: 0)
Adapter sequence: 'AGATCGGAAGAGC' (Illumina TruSeq, Sanger iPCR; auto-detected)
Maximum trimming error rate: 0.1 (default)
Minimum required adapter overlap (stringency): 1 bp
Minimum required sequence length for both reads before a sequence pair gets removed: 20 bp
Running FastQC on the data once trimming has completed
Output file will be GZIP compressed


This is cutadapt 4.1 with Python 3.9.13
Command line parameters: -j 2 -e 0.1 -q 20 -O 1 -a AGATCGGAAGAGC SC2202/host_removal/SC2202_R2.fastq.gz
Processing single-end reads on 2 cores ...
Finished in 23.14 s (36 µs/read; 1.66 M reads/minute).

=== Summary ===

Total reads processed:                 639,594
Reads with adapters:                   229,750 (35.9%)
Reads written (passing filters):       639,594 (100.0%)

Total basepairs processed:   160,538,094 bp
Quality-trimmed:               2,528,194 bp (1.6%)
Total written (filtered):    156,627,166 bp (97.6%)

=== Adapter 1 ===

Sequence: AGATCGGAAGAGC; Type: regular 3'; Length: 13; Trimmed: 229750 times

Minimum overlap: 1
No. of allowed errors:
1-9 bp: 0; 10-13 bp: 1

Bases preceding removed adapters:
  A: 37.7%
  C: 20.2%
  G: 10.3%
  T: 30.0%
  none/other: 1.8%

Overview of removed sequences
length	count	expect	max.err	error counts
1	154396	159898.5	0	154396
2	51043	39974.6	0	51043
3	8158	9993.7	0	8158
4	966	2498.4	0	966
5	76	624.6	0	76
6	64	156.2	0	64
7	301	39.0	0	301
8	32	9.8	0	32
9	69	2.4	0	69
10	89	0.6	1	81 8
11	23	0.2	1	21 2
12	98	0.0	1	96 2
13	18	0.0	1	17 1
14	94	0.0	1	86 8
15	33	0.0	1	31 2
16	40	0.0	1	34 6
17	96	0.0	1	94 2
18	24	0.0	1	23 1
19	80	0.0	1	78 2
20	72	0.0	1	69 3
21	6	0.0	1	6
22	59	0.0	1	58 1
23	63	0.0	1	58 5
24	302	0.0	1	282 20
25	29	0.0	1	19 10
26	68	0.0	1	63 5
27	83	0.0	1	80 3
28	105	0.0	1	99 6
29	46	0.0	1	40 6
30	189	0.0	1	180 9
31	27	0.0	1	26 1
32	119	0.0	1	114 5
33	59	0.0	1	52 7
34	43	0.0	1	39 4
35	72	0.0	1	71 1
36	96	0.0	1	84 12
37	169	0.0	1	160 9
38	58	0.0	1	54 4
39	147	0.0	1	134 13
40	165	0.0	1	152 13
41	264	0.0	1	223 41
42	684	0.0	1	494 190
43	870	0.0	1	771 99
44	774	0.0	1	630 144
45	566	0.0	1	492 74
46	310	0.0	1	238 72
47	354	0.0	1	318 36
48	201	0.0	1	177 24
49	135	0.0	1	112 23
50	100	0.0	1	68 32
51	114	0.0	1	89 25
52	81	0.0	1	67 14
53	137	0.0	1	106 31
54	183	0.0	1	162 21
55	82	0.0	1	57 25
56	203	0.0	1	151 52
57	379	0.0	1	347 32
58	137	0.0	1	120 17
59	71	0.0	1	47 24
60	109	0.0	1	98 11
61	34	0.0	1	24 10
62	24	0.0	1	17 7
63	34	0.0	1	30 4
64	14	0.0	1	10 4
65	15	0.0	1	12 3
66	14	0.0	1	13 1
67	14	0.0	1	14
68	8	0.0	1	6 2
69	12	0.0	1	11 1
70	17	0.0	1	13 4
71	19	0.0	1	15 4
72	11	0.0	1	11
73	19	0.0	1	14 5
74	19	0.0	1	15 4
75	27	0.0	1	23 4
76	37	0.0	1	24 13
77	62	0.0	1	32 30
78	102	0.0	1	58 44
79	174	0.0	1	83 91
80	333	0.0	1	180 153
81	433	0.0	1	226 207
82	409	0.0	1	194 215
83	373	0.0	1	196 177
84	324	0.0	1	153 171
85	260	0.0	1	102 158
86	214	0.0	1	87 127
87	159	0.0	1	66 93
88	103	0.0	1	41 62
89	123	0.0	1	53 70
90	72	0.0	1	26 46
91	75	0.0	1	27 48
92	65	0.0	1	28 37
93	56	0.0	1	30 26
94	124	0.0	1	93 31
95	60	0.0	1	34 26
96	76	0.0	1	52 24
97	74	0.0	1	54 20
98	27	0.0	1	13 14
99	18	0.0	1	8 10
100	23	0.0	1	12 11
101	21	0.0	1	6 15
102	10	0.0	1	6 4
103	17	0.0	1	5 12
104	17	0.0	1	8 9
105	25	0.0	1	17 8
106	20	0.0	1	6 14
107	18	0.0	1	8 10
108	13	0.0	1	8 5
109	14	0.0	1	8 6
110	14	0.0	1	5 9
111	10	0.0	1	2 8
112	16	0.0	1	7 9
113	20	0.0	1	9 11
114	21	0.0	1	8 13
115	8	0.0	1	0 8
116	13	0.0	1	5 8
117	17	0.0	1	9 8
118	7	0.0	1	5 2
119	15	0.0	1	7 8
120	17	0.0	1	5 12
121	13	0.0	1	7 6
122	22	0.0	1	8 14
123	28	0.0	1	13 15
124	16	0.0	1	2 14
125	19	0.0	1	12 7
126	16	0.0	1	10 6
127	22	0.0	1	13 9
128	12	0.0	1	5 7
129	19	0.0	1	6 13
130	11	0.0	1	2 9
131	23	0.0	1	6 17
132	11	0.0	1	4 7
133	10	0.0	1	1 9
134	9	0.0	1	5 4
135	10	0.0	1	3 7
136	13	0.0	1	5 8
137	10	0.0	1	3 7
138	11	0.0	1	2 9
139	13	0.0	1	5 8
140	11	0.0	1	2 9
141	39	0.0	1	32 7
142	13	0.0	1	6 7
143	11	0.0	1	7 4
144	15	0.0	1	10 5
145	20	0.0	1	6 14
146	14	0.0	1	11 3
147	24	0.0	1	15 9
148	11	0.0	1	0 11
149	15	0.0	1	4 11
150	9	0.0	1	2 7
151	10	0.0	1	7 3
152	18	0.0	1	9 9
153	16	0.0	1	10 6
154	17	0.0	1	8 9
155	12	0.0	1	4 8
156	40	0.0	1	31 9
157	26	0.0	1	18 8
158	24	0.0	1	18 6
159	29	0.0	1	23 6
160	27	0.0	1	25 2
161	16	0.0	1	11 5
162	26	0.0	1	20 6
163	20	0.0	1	10 10
164	21	0.0	1	16 5
165	14	0.0	1	10 4
166	28	0.0	1	18 10
167	23	0.0	1	15 8
168	25	0.0	1	18 7
169	21	0.0	1	19 2
170	24	0.0	1	15 9
171	7	0.0	1	5 2
172	6	0.0	1	2 4
173	13	0.0	1	7 6
174	8	0.0	1	5 3
175	16	0.0	1	12 4
176	10	0.0	1	9 1
177	8	0.0	1	4 4
178	13	0.0	1	7 6
179	8	0.0	1	3 5
180	6	0.0	1	4 2
181	8	0.0	1	3 5
183	4	0.0	1	1 3
184	5	0.0	1	4 1
185	15	0.0	1	12 3
186	4	0.0	1	3 1
187	3	0.0	1	3
188	3	0.0	1	1 2
189	3	0.0	1	2 1
190	5	0.0	1	5
191	4	0.0	1	1 3
192	6	0.0	1	5 1
193	6	0.0	1	4 2
194	1	0.0	1	1
195	2	0.0	1	1 1
196	5	0.0	1	2 3
197	2	0.0	1	1 1
198	7	0.0	1	4 3
199	1	0.0	1	0 1
200	2	0.0	1	2
201	3	0.0	1	3
202	2	0.0	1	1 1
203	1	0.0	1	1
204	1	0.0	1	0 1
205	2	0.0	1	0 2
207	1	0.0	1	1
208	6	0.0	1	6
209	2	0.0	1	1 1
210	9	0.0	1	8 1
211	6	0.0	1	5 1
212	4	0.0	1	4
213	5	0.0	1	5
214	5	0.0	1	3 2
215	6	0.0	1	5 1
217	2	0.0	1	2
218	1	0.0	1	1
219	1	0.0	1	1
220	3	0.0	1	3
221	2	0.0	1	2
222	2	0.0	1	2
223	2	0.0	1	2
224	2	0.0	1	2
225	6	0.0	1	6
226	2	0.0	1	1 1
227	4	0.0	1	4
228	6	0.0	1	6
229	5	0.0	1	5
230	3	0.0	1	3
231	2	0.0	1	2
232	2	0.0	1	2
233	2	0.0	1	2
234	4	0.0	1	3 1
235	3	0.0	1	3
236	3	0.0	1	1 2
237	1	0.0	1	1
238	2	0.0	1	2
239	1	0.0	1	1
240	1	0.0	1	0 1
241	3	0.0	1	2 1
242	3	0.0	1	3
243	3	0.0	1	3
245	3	0.0	1	0 3
246	3	0.0	1	1 2
247	5	0.0	1	0 5
248	1	0.0	1	1
249	7	0.0	1	0 7
250	20	0.0	1	0 20
251	698	0.0	1	0 698

RUN STATISTICS FOR INPUT FILE: SC2202/host_removal/SC2202_R2.fastq.gz
=============================================
639594 sequences processed in total

Total number of sequences analysed for the sequence pair length validation: 639594

Number of sequence pairs removed because at least one read was shorter than the length cutoff (20 bp): 6273 (0.98%)
