
SUMMARISING RUN PARAMETERS
==========================
Input filename: SC2236/host_removal/SC2236_R1.fastq.gz
Trimming mode: paired-end
Trim Galore version: 0.6.4_dev
Cutadapt version: 4.1
Python version: could not detect
Number of cores used for trimming: 2
Quality Phred score cutoff: 20
Quality encoding type selected: ASCII+33
Using Illumina adapter for trimming (count: 15500). Second best hit was smallRNA (count: 0)
Adapter sequence: 'AGATCGGAAGAGC' (Illumina TruSeq, Sanger iPCR; auto-detected)
Maximum trimming error rate: 0.1 (default)
Minimum required adapter overlap (stringency): 1 bp
Minimum required sequence length for both reads before a sequence pair gets removed: 20 bp
Running FastQC on the data once trimming has completed
Output file will be GZIP compressed


This is cutadapt 4.1 with Python 3.9.13
Command line parameters: -j 2 -e 0.1 -q 20 -O 1 -a AGATCGGAAGAGC SC2236/host_removal/SC2236_R1.fastq.gz
Processing single-end reads on 2 cores ...
Finished in 33.81 s (39 µs/read; 1.54 M reads/minute).

=== Summary ===

Total reads processed:                 866,206
Reads with adapters:                   292,057 (33.7%)
Reads written (passing filters):       866,206 (100.0%)

Total basepairs processed:   217,417,706 bp
Quality-trimmed:               1,570,513 bp (0.7%)
Total written (filtered):    214,086,790 bp (98.5%)

=== Adapter 1 ===

Sequence: AGATCGGAAGAGC; Type: regular 3'; Length: 13; Trimmed: 292057 times

Minimum overlap: 1
No. of allowed errors:
1-9 bp: 0; 10-13 bp: 1

Bases preceding removed adapters:
  A: 35.9%
  C: 18.9%
  G: 12.2%
  T: 32.7%
  none/other: 0.3%

Overview of removed sequences
length	count	expect	max.err	error counts
1	192872	216551.5	0	192872
2	67830	54137.9	0	67830
3	6941	13534.5	0	6941
4	2645	3383.6	0	2645
5	144	845.9	0	144
6	144	211.5	0	144
7	3899	52.9	0	3899
8	111	13.2	0	111
9	170	3.3	0	169 1
10	140	0.8	1	136 4
11	66	0.2	1	58 8
12	135	0.1	1	124 11
13	56	0.0	1	52 4
14	43	0.0	1	38 5
15	58	0.0	1	52 6
16	40	0.0	1	36 4
17	45	0.0	1	41 4
18	90	0.0	1	85 5
19	24	0.0	1	20 4
20	43	0.0	1	38 5
21	27	0.0	1	23 4
22	53	0.0	1	47 6
23	40	0.0	1	38 2
24	453	0.0	1	439 14
25	132	0.0	1	126 6
26	37	0.0	1	28 9
27	43	0.0	1	31 12
28	91	0.0	1	82 9
29	40	0.0	1	30 10
30	40	0.0	1	35 5
31	43	0.0	1	37 6
32	71	0.0	1	61 10
33	31	0.0	1	26 5
34	62	0.0	1	57 5
35	58	0.0	1	50 8
36	552	0.0	1	526 26
37	404	0.0	1	383 21
38	99	0.0	1	91 8
39	112	0.0	1	94 18
40	72	0.0	1	59 13
41	89	0.0	1	76 13
42	203	0.0	1	181 22
43	422	0.0	1	407 15
44	59	0.0	1	54 5
45	127	0.0	1	121 6
46	38	0.0	1	29 9
47	87	0.0	1	68 19
48	38	0.0	1	32 6
49	62	0.0	1	54 8
50	42	0.0	1	33 9
51	52	0.0	1	43 9
52	61	0.0	1	53 8
53	75	0.0	1	64 11
54	166	0.0	1	141 25
55	70	0.0	1	63 7
56	30	0.0	1	30
57	74	0.0	1	69 5
58	33	0.0	1	30 3
59	64	0.0	1	61 3
60	43	0.0	1	37 6
61	33	0.0	1	28 5
62	24	0.0	1	24
63	44	0.0	1	42 2
64	24	0.0	1	22 2
65	54	0.0	1	50 4
66	57	0.0	1	50 7
67	30	0.0	1	26 4
68	53	0.0	1	43 10
69	143	0.0	1	133 10
70	77	0.0	1	69 8
71	84	0.0	1	77 7
72	122	0.0	1	112 10
73	200	0.0	1	179 21
74	354	0.0	1	313 41
75	664	0.0	1	578 86
76	1807	0.0	1	1691 116
77	1596	0.0	1	1513 83
78	962	0.0	1	903 59
79	570	0.0	1	538 32
80	389	0.0	1	364 25
81	265	0.0	1	248 17
82	186	0.0	1	175 11
83	155	0.0	1	141 14
84	141	0.0	1	129 12
85	113	0.0	1	104 9
86	106	0.0	1	100 6
87	117	0.0	1	100 17
88	82	0.0	1	67 15
89	104	0.0	1	96 8
90	54	0.0	1	52 2
91	71	0.0	1	66 5
92	57	0.0	1	50 7
93	74	0.0	1	65 9
94	324	0.0	1	310 14
95	68	0.0	1	63 5
96	101	0.0	1	93 8
97	51	0.0	1	47 4
98	25	0.0	1	19 6
99	39	0.0	1	37 2
100	27	0.0	1	26 1
101	35	0.0	1	33 2
102	27	0.0	1	24 3
103	26	0.0	1	23 3
104	25	0.0	1	22 3
105	80	0.0	1	75 5
106	21	0.0	1	17 4
107	34	0.0	1	29 5
108	50	0.0	1	49 1
109	31	0.0	1	27 4
110	20	0.0	1	17 3
111	24	0.0	1	21 3
112	21	0.0	1	18 3
113	24	0.0	1	23 1
114	26	0.0	1	23 3
115	19	0.0	1	13 6
116	29	0.0	1	24 5
117	37	0.0	1	33 4
118	10	0.0	1	10
119	9	0.0	1	6 3
120	17	0.0	1	14 3
121	17	0.0	1	13 4
122	5	0.0	1	2 3
123	23	0.0	1	20 3
124	14	0.0	1	10 4
125	13	0.0	1	9 4
126	20	0.0	1	17 3
127	75	0.0	1	66 9
128	13	0.0	1	12 1
129	22	0.0	1	19 3
130	20	0.0	1	14 6
131	16	0.0	1	12 4
132	9	0.0	1	5 4
133	31	0.0	1	25 6
134	20	0.0	1	17 3
135	10	0.0	1	8 2
136	10	0.0	1	8 2
137	10	0.0	1	6 4
138	9	0.0	1	7 2
139	9	0.0	1	6 3
140	6	0.0	1	3 3
141	37	0.0	1	34 3
142	10	0.0	1	8 2
143	10	0.0	1	6 4
144	6	0.0	1	4 2
145	11	0.0	1	8 3
146	22	0.0	1	20 2
147	31	0.0	1	28 3
148	9	0.0	1	7 2
149	23	0.0	1	21 2
150	11	0.0	1	7 4
151	32	0.0	1	26 6
152	8	0.0	1	7 1
153	45	0.0	1	44 1
154	46	0.0	1	42 4
155	18	0.0	1	15 3
156	75	0.0	1	71 4
157	51	0.0	1	43 8
158	39	0.0	1	37 2
159	61	0.0	1	61
160	68	0.0	1	64 4
161	53	0.0	1	51 2
162	38	0.0	1	35 3
163	23	0.0	1	21 2
164	56	0.0	1	52 4
165	18	0.0	1	17 1
166	65	0.0	1	65
167	65	0.0	1	59 6
168	43	0.0	1	42 1
169	44	0.0	1	39 5
170	22	0.0	1	22
171	10	0.0	1	5 5
172	37	0.0	1	29 8
173	33	0.0	1	32 1
174	32	0.0	1	31 1
175	43	0.0	1	42 1
176	27	0.0	1	24 3
177	13	0.0	1	10 3
178	12	0.0	1	10 2
179	17	0.0	1	14 3
180	21	0.0	1	18 3
181	32	0.0	1	30 2
182	13	0.0	1	11 2
183	17	0.0	1	13 4
184	7	0.0	1	6 1
185	62	0.0	1	57 5
186	7	0.0	1	4 3
187	7	0.0	1	6 1
188	6	0.0	1	4 2
189	8	0.0	1	5 3
190	16	0.0	1	15 1
191	5	0.0	1	4 1
192	11	0.0	1	10 1
193	9	0.0	1	8 1
194	1	0.0	1	1
195	4	0.0	1	4
196	5	0.0	1	3 2
197	7	0.0	1	6 1
198	3	0.0	1	3
199	3	0.0	1	3
200	9	0.0	1	8 1
201	4	0.0	1	4
202	5	0.0	1	5
203	12	0.0	1	11 1
204	4	0.0	1	4
205	3	0.0	1	3
206	5	0.0	1	5
207	8	0.0	1	8
208	17	0.0	1	16 1
209	13	0.0	1	12 1
210	14	0.0	1	13 1
211	5	0.0	1	5
212	4	0.0	1	4
213	10	0.0	1	9 1
214	8	0.0	1	8
215	11	0.0	1	9 2
216	3	0.0	1	3
217	4	0.0	1	3 1
218	2	0.0	1	2
220	1	0.0	1	1
221	1	0.0	1	1
223	1	0.0	1	1
225	2	0.0	1	1 1
226	3	0.0	1	1 2
227	2	0.0	1	2
229	1	0.0	1	1
230	1	0.0	1	1
231	1	0.0	1	1
232	1	0.0	1	1
233	1	0.0	1	1
234	1	0.0	1	1
236	2	0.0	1	2
238	1	0.0	1	0 1
239	1	0.0	1	0 1
242	1	0.0	1	1
243	2	0.0	1	1 1
244	1	0.0	1	0 1
245	2	0.0	1	0 2
246	1	0.0	1	0 1
247	4	0.0	1	0 4
248	1	0.0	1	0 1
249	5	0.0	1	1 4
250	15	0.0	1	0 15
251	201	0.0	1	0 201

RUN STATISTICS FOR INPUT FILE: SC2236/host_removal/SC2236_R1.fastq.gz
=============================================
866206 sequences processed in total

