ks_quality_p_value	fisher_strand_p_value	bias_p_value	bias_e_value
0.77197	1	0.971763	29058.6
0.773552	1	0.972171	29070.8
1	0.119422	0.373206	11160
0.773325	0.870607	0.939618	28097.4
0.59983	0.909409	0.876096	26197.9
0.520657	1	0.860471	25730.7
0.988574	1	0.999934	29901
0.916474	1	0.99641	29795.7
0.960599	1	0.999213	29879.5
0.0821711	1	0.287513	8597.49
1	0.951172	0.998788	29866.8
0.993836	0.945063	0.998115	29846.6
1	0.0535604	0.210329	6289.46
0.973268	1	0.999639	29892.2
0.977639	1	0.999748	29895.5
0.607303	1	0.910181	27217.2
0.0237444	1	0.112558	3365.82
0.91066	1	0.995885	29779.9
0.519647	1	0.859811	25710.9
0.990571	1	0.999955	29901.7
0.999997	1	1	29903
0.666448	0.37249	0.594135	17766.4
0.877777	0.452464	0.763906	22843.1
0.895497	0.449582	0.768889	22992.1
0.35077	0.45202	0.450559	13473.1
0.647792	0.449409	0.650373	19448.1
0.85014	0.491656	0.78259	23401.8
0.850353	0.508784	0.795132	23776.8
0.999931	0.458708	0.816174	24406
0.98802	0.458714	0.811887	24277.9
0.914823	0.41145	0.744185	22253.4
0.573909	0.458734	0.614626	18379.2
2.83887e-07	1	4.5634e-06	0.136459
1	1	1	29903
1	1	1	29903
0.416063	9.62779e-06	5.37885e-05	1.60844
0.979046	5.18957e-18	2.07405e-16	6.20203e-12
0.968181	5.56606e-18	2.19665e-16	6.56866e-12
0.641934	5.19304e-05	0.000376991	11.2732
0.476185	5.19462e-05	0.000287117	8.58566
0.445639	5.19346e-05	0.000270179	8.07915
0.0384026	5.19313e-05	2.81699e-05	0.842365
0.148753	5.1938e-05	9.86671e-05	2.95044
0.139151	2.89706e-05	5.41057e-05	1.61792
0.0716588	0.00032062	0.000268376	8.02524
0.00572536	2.90252e-05	2.76028e-06	0.0825407
0.0335149	5.19307e-05	2.48213e-05	0.74223
0.662584	0.032763	0.104852	3135.4
0.380304	0.00223721	0.00686551	205.299
0.856754	0.0191974	0.0840068	2512.05
0.99998	4.66271e-42	4.48399e-40	1.34085e-35
1	6.57047e-31	4.63202e-29	1.38511e-24
0.23161	1	0.570385	17056.2
0.880449	1	0.992551	29680.2
0.00298458	1	0.0203378	608.162
0.837041	1	0.985936	29482.4
5.45305e-05	0.771484	0.000465968	13.9339
0.313119	0.812481	0.602639	18020.7
1	1	1	29903
0.345204	1	0.71237	21302
0.994866	1	0.999987	29902.6
0.944456	1	0.998428	29856
0.999998	6.33812e-09	1.25981e-07	0.0037672
0.687917	0.16396	0.358925	10732.9
0.999965	2.83635e-60	3.91723e-58	1.17137e-53
0.723831	1	0.957771	28640.2
0.222406	1	0.556738	16648.1
0.10138	1	0.333427	9970.46
0.203305	1	0.52718	15764.3
0.999995	1	1	29903
1	0.751154	0.966093	28889.1
0.275528	1	0.630701	18859.9
0.999999	0.151123	0.436693	13058.4
0.0708773	1	0.258476	7729.19
0.935082	1	0.997846	29838.6
0.767324	1	0.970547	29022.3
0.925198	1	0.99713	29817.2
0.898212	1	0.994634	29742.5
0.95456	1	0.998952	29871.7
0.919963	1	0.996708	29804.6
0.926414	1	0.997224	29820
0.950881	1	0.998773	29866.3
0.945721	1	0.9985	29858.1
0.942887	1	0.998337	29853.3
0.974849	1	0.999681	29893.5
0.999999	1	1	29903
0.953082	1	0.998882	29869.6
0.95708	1	0.999065	29875.1
0.983881	1	0.999869	29899.1
0.979221	1	0.999783	29896.5
0.987327	1	0.999919	29900.6
0.994284	1	0.999984	29902.5
0.989474	1	0.999944	29901.3
0.973833	1	0.999655	29892.7
0.992293	1	0.99997	29902.1
0.984876	1	0.999885	29899.6
0.982456	1	0.999845	29898.4
0.999992	0.00420701	0.0272234	814.061
0.878362	5.78625e-08	9.04411e-07	0.0270446
0.809699	0.0367394	0.134311	4016.32
1	0.0267582	0.123647	3697.42
0.772682	5.33016e-18	1.68987e-16	5.05322e-12
0.340676	0.187648	0.239728	7168.58
1	1	1	29903
0.735259	1	0.961375	28748
0.999999	0.760489	0.968706	28967.2
0.611589	1	0.912304	27280.6
0.708113	0.473087	0.701363	20972.9
0.85093	1	0.988292	29552.9
0.866158	1	0.990614	29622.3
0.130704	0.60658	0.280243	8380.1
0.931528	0.579888	0.872852	26100.9
0.198243	0.557379	0.353894	10582.5
0.999986	0.598178	0.905557	27078.9
0.961802	2.04842e-05	0.000233166	6.97236
0.955741	5.07353e-08	8.6515e-07	0.0258706
0.785083	0.727009	0.890836	26638.7
0.999991	2.65383e-24	1.46718e-22	4.38732e-18
0.194925	1	0.513655	15359.8
0.94725	1	0.998584	29860.6
0.999991	0.485707	0.836457	25012.6
0.523407	1	0.862258	25784.1
0.905036	1	0.995341	29763.7
0.986186	1	0.999904	29900.1
0.999995	0.261033	0.611627	18289.5
0.477587	0.661948	0.680195	20339.9
0.969181	0.772963	0.965514	28871.8
0.999999	0.630429	0.92128	27549
0.999989	4.57313e-07	7.13305e-06	0.2133
0.495175	0.624725	0.672302	20103.9
0.494754	0.603188	0.659297	19715
0.999045	0.603131	0.907795	27145.8
0.998808	1.98001e-06	2.79514e-05	0.83583
0.696162	0.148405	0.337835	10102.3
0.941756	1	0.99827	29851.3
0.533904	1	0.86895	25984.2
0.999939	0.0249337	0.116972	3497.81
0.552676	0.707117	0.757986	22666.1
0.907339	0.60319	0.877188	26230.6
0.926266	0.611598	0.888431	26566.8
0.999994	1	1	29903
0.762503	1	0.969255	28983.6
0.288876	1	0.64759	19364.9
0.860152	1	0.989731	29595.9
0.301219	1	0.662657	19815.4
0.999598	1	1	29903
1	0.615626	0.914276	27339.6
1	0.00245628	0.0172163	514.819
0.943217	1	0.998356	29853.9
0.927573	1	0.997311	29822.6
0.975894	1	0.999707	29894.2
0.227011	1	0.563612	16853.7
0.911735	1	0.995985	29782.9
0.788821	1	0.975942	29183.6
0.788821	1	0.975942	29183.6
0.987291	1	0.999919	29900.6
0.562465	1	0.886122	26497.7
0.590931	1	0.901794	26966.3
0.999404	1	1	29903
0.00866324	1.02561e-56	1.19654e-56	3.57802e-52
1	1	1	29903
0.979798	1	0.999795	29896.9
0.967534	0.852855	0.983739	29416.7
0.337623	7.57342e-07	4.13698e-06	0.123708
1	1	1	29903
0.639586	1	0.925439	27673.4
0.97501	3.98847e-09	7.9196e-08	0.0023682
0.999999	3.09774e-14	9.94546e-13	2.97399e-08
0.928938	8.15157e-16	2.71216e-14	8.11018e-10
0.912347	1.48933e-14	4.47442e-13	1.33799e-08
1	2.53327e-18	1.05174e-16	3.14502e-12
1	5.08058e-19	2.19093e-17	6.55155e-13
1	1.61094e-16	6.01922e-15	1.79993e-10
0.70338	0.000751874	0.00451894	135.13
1	1	1	29903
7.20875e-06	1	9.25618e-05	2.76788
0.665019	1	0.936307	27998.4
0.747362	1	0.964998	28856.3
0.987908	0.892845	0.992753	29686.3
0.789679	4.77824e-06	5.08923e-05	1.52183
0.357408	1	0.725137	21683.8
0.976169	0.0772668	0.270371	8084.9
0.999959	4.61241e-25	2.63062e-23	7.86636e-19
0.179669	1	0.488095	14595.5
0.984493	1	0.999879	29899.4
1	0.682257	0.943117	28202
0.903994	1	0.995236	29760.6
0.944264	0.4785	0.810786	24244.9
0.850645	1	0.988246	29551.5
0.858961	1	0.98955	29590.5
0.753504	1	0.966761	28909.1
0.735428	1	0.961427	28749.6
0.997252	1	0.999996	29902.9
0.175259	1	0.480471	14367.5
0.949582	1	0.998707	29864.3
1	0.387447	0.754815	22571.2
0.166664	0.628849	0.341212	10203.3
1	0.284065	0.641576	19185
0.790115	0.608012	0.832598	24897.2
0.788009	1	0.975749	29177.8
0.469949	1	0.824822	24664.7
0.999873	0.0161492	0.0827706	2475.09
0.984635	0.318414	0.677171	20249.4
0.485602	1	0.836384	25010.4
0.111652	1	0.356434	10658.5
1	0.63427	0.923041	27601.7
0.559751	0.638969	0.7254	21691.6
1	0.635643	0.923664	27620.3
0.738418	0.405941	0.660896	19762.8
0.629452	1	0.920829	27535.5
0.358062	1	0.725809	21703.9
0.0539243	2.69132e-18	6.44029e-18	1.92584e-13
0.984367	1	0.999877	29899.3
0.999945	0.494632	0.842804	25202.4
0.99998	0.0393201	0.166558	4980.59
0.999988	1	1	29903
0.999999	0.92184	0.996863	29809.2
0.988613	0.3051	0.663145	19830
0.999992	0.0149207	0.0776617	2322.32
0.994737	0.277464	0.631314	18878.2
0.998425	0.522488	0.861128	25750.3
0.905639	1	0.995401	29765.5
0.999999	0.000433397	0.00378956	113.319
0.949849	0.725809	0.945814	28282.7
0.99987	1	1	29903
0.751844	0.0621826	0.189947	5679.99
0.765021	0.0622383	0.19258	5758.72
0.789259	0.0621972	0.197051	5892.43
0.827963	0.0622306	0.204331	6110.11
0.891272	0.0622232	0.215849	6454.54
0.906188	0.062216	0.218507	6534.01
0.855301	0.0622232	0.20933	6259.6
0.917903	0.0622097	0.220582	6596.05
0.928569	0.062209	0.222475	6652.68
0.894025	0.0622097	0.21631	6468.3
0.902975	0.0622163	0.217933	6516.84
0.79266	0.0622639	0.197847	5916.23
0.706	0.0622547	0.181286	5421.01
0.60666	0.0622637	0.161523	4830.03
0.675401	0.0634593	0.177863	5318.63
0.850625	0.0635975	0.211899	6336.4
0.823168	0.0637881	0.207239	6197.07
0.965747	1	0.999407	29885.3
0.98481	1	0.999884	29899.5
0.963973	1	0.999343	29883.4
0.973403	1	0.999643	29892.3
0.957126	1	0.999067	29875.1
0.971173	1	0.99958	29890.5
0.957398	1	0.999079	29875.5
0.963973	1	0.999343	29883.4
0.988065	1	0.999928	29900.9
0.982324	1	0.999843	29898.3
0.98411	1	0.999873	29899.2
0.979573	1	0.99979	29896.7
0.691829	1	0.94671	28309.5
0.253779	0.242376	0.233033	6968.4
0.999985	3.40304e-06	4.62495e-05	1.383
0.980462	0.727805	0.954387	28539
0.708388	0.106197	0.269862	8069.69
1	1	1	29903
0.545801	1	0.876284	26203.5
0.987764	0.890076	0.992389	29675.4
0.966716	1	0.99944	29886.2
0.937834	5.65088e-62	7.53032e-60	2.25179e-55
0.932148	3.51315e-61	4.59357e-59	1.37362e-54
0.306293	8.05058e-63	3.57942e-61	1.07035e-56
0.795943	0.125254	0.329555	9854.69
0.995316	0.163767	0.458682	13716
1	0.263168	0.614487	18375
0.99999	0.523574	0.862363	25787.3
0.650813	0.00781717	0.0319545	955.536
0.143924	0.108073	0.0803135	2401.61
0.510826	0.00789089	0.0262562	785.139
0.540355	0.0128088	0.0413419	1236.25
0.0359496	0.0684286	0.0172386	515.485
0.00546301	0.105014	0.00485541	145.191
1	0.244751	0.589241	17620.1
0.479539	1	0.831967	24878.3
0.431076	1	0.793814	23737.4
0.999963	1	1	29903
0.877226	0.641248	0.886154	26498.6
0.591736	0.40434	0.581454	17387.2
0.999998	1	1	29903
0.559084	1	0.884166	26439.2
0.749184	1	0.965526	28872.1
0.415335	5.31678e-06	3.09669e-05	0.926003
0.910346	0.000121327	0.00111675	33.3941
0.981779	0.000975121	0.00761224	227.629
0.985533	0.00390558	0.0252497	755.041
0.733094	1.57877e-05	0.000143132	4.28006
0.828437	1.57952e-05	0.000160217	4.79096
0.637315	1.57679e-05	0.000125695	3.75864
0.60671	1.58999e-05	0.000121055	3.6199
0.999995	9.14803e-24	4.94435e-22	1.47851e-17
0.979219	1	0.999783	29896.5
0.746725	1	0.964812	28850.8
0.68219	1	0.943091	28201.3
0.893693	1	0.994138	29727.7
1	0.4014	0.767797	22959.4
0.907175	0.500104	0.812254	24288.8
0.556524	1	0.882672	26394.5
0.972927	0.663508	0.928075	27752.2
0.341658	1	0.70858	21188.7
0.999996	0.899349	0.994755	29746.2
0.49117	1	0.840375	25129.7
0.954129	1	0.998931	29871
0.507862	0.268752	0.408308	12209.6
0.993857	0.639981	0.923849	27625.8
0.985587	1	0.999896	29899.9
0.994338	1	0.999984	29902.5
1	1	1	29903
0.848191	1	0.987845	29539.5
0.0016073	1.44023e-06	4.83438e-08	0.00144562
0.784199	0.0247638	0.0959621	2869.55
0.729411	0.489565	0.724814	21674.1
0.971606	0.489565	0.829103	24792.7
0.819732	0.489565	0.767716	22957
0.0505174	0.489565	0.11623	3475.63
0.0398931	0.489471	0.0963825	2882.12
1	0.398056	0.76473	22867.7
0.812093	1	0.981122	29338.5
1	1	1	29903
0.999945	0.0213877	0.103618	3098.48
0.244525	0.681765	0.465369	13915.9
0.546337	0.00105126	0.00486023	145.335
0.919085	0.724499	0.936656	28008.8
0.709229	0.000239168	0.00164229	49.1095
0.97722	0.0716716	0.256252	7662.69
0.928378	0.00128006	0.00919231	274.878
0.999689	2.41296e-06	3.3614e-05	1.00516
0.593305	3.53525e-07	3.43512e-06	0.10272
0.999988	1.77379e-08	3.34312e-07	0.00999693
0.146935	2.77009e-11	1.10822e-10	3.3139e-06
0.368376	1.33485e-07	8.76644e-07	0.0262143
0.35295	2.15236e-13	2.37083e-12	7.0895e-08
0.570481	8.5168e-18	1.98553e-16	5.93734e-12
0.816402	3.40019e-11	7.02515e-10	2.10073e-05
0.999988	0.0479827	0.1937	5792.22
0.996586	8.8676e-05	0.000913244	27.3087
0.515884	1.73749e-10	2.16336e-09	6.46908e-05
0.920759	2.62377e-09	5.03494e-08	0.0015056
0.622768	0.0311626	0.095912	2868.06
0.964481	1.80656e-10	4.0895e-09	0.000122288
0.933125	1.8093e-10	3.96788e-09	0.000118652
0.798193	1.78813e-10	3.37836e-09	0.000101023
0.926603	5.92651e-11	1.3523e-09	4.04378e-05
0.877211	0.00407204	0.0236991	708.675
0.596965	0.000123259	0.000773863	23.1408
0.681254	0.0730445	0.199073	5952.87
0.911656	0.0196847	0.0900944	2694.09
1	0.192802	0.510172	15255.7
0.741527	1	0.963276	28804.8
1	0.676515	0.940897	28135.7
0.596911	1	0.904909	27059.5
0.915714	1	0.996344	29793.7
0.92739	1	0.997298	29822.2
0.614361	0.140045	0.297087	8883.79
0.769567	2.46165e-10	4.43043e-09	0.000132483
0.680378	1	0.942396	28180.5
0.986191	0.00180127	0.0130266	389.535
0.958265	0.365494	0.71769	21461.1
0.55958	0.14483	0.284688	8513.02
0.658768	0.0010267	0.00561293	167.844
0.52092	0.0153326	0.0465641	1392.41
0.0948483	0.00594497	0.004782	142.996
0.97809	0.00039814	0.00344667	103.066
0.973046	0.0012121	0.00913199	273.074
0.572224	0.0406904	0.110832	3314.2
0.852945	1	0.988615	29562.5
0.748206	1	0.965243	28863.7
0.959733	0.64483	0.915839	27386.3
1	0.227936	0.564983	16894.7
1	1	1	29903
0.972091	1	0.999607	29891.2
0.000159739	0.744255	0.0011933	35.6833
0.622209	1	0.917434	27434
1	0.00408185	0.0265369	793.534
0.999963	0.772699	0.971944	29064.1
0.825419	1.32052e-12	3.11133e-11	9.30381e-07
0.992858	1.15278e-05	0.000141671	4.23639
0.898442	6.66916e-06	7.80445e-05	2.33377
1	0.0128858	0.0689602	2062.12
0.961559	3.58415e-07	5.4731e-06	0.163662
0.992095	0.00746938	0.0437572	1308.47
0.963208	0.33072	0.682966	20422.7
0.178177	0.00510813	0.00728295	217.782
0.973726	0.00179415	0.0128403	383.962
0.241838	0.000141742	0.000386695	11.5633
0.387894	3.12924e-05	0.000149532	4.47145
0.847161	0.00841848	0.0423857	1267.46
0.563775	0.00642173	0.0239714	716.815
1	0.00160519	0.0119338	356.856
0.366154	0.0139693	0.0320992	959.861
0.443326	1	0.80395	24040.5
1	1	1	29903
0.902796	0.24742	0.558185	16691.4
0.999996	0.00720601	0.042752	1278.41
1	0.00360969	0.0239111	715.013
0.999989	0.74842	0.965303	28865.5
0.999993	1	1	29903
0.99466	1	0.999986	29902.6
0.999999	1	1	29903
0.807219	0.630801	0.852863	25503.2
0.852303	0.132242	0.35875	10727.7
0.514901	0.622958	0.685486	20498.1
0.432062	1	0.794642	23762.2
0.967153	0.630849	0.911584	27259.1
1	0.172833	0.47623	14240.7
1	1	1	29903
1	0.719141	0.95624	28594.5
0.865872	0.390204	0.704487	21066.3
1	1	1	29903
0.999996	0.0598902	0.228495	6832.68
0.895004	0.158191	0.418356	12510.1
0.965184	0.0860555	0.289728	8663.73
1	1	1	29903
0.405982	1	0.771953	23083.7
0.989887	0.251995	0.595807	17816.4
0.878643	1	0.992319	29673.3
4.88779e-16	2.17454e-11	6.46293e-25	1.93261e-20
0.144953	0.923053	0.402925	12048.7
1	0.419603	0.784006	23444.1
0.8484	1	0.987879	29540.6
0.999897	1	1	29903
0.791266	1	0.976518	29200.8
0.944636	3.2441e-07	4.90264e-06	0.146604
0.951313	3.2674e-07	4.96835e-06	0.148568
0.951493	3.28806e-07	4.99867e-06	0.149475
0.94586	3.29314e-07	4.97812e-06	0.148861
0.94189	3.31374e-07	4.9876e-06	0.149144
0.954656	3.31281e-07	5.04961e-06	0.150999
0.938638	3.30331e-07	4.95679e-06	0.148223
0.968993	1	0.999514	29888.5
0.341694	1	0.708619	21189.8
0.634914	1	0.923333	27610.4
0.414633	1	0.77966	23314.2
0.906862	1	0.995521	29769.1
1	1	1	29903
0.663374	0.000461373	0.00278264	83.2092
0.999999	1	1	29903
0.235361	0.000395733	0.000957613	28.6355
1	0.000129001	0.0012843	38.4043
0.996319	0.912784	0.995768	29776.5
0.982754	1	0.99985	29898.5
0.82798	1	0.984275	29432.8
0.947095	5.03387e-09	9.61206e-08	0.00287429
0.2333	0.105493	0.115786	3462.35
1	1	1	29903
0.0466096	0.107075	0.0314425	940.226
0.048372	0.106828	0.0323762	968.146
0.0251961	0.107089	0.0186587	557.95
0.0351885	0.356594	0.0674855	2018.02
0.155865	0.356598	0.216205	6465.19
0.609846	0.110826	0.249689	7466.45
0.958447	0.00355093	0.0227447	680.136
0.992395	1	0.999971	29902.1
0.26626	0.070112	0.0929845	2780.51
0.51604	0.624545	0.68722	20550
0.687952	1	0.945271	28266.4
0.487658	0.00546613	0.0184655	552.174
0.490626	1	0.839987	25118.1
0.99673	1	0.999995	29902.8
0.625023	1	0.918763	27473.8
2.3927e-07	0.476191	1.93554e-06	0.0578784
0.827309	0.0542965	0.184301	5511.15
0.977742	1	0.99975	29895.5
0.839839	1.40027e-10	2.80637e-09	8.3919e-05
0.956419	1	0.999036	29874.2
1	0.257702	0.607133	18155.1
0.0793248	3.58394e-10	7.188e-10	2.14943e-05
1	0.308718	0.671563	20081.7
0.740494	1	0.962966	28795.6
0.259906	1	0.610113	18244.2
0.989417	0.919501	0.995801	29777.4
0.00285596	6.9021e-15	7.77946e-16	2.32629e-11
0.0135362	6.94811e-15	3.5648e-15	1.06598e-10
0.0360106	1.78161e-13	2.16081e-13	6.46146e-09
0.0201463	3.56801e-15	2.74385e-15	8.20494e-11
0.000975168	3.64987e-15	1.46559e-16	4.38255e-12
0.000638508	1.85085e-15	4.99651e-17	1.49411e-12
0.963121	0.627942	0.90892	27179.4
0.906372	0.628026	0.889972	26612.8
0.659593	0.628352	0.779505	23309.5
0.869204	0.627965	0.876301	26204
0.989446	0.627991	0.917032	27422
0.888776	0.62802	0.883633	26423.3
0.561837	0.627995	0.720398	21542.1
0.195069	0.627999	0.379713	11354.6
0.165108	1	0.462493	13829.9
0.192053	1	0.508937	15218.8
0.0209469	1	0.101923	3047.8
0.99435	1	0.999984	29902.5
0.988502	1	0.999934	29901
1	1	1	29903
0.710811	1	0.953446	28510.9
0.752532	1	0.966486	28900.8
1	0.12777	0.390659	11681.9
1	0.111333	0.355734	10637.5
0.646767	0.105099	0.250733	7497.66
0.989949	0.102697	0.334078	9989.92
0.990334	0.00617593	0.0372895	1115.07
1	0.00640806	0.03877	1159.34
0.794119	1	0.977181	29220.6
0.161803	1	0.456506	13650.9
0.635548	0.037208	0.112195	3354.98
0.999999	1	1	29903
0.70842	1	0.952625	28486.4
0.954164	1	0.998933	29871.1
0.598009	1	0.905475	27076.4
0.766543	0.00128532	0.00780579	233.416
1	6.8432e-05	0.000724672	21.6699
0.235174	0.277579	0.243432	7279.35
0.0155224	0.171549	0.0184492	551.688
4.8104e-11	1.14313e-18	3.63317e-27	1.08643e-22
0.999993	0.320721	0.685436	20496.6
0.980695	0.548909	0.871698	26066.4
0.999978	0.671161	0.938778	28072.3
1	0.501648	0.847713	25349.2
0.999873	0.70594	0.951735	28459.7
1	0.460447	0.81755	24447.2
0.00582317	0.00138403	0.000102586	3.06763
0.0395652	0.00138403	0.00059209	17.7053
0.449783	0.00138403	0.00521775	156.026
0.00582317	0.00138403	0.000102586	3.06763
0.000195537	0.00139573	4.3978e-06	0.131507
0.0198533	0.00139507	0.000318352	9.51968
0.00246002	0.00139507	4.66135e-05	1.39388
0.00246002	0.00139507	4.66135e-05	1.39388
0.999958	0.000326954	0.00295088	88.2401
9.4682e-05	0.00142094	2.26312e-06	0.067674
0.0120912	0.00142094	0.000205685	6.15058
0.0120912	0.00142094	0.000205685	6.15058
0.0543739	0.00142094	0.000808805	24.1857
0.826567	0.0116211	0.0542276	1621.57
0.278408	0.00018967	0.000572884	17.131
0.988185	0.818876	0.980515	29320.3
0.676039	0.00678023	0.0292681	875.204
0.934737	0.243162	0.56403	16866.2
1	0	0	0
0.573176	0.0230213	0.0703029	2102.27
0.206124	0.0340893	0.041865	1251.89
0.91403	0.680937	0.917523	27436.7
0.3256	0.0404159	0.0701479	2097.63
0.999054	0.00273229	0.0188447	563.512
0.768599	0.108739	0.291013	8702.17
0.304549	1.19475e-06	5.75864e-06	0.172201
0.865996	0.0121795	0.0585578	1751.05
0.567856	0.000123835	0.000742757	22.2107
0.641676	0.000131822	0.000877819	26.2494
0.999978	0.0389271	0.165284	4942.49
0.641926	1	0.92648	27704.5
0.999999	0.286699	0.644878	19283.8
0.977896	0.913961	0.994145	29727.9
0.630805	1	0.921454	27554.2
0.58939	1	0.900981	26942
0.151814	0.867364	0.398641	11920.6
0.000216877	1.14768e-22	1.49233e-24	4.46251e-20
1	0.833627	0.985321	29464.1
0.0304105	0.267098	0.0472175	1411.94
0.00721614	1	0.0428021	1279.91
0.0476786	0.0497474	0.0167077	499.611
0.988982	1.25957e-09	2.67869e-08	0.000801009
0.724187	1	0.957886	28643.7
0.0115166	1	0.0629264	1881.69
0.932169	0.169047	0.44876	13419.3
0.708025	1	0.952489	28482.3
0.99996	0.636582	0.924078	27632.7
0.996738	0.000198201	0.00188259	56.2951
1	0.174934	0.479904	14350.6
0.873449	1	0.991632	29652.8
0.931891	0.426245	0.763954	22844.5
0.763062	0.125657	0.320696	9589.76
0.763111	0.12607	0.321448	9612.27
0.999979	0.270936	0.624737	18681.5
0.292293	0.000641	0.00179537	53.687
0.999873	1	1	29903
0.875281	1	0.991877	29660.1
5.21395e-06	0.627109	4.45689e-05	1.33274
3.32039e-05	1	0.00037563	11.2325
1	0.489381	0.8391	25091.6
1	1	1	29903
0.999973	1	1	29903
0.43049	1	0.79332	23722.7
0.999189	1	1	29903
0.982107	1	0.999839	29898.2
0.844997	0.628783	0.867322	25935.5
0.933151	1	0.997714	29834.6
1	1	1	29903
0.17998	1	0.48863	14611.5
0.927071	1	0.997274	29821.5
0.217964	2.63433e-09	1.27918e-08	0.000382513
0.763614	1.17863e-06	1.34291e-05	0.401569
0.186906	0.367883	0.252838	7560.63
0.732954	0.357363	0.612833	18325.5
1	1	1	29903
0.959703	0.789108	0.967829	28941
0.999999	0.0055112	0.0341748	1021.93
0.586475	0.229859	0.404948	12109.2
0.980411	0.0553609	0.21242	6351.99
0.989599	0.000206668	0.00194188	58.0679
0.631431	5.13668e-09	6.66422e-08	0.0019928
0.776874	0.0641161	0.199217	5957.2
1	0.00797333	0.0464977	1390.42
0.999977	0.490354	0.839786	25112.1
0.974288	6.67709e-07	9.91779e-06	0.296572
0.576873	8.22625e-07	7.38443e-06	0.220817
0.69688	1.28934e-10	2.16838e-09	6.48411e-05
0.873114	3.58075e-07	4.99544e-06	0.149379
0.999997	0.000464542	0.00402964	120.498
0.137599	0.0018697	0.0023837	71.2799
1	0.00011611	0.00116818	34.9321
0.999881	1	1	29903
0.00113694	1	0.00884471	264.483
0.600642	1	0.906823	27116.7
0.144285	1	0.423616	12667.4
0.999992	1.65202e-52	1.98625e-50	5.93948e-46
0.586523	1.89818e-08	2.1502e-07	0.00642975
0.735905	1.72822e-10	3.02505e-09	9.04581e-05
0.92897	2.24295e-06	2.93405e-05	0.87737
0.999998	1.13678e-06	1.66962e-05	0.499265
0.476282	3.05271e-07	2.43447e-06	0.0727979
0.461707	3.05419e-07	2.36543e-06	0.0707335
0.48314	3.06705e-07	2.47831e-06	0.0741089
0.985112	7.75893e-05	0.00080096	23.9511
0.980146	4.2648e-08	7.5202e-07	0.0224876
0.72966	0.0028662	0.0149949	448.391
0.999999	1	1	29903
1	1	1	29903
0.9105	1	0.99587	29779.5
0.41144	1	0.776837	23229.7
0.754414	1	0.967019	28916.8
0.789799	1	0.976173	29190.5
0.999991	0.518766	0.85923	25693.6
0.763099	0.876946	0.937997	28048.9
1	1	1	29903
0.999994	1	1	29903
0.999997	1	1	29903
0.9999	0.00794588	0.0463612	1386.34
0.447912	1.11232e-05	6.58134e-05	1.96802
0.293043	0.00212446	0.00521808	156.036
0.999999	0.00275283	0.0189811	567.592
0.999342	0.00329606	0.0221207	661.476
0.942722	0.000406686	0.00339932	101.65
0.944379	0.000406801	0.00340548	101.834
0.963275	0.000148448	0.0014089	42.1304
0.977691	0.000406536	0.00350979	104.953
0.98137	0.000406608	0.00352205	105.32
0.885909	0.000406688	0.00321688	96.1942
0.549583	0.000406616	0.002102	62.8561
0.909046	0.00040667	0.00329123	98.4177
0.764089	0.000239844	0.00176016	52.6341
0.990412	0.000407326	0.00355637	106.346
0.948825	0.00667517	0.0383934	1148.08
0.996196	6.39948e-06	8.26415e-05	2.47123
0.999986	8.93294e-09	1.74489e-07	0.00521776
0.926913	9.74865e-07	1.34791e-05	0.403066
0.403247	0.330551	0.401908	12018.2
0.0953145	0.580578	0.215501	6444.13
0.999992	3.04789e-12	8.3867e-11	2.50787e-06
0.908412	0.500935	0.813337	24321.2
0.997491	0.462145	0.817967	24459.7
1	0.425869	0.7894	23605.4
0.587824	1	0.900151	26917.2
0.980154	4.33082e-13	1.25172e-11	3.74302e-07
0.906994	1.4166e-08	2.46305e-07	0.00736527
0.988745	1	0.999936	29901.1
1	1	1	29903
0.810498	1	0.980789	29328.5
0.978115	1	0.999759	29895.8
1	1	1	29903
0.999444	0.734874	0.961131	28740.7
0.211055	0.893441	0.503151	15045.7
1	1	1	29903
0.537683	0.817091	0.800686	23942.9
0.783704	0.9084	0.953822	28522.1
1	0.803615	0.979313	29284.4
0.979528	0.271653	0.618374	18491.2
0.995537	2.24403e-13	6.73105e-12	2.01279e-07
1	0.000139299	0.00137612	41.1502
0.887966	5.79383e-46	5.41641e-44	1.61967e-39
1	7.5595e-37	6.36304e-35	1.90274e-30
0.361359	0.358771	0.394504	11796.9
0.293337	0.00014227	0.00046258	13.8325
0.245027	0.0131072	0.0216495	647.384
0.979535	1	0.999789	29896.7
0.841901	1	0.986786	29507.9
0.872352	0.697887	0.910928	27239.5
0.589682	0.225387	0.401127	11994.9
0.399302	0.144301	0.22206	6640.27
0.278808	0.0952539	0.12292	3675.68
0.820329	0.230048	0.503401	15053.2
0.972363	9.40143e-19	3.8885e-17	1.16278e-12
0.522362	0.058177	0.13656	4083.55
0.420423	0.00628955	0.018339	548.39
0.619944	0.000120178	0.000782636	23.4032
0.799884	0.37185	0.658095	19679
0.658808	0.236933	0.446006	13336.9
0.508399	0.153735	0.277386	8294.69
0.508399	0.153735	0.277386	8294.69
0.244094	0.153735	0.160713	4805.79
0.700647	0.153735	0.34773	10398.2
1	0.338456	0.705126	21085.4
0.973158	0.0184559	0.0901541	2695.88
0.584136	0.00166733	0.00772746	231.074
0.490378	5.85375e-10	6.59404e-09	0.000197182
1	1	1	29903
0.999999	1	1	29903
1	1	1	29903
0.999999	1	1	29903
1	3.46081e-158	1.25824e-155	3.7625e-151
1	0.491863	0.840867	25144.4
1	3.52289e-33	2.66775e-31	7.97736e-27
0.677298	0.011551	0.0457722	1368.73
0.00761779	4.07122e-06	5.67204e-07	0.0169611
0.999885	0.010465	0.058177	1739.67
0.4094	0.640923	0.613453	18344.1
0.764558	1	0.969809	29000.2
0.778484	1	0.973422	29108.2
1	0.404753	0.770843	23050.5
0.907439	1	0.995578	29770.8
0.486588	1	0.837095	25031.7
0.999725	0.0103899	0.0578266	1729.19
0.683035	1	0.943414	28210.9
0.895614	1	0.994352	29734.1
0.285965	1	0.643961	19256.4
0.73509	0.711136	0.861832	25771.4
0.999984	0.00711964	0.042325	1265.64
0.387862	1	0.755208	22583
1	0.40441	0.770533	23041.2
0.800801	0.0641743	0.203934	6098.24
0.999966	1	1	29903
0.999963	0.190291	0.506011	15131.2
0.869731	0.538684	0.823733	24632.1
1	0.0883748	0.302787	9054.24
1	0.826075	0.983913	29421.9
0.999923	1	1	29903
0.933349	1	0.997728	29835.1
0.999982	1	1	29903
0.00693504	0.098527	0.0056635	169.356
1	0.0346821	0.151267	4523.34
0.846927	0.0164057	0.0733106	2192.21
0.957885	0.53358	0.854151	25541.7
1	5.9388e-08	1.04756e-06	0.0313251
1	1.62874e-10	3.83373e-09	0.00011464
0.201897	4.14274e-07	1.44671e-06	0.0432609
0.828651	0.0106865	0.0507122	1516.45
0.550866	5.53328e-06	4.1762e-05	1.24881
0.733261	0.0197447	0.0757942	2266.48
0.54654	2.34494e-07	2.16207e-06	0.0646523
0.00587499	4.25508e-49	2.93772e-49	8.78467e-45
0.603858	6.98793e-27	2.60484e-25	7.78924e-21
0.815335	0.000727449	0.00500003	149.516
0.0400795	1.66389e-34	5.46812e-34	1.63513e-29
0.996287	0.00469367	0.0297655	890.077
0.961504	0.126634	0.378148	11307.8
0.383489	2.96605e-25	6.64677e-24	1.98758e-19
0.964447	1	0.99936	29883.9
0.47564	1	0.829085	24792.1
0.985053	1	0.999888	29899.6
0.999648	0.820711	0.982813	29389.1
0.751225	0.0317717	0.113019	3379.61
0.384936	1	0.752426	22499.8
0.934389	0.00044221	0.00363265	108.627
0.972848	0.178511	0.477686	14284.2
0.0140719	0.000184982	3.60752e-05	1.07876
0.959232	0.00268914	0.0179538	536.873
0.999789	0.000301301	0.00274356	82.0406
0.856351	0.00268945	0.0162911	487.152
0.980902	0.000288473	0.00259483	77.5931
0.711961	1	0.953837	28522.6
0.412661	0.0389564	0.0824759	2466.28
0.879628	1	0.992446	29677.1
0.517667	0.246333	0.390142	11666.4
0.865391	0.168469	0.426524	12754.4
0.667302	0.614768	0.775766	23197.7
0.971745	0.610159	0.902836	26997.5
1	0.150843	0.436165	13042.6
0.548438	1	0.877875	26251.1
0.799818	0.258362	0.532469	15922.4
0.174154	1	0.478543	14309.9
0.042232	1	0.175878	5259.29
0.993887	1	0.999981	29902.4
0.368085	1	0.735965	22007.6
0.494126	0.0105345	0.0325755	974.104
0.786733	0.382886	0.662669	19815.8
1	0.00474718	0.0301456	901.442
0.686641	0.155828	0.346132	10350.4
0.972442	0.0983768	0.320183	9574.43
0.999999	4.0235e-22	2.0224e-20	6.04758e-16
0.764069	7.56708e-08	1.02141e-06	0.0305431
0.991725	1.17846e-26	7.0954e-25	2.12174e-20
0.767312	6.64982e-27	3.14007e-25	9.38976e-21
0.962183	5.84176e-19	2.41823e-17	7.23124e-13
0.51499	0.0023647	0.0093901	280.792
0.817735	1	0.982277	29373
0.91918	1	0.996642	29802.6
0.942627	1	0.998322	29852.8
0.913507	1	0.996147	29787.8
0.966983	1	0.999449	29886.5
0.0283595	0.549308	0.0804124	2404.57
0.299439	0.808969	0.58569	17513.9
0.999333	1	1	29903
0.999999	0.675442	0.940477	28123.1
0.999996	0.683975	0.943771	28221.6
0.401809	0.0690093	0.127143	3801.97
0.828286	0.023611	0.0965012	2885.67
0.853423	0.0708489	0.230109	6880.94
0.99599	0.224448	0.558452	16699.4
0.223678	1	0.558647	16705.2
0.479524	1	0.831956	24878
0.00100683	1	0.00795491	237.876
0.239597	1	0.581932	17401.5
0.888669	1	0.993559	29710.4
0.978499	4.29498e-15	1.43323e-13	4.28578e-09
0.999999	0.00350426	0.0233165	697.234
1	3.13648e-10	7.17712e-09	0.000214618
0.498801	3.20354e-10	3.76427e-09	0.000112563
0.456908	1.20494e-10	1.35559e-09	4.05364e-05
0.146621	8.16878e-10	2.856e-09	8.54031e-05
0.278498	8.02697e-10	5.19112e-09	0.00015523
0.286974	3.09841e-10	2.14673e-09	6.41938e-05
1	0.0696366	0.255181	7630.68
0.52535	7.33243e-05	0.000430059	12.8601
1	2.52241e-37	2.15087e-35	6.43175e-31
0.999997	0.127877	0.390879	11688.5
0.983504	1	0.999863	29898.9
0.500653	1	0.847026	25328.6
0.640263	7.55109e-16	1.75333e-14	5.24297e-10
0.768017	0.29261	0.560219	16752.2
0.952988	0.290681	0.632615	18917.1
0.815308	0.292432	0.580251	17351.2
0.952809	0.292373	0.634613	18976.8
0.988794	0.00184404	0.0133235	398.413
0.99448	1.70784e-37	1.45496e-35	4.35078e-31
0.752795	0.0946874	0.259541	7761.05
0.641593	0.167549	0.347249	10383.8
0.0237585	3.28596e-08	1.71526e-08	0.000512913
0.99049	0.0669386	0.246215	7362.57
0.757549	9.6741e-10	1.61479e-08	0.000482871
0.797047	1	0.97785	29240.7
0.202023	0.00593105	0.00925845	276.855
0.747871	0.00593105	0.0284684	851.291
0.98721	1.57656e-06	2.23702e-05	0.668937
0.50255	0.000747044	0.00333659	99.774
0.0533462	1.88091e-15	3.79664e-15	1.13531e-10
0.575739	1	0.893605	26721.5
1	1	1	29903
0.838621	1	0.986215	29490.8
0.985408	1	0.999893	29899.8
0.975699	1	0.999702	29894.1
0.862268	6.5527e-08	9.99461e-07	0.0298869
0.999995	0.68322	0.943484	28213
1	0.21789	0.549902	16443.7
1	0.400588	0.767054	22937.2
0.543286	1	0.874755	26157.8
0.986087	0.57067	0.886274	26502.3
0.266842	0.882691	0.5761	17227.1
0.616057	1	0.914485	27345.8
0.675516	1	0.940506	28124
0.897481	0.0430767	0.164421	4916.67
0.955911	1	0.999013	29873.5
1	1	1	29903
0.0358846	1	0.155289	4643.59
0.761629	1	0.969017	28976.5
1	5.79975e-09	1.15795e-07	0.0034626
0.900363	0.0410895	0.158968	4753.62
1	4.26397e-19	1.84625e-17	5.52085e-13
0.568518	0.0128176	0.0431513	1290.35
0.221556	2.88463e-05	8.28323e-05	2.47693
0.839616	0.000166061	0.00137726	41.1843
0.530465	7.44793e-18	1.62272e-16	4.85243e-12
1	1	1	29903
0.980214	1	0.999803	29897.1
0.981947	1	0.999836	29898.1
0.00190743	0.0826073	0.00153717	45.9661
1	0.801158	0.978772	29268.2
1	0.252545	0.600089	17944.5
0.927879	1	0.997334	29823.3
0.998296	1	0.999999	29903
1	0.0402876	0.16968	5073.93
0.833735	1	0.985341	29464.7
1	7.54747e-10	1.66079e-08	0.000496627
0.927462	0.268	0.594573	17779.5
0.999999	3.10541e-08	5.67903e-07	0.016982
0.706123	0.750266	0.866346	25906.3
0.62465	0.75002	0.823725	24631.9
0.999996	0.00523482	0.0327302	978.731
0.874509	0.162203	0.418877	12525.7
1	1	1	29903
0.857287	0.608554	0.861154	25751.1
0.976543	0.0437039	0.17729	5301.5
0.0265581	0.103317	0.0189285	566.018
0.739467	1	0.962657	28786.3
0.0903702	0.0437039	0.0258069	771.703
0.691911	0.354714	0.590197	17648.7
0.976613	3.84061e-10	8.51574e-09	0.000254646
0.028999	0.108692	0.0213064	637.125
1	1	1	29903
0.523565	1	0.862361	25787.2
0.953343	2.38418e-07	3.70422e-06	0.110767
1	4.88446e-08	8.71125e-07	0.0260493
0.476957	1	0.830062	24821.3
0.712055	1	0.953869	28523.5
0.671505	1	0.938921	28076.6
0.796365	1	0.977695	29236
0.389837	1	0.757074	22638.8
0.717067	1	0.955553	28573.9
0.727744	1	0.959025	28677.7
0.805675	1	0.979761	29297.8
0.811779	0.296761	0.583797	17457.3
1	6.59382e-06	8.52539e-05	2.54935
0.598735	0.0521278	0.139418	4169.02
0.953984	6.18027e-06	7.68897e-05	2.29923
1	3.19233e-16	1.17097e-14	3.50154e-10
0.998923	7.68724e-13	2.21885e-11	6.63501e-07
1	2.00438e-12	5.59938e-11	1.67438e-06
1	3.1419e-16	1.15297e-14	3.44772e-10
0.999998	3.10475e-16	1.1397e-14	3.40806e-10
1	3.15744e-16	1.15851e-14	3.46431e-10
0.999257	0.866837	0.99062	29622.5
0.681675	1	0.942894	28195.4
0.244457	0.624993	0.439824	13152.1
0.56708	0.0244667	0.0732258	2189.67
0.999198	1.11326e-43	1.1113e-41	3.32314e-37
0.52855	0.0810708	0.17783	5317.64
1	7.58827e-11	1.84409e-09	5.51438e-05
0.986575	0.0879836	0.298958	8939.74
0.692354	5.184e-06	4.85887e-05	1.45295
0.999996	2.08215e-12	5.80869e-11	1.73697e-06
0.876554	2.86322e-07	4.0653e-06	0.121565
0.999977	0.0895814	0.305701	9141.38
0.851264	1	0.988346	29554.5
0.891735	0.794588	0.952674	28487.8
0.999995	0.619779	0.916275	27399.4
0.893998	0.902075	0.979929	29302.8
0.999997	0.917832	0.996527	29799.2
0.999078	0.825551	0.983666	29414.6
0.930504	0.377871	0.719125	21504
0.999999	0.628514	0.920394	27522.5
1	0.391503	0.75864	22685.6
0.920959	1	0.996791	29807
0.999997	0.858955	0.989549	29590.5
1	0.26117	0.611812	18295
1	0.537159	0.870982	26045
0.610691	1	0.911862	27267.4
0.999996	0.402129	0.76846	22979.2
0.829864	0.631142	0.862488	25791
0.999973	0.631587	0.921806	27564.8
0.996826	1	0.999995	29902.8
1	0.0161048	0.0825956	2469.86
0.501954	1	0.847924	25355.5
0.590636	0.188524	0.35577	10638.6
1	1	1	29903
0.957927	0.317217	0.665828	19910.2
0.999998	0.404698	0.770793	23049
1	1	1	29903
1	0.00591401	0.0362554	1084.15
0.938521	0.903322	0.987778	29537.5
0.552562	1	0.880336	26324.7
0.267378	0.411724	0.35299	10555.4
1	0.242428	0.585961	17522
0.959111	1	0.999152	29877.7
0.78181	8.70255e-07	1.03421e-05	0.30926
0.998933	6.36176e-07	9.70332e-06	0.290158
0.999999	0.000251236	0.00233376	69.7865
0.949431	8.26768e-10	1.72419e-08	0.000515585
0.435767	1	0.797736	23854.7
1	0.0194287	0.0959974	2870.61
0.00125407	1	0.00963294	288.054
1	0.0589184	0.225752	6750.66
0.654163	1	0.931789	27863.3
0.817022	0.0134887	0.0607013	1815.15
0.940688	0.0452813	0.177027	5293.65
0.831484	0.0425183	0.153517	4590.61
0.0242544	6.10658e-17	6.22864e-17	1.86255e-12
0.895176	0.11743	0.341919	10224.4
1	0.000108546	0.00109939	32.8752
0.456192	6.28495e-14	9.22729e-13	2.75924e-08
0.974292	1	0.999667	29893
0.144669	1	0.424359	12689.6
1	0.0111303	0.0611955	1829.93
0.70891	0.497784	0.720453	21543.7
0.211564	2.88948e-06	9.35771e-06	0.279824
0.547344	1	0.877216	26231.4
0.28623	1	0.644292	19266.3
0.338349	0.916913	0.673344	20135
0.999859	0.805033	0.979597	29292.9
0.800783	0.914794	0.960537	28722.9
0.997548	6.99118e-06	8.9779e-05	2.68466
0.844013	0.0038271	0.0217556	650.559
1	2.54519e-16	9.39358e-15	2.80896e-10
1	2.794e-19	1.22158e-17	3.65289e-13
0.895119	3.20221e-18	1.18649e-16	3.54795e-12
0.664223	2.794e-19	8.18995e-18	2.44904e-13
0.933463	2.794e-19	1.1421e-17	3.41521e-13
0.851657	2.794e-19	1.04419e-17	3.12244e-13
0.851657	2.794e-19	1.04419e-17	3.12244e-13
0.902076	2.794e-19	1.10456e-17	3.30296e-13
0.743328	1.52621e-06	1.66647e-05	0.498324
0.919021	2.8196e-19	1.1349e-17	3.39369e-13
1	1.03987e-08	2.01543e-07	0.00602675
2.50477e-11	1.02432e-18	1.71472e-27	5.12754e-23
2.23982e-09	1.02432e-18	1.43025e-25	4.27689e-21
1	2.73142e-29	1.82378e-27	5.45364e-23
0.092108	1	0.311767	9322.75
0.169251	1	0.469904	14051.5
0.999978	0.629238	0.920724	27532.4
0.999998	0.0124486	0.0670499	2004.99
1	0.0259768	0.120806	3612.47
1	0.859716	0.989665	29593.9
0.908736	1	0.995703	29774.5
0.594603	1	0.903714	27023.8
1	1	1	29903
0.982232	1	0.999841	29898.3
0.878838	0.000915667	0.00653838	195.517
0.998237	2.84157e-05	0.000325363	9.72934
1	0.00762892	0.0448261	1340.43
0.927485	0.0502899	0.189615	5670.06
0.830706	0.0122944	0.0570303	1705.38
0.999997	1	1	29903
0.96255	1	0.99929	29881.8
0.836855	1	0.985903	29481.4
1	1	1	29903
0.61937	0.011806	0.0432755	1294.07
0.843903	0.0578615	0.196266	5868.95
0.870079	1	0.991169	29638.9
0.268724	0.0727824	0.0965078	2885.87
0.451808	0.893433	0.769854	23020.9
0.999911	1	1	29903
0.844764	1	0.987274	29522.5
0.541066	1	0.873397	26117.2
0.0241703	1.31793e-06	5.81735e-07	0.0173956
0.282659	0.306591	0.298612	8929.39
0.78616	0.451777	0.722826	21614.7
0.533747	0.055748	0.134338	4017.1
0.879159	0.159878	0.416353	12450.2
0.973263	1	0.999639	29892.2
0.772862	1	0.971994	29065.5
0.999985	0.889719	0.993681	29714
0.378363	0.700304	0.616886	18446.7
0.999957	0.882834	0.992846	29689.1
0.837077	0.907352	0.968441	28959.3
0.999999	0.7191	0.956227	28594
0.000685379	1.42274e-54	1.28981e-55	3.85693e-51
2.09773e-05	7.58469e-10	5.2142e-13	1.5592e-08
0.993631	7.99407e-09	1.5609e-07	0.00466757
0.731411	8.84737e-06	8.37884e-05	2.50553
0.730957	0.00988971	0.0428652	1281.8
0.598671	0.0523045	0.139773	4179.64
1	4.05272e-06	5.43717e-05	1.62588
0.943354	1.00539e-05	0.00011918	3.56383
0.936019	4.67334e-05	0.000482803	14.4373
0.0218918	1	0.105554	3156.39
0.955619	1	0.999	29873.1
0.947334	1	0.998588	29860.8
0.955204	1	0.998981	29872.5
0.973315	1	0.999641	29892.3
0.931975	1	0.997632	29832.2
0.553357	1	0.880807	26338.8
0.881635	0.0122587	0.0597396	1786.39
0.697087	0.527116	0.735325	21988.4
0.0233537	0.85779	0.0983678	2941.49
1	1	1	29903
0.803307	1	0.979246	29282.4
0.999999	1	1	29903
0.986959	0.218841	0.546995	16356.8
1	0.00218118	0.0155472	464.909
0.999999	0.0226334	0.108376	3240.77
0.763976	0.000825588	0.00527834	157.838
0.890239	5.11103e-06	6.05172e-05	1.80965
0.999983	2.63849e-35	2.12712e-33	6.36073e-29
1	1.16105e-06	1.70282e-05	0.509195
3.40994e-05	9.86746e-30	2.62701e-32	7.85554e-28
0.00702964	0.873056	0.0373967	1118.27
0.937621	0.0488374	0.186995	5591.71
0.945627	0.000254022	0.00224212	67.0462
0.462002	0.626888	0.648518	19392.6
1	0.698573	0.949162	28382.8
0.999997	0.698121	0.948999	28377.9
1	0.460997	0.817976	24459.9
0.893408	1	0.994106	29726.7
0.125855	0.727912	0.310582	9287.32
1	1	1	29903
0.999998	1	1	29903
1	0.133559	0.402441	12034.2
0.400427	1	0.766907	22932.8
0.866954	1	0.990729	29625.8
1	0.0137169	0.0725504	2169.47
0.859846	0.135446	0.366879	10970.8
0.999456	0.00119454	0.00922943	275.988
0.987627	0.132035	0.396046	11843
0.900827	1	0.994911	29750.8
0.341529	0.214531	0.264765	7917.27
0.989283	0.0334092	0.145746	4358.23
0.965718	0.495135	0.830952	24847.9
0.149445	1	0.433514	12963.4
0.198752	1	0.519874	15545.8
0.585667	1	0.899001	26882.8
0.487336	1	0.837634	25047.8
0.546544	1	0.876734	26217
0.994665	0.0635858	0.237852	7112.5
0.367935	1	0.735815	22003.1
0.367935	1	0.735815	22003.1
0.922197	1	0.996892	29810.1
0.975074	1	0.999687	29893.6
0.96689	1	0.999446	29886.4
0.986404	1	0.999907	29900.2
0.992056	1	0.999968	29902.1
1	1	1	29903
0.463855	1	0.820181	24525.9
0.362728	1	0.730571	21846.3
0.966067	1	0.999418	29885.6
0.900494	1	0.994876	29749.8
0.979446	1	0.999787	29896.6
0.995387	1	0.999989	29902.7
0.979446	1	0.999787	29896.6
0.972457	1	0.999617	29891.6
0.998314	0.774914	0.972185	29071.3
0.321061	1	0.685826	20508.3
0.357792	1	0.725532	21695.6
0.995303	0.645655	0.926789	27713.8
7.85637e-05	0.416497	0.000370653	11.0836
0.999999	3.18401e-08	5.81481e-07	0.017388
1	1.45102e-13	4.43452e-12	1.32605e-07
0.011656	1	0.0635479	1900.27
0.186758	1.61253e-16	1.17575e-15	3.51583e-11
0.0503903	1.25182e-66	9.82361e-66	2.93755e-61
1	0.000652132	0.00543569	162.543
0.382893	2.38279e-07	1.57015e-06	0.0469521
1	0.515011	0.856755	25619.6
0.196398	0.846451	0.46453	13890.9
0.971167	1	0.99958	29890.4
0.982078	9.11999e-10	1.95552e-08	0.00058476
0.658605	6.52397e-24	2.35478e-22	7.04151e-18
0.720559	0.604061	0.797316	23842.1
0.632092	0.000118051	0.000783731	23.4359
0.967891	0.727003	0.950968	28436.8
0.27049	1.30233e-07	6.39769e-07	0.019131
0.999998	0.0019662	0.0142189	425.186
0.905037	0.053733	0.195665	5850.96
0.946113	0.727029	0.945233	28265.3
0.0515195	0.0503188	0.0180306	539.168
1	0.00338378	0.0226333	676.803
0.565126	1	0.887647	26543.3
0.595269	1	0.90406	27034.1
0.6898	1	0.94596	28287
0.545664	1	0.876201	26201
0.755015	1	0.967188	28921.8
0.851668	0.874073	0.964135	28830.5
0.942033	1	0.998286	29851.8
0.544401	1	0.875434	26178.1
0.999898	1	1	29903
0.96976	1	0.999538	29889.2
0.328128	1	0.693778	20746
0.944222	7.77056e-05	0.000771865	23.0811
0.917009	7.79904e-05	0.000754197	22.5528
0.0276292	0.624557	0.0873083	2610.78
0.11593	0.891435	0.337903	10104.3
0.254955	1	0.603393	18043.3
0.532779	0.0124276	0.0398427	1191.42
1	0.0932214	0.314415	9401.95
0.0514042	0.0308488	0.0118087	353.115
1	0.0438749	0.181046	5413.81
0.814715	0.258831	0.539098	16120.6
0.0809757	0.0296998	0.0169074	505.583
0.999996	4.56307e-17	1.76252e-15	5.27047e-11
0.999975	0.542596	0.874326	26145
0.949182	1	0.998686	29863.7
0.996634	1	0.999994	29902.8
0.999995	1	1	29903
0.914691	7.31352e-05	0.000709926	21.2289
1	0.0225511	0.108064	3231.44
1	0.734352	0.961096	28739.6
0.999996	1	1	29903
0.999994	1	1	29903
0.94178	1	0.998271	29851.3
0.999998	1	1	29903
0.747526	1	0.965046	28857.8
1	0.635319	0.923518	27615.9
0.988534	1	0.999934	29901
0.745192	1	0.964363	28837.3
0.98593	1	0.999901	29900
0.64904	0.626732	0.772667	23105
0.961558	1.69385e-08	3.08366e-07	0.00922106
1	0.859468	0.989627	29592.8
0.725821	1	0.958412	28659.4
0.999996	1	1	29903
0.864529	0.00833926	0.0427695	1278.94
0.280559	9.43424e-07	4.27328e-06	0.127784
0.396663	9.44424e-07	5.91797e-06	0.176965
0.995212	7.89214e-08	1.36349e-06	0.0407723
0.225444	0.000107197	0.000281074	8.40495
0.198275	3.04674e-07	1.06454e-06	0.0318329
0.354235	5.46853e-07	3.18794e-06	0.0953289
1	4.92619e-06	6.51289e-05	1.94755
0.514813	7.47484e-08	6.95479e-07	0.0207969
0.997639	3.93344e-09	7.98805e-08	0.00238867
0.992374	0.00200998	0.0143959	430.482
0.0865457	1.29531e-24	6.55249e-24	1.95939e-19
0.00865435	5.46671e-11	1.38996e-11	4.15641e-07
0.000494502	7.73411e-08	9.55637e-10	2.85764e-05
0.999997	1	1	29903
0.999991	0.0217795	0.105124	3143.53
0.999996	1	1	29903
0.999992	4.06205e-06	5.44872e-05	1.62933
1	1	1	29903
0.203019	1.03445e-06	3.43921e-06	0.102843
0.868038	0.000848961	0.00605242	180.986
0.992888	0.000115428	0.00115455	34.5244
0.957563	2.64958e-08	4.69108e-07	0.0140277
0.351433	0.000314636	0.00111788	33.428
0.0331455	1	0.146067	4367.85
0.0945771	1	0.317622	9497.85
0.190128	1	0.505752	15123.5
0.841167	1	0.986659	29504.1
0.851489	0.216382	0.495897	14828.8
0.840448	0.85548	0.956189	28592.9
0.97315	0.591151	0.893351	26713.9
1	0.628975	0.920608	27528.9
0.999541	0.216591	0.547767	16379.9
0.950791	1	0.998769	29866.2
0.617237	1	0.915055	27362.9
0.876831	0.747146	0.932195	27875.4
0.95623	5.55583e-07	8.20699e-06	0.245414
0.765923	0.0235911	0.0905898	2708.91
0.947208	0.224985	0.542563	16224.3
0.988235	2.79993e-11	7.00345e-10	2.09424e-05
0.397512	0.0425828	0.0859703	2570.77
0.106372	0.143358	0.0790402	2363.54
1	2.42736e-07	3.93991e-06	0.117815
0.917694	0.829514	0.968911	28973.4
0.937416	0.14692	0.410764	12283.1
0.797007	0.146958	0.368304	11013.4
0.999947	1	1	29903
0.971717	0.69107	0.938929	28076.8
0.664152	0.445258	0.656007	19616.6
0.00199841	1	0.0144193	431.182
0.989775	0.654729	0.929159	27784.7
0.553968	0.0877855	0.195665	5850.96
0.934024	0.00482242	0.0288395	862.388
0.999973	1.11274e-16	4.19876e-15	1.25555e-10
0.999998	0.616492	0.914695	27352.1
0.834813	7.26276e-09	1.20782e-07	0.00361175
0.733827	2.02561e-11	3.85467e-10	1.15266e-05
0.430659	1	0.793463	23726.9
1	0.0745409	0.268079	8016.38
0.681168	1	0.9427	28189.6
0.33683	0.314235	0.343547	10273.1
0.990097	1	0.999951	29901.5
1	0.0172017	0.0870879	2604.19
0.941374	0.0993225	0.315075	9421.68
0.671792	0.379388	0.603278	18039.8
0.963718	1	0.999334	29883.1
0.0522435	0.0049744	0.00240527	71.9246
0.250534	0.154953	0.164943	4932.28
1	0.710831	0.953452	28511.1
0.789285	0.154142	0.377944	11301.7
1	0.0801844	0.282524	8448.31
0.90866	6.33838e-172	2.27667e-169	6.80792e-165
0.788012	1	0.97575	29177.8
0.665831	1	0.936638	28008.3
0.830919	1	0.984824	29449.2
0.863092	1	0.990169	29609
0.774732	1	0.972473	29079.9
0.437649	1	0.799295	23901.3
0.368511	1	0.73639	22020.3
0.975608	1	0.9997	29894
0.962847	1	0.999301	29882.1
0.999995	1	1	29903
0.433073	1	0.79549	23787.5
0.285325	1.6873e-05	6.37599e-05	1.90661
0.965209	0.18953	0.493675	14762.4
0.139206	1.53163e-05	2.99741e-05	0.896314
1	0.0334264	0.147023	4396.43
0.051685	7.60684e-06	6.19189e-06	0.185156
0.999991	0.333545	0.699767	20925.1
0.0466283	7.60309e-06	5.62002e-06	0.168055
0.0466283	7.60309e-06	5.62002e-06	0.168055
0.568821	7.60309e-06	5.7741e-05	1.72663
0.9149	7.60309e-06	8.95656e-05	2.67828
0.807564	7.60309e-06	7.98241e-05	2.38698
0.980963	7.60309e-06	9.55129e-05	2.85612
0.532775	1	0.86824	25963
0.999996	0.267962	0.620842	18565
0.999991	0.110053	0.352915	10553.2
0.999996	0.939115	0.998107	29846.4
0.37892	0.765821	0.649213	19413.4
1	0.915082	0.996288	29792
1	1	1	29903
0.846302	0.903466	0.969822	29000.6
1	0.354559	0.722195	21595.8
1	1	1	29903
1	0.00771054	0.0452236	1352.32
1	1.32211e-15	4.66169e-14	1.39399e-09
0.982843	2.89469e-07	4.57268e-06	0.136737
0.928943	0.0478063	0.182713	5463.68
0.999983	8.27365e-06	0.000105094	3.14262
0.533506	1	0.8687	25976.7
0.144639	1	0.4243	12687.9
0.971204	1	0.999581	29890.5
0.99361	1	0.99998	29902.4
0.542175	0.202994	0.352928	10553.6
0.999999	1.08722e-09	2.35271e-08	0.000703531
1	3.64803e-06	4.93262e-05	1.475
0.786958	0.00725539	0.0352036	1052.69
0.999995	0.0131656	0.0701743	2098.42
0.577148	4.7809e-29	1.8421e-27	5.50843e-23
0.628267	5.21399e-31	2.33215e-29	6.97382e-25
0.990765	0.0129706	0.0688077	2057.56
1	9.73903e-21	4.58496e-19	1.37104e-14
1	1.07695e-12	3.07544e-11	9.19649e-07
0.56762	3.41884e-11	4.98064e-10	1.48936e-05
1	0.52291	0.861937	25774.5
0.999997	1	1	29903
0.848259	1	0.987856	29539.9
0.942216	1	0.998297	29852.1
1	0.159333	0.45199	13515.9
0.524865	1	0.863201	25812.3
0.98733	1	0.999919	29900.6
0.829587	1	0.984576	29441.8
0.732764	1	0.960603	28724.9
0.974226	1	0.999665	29893
1	0.024039	0.113658	3398.72
0.297874	1	0.658624	19694.8
1	0.275555	0.630736	18860.9
1	0.118351	0.370924	11091.7
0.80525	1	0.979669	29295
0.480288	1	0.832516	24894.7
0.708742	1	0.952736	28489.7
1	0.605905	0.909483	27196.3
0.222176	0.129753	0.131064	3919.19
0.691574	0.224191	0.444054	13278.5
0.892944	0.34919	0.675178	20189.8
0.293351	0.0368874	0.0597995	1788.18
0.601789	0.0428944	0.120209	3594.62
0.322967	0.0428944	0.0731354	2186.97
0.466187	0.0428944	0.0982279	2937.31
0.493787	0.0428944	0.102825	3074.78
1	0.0698764	0.255819	7649.77
0.729864	1	0.959696	28697.8
0.998913	1.08296e-10	2.59057e-09	7.74657e-05
0.81064	0.000105831	0.000889101	26.5868
0.989967	4.85771e-05	0.000526219	15.7355
0.764943	3.65118e-08	5.13723e-07	0.0153619
0.999987	0.729207	0.959486	28691.5
0.962697	0.000104652	0.00102792	30.7379
0.624963	0.0010054	0.00526069	157.31
0.111031	7.22111e-09	1.75941e-08	0.000526117
0.948019	0.00153556	0.010965	327.886
0.999969	0.0407271	0.171085	5115.95
0.851415	0.00740726	0.0382571	1144
0.742514	0.45339	0.703163	21026.7
0.738329	0.455005	0.702395	21003.7
0.999875	0.591853	0.902239	26979.7
0.999999	0.930777	0.997547	29829.6
0.896553	0.769611	0.946033	28289.2
1	0.0229566	0.109598	3277.32
1	1	1	29903
0.099188	1	0.328386	9819.71
0.825387	0.0045076	0.0245327	733.6
0.851315	0.0045076	0.0251846	753.096
0.301613	0.0045076	0.0103334	309
0.500141	0.0045076	0.0159949	478.295
0.500141	0.0045076	0.0159949	478.295
0.158486	0.0045076	0.00588951	176.114
0.373115	0.00420649	0.0117038	349.978
0.538745	0.0045076	0.0170489	509.814
0.662925	1	0.935449	27972.7
0.999994	1	1	29903
3.26735e-06	0.310264	1.50053e-05	0.448703
0.0521836	0.310264	0.0829501	2480.46
0.000105546	0.378472	0.000444521	13.2925
0.241821	0.265957	0.24079	7200.35
0.699577	2.84794e-08	3.73196e-07	0.0111597
0.953897	8.90774e-08	1.46838e-06	0.0439088
0.933561	2.555e-07	3.87575e-06	0.115896
0.906623	1.41567e-07	2.16504e-06	0.0647411
0.849473	0.599706	0.853024	25508
0.982508	0.599706	0.900889	26939.3
0.889262	2.24861e-07	3.28438e-06	0.0982128
0.628429	3.42898e-07	3.52329e-06	0.105357
0.605666	4.85302e-08	5.39143e-07	0.016122
0.253856	3.34658e-09	1.85935e-08	0.000556003
0.997055	1.68082e-07	2.78224e-06	0.0831972
1	9.63243e-07	1.4307e-05	0.427822
0.28291	3.35401e-17	3.81416e-16	1.14055e-11
1	5.61325e-16	2.02729e-14	6.06221e-10
0.994075	2.31897e-09	4.81517e-08	0.00143988
0.961041	0.636199	0.912218	27278
0.519421	0.0592631	0.13793	4124.54
0.965309	0.605436	0.89834	26863.1
0.756539	0.120589	0.309669	9260.02
1	1.03062e-49	1.17281e-47	3.50704e-43
0.999995	1	1	29903
0.0008958	1	0.00718234	214.774
1	0.0213812	0.103597	3097.87
1	0.460125	0.817301	24439.7
0.794915	0.812236	0.928124	27753.7
0.433401	0.90052	0.757497	22651.4
1	0.380867	0.74852	22383
0.432837	1	0.795292	23781.6
0.424935	1	0.788602	23581.6
0.976484	1	0.999721	29894.7
0.995544	1	0.99999	29902.7
0.950858	0.000232216	0.00207959	62.1858
0.792346	4.13121e-15	1.12449e-13	3.36257e-09
1	0.34698	0.714254	21358.4
0.903732	1.11988e-06	1.49822e-05	0.448012
0.999999	0.417596	0.782258	23391.9
1	0.62273	0.917681	27441.4
0.00664976	0.0102597	0.000722682	21.6104
8.60952e-06	0.00996564	1.48186e-06	0.0443121
0.998726	1	0.999999	29903
0.10569	0.0102439	0.00847558	253.445
0.339564	0.0102834	0.0232465	695.139
0.891075	0.00433811	0.0253414	757.783
0.983309	1	0.99986	29898.8
0.843735	1	0.9871	29517.2
0.959881	1	0.999184	29878.6
0.446611	0.619413	0.632129	18902.5
0.706478	0.4022	0.641677	19188.1
0.999932	0.0781908	0.277455	8296.73
0.951473	0.00927501	0.0505684	1512.15
0.788586	1	0.975886	29181.9
0.922298	1	0.9969	29810.3
0.496594	1	0.844201	25244.1
0.845565	0.660069	0.883612	26422.6
1	1	1	29903
0.583258	1	0.897708	26844.1
0.444602	1	0.804986	24071.5
0.516237	1	0.857568	25643.8
0.999855	1	1	29903
0.807302	0.548515	0.803535	24028.1
0.00287832	1	0.0197181	589.629
0.294516	0.0125434	0.0243856	729.202
0.0118348	0.00166379	0.000233045	6.96875
0.17027	1	0.471711	14105.6
0.308844	0.000290462	0.000925688	27.6808
0.905927	0.5982	0.873924	26132.9
0.827462	0.0509354	0.17561	5251.25
0.801702	0.0941772	0.270569	8090.82
0.655141	0.0228583	0.0778922	2329.21
0.320698	0.0228635	0.0433739	1297.01
0.416591	0.0228552	0.0538354	1609.84
0.99991	0.0987289	0.327303	9787.34
0.979185	0.118318	0.365572	10931.7
0.780007	0.574611	0.807888	24158.3
0.982535	0.0009249	0.0072731	217.488
0.999988	1	1	29903
0.814368	0.363893	0.656766	19639.3
0.098458	1	0.326696	9769.19
0.888065	0.755079	0.938544	28065.3
0.999999	0.882689	0.992833	29688.7
0.259301	1	0.609297	18219.8
0.545365	0.897354	0.839103	25091.7
0.658775	1	0.93373	27921.3
0.999648	0.740511	0.962893	28793.4
0.916911	1	0.996448	29796.8
1	0.0343749	0.150233	4492.42
1	0.397639	0.764346	22856.2
0.890064	0.11411	0.33385	9983.12
0.999999	1	1	29903
0.810521	1	0.980794	29328.7
1	0.636341	0.92398	27629.8
0.997319	1	0.999996	29902.9
0.970353	1	0.999556	29889.7
1	4.08668e-05	0.000453834	13.571
0.883082	1	0.992882	29690.2
0.714655	1	0.954747	28549.8
0.966846	1	0.999444	29886.4
0.845545	1	0.987405	29526.4
1	0.11637	0.36668	10964.8
0.766129	1	0.970229	29012.8
0.757878	1	0.967987	28945.7
0.210981	1	0.539265	16125.6
0.967227	1	0.999457	29886.8
0.950288	1	0.998743	29865.4
0.998042	0.543695	0.874355	26145.8
0.999994	1	1	29903
0.597184	1	0.90505	27063.7
0.944729	1	0.998444	29856.5
1	0.635127	0.92343	27613.3
0.891835	1	0.993927	29721.4
0.87881	1	0.99234	29674
0.966108	1	0.999419	29885.6
0.909688	0.0172194	0.0807707	2415.29
0.999999	3.32687e-07	5.29506e-06	0.158338
0.185654	0	0	0
0.859379	0.000365925	0.00285054	85.2396
0.999986	2.88295e-39	2.58718e-37	7.73646e-33
0.623893	0.688813	0.792693	23703.9
0.834333	0.0485637	0.17042	5096.07
0.788338	0.61722	0.837089	25031.5
1	0.0893183	0.305071	9122.53
0.0873404	0.322166	0.128609	3845.8
0.0901628	0.322043	0.131802	3941.26
0.603446	1	0.908246	27159.3
0.0500074	0.253835	0.0681223	2037.06
0.389897	1	0.75713	22640.5
0.0577088	0.197407	0.06237	1865.05
1	0.429248	0.792272	23691.3
0.274137	0.800512	0.552275	16514.7
0.826029	0.800512	0.934757	27952
0.627979	0.800512	0.848441	25370.9
0.920807	0.670408	0.915094	27364
0.913662	0.605307	0.880623	26333.3
0.985815	1	0.999899	29900
0.999998	1	1	29903
0.485652	0.844111	0.775506	23189.9
1	1	1	29903
0.997324	0.31942	0.682981	20423.2
0.0532317	0.858541	0.186719	5583.47
0.767364	2.76887e-05	0.000249853	7.47135
0.947853	5.92081e-06	7.34652e-05	2.19683
0.989981	5.92081e-06	7.64754e-05	2.28684
0.999982	5.92081e-06	7.71885e-05	2.30817
0.999984	5.92081e-06	7.71887e-05	2.30817
0.826343	1.39863e-05	0.000142945	4.27448
0.999982	5.92081e-06	7.71885e-05	2.30817
0.947853	5.92081e-06	7.34652e-05	2.19683
0.989981	5.92081e-06	7.64754e-05	2.28684
0.989981	5.92081e-06	7.64754e-05	2.28684
0.989981	5.92081e-06	7.64754e-05	2.28684
0.999912	5.92081e-06	7.71835e-05	2.30802
0.97421	0.893029	0.991158	29638.6
0.0960157	0.304694	0.132577	3964.44
0.615107	1	0.914024	27332.1
0.912241	0.138955	0.388579	11619.7
0.310591	0.31415	0.324638	9707.66
0.999999	0.224791	0.56031	16754.9
1	3.60359e-09	7.36621e-08	0.00220272
0.375413	0.475896	0.486356	14543.5
0.999999	1	1	29903
0.999999	1	1	29903
0.301462	1	0.662948	19824.1
1	5.40067e-18	2.20131e-16	6.58259e-12
0.966028	1	0.999416	29885.5
0.944477	0.755297	0.954311	28536.8
0.99688	1.40388e-48	1.55608e-46	4.65313e-42
0.997321	3.40386e-61	4.76063e-59	1.42357e-54
0.999996	3.3776e-60	4.65897e-58	1.39317e-53
0.810151	0.0107862	0.050159	1499.9
0.849785	1	0.988106	29547.3
0.0046775	5.31338e-07	5.17268e-08	0.00154679
0.0045828	5.28171e-07	5.04416e-08	0.00150835
0.0128387	5.33219e-07	1.35545e-07	0.00405321
0.999999	0.202349	0.525655	15718.7
0.999981	0.202345	0.525642	15718.3
0.99988	0.166947	0.46576	13927.6
0.999593	0.0880653	0.301949	9029.17
0.912938	1	0.996095	29786.2
0.99532	3.03971e-62	4.31596e-60	1.2906e-55
0.997761	3.22226e-53	3.91816e-51	1.17165e-46
0.945888	0.00670268	0.0384259	1149.05
0.902387	0.0053253	0.0304571	910.76
0.772015	0.0231418	0.0897735	2684.5
0.740895	0.00500742	0.0244737	731.836
0.566021	0.000348952	0.00188225	56.2849
0.626551	0.000209665	0.00130545	39.037
0.56714	0.000207264	0.0011812	35.3213
0.997875	0.0279432	0.1277	3818.61
0.985331	0.0279432	0.126443	3781.02
0.756728	0.0279432	0.102689	3070.72
0.997875	0.0279432	0.1277	3818.61
0.648125	0.000209838	0.0013468	40.2733
0.688121	0.0279432	0.0952066	2846.96
0.688121	0.0279432	0.0952066	2846.96
0.999953	0.150185	0.434906	13005
0.719064	0.000125926	0.000933524	27.9152
0.70883	3.06429e-05	0.00025494	7.62348
0.752584	0.000320361	0.00224952	67.2675
0.646595	0.0279448	0.0905897	2708.9
0.650336	0.000125531	0.000850111	25.4209
0.895704	0.0279448	0.117333	3508.62
0.686771	0.0279448	0.0950616	2842.63
0.617166	0.000210185	0.00129072	38.5964
0.454776	0.000351449	0.00155697	46.5582
0.129134	0.000349571	0.000496815	14.8562
0.546021	0.000126824	0.000732496	21.9038
0.999931	0.00269946	0.0186649	558.136
0.210168	0.000126342	0.000306325	9.16005
0.703705	8.92238e-06	8.14875e-05	2.43672
0.644973	7.93608e-08	9.10479e-07	0.0272261
0.740295	1.00181e-27	4.70705e-26	1.40755e-21
4.6126e-06	6.82695e-25	2.17062e-28	6.49081e-24
0.0190004	1.3063e-25	1.54532e-25	4.62097e-21
0.999936	0.0323978	0.143504	4291.21
0.8658	0.00179247	0.0115901	346.58
0.13544	1.98655e-05	3.71992e-05	1.11237
0.999977	0.00420394	0.0272062	813.548
0.999986	0.0184786	0.0922281	2757.9
0.999832	1.34034e-05	0.000163764	4.89705
0.781912	4.37855e-09	7.01591e-08	0.00209797
0.993048	0.697928	0.947168	28323.2
1	0.0513765	0.203892	6096.97
0.241963	1	0.585301	17502.3
0.999999	0.0519389	0.205558	6146.79
1	0.130938	0.397138	11875.6
0.981407	1	0.999826	29897.8
0.187928	0.234355	0.181568	5429.42
0.876892	0.817959	0.955618	28575.9
0.302059	0.726932	0.552466	16520.4
0.99978	0.0376595	0.161124	4818.1
0.999486	0.00146571	0.0110252	329.686
0.999972	0.000115545	0.00116303	34.778
0.999974	0.746001	0.964595	28844.3
0.967511	0.034342	0.146342	4376.07
0.109353	5.351e-27	3.72772e-26	1.1147e-21
0.410651	2.09213e-05	0.000108807	3.25367
0.740448	0.322965	0.581277	17381.9
0.677068	1	0.941114	28142.1
0.627407	1	0.919879	27507.1
0.618044	1	0.915444	27374.5
0.514319	1	0.856296	25605.8
0.509285	1	0.852924	25505
0.396651	1	0.763434	22829
0.488619	1	0.838554	25075.3
0.764826	1	0.969881	29002.4
1	0.00729375	0.0431844	1291.34
0.793808	0.887282	0.951204	28443.9
1	1	1	29903
1	0.540276	0.872911	26102.6
0.0265525	1	0.122902	3675.13
0.0157262	1	0.0810281	2422.98
0.777569	1	0.973192	29101.4
0.362299	1	0.730135	21833.2
0.573908	1	0.892591	26691.2
0.0537914	1	0.211004	6309.67
0.0427536	1	0.177526	5308.56
0.0457758	1	0.186948	5590.32
0.845115	0.553773	0.823348	24620.6
0.471267	1	0.825816	24694.4
0.743979	1	0.964005	28826.6
0.285738	1	0.643677	19247.9
0.887697	0.152951	0.406884	12167
0.934384	1.58268e-06	2.1331e-05	0.637862
0.999999	0.00460719	0.0293945	878.983
0.934405	0.0512028	0.193281	5779.69
0.999695	0.152778	0.439725	13149.1
0.585893	0.000335007	0.0018717	55.9696
0.585893	0.000335007	0.0018717	55.9696
0.74972	0.000335007	0.00233314	69.7679
0.74972	0.000335007	0.00233314	69.7679
0.962033	0.000335007	0.0029135	87.1224
0.74972	0.000335007	0.00233314	69.7679
0.585893	0.000335007	0.0018717	55.9696
0.585893	0.000335007	0.0018717	55.9696
0.817353	0.000335007	0.00251997	75.3545
0.817353	0.000335007	0.00251997	75.3545
0.817353	0.000335007	0.00251997	75.3545
0.317477	0.000335007	0.00107939	32.2769
0.817353	0.000335007	0.00251997	75.3545
0.317477	0.000335007	0.00107939	32.2769
0.74972	0.000335007	0.00233314	69.7679
0.585893	0.000335007	0.0018717	55.9696
0.923539	0.0342259	0.140796	4210.23
0.922572	0.0339238	0.139718	4177.98
0.445989	0.0236144	0.0584867	1748.93
0.522672	0.0317045	0.084514	2527.22
0.482953	0.0210043	0.0567142	1695.93
0.451175	0.0227005	0.0571627	1709.34
0.740843	0.0319459	0.112268	3357.15
0.603218	0.0316571	0.0946839	2831.33
0.580597	0.00346133	0.0144891	433.267
1	0.0331919	0.146225	4372.58
0.999979	0.223739	0.558731	16707.7
0.485794	1	0.836523	25014.6
0.800754	0.00312533	0.0174944	523.134
0.064819	0.386984	0.117531	3514.54
0.481366	0.00374052	0.0131795	394.106
0.995773	0.0120905	0.0652483	1951.12
0.997629	4.15902e-07	6.51218e-06	0.194734
0.112968	0.434568	0.197059	5892.65
0.767203	0.00649501	0.0314014	938.997
0.523592	0.00398985	0.0149807	447.968
0.989338	0.0153903	0.0789441	2360.67
0.996254	0.0154243	0.0795305	2378.2
0.997199	0.0154338	0.079631	2381.2
0.996245	0.116823	0.366711	10965.8
0.750611	2.91866e-06	3.07394e-05	0.9192
0.378974	0.737703	0.635883	19014.8
0.770906	0.831189	0.925966	27689.2
0.999352	0.00515698	0.0323033	965.965
0.809239	0.2463	0.520785	15573
0.999449	4.69239e-15	1.59422e-13	4.7672e-09
0.208025	0.00476254	0.00784364	234.548
0.968456	0.510837	0.842888	25204.9
0.966775	0.00548773	0.0331006	989.806
0.329573	0.349758	0.36431	10894
0.922272	0.00245331	0.0160447	479.786
0.419499	0.0797309	0.147093	4398.52
0.00808753	0.00243929	0.000233449	6.98083
0.0385251	0.614307	0.112266	3357.08
0.665683	1	0.936577	28006.5
0.388576	0.616889	0.582092	17406.3
0.999998	0.0197604	0.0973016	2909.61
