quality	AA	AC	AG	AT	A.	CA	CC	CG	CT	C.	GA	GC	GG	GT	G.	TA	TC	TG	TT	T.	.A	.C	.G	.T	..
0	NA	NA	NA	NA	NA	NA	NA	NA	NA	NA	NA	NA	NA	NA	NA	NA	NA	NA	NA	NA	NA	NA	NA	NA	NA
1	NA	NA	NA	NA	NA	NA	NA	NA	NA	NA	NA	NA	NA	NA	NA	NA	NA	NA	NA	NA	NA	NA	NA	NA	NA
2	NA	NA	NA	NA	NA	NA	NA	NA	NA	NA	NA	NA	NA	NA	NA	NA	NA	NA	NA	NA	NA	NA	NA	NA	NA
3	NA	NA	NA	NA	NA	NA	NA	NA	NA	NA	NA	NA	NA	NA	NA	NA	NA	NA	NA	NA	NA	NA	NA	NA	NA
4	NA	NA	NA	NA	NA	NA	NA	NA	NA	NA	NA	NA	NA	NA	NA	NA	NA	NA	NA	NA	NA	NA	NA	NA	NA
5	NA	NA	NA	NA	NA	NA	NA	NA	NA	NA	NA	NA	NA	NA	NA	NA	NA	NA	NA	NA	NA	NA	NA	NA	NA
6	NA	NA	NA	NA	NA	NA	NA	NA	NA	NA	NA	NA	NA	NA	NA	NA	NA	NA	NA	NA	NA	NA	NA	NA	NA
7	NA	NA	NA	NA	NA	NA	NA	NA	NA	NA	NA	NA	NA	NA	NA	NA	NA	NA	NA	NA	NA	NA	NA	NA	NA
8	NA	NA	NA	NA	NA	NA	NA	NA	NA	NA	NA	NA	NA	NA	NA	NA	NA	NA	NA	NA	NA	NA	NA	NA	NA
9	NA	NA	NA	NA	NA	NA	NA	NA	NA	NA	NA	NA	NA	NA	NA	NA	NA	NA	NA	NA	NA	NA	NA	NA	NA
10	NA	NA	NA	NA	NA	NA	NA	NA	NA	NA	NA	NA	NA	NA	NA	NA	NA	NA	NA	NA	NA	NA	NA	NA	NA
11	0.974723	0.0103259	0.00387222	0.0110788	NA	0.0501345	0.927733	0.0064808	0.0155295	0.000122279	0.0179434	0.00697466	0.938778	0.036006	0.000298063	0.0259386	0.00716724	0.0245734	0.942321	NA	NA	NA	NA	NA	1
12	0.97031	0.0142219	0.00606249	0.0092806	0.000124572	0.0356037	0.945304	0.00448102	0.014475	0.000135788	0.0139467	0.00542762	0.948569	0.0318983	0.000158086	0.0130313	0.00723044	0.0225436	0.957002	0.000192445	2.24597e-05	1.12298e-05	3.93044e-05	6.7379e-05	0.99986
13	0.965426	0.0158988	0.00814156	0.0104162	0.000117653	0.029295	0.95355	0.0055954	0.0114487	0.000110516	0.0100237	0.00478942	0.963951	0.0211287	0.000107369	0.0153324	0.00990338	0.0231465	0.951463	0.000154288	3.08954e-05	2.92254e-05	2.50503e-05	4.75956e-05	0.999867
14	0.962584	0.0169834	0.00697709	0.0132701	0.000185665	0.0284392	0.953125	0.00474351	0.0135757	0.000116405	0.0173426	0.00734064	0.943591	0.031516	0.000209926	0.0181054	0.0151152	0.0214931	0.945002	0.000283883	7.41043e-05	4.32275e-05	3.70521e-05	8.18235e-05	0.999764
15	0.975416	0.00841133	0.00589391	0.0101295	0.000149402	0.011735	0.975632	0.00289451	0.00960767	0.000130776	0.0146056	0.00644439	0.954541	0.0242266	0.000182467	0.0254718	0.0176146	0.0252384	0.93142	0.000255607	4.83608e-05	3.22405e-05	3.22405e-05	5.52695e-05	0.999832
16	0.962606	0.0123774	0.0101421	0.0147365	0.000137777	0.0180812	0.960384	0.00504174	0.0163363	0.000156994	0.0174333	0.00807618	0.949359	0.0249797	0.000151971	0.0191203	0.0135728	0.019176	0.947891	0.000240134	0.000101334	4.74716e-05	5.29491e-05	7.94237e-05	0.999719
17	NA	NA	NA	NA	NA	NA	NA	NA	NA	NA	NA	NA	NA	NA	NA	NA	NA	NA	NA	NA	NA	NA	NA	NA	NA
18	NA	NA	NA	NA	NA	NA	NA	NA	NA	NA	NA	NA	NA	NA	NA	NA	NA	NA	NA	NA	NA	NA	NA	NA	NA
19	NA	NA	NA	NA	NA	NA	NA	NA	NA	NA	NA	NA	NA	NA	NA	NA	NA	NA	NA	NA	NA	NA	NA	NA	NA
20	0.998303	0.000848416	0.000282805	0.000282805	0.000282805	0.00830696	0.990506	0.00039557	0.00039557	0.00039557	0.000871586	0.000290529	0.997095	0.00145264	0.000290529	0.00157233	0.000628931	0.0191824	0.978616	NA	0.000126486	NA	6.32431e-05	6.32431e-05	0.999747
21	0.996106	0.00159608	0.00148968	0.000787402	2.12811e-05	0.00296398	0.995982	0.000455996	0.000598495	NA	0.000841682	0.000434417	0.996362	0.00236214	NA	0.000910706	0.000298592	0.00289634	0.995835	5.97184e-05	2.15822e-05	NA	5.39555e-06	1.07911e-05	0.999962
22	0.994964	0.00181213	0.00208606	0.00101142	0.000126428	0.00385525	0.994007	0.000842324	0.00126349	3.23971e-05	0.00154217	0.000448632	0.994701	0.00328062	2.80395e-05	0.00170407	0.00065699	0.0042499	0.993286	0.000102655	1.84563e-05	6.1521e-06	NA	3.69126e-05	0.999938
23	0.995276	0.00154823	0.00246129	0.000674871	3.96983e-05	0.00231582	0.995606	0.00106884	0.000969875	3.95867e-05	0.00140166	0.000560664	0.99544	0.00256036	3.73776e-05	0.000975323	0.000616477	0.00299958	0.995298	0.000110414	3.13171e-05	2.08781e-05	1.39187e-05	6.95935e-06	0.999927
24	0.995862	0.000912409	0.00267205	0.00048879	6.51721e-05	0.001998	0.996392	0.000610501	0.000999001	NA	0.000854787	0.000452534	0.996883	0.00181014	NA	0.000476043	0.000285626	0.00183277	0.997358	4.76043e-05	2.71486e-05	1.80991e-05	1.80991e-05	3.61981e-05	0.9999
25	0.995298	0.00183365	0.00209225	0.000564201	0.000211576	0.00179458	0.995533	0.00168003	0.000992745	NA	0.00189795	0.00120447	0.993795	0.00302942	7.2998e-05	0.00118975	0.000962296	0.00162715	0.996133	8.74814e-05	1.30628e-05	6.53142e-06	1.30628e-05	3.26571e-05	0.999935
26	0.994174	0.00170983	0.00335634	0.000696599	6.33272e-05	0.00257386	0.995412	0.00128693	0.000671441	5.59534e-05	0.000984651	0.00092673	0.995714	0.00237475	NA	0.000355714	0.000377946	0.00222321	0.996976	6.66963e-05	8.96467e-06	3.58587e-05	3.58587e-05	1.79293e-05	0.999901
27	0.995662	0.00119351	0.00188314	0.00122845	3.3102e-05	0.00139379	0.996527	0.000560916	0.00149294	2.54962e-05	0.00243473	0.0014764	0.991572	0.00449732	1.94584e-05	0.00113712	0.00210352	0.0035459	0.993104	0.00010995	3.2336e-05	2.43845e-05	1.59029e-05	3.12758e-05	0.999896
28	0.995561	0.00236065	0.00133888	0.000739906	NA	0.000509165	0.998363	0.000145476	0.000981961	NA	0.00273419	0.00053495	0.995185	0.00148597	5.94389e-05	0.000422297	0.0042833	0.000784266	0.99451	NA	8.13915e-06	8.13915e-06	8.13915e-06	4.06957e-05	0.999935
29	1	NA	NA	NA	NA	0.000580383	0.998259	NA	0.00116077	NA	0.000768876	NA	0.999231	NA	NA	NA	NA	0.000625391	0.999375	NA	NA	NA	NA	NA	1
30	0.997229	0.000641228	0.00145978	0.000612729	5.6998e-05	0.000336495	0.997912	0.000457349	0.00128911	4.73937e-06	0.00140604	0.000592936	0.997109	0.000880685	1.08996e-05	0.000588342	0.00152921	0.00108855	0.996751	4.28751e-05	2.69817e-05	1.19342e-05	4.15103e-06	2.1274e-05	0.999936
31	0.997847	0.000425412	0.00136565	0.000315672	4.60637e-05	0.000144677	0.998645	0.000338259	0.00086195	1.01885e-05	0.000892204	0.000401685	0.998092	0.000602527	1.15871e-05	0.000287156	0.00136399	0.00106747	0.997213	6.86677e-05	2.08697e-05	1.23514e-05	8.09233e-06	1.9592e-05	0.999939
32	0.996868	0.000384804	0.00266046	5.9711e-05	2.65382e-05	0.000147277	0.998886	0.000653541	0.000312963	NA	0.000265444	4.42407e-05	0.999443	0.0002389	8.84815e-06	9.19495e-05	0.000116469	0.00134246	0.998425	2.45199e-05	3.8047e-06	1.90235e-06	3.8047e-06	2.47305e-05	0.999966
33	0.997421	0.000216866	0.00230066	4.71447e-05	1.41434e-05	9.0939e-05	0.999265	0.000475681	0.000167887	NA	0.000188402	9.09528e-05	0.999389	0.000324831	6.49663e-06	4.4086e-05	0.000121237	0.00161649	0.998192	2.57169e-05	6.76098e-06	4.05659e-06	6.76098e-06	2.43395e-05	0.999958
34	0.998056	0.000419034	0.00125045	0.000215503	5.91969e-05	0.00013341	0.998711	0.000282455	0.000869252	4.16907e-06	0.000864548	0.000415754	0.998319	0.000390974	1.00956e-05	0.000200584	0.00145972	0.000584182	0.997685	7.10096e-05	2.05711e-05	1.30352e-05	5.4992e-06	2.38299e-05	0.999937
35	0.999342	0.000146465	0.00042312	5.73459e-05	3.09978e-05	3.96029e-05	0.99968	6.39739e-05	0.000214262	2.03092e-06	0.000385957	0.000140645	0.999308	0.00016136	4.36109e-06	4.01484e-05	0.000691445	0.000501112	0.998696	7.13749e-05	8.35457e-06	6.07605e-06	5.56971e-06	1.16458e-05	0.999968
36	0.998027	0.000335357	0.00145989	0.00013431	4.37967e-05	6.50167e-05	0.998833	0.000380249	0.000717811	3.94041e-06	0.00055658	0.000437014	0.998832	0.000155436	1.91306e-05	0.000107983	0.00144678	0.000531608	0.997842	7.18258e-05	1.78139e-05	9.56185e-06	7.07315e-06	2.01716e-05	0.999945
37	0.998226	0.000354888	0.00128962	8.53665e-05	4.45624e-05	6.2874e-05	0.999109	0.000267449	0.000552728	8.44576e-06	0.00052299	0.000205166	0.999148	0.000116322	7.32736e-06	8.91043e-05	0.000986328	0.000573255	0.998285	6.59269e-05	1.64502e-05	9.90372e-06	5.20365e-06	2.33325e-05	0.999945
38	0.998233	0.000326777	0.0013214	7.1133e-05	4.81468e-05	4.2274e-05	0.999086	0.000296415	0.000570947	4.47607e-06	0.000492262	0.000341796	0.999065	8.2204e-05	1.82676e-05	6.60315e-05	0.00122126	0.000498442	0.998142	7.27628e-05	1.88031e-05	8.34626e-06	5.85198e-06	2.06258e-05	0.999946
39	0.998197	0.000312823	0.00138506	5.81722e-05	4.64756e-05	3.37582e-05	0.999055	0.000321419	0.000582686	6.75163e-06	0.000449852	0.000362327	0.999116	4.98758e-05	2.19298e-05	5.04561e-05	0.00116138	0.000416115	0.998308	6.35723e-05	1.89822e-05	8.95388e-06	7.03115e-06	2.10746e-05	0.999944
40	0.998555	0.000295417	0.00103661	5.85207e-05	5.4125e-05	3.72347e-05	0.998974	0.000224244	0.000753804	1.10472e-05	0.000505098	0.000311203	0.999114	3.93615e-05	3.07223e-05	4.65701e-05	0.00103739	0.000343584	0.998522	5.0336e-05	2.4104e-05	1.14013e-05	6.68565e-06	2.24994e-05	0.999935
