
SUMMARISING RUN PARAMETERS
==========================
Input filename: SC2194/host_removal/SC2194_R1.fastq.gz
Trimming mode: paired-end
Trim Galore version: 0.6.4_dev
Cutadapt version: 4.1
Python version: could not detect
Number of cores used for trimming: 2
Quality Phred score cutoff: 20
Quality encoding type selected: ASCII+33
Using Illumina adapter for trimming (count: 11413). Second best hit was smallRNA (count: 0)
Adapter sequence: 'AGATCGGAAGAGC' (Illumina TruSeq, Sanger iPCR; auto-detected)
Maximum trimming error rate: 0.1 (default)
Minimum required adapter overlap (stringency): 1 bp
Minimum required sequence length for both reads before a sequence pair gets removed: 20 bp
Running FastQC on the data once trimming has completed
Output file will be GZIP compressed


This is cutadapt 4.1 with Python 3.9.13
Command line parameters: -j 2 -e 0.1 -q 20 -O 1 -a AGATCGGAAGAGC SC2194/host_removal/SC2194_R1.fastq.gz
Processing single-end reads on 2 cores ...
Finished in 19.20 s (37 µs/read; 1.60 M reads/minute).

=== Summary ===

Total reads processed:                 513,217
Reads with adapters:                   184,117 (35.9%)
Reads written (passing filters):       513,217 (100.0%)

Total basepairs processed:   128,817,467 bp
Quality-trimmed:                 741,575 bp (0.6%)
Total written (filtered):    126,925,061 bp (98.5%)

=== Adapter 1 ===

Sequence: AGATCGGAAGAGC; Type: regular 3'; Length: 13; Trimmed: 184117 times

Minimum overlap: 1
No. of allowed errors:
1-9 bp: 0; 10-13 bp: 1

Bases preceding removed adapters:
  A: 30.4%
  C: 23.8%
  G: 11.1%
  T: 33.9%
  none/other: 0.7%

Overview of removed sequences
length	count	expect	max.err	error counts
1	120373	128304.2	0	120373
2	41232	32076.1	0	41232
3	5351	8019.0	0	5351
4	1516	2004.8	0	1516
5	132	501.2	0	132
6	141	125.3	0	141
7	1710	31.3	0	1710
8	89	7.8	0	89
9	203	2.0	0	202 1
10	178	0.5	1	169 9
11	75	0.1	1	74 1
12	190	0.0	1	186 4
13	109	0.0	1	105 4
14	83	0.0	1	74 9
15	135	0.0	1	125 10
16	67	0.0	1	61 6
17	92	0.0	1	90 2
18	111	0.0	1	109 2
19	74	0.0	1	67 7
20	111	0.0	1	105 6
21	116	0.0	1	107 9
22	116	0.0	1	109 7
23	92	0.0	1	84 8
24	567	0.0	1	549 18
25	205	0.0	1	200 5
26	65	0.0	1	61 4
27	101	0.0	1	95 6
28	237	0.0	1	235 2
29	112	0.0	1	107 5
30	217	0.0	1	202 15
31	169	0.0	1	160 9
32	145	0.0	1	141 4
33	41	0.0	1	37 4
34	169	0.0	1	161 8
35	50	0.0	1	47 3
36	102	0.0	1	95 7
37	121	0.0	1	116 5
38	102	0.0	1	97 5
39	118	0.0	1	117 1
40	50	0.0	1	47 3
41	135	0.0	1	131 4
42	183	0.0	1	179 4
43	145	0.0	1	140 5
44	44	0.0	1	43 1
45	57	0.0	1	53 4
46	51	0.0	1	49 2
47	124	0.0	1	121 3
48	54	0.0	1	54
49	109	0.0	1	104 5
50	58	0.0	1	58
51	194	0.0	1	189 5
52	150	0.0	1	148 2
53	130	0.0	1	125 5
54	151	0.0	1	136 15
55	83	0.0	1	81 2
56	44	0.0	1	42 2
57	74	0.0	1	73 1
58	48	0.0	1	47 1
59	89	0.0	1	87 2
60	40	0.0	1	38 2
61	56	0.0	1	56
62	39	0.0	1	38 1
63	61	0.0	1	59 2
64	43	0.0	1	42 1
65	73	0.0	1	70 3
66	66	0.0	1	65 1
67	36	0.0	1	34 2
68	52	0.0	1	46 6
69	74	0.0	1	69 5
70	76	0.0	1	72 4
71	88	0.0	1	84 4
72	115	0.0	1	102 13
73	137	0.0	1	113 24
74	200	0.0	1	169 31
75	454	0.0	1	369 85
76	1137	0.0	1	1017 120
77	869	0.0	1	773 96
78	479	0.0	1	410 69
79	297	0.0	1	248 49
80	216	0.0	1	171 45
81	138	0.0	1	113 25
82	114	0.0	1	92 22
83	72	0.0	1	56 16
84	61	0.0	1	48 13
85	55	0.0	1	42 13
86	70	0.0	1	60 10
87	47	0.0	1	34 13
88	44	0.0	1	32 12
89	44	0.0	1	35 9
90	41	0.0	1	34 7
91	38	0.0	1	31 7
92	30	0.0	1	22 8
93	36	0.0	1	32 4
94	183	0.0	1	175 8
95	40	0.0	1	35 5
96	38	0.0	1	33 5
97	41	0.0	1	35 6
98	28	0.0	1	17 11
99	16	0.0	1	13 3
100	14	0.0	1	10 4
101	24	0.0	1	17 7
102	16	0.0	1	13 3
103	19	0.0	1	17 2
104	13	0.0	1	13
105	22	0.0	1	20 2
106	23	0.0	1	17 6
107	22	0.0	1	19 3
108	17	0.0	1	11 6
109	9	0.0	1	7 2
110	9	0.0	1	9
111	11	0.0	1	9 2
112	9	0.0	1	7 2
113	18	0.0	1	16 2
114	18	0.0	1	13 5
115	11	0.0	1	8 3
116	8	0.0	1	6 2
117	14	0.0	1	10 4
118	12	0.0	1	8 4
119	9	0.0	1	5 4
120	14	0.0	1	9 5
121	15	0.0	1	8 7
122	10	0.0	1	7 3
123	10	0.0	1	9 1
124	9	0.0	1	6 3
125	15	0.0	1	14 1
126	11	0.0	1	11
127	24	0.0	1	20 4
128	11	0.0	1	9 2
129	10	0.0	1	3 7
130	12	0.0	1	6 6
131	6	0.0	1	5 1
132	14	0.0	1	7 7
133	12	0.0	1	9 3
134	12	0.0	1	7 5
135	10	0.0	1	5 5
136	6	0.0	1	4 2
137	7	0.0	1	4 3
138	8	0.0	1	3 5
139	9	0.0	1	2 7
140	16	0.0	1	12 4
141	26	0.0	1	20 6
142	10	0.0	1	8 2
143	7	0.0	1	4 3
144	13	0.0	1	7 6
145	13	0.0	1	9 4
146	15	0.0	1	10 5
147	6	0.0	1	5 1
148	10	0.0	1	8 2
149	9	0.0	1	9
150	7	0.0	1	4 3
151	11	0.0	1	8 3
152	8	0.0	1	4 4
153	15	0.0	1	13 2
154	15	0.0	1	9 6
155	12	0.0	1	9 3
156	37	0.0	1	29 8
157	11	0.0	1	6 5
158	17	0.0	1	13 4
159	10	0.0	1	9 1
160	26	0.0	1	22 4
161	14	0.0	1	10 4
162	24	0.0	1	21 3
163	12	0.0	1	11 1
164	12	0.0	1	10 2
165	6	0.0	1	0 6
166	16	0.0	1	12 4
167	18	0.0	1	15 3
168	23	0.0	1	23
169	17	0.0	1	16 1
170	27	0.0	1	22 5
171	8	0.0	1	7 1
172	12	0.0	1	11 1
173	12	0.0	1	10 2
174	15	0.0	1	13 2
175	17	0.0	1	16 1
176	20	0.0	1	14 6
177	7	0.0	1	4 3
178	1	0.0	1	0 1
179	5	0.0	1	2 3
180	5	0.0	1	2 3
181	8	0.0	1	3 5
182	2	0.0	1	2
183	9	0.0	1	6 3
184	2	0.0	1	1 1
185	14	0.0	1	13 1
186	2	0.0	1	0 2
187	3	0.0	1	3
188	5	0.0	1	2 3
189	3	0.0	1	1 2
190	5	0.0	1	4 1
192	4	0.0	1	3 1
193	2	0.0	1	1 1
194	3	0.0	1	1 2
195	3	0.0	1	3
196	6	0.0	1	5 1
197	2	0.0	1	2
198	5	0.0	1	3 2
200	4	0.0	1	3 1
201	2	0.0	1	1 1
202	2	0.0	1	1 1
203	1	0.0	1	0 1
204	1	0.0	1	1
205	1	0.0	1	1
207	2	0.0	1	1 1
208	2	0.0	1	2
209	3	0.0	1	2 1
210	4	0.0	1	3 1
211	3	0.0	1	1 2
212	1	0.0	1	1
213	1	0.0	1	0 1
214	3	0.0	1	2 1
216	3	0.0	1	2 1
217	4	0.0	1	3 1
218	1	0.0	1	0 1
219	4	0.0	1	3 1
220	2	0.0	1	2
221	2	0.0	1	2
222	3	0.0	1	3
223	3	0.0	1	2 1
224	2	0.0	1	2
225	3	0.0	1	2 1
226	2	0.0	1	0 2
228	1	0.0	1	1
229	5	0.0	1	5
230	8	0.0	1	6 2
231	6	0.0	1	5 1
232	3	0.0	1	3
233	5	0.0	1	3 2
234	5	0.0	1	5
235	1	0.0	1	0 1
237	3	0.0	1	1 2
238	2	0.0	1	2
239	3	0.0	1	3
240	3	0.0	1	2 1
241	3	0.0	1	2 1
242	2	0.0	1	2
243	2	0.0	1	1 1
244	4	0.0	1	1 3
245	3	0.0	1	2 1
246	3	0.0	1	1 2
247	3	0.0	1	0 3
248	3	0.0	1	0 3
249	5	0.0	1	1 4
250	24	0.0	1	0 24
251	261	0.0	1	0 261

RUN STATISTICS FOR INPUT FILE: SC2194/host_removal/SC2194_R1.fastq.gz
=============================================
513217 sequences processed in total

