quality	AA	AC	AG	AT	A.	CA	CC	CG	CT	C.	GA	GC	GG	GT	G.	TA	TC	TG	TT	T.	.A	.C	.G	.T	..
0	NA	NA	NA	NA	NA	NA	NA	NA	NA	NA	NA	NA	NA	NA	NA	NA	NA	NA	NA	NA	NA	NA	NA	NA	NA
1	NA	NA	NA	NA	NA	NA	NA	NA	NA	NA	NA	NA	NA	NA	NA	NA	NA	NA	NA	NA	NA	NA	NA	NA	NA
2	NA	NA	NA	NA	NA	NA	NA	NA	NA	NA	NA	NA	NA	NA	NA	NA	NA	NA	NA	NA	NA	NA	NA	NA	NA
3	NA	NA	NA	NA	NA	NA	NA	NA	NA	NA	NA	NA	NA	NA	NA	NA	NA	NA	NA	NA	NA	NA	NA	NA	NA
4	NA	NA	NA	NA	NA	NA	NA	NA	NA	NA	NA	NA	NA	NA	NA	NA	NA	NA	NA	NA	NA	NA	NA	NA	NA
5	NA	NA	NA	NA	NA	NA	NA	NA	NA	NA	NA	NA	NA	NA	NA	NA	NA	NA	NA	NA	NA	NA	NA	NA	NA
6	NA	NA	NA	NA	NA	NA	NA	NA	NA	NA	NA	NA	NA	NA	NA	NA	NA	NA	NA	NA	NA	NA	NA	NA	NA
7	NA	NA	NA	NA	NA	NA	NA	NA	NA	NA	NA	NA	NA	NA	NA	NA	NA	NA	NA	NA	NA	NA	NA	NA	NA
8	NA	NA	NA	NA	NA	NA	NA	NA	NA	NA	NA	NA	NA	NA	NA	NA	NA	NA	NA	NA	NA	NA	NA	NA	NA
9	NA	NA	NA	NA	NA	NA	NA	NA	NA	NA	NA	NA	NA	NA	NA	NA	NA	NA	NA	NA	NA	NA	NA	NA	NA
10	NA	NA	NA	NA	NA	NA	NA	NA	NA	NA	NA	NA	NA	NA	NA	NA	NA	NA	NA	NA	NA	NA	NA	NA	NA
11	0.970812	0.0131995	0.00390407	0.0118981	0.000185908	0.0471323	0.927428	0.00658717	0.0186258	0.000227144	0.0192233	0.00642624	0.941776	0.0324082	0.000166196	0.0259324	0.004662	0.0125291	0.956585	0.000291375	4.87436e-05	NA	NA	4.87436e-05	0.999903
12	0.969264	0.0158807	0.00634454	0.00835622	0.000154745	0.0329886	0.948883	0.00584706	0.0122558	2.5533e-05	0.0123828	0.00528205	0.954312	0.0279443	7.90726e-05	0.0137093	0.00804132	0.0238168	0.954321	0.000111685	0.000100081	1.58022e-05	2.10696e-05	3.16044e-05	0.999831
13	0.965418	0.0164057	0.00718572	0.0108543	0.000136611	0.0302535	0.952734	0.00507025	0.0118204	0.000122175	0.00944088	0.00426235	0.96491	0.0212867	0.000100206	0.0152291	0.0103426	0.0235904	0.950696	0.000142385	4.94742e-05	3.45534e-05	2.51297e-05	4.86889e-05	0.999842
14	0.961684	0.0172357	0.00758947	0.0132659	0.00022454	0.0281941	0.953222	0.00462768	0.0137493	0.000207309	0.016103	0.00675131	0.94635	0.0306495	0.000146502	0.0176205	0.0140814	0.0246009	0.94341	0.000287259	6.19953e-05	4.22695e-05	4.50875e-05	8.31301e-05	0.999768
15	0.975718	0.00826118	0.00656158	0.00933388	0.00012538	0.012843	0.973884	0.00294108	0.0102306	0.000101126	0.0133093	0.00506771	0.958066	0.0234597	9.73119e-05	0.0250617	0.0141336	0.0242811	0.936191	0.000333045	8.83398e-05	3.23194e-05	3.44741e-05	6.24842e-05	0.999782
16	0.964247	0.011921	0.00949215	0.0141421	0.000197486	0.0174736	0.962575	0.00488585	0.0149173	0.000148431	0.0161095	0.00733693	0.953143	0.0232759	0.000134841	0.0188405	0.0131135	0.0192928	0.948516	0.00023754	9.99107e-05	3.61022e-05	5.62522e-05	8.22794e-05	0.999725
17	NA	NA	NA	NA	NA	NA	NA	NA	NA	NA	NA	NA	NA	NA	NA	NA	NA	NA	NA	NA	NA	NA	NA	NA	NA
18	NA	NA	NA	NA	NA	NA	NA	NA	NA	NA	NA	NA	NA	NA	NA	NA	NA	NA	NA	NA	NA	NA	NA	NA	NA
19	NA	NA	NA	NA	NA	NA	NA	NA	NA	NA	NA	NA	NA	NA	NA	NA	NA	NA	NA	NA	NA	NA	NA	NA	NA
20	0.996863	0.000965251	0.000482625	0.00120656	0.000482625	0.00462046	0.99505	NA	0.000330033	NA	0.000708918	NA	0.997306	0.00198497	NA	0.00172295	0.00103377	0.0034459	0.993797	NA	NA	NA	NA	NA	1
21	0.996292	0.00178304	0.00091178	0.000972566	4.05236e-05	0.00288715	0.995326	0.000412451	0.00137484	NA	0.000745329	0.000205608	0.996813	0.00221029	2.5701e-05	0.00114597	0.000614912	0.00216617	0.996073	NA	2.04069e-05	1.02035e-05	1.02035e-05	NA	0.999959
22	0.996195	0.00194152	0.0008931	0.0008931	7.76609e-05	0.00404022	0.993408	0.000729062	0.0017619	6.07552e-05	0.00138805	0.000549983	0.995207	0.00285467	NA	0.00159895	0.000809108	0.00294747	0.994529	0.000115587	3.4393e-05	NA	1.71965e-05	2.86609e-05	0.99992
23	0.996912	0.00122518	0.00125019	0.000587588	2.50038e-05	0.00230342	0.995579	0.000705887	0.00135605	5.57279e-05	0.00124708	0.000481018	0.995902	0.00236946	NA	0.00113665	0.00065943	0.00196094	0.996226	1.73534e-05	9.83619e-06	1.63937e-05	9.83619e-06	9.83619e-06	0.999954
24	0.997779	0.0008447	0.000907271	0.000437993	3.12852e-05	0.00293117	0.995394	0.00068045	0.000942162	5.23423e-05	0.000906878	0.000429574	0.995752	0.00291156	NA	0.00047947	0.000130765	0.00119867	0.998191	NA	2.54524e-05	NA	NA	4.24207e-05	0.999932
25	0.99627	0.00113436	0.00176698	0.000741694	8.72581e-05	0.0021259	0.996109	0.00050445	0.00122509	3.60321e-05	0.00301255	0.000669456	0.992904	0.00338075	3.34728e-05	0.00103682	0.00087482	0.00168484	0.996274	0.000129603	4.84569e-05	6.05712e-06	1.21142e-05	2.42285e-05	0.999909
26	0.99653	0.000830417	0.00163118	0.000978706	2.96577e-05	0.00216183	0.996448	0.000360305	0.00097797	5.14721e-05	0.00130883	0.000818018	0.99531	0.00256312	NA	0.000427324	0.000630812	0.00109883	0.997741	0.000101744	2.48876e-05	3.31835e-05	2.48876e-05	4.97752e-05	0.999867
27	0.995595	0.00134635	0.00185188	0.00114861	5.84623e-05	0.00129103	0.996411	0.000487782	0.00178942	2.12079e-05	0.00248504	0.0011166	0.991914	0.00444633	3.78885e-05	0.00103193	0.00143287	0.00386875	0.993577	8.93901e-05	3.27632e-05	2.10272e-05	1.56481e-05	3.81423e-05	0.999892
28	0.997202	0.000427927	0.00144837	0.000822937	9.87524e-05	0.000396754	0.994626	0.000108206	0.00486925	NA	0.00262213	0.000574713	0.995384	0.0013829	3.59195e-05	0.000482567	0.00295572	0.000482567	0.995597	0.000482567	4.60366e-05	7.67277e-06	NA	1.53455e-05	0.999931
29	0.999305	NA	NA	NA	0.000694686	NA	0.999484	NA	0.00051573	NA	0.000302252	NA	0.999244	0.000453378	NA	0.000540833	NA	NA	0.999459	NA	NA	NA	NA	NA	1
30	0.99717	0.000683413	0.00145094	0.000650369	4.50602e-05	0.000328419	0.997966	0.000185727	0.0015062	1.35898e-05	0.00157653	0.000404397	0.99712	0.000888852	1.02639e-05	0.000557316	0.00121957	0.00103768	0.997143	4.19736e-05	2.47704e-05	6.44031e-06	2.47704e-06	2.03118e-05	0.999946
31	0.998136	0.000368595	0.00117409	0.000270646	5.02629e-05	0.000154721	0.998502	0.000164513	0.00117118	7.83395e-06	0.000824241	0.000205152	0.99839	0.000566439	1.45241e-05	0.000261773	0.000891526	0.000881055	0.997904	6.13298e-05	1.58375e-05	7.71571e-06	7.30962e-06	2.03045e-05	0.999949
32	0.998961	0.000192457	0.000731336	0.000109059	6.41523e-06	0.000142567	0.999127	5.34626e-05	0.000659372	1.78209e-05	0.000254388	5.93572e-05	0.999398	0.000288307	NA	7.55485e-05	0.000290571	0.000185965	0.999425	2.32457e-05	3.65002e-06	NA	NA	1.09501e-05	0.999985
33	0.999267	9.1641e-05	0.000609412	3.20743e-05	NA	6.13154e-05	0.999114	3.40641e-05	0.000790288	NA	0.000225587	5.01303e-05	0.999392	0.000319581	1.25326e-05	5.17429e-05	0.000275962	0.00036565	0.999276	3.10457e-05	7.79209e-06	3.89604e-06	1.29868e-06	6.49341e-06	0.999981
34	0.997809	0.000596365	0.00135561	0.000190761	4.81655e-05	0.000112852	0.998534	0.000188753	0.00116048	3.99477e-06	0.000992667	0.00016775	0.99845	0.00038133	7.78224e-06	0.000174331	0.000831047	0.000749832	0.998183	6.16109e-05	1.9586e-05	7.17508e-06	7.95077e-06	2.15253e-05	0.999944
35	0.998855	0.000357188	0.000718925	4.01931e-05	2.88177e-05	3.59922e-05	0.999473	6.06726e-05	0.000428821	1.02835e-06	0.000798704	5.03782e-05	0.998925	0.000219355	6.29728e-06	4.91551e-05	0.000446733	0.00062239	0.998817	6.50582e-05	9.65958e-06	4.95363e-06	5.94435e-06	9.4119e-06	0.99997
36	0.998295	0.000386862	0.00115209	0.000124638	4.12761e-05	5.62474e-05	0.998712	0.000132948	0.00109171	7.03093e-06	0.00062992	9.5582e-05	0.999121	0.000148555	5.18216e-06	0.000119584	0.000748946	0.000509302	0.998563	5.90771e-05	1.96971e-05	4.44772e-06	5.46434e-06	1.72826e-05	0.999953
37	0.997766	0.000307481	0.00181153	7.92155e-05	3.59597e-05	3.27333e-05	0.99902	0.000178215	0.000761049	8.18332e-06	0.000441904	8.18011e-05	0.999344	0.000120923	1.15589e-05	8.92409e-05	0.00073475	0.000567671	0.998536	7.18885e-05	1.89976e-05	6.17016e-06	4.70881e-06	1.80234e-05	0.999952
38	0.997628	0.000382788	0.00188384	6.14164e-05	4.3782e-05	3.2164e-05	0.998881	0.000131093	0.000949325	6.33533e-06	0.000479954	5.21792e-05	0.999358	9.0726e-05	1.88033e-05	6.73325e-05	0.000704016	0.000476338	0.99868	7.26564e-05	1.95142e-05	4.59709e-06	5.44146e-06	2.18596e-05	0.999949
39	0.997969	0.000457836	0.00147108	4.84782e-05	5.32153e-05	2.36717e-05	0.998824	0.000190993	0.00095557	5.76619e-06	0.000560346	4.13864e-05	0.999342	4.07158e-05	1.59989e-05	5.66553e-05	0.000651013	0.000437072	0.99879	6.54968e-05	1.96438e-05	6.62235e-06	5.43182e-06	1.84347e-05	0.99995
40	0.998395	0.000520583	0.00098683	3.91789e-05	5.84433e-05	2.22547e-05	0.998977	0.000146258	0.000848752	6.0136e-06	0.000574091	2.99873e-05	0.999338	3.0182e-05	2.75532e-05	4.68826e-05	0.000450512	0.000337104	0.999109	5.69351e-05	2.29421e-05	8.16933e-06	6.0845e-06	1.98373e-05	0.999943
