quality	AA	AC	AG	AT	A.	CA	CC	CG	CT	C.	GA	GC	GG	GT	G.	TA	TC	TG	TT	T.	.A	.C	.G	.T	..
0	NA	NA	NA	NA	NA	NA	NA	NA	NA	NA	NA	NA	NA	NA	NA	NA	NA	NA	NA	NA	NA	NA	NA	NA	NA
1	NA	NA	NA	NA	NA	NA	NA	NA	NA	NA	NA	NA	NA	NA	NA	NA	NA	NA	NA	NA	NA	NA	NA	NA	NA
2	NA	NA	NA	NA	NA	NA	NA	NA	NA	NA	NA	NA	NA	NA	NA	NA	NA	NA	NA	NA	NA	NA	NA	NA	NA
3	NA	NA	NA	NA	NA	NA	NA	NA	NA	NA	NA	NA	NA	NA	NA	NA	NA	NA	NA	NA	NA	NA	NA	NA	NA
4	NA	NA	NA	NA	NA	NA	NA	NA	NA	NA	NA	NA	NA	NA	NA	NA	NA	NA	NA	NA	NA	NA	NA	NA	NA
5	NA	NA	NA	NA	NA	NA	NA	NA	NA	NA	NA	NA	NA	NA	NA	NA	NA	NA	NA	NA	NA	NA	NA	NA	NA
6	NA	NA	NA	NA	NA	NA	NA	NA	NA	NA	NA	NA	NA	NA	NA	NA	NA	NA	NA	NA	NA	NA	NA	NA	NA
7	NA	NA	NA	NA	NA	NA	NA	NA	NA	NA	NA	NA	NA	NA	NA	NA	NA	NA	NA	NA	NA	NA	NA	NA	NA
8	NA	NA	NA	NA	NA	NA	NA	NA	NA	NA	NA	NA	NA	NA	NA	NA	NA	NA	NA	NA	NA	NA	NA	NA	NA
9	NA	NA	NA	NA	NA	NA	NA	NA	NA	NA	NA	NA	NA	NA	NA	NA	NA	NA	NA	NA	NA	NA	NA	NA	NA
10	1	NA	NA	NA	NA	NA	1	NA	NA	NA	0.027027	NA	0.939189	0.0337838	NA	NA	NA	0.047619	0.952381	NA	NA	NA	NA	NA	1
11	0.974093	0.0125024	0.00306116	0.00998904	0.00035445	0.0648819	0.913643	0.00542061	0.0159308	0.000124136	0.0210391	0.00556033	0.922971	0.0503006	0.000128811	0.0196134	0.0039604	0.0148986	0.961245	0.000282885	4.4505e-05	2.6703e-05	2.6703e-05	8.01089e-05	0.999822
12	0.972611	0.014725	0.00502661	0.00756104	7.60328e-05	0.0468988	0.9348	0.0051362	0.0130589	0.000106266	0.0115705	0.00422056	0.950876	0.0332416	9.09277e-05	0.00992624	0.00559015	0.0217761	0.962633	7.43937e-05	5.12966e-05	1.399e-05	2.33167e-05	2.56483e-05	0.999886
13	0.969009	0.0167649	0.00540789	0.00871444	0.000103514	0.0377403	0.946328	0.00438863	0.0114085	0.000134444	0.00823902	0.00342547	0.967487	0.0207272	0.000121601	0.0117819	0.00704712	0.0207519	0.96029	0.000129241	4.285e-05	2.19011e-05	2.1425e-05	3.33278e-05	0.99988
14	0.964246	0.0194929	0.00598842	0.0101106	0.000162157	0.0323081	0.952453	0.00397314	0.0111687	9.70088e-05	0.0139508	0.00576163	0.948276	0.0319002	0.000111392	0.0140611	0.0105431	0.0220209	0.953147	0.000228158	6.33761e-05	3.39196e-05	3.12417e-05	5.98056e-05	0.999812
15	0.963709	0.0150869	0.0107552	0.010334	0.000114875	0.0311631	0.949215	0.00508839	0.0143885	0.000145006	0.0140156	0.0062117	0.950645	0.0290141	0.000113029	0.0151581	0.00925865	0.0207251	0.954686	0.000172116	6.18076e-05	2.15608e-05	2.01234e-05	6.03702e-05	0.999836
16	0.965622	0.0148903	0.00759548	0.0117607	0.000131417	0.02442	0.959025	0.00433625	0.0121205	9.81207e-05	0.0125512	0.00574531	0.954125	0.0274918	8.70766e-05	0.0196216	0.0122889	0.0269231	0.941027	0.000139262	5.10575e-05	3.15564e-05	3.33292e-05	3.7584e-05	0.999846
17	NA	NA	NA	NA	NA	NA	NA	NA	NA	NA	NA	NA	NA	NA	NA	NA	NA	NA	NA	NA	NA	NA	NA	NA	NA
18	1	NA	NA	NA	NA	NA	1	NA	NA	NA	NA	NA	1	NA	NA	NA	NA	NA	1	NA	NA	NA	NA	NA	1
19	1	NA	NA	NA	NA	NA	1	NA	NA	NA	NA	NA	1	NA	NA	NA	NA	NA	1	NA	NA	NA	NA	NA	1
20	0.997473	0.00151622	0.000101082	0.000606489	0.000303245	0.00865248	0.989078	0.000992908	0.00113475	0.000141844	0.000657073	0.000328537	0.995269	0.00374532	NA	0.00195695	0.00069891	0.00391389	0.99343	NA	2.54388e-05	NA	NA	2.54388e-05	0.999949
21	0.996869	0.00186371	0.00076412	0.00044729	5.59112e-05	0.0042424	0.993332	0.000402185	0.00201092	1.29737e-05	0.000973189	0.000316286	0.996557	0.00212885	2.43297e-05	0.000621394	0.000423367	0.00228072	0.99662	5.4628e-05	7.27061e-06	1.69648e-05	1.21177e-05	1.69648e-05	0.999947
22	0.99652	0.00194243	0.000863302	0.00059352	8.09345e-05	0.00473789	0.993559	0.000458505	0.00111351	0.000131002	0.00100997	0.000448875	0.995698	0.00278677	5.61094e-05	0.00115859	0.000592768	0.00218246	0.995945	0.000121248	2.82781e-05	1.21192e-05	1.61589e-05	1.61589e-05	0.999927
23	0.997393	0.00139855	0.000739547	0.000417368	5.12558e-05	0.00324298	0.994495	0.000309363	0.00195219	NA	0.00113425	0.000286117	0.996771	0.00179845	1.02185e-05	0.000365753	0.000651342	0.00120749	0.99772	5.51135e-05	1.70658e-05	1.89621e-05	1.13772e-05	1.70658e-05	0.999936
24	0.99766	0.000931643	0.000888311	0.000476655	4.33323e-05	0.00287571	0.994286	0.000634897	0.00212877	7.46938e-05	0.000709771	0.000473181	0.996755	0.00202792	3.37986e-05	0.000372041	0.000217024	0.000837092	0.998527	4.65051e-05	2.39591e-05	5.98978e-06	5.98978e-06	2.39591e-05	0.99994
25	0.997549	0.000929855	0.00106511	0.000405755	5.07194e-05	0.00251839	0.995869	0.000339559	0.00124505	2.82965e-05	0.00295762	0.000325609	0.995007	0.00168231	2.71341e-05	0.000425068	0.00130177	0.000982971	0.997171	0.00011955	3.38906e-05	2.90491e-05	4.84151e-06	2.90491e-05	0.999903
26	0.995343	0.00106291	0.00288505	0.00060738	0.00010123	0.00178456	0.996836	0.000243348	0.000973394	0.000162232	0.000692641	0.00025974	0.997403	0.00147186	0.00017316	0.000240997	0.00237554	0.000895132	0.996385	0.000103284	2.75475e-05	NA	NA	2.75475e-05	0.999945
27	0.9953	0.0018427	0.00211219	0.000681191	6.36441e-05	0.00259498	0.995201	0.000524141	0.00165603	2.41169e-05	0.00175866	0.000596788	0.994326	0.00329956	1.92957e-05	0.00110337	0.00116861	0.00452497	0.993113	9.00204e-05	3.3289e-05	1.25189e-05	1.3657e-05	2.56069e-05	0.999915
28	0.998798	0.000448376	0.000550279	0.000163046	4.07614e-05	0.000280329	0.994221	0.000194074	0.0053047	NA	0.00149018	0.00027301	0.99686	0.00136505	1.13754e-05	0.000571615	0.0015107	0.000408297	0.997469	4.08297e-05	2.88727e-05	NA	NA	1.92484e-05	0.999952
29	0.99915	0.000106304	0.000106304	0.000106304	0.000531519	0.000482859	0.999034	0.000321906	0.000160953	NA	0.000481493	6.01866e-05	0.999338	0.000120373	NA	0.000588582	NA	0.000196194	0.999215	NA	2.6791e-05	NA	NA	NA	0.999973
30	0.997374	0.000772028	0.00149864	0.00031077	4.4523e-05	0.000409774	0.998245	0.000254725	0.0010895	1.38437e-06	0.0012571	0.000207752	0.997698	0.00082836	9.26281e-06	0.000381785	0.0010312	0.00104769	0.997494	4.5662e-05	1.92297e-05	2.95842e-06	5.32515e-06	1.65671e-05	0.999956
31	0.997939	0.000619911	0.00122806	0.000173038	4.03194e-05	0.00052997	0.998187	0.000161352	0.00111766	3.93542e-06	0.000668583	0.000124359	0.99859	0.000600862	1.60066e-05	0.000233641	0.000813146	0.00084902	0.998068	3.58741e-05	1.79783e-05	4.49457e-06	4.75895e-06	1.32193e-05	0.99996
32	0.999118	0.00019697	0.000573782	8.56392e-05	2.56918e-05	0.000312434	0.998546	3.1881e-05	0.00109033	1.91286e-05	0.000269645	5.99211e-05	0.999461	0.000179763	2.99606e-05	8.36146e-05	0.000467482	0.000190033	0.999232	2.66046e-05	2.53342e-06	1.26671e-06	NA	5.06683e-06	0.999991
33	0.999194	0.000248044	0.000458193	7.57912e-05	2.41154e-05	0.000488086	0.998644	5.13774e-05	0.00079635	2.0551e-05	0.000191776	5.02272e-05	0.999607	0.000136983	1.36983e-05	4.86456e-05	0.000521589	0.000167557	0.999195	6.75634e-05	5.95194e-06	4.95995e-06	NA	4.95995e-06	0.999984
34	0.997596	0.000695957	0.00152538	0.000137095	4.5967e-05	0.000222826	0.998493	0.000188249	0.00109172	4.48213e-06	0.000805399	0.000113998	0.998674	0.000397285	9.11988e-06	0.000144441	0.000730648	0.000852867	0.998211	6.08873e-05	1.94319e-05	3.61234e-06	5.72992e-06	1.58196e-05	0.999955
35	0.998272	0.000600874	0.00104651	4.38328e-05	3.71361e-05	0.000250653	0.999153	7.27703e-05	0.000522329	8.08558e-07	0.000721546	5.21415e-05	0.999084	0.000136488	5.36751e-06	5.29055e-05	0.000403117	0.000648667	0.998833	6.26815e-05	1.10276e-05	3.55125e-06	5.98105e-06	8.97157e-06	0.99997
36	0.998149	0.000441754	0.00127141	9.10001e-05	4.72279e-05	8.03076e-05	0.998515	0.000155171	0.00124454	5.44458e-06	0.000617956	7.25759e-05	0.99912	0.00017953	9.76168e-06	9.44729e-05	0.000715153	0.000513655	0.998618	5.84675e-05	1.71828e-05	4.97398e-06	5.15485e-06	1.57359e-05	0.999957
37	0.997684	0.000411667	0.00179243	7.34447e-05	3.87939e-05	7.36141e-05	0.999013	0.000161434	0.000749055	2.58295e-06	0.000431702	5.3393e-05	0.999388	0.000116553	1.04181e-05	5.56628e-05	0.000685794	0.00052737	0.998669	6.24423e-05	1.52222e-05	5.85468e-06	6.20596e-06	1.53393e-05	0.999957
38	0.997683	0.000468714	0.00174039	6.60263e-05	4.18409e-05	4.89917e-05	0.998809	0.00015609	0.000980974	4.55737e-06	0.000473142	4.07291e-05	0.999404	6.85162e-05	1.37032e-05	4.79378e-05	0.000666771	0.000436282	0.998783	6.56118e-05	1.73784e-05	5.2505e-06	5.47235e-06	1.61952e-05	0.999956
39	0.99803	0.000559565	0.00130631	5.37361e-05	5.00264e-05	3.31434e-05	0.998793	0.000176009	0.00099247	4.97151e-06	0.00060862	3.91274e-05	0.999293	4.82228e-05	1.08115e-05	4.07766e-05	0.000593954	0.000355193	0.998946	6.42681e-05	1.68709e-05	4.84137e-06	5.25165e-06	1.72812e-05	0.999956
40	0.998478	0.000571708	0.000849696	4.50835e-05	5.57171e-05	2.09828e-05	0.999135	0.000142836	0.000696009	4.6889e-06	0.000557463	3.33711e-05	0.999369	2.42519e-05	1.63221e-05	3.37796e-05	0.000425165	0.000286955	0.999197	5.73681e-05	1.89147e-05	6.55247e-06	5.3426e-06	1.78606e-05	0.999951
