quality	AA	AC	AG	AT	A.	CA	CC	CG	CT	C.	GA	GC	GG	GT	G.	TA	TC	TG	TT	T.	.A	.C	.G	.T	..
0	NA	NA	NA	NA	NA	NA	NA	NA	NA	NA	NA	NA	NA	NA	NA	NA	NA	NA	NA	NA	NA	NA	NA	NA	NA
1	NA	NA	NA	NA	NA	NA	NA	NA	NA	NA	NA	NA	NA	NA	NA	NA	NA	NA	NA	NA	NA	NA	NA	NA	NA
2	NA	NA	NA	NA	NA	NA	NA	NA	NA	NA	NA	NA	NA	NA	NA	NA	NA	NA	NA	NA	NA	NA	NA	NA	NA
3	NA	NA	NA	NA	NA	NA	NA	NA	NA	NA	NA	NA	NA	NA	NA	NA	NA	NA	NA	NA	NA	NA	NA	NA	NA
4	NA	NA	NA	NA	NA	NA	NA	NA	NA	NA	NA	NA	NA	NA	NA	NA	NA	NA	NA	NA	NA	NA	NA	NA	NA
5	NA	NA	NA	NA	NA	NA	NA	NA	NA	NA	NA	NA	NA	NA	NA	NA	NA	NA	NA	NA	NA	NA	NA	NA	NA
6	NA	NA	NA	NA	NA	NA	NA	NA	NA	NA	NA	NA	NA	NA	NA	NA	NA	NA	NA	NA	NA	NA	NA	NA	NA
7	NA	NA	NA	NA	NA	NA	NA	NA	NA	NA	NA	NA	NA	NA	NA	NA	NA	NA	NA	NA	NA	NA	NA	NA	NA
8	NA	NA	NA	NA	NA	NA	NA	NA	NA	NA	NA	NA	NA	NA	NA	NA	NA	NA	NA	NA	NA	NA	NA	NA	NA
9	NA	NA	NA	NA	NA	NA	NA	NA	NA	NA	NA	NA	NA	NA	NA	NA	NA	NA	NA	NA	NA	NA	NA	NA	NA
10	NA	NA	NA	NA	NA	NA	NA	NA	NA	NA	NA	NA	NA	NA	NA	NA	NA	NA	NA	NA	NA	NA	NA	NA	NA
11	0.97801	0.00906824	0.00453412	0.00827477	0.000113353	0.0532695	0.926081	0.00688314	0.0137663	NA	0.0186715	0.00610814	0.941487	0.0336642	6.94107e-05	0.0234568	0.00864198	0.0135802	0.954321	NA	0.000154622	NA	3.09243e-05	3.09243e-05	0.999784
12	0.974411	0.0130502	0.00478506	0.00754862	0.000204708	0.035699	0.947786	0.00377278	0.0126353	0.000106777	0.0133877	0.00610186	0.952005	0.0283463	0.000159377	0.0149929	0.00838518	0.0215619	0.954944	0.000115924	0.000292148	1.46074e-05	2.19111e-05	5.84296e-05	0.999613
13	0.965319	0.0163586	0.00675545	0.0113843	0.000182759	0.0333408	0.948331	0.00576771	0.0123825	0.00017779	0.0101526	0.00442023	0.961794	0.023518	0.000114746	0.0158088	0.0101645	0.0228511	0.950954	0.000221581	5.53049e-05	4.99871e-05	3.93516e-05	7.33854e-05	0.999782
14	0.964014	0.0164842	0.00692532	0.0123474	0.000229505	0.0299309	0.952695	0.00451428	0.0126521	0.000207553	0.0177835	0.00781174	0.941883	0.0323919	0.000129925	0.0181808	0.0187683	0.0224457	0.940315	0.000289917	8.82699e-05	4.96518e-05	8.2753e-05	8.45919e-05	0.999695
15	0.976615	0.00824756	0.00509545	0.00976317	0.000278948	0.0126077	0.975239	0.00310208	0.00894064	0.000110789	0.0128799	0.00599583	0.955828	0.0250647	0.000231723	0.0261148	0.0133785	0.0261014	0.934138	0.000267569	7.05997e-05	6.21278e-05	4.51838e-05	6.49518e-05	0.999757
16	0.963785	0.0121792	0.00951783	0.0143506	0.000167804	0.0186969	0.960142	0.00455486	0.0164304	0.000175609	0.0175994	0.00818897	0.94888	0.025167	0.000164629	0.0188528	0.0134485	0.018861	0.948523	0.000314972	0.000130904	6.60019e-05	5.50016e-05	0.000117703	0.99963
17	NA	NA	NA	NA	NA	NA	NA	NA	NA	NA	NA	NA	NA	NA	NA	NA	NA	NA	NA	NA	NA	NA	NA	NA	NA
18	NA	NA	NA	NA	NA	NA	NA	NA	NA	NA	NA	NA	NA	NA	NA	NA	NA	NA	NA	NA	NA	NA	NA	NA	NA
19	NA	NA	NA	NA	NA	NA	NA	NA	NA	NA	NA	NA	NA	NA	NA	NA	NA	NA	NA	NA	NA	NA	NA	NA	NA
20	0.99673	0.00109012	0.00109012	0.00109012	NA	0.00659564	0.989853	0.00101471	0.00253678	NA	0.00127146	0.000423819	0.996609	0.00169527	NA	0.0031185	NA	0.004158	0.992723	NA	8.80049e-05	NA	NA	NA	0.999912
21	0.997038	0.00150867	0.000740619	0.000630898	8.2291e-05	0.00537956	0.993276	0.000298864	0.00104603	NA	0.00115067	0.000338432	0.996683	0.00179369	3.38432e-05	0.000865498	0.000423542	0.00254125	0.99617	NA	3.40252e-05	6.80504e-06	6.80504e-06	4.08302e-05	0.999912
22	0.996616	0.00183192	0.000788744	0.000661527	0.000101773	0.00767102	0.990075	0.000553578	0.00166074	3.95413e-05	0.0022563	0.000493566	0.99376	0.00349022	NA	0.00142145	0.00109726	0.00316708	0.99419	0.000124688	5.26304e-05	1.50373e-05	3.00745e-05	6.0149e-05	0.999842
23	0.995995	0.0018634	0.00118422	0.000922991	3.48299e-05	0.00512274	0.992693	0.00119617	0.000962139	2.60037e-05	0.00126084	0.000554771	0.995612	0.0025469	2.52169e-05	0.00116063	0.000757962	0.001812	0.996198	7.10589e-05	4.09409e-05	1.8196e-05	NA	2.2745e-05	0.999918
24	0.996579	0.00183563	0.000917814	0.000542345	0.000125156	0.00517757	0.992416	0.00116678	0.0012397	NA	0.000774094	0.000322539	0.995872	0.00296736	6.45078e-05	0.000458046	0.000229023	0.00131688	0.997882	0.000114511	0.000102232	2.27182e-05	1.13591e-05	3.40774e-05	0.99983
25	0.995841	0.00200686	0.00148333	0.00063987	2.9085e-05	0.00436551	0.992708	0.00168668	0.00114099	9.92162e-05	0.00210901	0.000749871	0.99297	0.00412429	4.68669e-05	0.00102325	0.000533867	0.00135691	0.996997	8.89779e-05	1.65607e-05	2.4841e-05	NA	4.14017e-05	0.999917
26	0.995337	0.00136167	0.00231071	0.000990303	NA	0.00500038	0.992878	0.00136374	0.000757633	NA	0.00206125	0.000809776	0.994994	0.00213486	NA	0.000393668	0.000393668	0.000871692	0.998257	8.43573e-05	NA	8.09033e-05	3.46729e-05	8.09033e-05	0.999804
27	0.996337	0.00104312	0.00139454	0.00111652	0.000108983	0.00135627	0.996861	0.000416246	0.00135974	6.93743e-06	0.00226291	0.0013665	0.990525	0.00581932	2.62789e-05	0.00120165	0.00246745	0.00363095	0.992591	0.000109241	6.78957e-05	2.75426e-05	2.36994e-05	5.18826e-05	0.999829
28	0.997905	0.000401123	0.000713108	0.000534831	0.000445692	0.000289533	0.998022	0.000241278	0.00144767	NA	0.00328657	0.000662219	0.994874	0.00117728	NA	0.000335261	0.00226301	0.00184394	0.995558	NA	1.04354e-05	2.08707e-05	NA	6.26122e-05	0.999906
29	0.998617	NA	0.00138313	NA	NA	NA	1	NA	NA	NA	NA	0.000202675	0.999797	NA	NA	0.000702247	NA	NA	0.999298	NA	NA	NA	NA	NA	1
30	0.99745	0.000541645	0.00130496	0.000636096	6.74647e-05	0.00118822	0.997138	0.000417803	0.00125044	5.92628e-06	0.0015227	0.000481141	0.996859	0.00112904	8.20127e-06	0.000791473	0.00181035	0.000770801	0.996554	7.38315e-05	5.45836e-05	2.05491e-05	2.37599e-05	5.2015e-05	0.999849
31	0.99818	0.000383933	0.00103996	0.000323839	7.17788e-05	0.00106087	0.997783	0.000233187	0.00091481	7.68748e-06	0.000846987	0.000276762	0.997834	0.00103547	7.15763e-06	0.000355847	0.00153687	0.000732852	0.997311	6.34753e-05	4.53989e-05	3.16737e-05	1.42532e-05	5.12058e-05	0.999857
32	0.998027	0.000508367	0.00135277	8.61638e-05	2.58491e-05	0.00426896	0.994764	0.000689322	0.000266054	1.20934e-05	0.000359131	3.36685e-05	0.999226	0.000381577	NA	0.000157334	0.000220268	0.000432669	0.999158	3.14668e-05	2.70355e-05	2.21199e-05	1.22888e-05	3.68665e-05	0.999902
33	0.997919	0.000450701	0.00153115	8.64358e-05	1.2348e-05	0.0035189	0.995653	0.000512009	0.000316515	NA	0.0002924	3.24889e-05	0.999334	0.000341133	NA	0.000116068	0.000148567	0.000506056	0.99922	9.28544e-06	6.98927e-06	8.73658e-06	5.24195e-06	1.74732e-05	0.999962
34	0.99846	0.000297378	0.000922925	0.000233365	8.58912e-05	0.000561263	0.998526	0.000179759	0.000726797	6.46616e-06	0.000853341	0.000322577	0.99779	0.0010192	1.48706e-05	0.000206594	0.00165275	0.000430254	0.997594	0.00011677	5.5154e-05	2.18109e-05	1.62955e-05	5.014e-05	0.999857
35	0.99943	9.19696e-05	0.000305576	0.000113726	5.83463e-05	4.25661e-05	0.999716	3.48268e-05	0.000203801	2.57976e-06	0.00034253	0.000127635	0.998791	0.000730644	7.81437e-06	7.15175e-05	0.00081177	0.000579571	0.998458	7.89479e-05	2.49864e-05	7.90709e-06	7.59081e-06	2.75167e-05	0.999932
36	0.998534	0.000274426	0.000954571	0.000161155	7.6201e-05	0.000909453	0.998181	0.000257596	0.000649373	2.48484e-06	0.000609687	0.000336535	0.998379	0.000657225	1.7355e-05	0.000167704	0.0014264	0.000331171	0.997998	7.62843e-05	4.63712e-05	2.00833e-05	1.6981e-05	4.94735e-05	0.999867
37	0.998584	0.000247516	0.00096212	0.000157692	4.85718e-05	0.00100625	0.998221	0.000234751	0.000527305	1.06169e-05	0.000419548	0.00014177	0.998121	0.00130475	1.26787e-05	0.00010347	0.00129179	0.00031168	0.998216	7.74438e-05	4.57027e-05	1.96167e-05	1.71124e-05	4.71635e-05	0.99987
38	0.998675	0.000212663	0.000899105	0.000130751	8.26807e-05	0.000781674	0.998434	0.000213925	0.000563985	6.27347e-06	0.000454241	0.000212585	0.99839	0.000924834	1.87753e-05	9.91707e-05	0.00132571	0.000269744	0.998234	7.17996e-05	4.63907e-05	2.12823e-05	1.48259e-05	4.69885e-05	0.999871
39	0.99868	0.000208774	0.000914977	0.000108516	8.81403e-05	0.000701997	0.998546	0.000200367	0.000545537	6.34647e-06	0.00038957	0.000230783	0.998464	0.000895888	1.96018e-05	8.58523e-05	0.00121351	0.000268179	0.998346	8.64384e-05	4.86489e-05	2.45366e-05	1.5792e-05	5.14538e-05	0.99986
40	0.999044	0.00016069	0.000596732	9.75225e-05	0.000100695	0.000323966	0.998961	0.000122179	0.000582717	9.79869e-06	0.000375079	0.000191475	0.999117	0.000292438	2.43494e-05	8.2293e-05	0.000840227	0.000221484	0.99878	7.61486e-05	6.3389e-05	2.91186e-05	1.75691e-05	5.59341e-05	0.999834
