quality	AA	AC	AG	AT	A.	CA	CC	CG	CT	C.	GA	GC	GG	GT	G.	TA	TC	TG	TT	T.	.A	.C	.G	.T	..
0	NA	NA	NA	NA	NA	NA	NA	NA	NA	NA	NA	NA	NA	NA	NA	NA	NA	NA	NA	NA	NA	NA	NA	NA	NA
1	NA	NA	NA	NA	NA	NA	NA	NA	NA	NA	NA	NA	NA	NA	NA	NA	NA	NA	NA	NA	NA	NA	NA	NA	NA
2	NA	NA	NA	NA	NA	NA	NA	NA	NA	NA	NA	NA	NA	NA	NA	NA	NA	NA	NA	NA	NA	NA	NA	NA	NA
3	NA	NA	NA	NA	NA	NA	NA	NA	NA	NA	NA	NA	NA	NA	NA	NA	NA	NA	NA	NA	NA	NA	NA	NA	NA
4	NA	NA	NA	NA	NA	NA	NA	NA	NA	NA	NA	NA	NA	NA	NA	NA	NA	NA	NA	NA	NA	NA	NA	NA	NA
5	NA	NA	NA	NA	NA	NA	NA	NA	NA	NA	NA	NA	NA	NA	NA	NA	NA	NA	NA	NA	NA	NA	NA	NA	NA
6	NA	NA	NA	NA	NA	NA	NA	NA	NA	NA	NA	NA	NA	NA	NA	NA	NA	NA	NA	NA	NA	NA	NA	NA	NA
7	NA	NA	NA	NA	NA	NA	NA	NA	NA	NA	NA	NA	NA	NA	NA	NA	NA	NA	NA	NA	NA	NA	NA	NA	NA
8	NA	NA	NA	NA	NA	NA	NA	NA	NA	NA	NA	NA	NA	NA	NA	NA	NA	NA	NA	NA	NA	NA	NA	NA	NA
9	NA	NA	NA	NA	NA	NA	NA	NA	NA	NA	NA	NA	NA	NA	NA	NA	NA	NA	NA	NA	NA	NA	NA	NA	NA
10	1	NA	NA	NA	NA	0.103448	0.896552	NA	NA	NA	0.00884956	NA	0.973451	0.0176991	NA	NA	NA	NA	1	NA	NA	NA	NA	NA	1
11	0.974919	0.0115127	0.00388741	0.00949426	0.000186895	0.05894	0.923792	0.00501911	0.0120643	0.000184188	0.0181332	0.00486747	0.93463	0.042294	7.56601e-05	0.0211228	0.00639244	0.0179266	0.954002	0.000555864	0.000209872	4.19745e-05	3.14809e-05	4.19745e-05	0.999675
12	0.971489	0.0157444	0.00515563	0.00747193	0.000138764	0.0477922	0.934955	0.00451791	0.0126407	9.4451e-05	0.0122746	0.00450135	0.949286	0.033755	0.000182899	0.0116982	0.00519606	0.0213521	0.961683	7.09844e-05	0.000104322	2.76146e-05	1.53414e-05	4.90926e-05	0.999804
13	0.967122	0.0175501	0.00629507	0.00889747	0.000135839	0.0415518	0.942953	0.00521711	0.0101855	9.25431e-05	0.0084555	0.00334679	0.967005	0.0211014	9.12762e-05	0.012958	0.00728836	0.0217921	0.957768	0.000193211	3.9264e-05	4.04188e-05	3.00254e-05	4.67703e-05	0.999844
14	0.967033	0.0177671	0.00553808	0.00949385	0.000167919	0.0338745	0.952159	0.00395083	0.00986747	0.000148635	0.0132116	0.00610922	0.948902	0.0316143	0.000163324	0.0153398	0.0130499	0.0221141	0.949219	0.000277565	7.89886e-05	3.59039e-05	6.97562e-05	6.25754e-05	0.999753
15	0.967128	0.0151282	0.00660203	0.0108017	0.000339895	0.0311808	0.95018	0.00538598	0.0131596	9.39416e-05	0.0131724	0.00581684	0.953882	0.0270269	0.000101456	0.0166389	0.00846031	0.0221442	0.952547	0.000209521	0.000100672	4.26576e-05	2.73009e-05	9.5553e-05	0.999734
16	0.966977	0.0140379	0.00733668	0.0115161	0.000131812	0.0264829	0.955821	0.00437114	0.0132384	8.66969e-05	0.0119213	0.00518725	0.957863	0.0249011	0.000127427	0.0201447	0.0126292	0.0277646	0.939293	0.000168087	0.000104874	4.13018e-05	4.25165e-05	7.32904e-05	0.999738
17	NA	NA	NA	NA	NA	NA	NA	NA	NA	NA	NA	NA	NA	NA	NA	NA	NA	NA	NA	NA	NA	NA	NA	NA	NA
18	1	NA	NA	NA	NA	NA	1	NA	NA	NA	NA	NA	1	NA	NA	NA	NA	NA	1	NA	NA	NA	NA	NA	1
19	1	NA	NA	NA	NA	NA	1	NA	NA	NA	NA	NA	1	NA	NA	NA	NA	NA	1	NA	NA	NA	NA	NA	1
20	0.997723	0.00120563	0.000803751	0.000267917	NA	0.00695787	0.991689	0.000773096	0.000579822	NA	0.00151157	0.000188947	0.995465	0.00273973	9.44733e-05	0.00218818	0.000437637	0.00306346	0.994311	NA	0.000143926	NA	NA	3.59816e-05	0.99982
21	0.996448	0.00198707	0.00101638	0.000502478	4.56798e-05	0.00865948	0.989738	0.000663624	0.000922599	1.61859e-05	0.000889363	0.000296454	0.996457	0.00235681	NA	0.000748565	0.000592271	0.00228682	0.996323	4.93559e-05	1.77406e-05	3.84379e-05	8.87028e-06	2.66108e-05	0.999908
22	0.995617	0.00248031	0.00134155	0.000436783	0.000124795	0.00544497	0.992225	0.00116497	0.00113964	2.53254e-05	0.00118193	0.000318211	0.995568	0.00293208	NA	0.000862482	0.000622904	0.00260342	0.99572	0.000191663	6.66267e-05	4.75905e-06	1.90362e-05	9.04219e-05	0.999819
23	0.997073	0.00154871	0.000922063	0.000411795	4.47604e-05	0.00630512	0.991692	0.000712519	0.00126371	2.68875e-05	0.000954888	0.000193558	0.996942	0.00189687	1.29039e-05	0.000511686	0.000419212	0.00159054	0.997435	4.31542e-05	3.05425e-05	2.11448e-05	3.2892e-05	3.2892e-05	0.999883
24	0.996605	0.0018206	0.00100871	0.000467451	9.84107e-05	0.0050395	0.99151	0.00140743	0.00195224	9.08018e-05	0.000855467	0.000285156	0.996456	0.00240345	NA	0.00035165	0.000314634	0.000943903	0.998279	0.000111047	7.08431e-05	1.41686e-05	7.08431e-06	4.95902e-05	0.999858
25	0.997204	0.00133968	0.000990195	0.000388312	7.76624e-05	0.00402874	0.993957	0.000537165	0.00144363	3.35728e-05	0.000920266	0.000361533	0.996418	0.0022678	3.28666e-05	0.000434277	0.000589376	0.00151997	0.997255	0.000201629	5.67804e-05	6.24585e-05	1.70341e-05	9.65267e-05	0.999767
26	0.994706	0.00180785	0.00322831	0.000258264	NA	0.00406032	0.991995	0.00301624	0.000928074	NA	0.000362275	0.000603792	0.998068	0.000966067	NA	0.000598004	0.000368002	0.00142601	0.997562	4.60003e-05	1.8485e-05	3.69699e-05	NA	7.39399e-05	0.999871
27	0.996712	0.00125429	0.00117977	0.000723453	0.000130703	0.00270231	0.995529	0.000312958	0.00142424	3.1858e-05	0.00155251	0.000786797	0.993321	0.00430224	3.7312e-05	0.00105859	0.00201868	0.0037935	0.992998	0.000131008	6.90158e-05	2.80686e-05	1.98131e-05	5.94394e-05	0.999824
28	0.99824	0.000255011	0.000331514	0.000433519	0.000739532	0.00051144	0.998654	0.000242261	0.000592194	NA	0.00135352	0.000331473	0.996948	0.00135352	1.38114e-05	0.000321302	0.00219557	0.000589054	0.996894	NA	2.38989e-05	NA	5.97472e-06	8.3646e-05	0.999886
29	0.999496	NA	0.000504159	NA	NA	0.000209732	0.999161	NA	0.000629195	NA	0.000508204	NA	0.999347	0.000145201	NA	NA	NA	NA	1	NA	6.57117e-05	NA	NA	NA	0.999934
30	0.997832	0.000592357	0.00120047	0.000314033	6.09161e-05	0.00130065	0.997159	0.000416139	0.00112038	3.36955e-06	0.000849068	0.000276768	0.997784	0.00107893	1.09456e-05	0.000448254	0.00129963	0.000764211	0.997426	6.22575e-05	4.57603e-05	1.4544e-05	1.73818e-05	4.18583e-05	0.99988
31	0.998201	0.000547618	0.000970641	0.000199956	8.03843e-05	0.00128791	0.997669	0.000259493	0.000775295	7.95991e-06	0.000654759	0.000209989	0.997985	0.00113307	1.74991e-05	0.000266326	0.00115519	0.000704654	0.997824	4.99361e-05	4.31691e-05	1.80929e-05	1.55536e-05	4.95175e-05	0.999874
32	0.997951	0.00058697	0.00133402	0.000106722	2.13444e-05	0.00395966	0.994946	0.000732105	0.000354244	7.87209e-06	0.000186393	4.65983e-05	0.999594	0.000173079	NA	0.000138287	0.000167919	0.000701311	0.998973	1.97552e-05	1.71947e-05	2.50104e-05	4.68946e-06	2.81367e-05	0.999925
33	0.997773	0.000599375	0.00151332	7.6516e-05	3.8258e-05	0.0039604	0.995266	0.000541813	0.000232206	NA	0.00032679	3.87717e-05	0.999452	0.000177242	5.53882e-06	0.000109168	0.000231982	0.000498079	0.99912	4.0938e-05	1.86481e-05	1.11889e-05	1.11889e-05	1.98913e-05	0.999939
34	0.998505	0.000312659	0.000896864	0.000169238	0.000116172	0.000570341	0.998612	0.000173649	0.000637486	6.1742e-06	0.000618186	0.000262386	0.998001	0.00110861	9.61622e-06	0.000172407	0.00136435	0.000581075	0.997771	0.000110681	5.42712e-05	2.04262e-05	1.78916e-05	4.14489e-05	0.999866
35	0.999183	0.00018455	0.000424155	0.000117864	8.99487e-05	0.000296964	0.999435	2.02016e-05	0.00024545	2.02016e-06	0.000325261	0.000122941	0.998715	0.000826706	9.6804e-06	6.5227e-05	0.000819501	0.000537082	0.998491	8.6738e-05	3.40404e-05	1.11152e-05	9.49425e-06	2.91775e-05	0.999916
36	0.998527	0.000297214	0.000970112	0.000127427	7.77756e-05	0.000818688	0.998343	0.000235108	0.000598659	4.4676e-06	0.000497838	0.000322008	0.998487	0.000676269	1.66466e-05	0.000122013	0.00123664	0.000315301	0.998251	7.53019e-05	5.80801e-05	1.63109e-05	1.27842e-05	4.94838e-05	0.999863
37	0.998522	0.000285402	0.0010134	0.000120956	5.84394e-05	0.000859503	0.998346	0.000215872	0.000575126	3.98287e-06	0.000397448	0.000101544	0.9983	0.00119552	5.55317e-06	9.89e-05	0.00113004	0.00032379	0.998372	7.482e-05	4.55522e-05	2.21375e-05	1.57517e-05	4.4275e-05	0.999872
38	0.99869	0.000235769	0.000874322	0.000107999	9.20649e-05	0.000689667	0.99857	0.000179227	0.0005568	3.82352e-06	0.000421053	0.000213591	0.998507	0.000838805	1.93316e-05	9.46899e-05	0.00119635	0.000301528	0.998323	8.4925e-05	4.84587e-05	2.0768e-05	1.43919e-05	4.39954e-05	0.999872
39	0.99871	0.000238111	0.000860807	9.85683e-05	9.21765e-05	0.000616294	0.99865	0.000193366	0.000536227	4.60657e-06	0.000399041	0.000219011	0.998696	0.000674515	1.17269e-05	7.38012e-05	0.00112547	0.00022848	0.998489	8.30895e-05	5.31823e-05	2.19994e-05	1.35099e-05	4.83865e-05	0.999863
40	0.999089	0.000182085	0.000554051	8.65737e-05	8.84444e-05	0.000299503	0.999039	0.000109115	0.000546426	6.2041e-06	0.000387903	0.000160496	0.999222	0.00021456	1.4988e-05	7.59971e-05	0.000812145	0.000195998	0.998845	7.11242e-05	6.08861e-05	2.4763e-05	1.29e-05	5.26056e-05	0.999849
