quality	AA	AC	AG	AT	A.	CA	CC	CG	CT	C.	GA	GC	GG	GT	G.	TA	TC	TG	TT	T.	.A	.C	.G	.T	..
0	NA	NA	NA	NA	NA	NA	NA	NA	NA	NA	NA	NA	NA	NA	NA	NA	NA	NA	NA	NA	NA	NA	NA	NA	NA
1	NA	NA	NA	NA	NA	NA	NA	NA	NA	NA	NA	NA	NA	NA	NA	NA	NA	NA	NA	NA	NA	NA	NA	NA	NA
2	NA	NA	NA	NA	NA	NA	NA	NA	NA	NA	NA	NA	NA	NA	NA	NA	NA	NA	NA	NA	NA	NA	NA	NA	NA
3	NA	NA	NA	NA	NA	NA	NA	NA	NA	NA	NA	NA	NA	NA	NA	NA	NA	NA	NA	NA	NA	NA	NA	NA	NA
4	NA	NA	NA	NA	NA	NA	NA	NA	NA	NA	NA	NA	NA	NA	NA	NA	NA	NA	NA	NA	NA	NA	NA	NA	NA
5	NA	NA	NA	NA	NA	NA	NA	NA	NA	NA	NA	NA	NA	NA	NA	NA	NA	NA	NA	NA	NA	NA	NA	NA	NA
6	NA	NA	NA	NA	NA	NA	NA	NA	NA	NA	NA	NA	NA	NA	NA	NA	NA	NA	NA	NA	NA	NA	NA	NA	NA
7	NA	NA	NA	NA	NA	NA	NA	NA	NA	NA	NA	NA	NA	NA	NA	NA	NA	NA	NA	NA	NA	NA	NA	NA	NA
8	NA	NA	NA	NA	NA	NA	NA	NA	NA	NA	NA	NA	NA	NA	NA	NA	NA	NA	NA	NA	NA	NA	NA	NA	NA
9	NA	NA	NA	NA	NA	NA	NA	NA	NA	NA	NA	NA	NA	NA	NA	NA	NA	NA	NA	NA	NA	NA	NA	NA	NA
10	NA	NA	NA	NA	NA	NA	NA	NA	NA	NA	NA	NA	NA	NA	NA	NA	NA	NA	NA	NA	NA	NA	NA	NA	NA
11	0.975793	0.011003	0.00414727	0.00888701	0.000169276	0.0525184	0.924165	0.00645161	0.0168647	NA	0.0218278	0.00804182	0.930381	0.0397496	NA	0.0198503	0.0152945	0.0224536	0.942076	0.000325415	0.000121589	2.43179e-05	4.86358e-05	4.86358e-05	0.999757
12	0.971403	0.0142369	0.00549741	0.00875709	0.000105719	0.035807	0.945723	0.00594424	0.012431	9.4353e-05	0.0134415	0.00640574	0.949384	0.0306035	0.000165019	0.0137647	0.00749826	0.0246639	0.95402	5.3559e-05	4.92499e-05	1.97e-05	1.4775e-05	7.87999e-05	0.999837
13	0.965172	0.0168241	0.00662025	0.0112664	0.000117053	0.0302039	0.952621	0.00493738	0.0121048	0.000132982	0.0105229	0.00469487	0.96273	0.0219451	0.000107144	0.0152118	0.0097796	0.0228921	0.951962	0.000154201	4.87973e-05	2.33379e-05	2.61667e-05	7.35496e-05	0.999828
14	0.962027	0.0166252	0.00774876	0.0134163	0.000182421	0.0295008	0.950953	0.00499927	0.0143951	0.000152262	0.0177907	0.00622367	0.945759	0.0300876	0.000139294	0.0182136	0.0142232	0.0221412	0.945181	0.000240893	5.98379e-05	5.07322e-05	3.25206e-05	8.32528e-05	0.999774
15	0.977564	0.00825928	0.00518974	0.00884788	0.000139237	0.0124642	0.975758	0.00294264	0.00869648	0.000138735	0.0134678	0.00534895	0.958473	0.0225829	0.000127188	0.0244646	0.0168291	0.0260517	0.932432	0.000222581	7.23902e-05	3.52168e-05	2.15214e-05	4.69558e-05	0.999824
16	0.96495	0.0116561	0.0090288	0.0142266	0.000138277	0.0175063	0.962938	0.00450037	0.0149542	0.000101213	0.0154698	0.00721419	0.954425	0.0228047	8.62117e-05	0.0179434	0.011876	0.0192014	0.95079	0.000189259	9.44217e-05	5.48963e-05	5.12366e-05	7.61229e-05	0.999723
17	NA	NA	NA	NA	NA	NA	NA	NA	NA	NA	NA	NA	NA	NA	NA	NA	NA	NA	NA	NA	NA	NA	NA	NA	NA
18	NA	NA	NA	NA	NA	NA	NA	NA	NA	NA	NA	NA	NA	NA	NA	NA	NA	NA	NA	NA	NA	NA	NA	NA	NA
19	NA	NA	NA	NA	NA	NA	NA	NA	NA	NA	NA	NA	NA	NA	NA	NA	NA	NA	NA	NA	NA	NA	NA	NA	NA
20	0.998668	0.000665927	0.000221976	0.000443951	NA	0.00186393	0.996272	NA	0.00186393	NA	0.00172687	0.000431717	0.995395	0.0024464	NA	0.00217933	0.000311333	0.00217933	0.99533	NA	NA	NA	NA	NA	1
21	0.997245	0.0014975	0.000610094	0.00064707	NA	0.00286823	0.995782	0.000482055	0.000843597	2.41028e-05	0.000903908	0.000417188	0.996825	0.00185417	NA	0.00104246	0.000628149	0.00281999	0.995483	2.67297e-05	4.69722e-05	1.40917e-05	9.39443e-06	1.87889e-05	0.999911
22	0.995867	0.00239438	0.000744919	0.000957752	3.54723e-05	0.00406742	0.994261	0.000473604	0.00117008	2.7859e-05	0.00202483	0.000506207	0.994528	0.00294082	NA	0.00214562	0.00103764	0.00306015	0.993669	8.79353e-05	5.25094e-06	2.10038e-05	2.10038e-05	2.62547e-05	0.999926
23	0.997367	0.00150646	0.000379489	0.000724479	2.29993e-05	0.0027982	0.994602	0.000629181	0.00188754	8.27869e-05	0.00206061	0.000681588	0.994738	0.00247274	4.75526e-05	0.00121423	0.000461408	0.00199134	0.996309	2.42846e-05	2.09952e-05	2.39946e-05	5.99864e-06	3.89911e-05	0.99991
24	0.998186	0.000991951	0.000425122	0.000368439	2.83415e-05	0.0026277	0.995897	0.000460999	0.0010142	NA	0.00135802	0.00067901	0.995247	0.00271604	NA	0.000690045	0.000439119	0.00127554	0.997574	2.09104e-05	1.57862e-05	NA	2.36793e-05	4.73586e-05	0.999913
25	0.997938	0.00112092	0.000400328	0.000520427	2.00164e-05	0.00194292	0.995143	0.000334986	0.0024789	0.000100496	0.00291474	0.000576876	0.993472	0.00300583	3.03619e-05	0.00137016	0.000461851	0.00150871	0.996613	4.61851e-05	3.94115e-05	1.68907e-05	2.25209e-05	8.44533e-05	0.999837
26	0.997564	0.0011907	0.000568289	0.000622412	5.41228e-05	0.00179916	0.99446	0.000568155	0.00312485	4.73462e-05	0.00369695	0.00073939	0.993543	0.002021	NA	0.000502662	0.000353725	0.00111703	0.998008	1.86171e-05	1.51523e-05	3.78808e-05	1.51523e-05	6.81854e-05	0.999864
27	0.99663	0.00115008	0.00113368	0.00104119	4.47503e-05	0.00127326	0.996627	0.000370574	0.00169609	3.32567e-05	0.00252818	0.0010626	0.992249	0.00414414	1.60392e-05	0.00106642	0.00160434	0.00358736	0.993683	5.89833e-05	3.46685e-05	1.38674e-05	1.77676e-05	3.42351e-05	0.999899
28	0.998219	0.000381667	0.000667918	0.000667918	6.36112e-05	0.000451293	0.996938	9.67056e-05	0.00248211	3.22352e-05	0.00261472	0.000363636	0.996	0.00100433	1.7316e-05	0.000359691	0.000899227	0.000539536	0.998142	5.99484e-05	2.92603e-05	7.31507e-06	NA	7.31507e-06	0.999956
29	1	NA	NA	NA	NA	0.000488998	0.999022	0.000488998	NA	NA	0.000783453	NA	0.99906	0.000156691	NA	0.000717875	NA	0.00143575	0.997846	NA	NA	NA	NA	NA	1
30	0.997849	0.000687453	0.000851724	0.000582541	2.8989e-05	0.000332252	0.997976	0.000200177	0.00148172	1.03184e-05	0.00169144	0.000358276	0.99704	0.000899462	1.1314e-05	0.000676073	0.00102037	0.000661467	0.997625	1.66932e-05	2.48407e-05	1.12912e-05	7.22639e-06	2.48407e-05	0.999932
31	0.998639	0.000417745	0.000652579	0.000271416	1.88811e-05	0.000171481	0.998511	0.000107839	0.00120214	7.0714e-06	0.00124668	0.000164562	0.997977	0.000606718	4.98673e-06	0.000274562	0.000826405	0.000666017	0.998213	2.03883e-05	2.39967e-05	7.38361e-06	8.12197e-06	2.51043e-05	0.999935
32	0.999623	0.000137712	0.00011975	0.000113762	5.98749e-06	0.000127218	0.998561	3.18046e-05	0.00127218	7.95115e-06	0.000229249	3.95257e-05	0.999423	0.000300395	7.90514e-06	0.000102208	0.000182899	0.00034966	0.999365	NA	6.71383e-06	3.35692e-06	8.39229e-06	4.86753e-05	0.999933
33	0.999654	0.000192227	9.39777e-05	4.69889e-05	1.28151e-05	0.000122011	0.998731	2.44023e-05	0.00112251	NA	0.000175055	5.83516e-05	0.999387	0.00037345	5.83516e-06	8.09984e-05	0.000132837	0.000547549	0.999222	1.61997e-05	1.19843e-05	2.39685e-06	7.19056e-06	4.91355e-05	0.999929
34	0.998611	0.000510615	0.00066178	0.000182321	3.4041e-05	0.000124817	0.998867	7.83523e-05	0.000925651	4.55537e-06	0.00130307	0.000159915	0.998183	0.000344371	9.49989e-06	0.000186911	0.000835378	0.000408153	0.99854	2.98804e-05	2.52668e-05	9.36462e-06	7.06764e-06	2.13796e-05	0.999937
35	0.999425	0.000271182	0.000245454	3.54623e-05	2.29462e-05	4.21418e-05	0.999667	2.77753e-05	0.000261471	1.91554e-06	0.000498752	5.96547e-05	0.99922	0.000216126	5.86767e-06	4.46223e-05	0.000466622	0.000500407	0.998958	2.99607e-05	1.28839e-05	4.29463e-06	4.97273e-06	1.01715e-05	0.999968
36	0.999003	0.000334534	0.00051667	0.000112255	3.34534e-05	5.96346e-05	0.998883	5.96346e-05	0.000989233	8.7698e-06	0.000942537	9.26652e-05	0.998805	0.000151971	7.41321e-06	0.000117972	0.000606402	0.00027164	0.998971	3.26491e-05	2.70313e-05	8.85509e-06	6.05874e-06	2.33029e-05	0.999935
37	0.998986	0.000332277	0.000585895	7.43691e-05	2.09759e-05	4.09073e-05	0.999059	4.09073e-05	0.000852375	6.67875e-06	0.000977906	7.14749e-05	0.998832	0.000108837	9.74657e-06	7.95297e-05	0.000736218	0.000270401	0.998882	3.22663e-05	2.79585e-05	1.13024e-05	7.43578e-06	2.98918e-05	0.999923
38	0.999031	0.000330304	0.000550879	6.07423e-05	2.71521e-05	2.91144e-05	0.999124	2.91144e-05	0.000808932	8.51036e-06	0.000761729	5.21024e-05	0.999116	6.45898e-05	6.02838e-06	6.22904e-05	0.000723086	0.000234522	0.998947	3.35852e-05	2.45541e-05	9.64935e-06	7.58163e-06	2.51572e-05	0.999933
39	0.999055	0.00035196	0.000513716	4.71717e-05	3.22162e-05	2.29185e-05	0.999057	3.1676e-05	0.00087938	8.9438e-06	0.000728945	3.4135e-05	0.999189	3.98388e-05	8.24857e-06	5.07448e-05	0.000638181	0.000203893	0.999079	2.82214e-05	2.50596e-05	9.96571e-06	6.46147e-06	2.42904e-05	0.999934
40	0.99913	0.000331554	0.000461517	3.99187e-05	3.72273e-05	2.04502e-05	0.999024	3.36922e-05	0.000913698	8.09909e-06	0.000487885	2.6309e-05	0.999448	2.55158e-05	1.18545e-05	4.11632e-05	0.000295993	0.000201546	0.999438	2.31278e-05	3.48811e-05	1.12001e-05	7.39878e-06	2.23432e-05	0.999924
