quality	AA	AC	AG	AT	A.	CA	CC	CG	CT	C.	GA	GC	GG	GT	G.	TA	TC	TG	TT	T.	.A	.C	.G	.T	..
0	NA	NA	NA	NA	NA	NA	NA	NA	NA	NA	NA	NA	NA	NA	NA	NA	NA	NA	NA	NA	NA	NA	NA	NA	NA
1	NA	NA	NA	NA	NA	NA	NA	NA	NA	NA	NA	NA	NA	NA	NA	NA	NA	NA	NA	NA	NA	NA	NA	NA	NA
2	NA	NA	NA	NA	NA	NA	NA	NA	NA	NA	NA	NA	NA	NA	NA	NA	NA	NA	NA	NA	NA	NA	NA	NA	NA
3	NA	NA	NA	NA	NA	NA	NA	NA	NA	NA	NA	NA	NA	NA	NA	NA	NA	NA	NA	NA	NA	NA	NA	NA	NA
4	NA	NA	NA	NA	NA	NA	NA	NA	NA	NA	NA	NA	NA	NA	NA	NA	NA	NA	NA	NA	NA	NA	NA	NA	NA
5	NA	NA	NA	NA	NA	NA	NA	NA	NA	NA	NA	NA	NA	NA	NA	NA	NA	NA	NA	NA	NA	NA	NA	NA	NA
6	NA	NA	NA	NA	NA	NA	NA	NA	NA	NA	NA	NA	NA	NA	NA	NA	NA	NA	NA	NA	NA	NA	NA	NA	NA
7	NA	NA	NA	NA	NA	NA	NA	NA	NA	NA	NA	NA	NA	NA	NA	NA	NA	NA	NA	NA	NA	NA	NA	NA	NA
8	NA	NA	NA	NA	NA	NA	NA	NA	NA	NA	NA	NA	NA	NA	NA	NA	NA	NA	NA	NA	NA	NA	NA	NA	NA
9	NA	NA	NA	NA	NA	NA	NA	NA	NA	NA	NA	NA	NA	NA	NA	NA	NA	NA	NA	NA	NA	NA	NA	NA	NA
10	0.967033	0.021978	NA	0.010989	NA	NA	0.977778	NA	0.0222222	NA	0.0155039	NA	0.953488	0.0310078	NA	NA	NA	NA	1	NA	NA	NA	NA	NA	1
11	0.9753	0.014164	0.00362776	0.00687697	3.15457e-05	0.0658841	0.914407	0.00541454	0.0141644	0.000129949	0.02081	0.00570042	0.923239	0.0501133	0.000137359	0.0157369	0.00683742	0.0170393	0.960061	0.000325591	4.64472e-05	NA	9.28945e-06	5.57367e-05	0.999889
12	0.973476	0.014517	0.00518403	0.00672802	9.48824e-05	0.0453104	0.938286	0.00517898	0.0111109	0.000114075	0.0115031	0.00433151	0.952576	0.0314471	0.000142797	0.0103764	0.00553486	0.0230325	0.960974	8.22591e-05	5.06595e-05	2.41236e-05	2.17112e-05	9.4082e-05	0.999809
13	0.967985	0.0186342	0.00515163	0.00811745	0.000111218	0.0331544	0.953605	0.00379734	0.00933513	0.000108495	0.00845372	0.00335287	0.96882	0.0192762	9.68655e-05	0.0116282	0.00726451	0.0214376	0.959549	0.000121016	3.84812e-05	2.72184e-05	2.58106e-05	4.73976e-05	0.999861
14	0.966138	0.0182308	0.00611216	0.00937511	0.000143781	0.0308192	0.954156	0.0040593	0.0108163	0.000148926	0.0151014	0.00559282	0.949365	0.0298233	0.000117624	0.0134666	0.0100327	0.0207345	0.955574	0.000192271	4.82348e-05	3.91339e-05	3.73137e-05	4.82348e-05	0.999827
15	0.965345	0.0167572	0.00664707	0.0111615	8.96906e-05	0.0263041	0.956057	0.00446897	0.013075	9.48322e-05	0.0139346	0.00701115	0.950365	0.0285502	0.000139294	0.014158	0.00980452	0.0213492	0.954549	0.000139458	5.06415e-05	3.76194e-05	2.74911e-05	5.35353e-05	0.999831
16	0.962978	0.0160083	0.00802412	0.0128966	9.25597e-05	0.0237555	0.959252	0.00449061	0.0124119	8.988e-05	0.0122678	0.00585299	0.954403	0.0273756	0.000101061	0.0177294	0.0125262	0.0283019	0.941334	0.000108098	6.12926e-05	2.63701e-05	3.42098e-05	5.23838e-05	0.999826
17	NA	NA	NA	NA	NA	NA	NA	NA	NA	NA	NA	NA	NA	NA	NA	NA	NA	NA	NA	NA	NA	NA	NA	NA	NA
18	1	NA	NA	NA	NA	NA	1	NA	NA	NA	NA	NA	1	NA	NA	NA	NA	NA	1	NA	NA	NA	NA	NA	1
19	1	NA	NA	NA	NA	NA	1	NA	NA	NA	NA	NA	1	NA	NA	NA	NA	NA	1	NA	NA	NA	NA	NA	1
20	0.996579	0.00263878	0.00039093	0.00039093	NA	0.00731982	0.990709	0.00112613	0.000703829	0.000140766	0.00139092	0.000208638	0.994645	0.00368593	6.95459e-05	0.00209644	0.000598982	0.00389338	0.993411	NA	5.22698e-05	NA	NA	2.61349e-05	0.999922
21	0.997258	0.00192248	0.000382674	0.000410008	2.73339e-05	0.00370501	0.995052	0.000304689	0.000901878	3.65626e-05	0.000833519	0.000187835	0.996901	0.00206619	1.17397e-05	0.000606412	0.000442885	0.00199639	0.996954	NA	9.46466e-06	4.73233e-06	9.46466e-06	2.8394e-05	0.999948
22	0.996344	0.00274508	0.000281204	0.000549016	8.03439e-05	0.0043291	0.993636	0.000346328	0.0016667	2.16455e-05	0.00304139	0.000223906	0.994085	0.00263089	1.86588e-05	0.000893152	0.000618336	0.00240464	0.996029	5.49632e-05	2.42883e-05	1.61922e-05	8.09608e-06	6.07206e-05	0.999891
23	0.997586	0.00154246	0.000442743	0.000414179	1.4282e-05	0.00272219	0.995326	0.000328718	0.00159223	3.08173e-05	0.000907857	0.000369129	0.997097	0.00161619	9.97646e-06	0.000521706	0.000326066	0.00144974	0.997702	NA	1.67927e-05	1.3061e-05	1.49268e-05	2.05244e-05	0.999935
24	0.998124	0.00127205	0.000237161	0.000323401	4.31202e-05	0.00253418	0.995217	0.000321234	0.00189171	3.56926e-05	0.00227402	0.000248721	0.995416	0.00198977	7.10631e-05	0.000427245	0.000279353	0.00106811	0.998225	NA	3.06568e-05	6.13136e-06	1.22627e-05	4.29195e-05	0.999908
25	0.997374	0.00198194	0.000321854	0.000304914	1.69397e-05	0.00331459	0.994081	0.00032554	0.00224919	2.95946e-05	0.00275003	0.000477046	0.994837	0.00190818	2.80615e-05	0.000454721	0.000372044	0.000923221	0.998181	6.88971e-05	1.49338e-05	1.49338e-05	2.98677e-05	7.46692e-05	0.999866
26	0.998161	0.00134222	0.000248558	0.000198847	4.97117e-05	0.00200585	0.994066	0.000250731	0.00367739	NA	0.00362413	0.000258866	0.994736	0.00120804	0.000172577	0.000358243	0.000322419	0.00050154	0.998782	3.58243e-05	5.59167e-05	1.39792e-05	1.39792e-05	9.78542e-05	0.999818
27	0.996569	0.00162468	0.000972662	0.000788461	4.48321e-05	0.0027599	0.995231	0.000366205	0.00162199	2.0432e-05	0.00184291	0.000662681	0.994134	0.00334079	1.91684e-05	0.00100124	0.0012099	0.00465073	0.993068	7.01033e-05	3.3778e-05	1.43556e-05	1.37927e-05	2.36446e-05	0.999914
28	0.999048	0.000263425	0.000344478	0.000344478	NA	0.00052181	0.996676	5.79789e-05	0.00272501	1.93263e-05	0.00107293	0.000290584	0.997329	0.00130763	NA	0.000530973	0.000176991	0.000619469	0.998673	NA	1.87804e-05	4.6951e-06	4.6951e-06	9.3902e-06	0.999962
29	0.999808	0.000191755	NA	NA	NA	0.000326851	0.99951	NA	0.000163425	NA	0.000423831	NA	0.999395	0.000181642	NA	NA	NA	0.000253036	0.999747	NA	NA	2.71643e-05	2.71643e-05	NA	0.999946
30	0.998216	0.000715732	0.000679549	0.000360955	2.8241e-05	0.000415514	0.998115	0.000169808	0.00129157	7.71853e-06	0.00123745	0.000199992	0.997716	0.000838717	7.49971e-06	0.000350342	0.000751802	0.000723126	0.998157	1.74548e-05	2.08362e-05	6.85024e-06	6.27939e-06	2.7401e-05	0.999939
31	0.99864	0.000616368	0.000538086	0.000186229	1.89525e-05	0.00043453	0.998477	9.08339e-05	0.00099058	7.36491e-06	0.00100228	0.000138286	0.99829	0.000561417	8.27352e-06	0.0002348	0.000609235	0.000756874	0.998384	1.51197e-05	1.73303e-05	8.41027e-06	5.35199e-06	2.29371e-05	0.999946
32	0.999568	0.000228351	0.000118253	7.74764e-05	8.15541e-06	0.000229006	0.998669	5.85829e-05	0.00104384	NA	0.000259773	6.63251e-05	0.999508	0.000149231	1.65813e-05	6.8884e-05	0.000144656	0.000168766	0.999607	1.03326e-05	5.72814e-06	3.43689e-06	1.14563e-06	3.55145e-05	0.999954
33	0.999551	0.000296351	9.76982e-05	5.21057e-05	3.25661e-06	0.000392949	0.998625	2.7415e-05	0.000950388	4.56917e-06	0.000189627	3.96894e-05	0.999608	0.000158757	4.40993e-06	6.52335e-05	8.02874e-05	0.000403946	0.999451	NA	6.49266e-06	5.56514e-06	3.71009e-06	3.80285e-05	0.999946
34	0.998688	0.000585377	0.000567048	0.000128307	3.15893e-05	0.00023099	0.998721	6.67704e-05	0.000974487	6.61689e-06	0.000986702	0.000104749	0.998534	0.000365264	9.22658e-06	0.000156514	0.000680101	0.000645944	0.99849	2.7671e-05	2.18792e-05	9.32554e-06	7.05394e-06	2.18792e-05	0.99994
35	0.999191	0.000483682	0.000247767	4.79731e-05	2.93482e-05	0.000245431	0.999372	1.56825e-05	0.00036305	3.92062e-06	0.000477526	4.16193e-05	0.999329	0.000148223	3.65081e-06	4.76278e-05	0.00048602	0.00057424	0.998863	2.86849e-05	1.22324e-05	6.20484e-06	5.31843e-06	9.92774e-06	0.999966
36	0.998978	0.000395442	0.00051062	8.93996e-05	2.68747e-05	8.71759e-05	0.998876	3.70603e-05	0.000993469	6.3171e-06	0.000814994	7.43797e-05	0.998939	0.000162681	8.75055e-06	9.97057e-05	0.000521174	0.000291568	0.999062	2.57914e-05	2.13489e-05	8.79573e-06	7.5148e-06	2.33983e-05	0.999939
37	0.998951	0.000403273	0.000558133	6.23691e-05	2.51603e-05	0.00010397	0.998929	3.08282e-05	0.000929076	7.25369e-06	0.00085238	5.05701e-05	0.998975	0.000112107	1.03577e-05	6.39779e-05	0.000700694	0.000329418	0.998879	2.68843e-05	2.05467e-05	6.73842e-06	7.06982e-06	2.56281e-05	0.99994
38	0.999026	0.000371131	0.000516171	5.61299e-05	3.05347e-05	5.95539e-05	0.999024	2.80457e-05	0.000882228	5.88614e-06	0.000753931	4.11044e-05	0.999123	7.41284e-05	8.08035e-06	6.33843e-05	0.00072517	0.000237407	0.99894	3.43047e-05	2.19391e-05	6.85597e-06	6.03325e-06	2.55728e-05	0.99994
39	0.999013	0.000397838	0.000513514	4.51718e-05	3.09226e-05	3.58206e-05	0.998997	2.20373e-05	0.000937427	7.53275e-06	0.00068251	3.45466e-05	0.999232	4.07853e-05	9.90388e-06	4.91411e-05	0.000532354	0.000172394	0.999217	2.89758e-05	2.22568e-05	7.5838e-06	6.14498e-06	2.36207e-05	0.99994
40	0.999102	0.000314782	0.000508231	4.00882e-05	3.47155e-05	2.36865e-05	0.999027	2.07785e-05	0.000919912	9.09391e-06	0.000479996	2.84326e-05	0.999458	2.17732e-05	1.15236e-05	3.83377e-05	0.000308831	0.000160112	0.999469	2.34624e-05	3.39751e-05	8.96858e-06	7.24872e-06	2.11764e-05	0.999929
