quality	AA	AC	AG	AT	A.	CA	CC	CG	CT	C.	GA	GC	GG	GT	G.	TA	TC	TG	TT	T.	.A	.C	.G	.T	..
0	NA	NA	NA	NA	NA	NA	NA	NA	NA	NA	NA	NA	NA	NA	NA	NA	NA	NA	NA	NA	NA	NA	NA	NA	NA
1	NA	NA	NA	NA	NA	NA	NA	NA	NA	NA	NA	NA	NA	NA	NA	NA	NA	NA	NA	NA	NA	NA	NA	NA	NA
2	NA	NA	NA	NA	NA	NA	NA	NA	NA	NA	NA	NA	NA	NA	NA	NA	NA	NA	NA	NA	NA	NA	NA	NA	NA
3	NA	NA	NA	NA	NA	NA	NA	NA	NA	NA	NA	NA	NA	NA	NA	NA	NA	NA	NA	NA	NA	NA	NA	NA	NA
4	NA	NA	NA	NA	NA	NA	NA	NA	NA	NA	NA	NA	NA	NA	NA	NA	NA	NA	NA	NA	NA	NA	NA	NA	NA
5	NA	NA	NA	NA	NA	NA	NA	NA	NA	NA	NA	NA	NA	NA	NA	NA	NA	NA	NA	NA	NA	NA	NA	NA	NA
6	NA	NA	NA	NA	NA	NA	NA	NA	NA	NA	NA	NA	NA	NA	NA	NA	NA	NA	NA	NA	NA	NA	NA	NA	NA
7	NA	NA	NA	NA	NA	NA	NA	NA	NA	NA	NA	NA	NA	NA	NA	NA	NA	NA	NA	NA	NA	NA	NA	NA	NA
8	NA	NA	NA	NA	NA	NA	NA	NA	NA	NA	NA	NA	NA	NA	NA	NA	NA	NA	NA	NA	NA	NA	NA	NA	NA
9	NA	NA	NA	NA	NA	NA	NA	NA	NA	NA	NA	NA	NA	NA	NA	NA	NA	NA	NA	NA	NA	NA	NA	NA	NA
10	NA	NA	NA	NA	NA	NA	NA	NA	NA	NA	NA	NA	NA	NA	NA	NA	NA	NA	NA	NA	NA	NA	NA	NA	NA
11	0.976461	0.0127275	0.00328452	0.00725332	0.00027371	0.0527365	0.918901	0.00509639	0.0230445	0.000221582	0.0237313	0.00719129	0.920074	0.0486953	0.000308198	0.0337001	0.0158184	0.0268226	0.923659	NA	4.34839e-05	4.34839e-05	4.34839e-05	8.69679e-05	0.999783
12	0.973739	0.0122432	0.00568541	0.00818217	0.000150408	0.0393443	0.943607	0.00446721	0.012418	0.000163934	0.01437	0.00587334	0.947279	0.0322918	0.000185718	0.0156541	0.00780188	0.0253687	0.951075	0.000100669	4.14834e-05	1.65934e-05	8.29669e-06	4.97801e-05	0.999884
13	0.965269	0.0161113	0.0069133	0.0115761	0.000130733	0.0293344	0.954086	0.00482071	0.0116822	7.62922e-05	0.00960606	0.00437364	0.96324	0.0227004	7.96816e-05	0.0152036	0.0106972	0.0231822	0.950758	0.000158833	4.38079e-05	2.53112e-05	2.33642e-05	3.30993e-05	0.999874
14	0.962041	0.0167994	0.00721528	0.0136753	0.000268928	0.0279883	0.95351	0.00466615	0.0136289	0.000206239	0.0181585	0.00720816	0.940995	0.0334874	0.000150693	0.0175319	0.0125373	0.0212596	0.948373	0.000298507	6.93912e-05	6.5739e-05	5.29564e-05	6.5739e-05	0.999746
15	0.977746	0.00813517	0.00522976	0.00879797	9.07944e-05	0.0113949	0.976914	0.002989	0.00864056	6.12083e-05	0.0154081	0.00590008	0.9516	0.0269642	0.00012734	0.0241674	0.0187939	0.0232942	0.933543	0.000201507	5.90347e-05	3.65453e-05	3.65453e-05	8.43353e-05	0.999784
16	0.965734	0.0117235	0.00808994	0.014305	0.000147604	0.0175119	0.962129	0.00467602	0.0155388	0.000143877	0.0169739	0.00712259	0.950435	0.0253292	0.000139171	0.0165756	0.012454	0.0173388	0.95343	0.000201433	9.05601e-05	5.04255e-05	4.63092e-05	7.8211e-05	0.999734
17	NA	NA	NA	NA	NA	NA	NA	NA	NA	NA	NA	NA	NA	NA	NA	NA	NA	NA	NA	NA	NA	NA	NA	NA	NA
18	NA	NA	NA	NA	NA	NA	NA	NA	NA	NA	NA	NA	NA	NA	NA	NA	NA	NA	NA	NA	NA	NA	NA	NA	NA
19	NA	NA	NA	NA	NA	NA	NA	NA	NA	NA	NA	NA	NA	NA	NA	NA	NA	NA	NA	NA	NA	NA	NA	NA	NA
20	0.996959	0.00173762	0.000434405	0.000434405	0.000434405	0.00215983	0.99568	0.00143988	0.000719942	NA	0.0017331	NA	0.995956	0.0023108	NA	0.00168634	0.000562114	0.00281057	0.994941	NA	0.000112095	NA	NA	NA	0.999888
21	0.996947	0.00170449	0.000432482	0.000864964	5.08802e-05	0.00215275	0.996423	0.000662383	0.000761741	NA	0.000891351	0.00031834	0.996944	0.00181454	3.1834e-05	0.000988871	0.00161815	0.00260702	0.99475	3.59589e-05	1.27876e-05	6.39382e-06	1.27876e-05	6.39382e-06	0.999962
22	0.996219	0.00164167	0.00129344	0.000746213	9.94951e-05	0.00407951	0.993801	0.000559933	0.00143983	0.000119986	0.00163912	0.000301064	0.994547	0.00351241	NA	0.00184415	0.00167865	0.00312086	0.993333	2.36429e-05	3.64023e-05	7.28046e-06	7.28046e-06	1.45609e-05	0.999934
23	0.997297	0.000994975	0.000845729	0.000829146	3.31658e-05	0.00237614	0.995624	0.000729309	0.00119983	7.05783e-05	0.00113654	0.000431887	0.99609	0.00231855	2.27309e-05	0.00115562	0.000977832	0.00162231	0.996189	5.55586e-05	2.53571e-05	4.22619e-06	1.69047e-05	2.11309e-05	0.999932
24	0.99797	0.000875866	0.000597181	0.000477745	7.96242e-05	0.00237164	0.995449	0.00102558	0.00108967	6.40985e-05	0.00085858	0.00042929	0.99675	0.00190114	6.13271e-05	0.000352351	0.00143651	0.00165334	0.996558	NA	1.06543e-05	1.06543e-05	4.26171e-05	4.26171e-05	0.999893
25	0.99734	0.000935317	0.00116915	0.000467658	8.7686e-05	0.00175805	0.996531	0.000617695	0.00109284	NA	0.00160155	0.000463607	0.995406	0.00248662	4.21461e-05	0.00109067	0.000901902	0.00176186	0.996183	6.29234e-05	5.5287e-05	NA	7.89815e-06	2.36944e-05	0.999913
26	0.996881	0.00059988	0.00155969	0.000919816	3.9992e-05	0.00195217	0.996723	0.000278882	0.000976086	6.97204e-05	0.00197392	0.00070497	0.994642	0.00267889	NA	0.000496239	0.00114919	0.0014626	0.996892	NA	3.26879e-05	1.0896e-05	NA	5.44799e-05	0.999902
27	0.996577	0.00102932	0.00122151	0.0011062	6.6201e-05	0.00126313	0.996779	0.000400101	0.00151112	4.62926e-05	0.00247017	0.00111405	0.991449	0.00493741	2.91637e-05	0.00102278	0.00123026	0.00317371	0.994468	0.000105358	2.68742e-05	1.83233e-05	1.16048e-05	3.23712e-05	0.999911
28	0.995954	0.000851789	0.0026086	0.000532368	5.32368e-05	0.000318863	0.998451	0.000273311	0.000956589	NA	0.00297692	0.000676572	0.994831	0.00148846	2.70629e-05	0.000854701	0.000949668	0.000569801	0.997531	9.49668e-05	1.13401e-05	NA	NA	1.13401e-05	0.999977
29	0.997935	0.000516262	NA	NA	0.00154879	0.00195312	0.99707	NA	0.000976562	NA	0.000578871	NA	0.999132	0.000289436	NA	NA	NA	NA	1	NA	NA	NA	NA	NA	1
30	0.997975	0.000452461	0.000908725	0.000619758	4.37252e-05	0.000310443	0.998266	0.000178651	0.00122127	2.34296e-05	0.00141293	0.000413997	0.997198	0.000964212	1.06838e-05	0.000567715	0.00136954	0.000649653	0.997352	6.14536e-05	2.02457e-05	1.01229e-05	3.1634e-06	1.5817e-05	0.999951
31	0.998607	0.000265306	0.000817076	0.000273444	3.74357e-05	0.000197716	0.998829	6.42577e-05	0.000899607	9.88579e-06	0.00094936	0.000162202	0.998254	0.00062257	1.19266e-05	0.000295367	0.000914142	0.000717854	0.998033	3.92576e-05	2.52473e-05	7.21351e-06	4.63726e-06	1.70033e-05	0.999946
32	0.999455	0.000206506	0.000156944	0.000148684	3.30409e-05	0.00014375	0.999536	4.42307e-05	0.000276442	NA	0.000310763	5.75487e-05	0.99924	0.000391331	NA	7.93433e-05	0.0011613	0.000115408	0.998615	2.88521e-05	1.39549e-05	NA	2.32582e-06	4.65165e-06	0.999979
33	0.9997	9.60794e-05	0.000108089	7.20595e-05	2.40198e-05	9.36585e-05	0.999693	1.70288e-05	0.000195831	NA	0.000293361	3.45131e-05	0.999249	0.000405529	1.72566e-05	6.51016e-05	0.000859341	0.000338528	0.998724	1.30203e-05	6.69573e-06	5.02179e-06	3.34786e-06	1.17175e-05	0.999973
34	0.998667	0.000283246	0.000802001	0.000206865	4.13731e-05	0.000138142	0.999071	4.94271e-05	0.000731267	1.01389e-05	0.000868671	0.000162806	0.998587	0.000366871	1.44964e-05	0.00018565	0.000812868	0.000389517	0.998557	5.46539e-05	2.44441e-05	9.28874e-06	5.62213e-06	2.10219e-05	0.99994
35	0.999417	0.000150314	0.000339419	5.33373e-05	3.97605e-05	2.99272e-05	0.999731	1.30118e-05	0.0002199	6.50591e-06	0.000389694	5.73079e-05	0.999317	0.000226366	1.00289e-05	6.17022e-05	0.000304934	0.000457848	0.999125	5.00771e-05	9.85224e-06	5.72066e-06	2.86033e-06	1.20769e-05	0.999969
36	0.998986	0.000166082	0.00067663	0.000116872	5.4848e-05	5.85498e-05	0.999205	5.85498e-05	0.000664377	1.38243e-05	0.000640241	8.74074e-05	0.999104	0.000155391	1.27002e-05	0.000139121	0.000850314	0.000203884	0.998747	5.99657e-05	1.84312e-05	6.95211e-06	4.68863e-06	2.48982e-05	0.999945
37	0.999061	0.000159199	0.000639426	0.000101308	3.88129e-05	5.30302e-05	0.999297	2.76679e-05	0.000612152	1.03755e-05	0.000516951	6.36247e-05	0.999297	0.000107935	1.477e-05	7.11705e-05	0.000830529	0.000220319	0.99882	5.81741e-05	2.23262e-05	8.60274e-06	6.14481e-06	2.10972e-05	0.999942
38	0.999102	0.000154255	0.000618957	7.5577e-05	4.88344e-05	3.29154e-05	0.999357	4.65784e-05	0.000553351	1.05578e-05	0.000493014	7.10377e-05	0.999339	8.07523e-05	1.57862e-05	7.40348e-05	0.000756408	0.000186066	0.998929	5.48406e-05	2.06244e-05	9.41808e-06	6.55689e-06	2.07436e-05	0.999943
39	0.99909	0.000168906	0.00062593	6.24453e-05	5.2958e-05	2.72781e-05	0.999342	3.56813e-05	0.000582407	1.22816e-05	0.000466655	3.9904e-05	0.999431	4.84021e-05	1.42866e-05	6.65108e-05	0.00070918	0.000146908	0.999023	5.40126e-05	2.36166e-05	9.03612e-06	6.18137e-06	2.05731e-05	0.999941
40	0.999149	0.00018526	0.000550911	5.65742e-05	5.83956e-05	2.361e-05	0.999215	3.35989e-05	0.000716417	1.1351e-05	0.000467474	3.30505e-05	0.999452	3.09182e-05	1.63058e-05	5.57515e-05	0.000577876	0.000124586	0.999191	5.03124e-05	3.06998e-05	1.1317e-05	6.76513e-06	2.37635e-05	0.999927
