quality	AA	AC	AG	AT	A.	CA	CC	CG	CT	C.	GA	GC	GG	GT	G.	TA	TC	TG	TT	T.	.A	.C	.G	.T	..
0	NA	NA	NA	NA	NA	NA	NA	NA	NA	NA	NA	NA	NA	NA	NA	NA	NA	NA	NA	NA	NA	NA	NA	NA	NA
1	NA	NA	NA	NA	NA	NA	NA	NA	NA	NA	NA	NA	NA	NA	NA	NA	NA	NA	NA	NA	NA	NA	NA	NA	NA
2	NA	NA	NA	NA	NA	NA	NA	NA	NA	NA	NA	NA	NA	NA	NA	NA	NA	NA	NA	NA	NA	NA	NA	NA	NA
3	NA	NA	NA	NA	NA	NA	NA	NA	NA	NA	NA	NA	NA	NA	NA	NA	NA	NA	NA	NA	NA	NA	NA	NA	NA
4	NA	NA	NA	NA	NA	NA	NA	NA	NA	NA	NA	NA	NA	NA	NA	NA	NA	NA	NA	NA	NA	NA	NA	NA	NA
5	NA	NA	NA	NA	NA	NA	NA	NA	NA	NA	NA	NA	NA	NA	NA	NA	NA	NA	NA	NA	NA	NA	NA	NA	NA
6	NA	NA	NA	NA	NA	NA	NA	NA	NA	NA	NA	NA	NA	NA	NA	NA	NA	NA	NA	NA	NA	NA	NA	NA	NA
7	NA	NA	NA	NA	NA	NA	NA	NA	NA	NA	NA	NA	NA	NA	NA	NA	NA	NA	NA	NA	NA	NA	NA	NA	NA
8	NA	NA	NA	NA	NA	NA	NA	NA	NA	NA	NA	NA	NA	NA	NA	NA	NA	NA	NA	NA	NA	NA	NA	NA	NA
9	NA	NA	NA	NA	NA	NA	NA	NA	NA	NA	NA	NA	NA	NA	NA	NA	NA	NA	NA	NA	NA	NA	NA	NA	NA
10	NA	NA	NA	NA	NA	NA	NA	NA	NA	NA	NA	NA	NA	NA	NA	NA	NA	NA	NA	NA	NA	NA	NA	NA	NA
11	0.978011	0.0114723	0.00248566	0.00783939	0.000191205	0.0499322	0.926187	0.00569878	0.0173677	0.000814111	0.0194441	0.00847563	0.933815	0.038265	NA	0.0324459	0.0124792	0.0291181	0.925957	NA	5.51633e-05	NA	NA	NA	0.999945
12	0.972641	0.0136596	0.00558261	0.00783941	0.000277151	0.0344535	0.947896	0.00466448	0.0128273	0.000159016	0.0121003	0.00539486	0.953366	0.0288336	0.000304794	0.0139966	0.00860823	0.0264818	0.950913	NA	6.51529e-05	NA	2.17176e-05	4.34353e-05	0.99987
13	0.966049	0.0161258	0.00701965	0.010664	0.00014162	0.0291753	0.954014	0.0046749	0.0120863	4.98846e-05	0.00877433	0.00453037	0.965489	0.0210896	0.000117165	0.0141577	0.00977907	0.0240966	0.95179	0.000176971	5.14249e-05	3.37935e-05	2.49778e-05	4.84863e-05	0.999841
14	0.96244	0.017051	0.00743695	0.0129072	0.000164656	0.0288742	0.952631	0.00501335	0.0132379	0.000243893	0.0179117	0.00759853	0.942573	0.0316627	0.000253707	0.0171482	0.0165935	0.0209484	0.945027	0.000283246	7.21472e-05	2.88589e-05	2.88589e-05	6.63754e-05	0.999804
15	0.977899	0.00791435	0.00500961	0.00906501	0.00011226	0.0120047	0.977096	0.00253238	0.00828632	8.01385e-05	0.0151955	0.00608142	0.95313	0.0254168	0.000176506	0.0249045	0.0170058	0.0238039	0.933919	0.000366877	5.24531e-05	4.8082e-05	3.05976e-05	0.000100535	0.999768
16	0.962505	0.0126136	0.00987796	0.0148542	0.000149021	0.0183175	0.958893	0.00486654	0.01773	0.000192908	0.0186476	0.0083066	0.948174	0.024759	0.000112577	0.0191947	0.013561	0.0193757	0.947667	0.000201202	0.000104351	5.21755e-05	3.8262e-05	7.82632e-05	0.999727
17	NA	NA	NA	NA	NA	NA	NA	NA	NA	NA	NA	NA	NA	NA	NA	NA	NA	NA	NA	NA	NA	NA	NA	NA	NA
18	NA	NA	NA	NA	NA	NA	NA	NA	NA	NA	NA	NA	NA	NA	NA	NA	NA	NA	NA	NA	NA	NA	NA	NA	NA
19	NA	NA	NA	NA	NA	NA	NA	NA	NA	NA	NA	NA	NA	NA	NA	NA	NA	NA	NA	NA	NA	NA	NA	NA	NA
20	0.997982	0.000504541	0.000504541	0.00100908	NA	0.00468019	0.9922	0.000780031	0.00234009	NA	0.00218341	NA	0.994697	0.00311915	NA	NA	NA	0.00486111	0.995139	NA	NA	NA	NA	NA	1
21	0.996751	0.00119909	0.00119909	0.000812285	3.86802e-05	0.00211053	0.996417	0.00068715	0.000785315	NA	0.000784567	0.000276906	0.997139	0.00179989	NA	0.00119141	0.000731093	0.00273483	0.995316	2.70775e-05	2.86328e-05	9.54426e-06	NA	9.54426e-06	0.999952
22	0.996356	0.00210987	0.000652141	0.000843947	3.83612e-05	0.00322215	0.99457	0.000537025	0.00155141	0.000119339	0.00183355	0.000814913	0.994397	0.00295406	NA	0.00140923	0.0010013	0.00326349	0.994289	3.70851e-05	4.47502e-05	NA	NA	NA	0.999955
23	0.997073	0.00153651	0.000951173	0.000414614	2.43891e-05	0.00198101	0.994774	0.000683107	0.0025275	3.41553e-05	0.00153957	0.000393082	0.995283	0.00275157	3.27568e-05	0.00116554	0.00058277	0.00176496	0.99647	1.66506e-05	3.10996e-05	6.21991e-06	6.21991e-06	6.21991e-06	0.99995
24	0.997399	0.000907496	0.000786496	0.000725997	0.000181499	0.00171576	0.996854	0.000571919	0.000857878	NA	0.000721761	0.00027066	0.996842	0.00216528	NA	0.000803723	0.000592217	0.00156514	0.996954	8.46024e-05	1.62025e-05	1.62025e-05	NA	NA	0.999968
25	0.996709	0.00137864	0.00084497	0.000978387	8.89442e-05	0.00277146	0.992894	0.000852757	0.00348209	NA	0.00228412	0.00107861	0.994099	0.00253791	NA	0.0015162	0.000758102	0.00129509	0.996399	3.15876e-05	1.19141e-05	2.38282e-05	3.57424e-05	3.57424e-05	0.999893
26	0.997915	0.00113203	0.000536225	0.000357483	5.95806e-05	0.00110842	0.994659	0.000403063	0.0038291	NA	0.00291788	0.000729471	0.993435	0.00291788	NA	0.000392758	0.000942618	0.001139	0.997447	7.85515e-05	1.62009e-05	1.62009e-05	1.62009e-05	3.24018e-05	0.999919
27	0.996309	0.00110376	0.00126779	0.00124387	7.51787e-05	0.00132672	0.99664	0.000315631	0.00168515	3.20981e-05	0.00299479	0.00130109	0.990787	0.00489849	1.82609e-05	0.00119762	0.00168694	0.00345498	0.993514	0.000145985	4.37639e-05	2.9839e-05	1.29302e-05	3.58068e-05	0.999878
28	0.997709	0.000555401	0.000763677	0.000833102	0.00013885	0.000201342	0.997651	6.71141e-05	0.00201342	6.71141e-05	0.00197309	0.000394619	0.995982	0.00157848	7.17489e-05	0.00145349	0.000528541	0.000528541	0.997489	NA	NA	NA	NA	3.08976e-05	0.999969
29	0.999322	NA	0.000678426	NA	NA	NA	1	NA	NA	NA	0.000657895	0.000328947	0.998355	0.000657895	NA	NA	NA	NA	1	NA	NA	NA	NA	NA	1
30	0.997796	0.000510579	0.000987119	0.000655243	5.10579e-05	0.000355907	0.997865	0.000164933	0.0016146	NA	0.00174449	0.000425486	0.99696	0.000866444	3.86805e-06	0.000664452	0.00140864	0.000540421	0.997338	4.87265e-05	3.8487e-05	6.57096e-06	1.03258e-05	1.50193e-05	0.99993
31	0.998646	0.00035469	0.000709379	0.000249781	3.9965e-05	0.000179969	0.998497	8.24857e-05	0.00124103	NA	0.00128637	0.000266388	0.9979	0.000536281	1.05153e-05	0.000320331	0.000828242	0.000640661	0.998176	3.46303e-05	1.64387e-05	7.04516e-06	3.13118e-06	1.48731e-05	0.999959
32	0.999216	0.000202039	0.000463502	0.000118847	NA	0.00012845	0.998443	1.60563e-05	0.00141295	NA	0.000368147	4.80192e-05	0.999264	0.000320128	NA	8.50232e-05	0.00020193	0.000191302	0.9995	2.12558e-05	1.00889e-05	NA	6.72594e-06	1.34519e-05	0.99997
33	0.999337	0.000111979	0.000456531	6.89103e-05	2.58414e-05	0.00013526	0.998537	2.45927e-05	0.00130341	NA	0.000254185	6.05202e-05	0.999431	0.000242081	1.2104e-05	2.53527e-05	0.00020916	0.000272542	0.99948	1.26764e-05	1.45025e-05	7.25126e-06	NA	7.25126e-06	0.999971
34	0.998618	0.000412004	0.000706119	0.00020661	5.71215e-05	0.000122697	0.998804	7.09344e-05	0.000989247	1.342e-05	0.0011543	0.000205832	0.998263	0.000362264	1.48199e-05	0.000209803	0.000870344	0.000387121	0.998469	6.36177e-05	2.86669e-05	8.56284e-06	7.44595e-06	2.15932e-05	0.999934
35	0.999361	0.000255424	0.000290058	6.34952e-05	3.03045e-05	3.1916e-05	0.999688	1.68967e-05	0.00026096	1.87741e-06	0.000471826	6.37064e-05	0.999253	0.000209037	1.99083e-06	4.78655e-05	0.000398879	0.000412175	0.999079	6.2491e-05	1.11599e-05	5.11496e-06	1.85998e-06	1.53449e-05	0.999967
36	0.998895	0.000255878	0.000669219	0.000135509	4.3908e-05	6.76932e-05	0.998736	4.1566e-05	0.00114841	5.938e-06	0.000867844	0.000101784	0.998871	0.000149998	9.64272e-06	0.00014634	0.000581791	0.000244495	0.998965	6.24622e-05	1.96874e-05	8.06471e-06	5.21834e-06	1.77898e-05	0.999949
37	0.998876	0.000219177	0.000764663	8.944e-05	5.11086e-05	6.08269e-05	0.99887	2.53446e-05	0.00103406	1.01378e-05	0.000802652	7.49364e-05	0.999019	9.32542e-05	9.99152e-06	0.000105613	0.000644895	0.00025422	0.998935	6.0751e-05	2.13492e-05	7.31973e-06	5.18481e-06	2.04342e-05	0.999946
38	0.998922	0.00020048	0.000733216	9.34823e-05	5.06832e-05	3.93059e-05	0.99894	3.84126e-05	0.000977288	5.3599e-06	0.000679981	7.5361e-05	0.999152	8.7488e-05	5.19731e-06	7.01882e-05	0.000565566	0.000208824	0.999086	6.96082e-05	2.13093e-05	1.0568e-05	6.58335e-06	2.21755e-05	0.999939
39	0.998894	0.00024965	0.000739374	6.27505e-05	5.43012e-05	2.55588e-05	0.998931	2.51911e-05	0.00101408	4.22916e-06	0.000643905	3.73813e-05	0.999259	4.87887e-05	1.12319e-05	6.02368e-05	0.000456884	0.000191672	0.999228	6.32167e-05	2.23796e-05	8.63892e-06	5.64591e-06	2.15293e-05	0.999942
40	0.999252	0.000218835	0.00041362	5.38103e-05	6.17919e-05	2.17757e-05	0.99886	3.07093e-05	0.0010781	9.17291e-06	0.000515635	3.04557e-05	0.999412	2.79911e-05	1.34674e-05	4.53643e-05	0.000286803	0.000208394	0.999404	5.54395e-05	2.78424e-05	1.15728e-05	6.66604e-06	2.39364e-05	0.99993
