quality	AA	AC	AG	AT	A.	CA	CC	CG	CT	C.	GA	GC	GG	GT	G.	TA	TC	TG	TT	T.	.A	.C	.G	.T	..
0	NA	NA	NA	NA	NA	NA	NA	NA	NA	NA	NA	NA	NA	NA	NA	NA	NA	NA	NA	NA	NA	NA	NA	NA	NA
1	NA	NA	NA	NA	NA	NA	NA	NA	NA	NA	NA	NA	NA	NA	NA	NA	NA	NA	NA	NA	NA	NA	NA	NA	NA
2	NA	NA	NA	NA	NA	NA	NA	NA	NA	NA	NA	NA	NA	NA	NA	NA	NA	NA	NA	NA	NA	NA	NA	NA	NA
3	NA	NA	NA	NA	NA	NA	NA	NA	NA	NA	NA	NA	NA	NA	NA	NA	NA	NA	NA	NA	NA	NA	NA	NA	NA
4	NA	NA	NA	NA	NA	NA	NA	NA	NA	NA	NA	NA	NA	NA	NA	NA	NA	NA	NA	NA	NA	NA	NA	NA	NA
5	NA	NA	NA	NA	NA	NA	NA	NA	NA	NA	NA	NA	NA	NA	NA	NA	NA	NA	NA	NA	NA	NA	NA	NA	NA
6	NA	NA	NA	NA	NA	NA	NA	NA	NA	NA	NA	NA	NA	NA	NA	NA	NA	NA	NA	NA	NA	NA	NA	NA	NA
7	NA	NA	NA	NA	NA	NA	NA	NA	NA	NA	NA	NA	NA	NA	NA	NA	NA	NA	NA	NA	NA	NA	NA	NA	NA
8	NA	NA	NA	NA	NA	NA	NA	NA	NA	NA	NA	NA	NA	NA	NA	NA	NA	NA	NA	NA	NA	NA	NA	NA	NA
9	NA	NA	NA	NA	NA	NA	NA	NA	NA	NA	NA	NA	NA	NA	NA	NA	NA	NA	NA	NA	NA	NA	NA	NA	NA
10	1	NA	NA	NA	NA	NA	1	NA	NA	NA	NA	NA	0.928571	0.0714286	NA	NA	NA	NA	1	NA	NA	NA	NA	NA	1
11	0.975843	0.0113795	0.00239569	0.0103813	NA	0.038084	0.938163	0.00451512	0.019042	0.000196309	0.01394	0.00566789	0.935815	0.0442708	0.000306373	0.0175281	0.00179775	0.00719101	0.973483	NA	5.30504e-05	NA	NA	NA	0.999947
12	0.974054	0.0154886	0.00335421	0.00705372	4.93267e-05	0.0515932	0.930411	0.00371471	0.014281	NA	0.00960756	0.00320252	0.960213	0.0268686	0.00010856	0.0119533	0.00532025	0.0179645	0.964762	NA	4.60971e-05	3.07314e-05	NA	0.000122926	0.9998
13	0.964578	0.0173694	0.00580448	0.0121046	0.000143184	0.0360592	0.949085	0.00506064	0.00967526	0.000120083	0.00782749	0.00819783	0.963539	0.0201158	0.000319833	0.0159348	0.00761756	0.0214401	0.954862	0.000145222	7.05129e-05	6.34616e-05	4.23077e-05	0.00150545	0.998318
14	0.962784	0.0179351	0.00657427	0.0125142	0.00019223	0.0305879	0.942949	0.0172492	0.0086514	0.000562475	0.0127013	0.00715453	0.951928	0.0278946	0.000321552	0.0260352	0.0122701	0.024512	0.936901	0.000282072	0.000888631	3.70263e-05	0.000123421	0.000172789	0.998778
15	0.966146	0.017053	0.00594873	0.0108519	NA	0.0285889	0.951683	0.00584872	0.0137489	0.000130941	0.0121272	0.0150442	0.945461	0.0272042	0.000163881	0.014607	0.00995933	0.0202091	0.954893	0.000331978	4.99486e-05	1.99794e-05	1.99794e-05	7.99177e-05	0.99983
16	0.964773	0.0152513	0.00684214	0.0130327	0.000100848	0.0267408	0.956452	0.00483326	0.011816	0.00015787	0.0118865	0.00526316	0.956109	0.0266351	0.000106446	0.0181803	0.0143917	0.0271403	0.940045	0.000242405	0.000118	2.95001e-05	3.93335e-05	2.95001e-05	0.999784
17	NA	NA	NA	NA	NA	NA	NA	NA	NA	NA	NA	NA	NA	NA	NA	NA	NA	NA	NA	NA	NA	NA	NA	NA	NA
18	1	NA	NA	NA	NA	NA	1	NA	NA	NA	NA	NA	1	NA	NA	NA	NA	NA	NA	NA	NA	NA	NA	NA	1
19	1	NA	NA	NA	NA	NA	1	NA	NA	NA	NA	NA	1	NA	NA	NA	NA	NA	1	NA	NA	NA	NA	NA	1
20	0.99827	0.0011534	NA	NA	0.000576701	0.00660264	0.990996	0.00120048	0.00120048	NA	0.00131926	0.000879507	0.993843	0.00395778	NA	NA	NA	0.00165426	0.998346	NA	NA	NA	NA	NA	1
21	0.996881	0.00219007	0.000663658	0.000199097	6.63658e-05	0.00426394	0.994137	0.000746189	0.000852788	NA	0.0012528	8.94855e-05	0.996868	0.00178971	NA	0.000652316	0.000108719	0.00244618	0.996793	NA	NA	1.85691e-05	1.85691e-05	7.42763e-05	0.999889
22	0.99521	0.00189788	0.0010845	0.00171713	9.03751e-05	0.00289931	0.993542	0.00224038	0.00118608	0.000131787	0.00129385	0.00143761	0.993962	0.0033065	NA	0.00081603	0.00045335	0.00335479	0.995376	NA	5.46299e-05	NA	NA	0.000956023	0.998989
23	0.994295	0.00124014	0.000347239	0.00406766	4.96056e-05	0.00347711	0.994122	0.00149019	0.000910671	NA	0.00150364	0.00728079	0.989633	0.00150364	7.9139e-05	0.00257089	0.000378072	0.00124764	0.995728	7.56144e-05	4.2206e-05	1.40687e-05	5.62746e-05	0.00102701	0.99886
24	0.99781	0.000438084	0.000584112	0.0010222	0.000146028	0.00438483	0.992778	0.00128966	0.00154759	NA	0.000941841	0.00164822	0.995762	0.00164822	NA	0.00031881	0.00010627	0.00138151	0.998193	NA	NA	4.10357e-05	NA	0.001149	0.99881
25	0.992476	0.000694525	0.000463017	0.00613497	0.000231508	0.0020165	0.992117	0.00293309	0.00293309	NA	0.000578592	0.0117647	0.985149	0.00250723	NA	0.00558101	0.00058309	0.00141608	0.99217	0.000249896	0.000223893	9.59539e-05	NA	0.00118343	0.998497
26	0.983485	0.000674082	0.0016852	0.0141557	NA	0.00196335	0.992147	0.00458115	0.00065445	0.00065445	0.00229885	0.040613	0.953257	0.00306513	0.000766284	0.0104308	0.000453515	0.00113379	0.987982	NA	0.000490773	0.000392619	NA	0.00353357	0.995583
27	0.995103	0.00189776	0.00114974	0.00179386	5.5409e-05	0.00270733	0.991364	0.00443875	0.0014586	3.14805e-05	0.00227477	0.00310286	0.99151	0.00303302	7.98164e-05	0.00205759	0.00131753	0.00376197	0.992644	0.000218654	0.000297159	3.90998e-05	1.56399e-05	2.73699e-05	0.999621
28	0.99725	0.000392876	0.000261917	0.00196438	0.000130959	0.000551146	0.993717	0.000110229	0.00562169	NA	0.00118516	0.00976018	0.987521	0.00139431	0.000139431	0.00468146	0.000407083	0.000610625	0.993894	0.000407083	NA	NA	NA	2.78125e-05	0.999972
29	0.999451	NA	NA	0.000548546	NA	NA	1	NA	NA	NA	0.000395413	NA	0.999605	NA	NA	NA	NA	NA	1	NA	NA	NA	NA	NA	1
30	0.995829	0.000522128	0.000882645	0.00276604	NA	0.000431787	0.995457	0.00316331	0.000948054	NA	0.00122225	0.00203708	0.996016	0.000706189	1.81074e-05	0.00321365	0.00105944	0.000538551	0.9951	8.8287e-05	0.000271959	6.1344e-06	1.22688e-05	0.000564365	0.999145
31	0.996695	0.000564449	0.000785573	0.0019552	NA	0.000438247	0.995859	0.0028978	0.000796	8.94382e-06	0.000924324	0.00325633	0.995243	0.000576643	NA	0.00218194	0.000875352	0.000508477	0.996293	0.000141601	0.000245377	1.64806e-05	7.32469e-06	0.000441313	0.99929
32	0.994118	0.000272876	0.000576072	0.00503305	NA	0.000382539	0.999235	0.000170017	0.000212522	NA	0.000310969	0.00734665	0.991954	0.000388712	NA	0.00452617	0.00019802	0.000141443	0.995021	0.000113154	3.5707e-05	2.67802e-05	8.92674e-06	0.00164252	0.998286
33	0.995094	0.000280361	0.000724265	0.00387832	2.33634e-05	0.000277903	0.999132	0.000451593	0.000138952	NA	0.000304683	0.00655068	0.992809	0.000304683	3.04683e-05	0.0047444	0.000213887	0.000174999	0.994828	3.88886e-05	6.88634e-05	2.0659e-05	NA	0.00162518	0.998285
34	0.997053	0.000335216	0.000863182	0.00174871	NA	0.000177638	0.995728	0.00326515	0.000828977	NA	0.00103161	0.00238983	0.99618	0.000390339	7.9661e-06	0.00163357	0.000827391	0.000390965	0.997009	0.000139414	0.000265433	5.12089e-06	9.38829e-06	0.000242389	0.999478
35	0.998644	0.000372473	0.000337825	0.000628007	1.73243e-05	0.000217883	0.9981	0.00125156	0.000430698	NA	0.000456791	0.00158039	0.9978	0.000157514	5.25047e-06	0.000752833	0.000503253	0.000392783	0.998208	0.000143202	0.000171836	1.2635e-06	3.7905e-06	2.65335e-05	0.999797
36	0.996494	0.000267996	0.000727137	0.00250064	9.8528e-06	7.70701e-05	0.99647	0.0028331	0.000610395	9.24841e-06	0.00101552	0.00406499	0.994712	0.000192598	1.45908e-05	0.00255587	0.000849738	0.000135337	0.996355	0.000104276	0.000269248	6.77742e-06	8.00968e-06	0.000492287	0.999224
37	0.996421	0.000283066	0.000761705	0.00252958	5.14665e-06	7.04746e-05	0.995772	0.00361183	0.000546179	NA	0.00103215	0.00272452	0.996057	0.000167376	1.85974e-05	0.00249272	0.00064471	0.000177172	0.996484	0.00020178	0.000353755	7.28557e-06	1.05236e-05	0.000501895	0.999127
38	0.996763	0.000256008	0.000660666	0.00231728	3.30333e-06	8.47262e-05	0.99648	0.002683	0.000741996	1.02698e-05	0.00106278	0.00322527	0.995609	7.64782e-05	2.63718e-05	0.0023656	0.000680784	9.46894e-05	0.996624	0.000235091	0.000338709	6.04837e-06	7.56047e-06	0.000388608	0.999259
39	0.996799	0.000272077	0.000626848	0.00229217	9.96754e-06	3.71517e-05	0.996652	0.00273587	0.000570627	4.06347e-06	0.000980469	0.00341364	0.995543	4.30911e-05	1.94795e-05	0.0022077	0.00078288	7.64705e-05	0.996637	0.000295595	0.000365842	7.19944e-06	8.30704e-06	0.000380906	0.999238
40	0.997381	0.000260804	0.000458267	0.00189063	9.08822e-06	1.62564e-05	0.997294	0.00213871	0.000546771	4.75798e-06	0.00143945	0.0018487	0.996649	2.93298e-05	3.39126e-05	0.00173143	0.000955132	7.49427e-05	0.997002	0.000236457	0.000334355	7.4684e-06	5.90906e-06	0.000214121	0.999438
