quality	AA	AC	AG	AT	A.	CA	CC	CG	CT	C.	GA	GC	GG	GT	G.	TA	TC	TG	TT	T.	.A	.C	.G	.T	..
0	NA	NA	NA	NA	NA	NA	NA	NA	NA	NA	NA	NA	NA	NA	NA	NA	NA	NA	NA	NA	NA	NA	NA	NA	NA
1	NA	NA	NA	NA	NA	NA	NA	NA	NA	NA	NA	NA	NA	NA	NA	NA	NA	NA	NA	NA	NA	NA	NA	NA	NA
2	NA	NA	NA	NA	NA	NA	NA	NA	NA	NA	NA	NA	NA	NA	NA	NA	NA	NA	NA	NA	NA	NA	NA	NA	NA
3	NA	NA	NA	NA	NA	NA	NA	NA	NA	NA	NA	NA	NA	NA	NA	NA	NA	NA	NA	NA	NA	NA	NA	NA	NA
4	NA	NA	NA	NA	NA	NA	NA	NA	NA	NA	NA	NA	NA	NA	NA	NA	NA	NA	NA	NA	NA	NA	NA	NA	NA
5	NA	NA	NA	NA	NA	NA	NA	NA	NA	NA	NA	NA	NA	NA	NA	NA	NA	NA	NA	NA	NA	NA	NA	NA	NA
6	NA	NA	NA	NA	NA	NA	NA	NA	NA	NA	NA	NA	NA	NA	NA	NA	NA	NA	NA	NA	NA	NA	NA	NA	NA
7	NA	NA	NA	NA	NA	NA	NA	NA	NA	NA	NA	NA	NA	NA	NA	NA	NA	NA	NA	NA	NA	NA	NA	NA	NA
8	NA	NA	NA	NA	NA	NA	NA	NA	NA	NA	NA	NA	NA	NA	NA	NA	NA	NA	NA	NA	NA	NA	NA	NA	NA
9	NA	NA	NA	NA	NA	NA	NA	NA	NA	NA	NA	NA	NA	NA	NA	NA	NA	NA	NA	NA	NA	NA	NA	NA	NA
10	NA	NA	NA	NA	NA	NA	NA	NA	NA	NA	NA	NA	NA	NA	NA	NA	NA	NA	NA	NA	NA	NA	NA	NA	NA
11	0.975186	0.0130273	0.00434243	0.00744417	NA	0.0362041	0.94734	0.00493692	0.0115195	NA	0.0182292	0.00824653	0.941406	0.0321181	NA	0.0217391	0.00724638	0.0163043	0.95471	NA	NA	NA	NA	NA	1
12	0.971228	0.0152641	0.00486289	0.00851006	0.00013508	0.0321148	0.944824	0.00546635	0.0175948	NA	0.0126731	0.00821403	0.953415	0.0256982	NA	0.0135874	0.00599965	0.0206458	0.959767	NA	7.3046e-05	3.6523e-05	0.000109569	3.6523e-05	0.999744
13	0.963519	0.0171294	0.00687455	0.0122299	0.000246876	0.0279745	0.955293	0.00537526	0.0110395	0.000317892	0.0107349	0.00831459	0.960107	0.0205871	0.000256272	0.0181306	0.0104509	0.0236966	0.947558	0.000164396	0.000121697	5.47635e-05	1.82545e-05	0.00153946	0.998266
14	0.958145	0.0156424	0.00791937	0.0181622	0.000130899	0.0257224	0.942907	0.0192483	0.0115142	0.000608299	0.0152604	0.0128205	0.942463	0.0288794	0.000576701	0.0311497	0.0153743	0.0241533	0.928654	0.000668449	0.000639789	0.000142175	5.07769e-05	0.000477303	0.99869
15	0.971549	0.0114693	0.00579032	0.0109682	0.000222705	0.0126867	0.974956	0.00296573	0.00917179	0.000219684	0.0135902	0.0082932	0.950615	0.0272873	0.000214018	0.0200328	0.0167534	0.0236686	0.939189	0.000356455	9.20175e-05	1.53362e-05	1.53362e-05	7.66812e-05	0.999801
16	0.960336	0.0133833	0.0102366	0.0157531	0.000291364	0.0169497	0.962196	0.00575078	0.014952	0.000151336	0.0163349	0.00823946	0.951139	0.0241134	0.000172856	0.0195235	0.0143724	0.0194775	0.946052	0.000574898	0.000264782	6.77348e-05	9.85234e-05	8.6208e-05	0.999483
17	NA	NA	NA	NA	NA	NA	NA	NA	NA	NA	NA	NA	NA	NA	NA	NA	NA	NA	NA	NA	NA	NA	NA	NA	NA
18	NA	NA	NA	NA	NA	NA	NA	NA	NA	NA	NA	NA	NA	NA	NA	NA	NA	NA	NA	NA	NA	NA	NA	NA	NA
19	NA	NA	NA	NA	NA	NA	NA	NA	NA	NA	NA	NA	NA	NA	NA	NA	NA	NA	NA	NA	NA	NA	NA	NA	NA
20	0.991909	0.00485437	NA	0.00323625	NA	0.00780031	0.9922	NA	NA	NA	NA	0.0040282	0.993958	0.0020141	NA	NA	NA	0.00265957	0.99734	NA	NA	NA	0.000380518	NA	0.999619
21	0.997498	0.00125078	0.000625391	0.000625391	NA	0.00299476	0.996506	NA	0.000499127	NA	0.000187935	0.000375869	0.998684	0.000751738	NA	0.000958428	0.00107823	0.0032347	0.994729	NA	NA	NA	NA	NA	1
22	0.996598	0.00170116	0.000708818	0.000708818	0.000283527	0.00321802	0.993765	0.00140788	0.00160901	NA	0.00242669	0.000606673	0.994338	0.00262892	NA	0.00212465	0.00127479	0.00311615	0.993343	0.000141643	NA	4.17432e-05	NA	0.000166973	0.999791
23	0.993868	0.00115535	0.000355492	0.0046214	NA	0.00361533	0.994071	0.00130152	0.00101229	NA	0.00123355	0.0060307	0.990406	0.00219298	0.000137061	0.00251516	0.00103186	0.00212821	0.994196	0.000128982	2.45194e-05	9.80777e-05	NA	0.00210867	0.997769
24	0.997205	0.00139762	0.000698812	0.000465875	0.000232937	0.00318598	0.995221	0.000796495	0.000796495	NA	0.00145613	NA	0.996724	0.00182017	NA	0.000336757	0.000673514	0.00101027	0.997811	0.000168379	0.0001295	6.47501e-05	6.47501e-05	6.47501e-05	0.999676
25	0.989921	0.000775314	0.000775314	0.00837339	0.000155063	0.00137174	0.995656	0.00114312	0.00182899	NA	0.00148368	0.0192878	0.973541	0.00544016	0.00024728	0.00607121	0.000720313	0.00123482	0.991974	NA	0.000163006	4.07515e-05	4.07515e-05	0.00256734	0.997188
26	0.995019	0.000574713	0.000766284	0.00344828	0.000191571	0.00255661	0.995617	0.00109569	0.00073046	NA	0.00173837	0.00999565	0.984355	0.00391134	NA	0.00303239	0.00068918	0.000551344	0.995727	NA	5.74482e-05	0.000114896	5.74482e-05	0.0032171	0.996553
27	0.994272	0.00182208	0.00139776	0.00249601	1.248e-05	0.00122948	0.992744	0.00455427	0.00143728	3.46332e-05	0.0024583	0.00224382	0.990282	0.00498259	3.29973e-05	0.00240162	0.00150463	0.0033179	0.992525	0.000250772	0.000321803	2.79829e-05	3.84765e-05	3.14807e-05	0.99958
28	0.988675	0.000641026	0.00106838	0.00961538	NA	0.00114679	0.994457	0.000191131	0.00420489	NA	0.0027621	0.0112886	0.984028	0.00180137	0.000120091	0.0131579	0.000598086	0.000897129	0.985048	0.000299043	0.000185477	4.63693e-05	NA	0.000185477	0.999583
29	1	NA	NA	NA	NA	NA	1	NA	NA	NA	NA	NA	1	NA	NA	NA	NA	NA	1	NA	NA	NA	NA	NA	1
30	0.995419	0.000473918	0.00099297	0.00310303	1.12838e-05	0.000385023	0.995251	0.00314435	0.00121924	NA	0.00166719	0.00301897	0.994398	0.000916205	NA	0.00382298	0.00134053	0.000645439	0.994125	6.61989e-05	0.000220201	1.44394e-05	1.44394e-05	0.000505379	0.999246
31	0.995983	0.000357489	0.000790239	0.0028411	2.82228e-05	0.000192258	0.995248	0.00381768	0.000727832	1.37327e-05	0.00131582	0.00315	0.995016	0.000518355	NA	0.00293897	0.00102369	0.000583392	0.995388	6.60444e-05	0.000188872	1.77068e-05	5.90226e-06	0.000531204	0.999256
32	0.995202	0.000191939	0.000767754	0.00383877	NA	6.58545e-05	0.999407	0.000329272	0.000197563	NA	0.000302389	0.00429392	0.99498	0.000423344	NA	0.00212824	0.000181127	0.000135845	0.997555	NA	1.37135e-05	2.74269e-05	1.37135e-05	0.00256442	0.997381
33	0.995941	0.000360077	0.000491014	0.00320796	NA	NA	0.999708	0.000145985	0.000145985	NA	4.50146e-05	0.00441143	0.995093	0.000450146	NA	0.00220611	0.000183843	0.000420212	0.997164	2.62633e-05	1.9092e-05	4.773e-05	NA	0.00196647	0.997967
34	0.996954	0.000243495	0.000826963	0.00196633	9.18847e-06	0.000109135	0.995321	0.0037515	0.000811688	6.82091e-06	0.00125066	0.00225247	0.996197	0.000293523	6.38093e-06	0.00203528	0.000814111	0.000291472	0.996663	0.00019599	0.00029092	1.11357e-05	1.80955e-05	0.000256121	0.999424
35	0.998296	0.000201467	0.000272253	0.00122514	5.44505e-06	4.42483e-05	0.998786	0.000891288	0.000278132	NA	0.000452391	0.00161568	0.997795	0.000129255	7.18081e-06	0.00147502	0.000409436	0.000488174	0.997433	0.00019422	0.000183567	3.3682e-06	6.7364e-06	4.21025e-05	0.999764
36	0.996354	0.000192219	0.000803823	0.00264155	8.73721e-06	6.25248e-05	0.995695	0.00345673	0.000772628	1.33982e-05	0.000940057	0.00346906	0.99542	0.000149744	2.07977e-05	0.00265096	0.000996199	0.000120346	0.996122	0.000110317	0.000271487	1.26694e-05	1.26694e-05	0.000495916	0.999207
37	0.996314	0.000224271	0.000762523	0.00269499	3.73786e-06	2.54537e-05	0.99573	0.00367806	0.000559982	6.36343e-06	0.000959239	0.00328406	0.995584	0.000153212	1.99841e-05	0.00264538	0.000793255	0.000136397	0.996202	0.000222542	0.000343961	9.39144e-06	9.39144e-06	0.000589313	0.999048
38	0.996687	0.000192599	0.000653538	0.00245401	1.29842e-05	4.74565e-05	0.996383	0.00294908	0.000620324	NA	0.00105411	0.0033623	0.995472	9.49037e-05	1.69471e-05	0.00249259	0.000679199	0.000112101	0.996457	0.00025937	0.000354866	1.39554e-05	1.06327e-05	0.000468502	0.999152
39	0.996831	0.000189736	0.000646981	0.00232298	9.40132e-06	2.68663e-05	0.996412	0.00300489	0.000546282	1.03332e-05	0.000979381	0.0032856	0.995671	4.13155e-05	2.30283e-05	0.00225291	0.00077768	0.000107777	0.996563	0.000298491	0.000381185	1.25127e-05	1.22547e-05	0.000441942	0.999152
40	0.99725	0.000285101	0.000527667	0.00192709	9.83106e-06	2.03151e-05	0.997085	0.00227205	0.000605331	1.73709e-05	0.00141114	0.00227543	0.99624	4.20396e-05	3.11159e-05	0.00180751	0.00093581	0.00010961	0.996925	0.000222291	0.000332718	1.74829e-05	1.87489e-05	0.000215703	0.999415
