quality	AA	AC	AG	AT	A.	CA	CC	CG	CT	C.	GA	GC	GG	GT	G.	TA	TC	TG	TT	T.	.A	.C	.G	.T	..
0	NA	NA	NA	NA	NA	NA	NA	NA	NA	NA	NA	NA	NA	NA	NA	NA	NA	NA	NA	NA	NA	NA	NA	NA	NA
1	NA	NA	NA	NA	NA	NA	NA	NA	NA	NA	NA	NA	NA	NA	NA	NA	NA	NA	NA	NA	NA	NA	NA	NA	NA
2	NA	NA	NA	NA	NA	NA	NA	NA	NA	NA	NA	NA	NA	NA	NA	NA	NA	NA	NA	NA	NA	NA	NA	NA	NA
3	NA	NA	NA	NA	NA	NA	NA	NA	NA	NA	NA	NA	NA	NA	NA	NA	NA	NA	NA	NA	NA	NA	NA	NA	NA
4	NA	NA	NA	NA	NA	NA	NA	NA	NA	NA	NA	NA	NA	NA	NA	NA	NA	NA	NA	NA	NA	NA	NA	NA	NA
5	NA	NA	NA	NA	NA	NA	NA	NA	NA	NA	NA	NA	NA	NA	NA	NA	NA	NA	NA	NA	NA	NA	NA	NA	NA
6	NA	NA	NA	NA	NA	NA	NA	NA	NA	NA	NA	NA	NA	NA	NA	NA	NA	NA	NA	NA	NA	NA	NA	NA	NA
7	NA	NA	NA	NA	NA	NA	NA	NA	NA	NA	NA	NA	NA	NA	NA	NA	NA	NA	NA	NA	NA	NA	NA	NA	NA
8	NA	NA	NA	NA	NA	NA	NA	NA	NA	NA	NA	NA	NA	NA	NA	NA	NA	NA	NA	NA	NA	NA	NA	NA	NA
9	NA	NA	NA	NA	NA	NA	NA	NA	NA	NA	NA	NA	NA	NA	NA	NA	NA	NA	NA	NA	NA	NA	NA	NA	NA
10	NA	NA	NA	NA	NA	NA	NA	NA	NA	NA	NA	NA	NA	NA	NA	NA	NA	NA	NA	NA	NA	NA	NA	NA	NA
11	0.974442	0.0123884	0.00446429	0.00870536	NA	0.0429286	0.935019	0.00632167	0.0154366	0.000294031	0.0198626	0.00767573	0.93516	0.037032	0.000269324	0.0229497	0.00573743	0.0239622	0.947351	NA	5.95948e-05	5.95948e-05	5.95948e-05	2.97974e-05	0.999791
12	0.970747	0.0140646	0.00643433	0.00865884	9.56778e-05	0.0367594	0.943176	0.00576432	0.0141746	0.000125996	0.012903	0.00545751	0.951426	0.030082	0.00013128	0.0139141	0.00774167	0.024306	0.953968	6.97447e-05	1.92993e-05	3.85986e-05	2.57324e-05	5.14648e-05	0.999865
13	0.965411	0.0165122	0.00672182	0.0112216	0.000133657	0.0298127	0.95212	0.00487364	0.0130702	0.000123545	0.0097967	0.00445881	0.964836	0.0208091	9.89966e-05	0.015676	0.0103093	0.0248019	0.949028	0.000184706	5.09669e-05	3.51496e-05	3.07559e-05	4.83307e-05	0.999835
14	0.962118	0.0171648	0.00720226	0.0133618	0.000153348	0.0291234	0.952378	0.00446664	0.0138661	0.000165431	0.0169156	0.00701258	0.945628	0.0303039	0.000139972	0.0176365	0.0131012	0.0222913	0.946705	0.00026561	5.46815e-05	4.34235e-05	3.53821e-05	5.14649e-05	0.999815
15	0.976645	0.00874142	0.00512156	0.00935791	0.000134362	0.0124777	0.975158	0.00298975	0.00917673	0.000198059	0.0140781	0.00473086	0.95714	0.0239274	0.000123337	0.0248493	0.0151903	0.0256631	0.93405	0.000247668	6.13613e-05	4.41801e-05	3.68168e-05	5.39979e-05	0.999804
16	0.964985	0.0120143	0.00870837	0.014154	0.000138228	0.0177791	0.962193	0.00474868	0.0151156	0.000163905	0.0165421	0.0072841	0.952623	0.0234681	8.29723e-05	0.0177679	0.0127535	0.0191766	0.950081	0.000221117	8.6476e-05	4.46328e-05	5.11417e-05	7.43879e-05	0.999743
17	NA	NA	NA	NA	NA	NA	NA	NA	NA	NA	NA	NA	NA	NA	NA	NA	NA	NA	NA	NA	NA	NA	NA	NA	NA
18	NA	NA	NA	NA	NA	NA	NA	NA	NA	NA	NA	NA	NA	NA	NA	NA	NA	NA	NA	NA	NA	NA	NA	NA	NA
19	NA	NA	NA	NA	NA	NA	NA	NA	NA	NA	NA	NA	NA	NA	NA	NA	NA	NA	NA	NA	NA	NA	NA	NA	NA
20	0.996598	0.00247448	0.00061862	0.00030931	NA	0.00437063	0.993007	0.000437063	0.00218531	NA	0.0016952	0.00016952	0.995932	0.00220376	NA	0.00223214	NA	0.00535714	0.992411	NA	NA	NA	NA	NA	1
21	0.996675	0.00173066	0.00063761	0.000910871	4.55436e-05	0.00224005	0.994097	0.00066596	0.00299682	NA	0.000723589	0.000347323	0.996961	0.00196816	NA	0.00104866	0.00065737	0.00345902	0.994788	4.6955e-05	1.71393e-05	NA	NA	1.14262e-05	0.999971
22	0.996276	0.00212818	0.000509876	0.00104192	4.43371e-05	0.00394075	0.992154	0.000598149	0.00330741	NA	0.00200602	0.000531005	0.993893	0.00356953	NA	0.00192962	0.000802203	0.00327385	0.993843	0.000151768	1.30348e-05	2.60697e-05	1.30348e-05	2.60697e-05	0.999922
23	0.996941	0.00164377	0.000471691	0.000886208	5.71747e-05	0.00258646	0.993555	0.000584039	0.00319136	8.34341e-05	0.00116872	0.000362706	0.996252	0.00219639	2.01503e-05	0.00101748	0.000582831	0.00280549	0.995555	3.9514e-05	NA	1.11828e-05	7.45518e-06	1.11828e-05	0.99997
24	0.998187	0.000853394	0.000284465	0.000604487	7.11162e-05	0.00161021	0.995457	0.000690091	0.0022428	NA	0.000650477	0.000433651	0.996748	0.00211405	5.42064e-05	0.000394799	0.000419473	0.00172724	0.997434	2.46749e-05	9.57524e-06	NA	NA	2.87257e-05	0.999962
25	0.997595	0.0014781	0.000225473	0.000626315	7.51578e-05	0.00197876	0.994306	0.00100957	0.00266527	4.03828e-05	0.00134455	0.000614652	0.994775	0.00326534	NA	0.00096892	0.000409928	0.00160244	0.996981	3.72662e-05	NA	2.0791e-05	3.46517e-05	2.0791e-05	0.999924
26	0.997414	0.00148291	0.000413836	0.000689727	NA	0.00135469	0.994346	0.000647897	0.00359288	5.88998e-05	0.00129374	0.000431247	0.995195	0.00308034	NA	0.000397921	0.000351107	0.00107673	0.998127	4.68143e-05	NA	6.67729e-05	4.76949e-05	3.81559e-05	0.999847
27	0.996618	0.001112	0.00100519	0.00122263	4.19624e-05	0.00118957	0.996824	0.000395532	0.00154049	5.05567e-05	0.00261531	0.00114923	0.992051	0.00416187	2.26325e-05	0.00110303	0.00101211	0.00335233	0.994443	8.94352e-05	3.12355e-05	1.42478e-05	1.58918e-05	3.83594e-05	0.9999
28	0.998605	0.000518073	0.000239111	0.000637628	NA	0.000328569	0.997782	0.000205356	0.00168392	NA	0.00304114	0.000663911	0.994946	0.00134924	NA	0.000774593	0.000352088	0.000633758	0.99824	NA	1.81319e-05	NA	NA	9.06594e-06	0.999973
29	0.999588	NA	NA	0.000412371	NA	0.00130293	0.998046	NA	0.000651466	NA	0.000725558	NA	0.999274	NA	NA	NA	0.000783699	0.000783699	0.998433	NA	NA	9.31099e-05	9.31099e-05	NA	0.999814
30	0.99801	0.000584999	0.000690742	0.00066857	4.60495e-05	0.000352901	0.997862	0.000135534	0.00164943	NA	0.00151182	0.000392558	0.997152	0.000929989	1.40199e-05	0.000591671	0.000846747	0.000975599	0.997547	3.94447e-05	2.02043e-05	7.29599e-06	7.85722e-06	1.68369e-05	0.999948
31	0.99879	0.000336117	0.000562631	0.000279123	3.21503e-05	0.000175701	0.998445	7.24768e-05	0.00130239	4.39253e-06	0.00118586	0.000171774	0.997986	0.000647776	8.27828e-06	0.000337073	0.000548803	0.000789327	0.998276	4.91212e-05	1.79081e-05	6.88773e-06	5.96936e-06	2.0204e-05	0.999949
32	0.999558	0.000257941	8.84369e-05	8.10671e-05	1.47395e-05	0.000131696	0.997153	8.10438e-05	0.00263392	NA	0.000246191	6.89336e-05	0.99938	0.000305277	NA	8.70567e-05	0.00012054	0.00129915	0.99848	1.33933e-05	6.28974e-06	4.19316e-06	NA	6.28974e-06	0.999983
33	0.999543	0.000299601	0.000120892	3.1537e-05	5.25616e-06	9.2324e-05	0.997607	3.07747e-05	0.00226963	NA	0.00027143	2.93438e-05	0.999406	0.000293438	NA	4.01133e-05	0.000112317	0.00149623	0.998327	2.4068e-05	8.97759e-06	4.48879e-06	1.49626e-06	1.49626e-05	0.99997
34	0.998805	0.000383367	0.000519517	0.000252234	3.94116e-05	0.000111769	0.998938	6.66101e-05	0.000879479	4.51594e-06	0.00110935	0.00015132	0.998288	0.000434308	1.67042e-05	0.000219803	0.000480573	0.000492391	0.998735	7.24799e-05	1.68791e-05	6.35705e-06	5.48022e-06	1.97288e-05	0.999952
35	0.999541	0.000211395	0.000173037	5.96679e-05	1.53432e-05	3.92473e-05	0.99974	2.53953e-05	0.000193928	1.15433e-06	0.000460167	5.93373e-05	0.999263	0.00021313	4.84386e-06	6.78302e-05	0.000231277	0.00048135	0.999149	7.02819e-05	8.69307e-06	2.80422e-06	4.48675e-06	1.03756e-05	0.999974
36	0.999118	0.000244375	0.000454758	0.000144696	3.81262e-05	4.97932e-05	0.998947	5.05148e-05	0.000947514	5.05148e-06	0.000897431	8.90231e-05	0.998784	0.00021863	1.04733e-05	0.000151414	0.000406113	0.000434233	0.998951	5.73209e-05	1.68663e-05	5.91042e-06	4.61301e-06	1.94611e-05	0.999953
37	0.999128	0.000242808	0.000459096	0.000130244	3.94858e-05	5.13677e-05	0.9989	5.95866e-05	0.000984205	5.13677e-06	0.000774249	6.83752e-05	0.998991	0.000153844	1.20662e-05	9.15648e-05	0.000422434	0.000438724	0.998992	5.50512e-05	1.78222e-05	6.06321e-06	5.51201e-06	2.24155e-05	0.999948
38	0.999149	0.000307311	0.000411132	9.48234e-05	3.73756e-05	3.15112e-05	0.999132	3.04056e-05	0.00079939	7.18677e-06	0.000754407	6.18891e-05	0.999016	0.000153122	1.44052e-05	8.67869e-05	0.000404768	0.000365288	0.999069	7.39823e-05	1.79086e-05	4.26394e-06	4.47714e-06	1.88679e-05	0.999954
39	0.999156	0.0002851	0.000442418	7.56216e-05	4.05689e-05	2.5531e-05	0.999187	3.28912e-05	0.000747643	7.13027e-06	0.000799737	4.1919e-05	0.999023	0.000121391	1.38639e-05	8.05426e-05	0.000407673	0.000269137	0.999189	5.36951e-05	1.68134e-05	5.77365e-06	4.56816e-06	1.72787e-05	0.999956
40	0.999158	0.000268706	0.000472124	5.00489e-05	5.11566e-05	2.29877e-05	0.999348	3.55678e-05	0.000585202	8.58883e-06	0.000960014	3.70993e-05	0.998847	0.000136031	2.03322e-05	7.06356e-05	0.000458093	0.000158345	0.999267	4.59478e-05	2.18003e-05	7.59382e-06	5.65193e-06	1.91021e-05	0.999946
