
SUMMARISING RUN PARAMETERS
==========================
Input filename: SC2241/host_removal/SC2241_R1.fastq.gz
Trimming mode: paired-end
Trim Galore version: 0.6.4_dev
Cutadapt version: 4.1
Python version: could not detect
Number of cores used for trimming: 2
Quality Phred score cutoff: 20
Quality encoding type selected: ASCII+33
Using Illumina adapter for trimming (count: 10488). Second best hit was smallRNA (count: 0)
Adapter sequence: 'AGATCGGAAGAGC' (Illumina TruSeq, Sanger iPCR; auto-detected)
Maximum trimming error rate: 0.1 (default)
Minimum required adapter overlap (stringency): 1 bp
Minimum required sequence length for both reads before a sequence pair gets removed: 20 bp
Running FastQC on the data once trimming has completed
Output file will be GZIP compressed


This is cutadapt 4.1 with Python 3.9.13
Command line parameters: -j 2 -e 0.1 -q 20 -O 1 -a AGATCGGAAGAGC SC2241/host_removal/SC2241_R1.fastq.gz
Processing single-end reads on 2 cores ...
Finished in 27.38 s (36 µs/read; 1.65 M reads/minute).

=== Summary ===

Total reads processed:                 754,380
Reads with adapters:                   280,804 (37.2%)
Reads written (passing filters):       754,380 (100.0%)

Total basepairs processed:   189,349,380 bp
Quality-trimmed:               1,240,381 bp (0.7%)
Total written (filtered):    186,551,603 bp (98.5%)

=== Adapter 1 ===

Sequence: AGATCGGAAGAGC; Type: regular 3'; Length: 13; Trimmed: 280804 times

Minimum overlap: 1
No. of allowed errors:
1-9 bp: 0; 10-13 bp: 1

Bases preceding removed adapters:
  A: 37.9%
  C: 17.6%
  G: 11.6%
  T: 31.9%
  none/other: 1.0%

Overview of removed sequences
length	count	expect	max.err	error counts
1	182537	188595.0	0	182537
2	72285	47148.8	0	72285
3	7327	11787.2	0	7327
4	2564	2946.8	0	2564
5	88	736.7	0	88
6	112	184.2	0	112
7	1644	46.0	0	1644
8	70	11.5	0	70
9	148	2.9	0	148
10	173	0.7	1	162 11
11	57	0.2	1	52 5
12	158	0.0	1	153 5
13	83	0.0	1	82 1
14	50	0.0	1	49 1
15	87	0.0	1	84 3
16	48	0.0	1	44 4
17	61	0.0	1	58 3
18	86	0.0	1	81 5
19	68	0.0	1	64 4
20	81	0.0	1	80 1
21	89	0.0	1	84 5
22	65	0.0	1	58 7
23	64	0.0	1	62 2
24	460	0.0	1	447 13
25	150	0.0	1	145 5
26	53	0.0	1	48 5
27	75	0.0	1	72 3
28	119	0.0	1	118 1
29	44	0.0	1	38 6
30	71	0.0	1	65 6
31	57	0.0	1	53 4
32	89	0.0	1	84 5
33	33	0.0	1	31 2
34	96	0.0	1	87 9
35	74	0.0	1	70 4
36	149	0.0	1	139 10
37	36	0.0	1	30 6
38	58	0.0	1	58
39	51	0.0	1	47 4
40	58	0.0	1	54 4
41	87	0.0	1	83 4
42	79	0.0	1	73 6
43	162	0.0	1	156 6
44	45	0.0	1	45
45	36	0.0	1	35 1
46	35	0.0	1	33 2
47	53	0.0	1	50 3
48	34	0.0	1	33 1
49	67	0.0	1	65 2
50	33	0.0	1	30 3
51	80	0.0	1	77 3
52	64	0.0	1	59 5
53	34	0.0	1	31 3
54	100	0.0	1	92 8
55	52	0.0	1	52
56	26	0.0	1	22 4
57	70	0.0	1	66 4
58	28	0.0	1	26 2
59	70	0.0	1	68 2
60	49	0.0	1	48 1
61	42	0.0	1	39 3
62	45	0.0	1	40 5
63	41	0.0	1	41
64	19	0.0	1	19
65	42	0.0	1	40 2
66	35	0.0	1	32 3
67	15	0.0	1	11 4
68	41	0.0	1	39 2
69	56	0.0	1	51 5
70	47	0.0	1	43 4
71	67	0.0	1	60 7
72	91	0.0	1	71 20
73	130	0.0	1	99 31
74	256	0.0	1	188 68
75	609	0.0	1	397 212
76	1373	0.0	1	1147 226
77	1123	0.0	1	918 205
78	738	0.0	1	552 186
79	470	0.0	1	358 112
80	280	0.0	1	203 77
81	220	0.0	1	171 49
82	192	0.0	1	144 48
83	148	0.0	1	103 45
84	106	0.0	1	67 39
85	86	0.0	1	60 26
86	87	0.0	1	63 24
87	74	0.0	1	48 26
88	70	0.0	1	41 29
89	82	0.0	1	59 23
90	43	0.0	1	25 18
91	36	0.0	1	26 10
92	42	0.0	1	26 16
93	54	0.0	1	41 13
94	184	0.0	1	166 18
95	57	0.0	1	43 14
96	78	0.0	1	65 13
97	61	0.0	1	46 15
98	26	0.0	1	16 10
99	34	0.0	1	24 10
100	19	0.0	1	13 6
101	22	0.0	1	13 9
102	21	0.0	1	15 6
103	19	0.0	1	13 6
104	18	0.0	1	8 10
105	37	0.0	1	30 7
106	20	0.0	1	14 6
107	27	0.0	1	15 12
108	14	0.0	1	11 3
109	17	0.0	1	11 6
110	21	0.0	1	14 7
111	13	0.0	1	10 3
112	9	0.0	1	5 4
113	38	0.0	1	29 9
114	25	0.0	1	13 12
115	17	0.0	1	8 9
116	17	0.0	1	7 10
117	23	0.0	1	15 8
118	11	0.0	1	3 8
119	15	0.0	1	4 11
120	14	0.0	1	5 9
121	13	0.0	1	7 6
122	21	0.0	1	12 9
123	14	0.0	1	13 1
124	20	0.0	1	10 10
125	12	0.0	1	9 3
126	22	0.0	1	8 14
127	27	0.0	1	16 11
128	17	0.0	1	9 8
129	19	0.0	1	9 10
130	17	0.0	1	4 13
131	25	0.0	1	13 12
132	15	0.0	1	3 12
133	16	0.0	1	7 9
134	15	0.0	1	6 9
135	12	0.0	1	4 8
136	12	0.0	1	7 5
137	6	0.0	1	1 5
138	22	0.0	1	5 17
139	15	0.0	1	3 12
140	10	0.0	1	6 4
141	33	0.0	1	29 4
142	15	0.0	1	5 10
143	15	0.0	1	7 8
144	14	0.0	1	6 8
145	9	0.0	1	2 7
146	26	0.0	1	21 5
147	33	0.0	1	24 9
148	17	0.0	1	4 13
149	18	0.0	1	10 8
150	13	0.0	1	3 10
151	16	0.0	1	11 5
152	19	0.0	1	11 8
153	29	0.0	1	20 9
154	26	0.0	1	18 8
155	23	0.0	1	14 9
156	41	0.0	1	37 4
157	37	0.0	1	24 13
158	33	0.0	1	26 7
159	36	0.0	1	30 6
160	38	0.0	1	33 5
161	31	0.0	1	24 7
162	48	0.0	1	36 12
163	32	0.0	1	22 10
164	33	0.0	1	22 11
165	19	0.0	1	13 6
166	34	0.0	1	25 9
167	21	0.0	1	15 6
168	28	0.0	1	18 10
169	38	0.0	1	29 9
170	34	0.0	1	25 9
171	10	0.0	1	5 5
172	32	0.0	1	24 8
173	31	0.0	1	24 7
174	23	0.0	1	14 9
175	33	0.0	1	22 11
176	33	0.0	1	23 10
177	22	0.0	1	12 10
178	16	0.0	1	11 5
179	10	0.0	1	6 4
180	18	0.0	1	16 2
181	17	0.0	1	13 4
182	5	0.0	1	4 1
183	7	0.0	1	5 2
184	12	0.0	1	4 8
185	45	0.0	1	44 1
186	15	0.0	1	6 9
187	9	0.0	1	6 3
188	4	0.0	1	1 3
189	5	0.0	1	4 1
190	17	0.0	1	14 3
191	6	0.0	1	3 3
192	19	0.0	1	13 6
193	12	0.0	1	7 5
194	4	0.0	1	2 2
195	4	0.0	1	1 3
196	3	0.0	1	1 2
197	4	0.0	1	1 3
198	11	0.0	1	5 6
199	1	0.0	1	0 1
200	3	0.0	1	3
201	4	0.0	1	0 4
202	3	0.0	1	1 2
203	5	0.0	1	1 4
204	1	0.0	1	0 1
205	3	0.0	1	0 3
207	4	0.0	1	2 2
208	5	0.0	1	3 2
209	3	0.0	1	3
210	8	0.0	1	6 2
211	3	0.0	1	3
212	6	0.0	1	6
213	5	0.0	1	2 3
214	6	0.0	1	3 3
215	2	0.0	1	0 2
216	3	0.0	1	1 2
217	2	0.0	1	1 1
218	1	0.0	1	0 1
219	1	0.0	1	0 1
220	2	0.0	1	0 2
221	3	0.0	1	0 3
222	2	0.0	1	1 1
223	2	0.0	1	1 1
224	1	0.0	1	0 1
225	2	0.0	1	0 2
226	1	0.0	1	0 1
227	2	0.0	1	1 1
229	1	0.0	1	0 1
230	1	0.0	1	1
231	1	0.0	1	0 1
232	2	0.0	1	0 2
233	2	0.0	1	0 2
234	1	0.0	1	0 1
236	2	0.0	1	2
237	1	0.0	1	0 1
239	1	0.0	1	1
240	2	0.0	1	0 2
241	1	0.0	1	0 1
242	3	0.0	1	0 3
243	3	0.0	1	0 3
244	4	0.0	1	1 3
245	4	0.0	1	0 4
246	2	0.0	1	0 2
247	9	0.0	1	0 9
248	10	0.0	1	1 9
249	13	0.0	1	0 13
250	35	0.0	1	0 35
251	617	0.0	1	1 616

RUN STATISTICS FOR INPUT FILE: SC2241/host_removal/SC2241_R1.fastq.gz
=============================================
754380 sequences processed in total

