quality	AA	AC	AG	AT	A.	CA	CC	CG	CT	C.	GA	GC	GG	GT	G.	TA	TC	TG	TT	T.	.A	.C	.G	.T	..
0	NA	NA	NA	NA	NA	NA	NA	NA	NA	NA	NA	NA	NA	NA	NA	NA	NA	NA	NA	NA	NA	NA	NA	NA	NA
1	NA	NA	NA	NA	NA	NA	NA	NA	NA	NA	NA	NA	NA	NA	NA	NA	NA	NA	NA	NA	NA	NA	NA	NA	NA
2	NA	NA	NA	NA	NA	NA	NA	NA	NA	NA	NA	NA	NA	NA	NA	NA	NA	NA	NA	NA	NA	NA	NA	NA	NA
3	NA	NA	NA	NA	NA	NA	NA	NA	NA	NA	NA	NA	NA	NA	NA	NA	NA	NA	NA	NA	NA	NA	NA	NA	NA
4	NA	NA	NA	NA	NA	NA	NA	NA	NA	NA	NA	NA	NA	NA	NA	NA	NA	NA	NA	NA	NA	NA	NA	NA	NA
5	NA	NA	NA	NA	NA	NA	NA	NA	NA	NA	NA	NA	NA	NA	NA	NA	NA	NA	NA	NA	NA	NA	NA	NA	NA
6	NA	NA	NA	NA	NA	NA	NA	NA	NA	NA	NA	NA	NA	NA	NA	NA	NA	NA	NA	NA	NA	NA	NA	NA	NA
7	NA	NA	NA	NA	NA	NA	NA	NA	NA	NA	NA	NA	NA	NA	NA	NA	NA	NA	NA	NA	NA	NA	NA	NA	NA
8	NA	NA	NA	NA	NA	NA	NA	NA	NA	NA	NA	NA	NA	NA	NA	NA	NA	NA	NA	NA	NA	NA	NA	NA	NA
9	NA	NA	NA	NA	NA	NA	NA	NA	NA	NA	NA	NA	NA	NA	NA	NA	NA	NA	NA	NA	NA	NA	NA	NA	NA
10	NA	NA	NA	NA	NA	NA	NA	NA	NA	NA	NA	NA	NA	NA	NA	NA	NA	NA	NA	NA	NA	NA	NA	NA	NA
11	0.976179	0.0107194	0.00369223	0.00929014	0.000119104	0.0518469	0.926288	0.00646016	0.0150737	0.00033129	0.0197285	0.00771342	0.93273	0.0395313	0.00029667	0.0248544	0.00582524	0.0170874	0.951845	0.00038835	NA	3.28127e-05	NA	NA	0.999967
12	0.974136	0.0123127	0.00550144	0.00788302	0.00016671	0.0362639	0.945552	0.004106	0.0139052	0.000172521	0.0138993	0.00522743	0.950664	0.0301084	0.000101307	0.0134718	0.00651012	0.0245353	0.955332	0.000150523	4.0863e-05	1.3621e-05	2.7242e-05	4.76735e-05	0.999871
13	0.966594	0.0157426	0.00720208	0.0103251	0.000136162	0.028842	0.954655	0.00502725	0.0113034	0.00017257	0.00974038	0.00424484	0.964374	0.02154	0.000101068	0.0149719	0.011204	0.0224757	0.951138	0.00021032	4.34091e-05	3.32495e-05	3.14023e-05	5.35687e-05	0.999838
14	0.963536	0.0159718	0.00750648	0.0127939	0.000191771	0.0289342	0.952959	0.00453297	0.0133652	0.0002087	0.0183856	0.00706082	0.941572	0.0327289	0.000252172	0.017681	0.0125023	0.021117	0.948474	0.000225775	7.65787e-05	5.39532e-05	3.48085e-05	5.74341e-05	0.999777
15	0.977495	0.00797795	0.00515434	0.00926444	0.0001086	0.0119363	0.975786	0.00285106	0.00930611	0.000120467	0.0148688	0.00589837	0.953654	0.0254651	0.00011343	0.0290497	0.0205505	0.0254847	0.924618	0.000297085	5.53906e-05	4.22023e-05	2.90141e-05	6.06658e-05	0.999813
16	0.961378	0.0127899	0.0101629	0.0155166	0.000152775	0.0187916	0.957767	0.00542307	0.0178265	0.000191919	0.0199467	0.00961946	0.942846	0.0273963	0.000191149	0.0205422	0.0147807	0.0203329	0.944055	0.000288914	0.000109277	6.66591e-05	5.13603e-05	8.74218e-05	0.999685
17	NA	NA	NA	NA	NA	NA	NA	NA	NA	NA	NA	NA	NA	NA	NA	NA	NA	NA	NA	NA	NA	NA	NA	NA	NA
18	NA	NA	NA	NA	NA	NA	NA	NA	NA	NA	NA	NA	NA	NA	NA	NA	NA	NA	NA	NA	NA	NA	NA	NA	NA
19	NA	NA	NA	NA	NA	NA	NA	NA	NA	NA	NA	NA	NA	NA	NA	NA	NA	NA	NA	NA	NA	NA	NA	NA	NA
20	0.997321	0.000669792	0.00100469	0.000669792	0.000334896	0.00382775	0.994737	0.000956938	0.000478469	NA	0.000981932	0.000392773	0.995679	0.0029458	NA	0.00144023	0.000480077	0.00528084	0.992799	NA	NA	NA	NA	NA	1
21	0.996946	0.00129842	0.00103393	0.0006973	2.40448e-05	0.00228993	0.995865	0.000572483	0.00124038	3.18046e-05	0.000884721	0.000235926	0.996638	0.00224129	NA	0.000932556	0.00289759	0.00191507	0.994172	8.32639e-05	1.1983e-05	1.1983e-05	NA	5.9915e-06	0.99997
22	0.995391	0.00183905	0.00176921	0.000884606	0.000116395	0.0039174	0.994179	0.000366113	0.00150106	3.66113e-05	0.00195355	0.000651183	0.994015	0.00331793	6.20174e-05	0.0017348	0.00180328	0.00305873	0.993335	6.84791e-05	2.0512e-05	2.73493e-05	2.0512e-05	2.0512e-05	0.999911
23	0.995687	0.00160984	0.00198952	0.000683423	3.03744e-05	0.00257743	0.995223	0.000999867	0.00111096	8.8877e-05	0.00143224	0.000491663	0.995746	0.00230868	2.13767e-05	0.00118507	0.00237014	0.00162554	0.994735	8.38988e-05	2.76906e-05	2.76906e-05	2.37348e-05	2.37348e-05	0.999897
24	0.996837	0.00117699	0.00139768	0.000514933	7.35619e-05	0.00212611	0.995991	0.000728952	0.00109343	6.0746e-05	0.000969655	0.00039927	0.996292	0.00233858	NA	0.000517625	0.00341633	0.0012423	0.994772	5.17625e-05	3.00698e-05	NA	1.00233e-05	1.00233e-05	0.99995
25	0.995259	0.00131983	0.00242418	0.0009158	8.08059e-05	0.00230466	0.995391	0.000709126	0.00155121	4.43203e-05	0.00182393	0.000770104	0.994569	0.0026751	0.000162127	0.00145035	0.00156795	0.00133276	0.995531	0.000117596	4.43469e-05	3.69557e-05	2.95646e-05	3.69557e-05	0.999852
26	0.993682	0.00206979	0.00370384	0.000544682	NA	0.00226372	0.996542	0.000188644	0.0010061	NA	0.00106496	0.000399361	0.995341	0.00319489	NA	0.000512958	0.00168543	0.00100149	0.996702	9.77063e-05	0.000100687	4.02747e-05	4.02747e-05	2.01373e-05	0.999799
27	0.996003	0.0010991	0.00158783	0.0012613	4.9086e-05	0.00115623	0.996714	0.000408666	0.00169779	2.32574e-05	0.00289264	0.00133294	0.990841	0.00490035	3.31852e-05	0.00132039	0.00153882	0.00400224	0.993042	9.68946e-05	3.19022e-05	1.59511e-05	1.77916e-05	3.74237e-05	0.999897
28	0.996651	0.000598086	0.00183413	0.000797448	0.000119617	0.000513259	0.998375	8.55432e-05	0.00102652	NA	0.00287925	0.000483538	0.994769	0.00184623	2.1979e-05	0.000588798	0.001104	0.000809597	0.997424	7.35998e-05	2.79062e-05	1.86041e-05	NA	2.79062e-05	0.999926
29	0.999562	NA	NA	NA	0.000437637	NA	0.998424	NA	0.00157604	NA	0.000777454	NA	0.999223	NA	NA	NA	NA	NA	1	NA	0.000100929	NA	NA	0.000100929	0.999798
30	0.997009	0.000657871	0.00158364	0.000710433	3.89975e-05	0.000343082	0.998031	0.000171541	0.00144622	7.91728e-06	0.00164234	0.000410586	0.997086	0.000854399	7.11999e-06	0.000683055	0.00186074	0.000722311	0.996684	4.97243e-05	2.2615e-05	1.24383e-05	3.39225e-06	1.69613e-05	0.999945
31	0.998008	0.000408398	0.00123122	0.00031195	4.06891e-05	0.000150131	0.998827	7.62204e-05	0.000937742	9.23884e-06	0.00115864	0.000218855	0.998005	0.000611507	6.43691e-06	0.000370638	0.00149479	0.000743025	0.997329	6.29386e-05	1.57243e-05	7.14739e-06	7.14739e-06	1.95362e-05	0.99995
32	0.998433	0.000649314	0.000811642	9.17509e-05	1.41155e-05	9.87615e-05	0.999565	3.95046e-05	0.000296285	NA	0.000329132	9.68035e-06	0.999371	0.00026137	2.90411e-05	7.72653e-05	0.0026399	0.000154531	0.99709	3.86327e-05	1.01363e-05	2.02726e-06	4.05452e-06	6.08178e-06	0.999978
33	0.998694	0.000505362	0.000673815	9.47553e-05	3.15851e-05	9.24086e-05	0.999638	1.54014e-05	0.00021562	3.85036e-05	0.000237603	7.2001e-05	0.999374	0.000302404	1.44002e-05	5.88706e-05	0.00191133	0.000451341	0.997543	3.53224e-05	7.39994e-06	8.87993e-06	7.39994e-06	5.91995e-06	0.99997
34	0.997973	0.000396506	0.00134537	0.000223986	6.16143e-05	0.000149207	0.99896	7.98902e-05	0.000802427	8.22399e-06	0.000927343	0.00018124	0.998523	0.000361472	7.04821e-06	0.000217335	0.00119982	0.000477812	0.998011	9.44229e-05	1.68652e-05	7.64555e-06	7.87042e-06	2.24869e-05	0.999945
35	0.999183	0.000213842	0.000525035	4.9092e-05	2.91224e-05	2.19022e-05	0.999763	2.51875e-05	0.000187263	2.19022e-06	0.00042707	6.28741e-05	0.999298	0.000206417	5.93152e-06	4.58541e-05	0.000415849	0.000502814	0.998979	5.61318e-05	7.95365e-06	4.66249e-06	4.38822e-06	1.42617e-05	0.999969
36	0.998349	0.000277155	0.00119802	0.00011712	5.90071e-05	5.81467e-05	0.999165	4.95324e-05	0.000720732	6.46074e-06	0.000690668	8.82664e-05	0.99905	0.000159137	1.1597e-05	0.000126271	0.00131396	0.00032281	0.998181	5.54747e-05	1.99355e-05	8.76596e-06	4.94852e-06	1.88044e-05	0.999948
37	0.998466	0.000238903	0.00117306	7.88612e-05	4.34896e-05	5.99589e-05	0.999214	3.86176e-05	0.000676824	1.01625e-05	0.000592681	8.29753e-05	0.999205	0.000108658	1.08658e-05	7.71593e-05	0.00129339	0.000333617	0.998222	7.38287e-05	1.73895e-05	7.6079e-06	5.97764e-06	1.88386e-05	0.99995
38	0.998544	0.000266568	0.00107121	6.35157e-05	5.49592e-05	3.23551e-05	0.99936	3.76592e-05	0.000564888	5.30412e-06	0.000580914	4.8748e-05	0.999266	9.29259e-05	1.11714e-05	7.23109e-05	0.00119449	0.000300499	0.998362	7.06054e-05	1.70021e-05	6.51576e-06	6.71938e-06	1.76129e-05	0.999952
39	0.998604	0.000231989	0.00105866	4.93066e-05	5.58938e-05	2.66351e-05	0.999332	3.42142e-05	0.000597341	9.63628e-06	0.000518526	3.33644e-05	0.999388	4.60164e-05	1.39784e-05	5.3758e-05	0.00114152	0.00023981	0.998497	6.77227e-05	2.09146e-05	7.89491e-06	6.47026e-06	1.84808e-05	0.999946
40	0.998801	0.000216904	0.000879616	4.38368e-05	5.89291e-05	2.58185e-05	0.999205	3.21257e-05	0.000727411	9.30193e-06	0.00050739	2.78534e-05	0.999412	3.62742e-05	1.6443e-05	4.5323e-05	0.000867958	0.000243888	0.998789	5.40038e-05	2.52216e-05	1.03412e-05	6.48842e-06	2.11674e-05	0.999937
