quality	AA	AC	AG	AT	A.	CA	CC	CG	CT	C.	GA	GC	GG	GT	G.	TA	TC	TG	TT	T.	.A	.C	.G	.T	..
0	NA	NA	NA	NA	NA	NA	NA	NA	NA	NA	NA	NA	NA	NA	NA	NA	NA	NA	NA	NA	NA	NA	NA	NA	NA
1	NA	NA	NA	NA	NA	NA	NA	NA	NA	NA	NA	NA	NA	NA	NA	NA	NA	NA	NA	NA	NA	NA	NA	NA	NA
2	NA	NA	NA	NA	NA	NA	NA	NA	NA	NA	NA	NA	NA	NA	NA	NA	NA	NA	NA	NA	NA	NA	NA	NA	NA
3	NA	NA	NA	NA	NA	NA	NA	NA	NA	NA	NA	NA	NA	NA	NA	NA	NA	NA	NA	NA	NA	NA	NA	NA	NA
4	NA	NA	NA	NA	NA	NA	NA	NA	NA	NA	NA	NA	NA	NA	NA	NA	NA	NA	NA	NA	NA	NA	NA	NA	NA
5	NA	NA	NA	NA	NA	NA	NA	NA	NA	NA	NA	NA	NA	NA	NA	NA	NA	NA	NA	NA	NA	NA	NA	NA	NA
6	NA	NA	NA	NA	NA	NA	NA	NA	NA	NA	NA	NA	NA	NA	NA	NA	NA	NA	NA	NA	NA	NA	NA	NA	NA
7	NA	NA	NA	NA	NA	NA	NA	NA	NA	NA	NA	NA	NA	NA	NA	NA	NA	NA	NA	NA	NA	NA	NA	NA	NA
8	NA	NA	NA	NA	NA	NA	NA	NA	NA	NA	NA	NA	NA	NA	NA	NA	NA	NA	NA	NA	NA	NA	NA	NA	NA
9	NA	NA	NA	NA	NA	NA	NA	NA	NA	NA	NA	NA	NA	NA	NA	NA	NA	NA	NA	NA	NA	NA	NA	NA	NA
10	0.96748	0.00813008	NA	0.0243902	NA	0.113208	0.886792	NA	NA	NA	0.0115607	0.017341	0.953757	0.017341	NA	NA	NA	0.0322581	0.967742	NA	NA	NA	NA	NA	1
11	0.970521	0.0142314	0.00457439	0.0104596	0.000214007	0.0676098	0.90486	0.00583982	0.0214127	0.000278087	0.0226974	0.00550346	0.914346	0.0573131	0.000140216	0.0208219	0.00540117	0.0187867	0.954834	0.000156556	6.62091e-05	1.47131e-05	2.94263e-05	7.35657e-05	0.999816
12	0.969652	0.0165026	0.0054815	0.00822588	0.000137945	0.0581366	0.91962	0.00598735	0.0161127	0.000143043	0.0125723	0.00450194	0.943673	0.0391007	0.000152271	0.0114569	0.0051653	0.0236322	0.9596	0.000145638	5.51857e-05	2.04392e-05	3.27026e-05	5.31418e-05	0.999839
13	0.963778	0.019438	0.00715771	0.00949125	0.000134628	0.043317	0.940231	0.00500225	0.0113195	0.000130602	0.00846366	0.00355524	0.96468	0.0231957	0.000105265	0.0125279	0.00932111	0.0228689	0.955145	0.000136677	3.80288e-05	2.52341e-05	2.27462e-05	3.16315e-05	0.999882
14	0.962981	0.0198703	0.00669455	0.0103167	0.000137419	0.0368089	0.947966	0.00429178	0.0108208	0.000112621	0.0134707	0.00549452	0.949656	0.0312527	0.000126472	0.013992	0.00953835	0.0218294	0.954456	0.000184379	5.07566e-05	3.14819e-05	2.8912e-05	3.98343e-05	0.999849
15	0.964747	0.0162601	0.00748225	0.0113951	0.000115743	0.0317009	0.949882	0.00516291	0.013155	9.90962e-05	0.0123955	0.00562382	0.953019	0.0288831	7.82639e-05	0.0153624	0.0117794	0.0228732	0.949804	0.000181358	4.8642e-05	2.37805e-05	2.59424e-05	3.99946e-05	0.999862
16	0.963681	0.016377	0.0074941	0.0123513	9.68958e-05	0.0264032	0.955747	0.00452896	0.013243	7.76902e-05	0.0108002	0.00520252	0.958676	0.0252374	8.38705e-05	0.0177141	0.0123453	0.0271898	0.942593	0.00015788	4.23708e-05	2.22316e-05	2.22316e-05	4.21092e-05	0.999871
17	NA	NA	NA	NA	NA	NA	NA	NA	NA	NA	NA	NA	NA	NA	NA	NA	NA	NA	NA	NA	NA	NA	NA	NA	NA
18	1	NA	NA	NA	NA	NA	1	NA	NA	NA	NA	NA	1	NA	NA	NA	NA	0.0625	0.9375	NA	NA	NA	NA	NA	1
19	0.993289	0.00671141	NA	NA	NA	0.00900901	0.990991	NA	NA	NA	NA	NA	0.993243	0.00675676	NA	NA	NA	0.0102041	0.989796	NA	NA	NA	NA	NA	1
20	0.995445	0.00282383	0.000546548	0.001002	0.000182183	0.0106563	0.985965	0.000649773	0.00259909	0.000129955	0.00114554	0.000180875	0.99385	0.00476305	6.02918e-05	0.00139821	0.000838926	0.00293624	0.994687	0.000139821	NA	2.35866e-05	NA	4.71731e-05	0.999929
21	0.996163	0.00236816	0.000855169	0.000584731	2.92366e-05	0.00553923	0.992966	0.000368599	0.0011058	2.04777e-05	0.000719363	0.000227167	0.996488	0.00252724	3.78612e-05	0.000774196	0.00334239	0.00233327	0.993497	5.33928e-05	1.70726e-05	1.32787e-05	9.48477e-06	1.70726e-05	0.999943
22	0.994659	0.00279373	0.00207475	0.000380029	9.24395e-05	0.00616902	0.992226	0.000434674	0.00108668	8.35911e-05	0.00101899	0.000206552	0.995249	0.00348384	4.13104e-05	0.000985435	0.00130077	0.00324208	0.994413	5.91261e-05	3.01978e-05	3.62374e-05	9.05934e-06	2.41582e-05	0.9999
23	0.99664	0.00174455	0.00113115	0.000422069	6.19035e-05	0.0041469	0.994501	0.00024052	0.0010699	4.1469e-05	0.000629282	0.000220249	0.997105	0.0020137	3.14641e-05	0.000460095	0.00214582	0.00141508	0.995933	4.63962e-05	1.46264e-05	1.31638e-05	1.60891e-05	1.90144e-05	0.999937
24	0.996949	0.00164683	0.000952581	0.000419781	3.22909e-05	0.00387336	0.994459	0.000403475	0.00126422	NA	0.000554687	0.000352983	0.996621	0.00244567	2.52131e-05	0.00044874	0.00479807	0.00101254	0.993718	2.30123e-05	2.21629e-05	8.86517e-06	2.21629e-05	3.98933e-05	0.999907
25	0.995636	0.00175771	0.00211416	0.000405625	8.60416e-05	0.00306859	0.995662	0.00031744	0.000931158	2.11627e-05	0.000877022	0.000253362	0.996219	0.00259209	5.84681e-05	0.000487926	0.00159772	0.00159772	0.996231	8.61046e-05	1.75843e-05	1.05506e-05	2.81348e-05	2.11011e-05	0.999923
26	0.993613	0.00200614	0.00417605	0.000204708	NA	0.00388797	0.99486	0.000263591	0.000988468	NA	0.00098451	6.5634e-05	0.997703	0.00118141	6.5634e-05	0.00021732	0.00138542	0.00114093	0.997148	0.00010866	7.64392e-05	3.27597e-05	2.18398e-05	1.09199e-05	0.999858
27	0.996326	0.0015187	0.00144046	0.000651767	6.25946e-05	0.00278497	0.995641	0.000309158	0.00123409	3.05341e-05	0.00149187	0.00043956	0.994997	0.00304842	2.30194e-05	0.00100144	0.00130816	0.00368	0.993912	9.84298e-05	2.57742e-05	1.28871e-05	1.0443e-05	2.39967e-05	0.999927
28	0.996981	0.000415173	0.00237781	0.000226458	NA	0.000587555	0.998504	8.90234e-05	0.000801211	1.78047e-05	0.00130429	0.000260858	0.99697	0.00144475	2.0066e-05	0.00018524	0.000296384	0.000333432	0.999185	NA	1.27245e-05	8.48299e-06	NA	3.39319e-05	0.999945
29	0.999624	0.000282141	NA	9.40468e-05	NA	0.0011498	0.997865	NA	0.000985545	NA	0.000708927	NA	0.999055	0.000236309	NA	0.000231428	NA	NA	0.999769	NA	5.26815e-05	NA	NA	2.63407e-05	0.999921
30	0.997779	0.000653758	0.00125322	0.000258275	5.57639e-05	0.000483574	0.998334	0.000115785	0.0010625	4.5406e-06	0.00086806	0.000172963	0.998145	0.000805361	8.64817e-06	0.000318964	0.00152394	0.000750503	0.99736	4.69064e-05	1.60289e-05	6.31441e-06	5.1001e-06	1.9429e-05	0.999953
31	0.998217	0.000503516	0.00110041	0.000143656	3.59141e-05	0.000493725	0.998644	6.90993e-05	0.000781267	1.22595e-05	0.00060134	0.00010539	0.998699	0.000582742	1.13655e-05	0.000192052	0.0012677	0.000741878	0.997746	5.26594e-05	1.54311e-05	6.2619e-06	7.3801e-06	1.63257e-05	0.999955
32	0.998824	0.00054199	0.000523679	9.52144e-05	1.46484e-05	0.000364505	0.999318	4.6865e-05	0.000255154	1.56217e-05	0.000204494	3.80454e-05	0.999548	0.000204494	4.75568e-06	5.30145e-05	0.00262091	0.000175611	0.997131	1.98805e-05	4.24255e-06	8.48509e-06	8.48509e-06	5.30318e-06	0.999973
33	0.998779	0.000562262	0.000573975	5.56405e-05	2.92845e-05	0.000491621	0.999231	2.10095e-05	0.000239508	1.68076e-05	0.000203786	2.39749e-05	0.999564	0.000179812	2.79707e-05	3.82981e-05	0.0023314	0.000253725	0.997348	2.87236e-05	1.02326e-05	5.96901e-06	5.96901e-06	5.1163e-06	0.999973
34	0.998118	0.000462863	0.00123824	0.000120143	6.11131e-05	0.0002164	0.99901	5.49238e-05	0.000715108	3.84467e-06	0.000683433	8.06352e-05	0.998846	0.000384492	5.90014e-06	0.00012361	0.0010477	0.000597571	0.998159	7.26021e-05	1.70138e-05	6.80553e-06	5.10415e-06	1.52061e-05	0.999956
35	0.998633	0.000442239	0.000828359	5.55086e-05	4.0869e-05	0.000245227	0.999441	2.56825e-05	0.000283336	4.97081e-06	0.000430773	4.98965e-05	0.999301	0.000212892	4.98965e-06	4.57008e-05	0.000548941	0.000584545	0.998763	5.73917e-05	1.08679e-05	3.13143e-06	4.42084e-06	1.12363e-05	0.99997
36	0.998448	0.000274736	0.00114473	8.08509e-05	5.12841e-05	8.83317e-05	0.999189	3.5578e-05	0.000676392	1.02236e-05	0.000529881	6.44971e-05	0.999219	0.000178815	8.11042e-06	8.1773e-05	0.00121189	0.000342976	0.998303	6.05943e-05	1.56695e-05	5.63124e-06	5.71285e-06	1.4527e-05	0.999958
37	0.998568	0.000226647	0.00109563	6.01657e-05	4.95683e-05	8.35253e-05	0.999241	3.21251e-05	0.00064075	2.92046e-06	0.00052518	4.38143e-05	0.999301	0.000121378	8.2892e-06	6.06903e-05	0.00125469	0.000385862	0.99823	6.86759e-05	1.44905e-05	5.07695e-06	6.45195e-06	1.38558e-05	0.99996
38	0.998573	0.000250391	0.00106498	5.68859e-05	5.45545e-05	5.95539e-05	0.999302	2.30178e-05	0.000609788	5.48042e-06	0.000471272	3.81912e-05	0.999395	8.49106e-05	1.03821e-05	5.75602e-05	0.00114568	0.000311976	0.998423	6.17045e-05	1.53595e-05	5.83093e-06	4.69319e-06	1.6995e-05	0.999957
39	0.998659	0.000257755	0.00098153	4.84857e-05	5.339e-05	3.64072e-05	0.999323	2.08806e-05	0.000610891	9.01257e-06	0.000482839	2.98479e-05	0.999424	5.28148e-05	1.09919e-05	4.31732e-05	0.0010196	0.000244421	0.998629	6.41311e-05	1.55193e-05	5.57146e-06	4.86451e-06	1.63609e-05	0.999958
40	0.998919	0.000231238	0.000745413	4.54601e-05	5.89601e-05	2.50587e-05	0.999219	1.81965e-05	0.00072971	7.71038e-06	0.000446442	2.69229e-05	0.999484	2.80742e-05	1.40814e-05	3.80168e-05	0.000791499	0.000185532	0.998931	5.37737e-05	2.0193e-05	6.9296e-06	5.11097e-06	1.87193e-05	0.999949
