ks_quality_p_value	fisher_strand_p_value	bias_p_value	bias_e_value
0.878296	1	0.992274	29672
0.991415	1	0.999963	29901.9
0.996864	0.762862	0.968701	28967.1
0.958475	0.47422	0.812921	24308.8
0.579474	0.517787	0.661245	19773.2
0.205731	0.452777	0.314247	9396.92
0.155964	0.415506	0.242133	7240.51
0.0549291	0.452777	0.116745	3491.01
0.860226	0.452836	0.756795	22630.5
0.997861	0.762907	0.968921	28973.6
0.999382	0.762909	0.969237	28983.1
0.99904	0.762721	0.969115	28979.4
0.0623872	1	0.235474	7041.37
0.856745	1	0.989211	29580.4
0.955497	1	0.998995	29872.9
0.0938936	1	0.316008	9449.58
0.647888	1	0.929096	27782.8
0.999992	1	1	29903
2.97478e-09	1	6.13788e-08	0.00183541
0.734034	0.592728	0.797166	23837.7
0.052197	0.618498	0.14312	4279.72
0.899646	0.844516	0.968507	28961.3
0.234905	0.91333	0.544782	16290.6
0.922206	1	0.996892	29810.1
0.973717	0.665678	0.929223	27786.6
0.232866	0.665678	0.443996	13276.8
1	0.95528	0.998985	29872.6
1	0.800921	0.97872	29266.7
1	0.900367	0.994863	29749.4
1	1	1	29903
0.71087	0.890135	0.922357	27581.2
0.369061	0.022983	0.0489402	1463.46
0.78516	0.00261043	0.0147369	440.677
0.183193	0.0210457	0.025285	756.097
0.881464	0.256524	0.562285	16814
0.357388	0.00797413	0.0195514	584.646
0.85388	0.0457852	0.165832	4958.87
0.649464	0.0457959	0.134294	4015.79
0.590301	0.0457923	0.124635	3726.95
0.0165577	0.0458066	0.00620735	185.618
0.124201	0.0458656	0.0351357	1050.66
0.0563574	0.0458531	0.0179815	537.702
0.034002	0.0875785	0.0202987	606.991
0.00218681	0.0458725	0.00102393	30.6186
0.23708	0.0842334	0.0981231	2934.18
0.992318	0.164411	0.458951	13724
0.999998	2.49971e-41	2.36197e-39	7.06299e-35
0.919634	0.0470324	0.179096	5355.51
0.95046	1.44234e-07	2.30346e-06	0.0688802
0.999992	4.83487e-08	8.62767e-07	0.0257993
0.999999	1.30143e-35	1.05841e-33	3.16497e-29
0.790149	1	0.976256	29193
0.559542	1	0.884433	26447.2
0.295755	0.404613	0.373724	11175.5
0.632915	1	0.922422	27583.2
0.194973	1	0.513733	15362.2
0.215891	1	0.546847	16352.4
0.529652	0.133199	0.257607	7703.22
0.994086	0.000662584	0.00548359	163.976
1	1.7512e-33	1.33836e-31	4.00209e-27
0.727717	1	0.959017	28677.5
0.846023	1	0.987485	29528.8
0.626306	1	0.919365	27491.8
0.984157	0.773592	0.968937	28974.1
0.405603	1	0.771611	23073.5
0.957515	1	0.999084	29875.6
0.133052	1	0.401419	12003.6
0.51287	0.290704	0.432845	12943.4
0.781073	0.0938062	0.264768	7917.35
0.934514	0.256694	0.582343	17413.8
0.915336	0.220906	0.525421	15711.7
0.999902	0.232326	0.5714	17086.6
0.999998	1.57165e-13	4.79062e-12	1.43254e-07
0.902026	0.00672289	0.0370242	1107.13
0.99999	1.37814e-22	7.07478e-21	2.11557e-16
0.453204	1	0.811875	24277.5
0.94879	1	0.998666	29863.1
0.430265	1	0.79313	23717
0.999919	0.686805	0.94482	28253
1	0.877352	0.992151	29668.3
0.783117	0.753619	0.901394	26954.4
0.799452	1	0.978392	29256.9
0.989753	0.0188277	0.0928518	2776.55
0.201118	7.93256e-06	2.28912e-05	0.684514
0.515021	1	0.856762	25619.7
0.936178	0.037037	0.151237	4522.45
0.601156	4.65731e-06	3.85975e-05	1.15418
0.0718452	0.00054994	0.000440106	13.1605
1	0.000236446	0.00221072	66.1071
0.721768	0.467938	0.704353	21062.3
0.84981	0.468123	0.764509	22861.1
0.984203	2.34007e-07	3.75033e-06	0.112146
0.13637	0.00024955	0.000384151	11.4873
1	1	1	29903
0.278136	0.0292184	0.0472373	1412.54
0.932059	1	0.997638	29832.4
0.63031	1	0.921226	27547.4
0.823213	1	0.983361	29405.4
0.905128	1	0.99535	29764
0.999977	7.39279e-10	1.62825e-08	0.000486896
0.541882	1	0.873897	26132.1
1	0.00844693	0.0487722	1458.43
0.560552	0.374148	0.537314	16067.3
0.613844	1.27184e-07	1.35575e-06	0.0405411
0.882503	0.00501826	0.0284303	850.152
0.954617	7.54409e-12	1.91974e-10	5.7406e-06
0.858282	2.79381e-18	9.96844e-17	2.98086e-12
0.98658	1	0.99991	29900.3
0.99035	1	0.999953	29901.6
0.202479	1	0.525862	15724.8
0.639506	1	0.925403	27672.3
0.98739	1	0.99992	29900.6
0.412765	1	0.778011	23264.9
0.811839	1.41571e-13	3.53928e-12	1.05835e-07
0.689315	1.81113e-16	4.69657e-15	1.40441e-10
1	4.55116e-16	1.65325e-14	4.94373e-10
0.706975	3.16123e-18	9.3067e-17	2.78298e-12
1	3.6911e-20	1.68852e-18	5.04919e-14
1	8.39923e-18	3.38643e-16	1.01265e-11
0.19812	1	0.518853	15515.3
0.905739	1	0.995411	29765.8
0.429481	1	0.792469	23697.2
0.995713	1	0.999991	29902.7
0.626095	1	0.919266	27488.8
0.974373	0.178841	0.478724	14315.3
0.796499	0.310282	0.592591	17720.3
0.999987	4.06902e-28	2.60694e-26	7.79555e-22
1	1	1	29903
0.441686	1	0.802612	24000.5
0.699711	1	0.949569	28395
0.741729	1	0.963336	28806.6
0.620052	1	0.916407	27403.3
0.455625	1	0.813785	24334.6
0.577194	1	0.894407	26745.4
0.547832	1	0.87751	26240.2
0.742302	1	0.963507	28811.8
0.833584	1	0.985314	29463.8
0.77188	1	0.97174	29057.9
0.813054	1	0.981322	29344.5
0.0125708	1	0.0675852	2021
0.169585	1	0.470497	14069.3
0.582472	1	0.897283	26831.5
0.875694	1	0.991932	29661.8
0.70557	1	0.951637	28456.8
1	1	1	29903
0.999997	1	1	29903
1	0.674512	0.940112	28112.2
0.713423	1	0.954332	28537.4
0.868094	1	0.99089	29630.6
0.0622633	1	0.23513	7031.1
0.437823	1	0.799439	23905.6
0.764722	1	0.969853	29001.5
0.986714	0.698291	0.945667	28278.3
1	0.00254782	0.0177647	531.218
0.790266	1	0.976283	29193.8
0.971408	0.0551237	0.210291	6288.35
0.543464	0.714656	0.755708	22597.9
0.884515	0.624611	0.880286	26323.2
0.769207	1	0.971043	29037.1
0.993305	1	0.999978	29902.3
0.67854	1	0.941686	28159.2
0.995656	0.222388	0.555256	16603.8
0.99999	2.09671e-05	0.000246834	7.38108
0.0968698	1	0.323002	9658.72
0.5752	1	0.893307	26712.6
0.920915	0.621664	0.891807	26667.7
0.999984	0.39878	0.765391	22887.5
0.999998	0.393154	0.760183	22731.8
0.320548	0.106238	0.149151	4460.07
0.999989	0.520572	0.860412	25728.9
0.939923	0.687	0.928154	27754.6
0.999837	0.58047	0.896146	26797.5
1	0.0555845	0.216215	6465.49
0.987862	0.574445	0.888981	26583.2
0.959275	0.100131	0.321091	9601.6
0.245861	4.89813e-07	2.03908e-06	0.0609745
0.880267	0.491702	0.795286	23781.4
0.0626693	0.00397294	0.00231506	69.2273
0.683421	0.741192	0.851068	25449.5
0.686911	0.141428	0.323651	9678.15
0.985935	1	0.999901	29900
0.787663	0.672071	0.866082	25898.5
0.83142	0.488873	0.772382	23096.5
0.570519	0.440224	0.598174	17887.2
0.831556	0.0129206	0.0594518	1777.79
0.590203	0.17158	0.333167	9962.7
0.832301	0.0102688	0.0492482	1472.67
0.463013	9.34266e-05	0.000477926	14.2914
0.815848	1	0.981895	29361.6
0.769556	1	0.971135	29039.8
0.858456	0.210616	0.490042	14653.7
0.160345	0.00184826	0.00270396	80.8566
0.213864	0.00052594	0.00113523	33.9467
0.251968	0.00052617	0.00131628	39.3608
0.184935	0.000123683	0.000267287	7.99267
0.285504	0.0107284	0.0207927	621.765
0.382927	0.000493762	0.00181008	54.1268
0.324064	0.000492821	0.00155588	46.5255
0.1389	0.0009815	0.00134973	40.3609
0.084506	0.000989994	0.000869127	25.9895
0.113675	0.00113959	0.00128915	38.5494
0.089365	0.00114838	0.00104517	31.2538
0.419158	1	0.783619	23432.5
0.418991	1	0.783474	23428.2
0.551187	1	0.879519	26300.3
0.472561	1	0.826787	24723.4
0.409983	1	0.77554	23191
0.542257	1	0.874126	26139
0.720785	1	0.95678	28610.6
0.475109	2.33124e-07	1.88467e-06	0.0563573
0.99299	0.303653	0.663024	19826.4
0.787489	1	0.975625	29174.1
0.863191	0.507147	0.799391	23904.2
0.966476	1	0.999432	29886
0.827647	1	0.984212	29430.9
1	1	1	29903
0.820986	1	0.982925	29392.4
0.471163	0.105978	0.199586	5968.22
0.949231	1	0.998689	29863.8
0.850292	1	0.988188	29549.8
0.866619	0.806487	0.949285	28386.5
0.035132	1	0.152777	4568.48
0.956578	0.529813	0.851246	25454.8
1	0.540485	0.873039	26106.5
0.991364	0.870179	0.990105	29607.1
0.770869	1	0.971478	29050.1
0.713155	1	0.954242	28534.7
0.940904	1	0.998218	29849.7
0.602174	1	0.907602	27140
0.914377	1	0.996225	29790.1
0.950825	1	0.998771	29866.2
0.536238	1	0.870409	26027.9
0.999671	0.616987	0.914837	27356.4
0.210695	1	0.53882	16112.3
0.193557	1	0.511413	15292.8
0.999994	1	1	29903
0.692038	1	0.946787	28311.8
0.992411	1	0.999971	29902.1
0.818585	1	0.982448	29378.1
0.952299	0.633032	0.907937	27150
0.976903	0.124716	0.378309	11312.6
0.480043	6.26616e-05	0.000343266	10.2647
0.631157	0.00984853	0.037797	1130.24
1	0.0162222	0.0830801	2484.34
0.999998	4.19557e-33	3.1698e-31	9.47865e-27
0.977526	1	0.999746	29895.4
1	0.557031	0.882969	26403.4
1	0.360076	0.727872	21765.5
1	0.628967	0.920604	27528.8
1	1	1	29903
0.710941	1	0.95349	28512.2
0.942466	0.625813	0.901202	26948.6
0.999242	0.417237	0.781668	23374.2
0.544326	1	0.875389	26176.7
0.131119	1	0.397506	11886.6
0.96223	0.124278	0.373548	11170.2
0.99354	1	0.999979	29902.4
0.783077	1	0.974558	29142.2
0.978502	1	0.999767	29896
0.980488	1	0.999808	29897.3
0.527663	1	0.864997	25866
0.709759	1	0.953085	28500.1
0.892309	1	0.993981	29723
0.999998	1	1	29903
0.934166	1	0.997784	29836.7
0.137125	0.00194664	0.00246339	73.6628
0.995292	0.346202	0.711697	21281.9
0.992145	0.454704	0.810232	24228.4
0.94248	0.0668382	0.237154	7091.6
0.630058	0.43852	0.631687	18889.3
0.385759	0.863343	0.699217	20908.7
0.811729	0.873897	0.952951	28496.1
0.404943	0.863515	0.717095	21443.3
0.862746	0.802847	0.947013	28318.5
0.431902	1	0.794508	23758.2
0.576226	1	0.893874	26729.5
0.215562	0.0257952	0.0344308	1029.58
0.599716	0.00197672	0.00917272	274.292
0.950989	0.00542915	0.0323529	967.45
0.957714	0.718108	0.945192	28264.1
0.992524	3.15368e-06	4.28024e-05	1.27992
0.749216	0.0150487	0.061844	1849.32
0.751994	0.115926	0.299869	8966.99
0.92652	0.673999	0.918504	27466
0.122705	0.19529	0.113375	3390.25
0.903423	0.688527	0.91735	27431.5
0.523017	0.000949975	0.00427652	127.881
0.999997	1	1	29903
0.594495	0.863787	0.855762	25589.8
0.295514	1	0.655758	19609.1
0.304294	1	0.666331	19925.3
0.443182	1	0.803832	24037
0.999426	6.19124e-41	5.79065e-39	1.73158e-34
0.998472	4.06837e-29	2.69618e-27	8.0624e-23
0.885549	0.0226887	0.0986002	2948.44
0.70847	0.269421	0.506994	15160.6
1	0.218876	0.551404	16488.6
0.14888	0.0470047	0.0417234	1247.65
1	2.46402e-17	9.66936e-16	2.89143e-11
1	3.4339e-19	1.49428e-17	4.46834e-13
0.962366	1	0.999283	29881.6
0.999985	0.143629	0.42234	12629.2
0.848677	0.893154	0.96802	28946.7
0.857616	1	0.989345	29584.4
0.846707	1	0.9876	29532.2
0.999998	0.411568	0.77695	23233.1
0.541386	0.562081	0.666341	19925.6
0.242703	0.0890882	0.104521	3125.5
0.663673	0.105802	0.256728	7676.92
0.206088	1	0.531594	15896.2
1	1	1	29903
0.138583	1	0.412462	12333.9
0.087771	0.00199622	0.0016907	50.5569
0.638982	1	0.925169	27665.3
0.999999	8.64965e-22	4.28152e-20	1.2803e-15
1	0.82286	0.983292	29403.4
0.294106	1	0.654037	19557.7
0.303024	1	0.664817	19880
0.290337	1	0.649401	19419
0.968272	1	0.999491	29887.8
0.250504	1	0.597272	17860.2
0.973592	1	0.999648	29892.5
0.994454	1	0.999985	29902.5
0.90121	0.850409	0.970301	29014.9
0.885547	0.00473573	0.0271508	811.891
0.853336	0.127425	0.350005	10466.2
0.829581	0.689253	0.891412	26655.9
0.957078	0.766614	0.960897	28733.7
0.253738	3.23763e-25	4.8273e-24	1.44351e-19
0.999984	3.26816e-25	1.87525e-23	5.60757e-19
0.95928	5.12178e-24	2.68606e-22	8.03213e-18
0.981524	1.6533e-26	9.79871e-25	2.93011e-20
0.99999	2.25176e-28	1.45599e-26	4.35385e-22
1	9.89203e-30	6.7054e-28	2.00511e-23
0.967367	2.11896e-29	1.37454e-27	4.1103e-23
0.99999	9.89115e-28	6.24924e-26	1.86871e-21
0.999992	3.84592e-47	4.14873e-45	1.2406e-40
0.999998	2.45738e-51	2.88822e-49	8.63664e-45
0.00060038	1.72884e-207	5.02898e-208	1.50382e-203
0.0830206	0.00386318	0.00290092	86.7463
0.040264	3.94531e-07	3.01153e-07	0.00900539
0.962648	1	0.999294	29881.9
0.892877	1	0.994046	29724.9
0.928232	1	0.997361	29824.1
0.889913	1	0.993705	29714.8
0.258212	0.86059	0.55645	16639.5
1	0.0393907	0.166789	4987.49
0.999882	0.185998	0.498813	14916
0.284022	0.0749055	0.103188	3085.63
0.0980339	1	0.325712	9739.76
0.456847	1	0.814744	24363.3
0.801546	1	0.978858	29270.8
0.824952	1	0.983698	29415.5
0.650849	0.232412	0.436963	13066.5
1	0.0608964	0.23132	6917.16
0.903789	1	0.995216	29759.9
0.984715	1	0.999883	29899.5
0.999999	0.000555498	0.00471931	141.122
0.208563	1	0.535488	16012.7
0.712574	1	0.954045	28528.8
0.552343	1	0.880206	26320.8
0.26832	1	0.621315	18579.2
0.671508	1	0.938922	28076.6
0.886338	1.99116e-05	0.000210808	6.30379
0.611887	2.69857e-05	0.000198335	5.93081
0.96731	1	0.99946	29886.8
0.875079	0.000982456	0.00692845	207.181
0.894713	5.70287e-06	6.72796e-05	2.01186
0.822229	1	0.983169	29399.7
0.831271	0.00711398	0.0362536	1084.09
0.664753	0.0227216	0.0784332	2345.39
0.987685	0.289309	0.643686	19248.2
0.999852	1	1	29903
0.570022	1	0.89042	26626.2
0.992881	1	0.999975	29902.2
0.223932	1	0.559027	16716.6
0.999953	0.00818869	0.0475335	1421.39
0.99995	1	1	29903
0.86716	0.188266	0.459149	13729.9
0.982629	0.330795	0.690332	20643
0.963318	1.08268e-09	2.26127e-08	0.000676188
0.988109	0.730744	0.957195	28623
0.136366	0.805016	0.352307	10535
0.915667	0.579475	0.86687	25922
0.937169	1	0.997983	29842.7
0.5477	1.36471e-07	1.30125e-06	0.0389113
0.805788	1.78622e-07	2.41142e-06	0.0721087
0.977612	1.40126e-05	0.000167102	4.99685
0.69251	2.4005e-06	2.3784e-05	0.711212
0.853637	0.00371587	0.0214218	640.576
0.357884	5.61134e-06	2.83524e-05	0.847822
0.997887	9.15295e-07	1.36147e-05	0.40712
0.908058	0.543807	0.842243	25185.6
0.377101	0.139528	0.207557	6206.58
0.829385	0.751665	0.918008	27451.2
0.578171	0.0197571	0.0625079	1869.17
0.726151	1	0.958517	28662.5
0.0345609	0.596011	0.100574	3007.45
0.999976	1.22573e-26	7.43554e-25	2.22345e-20
0.362427	2.73186e-25	5.79948e-24	1.73422e-19
0.88907	7.9798e-23	3.6892e-21	1.10318e-16
0.825237	6.22877e-24	2.80784e-22	8.39627e-18
0.746349	3.43429e-25	1.47699e-23	4.41664e-19
0.877788	0.0709391	0.235147	7031.61
0.797144	0.251688	0.522903	15636.4
0.887555	0.251688	0.55821	16692.1
0.887555	0.251688	0.55821	16692.1
0.972282	0.251688	0.589186	17618.4
0.990589	0.251688	0.595628	17811.1
0.953606	0.251688	0.582523	17419.2
0.935509	0.251688	0.57598	17223.5
0.987086	0.251688	0.594402	17774.4
0.797144	0.251688	0.522903	15636.4
0.717031	0.251688	0.489465	14636.5
0.551675	0.251688	0.412989	12349.6
0.717031	0.251688	0.489465	14636.5
0.990589	0.251688	0.595628	17811.1
0.990589	0.251688	0.595628	17811.1
0.654966	0.251688	0.462023	13815.9
0.70883	0.167929	0.372378	11135.2
0.509175	1	0.85285	25502.8
0.530998	0.714941	0.747326	22347.3
0.999993	0.773892	0.972257	29073.4
0.998603	1	0.999999	29903
1	3.10237e-06	4.24509e-05	1.26941
0.973825	0.70842	0.945988	28287.9
0.0333345	1.73386e-17	2.48498e-17	7.43084e-13
0.453609	1	0.812196	24287.1
0.552936	1	0.880558	26331.3
0.628196	1	0.920246	27518.1
0.984749	8.24371e-08	1.40657e-06	0.0420607
0.96388	0.613092	0.901802	26966.6
0.520963	1	0.860671	25736.6
1	9.65748e-07	1.43417e-05	0.42886
0.999939	2.19451e-26	1.31841e-24	3.94245e-20
0.956726	0.186988	0.486767	14555.8
0.999995	1.0913e-13	3.36623e-12	1.0066e-07
0.933969	0.0960324	0.305971	9149.46
0.758299	0.00046769	0.00317211	94.8557
0.933914	1	0.997767	29836.2
0.54444	1	0.875458	26178.8
0.884607	1	0.99307	29695.8
0.551614	1	0.879773	26307.9
0.901528	0.39526	0.724034	21650.8
1	0.4805	0.832672	24899.4
0.681784	0.65212	0.804988	24071.6
0.997913	0.346765	0.713259	21328.6
1	1.3919e-18	5.86212e-17	1.75295e-12
0.993559	1.52215e-20	7.0533e-19	2.10915e-14
0.569345	1	0.890039	26614.8
1	0.859496	0.989632	29593
0.458921	1	0.816364	24411.7
0.107594	2.63101e-07	5.20307e-07	0.0155587
0.156755	0.0279956	0.0282124	843.635
0.709776	1	0.953091	28500.3
0.912177	0.00168202	0.011476	343.168
0.558205	4.61861e-07	4.1691e-06	0.124669
0.985608	4.73663e-06	6.19723e-05	1.85316
0.264736	0.095202	0.117972	3527.7
0.543543	6.66541e-18	1.49117e-16	4.45905e-12
0.855639	0.245186	0.537409	16070.1
0.304313	0.0590922	0.0902427	2698.53
0.804271	1	0.979456	29288.7
0.999997	0.253311	0.601141	17975.9
0.737696	1	0.96212	28770.3
0.868236	1	0.99091	29631.2
0.996775	1	0.999995	29902.8
0.607283	1	0.910172	27216.9
0.645183	1	0.927916	27747.5
0.308787	1	0.671643	20084.2
0.988801	1	0.999937	29901.1
0.529685	1	0.866285	25904.5
0.895111	0.0152603	0.0723049	2162.13
0.630926	1	0.92151	27555.9
0.976845	1	0.99973	29894.9
0.0209571	1	0.101962	3048.97
0.961795	1	0.999261	29880.9
0.320367	0.0651202	0.101596	3038.02
0.959927	0.0577531	0.215794	6452.89
0.194518	0.507865	0.327463	9792.12
0.89304	0.011779	0.0584289	1747.2
1	0.117018	0.368073	11006.5
0.0718169	0.501948	0.155833	4659.88
0.883482	1.15586e-06	1.5108e-05	0.451774
0.476075	0.000617291	0.00268379	80.2534
0.233102	0.000109731	0.000296039	8.85246
0.501377	0.00133159	0.0055492	165.938
0.766956	0.0833121	0.239644	7166.07
0.907812	0.00130871	0.00919021	274.815
0.540259	0.0791571	0.177563	5309.66
0.957578	0.690692	0.934817	27953.8
0.988797	0.743103	0.961227	28743.6
0.552324	0.615408	0.706693	21132.2
0.997538	2.18842e-09	4.57182e-08	0.00136711
0.752855	0.217952	0.46065	13774.8
0.728059	0.126948	0.312523	9345.37
0.134983	1	0.405301	12119.7
0.812655	1	0.981239	29342
0.719865	1	0.956478	28601.6
0.365847	1	0.733721	21940.5
0.999417	0	0	0
0.857496	0.453339	0.756035	22607.7
0.694426	1	0.947662	28337.9
0.990861	1	0.999958	29901.7
0.916416	1	0.996405	29795.5
0.997984	0.303888	0.665117	19889
0.546418	0.0995396	0.212751	6361.9
0.971866	2.44564e-06	3.31562e-05	0.991471
0.958429	1	0.999124	29876.8
0.827263	1	0.984139	29428.7
0.954687	1	0.998958	29871.8
0.906451	1	0.995481	29767.9
1	0.00350548	0.0233234	697.441
0.000484384	6.03562e-08	7.38364e-10	2.20793e-05
0.937126	3.49592e-08	5.97368e-07	0.0178631
0.966015	0.713484	0.94575	28280.8
0.596188	1.82442e-12	3.10505e-11	9.28503e-07
1	3.00768e-08	5.50991e-07	0.0164763
0.911106	0.00144898	0.0100729	301.211
0.702447	1	0.950541	28424
0.999997	0.599113	0.906041	27093.3
0.85151	0.602443	0.855408	25579.3
0.950069	4.3718e-19	1.79952e-17	5.38109e-13
0.0556395	0.0958245	0.0332379	993.912
0.993069	0.0664302	0.245312	7335.57
0.193725	0.00466363	0.00723607	216.38
0.99109	0.384254	0.748484	22381.9
0.503005	0.384254	0.510961	15279.3
0.503005	0.384254	0.510961	15279.3
0.841964	0.384254	0.68862	20591.8
0.992456	1	0.999971	29902.1
0.559943	0.0780236	0.180464	5396.4
0.96625	3.01439e-06	4.00387e-05	1.19728
0.286745	0.814326	0.573149	17138.9
0.999997	0.710051	0.953185	28503.1
0.999993	1	1	29903
0.999998	1	1	29903
0.999999	1	1	29903
0.999998	1	1	29903
0.268813	0.056838	0.0791639	2367.24
0.273381	2.98063e-28	5.3517e-27	1.60032e-22
0.994441	0.00746687	0.0438308	1310.67
0.958571	0.244	0.573711	17155.7
0.612013	0.528864	0.688781	20596.6
1	5.248e-08	9.32193e-07	0.0278754
0.979292	0.69834	0.943735	28220.5
0.809684	1	0.980617	29323.4
0.776791	0.374735	0.650332	19446.9
0.80181	0.000325197	0.00241241	72.1384
0.998503	0.374764	0.742028	22188.9
0.617764	0.0841169	0.205633	6149.05
0.999883	1	1	29903
0.987205	1	0.999918	29900.5
0.107258	0.386426	0.173387	5184.8
0.0663062	0.422524	0.128172	3832.74
0.922441	0.789414	0.959166	28682
0.145394	0.77323	0.358123	10708.9
0.952841	0.675872	0.927396	27731.9
0.999982	0.740793	0.963052	28798.1
0.656099	0.855482	0.88544	26477.3
0.740346	1	0.962922	28794.3
0.97969	1	0.999792	29896.8
1	2.96544e-16	1.08993e-14	3.25922e-10
0.458699	0.474479	0.549527	16432.5
0.89009	0.523081	0.82151	24565.6
0.999478	0.466672	0.82215	24584.8
0.983569	0.359892	0.721592	21577.8
0.103446	0.745994	0.27486	8219.14
0.709698	0.0386253	0.126008	3768.01
1	2.32752e-05	0.000271578	8.12099
1	1.00541e-08	1.95204e-07	0.00583718
0.970801	0.000481825	0.0040543	121.236
0.945918	0.00211506	0.0144334	431.602
0.211422	1	0.539951	16146.1
1	1	1	29903
0.718804	0.628845	0.810934	24249.4
0.519664	1	0.859822	25711.3
0.976667	1	0.999726	29894.8
0.999998	1	1	29903
0.983452	1	0.999862	29898.9
1	0.0447442	0.183755	5494.83
0.495327	1	0.843312	25217.6
0.803362	0.0305924	0.115657	3458.5
0.298338	0.000121002	0.00040537	12.1218
0.294727	1	0.654796	19580.4
1	0.00100294	0.00792805	237.072
0.895014	0.0113761	0.0568871	1701.1
0.150359	0.126774	0.0945475	2827.25
0.825557	2.44869e-07	3.3182e-06	0.0992241
0.458787	0.00220893	0.00800042	239.237
0.35558	5.18858e-18	7.71821e-17	2.30798e-12
0.48582	1.86003e-10	2.18023e-09	6.51954e-05
0.793515	0.149149	0.370926	11091.8
0.963253	7.77471e-10	1.64851e-08	0.000492955
1	1.39699e-31	1.00647e-29	3.00965e-25
0.902473	1	0.995082	29755.9
1	0.511111	0.854153	25541.7
0.471397	1	0.825914	24697.3
0.930288	1	0.997512	29828.6
0.99992	1	1	29903
0.879952	0.108355	0.319435	9552.06
0.071725	1	0.260714	7796.14
0.974656	0.399457	0.756598	22624.6
0.977146	0.622414	0.910623	27230.4
0.0797792	1	0.2815	8417.7
0.820347	0.617468	0.851063	25449.3
1	0.087632	0.300982	9000.25
1	1	1	29903
0.225846	0.62474	0.417404	12481.6
0.985633	1.97776e-10	4.55335e-09	0.000136159
0.973101	3.11042e-12	8.33069e-11	2.49113e-06
0.999985	8.67324e-09	1.69672e-07	0.00507371
0.960673	2.42952e-15	8.09683e-14	2.42119e-09
0.999999	1	1	29903
0.162548	1	0.457862	13691.5
0.965922	1	0.999413	29885.4
0.939857	1	0.998154	29847.8
0.974695	1	0.999677	29893.3
0.876262	1	0.992008	29664
0.714398	1	0.954661	28547.2
0.921705	1	0.996852	29808.9
0.711339	1	0.953625	28516.3
0.860227	1	0.989742	29596.3
0.402684	1	0.768966	22994.4
0.725461	1	0.958296	28655.9
0.997947	1	0.999998	29902.9
0.98345	1	0.999862	29898.9
0.884238	1	0.993025	29694.4
0.96193	1	0.999266	29881
0.927009	0.00442449	0.0266452	796.773
0.803829	0.128106	0.337066	10079.3
0.999998	4.73401e-12	1.28179e-10	3.83294e-06
0.844216	5.27817e-05	0.000490983	14.6819
0.19608	1.16667e-06	3.72665e-06	0.111438
0.947556	0.503401	0.830094	24822.3
0.998386	1	0.999999	29903
0.0922021	1	0.311991	9329.46
0.842538	1	0.986896	29511.1
0.291603	0.753461	0.552671	16526.5
0.00156641	1	0.0116838	349.38
0.084498	1	0.293295	8770.4
0.983938	1	0.99987	29899.1
1	0.216624	0.547971	16386
0.998116	0.327572	0.692469	20706.9
0.999999	3.11858e-42	3.01165e-40	9.00574e-36
1	1	1	29903
0.980926	1	0.999817	29897.5
0.282267	1	0.639307	19117.2
0.980018	1	0.999799	29897
1	1.46714e-35	1.19142e-33	3.56271e-29
0.984611	0.00183692	0.0132306	395.635
0.725848	0.275243	0.521541	15595.6
0.822465	0.0662242	0.212975	6368.59
0.498973	0.000897198	0.00389991	116.619
0.807871	1.10768e-08	1.74782e-07	0.00522652
0.219499	1	0.552349	16516.9
0.560633	1	0.885065	26466.1
0.878029	1	0.992239	29670.9
0.572804	1	0.891977	26672.8
1	1	1	29903
0.991264	0.677462	0.938936	28077
0.869472	1	0.991084	29636.4
0.237002	0.00335734	0.00647402	193.593
0.786711	0.404641	0.682718	20415.3
0.919496	0.308599	0.641186	19173.4
0.868224	0.308395	0.620573	18557
0.959384	0.317343	0.666522	19931
0.866059	0.30837	0.619663	18529.8
0.723681	0.308523	0.558038	16687
0.58493	1	0.898607	26871
0.719849	0.126143	0.308647	9229.48
0.692521	0.126273	0.300531	8986.77
0.579007	0.131082	0.271589	8121.32
0.656191	0.11568	0.271618	8122.18
0.918874	0.113454	0.339954	10165.7
0.89978	0.113464	0.335056	10019.2
0.463404	0.0962385	0.183299	5481.18
0.789196	0.0961926	0.271634	8122.68
0.514375	0.0918731	0.191494	5726.23
0.54648	0.0910089	0.198991	5950.42
0.906645	0.0874783	0.280317	8382.32
0.995866	0.0830791	0.288921	8639.62
0.999998	0.0830551	0.289717	8663.4
0.497036	1.39812e-12	2.01491e-11	6.02519e-07
0.712105	1	0.953886	28524
0.769762	1	0.971189	29041.5
7.13841e-08	1.39198e-08	3.53195e-14	1.05616e-09
0.61423	0.0569754	0.152321	4554.85
1	1.58554e-14	5.19664e-13	1.55395e-08
0.954046	0.0970166	0.312839	9354.83
0.129562	0.000685562	0.000917442	27.4343
0.731143	0.0554284	0.170445	5096.82
0.679867	5.48526e-11	9.32768e-10	2.78926e-05
0.823673	0.0130115	0.0593295	1774.13
1	1.67302e-06	2.39257e-05	0.715449
0.257476	0.125433	0.143162	4280.98
0.77226	1	0.971838	29060.9
0.974255	0.898829	0.991932	29661.7
0.833631	0.68711	0.891973	26672.7
0.433175	1	0.795575	23790.1
1	0.0203338	0.0995433	2976.64
0.507326	1.928e-07	1.67652e-06	0.050133
1	3.4017e-30	2.34218e-28	7.00382e-24
0.935338	1	0.997863	29839.1
0.954561	1	0.998952	29871.7
0.951404	1	0.9988	29867.1
0.956248	1	0.999029	29874
0.972325	1	0.999613	29891.4
0.682389	1.05731e-05	9.26353e-05	2.77007
1	7.66411e-13	2.2147e-11	6.62262e-07
0.88334	1	0.992914	29691.1
0.943002	4.05222e-11	9.54849e-10	2.85528e-05
1	1	1	29903
0.964217	0.838557	0.980377	29316.2
0.928788	0.753571	0.949639	28397.1
1	0.14795	0.430664	12878.1
0.788472	1	0.975859	29181.1
0.861206	0.58576	0.849645	25406.9
0.966203	1	0.999422	29885.7
0.935533	1	0.997876	29839.5
0.590458	0.508822	0.661719	19787.4
0.989914	1.35004e-23	7.17254e-22	2.1448e-17
0.164985	0.310621	0.203509	6085.54
0.065233	0.475248	0.138693	4147.34
0.0664189	0.474923	0.140571	4203.51
0.103571	0.524524	0.212563	6356.26
0.999997	1	1	29903
0.506782	1	0.851229	25454.3
0.31481	1	0.678663	20294.1
0.587871	1	0.900176	26918
0.999464	2.11516e-09	4.4341e-08	0.00132593
0.999687	4.9227e-32	3.59684e-30	1.07556e-25
0.999999	2.04492e-12	5.70853e-11	1.70702e-06
0.297252	0.00233699	0.00574639	171.834
1	0.685387	0.944307	28237.6
1	0.555068	0.881817	26369
0.817569	0.00435614	0.0236394	706.889
0.286127	1	0.644163	19262.4
0.999999	0.234086	0.573994	17164.1
0.866174	1	0.990617	29622.4
1	0.535063	0.869676	26005.9
0.998889	0.81104	0.980713	29326.3
0.907055	0.622418	0.887328	26533.8
0.139784	1	0.41483	12404.7
0.273099	1	0.62756	18765.9
0.992943	1	0.999975	29902.3
0.833693	1	0.985333	29464.4
0.571656	1	0.891336	26653.6
0.951526	1	0.998806	29867.3
0.361316	4.22676e-09	3.2529e-08	0.000972715
0.644703	1	0.927705	27741.2
0.23997	0.5124	0.380672	11383.2
1	7.74742e-11	1.88116e-09	5.62522e-05
0.911706	1	0.995982	29782.9
0.947292	1	0.998586	29860.7
0.825454	1	0.983794	29418.4
0.934454	1	0.997803	29837.3
0.0629522	0.00516152	0.00293473	87.7572
0.0148572	0.000936644	0.00016953	5.06946
0.567509	1	0.889002	26583.8
0.831676	1	0.984964	29453.4
1	0.122823	0.380385	11374.7
0.892888	1	0.994047	29725
0.808601	0.0891587	0.261685	7825.18
0.999183	0.0396621	0.167561	5010.59
0.718191	1	0.955927	28585.1
0.746841	1	0.964846	28851.8
0.856765	1	0.989214	29580.5
0.707546	1	0.952323	28477.3
0.00855207	1	0.0492735	1473.42
0.0874306	1	0.300491	8985.59
0.999997	1	1	29903
0.0985067	1	0.326809	9772.57
0.962874	1	0.999302	29882.1
0.81164	1	0.981028	29335.7
0.565858	1	0.888064	26555.8
0.729411	0.14949	0.350676	10486.3
0.573988	0.411389	0.576957	17252.7
0.0401956	3.53953e-11	4.02327e-11	1.20308e-06
1	0.489625	0.839274	25096.8
0.628133	0.0464646	0.132331	3957.1
0.990042	0.391427	0.754893	22573.6
0.976915	1	0.999731	29895
1	1	1	29903
0.704938	0.000487202	0.00308295	92.1893
0.107853	0.000516511	0.000601383	17.9832
0.341764	1	0.708693	21192.1
0.458289	1	0.815871	24397
0.653531	1	0.931521	27855.3
0.930911	1	0.997556	29829.9
0.974321	1	0.999667	29893.1
1	8.40994e-12	2.22877e-10	6.66469e-06
0.252214	0.00610466	0.0115109	344.211
0.649016	0.823644	0.86936	25996.5
0.835705	1	0.985697	29475.3
0.991164	0.228855	0.563348	16845.8
1	1	1	29903
0.986931	1	0.999914	29900.4
1	1	1	29903
0.998244	1	0.999998	29903
0.253373	0.125201	0.141189	4221.97
0.848557	1	0.987905	29541.3
0.994107	0.657244	0.931452	27853.2
0.92885	1	0.997407	29825.4
0.953703	1	0.998911	29870.4
0.966091	0.0214096	0.100903	3017.31
0.922033	1	0.996878	29809.7
0.372264	1	0.740117	22131.7
0.980981	0.686997	0.939883	28105.3
0.496303	0.055857	0.12712	3801.27
0.379662	1	0.747355	22348.2
0.339795	1	0.706574	21128.7
0.999987	1	1	29903
0.190262	0.0371915	0.0421103	1259.22
0.82587	0.187101	0.443078	13249.4
0.975838	1	0.999706	29894.2
0.947728	1	0.998609	29861.4
0.990691	1	0.999957	29901.7
0.995008	1	0.999988	29902.6
0.524133	0.00783186	0.0266639	797.33
0.877198	1	0.992131	29667.7
0.00018618	1.46803e-95	6.23032e-97	1.86305e-92
0.325652	0.0021648	0.00582119	174.071
0.999999	0.00371145	0.024482	732.084
0.999998	1.19641e-06	1.75109e-05	0.523627
0.998254	0.0703149	0.256659	7674.87
0.326952	1	0.692465	20706.8
0.085379	0.871377	0.267706	8005.23
1	1	1	29903
1	0.753824	0.966852	28911.8
0.0513679	0.694684	0.154622	4623.66
0.999992	5.07573e-11	1.2539e-09	3.74953e-05
0.973067	1	0.999634	29892.1
1.00358e-08	0.711676	1.41111e-07	0.00421965
0.0052898	1	0.0330188	987.36
0.977151	0.753987	0.961835	28761.7
0.431093	1	0.793828	23737.8
0.665909	1	0.936669	28009.2
0.0323058	1	0.143196	4281.98
0.717256	1	0.955616	28575.8
0.999999	1.77591e-05	0.000212019	6.34
0.991441	0.744986	0.962398	28778.6
0.997045	0.124819	0.383785	11476.3
1	1	1	29903
0.999927	1	1	29903
0.673264	0.507525	0.708623	21189.9
0.975687	1	0.999702	29894.1
0.999922	0.777912	0.973263	29103.5
1	0.670668	0.938587	28066.6
0.245392	1	0.590143	17647.1
0.999999	0.488614	0.83855	25075.2
0.694736	0.156443	0.349894	10462.9
0.999941	2.60937e-10	6.01862e-09	0.000179975
0.999963	3.22774e-14	1.03492e-12	3.09471e-08
0.645341	0.0156132	0.0564008	1686.55
0.357955	0.308115	0.353443	10569
0.115697	0.74473	0.297393	8892.94
0.339478	0.432363	0.42842	12811
0.999968	0.0011625	0.0090175	269.65
0.496142	0.429538	0.54257	16224.5
0.75742	1.34511e-05	0.000127293	3.80644
0.983709	1	0.999867	29899
0.772018	1	0.971776	29059
0.356632	1	0.724338	21659.9
0.620822	1	0.916775	27414.3
0.453062	1	0.811763	24274.2
0.782627	1	0.974448	29138.9
0.835301	1	0.985624	29473.1
0.983962	1	0.999871	29899.1
0.688067	0.000713486	0.0042314	126.531
1	0.0025279	0.0176457	527.659
0.999133	0.126341	0.387485	11587
0.935819	0.0204345	0.0947903	2834.51
0.883281	0.00260795	0.0162937	487.231
0.909798	0.00260788	0.0167123	499.749
0.979118	0.00138799	0.0103298	308.892
0.953304	0.00138799	0.0100928	301.805
0.96886	0.000747193	0.0059585	178.177
0.799745	0.000409472	0.00295515	88.3679
0.954899	0.000165428	0.00154067	46.0708
0.165983	0.481752	0.281964	8431.57
0.789009	0.149701	0.370421	11076.7
0.174943	0.445714	0.276917	8280.65
0.108838	0.750478	0.286286	8560.8
0.112184	0.758224	0.294684	8811.93
0.959763	0.748531	0.956	28587.3
0.97234	0.748713	0.959108	28680.2
0.897329	0.205269	0.495807	14826.1
0.674276	0.18524	0.384729	11504.5
0.81145	1	0.980988	29334.5
0.915426	0.0900788	0.288235	8619.1
1	2.04869e-06	2.88831e-05	0.863692
0.999357	1	1	29903
0.905713	1	0.995408	29765.7
0.555147	0.0881757	0.196631	5879.87
0.483183	1	0.834631	24958
0.257317	1	0.60661	18139.5
0.999988	0.891705	0.993911	29720.9
0.999999	1	1	29903
0.671817	1	0.939045	28080.3
0.993047	1	0.999976	29902.3
0.830263	0.0766935	0.239036	7147.89
0.606294	1	0.909678	27202.1
0.562462	0.0339707	0.0947276	2832.64
0.441257	1	0.802262	23990
0.392422	1	0.7595	22711.3
0.999025	2.60081e-25	1.49686e-23	4.47606e-19
0.998588	1	0.999999	29903
1	1	1	29903
0.782172	1	0.974337	29135.6
0.924244	0.770799	0.953988	28527.1
0.955124	0.537334	0.855565	25583.9
0.571725	0.617965	0.720893	21556.9
0.460371	1	0.817491	24445.4
0.0944175	0.475517	0.18423	5509.03
0.0736359	0.745556	0.214232	6406.18
0.999996	0.0300724	0.13545	4050.36
0.999993	5.41961e-11	1.3353e-09	3.99294e-05
0.94885	0.771918	0.960501	28721.9
0.999997	0.054582	0.213309	6378.57
0.709397	1	0.952961	28496.4
0.862684	0.753712	0.930102	27812.8
0.999999	1	1	29903
0.995026	1	0.999988	29902.6
0.915118	0.486161	0.805223	24078.6
0.775326	1	0.972625	29084.4
0.946818	1	0.99856	29859.9
0.999998	0.178261	0.485672	14523
0.232517	1	0.571711	17095.9
0.975466	1	0.999697	29893.9
0.977373	1	0.999742	29895.3
0.585022	1	0.898655	26872.5
0.999999	1	1	29903
0.999999	1	1	29903
0.974686	1	0.999677	29893.3
0.774636	1	0.972449	29079.1
0.796279	1	0.977676	29235.4
0.869483	1	0.991086	29636.4
0.999996	1	1	29903
0.281679	1	0.638562	19094.9
0.932225	0.202242	0.503101	15044.2
0.960637	0.0442237	0.176672	5283.02
0.944397	0.0441441	0.174158	5207.85
0.947106	1	0.998576	29860.4
0.739862	0.00640903	0.0301168	900.581
0.540472	0.682971	0.737004	22038.6
0.43387	7.38536e-07	5.112e-06	0.152864
0.997254	0.000304225	0.002761	82.5621
0.870769	0.0235217	0.10012	2993.89
0.984042	1	0.999872	29899.2
0.965307	1	0.999391	29884.8
0.973571	1	0.999648	29892.5
0.108623	1	0.349751	10458.6
0.0089771	1	0.0512869	1533.63
0.288674	1	0.647339	19357.4
0.0997803	1	0.329752	9860.59
0.161119	1	0.45526	13613.6
0.338614	1	0.705297	21090.5
0.767559	1	0.970609	29024.1
0.343624	1	0.710685	21251.6
0.869421	1	0.991077	29636.2
0.235133	1	0.575513	17209.6
0.260218	1	0.610532	18256.7
0.251227	1	0.598271	17890.1
0.489837	1	0.839425	25101.3
0.477212	1	0.830251	24827
0.00118979	1	0.00920178	275.161
0.0274636	1	0.126192	3773.53
0.0879379	1	0.301726	9022.51
0.0990338	1	0.328029	9809.05
0.124719	1	0.384346	11493.1
0.00165498	1	0.0122534	366.415
0.0205591	1	0.10042	3002.85
0.06302	1	0.237227	7093.78
0.0528815	1	0.208337	6229.91
0.0725894	1	0.262987	7864.09
0.0334227	1	0.147011	4396.06
0.0889403	1	0.304157	9095.21
0.00182515	1	0.0133347	398.747
0.0587038	1	0.225144	6732.48
0.26059	1	0.611033	18271.7
0.760379	0.202755	0.442423	13229.8
0.968237	0.000550958	0.00455367	136.168
0.958008	0.0022258	0.0152474	455.942
0.981054	1	0.999819	29897.6
0.382826	1	0.750406	22439.4
0.977041	1	0.999734	29895.1
0.322375	1	0.687316	20552.8
0.0828237	1	0.289141	8646.18
0.804284	1	0.979459	29288.8
0.731877	1	0.960327	28716.7
0.999974	0.162134	0.457101	13668.7
0.701911	1	0.950352	28418.4
0.999993	0.187238	0.50093	14979.3
0.0101905	0.932971	0.0537712	1607.92
0.985132	1	0.999889	29899.7
0.603939	1	0.908494	27166.7
0.434594	1	0.79676	23825.5
0.143326	3.03755e-05	5.80967e-05	1.73727
0.4338	3.56201e-05	0.000186626	5.58067
0.546138	1.92792e-05	0.000131207	3.92349
0.412506	1.51812e-05	8.12914e-05	2.43086
0.522121	3.79162e-06	2.7978e-05	0.836626
0.39227	0.0211846	0.0481176	1438.86
0.829834	0.228354	0.504701	15092.1
0.561913	0.210699	0.371017	11094.5
0.541028	2.17127e-06	1.72149e-05	0.514776
0.60588	0.0381022	0.110084	3291.84
1	0.335082	0.701454	20975.6
0.97202	0.162215	0.448937	13424.6
0.956511	0.443559	0.788032	23564.5
0.943844	0.708179	0.937682	28039.5
0.918966	0.756799	0.948043	28349.3
0.723566	0.782527	0.888265	26561.8
0.826669	0.777634	0.926888	27716.7
0.979733	1	0.999793	29896.8
0.399546	0.590834	0.57686	17249.9
0.676336	0.586233	0.763285	22824.5
1	3.24498e-08	5.92e-07	0.0177026
1	1.99976e-18	8.3497e-17	2.49681e-12
0.685485	1	0.944344	28238.7
0.0493531	0.903116	0.183219	5478.78
0.695853	1	0.948181	28353.5
0.964636	1	0.999367	29884.1
0.879232	0.607918	0.869324	25995.4
0.999998	1	1	29903
0.851641	1	0.988406	29556.3
0.238706	1	0.580658	17363.4
0.345054	0.335462	0.365349	10925
0.5861	0.000226999	0.00132044	39.4851
0.856483	0.687472	0.900673	26932.8
0.984423	0.0297723	0.132764	3970.04
0.999952	1.78689e-11	4.60066e-10	1.37573e-05
0.20005	1	0.521968	15608.4
0.7826	0.0730853	0.220851	6604.1
0.750063	0.287053	0.545953	16325.6
0.895845	1	0.994377	29734.9
0.812123	1	0.981129	29338.7
0.720618	1	0.956726	28609
0.7271	1	0.95882	28671.6
0.955445	1	0.998992	29872.9
0.946208	1	0.998527	29858.9
0.999999	1	1	29903
0.389407	1	0.756668	22626.6
0.00308237	0.000126556	6.14663e-06	0.183803
0.511602	0.0527621	0.124497	3722.84
0.41405	0.000243635	0.00102911	30.7734
1	0.519669	0.859826	25711.4
0.737762	0.000243047	0.00172612	51.6161
0.16438	0.000242953	0.000444423	13.2896
0.16438	0.000242953	0.000444423	13.2896
0.640692	0.000242953	0.00152045	45.4659
0.483672	0.000242953	0.00118085	35.3111
0.384415	0.000242953	0.000959976	28.7062
0.325603	0.000242953	0.000826243	24.7071
1	0.838694	0.986228	29491.2
0.999426	0.0929078	0.313544	9375.9
0.623444	1	0.918019	27451.5
0.364796	1	0.732663	21908.8
0.99665	1	0.999994	29902.8
0.782409	0.101431	0.28044	8386
0.999999	1.35414e-07	2.27697e-06	0.0680882
0.847353	1	0.987707	29535.4
0.950395	1	0.998749	29865.6
0.359507	0.803391	0.647527	19363
0.999997	1.13868e-06	1.67221e-05	0.500042
1	2.98882e-07	4.78906e-06	0.143207
0.199072	0.133836	0.12323	3684.94
0.965627	8.30978e-10	1.76077e-08	0.000526523
0.16216	0.0670108	0.0600055	1794.34
0.953335	9.64376e-12	2.42829e-10	7.26133e-06
0.953974	2.54674e-23	1.28939e-21	3.85566e-17
0.999999	0.000835029	0.00675375	201.957
0.837709	0.00710624	0.0364552	1090.12
0.130894	1	0.397049	11873
0.999935	1	1	29903
0.999961	0.549161	0.878296	26263.7
1	0.27937	0.635628	19007.2
0.587884	1	0.900183	26918.2
0.761876	1	0.969085	28978.5
0.925648	1	0.997165	29818.2
0.989879	1	0.999949	29901.5
0.530819	1	0.867005	25926
0.998517	1	0.999999	29903
0.703343	1	0.950857	28433.5
0.990324	0.672314	0.936628	28008
0.870712	0.457797	0.76524	22883
0.984507	0.431557	0.788547	23579.9
0.997296	0.096927	0.322523	9644.41
0.913977	1	0.996189	29789
0.937943	1	0.998033	29844.2
0.932255	1	0.997652	29832.8
0.983749	1	0.999867	29899
0.211923	1	0.540729	16169.4
0.8042	1	0.979441	29288.2
0.629389	1	0.9208	27534.7
1	0.540739	0.873195	26111.2
0.349451	1	0.716861	21436.3
0.886439	4.95945e-06	5.86229e-05	1.753
0.724917	0.288841	0.536777	16051.2
0.876483	1	0.992037	29664.9
0.999976	1	1	29903
0.924985	1	0.997113	29816.7
0.999991	1	1	29903
0.618567	1	0.915695	27382
0.373337	1	0.741177	22163.4
0.64412	1	0.927449	27733.5
0.985048	1.01699e-21	4.94403e-20	1.47841e-15
0.730761	0.632858	0.819113	24493.9
0.998225	0.64448	0.927104	27723.2
0.994399	0.752628	0.965303	28865.5
0.349025	0.526437	0.495038	14803.1
0.862782	0.763379	0.93367	27919.5
0.567626	0.565327	0.685637	20502.6
0.93588	0.719353	0.939605	28097
0.0438201	0.142108	0.0378541	1131.95
0.158476	6.31544e-06	1.48272e-05	0.443376
0.600535	0.725717	0.797778	23856
0.283722	0.556913	0.44955	13442.9
0.47615	1	0.829464	24803.5
1	0.83824	0.986148	29488.8
0.951248	1	0.998792	29866.9
0.971719	1	0.999596	29890.9
0.746846	0.831701	0.916932	27419
0.879582	1	0.99244	29676.9
0.402052	1	0.768391	22977.2
0.742128	1	0.963455	28810.2
0.808828	1	0.980436	29318
0.237702	1	0.579218	17320.4
0.216152	1	0.547248	16364.4
0.00151781	0.241995	0.00327242	97.8552
0.25111	1	0.598109	17885.3
0.692366	1	0.946908	28315.4
0.743949	1	0.963996	28826.4
0.725981	1	0.958463	28660.9
0.911446	1	0.995958	29782.1
0.238318	1	0.580102	17346.8
0.780918	1	0.974027	29126.3
0.911446	1	0.995958	29782.1
0.271623	0.235804	0.240065	7178.66
0.999903	0.277516	0.633223	18935.3
2.40141e-05	0.00123978	5.45714e-07	0.0163185
0.0513055	0.00123978	0.000678233	20.2812
0.0205468	0.000622489	0.000156894	4.69161
0.999943	0.646686	0.928557	27766.6
0.860187	1	0.989736	29596.1
0.69274	1	0.947045	28319.5
0.859414	0.000238223	0.00194369	58.1221
0.214849	1.47813e-05	4.33805e-05	1.29721
0.910139	3.80051e-05	0.000389896	11.6591
0.952054	8.39424e-07	1.20194e-05	0.359415
1	0.759328	0.968387	28957.7
0.816662	0.759242	0.916403	27403.2
0.998276	0.00952666	0.0537841	1608.31
1	1.82979e-17	7.23494e-16	2.16346e-11
0.340962	0.264791	0.307398	9192.12
0.719974	1	0.956514	28602.6
0.99984	0.787138	0.975511	29170.7
0.190604	1	0.506542	15147.1
0.210753	1	0.53891	16115
0.659146	0.730775	0.833541	24925.4
0.034598	1	0.150984	4514.88
0.999998	1	1	29903
0.991181	1	0.999961	29901.8
1	0.92968	0.997467	29827.3
1	0.929688	0.997468	29827.3
0.999115	1	1	29903
0.997722	0.0012536	0.00961072	287.389
0.994696	0.421951	0.784101	23447
0.789067	1	0.976	29185.3
0.378232	1	0.745967	22306.7
0.999999	1	1	29903
0.736466	1	0.961745	28759.1
0.841013	0.829583	0.948845	28373.3
1	0.453674	0.812247	24288.6
0.962782	1	0.999299	29882
0.822983	1	0.983316	29404.1
0.992625	0.615747	0.912116	27275
0.997341	0.615754	0.913542	27317.6
0.769594	1	0.971145	29040.1
0.717541	1	0.955711	28578.6
0.655114	1	0.932192	27875.3
0.666271	1	0.936816	28013.6
0.576503	1	0.894026	26734.1
0.0531994	0.125609	0.0401492	1200.58
0.770508	0.00803792	0.0376817	1126.8
0.323142	0.841739	0.626133	18723.3
0.669209	2.81259e-08	3.53634e-07	0.0105747
1	0.0112424	0.061699	1844.98
0.967502	1	0.999466	29887
0.925744	1	0.997172	29818.4
0.91011	1	0.995833	29778.4
0.9723	1	0.999613	29891.4
0.920676	1	0.996767	29806.3
0.914591	1	0.996244	29790.7
0.851173	1	0.988331	29554.1
0.87677	1	0.992075	29666
0.809714	1	0.980624	29323.6
0.984861	1	0.999885	29899.6
0.726599	1	0.958661	28666.8
0.0852963	1	0.295264	8829.27
0.545463	0.709509	0.754401	22558.9
0.76302	0.0680656	0.205548	6146.49
0.981352	0.133055	0.396399	11853.5
0.999986	4.25165e-11	1.05784e-09	3.16327e-05
0.386905	0.770465	0.658894	19702.9
0.886434	0.749162	0.935924	27986.9
0.814211	1	0.98156	29351.6
0.106922	1.68883e-05	2.56856e-05	0.768076
0.785841	0.294044	0.569599	17032.7
0.194564	1	0.513064	15342.2
0.613978	1	0.913474	27315.6
0.959218	0.230467	0.554723	16587.9
0.95329	1	0.998892	29869.9
0.627194	1	0.91978	27504.2
0.186566	0.20793	0.16485	4929.52
0.0199463	0.0190358	0.00337021	100.779
0.479547	1	0.831973	24878.5
0.987573	0.598043	0.901625	26961.3
0.76983	0.0582066	0.183957	5500.87
0.0325806	0.754976	0.115734	3460.8
0.487387	0.509481	0.594231	17769.3
0.999962	8.6818e-25	4.89664e-23	1.46424e-18
0.428899	0.0477065	0.10004	2991.49
0.98197	1	0.999836	29898.1
1	1	1	29903
1	0.285832	0.643794	19251.4
0.980926	0.624236	0.912668	27291.5
0.371549	1	0.739411	22110.6
0.349208	1	0.716605	21428.6
0.881771	1	0.992718	29685.2
0.864607	1	0.99039	29615.6
0.0582206	1	0.223772	6691.44
0.835813	1	0.985716	29475.9
1	0.555143	0.881861	26370.3
0.655145	1	0.932205	27875.7
1	0.74164	0.96331	28805.8
0.423216	0.823315	0.715797	21404.5
0.939192	0.696061	0.931607	27857.9
0.999819	1	1	29903
0.791757	0.502779	0.764751	22868.4
0.0335299	0.273945	0.0522661	1562.91
0.995107	0.00111086	0.0086306	258.081
0.837386	0.254016	0.541947	16205.8
0.999999	0.326569	0.692037	20694
0.999999	0.326597	0.692068	20694.9
1	1	1	29903
1	1	1	29903
1	1	1	29903
1	1	1	29903
1	0.0154353	0.0798175	2386.78
0.672233	0.449532	0.663821	19850.2
0.818305	1	0.982392	29376.5
0.839556	0.0331252	0.127437	3810.75
0.999986	0.0556243	0.216328	6468.86
0.788735	0.179008	0.41759	12487.2
0.105801	0.00426666	0.00392873	117.481
0.482512	0.00253234	0.00941752	281.612
0.999965	2.02413e-05	0.000238998	7.14674
0.208933	0.348982	0.263837	7889.53
0.166031	0.74784	0.383191	11458.5
0.800003	0.0301504	0.113962	3407.8
0.820923	0.127406	0.340724	10188.7
1	0.0313762	0.139991	4186.17
0.661964	0.476352	0.679261	20312
0.691183	0.144844	0.330521	9883.56
0.736669	0.407309	0.661255	19773.5
0.819267	0.00369547	0.0205875	615.627
0.0495552	3.76498e-13	6.08467e-13	1.8195e-08
1	0.0189104	0.0939477	2809.32
0.488116	0.451723	0.553854	16561.9
0.479754	0.45158	0.548006	16387
0.928385	0.264654	0.590577	17660
0.178542	0.814042	0.425656	12728.4
1	1	1	29903
0.954006	0.00312732	0.0203314	607.971
0.969126	0.00131462	0.00976621	292.039
0.804446	0.315084	0.601357	17982.4
0.938986	1	0.9981	29846.2
0.948898	1	0.998671	29863.3
0.717859	1	0.955817	28581.8
1	0.00183676	0.0134079	400.937
0.999934	0.000203021	0.00192903	57.6839
0.977416	1	0.999743	29895.3
1	0.0243507	0.114818	3433.41
0.956543	1	0.999042	29874.3
0.793096	0.0745043	0.226235	6765.1
0.999109	0.0890285	0.304179	9095.85
0.998333	0.0886712	0.303147	9065.01
0.999999	0.00293643	0.0200574	599.778
0.985892	0.0111361	0.0605136	1809.54
0.885991	1	0.993239	29700.8
1	0.771112	0.971541	29052
0.999966	1	1	29903
0.924326	0.771112	0.954108	28530.7
0.988403	0.0109583	0.0598459	1789.57
0.99998	0.644484	0.927603	27738.1
0.589961	0.081411	0.193844	5796.51
0.596674	0.000753276	0.00391366	117.03
0.94871	0.000765085	0.00597237	178.592
0.818071	1.31821e-08	2.08616e-07	0.00623825
0.863157	1.32551e-08	2.20655e-07	0.00659826
0.412185	1.30856e-08	1.08079e-07	0.00323189
0.264231	9.4119e-13	7.46637e-12	2.23267e-07
0.0322252	2.67893e-13	2.88194e-13	8.61787e-09
0.0893535	1.20342e-13	3.56606e-13	1.06636e-08
0.048955	1.74906e-14	3.0563e-14	9.13925e-10
0.323066	5.66628e-14	5.97348e-13	1.78625e-08
0.999286	1	1	29903
0.833215	0.384652	0.685186	20489.1
0.999981	0.299416	0.660481	19750.4
0.943943	0.749075	0.952163	28472.5
0.278367	0.358744	0.329941	9866.23
0.741488	0.0146896	0.0601217	1797.82
0.993194	0.237856	0.577108	17257.2
0.988817	0.066805	0.245552	7342.75
0.998621	0.0659759	0.245082	7328.68
0.997585	0.0670391	0.247773	7409.17
0.99505	0.0661496	0.244911	7323.57
0.99681	0.000263107	0.00242497	72.5138
0.996543	0.000782336	0.00635921	190.159
0.998909	0.000779339	0.00635103	189.915
0.998052	0.000786166	0.006395	191.23
0.997797	0.000251604	0.00233222	69.7403
0.998446	0.000250922	0.00232792	69.6119
0.997169	0.00076081	0.00620882	185.662
0.998518	0.000743477	0.00609168	182.159
0.999593	0.0007178	0.00591206	176.788
0.381414	0.156127	0.227534	6803.95
0.568346	0.249106	0.41835	12509.9
0.729841	0.148502	0.349219	10442.7
0.415645	1.4801e-06	9.41331e-06	0.281486
0.973133	1.19625e-05	0.000143895	4.30289
0.967972	6.91919e-06	8.6491e-05	2.58634
0.999998	8.40826e-05	0.000873087	26.1079
0.740845	7.51796e-05	0.000601276	17.98
0.481311	0.00010986	0.000573585	17.1519
0.373673	6.2859e-05	0.000273855	8.18907
0.90513	3.5719e-05	0.00036661	10.9627
0.840599	1.20906e-05	0.000127008	3.79793
0.601953	1.34168e-05	0.000102783	3.07352
0.514277	0.474077	0.58791	17580.3
0.649774	0.474077	0.670768	20058
0.649774	0.474077	0.670768	20058
0.514277	0.474077	0.58791	17580.3
0.776035	5.27889e-06	5.49164e-05	1.64217
0.494782	2.00848e-05	0.00012441	3.72024
0.894549	1.09044e-17	3.91827e-16	1.17168e-11
0.924713	0.00621756	0.0354089	1058.83
0.793863	0.00621756	0.0311515	931.524
0.946656	3.91704e-17	1.43998e-15	4.30597e-11
0.975026	3.94065e-17	1.4907e-15	4.45765e-11
0.974504	1	0.999672	29893.2
0.990414	1	0.999954	29901.6
0.972872	0.0915157	0.304381	9101.92
0.64261	0.00269323	0.0127366	380.862
0.635293	0.00423898	0.0186277	557.025
0.542688	0.00618481	0.0224776	672.147
0.501849	0.000655484	0.00296703	88.7231
0.981106	0.016599	0.0833401	2492.12
0.66677	0.0471664	0.140244	4193.71
0.654602	5.49128e-05	0.000403799	12.0748
0.791037	0.00054459	0.00376937	112.716
0.852005	5.93824e-06	6.67551e-05	1.99618
0.322912	1	0.687923	20571
0.335748	1	0.702182	20997.3
