quality	AA	AC	AG	AT	A.	CA	CC	CG	CT	C.	GA	GC	GG	GT	G.	TA	TC	TG	TT	T.	.A	.C	.G	.T	..
0	NA	NA	NA	NA	NA	NA	NA	NA	NA	NA	NA	NA	NA	NA	NA	NA	NA	NA	NA	NA	NA	NA	NA	NA	NA
1	NA	NA	NA	NA	NA	NA	NA	NA	NA	NA	NA	NA	NA	NA	NA	NA	NA	NA	NA	NA	NA	NA	NA	NA	NA
2	NA	NA	NA	NA	NA	NA	NA	NA	NA	NA	NA	NA	NA	NA	NA	NA	NA	NA	NA	NA	NA	NA	NA	NA	NA
3	NA	NA	NA	NA	NA	NA	NA	NA	NA	NA	NA	NA	NA	NA	NA	NA	NA	NA	NA	NA	NA	NA	NA	NA	NA
4	NA	NA	NA	NA	NA	NA	NA	NA	NA	NA	NA	NA	NA	NA	NA	NA	NA	NA	NA	NA	NA	NA	NA	NA	NA
5	NA	NA	NA	NA	NA	NA	NA	NA	NA	NA	NA	NA	NA	NA	NA	NA	NA	NA	NA	NA	NA	NA	NA	NA	NA
6	NA	NA	NA	NA	NA	NA	NA	NA	NA	NA	NA	NA	NA	NA	NA	NA	NA	NA	NA	NA	NA	NA	NA	NA	NA
7	NA	NA	NA	NA	NA	NA	NA	NA	NA	NA	NA	NA	NA	NA	NA	NA	NA	NA	NA	NA	NA	NA	NA	NA	NA
8	NA	NA	NA	NA	NA	NA	NA	NA	NA	NA	NA	NA	NA	NA	NA	NA	NA	NA	NA	NA	NA	NA	NA	NA	NA
9	NA	NA	NA	NA	NA	NA	NA	NA	NA	NA	NA	NA	NA	NA	NA	NA	NA	NA	NA	NA	NA	NA	NA	NA	NA
10	NA	NA	NA	NA	NA	NA	NA	NA	NA	NA	NA	NA	NA	NA	NA	NA	NA	NA	NA	NA	NA	NA	NA	NA	NA
11	0.976488	0.0117559	0.00354544	0.00783728	0.000373204	0.0576052	0.916181	0.00647249	0.0190939	0.000647249	0.0253435	0.00733627	0.926104	0.0410831	0.000133387	0.0361953	0.0126263	0.0210438	0.930135	NA	0.000175152	5.83839e-05	NA	NA	0.999766
12	0.955054	0.0129969	0.022292	0.00957669	8.04764e-05	0.0368728	0.945225	0.00464917	0.0129856	0.000267194	0.0141707	0.00511125	0.949316	0.031249	0.000153032	0.0137133	0.0139661	0.0240774	0.948054	0.000189585	4.34669e-05	3.26002e-05	3.26002e-05	7.60671e-05	0.999815
13	0.966472	0.0156737	0.00686111	0.0108303	0.00016336	0.0292818	0.955216	0.0043517	0.0110771	7.37577e-05	0.00933633	0.00427915	0.96468	0.0215625	0.000142021	0.0136043	0.00964199	0.0217152	0.954852	0.000186219	4.37973e-05	2.053e-05	3.55853e-05	4.5166e-05	0.999855
14	0.962512	0.0170864	0.00673464	0.0133746	0.000292811	0.0270334	0.954411	0.00492226	0.0134255	0.00020835	0.0187512	0.00763114	0.940233	0.0331751	0.000209579	0.0176302	0.013052	0.0207556	0.948331	0.000231107	7.40397e-05	4.66176e-05	3.29066e-05	8.77508e-05	0.999759
15	0.976438	0.00880277	0.00545746	0.00910451	0.000196783	0.0111288	0.977728	0.00271218	0.00826921	0.000162141	0.0151825	0.00563459	0.953128	0.0259515	0.000102982	0.0250194	0.0176432	0.02484	0.932198	0.000299037	7.28559e-05	1.61902e-05	4.45231e-05	5.66657e-05	0.99981
16	0.960503	0.0123767	0.0107196	0.0162106	0.000190411	0.0182105	0.957895	0.00536003	0.018398	0.000136344	0.0202433	0.009531	0.941858	0.0282394	0.00012858	0.0206086	0.0144904	0.0193735	0.945203	0.000324696	9.4479e-05	6.57979e-05	6.41108e-05	7.59207e-05	0.9997
17	NA	NA	NA	NA	NA	NA	NA	NA	NA	NA	NA	NA	NA	NA	NA	NA	NA	NA	NA	NA	NA	NA	NA	NA	NA
18	NA	NA	NA	NA	NA	NA	NA	NA	NA	NA	NA	NA	NA	NA	NA	NA	NA	NA	NA	NA	NA	NA	NA	NA	NA
19	NA	NA	NA	NA	NA	NA	NA	NA	NA	NA	NA	NA	NA	NA	NA	NA	NA	NA	NA	NA	NA	NA	NA	NA	NA
20	0.996144	0.00192802	0.00128535	NA	0.000642674	0.00370028	0.995375	0.000925069	NA	NA	0.00580552	0.000725689	0.991655	0.00181422	NA	0.00232019	0.000773395	0.00464037	0.992266	NA	0.000299312	NA	NA	NA	0.999701
21	0.994507	0.00156935	0.00335271	0.000535007	3.56672e-05	0.00256328	0.996064	0.000457729	0.000869685	4.57729e-05	0.00100979	0.000439039	0.996532	0.00201958	NA	0.00113343	0.00149516	0.00200159	0.995322	4.82311e-05	2.6293e-05	8.76432e-06	2.6293e-05	8.76432e-06	0.99993
22	0.995881	0.0017863	0.00127593	0.000911378	0.00014582	0.00354003	0.994804	0.00039968	0.00125614	NA	0.0038261	0.000717394	0.992396	0.00306088	NA	0.00122349	0.00101958	0.0036025	0.994086	6.79717e-05	6.29868e-05	NA	NA	4.19912e-05	0.999895
23	0.995882	0.00138809	0.00203586	0.000578369	0.000115674	0.00215196	0.995729	0.000960106	0.00112564	3.31071e-05	0.00101122	0.000316006	0.99684	0.00183283	NA	0.00103793	0.00149584	0.001679	0.995726	6.10547e-05	1.75923e-05	5.86411e-06	1.17282e-05	2.93205e-05	0.999935
24	0.996857	0.00106622	0.00129068	0.000729517	5.61167e-05	0.00208428	0.996556	0.000543725	0.000815587	NA	0.00102916	0.000428816	0.996655	0.00188679	NA	0.000569801	0.00102564	0.00102564	0.997303	7.59734e-05	2.99289e-05	NA	NA	1.49645e-05	0.999955
25	0.997108	0.00144582	0.000552815	0.000807961	8.50485e-05	0.0025141	0.9947	0.00122308	0.00156282	NA	0.00217068	0.00099231	0.993736	0.00303895	6.20194e-05	0.00074985	0.000869826	0.00140972	0.996911	5.9988e-05	1.14067e-05	NA	NA	1.14067e-05	0.999977
26	0.997147	0.00106282	0.00117469	0.000559378	5.59378e-05	0.00207254	0.996043	0.000565238	0.00131889	NA	0.000884	0.000785777	0.995089	0.00324133	NA	0.000326714	0.00127056	0.000834937	0.997531	3.63016e-05	6.04312e-05	1.51078e-05	0.000105755	6.04312e-05	0.999758
27	0.995742	0.00113668	0.00163045	0.00141836	7.29063e-05	0.00137023	0.996416	0.000490828	0.00169745	2.55639e-05	0.00302801	0.00146839	0.990217	0.00525232	3.47548e-05	0.00108376	0.00139162	0.00372184	0.993718	8.50991e-05	4.06992e-05	1.79834e-05	1.60904e-05	4.54317e-05	0.99988
28	0.997898	0.00063065	0.00112115	0.000350361	NA	0.000191498	0.997894	0.000319163	0.00159581	NA	0.00258137	0.000662783	0.9955	0.0012558	NA	0.000500313	0.00312695	0.000375235	0.995997	NA	4.50552e-05	3.00368e-05	NA	6.00736e-05	0.999865
29	0.998015	NA	NA	NA	0.00198544	NA	1	NA	NA	NA	0.00457103	NA	0.995077	0.000351617	NA	0.00392927	NA	NA	0.996071	NA	NA	NA	NA	NA	1
30	0.996732	0.000495166	0.00199891	0.00073493	3.9092e-05	0.000339041	0.99803	0.00021938	0.00140403	7.97744e-06	0.00178482	0.000501192	0.996629	0.0010745	1.08171e-05	0.000729921	0.00191455	0.000642171	0.996662	5.18523e-05	2.15462e-05	9.48032e-06	6.89478e-06	1.55133e-05	0.999947
31	0.997914	0.000315218	0.00140689	0.000315218	4.86733e-05	0.000243634	0.998782	0.000111376	0.000863161	NA	0.000865277	0.000207272	0.998125	0.000796186	6.58005e-06	0.000397755	0.00120897	0.000617567	0.997729	4.71025e-05	2.38953e-05	7.96509e-06	5.79279e-06	1.81025e-05	0.999944
32	0.997785	0.000548487	0.00148414	0.000139811	4.30186e-05	0.000111804	0.999609	4.19264e-05	0.000237583	NA	0.000384752	7.12504e-05	0.999145	0.000399002	NA	5.64573e-05	0.00109151	0.000254058	0.998579	1.88191e-05	2.98143e-06	2.98143e-06	5.96287e-06	8.9443e-06	0.999979
33	0.998054	0.000460786	0.0013903	8.73904e-05	7.94458e-06	9.91943e-05	0.999647	6.61295e-05	0.000187367	NA	0.000206886	3.26662e-05	0.999368	0.000391995	NA	6.24744e-05	0.000937117	0.000346449	0.998643	1.1359e-05	6.5345e-06	2.17817e-06	2.17817e-06	6.5345e-06	0.999983
34	0.998227	0.000220825	0.001248	0.000236439	6.80321e-05	0.000175715	0.998772	9.40699e-05	0.000946023	1.24243e-05	0.000989743	0.000216363	0.998307	0.000477225	9.20692e-06	0.000219003	0.00104334	0.000387561	0.998276	7.38211e-05	2.46488e-05	9.92801e-06	7.53159e-06	2.05407e-05	0.999937
35	0.999516	6.25903e-05	0.000351757	3.63024e-05	3.37988e-05	3.72233e-05	0.999738	1.86116e-05	0.00020642	NA	0.000669236	7.68591e-05	0.99899	0.000254947	9.37306e-06	5.0909e-05	0.000410823	0.000438054	0.999055	4.49893e-05	9.21535e-06	5.44543e-06	3.76991e-06	1.59174e-05	0.999966
36	0.998312	0.00020217	0.00128337	0.000151627	5.05425e-05	0.000154246	0.999078	6.73469e-05	0.000693022	7.60369e-06	0.000716622	0.000120581	0.998908	0.000249004	5.88198e-06	0.000119032	0.0012039	0.000210103	0.998405	6.15129e-05	1.80431e-05	8.37715e-06	5.36997e-06	1.91171e-05	0.999949
37	0.998449	0.000156919	0.00125447	9.43279e-05	4.496e-05	0.000150928	0.999124	7.85442e-05	0.000637594	9.24049e-06	0.000482294	0.00010934	0.999188	0.000212689	7.48904e-06	7.60777e-05	0.00115287	0.000183088	0.998523	6.52094e-05	1.94703e-05	7.67844e-06	3.83922e-06	2.0293e-05	0.999949
38	0.998571	0.000134835	0.00117041	7.76933e-05	4.56135e-05	0.000119195	0.999182	4.15981e-05	0.00065277	4.79978e-06	0.000498302	7.50548e-05	0.999232	0.00018725	7.73761e-06	7.8858e-05	0.00106329	0.000168024	0.998623	6.64881e-05	2.02274e-05	8.1836e-06	5.24986e-06	2.02274e-05	0.999946
39	0.998583	0.000118772	0.001189	5.85438e-05	5.04209e-05	0.00015079	0.999223	4.46116e-05	0.000573531	8.39554e-06	0.000589211	6.50196e-05	0.999174	0.000161385	1.00866e-05	6.1346e-05	0.00100385	0.000133523	0.998744	5.74243e-05	2.22413e-05	9.09464e-06	5.883e-06	2.06205e-05	0.999942
40	0.998776	7.04468e-05	0.00103949	5.15031e-05	6.22045e-05	0.000145543	0.999192	4.72107e-05	0.000605568	9.49801e-06	0.000673844	4.60153e-05	0.999025	0.000240413	1.48535e-05	5.43462e-05	0.000760756	0.000137039	0.999	4.77109e-05	2.74638e-05	1.11506e-05	6.26784e-06	2.23432e-05	0.999933
