
SUMMARISING RUN PARAMETERS
==========================
Input filename: SC2261/host_removal/SC2261_R1.fastq.gz
Trimming mode: paired-end
Trim Galore version: 0.6.4_dev
Cutadapt version: 4.1
Python version: could not detect
Number of cores used for trimming: 2
Quality Phred score cutoff: 20
Quality encoding type selected: ASCII+33
Using Illumina adapter for trimming (count: 8521). Second best hit was Nextera (count: 0)
Adapter sequence: 'AGATCGGAAGAGC' (Illumina TruSeq, Sanger iPCR; auto-detected)
Maximum trimming error rate: 0.1 (default)
Minimum required adapter overlap (stringency): 1 bp
Minimum required sequence length for both reads before a sequence pair gets removed: 20 bp
Running FastQC on the data once trimming has completed
Output file will be GZIP compressed


This is cutadapt 4.1 with Python 3.9.13
Command line parameters: -j 2 -e 0.1 -q 20 -O 1 -a AGATCGGAAGAGC SC2261/host_removal/SC2261_R1.fastq.gz
Processing single-end reads on 2 cores ...
Finished in 19.75 s (44 µs/read; 1.36 M reads/minute).

=== Summary ===

Total reads processed:                 449,038
Reads with adapters:                   156,896 (34.9%)
Reads written (passing filters):       449,038 (100.0%)

Total basepairs processed:   112,708,538 bp
Quality-trimmed:                 851,497 bp (0.8%)
Total written (filtered):    110,774,266 bp (98.3%)

=== Adapter 1 ===

Sequence: AGATCGGAAGAGC; Type: regular 3'; Length: 13; Trimmed: 156896 times

Minimum overlap: 1
No. of allowed errors:
1-9 bp: 0; 10-13 bp: 1

Bases preceding removed adapters:
  A: 32.4%
  C: 22.2%
  G: 13.6%
  T: 30.7%
  none/other: 1.1%

Overview of removed sequences
length	count	expect	max.err	error counts
1	98833	112259.5	0	98833
2	38868	28064.9	0	38868
3	4908	7016.2	0	4908
4	1693	1754.1	0	1693
5	75	438.5	0	75
6	86	109.6	0	86
7	1530	27.4	0	1530
8	78	6.9	0	78
9	128	1.7	0	127 1
10	98	0.4	1	96 2
11	55	0.1	1	52 3
12	130	0.0	1	125 5
13	65	0.0	1	61 4
14	50	0.0	1	47 3
15	76	0.0	1	75 1
16	36	0.0	1	33 3
17	56	0.0	1	50 6
18	54	0.0	1	51 3
19	37	0.0	1	35 2
20	55	0.0	1	51 4
21	40	0.0	1	37 3
22	70	0.0	1	67 3
23	45	0.0	1	43 2
24	280	0.0	1	273 7
25	119	0.0	1	114 5
26	35	0.0	1	34 1
27	58	0.0	1	52 6
28	109	0.0	1	102 7
29	29	0.0	1	24 5
30	67	0.0	1	62 5
31	56	0.0	1	53 3
32	51	0.0	1	50 1
33	55	0.0	1	51 4
34	65	0.0	1	61 4
35	41	0.0	1	37 4
36	51	0.0	1	46 5
37	99	0.0	1	93 6
38	33	0.0	1	32 1
39	71	0.0	1	67 4
40	25	0.0	1	21 4
41	102	0.0	1	94 8
42	143	0.0	1	140 3
43	210	0.0	1	205 5
44	87	0.0	1	84 3
45	46	0.0	1	43 3
46	25	0.0	1	22 3
47	54	0.0	1	49 5
48	26	0.0	1	25 1
49	58	0.0	1	56 2
50	28	0.0	1	27 1
51	74	0.0	1	72 2
52	44	0.0	1	42 2
53	49	0.0	1	46 3
54	77	0.0	1	70 7
55	48	0.0	1	45 3
56	24	0.0	1	19 5
57	52	0.0	1	48 4
58	30	0.0	1	26 4
59	54	0.0	1	53 1
60	30	0.0	1	30
61	41	0.0	1	37 4
62	26	0.0	1	25 1
63	37	0.0	1	34 3
64	21	0.0	1	19 2
65	38	0.0	1	36 2
66	42	0.0	1	37 5
67	16	0.0	1	10 6
68	35	0.0	1	31 4
69	45	0.0	1	42 3
70	40	0.0	1	36 4
71	54	0.0	1	49 5
72	86	0.0	1	72 14
73	107	0.0	1	82 25
74	191	0.0	1	146 45
75	414	0.0	1	294 120
76	992	0.0	1	857 135
77	869	0.0	1	740 129
78	538	0.0	1	444 94
79	323	0.0	1	266 57
80	216	0.0	1	173 43
81	163	0.0	1	124 39
82	119	0.0	1	97 22
83	91	0.0	1	65 26
84	75	0.0	1	58 17
85	63	0.0	1	50 13
86	55	0.0	1	43 12
87	53	0.0	1	39 14
88	46	0.0	1	36 10
89	42	0.0	1	36 6
90	40	0.0	1	28 12
91	37	0.0	1	29 8
92	28	0.0	1	22 6
93	55	0.0	1	44 11
94	164	0.0	1	153 11
95	62	0.0	1	53 9
96	45	0.0	1	40 5
97	69	0.0	1	64 5
98	30	0.0	1	23 7
99	14	0.0	1	11 3
100	14	0.0	1	10 4
101	22	0.0	1	15 7
102	18	0.0	1	14 4
103	18	0.0	1	13 5
104	10	0.0	1	9 1
105	35	0.0	1	29 6
106	13	0.0	1	7 6
107	14	0.0	1	10 4
108	9	0.0	1	7 2
109	11	0.0	1	8 3
110	10	0.0	1	6 4
111	11	0.0	1	8 3
112	10	0.0	1	8 2
113	17	0.0	1	10 7
114	18	0.0	1	14 4
115	16	0.0	1	10 6
116	15	0.0	1	12 3
117	29	0.0	1	21 8
118	9	0.0	1	6 3
119	12	0.0	1	6 6
120	6	0.0	1	4 2
121	19	0.0	1	8 11
122	5	0.0	1	3 2
123	22	0.0	1	16 6
124	10	0.0	1	5 5
125	10	0.0	1	5 5
126	8	0.0	1	6 2
127	24	0.0	1	14 10
128	10	0.0	1	3 7
129	6	0.0	1	0 6
130	11	0.0	1	4 7
131	17	0.0	1	7 10
132	10	0.0	1	3 7
133	11	0.0	1	4 7
134	10	0.0	1	5 5
135	8	0.0	1	3 5
136	14	0.0	1	7 7
137	11	0.0	1	3 8
138	6	0.0	1	3 3
139	4	0.0	1	0 4
140	7	0.0	1	4 3
141	36	0.0	1	35 1
142	7	0.0	1	3 4
143	11	0.0	1	5 6
144	3	0.0	1	2 1
145	15	0.0	1	8 7
146	15	0.0	1	12 3
147	23	0.0	1	19 4
148	13	0.0	1	7 6
149	10	0.0	1	3 7
150	9	0.0	1	6 3
151	20	0.0	1	12 8
152	6	0.0	1	1 5
153	15	0.0	1	8 7
154	24	0.0	1	18 6
155	9	0.0	1	6 3
156	26	0.0	1	23 3
157	20	0.0	1	14 6
158	33	0.0	1	33
159	23	0.0	1	14 9
160	46	0.0	1	39 7
161	31	0.0	1	29 2
162	28	0.0	1	25 3
163	21	0.0	1	18 3
164	14	0.0	1	9 5
165	21	0.0	1	16 5
166	23	0.0	1	21 2
167	31	0.0	1	28 3
168	19	0.0	1	12 7
169	18	0.0	1	15 3
170	32	0.0	1	26 6
171	11	0.0	1	7 4
172	26	0.0	1	21 5
173	23	0.0	1	18 5
174	8	0.0	1	6 2
175	22	0.0	1	14 8
176	16	0.0	1	13 3
177	5	0.0	1	4 1
178	8	0.0	1	6 2
179	12	0.0	1	6 6
180	16	0.0	1	11 5
181	20	0.0	1	16 4
182	5	0.0	1	2 3
183	2	0.0	1	2
184	8	0.0	1	6 2
185	33	0.0	1	30 3
186	4	0.0	1	3 1
187	7	0.0	1	5 2
188	2	0.0	1	0 2
189	1	0.0	1	1
190	8	0.0	1	6 2
191	4	0.0	1	3 1
192	10	0.0	1	6 4
193	11	0.0	1	7 4
194	5	0.0	1	1 4
195	7	0.0	1	5 2
196	3	0.0	1	1 2
197	6	0.0	1	4 2
198	5	0.0	1	3 2
199	3	0.0	1	3
200	5	0.0	1	4 1
201	3	0.0	1	0 3
202	4	0.0	1	1 3
203	1	0.0	1	1
206	2	0.0	1	1 1
208	2	0.0	1	1 1
209	3	0.0	1	1 2
210	2	0.0	1	2
211	1	0.0	1	1
213	4	0.0	1	1 3
214	3	0.0	1	2 1
215	2	0.0	1	1 1
216	2	0.0	1	2
217	2	0.0	1	0 2
220	2	0.0	1	2
221	2	0.0	1	2
222	3	0.0	1	3
224	1	0.0	1	1
225	1	0.0	1	1
226	2	0.0	1	2
227	2	0.0	1	2
228	1	0.0	1	0 1
229	4	0.0	1	4
230	3	0.0	1	3
231	2	0.0	1	2
232	5	0.0	1	5
233	2	0.0	1	2
234	2	0.0	1	1 1
235	3	0.0	1	3
236	2	0.0	1	1 1
237	2	0.0	1	0 2
238	1	0.0	1	1
239	1	0.0	1	1
240	2	0.0	1	1 1
241	2	0.0	1	1 1
242	2	0.0	1	1 1
243	2	0.0	1	1 1
244	2	0.0	1	1 1
245	3	0.0	1	0 3
246	1	0.0	1	0 1
247	1	0.0	1	0 1
248	3	0.0	1	0 3
249	6	0.0	1	2 4
250	21	0.0	1	0 21
251	388	0.0	1	0 388

RUN STATISTICS FOR INPUT FILE: SC2261/host_removal/SC2261_R1.fastq.gz
=============================================
449038 sequences processed in total

