quality	AA	AC	AG	AT	A.	CA	CC	CG	CT	C.	GA	GC	GG	GT	G.	TA	TC	TG	TT	T.	.A	.C	.G	.T	..
0	NA	NA	NA	NA	NA	NA	NA	NA	NA	NA	NA	NA	NA	NA	NA	NA	NA	NA	NA	NA	NA	NA	NA	NA	NA
1	NA	NA	NA	NA	NA	NA	NA	NA	NA	NA	NA	NA	NA	NA	NA	NA	NA	NA	NA	NA	NA	NA	NA	NA	NA
2	NA	NA	NA	NA	NA	NA	NA	NA	NA	NA	NA	NA	NA	NA	NA	NA	NA	NA	NA	NA	NA	NA	NA	NA	NA
3	NA	NA	NA	NA	NA	NA	NA	NA	NA	NA	NA	NA	NA	NA	NA	NA	NA	NA	NA	NA	NA	NA	NA	NA	NA
4	NA	NA	NA	NA	NA	NA	NA	NA	NA	NA	NA	NA	NA	NA	NA	NA	NA	NA	NA	NA	NA	NA	NA	NA	NA
5	NA	NA	NA	NA	NA	NA	NA	NA	NA	NA	NA	NA	NA	NA	NA	NA	NA	NA	NA	NA	NA	NA	NA	NA	NA
6	NA	NA	NA	NA	NA	NA	NA	NA	NA	NA	NA	NA	NA	NA	NA	NA	NA	NA	NA	NA	NA	NA	NA	NA	NA
7	NA	NA	NA	NA	NA	NA	NA	NA	NA	NA	NA	NA	NA	NA	NA	NA	NA	NA	NA	NA	NA	NA	NA	NA	NA
8	NA	NA	NA	NA	NA	NA	NA	NA	NA	NA	NA	NA	NA	NA	NA	NA	NA	NA	NA	NA	NA	NA	NA	NA	NA
9	NA	NA	NA	NA	NA	NA	NA	NA	NA	NA	NA	NA	NA	NA	NA	NA	NA	NA	NA	NA	NA	NA	NA	NA	NA
10	0.980892	0.00636943	0.00636943	0.00636943	NA	0.0294118	0.970588	NA	NA	NA	0.0290909	NA	0.945455	0.0254545	NA	NA	NA	NA	1	NA	NA	NA	NA	NA	1
11	0.974627	0.0134281	0.00333642	0.00834106	0.000267738	0.0664771	0.909895	0.0060563	0.0173728	0.000199033	0.0219282	0.00535862	0.919388	0.0532086	0.000116176	0.0229214	0.00576509	0.0186844	0.952629	NA	6.58959e-05	3.59432e-05	1.19811e-05	8.9858e-05	0.999796
12	0.972035	0.0153514	0.00534772	0.0071671	9.88165e-05	0.0514174	0.92905	0.00629483	0.0130821	0.000155935	0.0117443	0.00396619	0.948352	0.0357986	0.000138894	0.0107998	0.00574943	0.0243565	0.959	9.42529e-05	6.98921e-05	2.60064e-05	2.92572e-05	4.87619e-05	0.999826
13	0.967067	0.0182131	0.00542207	0.00917001	0.000127825	0.0396658	0.943956	0.00452863	0.0117489	0.000100366	0.00906731	0.00341994	0.965389	0.0220373	8.6727e-05	0.0120656	0.00770314	0.0214036	0.958667	0.000160505	4.54565e-05	3.39409e-05	3.00013e-05	4.93961e-05	0.999841
14	0.964938	0.0186084	0.00610919	0.0101697	0.000174391	0.0348819	0.949641	0.00405039	0.0112986	0.000128022	0.0147648	0.00571555	0.947576	0.0318317	0.000112119	0.0140729	0.0108573	0.0202392	0.954627	0.000203338	5.47361e-05	3.68748e-05	3.22655e-05	5.41599e-05	0.999822
15	0.96455	0.0155126	0.00930196	0.0105073	0.000128023	0.0307679	0.951425	0.00491749	0.012772	0.000117483	0.0136195	0.00645651	0.952531	0.0273077	8.50401e-05	0.0143681	0.00897389	0.0204418	0.956034	0.000182211	5.21741e-05	2.70187e-05	3.63355e-05	3.63355e-05	0.999848
16	0.965945	0.0153681	0.00676126	0.0118172	0.00010806	0.0257712	0.957372	0.00404132	0.0127409	7.48806e-05	0.0115231	0.00531443	0.956828	0.0262593	7.5445e-05	0.0186409	0.0120904	0.0268651	0.942251	0.000152926	5.02797e-05	2.53684e-05	2.83395e-05	5.05082e-05	0.999846
17	NA	NA	NA	NA	NA	NA	NA	NA	NA	NA	NA	NA	NA	NA	NA	NA	NA	NA	NA	NA	NA	NA	NA	NA	NA
18	1	NA	NA	NA	NA	NA	1	NA	NA	NA	NA	NA	1	NA	NA	NA	NA	NA	1	NA	NA	NA	NA	NA	1
19	1	NA	NA	NA	NA	NA	1	NA	NA	NA	0.010582	NA	0.989418	NA	NA	NA	NA	NA	1	NA	NA	NA	NA	NA	1
20	0.996853	0.00229433	0.000393314	0.000327761	0.000131105	0.00813685	0.990106	0.00120203	0.000554785	NA	0.00104072	0.000390269	0.995187	0.00338233	NA	0.00160626	0.000501958	0.00481879	0.993073	NA	6.76991e-05	5.07743e-05	NA	1.69248e-05	0.999865
21	0.996545	0.00236642	0.000419751	0.000638752	3.04168e-05	0.0047079	0.99393	0.000311058	0.00101724	3.36279e-05	0.000796983	0.000268291	0.99652	0.00238306	3.15637e-05	0.000637179	0.000362838	0.00225668	0.996699	4.42486e-05	1.25808e-05	1.88712e-05	1.72986e-05	2.04438e-05	0.999931
22	0.995785	0.00322651	0.000463428	0.000437197	8.74393e-05	0.00532958	0.992332	0.00043566	0.00188786	1.4522e-05	0.00248987	0.000211404	0.994245	0.00301838	3.5234e-05	0.000783432	0.00117515	0.00269092	0.995274	7.66401e-05	2.59296e-05	1.29648e-05	7.77887e-06	3.37084e-05	0.99992
23	0.997804	0.00145296	0.000357361	0.000338553	4.70212e-05	0.00341142	0.994521	0.00027567	0.00173672	5.5134e-05	0.000831125	0.000215962	0.997186	0.00174733	1.96329e-05	0.000442412	0.00119674	0.00134315	0.996951	6.68392e-05	2.06186e-05	1.57672e-05	2.66829e-05	2.91087e-05	0.999908
24	0.997894	0.00129184	0.000421254	0.000337003	5.61672e-05	0.00352088	0.993961	0.000349756	0.00212186	4.66342e-05	0.00151226	0.000219168	0.99634	0.00192868	NA	0.000393983	0.000656639	0.000979907	0.997879	9.09192e-05	3.86672e-05	3.09338e-05	2.70671e-05	5.41341e-05	0.999849
25	0.996875	0.00206152	0.000548276	0.000339931	0.000175448	0.00284043	0.994263	0.000376216	0.0024454	7.52431e-05	0.00264298	0.000392184	0.994919	0.00204618	NA	0.00037889	0.00240806	0.00113667	0.996001	7.5778e-05	2.17616e-05	2.17616e-05	1.5544e-05	4.04145e-05	0.999901
26	0.997647	0.00142488	0.000530188	0.000364504	3.31367e-05	0.00279241	0.990991	0.000263435	0.00595364	NA	0.00404126	0.000265873	0.993779	0.00191428	NA	0.000346418	0.00532617	0.000822742	0.993418	8.66045e-05	3.50742e-05	3.50742e-05	6.13798e-05	5.26113e-05	0.999816
27	0.996562	0.00145194	0.00128802	0.000622629	7.58039e-05	0.0026661	0.995409	0.000311485	0.00159016	2.32294e-05	0.001803	0.000586067	0.994283	0.00330703	2.10289e-05	0.00108522	0.0011096	0.0038809	0.99379	0.000134366	3.39531e-05	1.47379e-05	1.66034e-05	3.88035e-05	0.999896
28	0.998964	0.000345428	0.000331035	0.00030225	5.75714e-05	0.000503568	0.997022	0.000172652	0.00230203	NA	0.00139976	0.000234597	0.99677	0.00159526	NA	0.000394765	0.000425131	0.000546597	0.99836	0.000273299	2.66936e-05	2.33569e-05	1.00101e-05	2.66936e-05	0.999913
29	0.999579	0.000210408	7.01361e-05	7.01361e-05	7.01361e-05	0.000700935	0.998949	NA	0.000350467	NA	0.000714286	8.40336e-05	0.998824	0.000378151	NA	0.000172712	NA	NA	0.999827	NA	NA	3.81643e-05	NA	NA	0.999962
30	0.997897	0.00081701	0.00090399	0.000323925	5.75866e-05	0.00042436	0.997932	0.000133317	0.00150591	4.69425e-06	0.00128284	0.000205789	0.997649	0.000857009	5.34517e-06	0.000337882	0.000866252	0.000639561	0.998099	5.68882e-05	2.62062e-05	1.32031e-05	9.80232e-06	1.86044e-05	0.999932
31	0.998373	0.000651125	0.000772637	0.000163354	4.01221e-05	0.000460191	0.998176	7.23796e-05	0.00129032	8.93575e-07	0.00101621	0.000110752	0.998306	0.000560523	6.76347e-06	0.000207341	0.000805153	0.000630093	0.998308	4.90417e-05	2.32497e-05	1.13545e-05	1.00929e-05	2.75752e-05	0.999928
32	0.999496	0.000250604	0.000145236	8.54331e-05	2.27822e-05	0.000289996	0.998127	8.28559e-05	0.00149555	4.14279e-06	0.000180696	2.94156e-05	0.999534	0.000256336	NA	8.5008e-05	0.000150586	0.000187018	0.999563	1.45728e-05	9.27411e-06	1.09603e-05	1.09603e-05	1.09603e-05	0.999958
33	0.999557	0.000249099	0.000116551	5.25622e-05	2.51384e-05	0.000402916	0.998215	3.66287e-05	0.00134194	3.32988e-06	0.000170602	4.18457e-05	0.99953	0.000238199	1.93134e-05	6.58395e-05	0.000167268	0.000297167	0.999443	2.66917e-05	1.13222e-05	4.66209e-06	1.19882e-05	1.19882e-05	0.99996
34	0.998275	0.000620579	0.000912047	0.000121237	7.14137e-05	0.00023478	0.998557	6.37511e-05	0.00113741	7.0346e-06	0.00108254	0.000112014	0.998434	0.000362675	8.61647e-06	0.000156079	0.00085919	0.000590978	0.998318	7.57663e-05	2.31396e-05	9.39246e-06	9.99016e-06	2.08342e-05	0.999937
35	0.998759	0.00045813	0.00068538	4.76274e-05	5.03489e-05	0.00024928	0.99931	2.29918e-05	0.000418089	NA	0.000578638	5.18779e-05	0.999182	0.000183568	3.9906e-06	6.90647e-05	0.000500196	0.000637488	0.998728	6.52976e-05	1.36743e-05	7.11066e-06	6.56369e-06	1.51785e-05	0.999957
36	0.998639	0.000465072	0.000753002	8.88749e-05	5.35685e-05	9.39443e-05	0.998649	4.04438e-05	0.00121363	3.18455e-06	0.000890224	6.29481e-05	0.998865	0.000177209	4.77332e-06	9.60867e-05	0.000668902	0.000269043	0.998897	6.89972e-05	2.21781e-05	1.11208e-05	9.08731e-06	2.03988e-05	0.999937
37	0.998424	0.000413561	0.00104647	6.74715e-05	4.86853e-05	0.000104584	0.998689	3.54677e-05	0.00116498	6.36599e-06	0.000893997	5.40705e-05	0.998934	0.00011089	7.3316e-06	7.30345e-05	0.000732339	0.000357445	0.998765	7.2536e-05	2.23497e-05	1.175e-05	1.13392e-05	2.51434e-05	0.999929
38	0.998507	0.000408338	0.000970614	6.46959e-05	4.94424e-05	5.94248e-05	0.998754	3.81424e-05	0.00114344	4.69871e-06	0.000815788	4.70594e-05	0.99905	7.94473e-05	7.75096e-06	5.93226e-05	0.00064646	0.000276085	0.99895	6.80209e-05	2.13079e-05	9.15492e-06	9.20846e-06	2.57516e-05	0.999935
39	0.998715	0.000418875	0.000750027	5.3062e-05	6.32538e-05	4.14394e-05	0.998727	3.21658e-05	0.00119532	4.21527e-06	0.000787676	3.91882e-05	0.999109	5.62488e-05	7.43998e-06	5.65564e-05	0.000571924	0.000228663	0.999075	6.82866e-05	2.22014e-05	1.06371e-05	9.68565e-06	2.43727e-05	0.999933
40	0.999073	0.000349402	0.000466567	4.37957e-05	6.7222e-05	2.77976e-05	0.998768	2.3628e-05	0.00117405	6.35374e-06	0.000640611	3.37105e-05	0.999287	2.89348e-05	9.66367e-06	5.06516e-05	0.000371714	0.000200354	0.999316	6.13677e-05	2.47859e-05	1.0092e-05	9.60756e-06	2.48666e-05	0.999931
