
SUMMARISING RUN PARAMETERS
==========================
Input filename: SC2243/host_removal/SC2243_R1.fastq.gz
Trimming mode: paired-end
Trim Galore version: 0.6.4_dev
Cutadapt version: 4.1
Python version: could not detect
Number of cores used for trimming: 2
Quality Phred score cutoff: 20
Quality encoding type selected: ASCII+33
Using Illumina adapter for trimming (count: 23790). Second best hit was Nextera (count: 0)
Adapter sequence: 'AGATCGGAAGAGC' (Illumina TruSeq, Sanger iPCR; auto-detected)
Maximum trimming error rate: 0.1 (default)
Minimum required adapter overlap (stringency): 1 bp
Minimum required sequence length for both reads before a sequence pair gets removed: 20 bp
Running FastQC on the data once trimming has completed
Output file will be GZIP compressed


This is cutadapt 4.1 with Python 3.9.13
Command line parameters: -j 2 -e 0.1 -q 20 -O 1 -a AGATCGGAAGAGC SC2243/host_removal/SC2243_R1.fastq.gz
Processing single-end reads on 2 cores ...
Finished in 39.09 s (34 µs/read; 1.75 M reads/minute).

=== Summary ===

Total reads processed:               1,139,901
Reads with adapters:                   409,649 (35.9%)
Reads written (passing filters):     1,139,901 (100.0%)

Total basepairs processed:   286,115,151 bp
Quality-trimmed:               2,747,278 bp (1.0%)
Total written (filtered):    280,641,644 bp (98.1%)

=== Adapter 1 ===

Sequence: AGATCGGAAGAGC; Type: regular 3'; Length: 13; Trimmed: 409649 times

Minimum overlap: 1
No. of allowed errors:
1-9 bp: 0; 10-13 bp: 1

Bases preceding removed adapters:
  A: 35.7%
  C: 15.6%
  G: 12.5%
  T: 35.8%
  none/other: 0.4%

Overview of removed sequences
length	count	expect	max.err	error counts
1	260104	284975.2	0	260104
2	96188	71243.8	0	96188
3	6739	17811.0	0	6739
4	1462	4452.7	0	1462
5	314	1113.2	0	314
6	705	278.3	0	705
7	12158	69.6	0	12158
8	319	17.4	0	319
9	572	4.3	0	570 2
10	489	1.1	1	465 24
11	192	0.3	1	173 19
12	476	0.1	1	454 22
13	145	0.0	1	134 11
14	88	0.0	1	78 10
15	135	0.0	1	124 11
16	55	0.0	1	49 6
17	97	0.0	1	80 17
18	116	0.0	1	106 10
19	100	0.0	1	86 14
20	508	0.0	1	479 29
21	396	0.0	1	372 24
22	253	0.0	1	239 14
23	179	0.0	1	162 17
24	2899	0.0	1	2807 92
25	493	0.0	1	466 27
26	102	0.0	1	83 19
27	182	0.0	1	158 24
28	603	0.0	1	557 46
29	275	0.0	1	246 29
30	215	0.0	1	198 17
31	86	0.0	1	74 12
32	168	0.0	1	136 32
33	62	0.0	1	55 7
34	374	0.0	1	339 35
35	128	0.0	1	111 17
36	1034	0.0	1	966 68
37	831	0.0	1	795 36
38	152	0.0	1	129 23
39	183	0.0	1	172 11
40	53	0.0	1	44 9
41	176	0.0	1	164 12
42	61	0.0	1	53 8
43	250	0.0	1	229 21
44	50	0.0	1	43 7
45	86	0.0	1	80 6
46	53	0.0	1	43 10
47	95	0.0	1	76 19
48	54	0.0	1	49 5
49	109	0.0	1	98 11
50	63	0.0	1	53 10
51	88	0.0	1	77 11
52	78	0.0	1	57 21
53	78	0.0	1	60 18
54	186	0.0	1	154 32
55	111	0.0	1	99 12
56	60	0.0	1	49 11
57	86	0.0	1	72 14
58	53	0.0	1	47 6
59	149	0.0	1	143 6
60	65	0.0	1	58 7
61	49	0.0	1	42 7
62	59	0.0	1	55 4
63	85	0.0	1	73 12
64	45	0.0	1	33 12
65	54	0.0	1	47 7
66	85	0.0	1	71 14
67	55	0.0	1	47 8
68	79	0.0	1	70 9
69	111	0.0	1	94 17
70	110	0.0	1	95 15
71	160	0.0	1	139 21
72	237	0.0	1	215 22
73	310	0.0	1	268 42
74	547	0.0	1	469 78
75	1036	0.0	1	869 167
76	2850	0.0	1	2625 225
77	2405	0.0	1	2258 147
78	1254	0.0	1	1146 108
79	773	0.0	1	713 60
80	457	0.0	1	399 58
81	350	0.0	1	314 36
82	263	0.0	1	239 24
83	219	0.0	1	191 28
84	176	0.0	1	154 22
85	149	0.0	1	133 16
86	169	0.0	1	152 17
87	132	0.0	1	111 21
88	108	0.0	1	89 19
89	112	0.0	1	99 13
90	72	0.0	1	65 7
91	85	0.0	1	71 14
92	70	0.0	1	64 6
93	116	0.0	1	101 15
94	765	0.0	1	745 20
95	124	0.0	1	110 14
96	166	0.0	1	156 10
97	48	0.0	1	43 5
98	55	0.0	1	48 7
99	47	0.0	1	38 9
100	36	0.0	1	31 5
101	62	0.0	1	55 7
102	34	0.0	1	31 3
103	49	0.0	1	43 6
104	38	0.0	1	31 7
105	74	0.0	1	73 1
106	50	0.0	1	43 7
107	55	0.0	1	45 10
108	53	0.0	1	42 11
109	49	0.0	1	39 10
110	31	0.0	1	25 6
111	93	0.0	1	80 13
112	35	0.0	1	27 8
113	54	0.0	1	50 4
114	55	0.0	1	51 4
115	30	0.0	1	21 9
116	49	0.0	1	39 10
117	50	0.0	1	43 7
118	28	0.0	1	19 9
119	27	0.0	1	23 4
120	23	0.0	1	18 5
121	23	0.0	1	16 7
122	27	0.0	1	19 8
123	30	0.0	1	26 4
124	26	0.0	1	17 9
125	23	0.0	1	19 4
126	24	0.0	1	18 6
127	38	0.0	1	31 7
128	22	0.0	1	14 8
129	30	0.0	1	25 5
130	21	0.0	1	16 5
131	12	0.0	1	10 2
132	17	0.0	1	14 3
133	30	0.0	1	24 6
134	26	0.0	1	23 3
135	24	0.0	1	19 5
136	29	0.0	1	23 6
137	20	0.0	1	12 8
138	9	0.0	1	6 3
139	12	0.0	1	8 4
140	19	0.0	1	14 5
141	23	0.0	1	19 4
142	12	0.0	1	10 2
143	24	0.0	1	18 6
144	17	0.0	1	6 11
145	12	0.0	1	8 4
146	22	0.0	1	18 4
147	48	0.0	1	42 6
148	22	0.0	1	16 6
149	35	0.0	1	26 9
150	19	0.0	1	16 3
151	25	0.0	1	16 9
152	17	0.0	1	14 3
153	30	0.0	1	22 8
154	89	0.0	1	85 4
155	33	0.0	1	26 7
156	68	0.0	1	65 3
157	50	0.0	1	44 6
158	27	0.0	1	22 5
159	35	0.0	1	27 8
160	59	0.0	1	50 9
161	47	0.0	1	39 8
162	36	0.0	1	32 4
163	28	0.0	1	25 3
164	25	0.0	1	20 5
165	42	0.0	1	34 8
166	52	0.0	1	50 2
167	50	0.0	1	45 5
168	39	0.0	1	37 2
169	17	0.0	1	13 4
170	20	0.0	1	13 7
171	10	0.0	1	6 4
172	46	0.0	1	43 3
173	29	0.0	1	24 5
174	29	0.0	1	25 4
175	55	0.0	1	50 5
176	39	0.0	1	30 9
177	19	0.0	1	17 2
178	23	0.0	1	17 6
179	11	0.0	1	9 2
180	27	0.0	1	21 6
181	65	0.0	1	61 4
182	9	0.0	1	6 3
183	21	0.0	1	13 8
184	11	0.0	1	6 5
185	53	0.0	1	50 3
186	9	0.0	1	6 3
187	20	0.0	1	18 2
188	17	0.0	1	15 2
189	30	0.0	1	27 3
190	30	0.0	1	25 5
191	17	0.0	1	13 4
192	30	0.0	1	25 5
193	20	0.0	1	19 1
194	10	0.0	1	8 2
195	19	0.0	1	14 5
196	8	0.0	1	7 1
197	11	0.0	1	10 1
198	15	0.0	1	15
199	12	0.0	1	9 3
200	24	0.0	1	19 5
201	14	0.0	1	12 2
202	22	0.0	1	21 1
203	32	0.0	1	30 2
204	14	0.0	1	12 2
205	20	0.0	1	17 3
206	36	0.0	1	33 3
207	33	0.0	1	32 1
208	43	0.0	1	42 1
209	50	0.0	1	48 2
210	43	0.0	1	38 5
211	17	0.0	1	13 4
212	10	0.0	1	10
213	22	0.0	1	21 1
214	19	0.0	1	16 3
215	26	0.0	1	25 1
216	2	0.0	1	2
217	16	0.0	1	15 1
218	3	0.0	1	2 1
219	1	0.0	1	1
220	3	0.0	1	3
221	2	0.0	1	1 1
222	1	0.0	1	1
223	2	0.0	1	1 1
224	1	0.0	1	0 1
225	2	0.0	1	2
226	2	0.0	1	1 1
228	3	0.0	1	1 2
229	4	0.0	1	3 1
230	2	0.0	1	1 1
231	4	0.0	1	2 2
232	1	0.0	1	1
233	1	0.0	1	0 1
234	2	0.0	1	1 1
235	2	0.0	1	0 2
239	4	0.0	1	1 3
240	2	0.0	1	2
241	3	0.0	1	1 2
244	2	0.0	1	0 2
245	3	0.0	1	0 3
246	2	0.0	1	0 2
247	11	0.0	1	1 10
248	5	0.0	1	1 4
249	10	0.0	1	0 10
250	22	0.0	1	0 22
251	383	0.0	1	0 383

RUN STATISTICS FOR INPUT FILE: SC2243/host_removal/SC2243_R1.fastq.gz
=============================================
1139901 sequences processed in total

