
SUMMARISING RUN PARAMETERS
==========================
Input filename: SC2243/host_removal/SC2243_R2.fastq.gz
Trimming mode: paired-end
Trim Galore version: 0.6.4_dev
Cutadapt version: 4.1
Python version: could not detect
Number of cores used for trimming: 2
Quality Phred score cutoff: 20
Quality encoding type selected: ASCII+33
Using Illumina adapter for trimming (count: 23790). Second best hit was Nextera (count: 0)
Adapter sequence: 'AGATCGGAAGAGC' (Illumina TruSeq, Sanger iPCR; auto-detected)
Maximum trimming error rate: 0.1 (default)
Minimum required adapter overlap (stringency): 1 bp
Minimum required sequence length for both reads before a sequence pair gets removed: 20 bp
Running FastQC on the data once trimming has completed
Output file will be GZIP compressed


This is cutadapt 4.1 with Python 3.9.13
Command line parameters: -j 2 -e 0.1 -q 20 -O 1 -a AGATCGGAAGAGC SC2243/host_removal/SC2243_R2.fastq.gz
Processing single-end reads on 2 cores ...
Finished in 44.23 s (39 µs/read; 1.55 M reads/minute).

=== Summary ===

Total reads processed:               1,139,901
Reads with adapters:                   400,566 (35.1%)
Reads written (passing filters):     1,139,901 (100.0%)

Total basepairs processed:   286,115,151 bp
Quality-trimmed:               5,828,742 bp (2.0%)
Total written (filtered):    278,001,011 bp (97.2%)

=== Adapter 1 ===

Sequence: AGATCGGAAGAGC; Type: regular 3'; Length: 13; Trimmed: 400566 times

Minimum overlap: 1
No. of allowed errors:
1-9 bp: 0; 10-13 bp: 1

Bases preceding removed adapters:
  A: 38.4%
  C: 15.5%
  G: 12.2%
  T: 33.4%
  none/other: 0.5%

Overview of removed sequences
length	count	expect	max.err	error counts
1	266328	284975.2	0	266328
2	83530	71243.8	0	83530
3	7398	17811.0	0	7398
4	1609	4452.7	0	1609
5	383	1113.2	0	383
6	611	278.3	0	611
7	11825	69.6	0	11825
8	226	17.4	0	226
9	508	4.3	0	506 2
10	510	1.1	1	459 51
11	138	0.3	1	125 13
12	456	0.1	1	433 23
13	54	0.0	1	44 10
14	188	0.0	1	173 15
15	69	0.0	1	62 7
16	79	0.0	1	72 7
17	177	0.0	1	163 14
18	58	0.0	1	48 10
19	232	0.0	1	219 13
20	368	0.0	1	341 27
21	132	0.0	1	126 6
22	219	0.0	1	209 10
23	189	0.0	1	171 18
24	3294	0.0	1	3147 147
25	71	0.0	1	62 9
26	241	0.0	1	222 19
27	236	0.0	1	214 22
28	592	0.0	1	562 30
29	130	0.0	1	114 16
30	346	0.0	1	319 27
31	75	0.0	1	58 17
32	178	0.0	1	157 21
33	256	0.0	1	235 21
34	251	0.0	1	226 25
35	179	0.0	1	163 16
36	1280	0.0	1	1230 50
37	466	0.0	1	437 29
38	124	0.0	1	118 6
39	206	0.0	1	200 6
40	64	0.0	1	58 6
41	116	0.0	1	109 7
42	218	0.0	1	199 19
43	185	0.0	1	177 8
44	224	0.0	1	206 18
45	320	0.0	1	300 20
46	324	0.0	1	308 16
47	437	0.0	1	423 14
48	242	0.0	1	230 12
49	212	0.0	1	198 14
50	176	0.0	1	165 11
51	158	0.0	1	146 12
52	96	0.0	1	92 4
53	189	0.0	1	175 14
54	424	0.0	1	410 14
55	130	0.0	1	122 8
56	280	0.0	1	267 13
57	706	0.0	1	688 18
58	398	0.0	1	390 8
59	99	0.0	1	93 6
60	260	0.0	1	253 7
61	137	0.0	1	134 3
62	84	0.0	1	78 6
63	241	0.0	1	234 7
64	110	0.0	1	104 6
65	50	0.0	1	44 6
66	44	0.0	1	42 2
67	40	0.0	1	33 7
68	56	0.0	1	52 4
69	40	0.0	1	38 2
70	47	0.0	1	47
71	48	0.0	1	47 1
72	75	0.0	1	71 4
73	90	0.0	1	76 14
74	140	0.0	1	120 20
75	183	0.0	1	156 27
76	276	0.0	1	228 48
77	472	0.0	1	389 83
78	821	0.0	1	651 170
79	1113	0.0	1	831 282
80	1759	0.0	1	1525 234
81	1108	0.0	1	936 172
82	578	0.0	1	496 82
83	335	0.0	1	287 48
84	222	0.0	1	170 52
85	161	0.0	1	133 28
86	153	0.0	1	126 27
87	99	0.0	1	74 25
88	86	0.0	1	59 27
89	90	0.0	1	67 23
90	58	0.0	1	44 14
91	51	0.0	1	39 12
92	56	0.0	1	42 14
93	60	0.0	1	48 12
94	564	0.0	1	548 16
95	67	0.0	1	56 11
96	86	0.0	1	78 8
97	46	0.0	1	37 9
98	34	0.0	1	25 9
99	28	0.0	1	20 8
100	13	0.0	1	9 4
101	16	0.0	1	10 6
102	17	0.0	1	10 7
103	24	0.0	1	18 6
104	18	0.0	1	16 2
105	49	0.0	1	45 4
106	20	0.0	1	11 9
107	22	0.0	1	15 7
108	21	0.0	1	11 10
109	13	0.0	1	7 6
110	15	0.0	1	12 3
111	74	0.0	1	62 12
112	22	0.0	1	19 3
113	37	0.0	1	27 10
114	23	0.0	1	15 8
115	22	0.0	1	16 6
116	22	0.0	1	13 9
117	35	0.0	1	23 12
118	11	0.0	1	5 6
119	12	0.0	1	3 9
120	7	0.0	1	5 2
121	10	0.0	1	4 6
122	11	0.0	1	8 3
123	15	0.0	1	11 4
124	14	0.0	1	5 9
125	7	0.0	1	6 1
126	7	0.0	1	4 3
127	31	0.0	1	22 9
128	6	0.0	1	2 4
129	13	0.0	1	8 5
130	7	0.0	1	1 6
131	7	0.0	1	3 4
132	12	0.0	1	2 10
133	19	0.0	1	11 8
134	10	0.0	1	7 3
135	7	0.0	1	3 4
136	16	0.0	1	11 5
137	8	0.0	1	4 4
138	8	0.0	1	5 3
139	7	0.0	1	3 4
140	11	0.0	1	3 8
141	15	0.0	1	12 3
142	9	0.0	1	1 8
143	7	0.0	1	5 2
144	6	0.0	1	2 4
145	8	0.0	1	5 3
146	15	0.0	1	8 7
147	27	0.0	1	23 4
148	11	0.0	1	5 6
149	19	0.0	1	14 5
150	10	0.0	1	8 2
151	7	0.0	1	6 1
152	12	0.0	1	8 4
153	12	0.0	1	11 1
154	50	0.0	1	41 9
155	9	0.0	1	8 1
156	54	0.0	1	50 4
157	26	0.0	1	21 5
158	18	0.0	1	14 4
159	28	0.0	1	23 5
160	27	0.0	1	24 3
161	32	0.0	1	24 8
162	30	0.0	1	22 8
163	15	0.0	1	15
164	16	0.0	1	13 3
165	17	0.0	1	17
166	35	0.0	1	32 3
167	35	0.0	1	30 5
168	23	0.0	1	21 2
169	16	0.0	1	12 4
170	4	0.0	1	3 1
171	8	0.0	1	6 2
172	49	0.0	1	47 2
173	9	0.0	1	8 1
174	18	0.0	1	18
175	31	0.0	1	29 2
176	24	0.0	1	23 1
177	9	0.0	1	9
178	12	0.0	1	11 1
179	5	0.0	1	4 1
180	15	0.0	1	14 1
181	35	0.0	1	35
182	3	0.0	1	2 1
183	12	0.0	1	12
184	5	0.0	1	4 1
185	45	0.0	1	42 3
186	6	0.0	1	6
187	10	0.0	1	10
188	11	0.0	1	9 2
189	13	0.0	1	13
190	19	0.0	1	17 2
191	11	0.0	1	10 1
192	15	0.0	1	15
193	14	0.0	1	13 1
194	7	0.0	1	6 1
195	8	0.0	1	8
196	7	0.0	1	4 3
197	11	0.0	1	10 1
198	7	0.0	1	7
199	4	0.0	1	2 2
200	6	0.0	1	6
201	10	0.0	1	10
202	16	0.0	1	16
203	24	0.0	1	23 1
204	12	0.0	1	12
205	12	0.0	1	12
206	22	0.0	1	21 1
207	22	0.0	1	21 1
208	24	0.0	1	23 1
209	22	0.0	1	22
210	27	0.0	1	27
211	11	0.0	1	11
212	12	0.0	1	11 1
213	13	0.0	1	12 1
214	14	0.0	1	14
215	11	0.0	1	10 1
217	10	0.0	1	8 2
218	5	0.0	1	5
219	4	0.0	1	4
220	2	0.0	1	2
221	2	0.0	1	2
222	1	0.0	1	1
224	1	0.0	1	1
230	1	0.0	1	1
231	1	0.0	1	1
234	1	0.0	1	1
236	2	0.0	1	1 1
240	2	0.0	1	2
242	2	0.0	1	0 2
243	1	0.0	1	1
244	1	0.0	1	0 1
247	2	0.0	1	1 1
248	1	0.0	1	0 1
249	3	0.0	1	0 3
250	8	0.0	1	0 8
251	345	0.0	1	0 345

RUN STATISTICS FOR INPUT FILE: SC2243/host_removal/SC2243_R2.fastq.gz
=============================================
1139901 sequences processed in total

Total number of sequences analysed for the sequence pair length validation: 1139901

Number of sequence pairs removed because at least one read was shorter than the length cutoff (20 bp): 4956 (0.43%)
