quality	AA	AC	AG	AT	A.	CA	CC	CG	CT	C.	GA	GC	GG	GT	G.	TA	TC	TG	TT	T.	.A	.C	.G	.T	..
0	NA	NA	NA	NA	NA	NA	NA	NA	NA	NA	NA	NA	NA	NA	NA	NA	NA	NA	NA	NA	NA	NA	NA	NA	NA
1	NA	NA	NA	NA	NA	NA	NA	NA	NA	NA	NA	NA	NA	NA	NA	NA	NA	NA	NA	NA	NA	NA	NA	NA	NA
2	NA	NA	NA	NA	NA	NA	NA	NA	NA	NA	NA	NA	NA	NA	NA	NA	NA	NA	NA	NA	NA	NA	NA	NA	NA
3	NA	NA	NA	NA	NA	NA	NA	NA	NA	NA	NA	NA	NA	NA	NA	NA	NA	NA	NA	NA	NA	NA	NA	NA	NA
4	NA	NA	NA	NA	NA	NA	NA	NA	NA	NA	NA	NA	NA	NA	NA	NA	NA	NA	NA	NA	NA	NA	NA	NA	NA
5	NA	NA	NA	NA	NA	NA	NA	NA	NA	NA	NA	NA	NA	NA	NA	NA	NA	NA	NA	NA	NA	NA	NA	NA	NA
6	NA	NA	NA	NA	NA	NA	NA	NA	NA	NA	NA	NA	NA	NA	NA	NA	NA	NA	NA	NA	NA	NA	NA	NA	NA
7	NA	NA	NA	NA	NA	NA	NA	NA	NA	NA	NA	NA	NA	NA	NA	NA	NA	NA	NA	NA	NA	NA	NA	NA	NA
8	NA	NA	NA	NA	NA	NA	NA	NA	NA	NA	NA	NA	NA	NA	NA	NA	NA	NA	NA	NA	NA	NA	NA	NA	NA
9	NA	NA	NA	NA	NA	NA	NA	NA	NA	NA	NA	NA	NA	NA	NA	NA	NA	NA	NA	NA	NA	NA	NA	NA	NA
10	NA	NA	NA	NA	NA	NA	NA	NA	NA	NA	NA	NA	NA	NA	NA	NA	NA	NA	NA	NA	NA	NA	NA	NA	NA
11	0.977431	0.011216	0.0027356	0.00848037	0.00013678	0.0497413	0.927776	0.00656586	0.0157183	0.000198965	0.0207612	0.0062476	0.931565	0.0413303	9.61169e-05	0.0269663	0.011236	0.0275281	0.93427	NA	NA	4.07997e-05	NA	0.000122399	0.999837
12	0.9714	0.012632	0.00644555	0.00932824	0.000194338	0.0381337	0.942156	0.00523839	0.0142946	0.000177573	0.013869	0.00508366	0.949213	0.0316371	0.000197424	0.0129335	0.00669861	0.0228783	0.957387	0.000103056	4.41396e-05	1.76558e-05	1.76558e-05	8.82792e-05	0.999832
13	0.965552	0.0158581	0.00702814	0.0114262	0.000135221	0.0306485	0.952827	0.004777	0.0116391	0.000108922	0.00952257	0.0046049	0.963507	0.0222787	8.66126e-05	0.0148617	0.0100444	0.0223749	0.952586	0.000132586	2.64564e-05	3.06895e-05	3.38642e-05	5.39711e-05	0.999855
14	0.962597	0.0166027	0.0071924	0.0134638	0.000144099	0.028684	0.953428	0.00433716	0.0133145	0.000236745	0.0180224	0.0070367	0.941141	0.033516	0.000284034	0.0182852	0.0126138	0.0202159	0.948724	0.000160891	0.000106338	3.41083e-05	2.60828e-05	6.82165e-05	0.999765
15	0.977755	0.00765904	0.00544247	0.00908398	5.93724e-05	0.0121947	0.975714	0.00290735	0.009022	0.000161519	0.0141581	0.00557205	0.955424	0.0247017	0.000144584	0.0241708	0.0180825	0.023836	0.933713	0.000197872	4.62615e-05	1.85046e-05	2.77569e-05	7.09342e-05	0.999837
16	0.965002	0.011858	0.00855632	0.0144151	0.000168597	0.0174407	0.961416	0.00499464	0.0160153	0.000133268	0.0175056	0.00799072	0.948996	0.0253969	0.000110445	0.0181247	0.0122214	0.017582	0.951838	0.000233839	0.000119158	5.78435e-05	5.66866e-05	6.70984e-05	0.999699
17	NA	NA	NA	NA	NA	NA	NA	NA	NA	NA	NA	NA	NA	NA	NA	NA	NA	NA	NA	NA	NA	NA	NA	NA	NA
18	NA	NA	NA	NA	NA	NA	NA	NA	NA	NA	NA	NA	NA	NA	NA	NA	NA	NA	NA	NA	NA	NA	NA	NA	NA
19	NA	NA	NA	NA	NA	NA	NA	NA	NA	NA	NA	NA	NA	NA	NA	NA	NA	NA	NA	NA	NA	NA	NA	NA	NA
20	0.996808	0.00199521	NA	0.00119713	NA	0.00376884	0.994975	NA	0.00125628	NA	0.000772002	NA	0.996397	0.00283067	NA	0.00134318	0.000671592	0.00537273	0.992612	NA	0.000105843	NA	NA	NA	0.999894
21	0.997266	0.0014765	0.000464824	0.000792935	NA	0.00237186	0.995923	0.000741207	0.00096357	NA	0.0010756	0.00045106	0.996461	0.00201242	NA	0.000956206	0.000497227	0.00177854	0.996768	NA	6.91745e-06	6.91745e-06	NA	2.07523e-05	0.999965
22	0.995853	0.00237733	0.000829302	0.000912232	2.76434e-05	0.00309112	0.994906	0.000478906	0.00143672	8.70739e-05	0.00165326	0.000734781	0.994195	0.00337999	3.6739e-05	0.00164568	0.00112324	0.00376156	0.993443	2.61219e-05	8.02794e-06	8.02794e-06	8.02794e-06	8.02794e-06	0.999968
23	0.997058	0.00109867	0.00102779	0.000744259	7.08818e-05	0.00184833	0.99633	0.000686523	0.00108259	5.28095e-05	0.0010278	0.0005139	0.995864	0.0025695	2.44714e-05	0.0010517	0.000537801	0.0020556	0.996295	5.97557e-05	4.5722e-06	4.5722e-06	1.82888e-05	2.2861e-05	0.99995
24	0.997608	0.000713297	0.00100701	0.000629379	4.19586e-05	0.00161302	0.997265	0.000350656	0.000771443	NA	0.00100854	0.000605123	0.995092	0.00322732	6.72359e-05	0.000559037	0.000264807	0.00105923	0.998117	NA	NA	2.30126e-05	3.45189e-05	3.45189e-05	0.999908
25	0.996855	0.000953077	0.00139785	0.000794231	NA	0.00229191	0.995729	0.00083342	0.00109386	5.20888e-05	0.00196611	0.000468121	0.994851	0.00266829	4.68121e-05	0.00105044	0.000959101	0.0012788	0.996689	2.28357e-05	6.04522e-05	8.63603e-06	2.59081e-05	4.31801e-05	0.999862
26	0.997062	0.000596024	0.00144749	0.000851462	4.25731e-05	0.00169867	0.996972	0.000590842	0.000590842	0.00014771	0.00136757	0.000455858	0.995517	0.00258319	7.59763e-05	0.000312482	0.000653372	0.000965854	0.998068	NA	2.34373e-05	4.68746e-05	2.34373e-05	7.0312e-05	0.999836
27	0.996574	0.000915478	0.00120872	0.00126117	4.0529e-05	0.00130647	0.996421	0.000495942	0.0017469	2.96085e-05	0.00240896	0.00123944	0.991645	0.00468761	1.90683e-05	0.00104448	0.00114802	0.00352218	0.994258	2.72474e-05	4.0805e-05	2.10826e-05	1.76822e-05	3.12839e-05	0.999889
28	0.998147	0.000158839	0.00100598	0.000688304	NA	0.000390149	0.996781	0.000292612	0.00253597	NA	0.00286186	0.000687947	0.995074	0.00137589	NA	0.000670884	0.00325858	0.000287522	0.995783	NA	3.48319e-05	NA	NA	8.12744e-05	0.999884
29	0.999499	NA	NA	NA	0.000501002	NA	1	NA	NA	NA	0.000269906	NA	0.99946	0.000269906	NA	NA	NA	NA	1	NA	NA	NA	NA	NA	1
30	0.997899	0.000417824	0.000998248	0.000675104	1.02912e-05	0.000291618	0.998112	0.000259572	0.0013267	9.61378e-06	0.00147368	0.000459441	0.997108	0.000950666	8.66869e-06	0.000609591	0.00100215	0.000593633	0.997791	3.19157e-06	1.7187e-05	7.5623e-06	4.81237e-06	2.26869e-05	0.999948
31	0.998718	0.000220202	0.00078669	0.000261046	1.42066e-05	0.00019253	0.99853	0.000246764	0.00101417	1.62701e-05	0.000991654	0.000309892	0.998006	0.000674015	1.8077e-05	0.000319829	0.00067246	0.000627356	0.998376	4.10037e-06	1.51886e-05	4.50034e-06	2.25017e-06	1.9689e-05	0.999958
32	0.999107	0.000203243	0.000592056	9.72032e-05	NA	0.000156365	0.999531	7.21683e-05	0.000240561	NA	0.000320608	9.86485e-05	0.999223	0.000357601	NA	9.34114e-05	0.000155686	0.000225744	0.999525	NA	7.50867e-06	NA	7.50867e-06	2.50289e-05	0.99996
33	0.999448	8.34891e-05	0.000404601	6.42224e-05	NA	6.41678e-05	0.999652	6.41678e-05	0.000220004	NA	0.000268287	3.70052e-05	0.999232	0.000462565	NA	7.49955e-05	0.000164053	0.000285921	0.999475	NA	7.19739e-06	1.79935e-06	7.19739e-06	1.97928e-05	0.999964
34	0.998829	0.000222704	0.000703504	0.000224431	2.07167e-05	0.000111742	0.998809	0.000189962	0.000881367	8.38067e-06	0.000832399	0.00030928	0.998496	0.000350357	1.20813e-05	0.000215011	0.000705237	0.00040231	0.998669	8.60046e-06	1.57568e-05	4.00598e-06	3.20478e-06	1.6558e-05	0.99996
35	0.999549	9.51133e-05	0.000294544	5.62498e-05	5.11362e-06	3.34004e-05	0.999644	4.31422e-05	0.000275553	4.17505e-06	0.000351478	9.34107e-05	0.999305	0.000246984	3.16647e-06	6.14234e-05	0.000341241	0.00039779	0.999191	8.77477e-06	9.26574e-06	4.1181e-06	3.08858e-06	1.1668e-05	0.999972
36	0.999076	0.000139174	0.00063567	0.000136412	1.27023e-05	4.88203e-05	0.998989	0.000156225	0.000793551	1.2427e-05	0.00057508	0.000249685	0.999033	0.000136924	5.63804e-06	0.000140896	0.000731753	0.000234395	0.998885	7.79151e-06	1.87133e-05	6.29607e-06	2.79826e-06	1.66146e-05	0.999956
37	0.999032	9.8609e-05	0.00076688	9.22242e-05	9.93184e-06	4.54254e-05	0.999083	0.000205676	0.000652359	1.388e-05	0.00044897	0.000231287	0.99918	0.000133578	6.18415e-06	7.64309e-05	0.000578981	0.000227264	0.99911	7.44017e-06	1.42596e-05	6.23856e-06	3.34209e-06	1.78245e-05	0.999958
38	0.999085	0.000122266	0.000709972	6.67283e-05	1.57495e-05	3.43821e-05	0.999097	0.000183371	0.000670788	1.48315e-05	0.000479867	0.00018894	0.999246	7.71449e-05	7.84524e-06	7.36992e-05	0.000633898	0.000207465	0.999073	1.15022e-05	1.87861e-05	5.0182e-06	3.47414e-06	1.98155e-05	0.999953
39	0.999065	0.000131089	0.000721614	7.00749e-05	1.26351e-05	2.24435e-05	0.999031	0.000214476	0.000719735	1.20634e-05	0.000461755	0.000245623	0.999243	4.01179e-05	9.4317e-06	5.34294e-05	0.000597761	0.000179099	0.999161	9.08932e-06	1.77209e-05	6.48326e-06	3.25434e-06	1.63226e-05	0.999956
40	0.999308	0.000184639	0.000414255	7.46203e-05	1.80145e-05	2.18754e-05	0.998875	0.000219304	0.00087239	1.17321e-05	0.000459972	0.000289391	0.999212	2.72581e-05	1.10506e-05	5.01381e-05	0.00060425	0.000226486	0.99911	9.11601e-06	2.35451e-05	8.00265e-06	4.23884e-06	1.76009e-05	0.999947
