
SUMMARISING RUN PARAMETERS
==========================
Input filename: SC2251/host_removal/SC2251_R2.fastq.gz
Trimming mode: paired-end
Trim Galore version: 0.6.4_dev
Cutadapt version: 4.1
Python version: could not detect
Number of cores used for trimming: 2
Quality Phred score cutoff: 20
Quality encoding type selected: ASCII+33
Using Illumina adapter for trimming (count: 31240). Second best hit was Nextera (count: 0)
Adapter sequence: 'AGATCGGAAGAGC' (Illumina TruSeq, Sanger iPCR; auto-detected)
Maximum trimming error rate: 0.1 (default)
Minimum required adapter overlap (stringency): 1 bp
Minimum required sequence length for both reads before a sequence pair gets removed: 20 bp
Running FastQC on the data once trimming has completed
Output file will be GZIP compressed


This is cutadapt 4.1 with Python 3.9.13
Command line parameters: -j 2 -e 0.1 -q 20 -O 1 -a AGATCGGAAGAGC SC2251/host_removal/SC2251_R2.fastq.gz
Processing single-end reads on 2 cores ...
Finished in 1.32 s (17 µs/read; 3.49 M reads/minute).

=== Summary ===

Total reads processed:                  76,534
Reads with adapters:                    46,877 (61.2%)
Reads written (passing filters):        76,534 (100.0%)

Total basepairs processed:    19,210,034 bp
Quality-trimmed:               6,376,265 bp (33.2%)
Total written (filtered):     11,236,637 bp (58.5%)

=== Adapter 1 ===

Sequence: AGATCGGAAGAGC; Type: regular 3'; Length: 13; Trimmed: 46877 times

Minimum overlap: 1
No. of allowed errors:
1-9 bp: 0; 10-13 bp: 1

Bases preceding removed adapters:
  A: 35.8%
  C: 21.4%
  G: 16.1%
  T: 21.9%
  none/other: 4.7%

Overview of removed sequences
length	count	expect	max.err	error counts
1	11235	19133.5	0	11235
2	3933	4783.4	0	3933
3	1177	1195.8	0	1177
4	199	299.0	0	199
5	82	74.7	0	82
6	93	18.7	0	93
7	329	4.7	0	329
8	106	1.2	0	106
9	277	0.3	0	277
10	319	0.1	1	286 33
11	93	0.0	1	73 20
12	286	0.0	1	255 31
13	115	0.0	1	98 17
14	216	0.0	1	190 26
15	78	0.0	1	63 15
16	116	0.0	1	102 14
17	387	0.0	1	361 26
18	148	0.0	1	137 11
19	418	0.0	1	388 30
20	1596	0.0	1	1521 75
21	452	0.0	1	401 51
22	256	0.0	1	236 20
23	279	0.0	1	244 35
24	562	0.0	1	480 82
25	244	0.0	1	205 39
26	655	0.0	1	602 53
27	525	0.0	1	465 60
28	7561	0.0	1	7258 303
29	670	0.0	1	604 66
30	875	0.0	1	807 68
31	72	0.0	1	50 22
32	316	0.0	1	278 38
33	83	0.0	1	66 17
34	265	0.0	1	218 47
35	61	0.0	1	44 17
36	107	0.0	1	83 24
37	110	0.0	1	81 29
38	278	0.0	1	232 46
39	172	0.0	1	136 36
40	166	0.0	1	149 17
41	152	0.0	1	131 21
42	431	0.0	1	342 89
43	518	0.0	1	460 58
44	506	0.0	1	422 84
45	391	0.0	1	336 55
46	250	0.0	1	215 35
47	380	0.0	1	350 30
48	127	0.0	1	115 12
49	72	0.0	1	61 11
50	74	0.0	1	55 19
51	134	0.0	1	110 24
52	65	0.0	1	54 11
53	84	0.0	1	66 18
54	97	0.0	1	86 11
55	64	0.0	1	46 18
56	134	0.0	1	99 35
57	234	0.0	1	220 14
58	91	0.0	1	83 8
59	44	0.0	1	27 17
60	70	0.0	1	67 3
61	24	0.0	1	20 4
62	22	0.0	1	18 4
63	22	0.0	1	18 4
64	22	0.0	1	19 3
65	5	0.0	1	5
66	27	0.0	1	24 3
67	8	0.0	1	5 3
68	13	0.0	1	10 3
69	7	0.0	1	3 4
70	5	0.0	1	4 1
71	8	0.0	1	7 1
72	6	0.0	1	5 1
73	15	0.0	1	10 5
74	20	0.0	1	13 7
75	22	0.0	1	16 6
76	48	0.0	1	34 14
77	75	0.0	1	49 26
78	123	0.0	1	83 40
79	248	0.0	1	180 68
80	389	0.0	1	281 108
81	544	0.0	1	405 139
82	624	0.0	1	487 137
83	575	0.0	1	470 105
84	432	0.0	1	342 90
85	388	0.0	1	309 79
86	293	0.0	1	213 80
87	224	0.0	1	173 51
88	168	0.0	1	137 31
89	157	0.0	1	126 31
90	111	0.0	1	87 24
91	102	0.0	1	76 26
92	79	0.0	1	59 20
93	90	0.0	1	70 20
94	68	0.0	1	50 18
95	58	0.0	1	44 14
96	58	0.0	1	44 14
97	50	0.0	1	41 9
98	27	0.0	1	18 9
99	40	0.0	1	33 7
100	39	0.0	1	36 3
101	36	0.0	1	24 12
102	31	0.0	1	24 7
103	22	0.0	1	18 4
104	28	0.0	1	21 7
105	31	0.0	1	22 9
106	35	0.0	1	24 11
107	37	0.0	1	23 14
108	31	0.0	1	19 12
109	25	0.0	1	16 9
110	29	0.0	1	19 10
111	55	0.0	1	42 13
112	24	0.0	1	17 7
113	20	0.0	1	13 7
114	25	0.0	1	14 11
115	26	0.0	1	12 14
116	23	0.0	1	12 11
117	21	0.0	1	12 9
118	16	0.0	1	7 9
119	23	0.0	1	14 9
120	15	0.0	1	8 7
121	15	0.0	1	6 9
122	16	0.0	1	9 7
123	23	0.0	1	17 6
124	9	0.0	1	5 4
125	17	0.0	1	5 12
126	19	0.0	1	13 6
127	37	0.0	1	27 10
128	28	0.0	1	13 15
129	27	0.0	1	14 13
130	13	0.0	1	10 3
131	8	0.0	1	3 5
132	11	0.0	1	6 5
133	13	0.0	1	10 3
134	37	0.0	1	20 17
135	18	0.0	1	10 8
136	22	0.0	1	15 7
137	11	0.0	1	4 7
138	13	0.0	1	9 4
139	10	0.0	1	7 3
140	10	0.0	1	5 5
141	7	0.0	1	3 4
142	10	0.0	1	5 5
143	14	0.0	1	4 10
144	10	0.0	1	3 7
145	13	0.0	1	8 5
146	13	0.0	1	7 6
147	31	0.0	1	21 10
148	18	0.0	1	9 9
149	28	0.0	1	25 3
150	17	0.0	1	4 13
151	9	0.0	1	4 5
152	10	0.0	1	6 4
153	9	0.0	1	6 3
154	33	0.0	1	24 9
155	16	0.0	1	9 7
156	29	0.0	1	17 12
157	16	0.0	1	9 7
158	3	0.0	1	3
159	3	0.0	1	3
160	11	0.0	1	8 3
161	10	0.0	1	7 3
162	7	0.0	1	3 4
163	10	0.0	1	4 6
164	1	0.0	1	1
165	5	0.0	1	4 1
166	10	0.0	1	8 2
167	29	0.0	1	24 5
168	14	0.0	1	11 3
169	12	0.0	1	9 3
170	24	0.0	1	16 8
171	7	0.0	1	5 2
172	7	0.0	1	4 3
173	2	0.0	1	2
174	20	0.0	1	14 6
175	12	0.0	1	10 2
176	12	0.0	1	10 2
177	9	0.0	1	8 1
178	6	0.0	1	5 1
179	6	0.0	1	4 2
180	5	0.0	1	4 1
181	8	0.0	1	4 4
182	7	0.0	1	7
183	5	0.0	1	5
184	7	0.0	1	7
185	5	0.0	1	3 2
186	5	0.0	1	3 2
187	11	0.0	1	9 2
188	21	0.0	1	20 1
189	26	0.0	1	26
190	30	0.0	1	28 2
191	30	0.0	1	28 2
192	21	0.0	1	21
193	18	0.0	1	16 2
194	16	0.0	1	16
195	7	0.0	1	7
196	7	0.0	1	7
197	20	0.0	1	18 2
198	24	0.0	1	23 1
199	17	0.0	1	17
200	32	0.0	1	30 2
201	19	0.0	1	18 1
202	15	0.0	1	15
203	45	0.0	1	43 2
204	30	0.0	1	29 1
205	50	0.0	1	49 1
206	65	0.0	1	63 2
207	60	0.0	1	59 1
208	60	0.0	1	55 5
209	67	0.0	1	63 4
210	59	0.0	1	58 1
211	29	0.0	1	29
212	23	0.0	1	23
213	16	0.0	1	15 1
214	23	0.0	1	22 1
215	31	0.0	1	30 1
216	3	0.0	1	3
217	21	0.0	1	21
218	6	0.0	1	6
219	2	0.0	1	2
220	3	0.0	1	2 1
221	1	0.0	1	1
222	2	0.0	1	2
223	2	0.0	1	2
225	3	0.0	1	3
227	1	0.0	1	1
228	2	0.0	1	2
229	2	0.0	1	1 1
230	1	0.0	1	1
231	1	0.0	1	1
232	2	0.0	1	2
233	1	0.0	1	1
234	2	0.0	1	2
235	2	0.0	1	2
236	1	0.0	1	1
237	2	0.0	1	1 1
240	1	0.0	1	1
241	2	0.0	1	1 1
246	2	0.0	1	0 2
247	1	0.0	1	0 1
248	4	0.0	1	0 4
249	11	0.0	1	0 11
250	18	0.0	1	0 18
251	385	0.0	1	0 385

RUN STATISTICS FOR INPUT FILE: SC2251/host_removal/SC2251_R2.fastq.gz
=============================================
76534 sequences processed in total

Total number of sequences analysed for the sequence pair length validation: 76534

Number of sequence pairs removed because at least one read was shorter than the length cutoff (20 bp): 2721 (3.56%)
