quality	AA	AC	AG	AT	A.	CA	CC	CG	CT	C.	GA	GC	GG	GT	G.	TA	TC	TG	TT	T.	.A	.C	.G	.T	..
0	NA	NA	NA	NA	NA	NA	NA	NA	NA	NA	NA	NA	NA	NA	NA	NA	NA	NA	NA	NA	NA	NA	NA	NA	NA
1	NA	NA	NA	NA	NA	NA	NA	NA	NA	NA	NA	NA	NA	NA	NA	NA	NA	NA	NA	NA	NA	NA	NA	NA	NA
2	NA	NA	NA	NA	NA	NA	NA	NA	NA	NA	NA	NA	NA	NA	NA	NA	NA	NA	NA	NA	NA	NA	NA	NA	NA
3	NA	NA	NA	NA	NA	NA	NA	NA	NA	NA	NA	NA	NA	NA	NA	NA	NA	NA	NA	NA	NA	NA	NA	NA	NA
4	NA	NA	NA	NA	NA	NA	NA	NA	NA	NA	NA	NA	NA	NA	NA	NA	NA	NA	NA	NA	NA	NA	NA	NA	NA
5	NA	NA	NA	NA	NA	NA	NA	NA	NA	NA	NA	NA	NA	NA	NA	NA	NA	NA	NA	NA	NA	NA	NA	NA	NA
6	NA	NA	NA	NA	NA	NA	NA	NA	NA	NA	NA	NA	NA	NA	NA	NA	NA	NA	NA	NA	NA	NA	NA	NA	NA
7	NA	NA	NA	NA	NA	NA	NA	NA	NA	NA	NA	NA	NA	NA	NA	NA	NA	NA	NA	NA	NA	NA	NA	NA	NA
8	NA	NA	NA	NA	NA	NA	NA	NA	NA	NA	NA	NA	NA	NA	NA	NA	NA	NA	NA	NA	NA	NA	NA	NA	NA
9	NA	NA	NA	NA	NA	NA	NA	NA	NA	NA	NA	NA	NA	NA	NA	NA	NA	NA	NA	NA	NA	NA	NA	NA	NA
10	NA	NA	NA	NA	NA	NA	NA	NA	NA	NA	NA	NA	NA	NA	NA	NA	NA	NA	NA	NA	NA	NA	NA	NA	NA
11	0.973636	0.0106881	0.0047842	0.0106881	0.000203583	0.0466047	0.929383	0.00710044	0.0167829	0.000129099	0.0168104	0.0066357	0.940887	0.0354457	0.00022119	0.0208004	0.00816219	0.0194839	0.951553	NA	5.07267e-05	2.53633e-05	NA	7.609e-05	0.999848
12	0.973069	0.0124052	0.00566238	0.0085636	0.000300126	0.0355103	0.944403	0.00510443	0.0148718	0.000110366	0.0127836	0.00571251	0.953367	0.0279897	0.000147314	0.0122644	0.00710188	0.0201311	0.960311	0.000191205	2.72008e-05	5.44016e-06	2.17607e-05	7.61623e-05	0.999869
13	0.965572	0.0158553	0.00768578	0.0107349	0.000151811	0.029683	0.953254	0.00525953	0.0116635	0.000139563	0.00980857	0.00483806	0.963444	0.0217658	0.000143486	0.0150635	0.0107086	0.0233659	0.950683	0.000178581	5.04252e-05	3.82256e-05	2.43993e-05	6.09982e-05	0.999826
14	0.96163	0.0169558	0.00809467	0.0131702	0.000149555	0.0292347	0.952786	0.00463562	0.0131964	0.000147721	0.0164505	0.00664794	0.946691	0.0299722	0.000238322	0.0179278	0.0144489	0.0229765	0.944338	0.0003091	7.3554e-05	3.23637e-05	2.79505e-05	7.5025e-05	0.999791
15	0.975464	0.00835923	0.00606439	0.00990166	0.000210674	0.0112874	0.977299	0.00287224	0.00838155	0.000159569	0.0129227	0.00592289	0.956019	0.0250025	0.00013266	0.0272334	0.0164549	0.0277064	0.928391	0.000213993	5.65667e-05	3.62027e-05	5.4304e-05	6.10921e-05	0.999792
16	0.963043	0.0124401	0.00987436	0.0144767	0.000165353	0.018095	0.960076	0.00528965	0.0163583	0.00018073	0.0170012	0.00794369	0.95055	0.0243754	0.000129812	0.0194842	0.0136215	0.0193199	0.947321	0.000253263	8.84041e-05	5.8936e-05	4.46485e-05	8.39392e-05	0.999724
17	NA	NA	NA	NA	NA	NA	NA	NA	NA	NA	NA	NA	NA	NA	NA	NA	NA	NA	NA	NA	NA	NA	NA	NA	NA
18	NA	NA	NA	NA	NA	NA	NA	NA	NA	NA	NA	NA	NA	NA	NA	NA	NA	NA	NA	NA	NA	NA	NA	NA	NA
19	NA	NA	NA	NA	NA	NA	NA	NA	NA	NA	NA	NA	NA	NA	NA	NA	NA	NA	NA	NA	NA	NA	NA	NA	NA
20	0.997816	0.001092	0.000546001	0.000546001	NA	0.00348567	0.994578	0.000774593	0.00116189	NA	0.000761035	NA	0.997869	0.00136986	NA	0.00102459	NA	0.00170765	0.997268	NA	NA	NA	NA	6.35647e-05	0.999936
21	0.996907	0.00159933	0.000841751	0.000652357	NA	0.00277361	0.996349	0.000198115	0.00065095	2.83022e-05	0.000933707	0.000363108	0.99681	0.00186741	2.59363e-05	0.00102508	0.000564535	0.00224329	0.996108	5.94248e-05	2.12125e-05	NA	1.06063e-05	2.12125e-05	0.999947
22	0.996137	0.00175776	0.0013081	0.000735805	6.13171e-05	0.00406491	0.994233	0.000409642	0.00126044	3.1511e-05	0.00186597	0.000826358	0.994189	0.00306552	5.33134e-05	0.00176939	0.00147449	0.00361742	0.99304	9.82994e-05	4.14258e-05	1.77539e-05	2.36719e-05	1.77539e-05	0.999899
23	0.996454	0.00124711	0.001403	0.000766453	0.000129907	0.00265599	0.995723	0.000527292	0.00107411	1.95293e-05	0.00118866	0.000594332	0.996025	0.00217302	1.85729e-05	0.00105675	0.000945513	0.0020208	0.995931	4.63487e-05	1.7273e-05	1.38184e-05	2.07276e-05	3.4546e-05	0.999914
24	0.997113	0.00109083	0.00134749	0.000384998	6.41663e-05	0.00224239	0.996369	0.000587293	0.000800854	NA	0.0004995	0.0002997	0.997552	0.00164835	NA	0.000528274	0.000344527	0.00140107	0.997703	2.29684e-05	3.52696e-05	NA	8.81741e-06	7.93567e-05	0.999877
25	0.99591	0.000883002	0.00234693	0.000766818	9.29476e-05	0.00257645	0.995295	0.000784138	0.00123222	0.00011202	0.00162238	0.000937376	0.994412	0.00295634	7.21059e-05	0.0012952	0.00165309	0.00149971	0.99545	0.000102253	1.92224e-05	1.28149e-05	2.56299e-05	4.48522e-05	0.999897
26	0.99568	0.000963511	0.00239324	0.000901349	6.2162e-05	0.0024148	0.996103	0.000384172	0.00104275	5.48817e-05	0.000862069	0.000977011	0.995402	0.00270115	5.74713e-05	0.000448967	0.00117587	0.00106897	0.997242	6.41382e-05	1.7474e-05	1.7474e-05	2.62109e-05	9.61068e-05	0.999843
27	0.99609	0.00117577	0.00141456	0.00124139	7.83843e-05	0.00125567	0.996505	0.000566719	0.00165293	1.94462e-05	0.00252526	0.00122515	0.991719	0.00450706	2.34255e-05	0.00120637	0.00148856	0.00356548	0.993621	0.00011852	3.43067e-05	2.07919e-05	1.45544e-05	3.48265e-05	0.999896
28	0.997229	0.000245502	0.00189387	0.000561148	7.01434e-05	0.000442168	0.997752	7.36947e-05	0.00173183	NA	0.00233276	0.000526751	0.996031	0.0010535	5.64377e-05	0.000739053	0.00572766	0.000923816	0.992486	0.000123175	1.59986e-05	2.39979e-05	NA	7.9993e-06	0.999952
29	1	NA	NA	NA	NA	NA	1	NA	NA	NA	0.0001468	NA	0.999853	NA	NA	NA	NA	NA	1	NA	NA	NA	NA	8.03213e-05	0.99992
30	0.997519	0.000566771	0.00127946	0.000586738	4.76149e-05	0.000318371	0.998212	0.000228397	0.00123888	2.30704e-06	0.00124353	0.000410343	0.997394	0.000941498	1.04148e-05	0.000600137	0.00152593	0.000683877	0.997113	7.67617e-05	2.36155e-05	9.54669e-06	7.03441e-06	2.91425e-05	0.999931
31	0.998321	0.000242108	0.00112761	0.000259497	4.94918e-05	0.000181888	0.998717	0.000225861	0.000867467	7.99509e-06	0.000804337	0.000214614	0.998375	0.000597188	9.33106e-06	0.000306403	0.00108858	0.000605108	0.997932	6.77474e-05	2.42484e-05	7.94343e-06	7.10728e-06	2.13218e-05	0.999939
32	0.998572	0.000152802	0.00112276	0.000106297	4.65048e-05	9.78987e-05	0.999537	8.0099e-05	0.000284796	NA	0.000317616	3.43368e-05	0.99933	0.000317616	NA	6.08721e-05	0.000249575	0.000310447	0.999361	1.82616e-05	3.74039e-06	9.35097e-06	1.87019e-06	4.11443e-05	0.999944
33	0.998927	0.00011296	0.000851909	4.23601e-05	6.58935e-05	7.52024e-05	0.999665	3.41829e-05	0.000225607	NA	0.000174711	4.52954e-05	0.999469	0.000304126	6.47077e-06	4.7052e-05	0.000282312	0.000441565	0.999207	2.17163e-05	6.68673e-06	1.33735e-06	4.01204e-06	2.40722e-05	0.999964
34	0.998153	0.000408674	0.00114259	0.000211833	8.40813e-05	0.000112674	0.99887	0.000223298	0.00078769	6.14583e-06	0.000755585	0.0001858	0.998707	0.000335324	1.59257e-05	0.000205602	0.000979844	0.000385324	0.998333	9.63309e-05	1.77092e-05	8.35716e-06	3.78062e-06	2.60664e-05	0.999944
35	0.999179	0.000299862	0.000432636	5.74362e-05	3.13288e-05	4.11983e-05	0.999716	5.76777e-05	0.000183333	2.05992e-06	0.000360216	6.94392e-05	0.999332	0.000228932	9.76488e-06	5.06388e-05	0.000610644	0.000455749	0.998815	6.77666e-05	8.06515e-06	2.26832e-06	2.26832e-06	9.07329e-06	0.999978
36	0.998555	0.000194148	0.00106251	0.000135414	5.30236e-05	6.08682e-05	0.999042	0.000177424	0.000712287	7.12287e-06	0.000504628	0.000110914	0.999199	0.000168403	1.68403e-05	0.000117818	0.000941108	0.000205942	0.998659	7.61507e-05	1.871e-05	6.92014e-06	3.84452e-06	2.11449e-05	0.999949
37	0.998415	0.000154635	0.00129408	8.86646e-05	4.80266e-05	4.95857e-05	0.999122	0.000224972	0.000591356	1.19373e-05	0.000363096	8.96421e-05	0.999418	0.000105941	2.35424e-05	6.91358e-05	0.000964368	0.000211444	0.998663	9.23492e-05	1.99421e-05	9.55904e-06	4.4499e-06	2.47217e-05	0.999941
38	0.998323	0.000185906	0.00136695	7.47268e-05	4.98179e-05	3.20732e-05	0.999244	0.000181748	0.000531637	1.02051e-05	0.000361777	6.80103e-05	0.999456	9.02081e-05	2.36147e-05	5.53233e-05	0.000882973	0.00018483	0.998775	0.000101845	1.83185e-05	7.60924e-06	4.97889e-06	2.65854e-05	0.999943
39	0.998282	0.000252049	0.00134304	5.96106e-05	6.30884e-05	3.08091e-05	0.999126	0.000246372	0.000590206	6.34305e-06	0.000320924	5.24974e-05	0.999549	5.82453e-05	1.91596e-05	4.71334e-05	0.000825268	0.000150827	0.998898	7.91147e-05	1.80074e-05	8.34669e-06	5.34855e-06	2.13572e-05	0.999947
40	0.998656	0.000307038	0.000916223	5.37381e-05	6.73164e-05	3.06805e-05	0.99897	0.000182649	0.000808296	8.73481e-06	0.000299994	6.15853e-05	0.999563	4.50472e-05	3.01917e-05	3.89393e-05	0.000506604	0.000177015	0.99921	6.73201e-05	2.39194e-05	9.94304e-06	5.01536e-06	2.19641e-05	0.999939
