quality	AA	AC	AG	AT	A.	CA	CC	CG	CT	C.	GA	GC	GG	GT	G.	TA	TC	TG	TT	T.	.A	.C	.G	.T	..
0	NA	NA	NA	NA	NA	NA	NA	NA	NA	NA	NA	NA	NA	NA	NA	NA	NA	NA	NA	NA	NA	NA	NA	NA	NA
1	NA	NA	NA	NA	NA	NA	NA	NA	NA	NA	NA	NA	NA	NA	NA	NA	NA	NA	NA	NA	NA	NA	NA	NA	NA
2	NA	NA	NA	NA	NA	NA	NA	NA	NA	NA	NA	NA	NA	NA	NA	NA	NA	NA	NA	NA	NA	NA	NA	NA	NA
3	NA	NA	NA	NA	NA	NA	NA	NA	NA	NA	NA	NA	NA	NA	NA	NA	NA	NA	NA	NA	NA	NA	NA	NA	NA
4	NA	NA	NA	NA	NA	NA	NA	NA	NA	NA	NA	NA	NA	NA	NA	NA	NA	NA	NA	NA	NA	NA	NA	NA	NA
5	NA	NA	NA	NA	NA	NA	NA	NA	NA	NA	NA	NA	NA	NA	NA	NA	NA	NA	NA	NA	NA	NA	NA	NA	NA
6	NA	NA	NA	NA	NA	NA	NA	NA	NA	NA	NA	NA	NA	NA	NA	NA	NA	NA	NA	NA	NA	NA	NA	NA	NA
7	NA	NA	NA	NA	NA	NA	NA	NA	NA	NA	NA	NA	NA	NA	NA	NA	NA	NA	NA	NA	NA	NA	NA	NA	NA
8	NA	NA	NA	NA	NA	NA	NA	NA	NA	NA	NA	NA	NA	NA	NA	NA	NA	NA	NA	NA	NA	NA	NA	NA	NA
9	NA	NA	NA	NA	NA	NA	NA	NA	NA	NA	NA	NA	NA	NA	NA	NA	NA	NA	NA	NA	NA	NA	NA	NA	NA
10	0.979798	0.020202	NA	NA	NA	0.0869565	0.891304	0.0217391	NA	NA	0.0106383	0.0106383	0.941489	0.037234	NA	NA	NA	0.0277778	0.972222	NA	NA	NA	NA	NA	1
11	0.972255	0.0125409	0.00446701	0.0104045	0.000332945	0.0574928	0.917275	0.00485242	0.0202798	0.000100395	0.0179394	0.00530026	0.926951	0.049639	0.00016988	0.0152493	0.00567416	0.0170225	0.961912	0.000141854	4.32133e-05	2.16067e-05	1.44044e-05	2.88089e-05	0.999892
12	0.971483	0.0156897	0.00533774	0.00726467	0.000225043	0.0537453	0.92614	0.0048878	0.0150835	0.000143457	0.0126074	0.00421145	0.94796	0.0350729	0.000148243	0.0108117	0.00522743	0.0193843	0.964514	6.24437e-05	4.79941e-05	7.99902e-06	1.99976e-05	3.99951e-05	0.999884
13	0.967302	0.0177257	0.00617539	0.00867453	0.000122665	0.0400851	0.94463	0.00466254	0.0105391	8.37224e-05	0.00835377	0.00357635	0.966639	0.021318	0.0001132	0.0126047	0.00781832	0.0224264	0.956998	0.000152044	3.44046e-05	2.44033e-05	2.16029e-05	3.24043e-05	0.999887
14	0.965348	0.0185468	0.00602028	0.00994675	0.000138528	0.035377	0.948915	0.00431964	0.0112538	0.000134343	0.013437	0.00590905	0.949113	0.0313759	0.000165005	0.0146183	0.0113928	0.0213238	0.952446	0.000218979	5.97549e-05	2.80776e-05	2.3038e-05	3.88767e-05	0.99985
15	0.967939	0.0154252	0.0060515	0.0104459	0.000138088	0.0310879	0.95016	0.00499607	0.0136181	0.000137557	0.0131774	0.00645312	0.950951	0.0292996	0.000118639	0.0153833	0.00865248	0.0204727	0.955341	0.00015013	8.27665e-05	2.43431e-05	2.92117e-05	4.01661e-05	0.999824
16	0.965935	0.0148553	0.00743751	0.0116578	0.000114934	0.0257738	0.95697	0.0046698	0.012487	9.9806e-05	0.0118595	0.00542914	0.956424	0.026215	7.19185e-05	0.0190327	0.0126499	0.0268966	0.941216	0.000204549	4.84617e-05	2.27885e-05	1.9327e-05	4.06732e-05	0.999869
17	NA	NA	NA	NA	NA	NA	NA	NA	NA	NA	NA	NA	NA	NA	NA	NA	NA	NA	NA	NA	NA	NA	NA	NA	NA
18	1	NA	NA	NA	NA	NA	1	NA	NA	NA	NA	NA	1	NA	NA	NA	NA	NA	1	NA	NA	NA	NA	NA	1
19	1	NA	NA	NA	NA	NA	1	NA	NA	NA	NA	NA	1	NA	NA	NA	NA	NA	1	NA	NA	NA	NA	NA	1
20	0.997195	0.00153846	0.000542986	0.000723982	NA	0.00804121	0.990074	0.000502576	0.00138208	NA	0.00117075	0.000175613	0.994907	0.00374641	NA	0.00149288	0.000459348	0.00206706	0.995981	NA	2.23239e-05	2.23239e-05	NA	2.23239e-05	0.999933
21	0.996468	0.00217472	0.000802024	0.000555247	NA	0.00518146	0.99376	0.000256287	0.000746576	5.57147e-05	0.000828423	0.00017604	0.996935	0.0020607	NA	0.000803878	0.000396028	0.00230524	0.996465	2.95543e-05	2.0618e-05	1.23708e-05	1.23708e-05	1.64944e-05	0.999938
22	0.996214	0.00228725	0.00100278	0.000461956	3.38017e-05	0.00527592	0.993113	0.000495724	0.00109768	1.77044e-05	0.001164	0.00047479	0.995344	0.00298658	3.06316e-05	0.000910757	0.001144	0.00287666	0.994991	7.77475e-05	1.66399e-05	6.65595e-06	1.33119e-05	2.32958e-05	0.99994
23	0.997051	0.00141463	0.00106843	0.000417823	4.77512e-05	0.00340108	0.995164	0.000319994	0.00107884	3.65708e-05	0.000733426	0.000157163	0.997171	0.00191215	2.61938e-05	0.000449415	0.000821046	0.00131367	0.997355	6.04982e-05	2.73053e-05	3.21239e-06	1.60619e-05	2.40929e-05	0.999929
24	0.99698	0.00123955	0.00132684	0.000401543	5.23752e-05	0.00330978	0.994901	0.000417449	0.0013418	2.98178e-05	0.000941915	0.000256886	0.996832	0.00191237	5.70858e-05	0.000428238	0.000272515	0.00092136	0.998352	2.59538e-05	2.95798e-05	1.97199e-05	2.46498e-05	3.45098e-05	0.999892
25	0.997128	0.00114052	0.00130541	0.000343529	8.2447e-05	0.00321098	0.995334	0.000346508	0.00108573	2.31006e-05	0.000871289	0.000239604	0.99682	0.00204753	2.17822e-05	0.000440789	0.00210719	0.0011611	0.99613	0.000161264	3.92343e-05	7.84686e-06	1.17703e-05	1.96172e-05	0.999922
26	0.993994	0.000657577	0.00490991	0.000394546	4.38385e-05	0.00229935	0.99691	0.000431127	0.000359273	NA	0.000521532	0.000298018	0.996871	0.00216063	0.000149009	0.000234811	0.0033167	0.00123276	0.995186	2.93513e-05	5.94128e-05	3.56477e-05	3.56477e-05	3.56477e-05	0.999834
27	0.996251	0.00158633	0.00141965	0.000666705	7.62897e-05	0.00276471	0.995258	0.000531985	0.00142266	2.28377e-05	0.00136448	0.000561499	0.994752	0.0032928	2.93058e-05	0.00112884	0.00132695	0.00370419	0.99372	0.000119557	3.10403e-05	1.38487e-05	1.40875e-05	2.22057e-05	0.999919
28	0.998802	0.000437412	0.000475448	0.000285269	NA	0.000524787	0.998313	0.000112454	0.00104957	NA	0.00157848	0.000231242	0.996662	0.0015081	2.0108e-05	0.000432479	0.00172992	0.000684759	0.997117	3.60399e-05	1.28698e-05	8.57986e-06	NA	NA	0.999979
29	0.999616	0.000191865	NA	9.59325e-05	9.59325e-05	0.00045427	0.999243	NA	0.000302847	NA	0.000442065	0.000147355	0.999018	0.000392947	NA	0.000181422	NA	NA	0.999819	NA	NA	NA	NA	NA	1
30	0.997922	0.000570307	0.00116886	0.000281718	5.72597e-05	0.000454845	0.998341	0.00019922	0.0009985	6.0006e-06	0.000785209	0.000190873	0.998172	0.000844643	6.85772e-06	0.00034048	0.00125248	0.000604683	0.997716	8.62254e-05	1.7903e-05	3.58059e-06	6.39391e-06	1.48339e-05	0.999957
31	0.998312	0.000407079	0.00105855	0.000170711	5.17968e-05	0.000484562	0.998516	0.0001966	0.000794497	8.09531e-06	0.000537182	0.000115499	0.998771	0.00056878	7.62732e-06	0.000192302	0.000915648	0.000625184	0.998197	7.00012e-05	1.76274e-05	4.63879e-06	4.87073e-06	1.27567e-05	0.99996
32	0.998692	0.00018476	0.00101987	7.02086e-05	3.32567e-05	0.000287878	0.999413	4.42889e-05	0.000243589	1.10722e-05	0.000221243	3.87175e-05	0.999486	0.000248898	5.53107e-06	5.02762e-05	0.000774253	0.00021116	0.998937	2.6814e-05	7.89043e-06	3.38161e-06	4.50882e-06	6.76322e-06	0.999977
33	0.998927	0.000201203	0.000813561	4.66558e-05	1.16639e-05	0.000552915	0.99921	3.51057e-05	0.00019747	4.38822e-06	0.000226458	7.12923e-05	0.999543	0.000155166	4.19366e-06	6.02643e-05	0.000708709	0.000282037	0.998927	2.16952e-05	4.38458e-06	4.38458e-06	5.2615e-06	5.2615e-06	0.999981
34	0.998189	0.000505805	0.00113081	0.000112834	6.15456e-05	0.000221451	0.998811	0.000232158	0.000730282	5.07141e-06	0.000551137	8.7474e-05	0.998973	0.000381751	7.07882e-06	0.000136137	0.000899911	0.00049891	0.998389	7.56752e-05	1.67755e-05	3.61824e-06	5.15325e-06	1.30476e-05	0.999961
35	0.998598	0.000559666	0.000747198	4.62969e-05	4.86411e-05	0.000259044	0.999345	0.000102213	0.000291815	2.34076e-06	0.000349552	3.73735e-05	0.999431	0.000175875	5.86251e-06	5.36917e-05	0.000532489	0.000556291	0.998777	8.02608e-05	1.32974e-05	3.01407e-06	1.95028e-06	1.24109e-05	0.999969
36	0.998543	0.000239929	0.00107656	8.49099e-05	5.53083e-05	9.30965e-05	0.999055	0.000182486	0.000666917	2.88352e-06	0.00039356	5.37375e-05	0.999368	0.000176677	8.50522e-06	8.21598e-05	0.000919891	0.000235724	0.998689	7.31969e-05	1.62174e-05	3.84958e-06	3.52196e-06	1.38421e-05	0.999963
37	0.998251	0.000187549	0.00144501	7.10105e-05	4.55282e-05	8.75019e-05	0.99906	0.000207303	0.000640114	4.69809e-06	0.000313621	4.15785e-05	0.999506	0.000123548	1.48495e-05	6.62799e-05	0.000929535	0.000271909	0.998658	7.43628e-05	1.78343e-05	4.14011e-06	4.77705e-06	1.5605e-05	0.999958
38	0.99823	0.000228833	0.00143405	5.35903e-05	5.31381e-05	5.37576e-05	0.999122	0.000177759	0.000642224	4.65899e-06	0.000346209	4.20191e-05	0.999525	7.18276e-05	1.50838e-05	5.61377e-05	0.000796299	0.000215307	0.998854	7.84575e-05	1.84355e-05	3.32672e-06	4.15839e-06	1.26831e-05	0.999961
39	0.998336	0.000303119	0.00125618	4.41721e-05	6.09072e-05	3.91899e-05	0.999043	0.000215671	0.000696231	6.15239e-06	0.000311428	2.59943e-05	0.999602	4.93891e-05	1.09008e-05	4.52902e-05	0.000725038	0.000156861	0.998993	8.00604e-05	1.83894e-05	4.50222e-06	4.34369e-06	1.49493e-05	0.999958
40	0.998671	0.000310668	0.000920184	3.65233e-05	6.18426e-05	2.69299e-05	0.998963	0.000180871	0.000822448	7.24276e-06	0.000289967	2.15845e-05	0.999638	3.17772e-05	1.90363e-05	4.16335e-05	0.000477457	0.000170499	0.999247	6.37368e-05	1.97391e-05	6.11673e-06	3.45902e-06	1.62801e-05	0.999954
