ks_quality_p_value	fisher_strand_p_value	bias_p_value	bias_e_value
1	1	1	29903
0.710149	1	0.953219	28504.1
1	1	1	29903
0.698562	1	0.949158	28382.7
0.0970414	1	0.323402	9670.69
0.999342	1	1	29903
0.992744	1	0.999974	29902.2
0.253717	1	0.601699	17992.6
0.789424	1	0.976085	29187.9
0.701495	1	0.950204	28414
0.952628	1	0.99886	29868.9
0.951717	1	0.998815	29867.6
1	1	1	29903
0.492548	1	0.841352	25159
0.101175	1	0.332957	9956.42
0.999999	1	1	29903
0.00182755	1	0.0133498	399.2
0.513332	0.623547	0.684718	20475.1
0.139424	0.814561	0.360622	10783.7
0.910423	1	0.995863	29779.3
0.696375	1	0.94837	28359.1
0.347998	0.81456	0.640821	19162.5
0.517333	0.629115	0.690797	20656.9
0.849286	0.81456	0.946697	28309.1
0.759306	0.831842	0.92183	27565.5
0.952237	0.831842	0.976716	29206.7
0.831169	0.831842	0.946552	28304.8
0.966249	0.835829	0.980179	29310.3
1	0.747456	0.965025	28857.2
0.995334	1	0.999989	29902.7
0.97692	1	0.999732	29895
0.944356	1	0.998422	29855.8
0.892792	1	0.994036	29724.7
0.911348	1	0.995949	29781.9
0.595066	1	0.903955	27031
0.0524741	1	0.207138	6194.05
0.325463	1	0.690798	20656.9
0.44367	1	0.804229	24048.9
0.593895	0.801184	0.829218	24796.1
0.934555	0.943185	0.992679	29684.1
0.807867	1	0.980232	29311.9
0.670869	1	0.938667	28069
0.34359	1	0.71065	21250.6
0.999947	1	1	29903
0.914204	0.72587	0.935723	27980.9
0.987514	1	0.999922	29900.7
0.999998	0.351254	0.718751	21492.8
0.68347	0.384632	0.614108	18363.7
0.699195	0.00625147	0.0281176	840.801
1	0.0237277	0.112496	3363.96
0.521104	7.87084e-05	0.000455334	13.6159
0.990628	0.00301919	0.0203745	609.26
0.985767	0.0030179	0.0202818	606.486
0.992048	0.00304183	0.0205298	613.904
0.792039	0.0030223	0.01684	503.565
0.937852	0.00303459	0.0195288	583.969
0.873405	0.00303245	0.0183644	549.15
0.232266	0.0014222	0.00297805	89.0525
0.327056	0.00303356	0.00785346	234.842
0.388929	0.322489	0.385814	11537
0.237803	0.146359	0.151679	4535.67
0.831892	1	0.985004	29454.6
0.773376	0.236307	0.493366	14753.1
1	1.85495e-09	3.91495e-08	0.00117069
0.995945	0.0590148	0.225347	6738.55
0.893058	1	0.994066	29725.6
0.939171	1	0.998111	29846.5
0.0783958	1	0.27799	8312.74
0.00771516	1	0.0452461	1352.99
0.460925	1	0.81792	24458.3
0.791249	0.0634595	0.200422	5993.22
0.687974	1	0.945279	28266.7
0.975448	1	0.999696	29893.9
0.999279	0.455854	0.813707	24332.3
0.924016	1	0.997037	29814.4
1	0.296386	0.656819	19640.9
0.273111	1	0.627575	18766.4
0.0351087	1	0.152698	4566.14
1	1	1	29903
0.506189	1	0.850825	25442.2
0.876567	1	0.992048	29665.2
0.999997	6.76227e-14	2.11826e-12	6.33425e-08
1	6.48841e-10	1.43756e-08	0.000429874
0.999593	1	1	29903
0.427643	1	0.790912	23650.6
0.999962	1	1	29903
0.33575	1	0.702184	20997.4
0.73492	0.839821	0.915038	27362.4
0.962629	0.590519	0.889535	26599.8
0.989082	0.0410243	0.170606	5101.64
0.605874	0.411004	0.595209	17798.5
0.31817	1	0.682528	20409.6
1	1	1	29903
0.719422	0.695607	0.846875	25324.1
0.749347	0.695785	0.860945	25744.8
0.727751	0.695739	0.850918	25445
0.997278	1	0.999996	29902.9
0.970043	1	0.999547	29889.4
0.744693	1	0.964216	28832.9
0.944905	1	0.998454	29856.8
0.932059	1	0.997638	29832.4
0.999964	0.789765	0.976159	29190.1
0.930983	0.831511	0.972317	29075.2
0.529804	1	0.866361	25906.8
0.999997	0.0385028	0.163907	4901.31
0.204332	0.774224	0.449902	13453.4
0.990162	1	0.999951	29901.5
0.990615	1	0.999956	29901.7
1	0.0327678	0.144778	4329.31
0.921059	1	0.996799	29807.3
0.99037	1	0.999953	29901.6
1	1	1	29903
0.465095	1	0.821132	24554.3
0.954572	1	0.998952	29871.7
0.99844	1	0.999999	29903
0.57853	0.282112	0.459064	13727.4
0.4545	2.17616e-16	3.74384e-15	1.11952e-10
0.982266	1	0.999842	29898.3
0.281165	1	0.637911	19075.5
0.999997	0.719094	0.956224	28594
0.998616	0.814456	0.981379	29346.2
0.930685	1	0.99754	29829.4
0.437642	1	0.799289	23901.1
0.84423	1	0.987184	29519.8
0.525283	1	0.863469	25820.3
0.657444	1	0.933173	27904.7
0.624634	1	0.91858	27468.3
0.704055	1	0.951107	28441
0.922383	1	0.996907	29810.5
0.642781	1	0.926859	27715.9
0.627124	1	0.919747	27503.2
0.641468	1	0.926277	27698.5
0.730781	1	0.959984	28706.4
1	0.421351	0.78552	23489.4
0.980014	1	0.999799	29897
0.960917	1	0.999226	29879.9
1	1	1	29903
0.996992	0.35342	0.719904	21527.3
0.88172	0.578602	0.853517	25522.7
0.912098	1	0.996018	29783.9
1	1	1	29903
0.299337	1	0.660392	19747.7
0.964301	0.601869	0.89615	26797.6
0.419953	1	0.78431	23453.2
0.976767	1	0.999728	29894.9
0.282503	1	0.639605	19126.1
0.316384	1	0.680478	20348.3
0.991978	1	0.999968	29902
0.0996455	1	0.329442	9851.29
0.484997	0.620425	0.662279	19804.1
0.837351	1	0.985991	29484.1
0.999933	1	1	29903
0.331046	1	0.697016	20842.9
0.938184	1	0.998049	29844.7
0.999987	1	1	29903
0.648558	0.814157	0.86523	25873
0.999998	0.55609	0.882417	26386.9
0.671486	1	0.938914	28076.3
0.91301	1	0.996102	29786.4
0.806631	0.839134	0.941037	28139.8
0.132436	0.406701	0.21121	6315.82
0.991389	0.363695	0.728369	21780.4
0.995306	1	0.999989	29902.7
0.987031	1	0.999916	29900.5
1	0.619688	0.916233	27398.1
0.366306	1	0.734182	21954.2
1	0.723241	0.95758	28634.5
1	1	1	29903
0.32065	0.371242	0.37239	11135.6
0.486268	0.373291	0.491263	14690.2
0.427501	0.373296	0.452451	13529.6
0.282492	0.124015	0.152446	4558.58
0.999899	0.0126291	0.067835	2028.47
0.864989	0.615523	0.868017	25956.3
0.872182	1	0.991459	29647.6
0.78677	1	0.975453	29169
0.827142	0.0571951	0.19165	5730.9
0.955791	0.00389103	0.0245243	733.349
0.910372	1	0.995858	29779.1
0.79057	1	0.976355	29195.9
0.963348	1	0.99932	29882.7
0.430497	1	0.793326	23722.8
0.984752	0.54722	0.872046	26076.8
0.999851	0.076511	0.27314	8167.7
0.840148	1	0.986483	29498.8
0.85243	1	0.988533	29560.1
0.76377	1	0.969597	28993.9
0.829087	1	0.984483	29439
0.999998	1	1	29903
0.91196	1	0.996005	29783.6
0.975916	0.288072	0.637872	19074.3
1	0.11235	0.357962	10704.1
0.997858	0.288072	0.645822	19312
0.969338	1	0.999525	29888.8
0.639576	1	0.925434	27673.3
0.803267	0.54877	0.801894	23979
0.877192	1	0.99213	29667.7
0.33134	0.211905	0.256713	7676.49
0.46515	0.696906	0.689339	20613.3
0.587426	1	0.89994	26910.9
1	1	1	29903
0.913002	1	0.996101	29786.4
0.851342	1	0.988358	29554.9
0.764674	1	0.96984	29001.1
0.766692	1	0.970379	29017.2
0.929121	0.753356	0.949658	28397.6
0.688324	0.580782	0.766302	22914.7
0.953284	1	0.998891	29869.8
0.938236	1	0.998052	29844.8
0.446019	1	0.806132	24105.8
0.290261	1	0.649306	19416.2
1	1	1	29903
0.791146	1	0.97649	29200
0.997801	0.0242312	0.114176	3414.2
0.906519	0.791308	0.955643	28576.6
0.859818	1	0.98968	29594.4
0.999744	1	1	29903
0.999938	1	1	29903
0.999946	1	1	29903
0.241694	1	0.58492	17490.9
0.318033	1	0.682372	20405
0.626982	1	0.919681	27501.2
0.534329	1	0.869216	25992.2
0.932329	1	0.997657	29832.9
0.790576	1	0.976356	29196
0.996092	0.0129702	0.0691066	2066.5
0.877887	0.00234808	0.0148096	442.85
0.498501	0.190492	0.318525	9524.85
0.95904	1	0.999149	29877.6
0.600382	1	0.90669	27112.8
0.858499	6.04754e-08	9.22772e-07	0.0275936
0.988642	1.95454e-05	0.000229064	6.84969
0.9648	1	0.999373	29884.3
0.985511	0.38307	0.745274	22285.9
0.985078	0.0918165	0.307789	9203.81
0.141151	1	0.417514	12484.9
0.850173	1	0.988169	29549.2
0.82441	1	0.983593	29412.4
0.579988	1	0.895935	26791.2
0.309766	1	0.672792	20118.5
0.999999	1	1	29903
0.999984	0.0770172	0.274465	8207.33
0.0357008	1	0.154677	4625.29
0.948489	1	0.99865	29862.6
0.871705	1	0.991394	29645.6
0.810156	1	0.980717	29326.4
0.993472	0.681634	0.941159	28143.5
0.933218	0.196947	0.49513	14805.9
0.96573	0.308948	0.659213	19712.4
0.967349	0.458204	0.803882	24038.5
0.903518	0.00124278	0.00874929	261.63
0.973198	0.0452888	0.181671	5432.5
0.765971	0.00161043	0.00949563	283.948
0.602537	0.772313	0.821324	24560.1
0.385576	1	0.753037	22518.1
0.169872	1	0.471007	14084.5
0.923009	1	0.996957	29812
0.999974	1	1	29903
0.534887	0.0627088	0.147416	4408.18
0.790716	1	0.976389	29197
0.206254	5.67062e-11	3.06102e-10	9.15336e-06
0.336538	0.683534	0.568078	16987.2
0.574498	1	0.892919	26700.9
0.0084276	0.0172222	0.00142788	42.6978
0.275087	0.241925	0.246889	7382.72
0.773707	1	0.972211	29072
0.622788	1	0.917709	27442.2
0.814442	1	0.981608	29353
0.928908	1	0.997411	29825.6
0.959283	1	0.99916	29877.9
0.992818	1	0.999974	29902.2
0.925631	1	0.997163	29818.2
0.983815	1	0.999868	29899.1
0.982663	1	0.999849	29898.5
0.222517	1.49538e-05	4.5298e-05	1.35455
0.999577	0.858431	0.989414	29586.4
0.196347	1	0.515974	15429.2
0.979313	1	0.999785	29896.6
0.81232	1	0.98117	29339.9
0.724078	1	0.957851	28642.6
0.738245	1	0.962287	28775.3
0.827248	1	0.984136	29428.6
0.441055	1	0.802097	23985.1
0.0634253	1	0.238345	7127.24
0.0872106	1	0.299955	8969.55
0.439997	1	0.801229	23959.1
0.972434	0.0608513	0.226475	6772.28
0.432486	1	0.794998	23772.8
0.759914	1	0.968549	28962.5
0.960113	0.357361	0.710133	21235.1
0.962915	1	0.999304	29882.2
0.999996	1	1	29903
0.999994	1	1	29903
0.29501	1	0.655142	19590.7
0.0581405	1	0.223544	6684.64
0.725518	0.773667	0.885456	26477.8
0.765447	0.142772	0.351219	10502.5
0.349136	1	0.71653	21426.4
0.652309	3.69746e-05	0.000280563	8.38967
0.952726	0.0127914	0.0658984	1970.56
0.987832	0.0116237	0.0627728	1877.09
0.329962	0.0303051	0.0560496	1676.05
0.981769	0.000473214	0.00402999	120.509
0.883205	1	0.992897	29690.6
0.20492	1	0.529746	15841
0.826749	1	0.984041	29425.8
0.599	1	0.905984	27091.6
0.990814	1	0.999958	29901.7
0.938577	1	0.998074	29845.4
0.872826	1	0.991547	29650.2
0.0299919	0.118953	0.0236742	707.929
0.000204762	1	0.00194394	58.1297
0.00371375	1	0.0244948	732.469
0.666004	1	0.936708	28010.4
0.181927	1	0.491958	14711
0.76803	1	0.970733	29027.8
0.168665	1	0.468861	14020.4
0.254525	1	0.602805	18025.7
0.569223	1	0.88997	26612.8
0.0672323	0.000252	0.000203068	6.07235
0.987695	0.867572	0.989234	29581.1
0.999806	0.67712	0.941083	28141.2
1	0.803391	0.979264	29282.9
0.990535	1	0.999955	29901.7
0.950498	1	0.998754	29865.7
0.724251	1	0.957907	28644.3
0.757779	1	0.967959	28944.9
0.625149	1	0.918822	27475.5
0.988769	1	0.999937	29901.1
0.975342	1	0.999693	29893.8
0.902638	1	0.995099	29756.4
1	1	1	29903
0.203379	1	0.527298	15767.8
0.994926	1	0.999987	29902.6
0.158112	8.09727e-12	3.63394e-11	1.08666e-06
0.384889	7.68264e-12	8.14549e-11	2.43575e-06
0.740051	7.68264e-12	1.52902e-10	4.57222e-06
0.925555	1	0.997157	29818
0.986643	1	0.99991	29900.3
0.860661	1	0.989807	29598.2
0.192158	0.0157888	0.0206245	616.733
0.462696	1	0.819289	24499.2
0.592145	1	0.902431	26985.4
0.445224	1	0.805489	24086.5
0.999998	0.401219	0.76763	22954.5
0.6619	1	0.935027	27960.1
0.897755	0.753395	0.940839	28133.9
0.999998	0.83118	0.984872	29450.6
0.999495	1	1	29903
0.405265	1	0.771306	23064.4
0.000974357	3.12559e-06	6.27655e-08	0.00187688
1	3.15978e-10	7.2281e-09	0.000216142
0.999601	1	1	29903
0.359316	0.208083	0.268668	8033.97
0.999994	0.626913	0.919647	27500.2
0.975197	0.752824	0.961034	28737.8
0.0828771	1	0.289274	8650.16
0.999998	0.329684	0.695508	20797.8
0.82907	1	0.98448	29438.9
0.990815	1	0.999958	29901.7
0.757306	1	0.967828	28941
0.927248	0.704337	0.931335	27849.7
0.47341	4.42228e-15	7.28554e-14	2.1786e-09
0.958464	1	0.999125	29876.8
0.989757	1	0.999947	29901.4
0.983041	1	0.999855	29898.7
1	1.36209e-06	1.97591e-05	0.590856
0.999917	4.45447e-18	1.82408e-16	5.45453e-12
0.878797	0.0260313	0.109295	3268.24
0.16895	0.582014	0.326402	9760.4
0.787992	0.270526	0.542664	16227.3
0.981164	0.200857	0.517156	15464.5
0.940214	0.353822	0.698807	20896.4
0.99438	1	0.999984	29902.5
0.0905051	1	0.30793	9208.03
0.856083	1	0.989108	29577.3
1	1	1	29903
0.508171	1	0.852171	25482.5
0.700767	1	0.949946	28406.2
0.892337	1	0.993984	29723.1
0.117917	1	0.369996	11064
0.878933	0.574609	0.850043	25418.8
0.954269	0.373782	0.724397	21661.6
0.912145	0.368077	0.702172	20997.1
0.999999	0.00193562	0.0140281	419.481
0.548792	0.357217	0.515471	15414.1
0.991044	4.10917e-12	1.10878e-10	3.31557e-06
0.971359	1	0.999586	29890.6
0.396744	0.838437	0.698781	20895.6
0.723041	1	0.957515	28632.6
0.99011	0.142399	0.4172	12475.5
0.772925	1	0.97201	29066
0.425548	1	0.789127	23597.3
0.793386	1	0.977012	29215.6
1	1	1	29903
0.998806	1	0.999999	29903
0.999444	1	1	29903
0.686128	1	0.944586	28246
0.863715	1	0.99026	29611.7
0.815223	1	0.981768	29357.8
0.466423	0.218737	0.334899	10014.5
1	0.686348	0.944669	28248.4
0.771952	1	0.971759	29058.5
1	0.373177	0.741018	22158.7
0.924455	0.692216	0.925589	27677.9
0.765004	0.60198	0.817605	24448.8
0.684271	0.603177	0.777986	23264.1
0.073608	1	0.265651	7943.78
0.361538	1	0.729362	21810.1
0.465498	1	0.82144	24563.5
1	1	1	29903
0.999991	1	1	29903
1	1	1	29903
1	1	1	29903
1	1	1	29903
0.999997	1	1	29903
0.993668	1	0.99998	29902.4
0.775832	1	0.972753	29088.2
0.807329	1	0.980117	29308.4
0.844018	1	0.987148	29518.7
0.999848	1	1	29903
0.998017	1	0.999998	29902.9
0.310734	1	0.673926	20152.4
0.312133	1	0.675558	20201.2
0.319806	1	0.684398	20465.6
0.926646	0.844465	0.974422	29138.1
0.999995	0.823302	0.983377	29405.9
1	0.823583	0.983433	29407.6
0.991495	0.11827	0.368599	11022.2
0.066738	1	0.247396	7397.9
0.273365	1	0.627905	18776.2
0.907334	0.000124628	0.00114068	34.1096
0.949633	0.000125429	0.00119534	35.7442
0.669201	0.000351141	0.00219851	65.742
0.845415	0.0809696	0.252017	7536.06
0.93766	1	0.998015	29843.6
0.999999	0.327237	0.692783	20716.3
0.999998	1	1	29903
0.998393	1	0.999999	29903
1	0.1634	0.459407	13737.7
0.809801	1	0.980642	29324.1
0.206109	1	0.531627	15897.2
0.302394	1	0.664064	19857.5
0.331753	1	0.697797	20866.2
0.969971	0.202853	0.516649	15449.4
0.113284	0.521448	0.226186	6763.64
0.987818	0.372713	0.736052	22010.2
0.0695176	0.720398	0.200027	5981.41
0.762294	0.02457	0.0932292	2787.83
0.923078	0.202677	0.500679	14971.8
0.948471	0.214455	0.527337	15769
0.903285	0.800166	0.95743	28630
0.972109	0.0683023	0.246473	7370.3
0.0261642	0.583104	0.0790704	2364.44
0.960858	0.299537	0.646268	19325.3
1	0.0689399	0.253321	7575.06
0.992051	0.68635	0.942595	28186.4
0.779477	0.77341	0.907947	27150.4
0.376349	1	0.744132	22251.8
0.999991	5.71229e-09	1.14134e-07	0.00341296
0.868814	1	0.990992	29633.6
0.922296	0.168076	0.444001	13277
0.179717	1	0.488179	14598
0.164341	1	0.461109	13788.6
0.999999	1	1	29903
0.90613	1	0.99545	29766.9
0.572721	1	0.891931	26671.4
0.808208	1	0.980304	29314
0.989294	1	0.999942	29901.3
0.887278	0.00715532	0.0384703	1150.38
0.996857	0.000456907	0.00395995	118.414
0.14837	0.0827188	0.0662784	1981.92
0.496997	0.173874	0.29801	8911.39
0.40883	1	0.774511	23160.2
0.954854	0.844146	0.979839	29300.1
0.352208	1	0.719749	21522.6
0.862839	0.000468567	0.00356322	106.551
0.360497	1	0.728302	21778.4
0.955219	1	0.998982	29872.6
0.996454	1	0.999994	29902.8
1	1	1	29903
0.993365	1	0.999978	29902.3
0.132817	1	0.400946	11989.5
0.499974	0.774126	0.754431	22559.8
0.382985	2.04912e-07	1.36242e-06	0.0407404
1	0.00862738	0.0496317	1484.14
0.979995	0.575736	0.887128	26527.8
1	1	1	29903
0.422537	1	0.786543	23520
0.997736	7.96378e-05	0.000829559	24.8063
0.939161	1	0.998111	29846.5
0.972133	6.24868e-12	1.62961e-10	4.87303e-06
0.856551	0.145977	0.385006	11512.8
0.623068	0.601541	0.742616	22206.4
0.980864	0.360954	0.721663	21579.9
0.959727	0.365932	0.71869	21491
0.967281	0.000612609	0.00499595	149.394
0.999959	0.226273	0.562504	16820.6
0.0271963	1	0.12523	3744.76
0.9873	1	0.999919	29900.6
0.428965	1	0.792032	23684.1
0.488699	0.389629	0.506221	15137.5
0.527086	1.39271e-08	1.44833e-07	0.00433093
1	0.0284321	0.129657	3877.13
1	0.329827	0.695667	20802.5
0.999997	0.000275945	0.00253739	75.8757
0.999997	0.000621117	0.00520743	155.718
0.724123	0.859932	0.917666	27441
0.944663	0.844925	0.978104	29248.3
0.540845	0.607309	0.694148	20757.1
0.972342	1	0.999614	29891.5
0.999674	1	1	29903
1	1	1	29903
0.999983	1	1	29903
0.8385	1	0.986194	29490.2
0.732542	0.398262	0.651137	19470.9
0.22217	1	0.556383	16637.5
0.954097	1	0.99893	29871
0.694971	1	0.947861	28343.9
0.482077	1	0.833825	24933.9
0.999999	0.0063177	0.038313	1145.67
0.969598	1	0.999533	29889
0.617096	0.263891	0.458404	13707.6
0.301938	1	0.663519	19841.2
0.994368	0.298635	0.657508	19661.5
0.766611	1	0.970358	29016.6
0.934744	1	0.997823	29837.9
0.999999	1	1	29903
0.461199	1	0.818133	24464.6
0.52475	1	0.863126	25810.1
0.834622	1	0.985502	29469.5
0.592152	1	0.902435	26985.5
0.786264	1	0.975331	29165.3
0.976375	1	0.999719	29894.6
0.999928	1	1	29903
0.998592	0.574835	0.892657	26693.1
0.952301	0.719495	0.944227	28235.2
1	0.214459	0.544648	16286.6
0.991656	0.288597	0.644241	19264.7
0.436426	1.89018e-06	1.23804e-05	0.370212
0.240336	1.89117e-06	7.09229e-06	0.212081
0.233134	1.89176e-06	6.89518e-06	0.206187
0.708639	1	0.952701	28488.6
0.0738199	0.0133865	0.0078261	234.024
0.0696259	0.00287023	0.00190209	56.8783
1	1	1	29903
0.992454	1	0.999971	29902.1
0.522343	1	0.861569	25763.5
0.944317	1	0.99842	29855.8
0.913326	1	0.99613	29787.3
0.609629	1	0.911337	27251.7
0.785791	1	0.975217	29161.9
0.950236	1	0.998741	29865.3
0.409719	0.0112569	0.0294212	879.784
0.907042	0.0550941	0.199705	5971.77
0.931773	1	0.997618	29831.8
0.985531	0.00393039	0.0253855	759.102
0.994478	1.59795e-07	2.64667e-06	0.0791433
1	1.80537e-06	2.56809e-05	0.767936
0.800168	0.0464054	0.159418	4767.09
0.18681	1.43759e-10	6.80535e-10	2.035e-05
0.31229	2.80592e-07	1.51157e-06	0.0452003
0.546956	0.0816072	0.183417	5484.73
0.556548	0.0454535	0.118316	3538
0.458778	1	0.816253	24408.4
0.892781	1	0.994035	29724.6
0.348592	1	0.715956	21409.2
0.99963	1	1	29903
0.767628	0.606477	0.821478	24564.7
0.340909	1	0.707775	21164.6
0.521947	1	0.861311	25755.8
0.861966	1	0.990002	29604
0.825409	1	0.983785	29418.1
0.904741	1	0.995311	29762.8
0.929267	1	0.997437	29826.4
0.539703	1	0.872557	26092.1
0.323848	1	0.688981	20602.6
0.715736	1	0.95511	28560.6
0.948857	1	0.998669	29863.2
0.977913	1	0.999754	29895.7
0.0590437	1	0.226107	6761.27
0.948334	1	0.998642	29862.4
0.728471	0.0769851	0.217649	6508.37
0.876477	0.0768233	0.249007	7446.05
0.790125	0.0767595	0.230629	6896.49
1	0.0766782	0.273598	8181.41
1	0.0298358	0.134621	4025.56
0.826295	0.028606	0.112156	3353.81
0.646734	0.205837	0.40156	12007.9
0.986623	1	0.99991	29900.3
0.96476	1	0.999372	29884.2
0.642116	1	0.926565	27707.1
0.999993	0.505444	0.850316	25427
0.999976	0.209339	0.536695	16048.8
0.114204	0.81374	0.313729	9381.43
0.988084	1	0.999929	29900.9
0.845763	7.89541e-05	0.000708776	21.1945
0.0276827	5.90819e-06	2.71928e-06	0.0813145
0.954512	1	0.998949	29871.6
0.952658	1	0.998861	29868.9
0.973225	1	0.999638	29892.2
0.955739	1	0.999006	29873.3
0.951537	1	0.998806	29867.3
0.937771	1	0.998022	29843.9
0.962092	1	0.999272	29881.2
0.948998	1	0.998677	29863.4
0.692797	1	0.947066	28320.1
0.984151	1	0.999874	29899.2
1	0.0139467	0.0735342	2198.89
1	1	1	29903
0.873506	1	0.991639	29653
0.977137	1	0.999737	29895.1
0.47915	1	0.83168	24869.7
0.339579	1	0.70634	21121.7
0.296866	1	0.657402	19658.3
0.726989	0.416701	0.664713	19876.9
0.860655	0.0788585	0.250451	7489.24
0.810914	1	0.980876	29331.1
0.679523	1	0.942066	28170.6
0.0978485	1	0.325281	9726.88
0.614865	1	0.913906	27328.5
0.986108	1	0.999903	29900.1
0.935313	1	0.997861	29839
0.988151	0.00187118	0.013485	403.242
0.900689	1	0.994897	29750.4
0.794558	1	0.977282	29223.7
0.241769	1	0.585026	17494
0.784986	1	0.975023	29156.1
0.994639	7.0949e-07	1.07011e-05	0.319995
0.971722	0.36268	0.719974	21529.4
0.988316	0.017924	0.0891639	2666.27
1	3.20309e-15	1.10105e-13	3.29248e-09
0.17665	1	0.482888	14439.8
0.805404	1	0.979702	29296
0.995814	0.774185	0.971497	29050.7
0.232872	1	0.572228	17111.3
0.373095	1	0.740938	22156.3
0.615429	1	0.91418	27336.7
0.678592	1	0.941706	28159.8
0.627566	1	0.919953	27509.4
0.737334	1	0.96201	28767
0.999999	0.397541	0.764255	22853.5
0.954101	1	0.99893	29871
0.998756	3.53395e-15	1.20985e-13	3.61781e-09
0.661828	0.110829	0.264977	7923.61
0.948411	0.00360476	0.0228323	682.755
0.9656	3.21871e-07	4.96784e-06	0.148553
0.972809	1	0.999627	29891.8
0.999999	1	1	29903
1	1	1	29903
0.768962	1	0.970979	29035.2
0.813577	1	0.98143	29347.7
0.993491	0.844453	0.986274	29492.6
0.796949	1	0.977828	29240
0.711131	1	0.953554	28514.1
0.990782	1	0.999957	29901.7
1	1	1	29903
0.13799	1	0.411289	12298.8
0.649472	1	0.929781	27803.3
0.714199	1	0.954594	28545.2
0.38723	1	0.75461	22565.1
0.945033	1	0.998461	29857
0.0146325	0.00182788	0.000308364	9.221
0.563067	0.00947998	0.0332705	994.888
0.0436998	0.0602848	0.0182806	546.644
0.770638	1	0.971417	29048.3
0.585474	0.824218	0.834176	24944.4
0.758792	1	0.96824	28953.3
0.239274	1	0.581471	17387.7
0.95837	1	0.999121	29876.7
0.404372	1	0.770498	23040.2
0.940558	1	0.998197	29849.1
0.999933	0.0581044	0.22343	6681.23
0.335976	1	0.70243	21004.8
0.764357	0.00369722	0.0194115	580.461
0.84306	0.0155864	0.0700649	2095.15
1	0.000471819	0.00408544	122.167
1	0.108618	0.349741	10458.3
0.236952	1	0.578139	17288.1
0.990902	1	0.999958	29901.8
0.0731166	1	0.264368	7905.39
0.993295	1	0.999977	29902.3
0.664363	0.00639189	0.0274396	820.528
0.62391	0.240624	0.43481	13002.1
0.825286	0.00974667	0.0468378	1400.59
0.86186	0.00814455	0.0418295	1250.83
0.539168	1	0.872227	26082.2
0.963735	1	0.999334	29883.1
0.994923	0.646563	0.927079	27722.5
0.529444	1	0.866132	25900
0.729904	1	0.959709	28698.2
0.999999	0.677061	0.94111	28142
0.795103	1	0.977407	29227.4
0.373648	1	0.741482	22172.5
0.813767	1	0.981469	29348.9
0.655918	1	0.932531	27885.5
0.596736	1	0.904819	27056.8
0.493591	1	0.84209	25181
0.935959	1	0.997904	29840.3
0.641724	0.664479	0.789864	23619.3
0.670951	0.00332523	0.0158524	474.033
0.911531	0.00332523	0.0206077	616.231
0.845723	0.293997	0.594685	17782.9
0.859515	0.807786	0.947618	28336.6
0.960241	1	0.999199	29879
0.875333	1	0.991884	29660.3
0.860462	1	0.989777	29597.3
0.0664249	1	0.246548	7372.53
0.147329	0.358735	0.208251	6227.33
0.994634	1.9773e-09	4.13928e-08	0.00123777
0.526526	1	0.864268	25844.2
0.658339	1	0.933548	27915.9
0.689569	1	0.945874	28284.5
0.69173	1	0.946674	28308.4
0.0869504	0.288588	0.117564	3515.53
0.957452	1	0.999082	29875.5
0.999903	1	1	29903
0.999939	6.92211e-14	2.16659e-12	6.47877e-08
0.994935	0.143934	0.42152	12604.7
1	0.159777	0.452805	13540.2
0.933783	0.621184	0.89597	26792.2
0.658903	1	0.933783	27922.9
0.902126	1	0.995046	29754.9
1	1	1	29903
0.779096	1	0.973575	29112.8
1	0.850211	0.988175	29549.4
0.136153	1	0.407638	12189.6
0.393515	0.556853	0.551789	16500.1
1	0.864047	0.990309	29613.2
0.890801	1	0.993808	29717.8
1	1	1	29903
0.999999	1	1	29903
0.240916	1	0.583813	17457.8
0.999933	1	1	29903
0.999932	0.380593	0.74823	22374.3
0.908091	0.523861	0.829139	24793.8
0.896075	0.381089	0.708394	21183.1
0.845351	0.381217	0.687189	20549
1	4.07822e-06	5.46883e-05	1.63534
0.780625	1	0.973955	29124.2
0.891992	1	0.993945	29721.9
0.255245	0.75411	0.509646	15239.9
0.968075	0.228495	0.554922	16593.8
0.994712	1	0.999986	29902.6
0.852586	1	0.988557	29560.8
1	0.570621	0.890756	26636.3
0.768434	1	0.97084	29031
0.228908	3.3432e-05	9.78068e-05	2.92472
0.942908	1	0.998338	29853.3
1	0.196505	0.516232	15436.9
0.913402	0.604028	0.879836	26309.7
0.518957	1	0.859359	25697.4
0.116698	1	0.367385	10985.9
0.247363	1	0.592904	17729.6
0.180546	1	0.4896	14640.5
0.247225	1	0.592711	17723.8
0.255699	1	0.604409	18073.6
0.382999	1	0.750572	22444.4
0.354288	1	0.721913	21587.4
0.392787	1	0.759841	22721.5
0.41886	1	0.783359	23424.8
0.382536	1	0.750127	22431.1
0.581925	1	0.896987	26822.6
0.469644	1	0.824592	24657.8
0.298454	1	0.659326	19715.8
0.373303	1	0.741142	22162.4
0.0271496	1	0.125062	3739.72
1	0.112978	0.359335	10745.2
0.949382	1	0.998697	29864
0.986621	0.593507	0.898947	26881.2
0.0161739	0.00931722	0.00147686	44.1625
0.786689	1	0.975433	29168.4
0.852238	2.00906e-05	0.000205039	6.13127
0.727971	1	0.959097	28679.9
0.445194	1	0.805465	24085.8
0.959546	1	0.99917	29878.2
0.951756	1	0.998817	29867.6
0.439873	0.092122	0.170432	5096.42
0.731794	0.0921367	0.249253	7453.41
0.0301369	0.331973	0.056073	1676.75
1	1	1	29903
0.90253	1	0.995087	29756.1
1	0.710188	0.953232	28504.5
0.463289	1	0.819746	24512.9
0.5279	1	0.865148	25870.5
0.990423	0.00147895	0.011024	329.651
0.0358807	1	0.155276	4643.21
0.564846	0.237045	0.403115	12054.4
1	0.375481	0.743282	22226.4
0.968503	0.612999	0.903239	27009.6
1	0.773745	0.972221	29072.3
0.86722	0.320638	0.633959	18957.3
0.110158	1	0.35315	10560.2
0.993208	1	0.999977	29902.3
0.663006	1	0.935482	27973.7
0.419053	0.141149	0.226405	6770.18
0.778884	1	0.973522	29111.2
0.997381	1	0.999997	29902.9
0.80799	1	0.980258	29312.7
0.164078	1	0.460634	13774.3
0.327174	1	0.692713	20714.2
0.293649	0.548062	0.454928	13603.7
0.777107	1	0.973076	29097.9
0.999665	1	1	29903
0.995244	1	0.999989	29902.7
0.999927	1.78727e-07	2.95548e-06	0.0883777
0.972266	0.00111736	0.00850078	254.199
0.822846	1	0.98329	29403.3
0.736272	0.390534	0.645926	19315.1
1	1	1	29903
0.991903	1	0.999967	29902
0.989998	1	0.99995	29901.5
0.848008	0.595263	0.849869	25413.6
0.114185	0.414991	0.191885	5737.93
0.00855555	0.760213	0.039254	1173.81
0.992261	0.0214752	0.103319	3089.56
0.0742102	1	0.26722	7990.68
0.407915	1	0.773691	23135.7
0.38557	1	0.753031	22517.9
0.999977	1	1	29903
0.650408	1	0.930185	27815.3
0.179089	1	0.487099	14565.7
0.99511	1	0.999988	29902.6
0.998246	0.724926	0.957714	28638.5
0.814253	1	0.981569	29351.9
0.77141	1	0.971618	29054.3
0.275276	1	0.630377	18850.2
0.791878	1	0.976661	29205.1
1	0.0049675	0.0313193	936.541
0.999996	4.54591e-06	6.04662e-05	1.80812
0.794015	1	0.977157	29219.9
0.845297	0.237691	0.523366	15650.2
0.990643	0.37946	0.743702	22238.9
1	0.377012	0.744779	22271.1
0.437064	1	0.798811	23886.8
0.704565	1	0.951286	28446.3
0.416097	1	0.780946	23352.6
0.999982	1	1	29903
1	0.149713	0.434022	12978.6
0.999985	0.380849	0.748497	22382.3
0.993162	0.68852	0.94371	28219.8
0.999988	0.390669	0.757852	22662
0.999909	0.00283882	0.0194852	582.665
0.779934	1	0.973783	29119
0.749336	1	0.96557	28873.5
0.811216	1	0.980939	29333
0.466376	1	0.822111	24583.6
0.999998	0.00924095	0.0525265	1570.7
0.937041	1	0.997975	29842.4
0.816527	1	0.982033	29365.7
0.619443	1	0.916116	27394.6
0.902024	0.129935	0.368472	11018.4
0.588407	0.0778153	0.186983	5591.36
0.96702	0.169338	0.460048	13756.8
0.993796	3.17394e-09	6.48971e-08	0.00194062
0.890489	1.69918e-05	0.000183066	5.47423
0.236301	1	0.5772	17260
0.253502	1	0.601403	17983.8
0.224562	1	0.559969	16744.7
0.881926	1	0.992737	29685.8
0.149512	1	0.433642	12967.2
0.951206	1	0.99879	29866.8
0.989394	1	0.999944	29901.3
0.0251446	0.697511	0.0884536	2645.03
0.379591	1	0.747286	22346.1
0.905971	1	0.995434	29766.5
0.280262	0.611219	0.473534	14160.1
0.519401	0.610932	0.681553	20380.5
0.925195	1	0.99713	29817.2
0.823673	1	0.98345	29408.1
0.423791	1	0.787622	23552.3
0.970887	1	0.999572	29890.2
0.202666	1	0.52616	15733.8
0.927058	0.404918	0.743186	22223.5
0.0275042	0.413383	0.0622699	1862.06
0.24428	0.404187	0.327337	9788.35
0.543407	1	0.874829	26160
0.999997	1	1	29903
0.889398	1	0.993645	29713
0.817927	1	0.982316	29374.2
0.9526	1	0.998858	29868.9
0.999994	0.105831	0.343516	10272.1
0.930475	0.838093	0.973756	29118.2
0.613083	1	0.913037	27302.5
0.999931	1	1	29903
1	0.40443	0.770551	23041.8
0.924145	1	0.997047	29814.7
0.621719	1	0.917202	27427.1
0.999963	0.00014552	0.00143117	42.7963
1	1.65695e-08	3.13424e-07	0.0093723
0.675874	1	0.940647	28128.2
0.932877	1	0.997695	29834.1
1	1	1	29903
0.93254	1	0.997672	29833.4
0.81722	1	0.982173	29369.9
0.999996	0.126618	0.388284	11610.9
0.902084	1	0.995042	29754.7
0.881474	1	0.992681	29684.1
0.993246	1	0.999977	29902.3
0.546702	0.114371	0.235861	7052.95
0.996994	1	0.999995	29902.9
0.194906	1	0.513623	15358.9
0.876828	1	0.992082	29666.2
1	0.84176	0.986762	29507.1
0.433169	1	0.79557	23789.9
0.999954	1	1	29903
0.955819	0.877419	0.986221	29491
0.609164	1	0.911107	27244.8
1	1	1	29903
0.966877	1	0.999445	29886.4
0.996353	1	0.999993	29902.8
1	0.139976	0.415208	12416
0.994964	0.0854563	0.294598	8809.36
0.158367	0.000732697	0.0011675	34.9118
0.939344	1	0.998122	29846.8
0.885049	1	0.993124	29697.4
0.0794878	1	0.280763	8395.66
0.00755465	1	0.0444636	1329.6
0.136871	1	0.409068	12232.4
0.0803687	1	0.282989	8462.21
0.0162137	1	0.0830449	2483.29
0.0344656	1	0.150539	4501.56
0.06681	1	0.247591	7403.73
0.0180707	1	0.0905967	2709.11
0.147774	1	0.430327	12868.1
0.00512693	1	0.0321625	961.755
0.00478298	1	0.030337	907.166
0.00611261	1	0.0372711	1114.52
0.0184189	1	0.0919911	2750.81
0.017578	1	0.0886125	2649.78
3.59047e-06	1	4.8605e-05	1.45343
0.00016094	1	0.00156667	46.848
0.00233685	1	0.0164957	493.271
0.00918527	1	0.0522656	1562.9
0.0212276	1	0.103006	3080.19
0.000506761	1	0.00435179	130.132
0.0046168	1	0.0294462	880.529
0.0116101	1	0.0633433	1894.16
0.0052346	1	0.0327292	978.7
0.0229317	1	0.109504	3274.5
0.00237709	1	0.0167392	500.552
0.0137178	1	0.0725541	2169.59
0.799335	1	0.978366	29256.1
0.00455596	1	0.0291186	870.733
0.128841	1	0.39286	11747.7
0.942532	1	0.998316	29852.6
0.934943	1	0.997836	29838.3
0.898635	1	0.99468	29743.9
0.920984	1	0.996793	29807.1
0.912596	1	0.996064	29785.3
0.850406	1	0.988207	29550.4
0.919214	1	0.996645	29802.7
0.862607	1	0.990097	29606.9
0.890284	1	0.993748	29716.1
0.916906	1	0.996448	29796.8
0.906391	1	0.995475	29767.7
0.858477	1	0.989477	29588.3
0.944411	1	0.998425	29855.9
0.741682	1	0.963322	28806.2
0.934193	1	0.997786	29836.8
0.670316	1	0.938447	28062.4
0.561811	1	0.885746	26486.5
0.903295	0.600424	0.87419	26140.9
0.471018	1	0.825628	24688.8
0.903754	0.0427634	0.164379	4915.41
0.697	1	0.948596	28365.9
0.937863	0.646691	0.909785	27205.3
0.156594	1	0.446934	13364.7
0.406219	1	0.772166	23090.1
1	0.452603	0.811399	24263.3
0.922918	1	0.99695	29811.8
0.744513	0.00193165	0.0108499	324.445
0.733879	0.00193091	0.0107117	320.313
0.82256	0.00193091	0.0118249	353.601
0.789598	0.00193132	0.0114156	341.36
0.437091	3.66638e-06	2.29867e-05	0.687372
0.59866	3.66273e-06	3.07648e-05	0.91996
0.191518	3.68845e-06	1.07113e-05	0.320299
0.227241	3.66139e-06	1.24798e-05	0.373183
0.329652	3.68321e-06	1.7753e-05	0.530869
0.33505	1.82816e-06	9.37511e-06	0.280344
0.157932	3.67202e-06	8.9079e-06	0.266373
0.209421	3.66445e-06	1.15727e-05	0.34606
0.309239	3.66813e-06	1.66626e-05	0.498263
0.571538	3.66301e-06	2.94702e-05	0.881247
0.574294	3.66301e-06	2.96022e-05	0.885194
0.37056	2.01709e-05	9.5704e-05	2.86184
0.445654	0.0700697	0.139474	4170.69
0.451727	0.0700812	0.140964	4215.25
0.80924	1	0.980524	29320.6
0.994525	0.744406	0.962917	28794.1
0.987419	0.346469	0.709065	21203.2
0.169355	1	0.470089	14057.1
0.708036	1	0.952493	28482.4
0.859966	1	0.989703	29595.1
0.283879	1	0.641342	19178.1
0.270809	1	0.624578	18676.7
0.680323	0.346626	0.576503	17239.2
0.922418	1	0.99691	29810.6
0.194525	1	0.513001	15340.3
0.668287	1	0.937632	28038
0.772706	1	0.971953	29064.3
0.999999	0.844707	0.987264	29522.2
0.208818	0.803124	0.467153	13969.3
1	1	1	29903
0.93831	1	0.998057	29844.9
1	0.452362	0.811208	24257.6
0.58042	1	0.89617	26798.2
0.774008	1	0.972288	29074.3
0.997473	0.102027	0.334317	9997.08
0.840131	0.0649644	0.213299	6378.29
0.679176	1	0.941932	28166.6
0.456591	1	0.814544	24357.3
0.898756	1	0.994693	29744.3
0.331303	0.130343	0.178878	5348.99
0.89424	1	0.994199	29729.5
0.970058	1	0.999547	29889.5
0.910164	1	0.995838	29778.5
1	0.789227	0.976038	29186.5
0.999994	7.13521e-06	9.16903e-05	2.74181
0.792282	1	0.976755	29207.9
0.971274	1	0.999583	29890.5
0.279829	1	0.636212	19024.7
0.999976	0.67482	0.940227	28115.6
1	0.491056	0.840294	25127.3
0.964855	1	0.999375	29884.3
0.982736	1	0.99985	29898.5
0.945183	1	0.998469	29857.2
0.916331	1	0.996398	29795.3
0.547607	1	0.877374	26236.1
0.86369	1	0.990256	29611.6
0.995887	8.47682e-10	1.84817e-08	0.000552658
0.975068	1	0.999687	29893.6
0.704176	0.100263	0.257749	7707.47
0.715715	1	0.955103	28560.4
0.992442	0.399052	0.762864	22811.9
0.7802	1	0.97385	29121
0.731301	0.602605	0.801794	23976
0.95187	0.402344	0.750553	22443.8
0.39533	0.00290393	0.00891972	266.726
0.841916	0.0550943	0.188822	5646.36
0.168882	1	0.469248	14031.9
0.0140563	1	0.0740018	2212.88
0.0171035	0.822178	0.0740269	2213.63
0.00617231	1	0.037575	1123.61
0.015058	1	0.0782392	2339.59
1	0.0359567	0.155529	4650.77
0.993864	1	0.999981	29902.4
1	1	1	29903
1	0.503224	0.848798	25381.6
1	0.864064	0.990311	29613.3
0.0171012	1.90569e-06	5.94412e-07	0.0177747
0.0263158	0.0120067	0.00286261	85.6007
0.0168359	9.56719e-07	3.05134e-07	0.00912443
0.0300653	1.91484e-06	1.01728e-06	0.0304198
0.0410013	9.46357e-06	6.11604e-06	0.182888
0.441787	1	0.802695	24003
0.0323988	1	0.143515	4291.53
0.0118409	1	0.0643696	1924.85
0.0452653	1	0.185371	5543.15
0.514664	1	0.856525	25612.7
0.443334	1	0.803956	24040.7
0.661735	1	0.934959	27958.1
0.956724	1	0.99905	29874.6
0.288664	1	0.647326	19357
0.288664	1	0.647326	19357
0.926386	1	0.997221	29819.9
0.596217	1	0.904551	27048.8
0.034659	0.0542925	0.0136906	409.391
0.0776706	0.0542925	0.0272778	815.689
0.0295993	0.0603462	0.0130887	391.391
0.837489	1	0.986015	29484.8
0.977016	1	0.999734	29895
0.78074	0.149736	0.367829	10999.2
0.915206	0.00951732	0.0500254	1495.91
0.968642	0.00188042	0.0133114	398.052
0.991402	0.603314	0.905535	27078.2
0.735156	0.0394668	0.131724	3938.94
0.0548555	8.27492e-05	6.03844e-05	1.80568
0.875928	0.00389674	0.0228009	681.815
1	0.385056	0.752541	22503.2
0.879626	0.00139015	0.00942374	281.798
1	0.000703306	0.00580911	173.71
0.999999	9.91465e-21	4.66586e-19	1.39523e-14
1	1	1	29903
0.237777	1	0.579326	17323.6
0.983396	1	0.999861	29898.9
0.0721171	0.284544	0.10027	2998.37
0.603314	1	0.908179	27157.3
0.470697	1	0.825386	24681.5
0.915231	1	0.996301	29792.4
0.992037	1	0.999968	29902
1	0.404298	0.770431	23038.2
0.991214	0.441381	0.799174	23897.7
1	1	1	29903
0.999482	1	1	29903
0.71089	1	0.953472	28511.7
0.955906	1	0.999013	29873.5
0.644019	1	0.927405	27732.2
0.997271	0.633409	0.921857	27566.3
0.794912	0.708512	0.886547	26510.4
0.482041	0.00710224	0.0228594	683.565
0.237545	0.00460918	0.00855884	255.935
0.551464	0.00452404	0.0174478	521.741
0.866168	0.00709702	0.0374473	1119.79
0.367703	1	0.735582	21996.1
0.953047	0.00452404	0.0277946	831.143
0.999821	0.0166096	0.0846598	2531.58
0.403238	1	0.76947	23009.5
1	0.450073	0.809387	24203.1
0.296852	0.716427	0.54189	16204.1
0.687409	0.0951034	0.243693	7287.14
0.833289	0.0950892	0.280127	8376.63
0.71125	0.373404	0.617701	18471.1
0.884395	0.603356	0.868762	25978.6
0.879404	1	0.992417	29676.2
0.499582	1	0.846284	25306.4
0.918871	1	0.996616	29801.8
0.816435	1	0.982015	29365.2
0.472479	1	0.826726	24721.6
0.432812	1	0.795271	23781
0.982296	1	0.999842	29898.3
0.99998	1	1	29903
0.802426	1	0.979052	29276.6
0.830076	1	0.984668	29444.5
0.737168	1	0.96196	28765.5
0.999981	0.0333136	0.146637	4384.89
0.775105	1	0.972568	29082.7
0.979475	2.82137e-05	0.0003177	9.50019
0.417472	1	0.782149	23388.6
0.91822	1	0.996561	29800.2
0.4719	1	0.826292	24708.6
0.343878	1	0.710957	21259.7
0.834482	1	0.985477	29468.7
1	0.018518	0.0923865	2762.63
0.775818	0.000245218	0.00182011	54.4268
0.899519	0.644599	0.895848	26788.6
0.0730487	0.0334718	0.0171489	512.805
1	1	1	29903
0.892666	1	0.994022	29724.2
0.508312	1	0.852266	25485.3
0.246228	1	0.591316	17682.1
0.638746	1	0.925063	27662.1
0.381965	1	0.749578	22414.6
0.990016	1	0.99995	29901.5
0.512983	1	0.855406	25579.2
0.988994	1	0.999939	29901.2
0.874697	1	0.9918	29657.8
0.999998	1	1	29903
0.725294	1	0.958242	28654.3
1	0.497778	0.845029	25268.9
1	0.710074	0.953193	28503.3
0.777273	0.823615	0.925701	27681.2
0.876899	0.321022	0.63834	19088.3
0.787936	0.000491261	0.00342834	102.518
0.877364	0.361337	0.681214	20370.3
0.998789	9.63029e-08	1.65027e-06	0.0493479
0.998602	0.00239946	0.016854	503.984
0.634	1	0.922918	27598
0.597148	0.103149	0.233272	6975.52
0.461834	0.103183	0.192701	5762.33
0.397583	0.103422	0.172341	5153.52
0.343377	0.10314	0.153726	4596.87
0.686956	0.103236	0.258586	7732.49
0.679317	0.103246	0.256511	7670.45
0.306098	0.150343	0.1877	5612.8
0.617023	0.308106	0.505719	15122.5
0.215902	0.278195	0.228981	6847.23
0.999999	0.000829485	0.00671443	200.782
0.879867	0.0564618	0.198824	5945.42
0.895235	0.00405436	0.024023	718.36
0.992283	0.228281	0.562883	16831.9
0.552971	0.164612	0.309179	9245.39
0.687328	0.164612	0.359693	10755.9
0.755773	0.164582	0.383654	11472.4
0.745664	0.709761	0.866005	25896.1
0.479132	1	0.831667	24869.3
1	0.546911	0.876955	26223.6
0.989476	0.288352	0.643149	19232.1
0.999999	0.726387	0.958592	28664.8
0.999977	1	1	29903
0.35383	1	0.721437	21573.1
0.802774	0.618506	0.84415	25242.6
0.0644928	0.153457	0.0555762	1661.89
0.142783	0.154344	0.106112	3173.06
0.11537	0.154456	0.0895873	2678.93
0.953979	1	0.998924	29870.8
0.553261	5.34707e-10	6.78676e-09	0.000202945
0.144943	1	0.424887	12705.4
0.756305	1	0.967549	28932.6
0.215553	1	0.54633	16336.9
0.949498	0.217943	0.532932	15936.3
0.876549	0.0696866	0.231844	6932.82
0.325255	0.385774	0.385917	11540.1
0.397932	0.725838	0.647538	19363.3
0.415145	0.725809	0.662774	19818.9
0.92881	0.217902	0.525718	15720.6
0.655955	0.451953	0.65691	19643.6
0.889174	1	0.993618	29712.2
0.700326	0.232798	0.458745	13717.9
0.829079	0.232966	0.51074	15272.7
0.744052	0.232911	0.477045	14265.1
0.663377	0.232866	0.442997	13246.9
0.455098	0.377875	0.474712	14195.3
0.555783	0.377934	0.537813	16082.2
0.839947	0.232789	0.514644	15389.4
0.878601	0.232834	0.529188	15824.3
0.642656	0.232934	0.433992	12977.7
0.886124	0.233294	0.532603	15926.4
0.842632	1	0.986912	29511.6
0.714561	1	0.954716	28548.9
0.944861	1	0.998451	29856.7
0.935725	1	0.997889	29839.9
1	0.743501	0.963864	28822.4
0.899423	0.25098	0.561721	16797.1
0.988197	0.250994	0.593837	17757.5
1	0.415148	0.780113	23327.7
0.997004	0.0469617	0.19016	5686.35
0.956128	0.000958096	0.00732431	219.019
0.961101	0.369249	0.722533	21605.9
0.999998	0.856436	0.989163	29578.9
0.92216	0.674344	0.917265	27429
0.997728	0.247517	0.592334	17712.6
0.894191	0.281266	0.598657	17901.6
0.999996	0.11791	0.36998	11063.5
0.966316	0.804672	0.973192	29101.4
