
SUMMARISING RUN PARAMETERS
==========================
Input filename: SC2253/host_removal/SC2253_R1.fastq.gz
Trimming mode: paired-end
Trim Galore version: 0.6.4_dev
Cutadapt version: 4.1
Python version: could not detect
Number of cores used for trimming: 2
Quality Phred score cutoff: 20
Quality encoding type selected: ASCII+33
Using Illumina adapter for trimming (count: 23289). Second best hit was smallRNA (count: 0)
Adapter sequence: 'AGATCGGAAGAGC' (Illumina TruSeq, Sanger iPCR; auto-detected)
Maximum trimming error rate: 0.1 (default)
Minimum required adapter overlap (stringency): 1 bp
Minimum required sequence length for both reads before a sequence pair gets removed: 20 bp
Running FastQC on the data once trimming has completed
Output file will be GZIP compressed


This is cutadapt 4.1 with Python 3.9.13
Command line parameters: -j 2 -e 0.1 -q 20 -O 1 -a AGATCGGAAGAGC SC2253/host_removal/SC2253_R1.fastq.gz
Processing single-end reads on 2 cores ...
Finished in 41.02 s (43 µs/read; 1.38 M reads/minute).

=== Summary ===

Total reads processed:                 944,497
Reads with adapters:                   331,950 (35.1%)
Reads written (passing filters):       944,497 (100.0%)

Total basepairs processed:   237,068,747 bp
Quality-trimmed:               2,479,183 bp (1.0%)
Total written (filtered):    231,960,915 bp (97.8%)

=== Adapter 1 ===

Sequence: AGATCGGAAGAGC; Type: regular 3'; Length: 13; Trimmed: 331950 times

Minimum overlap: 1
No. of allowed errors:
1-9 bp: 0; 10-13 bp: 1

Bases preceding removed adapters:
  A: 35.2%
  C: 17.8%
  G: 12.0%
  T: 34.2%
  none/other: 0.8%

Overview of removed sequences
length	count	expect	max.err	error counts
1	213552	236124.2	0	213552
2	76956	59031.1	0	76956
3	5735	14757.8	0	5735
4	1901	3689.4	0	1901
5	172	922.4	0	172
6	207	230.6	0	207
7	5652	57.6	0	5652
8	157	14.4	0	157
9	254	3.6	0	254
10	251	0.9	1	244 7
11	82	0.2	1	78 4
12	206	0.1	1	191 15
13	99	0.0	1	93 6
14	66	0.0	1	56 10
15	89	0.0	1	82 7
16	50	0.0	1	44 6
17	59	0.0	1	51 8
18	91	0.0	1	84 7
19	51	0.0	1	48 3
20	150	0.0	1	135 15
21	173	0.0	1	165 8
22	118	0.0	1	109 9
23	123	0.0	1	119 4
24	1274	0.0	1	1224 50
25	269	0.0	1	252 17
26	98	0.0	1	82 16
27	157	0.0	1	133 24
28	263	0.0	1	249 14
29	127	0.0	1	106 21
30	84	0.0	1	77 7
31	120	0.0	1	106 14
32	225	0.0	1	204 21
33	73	0.0	1	57 16
34	106	0.0	1	82 24
35	106	0.0	1	98 8
36	919	0.0	1	880 39
37	297	0.0	1	281 16
38	148	0.0	1	143 5
39	99	0.0	1	91 8
40	132	0.0	1	126 6
41	97	0.0	1	83 14
42	93	0.0	1	82 11
43	303	0.0	1	281 22
44	101	0.0	1	90 11
45	105	0.0	1	95 10
46	145	0.0	1	132 13
47	103	0.0	1	86 17
48	33	0.0	1	27 6
49	95	0.0	1	86 9
50	51	0.0	1	41 10
51	107	0.0	1	95 12
52	93	0.0	1	83 10
53	78	0.0	1	64 14
54	164	0.0	1	135 29
55	120	0.0	1	102 18
56	53	0.0	1	45 8
57	88	0.0	1	79 9
58	55	0.0	1	50 5
59	145	0.0	1	143 2
60	63	0.0	1	59 4
61	73	0.0	1	67 6
62	55	0.0	1	48 7
63	76	0.0	1	67 9
64	49	0.0	1	46 3
65	112	0.0	1	102 10
66	96	0.0	1	83 13
67	52	0.0	1	43 9
68	90	0.0	1	78 12
69	272	0.0	1	243 29
70	112	0.0	1	103 9
71	128	0.0	1	114 14
72	206	0.0	1	181 25
73	331	0.0	1	267 64
74	545	0.0	1	461 84
75	1125	0.0	1	893 232
76	2793	0.0	1	2534 259
77	2244	0.0	1	2026 218
78	1377	0.0	1	1226 151
79	831	0.0	1	729 102
80	575	0.0	1	510 65
81	416	0.0	1	359 57
82	322	0.0	1	283 39
83	235	0.0	1	199 36
84	220	0.0	1	178 42
85	154	0.0	1	136 18
86	150	0.0	1	123 27
87	143	0.0	1	119 24
88	116	0.0	1	94 22
89	109	0.0	1	92 17
90	109	0.0	1	94 15
91	101	0.0	1	79 22
92	86	0.0	1	73 13
93	101	0.0	1	82 19
94	501	0.0	1	480 21
95	104	0.0	1	93 11
96	168	0.0	1	152 16
97	58	0.0	1	53 5
98	60	0.0	1	51 9
99	55	0.0	1	40 15
100	53	0.0	1	46 7
101	40	0.0	1	36 4
102	32	0.0	1	20 12
103	43	0.0	1	37 6
104	47	0.0	1	38 9
105	79	0.0	1	72 7
106	39	0.0	1	32 7
107	44	0.0	1	31 13
108	47	0.0	1	35 12
109	56	0.0	1	48 8
110	32	0.0	1	26 6
111	41	0.0	1	35 6
112	35	0.0	1	31 4
113	59	0.0	1	48 11
114	53	0.0	1	43 10
115	29	0.0	1	23 6
116	39	0.0	1	30 9
117	57	0.0	1	47 10
118	32	0.0	1	23 9
119	23	0.0	1	17 6
120	29	0.0	1	26 3
121	38	0.0	1	23 15
122	26	0.0	1	19 7
123	46	0.0	1	39 7
124	27	0.0	1	16 11
125	29	0.0	1	21 8
126	30	0.0	1	21 9
127	92	0.0	1	85 7
128	21	0.0	1	13 8
129	24	0.0	1	17 7
130	26	0.0	1	15 11
131	14	0.0	1	8 6
132	26	0.0	1	17 9
133	52	0.0	1	45 7
134	27	0.0	1	22 5
135	20	0.0	1	13 7
136	31	0.0	1	23 8
137	25	0.0	1	18 7
138	17	0.0	1	6 11
139	17	0.0	1	6 11
140	24	0.0	1	15 9
141	49	0.0	1	38 11
142	22	0.0	1	12 10
143	25	0.0	1	18 7
144	17	0.0	1	9 8
145	20	0.0	1	12 8
146	26	0.0	1	17 9
147	52	0.0	1	44 8
148	33	0.0	1	26 7
149	34	0.0	1	31 3
150	23	0.0	1	12 11
151	42	0.0	1	32 10
152	16	0.0	1	11 5
153	49	0.0	1	39 10
154	59	0.0	1	54 5
155	34	0.0	1	28 6
156	123	0.0	1	118 5
157	67	0.0	1	57 10
158	41	0.0	1	34 7
159	40	0.0	1	33 7
160	85	0.0	1	74 11
161	77	0.0	1	68 9
162	64	0.0	1	52 12
163	41	0.0	1	34 7
164	74	0.0	1	66 8
165	34	0.0	1	26 8
166	90	0.0	1	81 9
167	80	0.0	1	71 9
168	66	0.0	1	51 15
169	31	0.0	1	24 7
170	33	0.0	1	23 10
171	24	0.0	1	18 6
172	68	0.0	1	57 11
173	44	0.0	1	31 13
174	31	0.0	1	29 2
175	95	0.0	1	84 11
176	45	0.0	1	37 8
177	36	0.0	1	30 6
178	26	0.0	1	15 11
179	21	0.0	1	15 6
180	54	0.0	1	48 6
181	48	0.0	1	40 8
182	15	0.0	1	9 6
183	19	0.0	1	14 5
184	12	0.0	1	8 4
185	63	0.0	1	56 7
186	15	0.0	1	8 7
187	20	0.0	1	13 7
188	11	0.0	1	8 3
189	13	0.0	1	12 1
190	26	0.0	1	24 2
191	14	0.0	1	10 4
192	39	0.0	1	33 6
193	17	0.0	1	16 1
194	10	0.0	1	6 4
195	9	0.0	1	8 1
196	12	0.0	1	9 3
197	12	0.0	1	8 4
198	9	0.0	1	8 1
199	8	0.0	1	7 1
200	12	0.0	1	10 2
201	11	0.0	1	9 2
202	10	0.0	1	8 2
203	25	0.0	1	20 5
204	16	0.0	1	9 7
205	14	0.0	1	13 1
206	11	0.0	1	10 1
207	28	0.0	1	28
208	21	0.0	1	20 1
209	27	0.0	1	26 1
210	26	0.0	1	24 2
211	16	0.0	1	15 1
212	24	0.0	1	21 3
213	12	0.0	1	11 1
214	21	0.0	1	21
215	26	0.0	1	25 1
216	5	0.0	1	5
217	12	0.0	1	8 4
218	6	0.0	1	3 3
219	2	0.0	1	1 1
220	5	0.0	1	3 2
222	1	0.0	1	0 1
223	1	0.0	1	0 1
224	2	0.0	1	1 1
225	3	0.0	1	0 3
226	1	0.0	1	1
227	1	0.0	1	1
228	3	0.0	1	2 1
229	1	0.0	1	0 1
230	3	0.0	1	2 1
231	2	0.0	1	0 2
232	3	0.0	1	1 2
233	2	0.0	1	2
235	4	0.0	1	1 3
236	3	0.0	1	3
237	1	0.0	1	0 1
239	4	0.0	1	2 2
241	4	0.0	1	1 3
243	2	0.0	1	0 2
244	1	0.0	1	0 1
245	1	0.0	1	0 1
246	5	0.0	1	0 5
247	8	0.0	1	1 7
248	5	0.0	1	0 5
249	13	0.0	1	0 13
250	42	0.0	1	0 42
251	587	0.0	1	1 586

RUN STATISTICS FOR INPUT FILE: SC2253/host_removal/SC2253_R1.fastq.gz
=============================================
944497 sequences processed in total

