quality	AA	AC	AG	AT	A.	CA	CC	CG	CT	C.	GA	GC	GG	GT	G.	TA	TC	TG	TT	T.	.A	.C	.G	.T	..
0	NA	NA	NA	NA	NA	NA	NA	NA	NA	NA	NA	NA	NA	NA	NA	NA	NA	NA	NA	NA	NA	NA	NA	NA	NA
1	NA	NA	NA	NA	NA	NA	NA	NA	NA	NA	NA	NA	NA	NA	NA	NA	NA	NA	NA	NA	NA	NA	NA	NA	NA
2	NA	NA	NA	NA	NA	NA	NA	NA	NA	NA	NA	NA	NA	NA	NA	NA	NA	NA	NA	NA	NA	NA	NA	NA	NA
3	NA	NA	NA	NA	NA	NA	NA	NA	NA	NA	NA	NA	NA	NA	NA	NA	NA	NA	NA	NA	NA	NA	NA	NA	NA
4	NA	NA	NA	NA	NA	NA	NA	NA	NA	NA	NA	NA	NA	NA	NA	NA	NA	NA	NA	NA	NA	NA	NA	NA	NA
5	NA	NA	NA	NA	NA	NA	NA	NA	NA	NA	NA	NA	NA	NA	NA	NA	NA	NA	NA	NA	NA	NA	NA	NA	NA
6	NA	NA	NA	NA	NA	NA	NA	NA	NA	NA	NA	NA	NA	NA	NA	NA	NA	NA	NA	NA	NA	NA	NA	NA	NA
7	NA	NA	NA	NA	NA	NA	NA	NA	NA	NA	NA	NA	NA	NA	NA	NA	NA	NA	NA	NA	NA	NA	NA	NA	NA
8	NA	NA	NA	NA	NA	NA	NA	NA	NA	NA	NA	NA	NA	NA	NA	NA	NA	NA	NA	NA	NA	NA	NA	NA	NA
9	NA	NA	NA	NA	NA	NA	NA	NA	NA	NA	NA	NA	NA	NA	NA	NA	NA	NA	NA	NA	NA	NA	NA	NA	NA
10	NA	NA	NA	NA	NA	NA	NA	NA	NA	NA	NA	NA	NA	NA	NA	NA	NA	NA	NA	NA	NA	NA	NA	NA	NA
11	0.976489	0.0111285	0.00423197	0.00815047	NA	0.0562761	0.921723	0.00486336	0.0171376	NA	0.0205226	0.00780859	0.92762	0.0439483	0.00010011	0.0319953	0.00756254	0.0267597	0.933682	NA	8.92857e-05	4.46429e-05	8.92857e-05	NA	0.999777
12	0.973671	0.0127614	0.00580065	0.0077342	3.22258e-05	0.0381383	0.945443	0.00486964	0.011463	8.61883e-05	0.0122886	0.00480417	0.952262	0.0304432	0.000202281	0.0142107	0.00787766	0.0248172	0.953094	NA	2.65118e-05	NA	1.76746e-05	3.53491e-05	0.99992
13	0.965925	0.0161305	0.00679958	0.0110124	0.000133035	0.0294418	0.95412	0.00468855	0.011631	0.000118626	0.00949285	0.00447686	0.964227	0.021713	8.98544e-05	0.0144162	0.00985328	0.0230659	0.952523	0.000141076	3.9386e-05	2.20098e-05	3.01187e-05	5.21286e-05	0.999856
14	0.961768	0.0169353	0.00745768	0.0136293	0.000209682	0.0295266	0.952394	0.00423907	0.0136825	0.000157391	0.0179253	0.0069149	0.941733	0.0332885	0.000138496	0.017264	0.012796	0.0215734	0.948234	0.00013219	6.18466e-05	5.30114e-05	2.42969e-05	7.28906e-05	0.999788
15	0.977915	0.00816722	0.00514311	0.00866769	0.000106483	0.0122455	0.976583	0.00266646	0.00837851	0.000126373	0.0149448	0.00607054	0.950772	0.0280121	0.000200265	0.025706	0.0169823	0.0241826	0.932937	0.000192434	5.3783e-05	3.69758e-05	3.69758e-05	4.03372e-05	0.999832
16	0.963768	0.0119324	0.00940565	0.0147541	0.000139491	0.0189565	0.959044	0.00512446	0.0167368	0.000138321	0.0176336	0.00822277	0.949351	0.0246683	0.000124399	0.018642	0.0129075	0.0180695	0.950222	0.00015929	0.000117824	5.23662e-05	4.05838e-05	9.42591e-05	0.999695
17	NA	NA	NA	NA	NA	NA	NA	NA	NA	NA	NA	NA	NA	NA	NA	NA	NA	NA	NA	NA	NA	NA	NA	NA	NA
18	NA	NA	NA	NA	NA	NA	NA	NA	NA	NA	NA	NA	NA	NA	NA	NA	NA	NA	NA	NA	NA	NA	NA	NA	NA
19	NA	NA	NA	NA	NA	NA	NA	NA	NA	NA	NA	NA	NA	NA	NA	NA	NA	NA	NA	NA	NA	NA	NA	NA	NA
20	0.998213	0.00178651	NA	NA	NA	0.00262295	0.996721	NA	0.000655738	NA	0.00183294	NA	0.995549	0.00261849	NA	0.00251414	0.00125707	0.00377121	0.992458	NA	0.000109027	NA	NA	0.000109027	0.999782
21	0.996645	0.00175295	0.000664914	0.000936924	NA	0.00264885	0.995809	0.000672096	0.000869771	NA	0.000599251	0.000374532	0.997004	0.00202247	NA	0.000971612	0.00063366	0.00228118	0.996092	2.1122e-05	7.55629e-06	NA	7.55629e-06	NA	0.999985
22	0.996653	0.00165842	0.000753829	0.000814136	0.000120613	0.0036782	0.9942	0.000565878	0.00150901	4.71565e-05	0.00135615	0.000398867	0.995174	0.00307128	NA	0.00170407	0.000866476	0.00329261	0.993964	0.000173295	1.75426e-05	8.77131e-06	NA	7.89418e-05	0.999895
23	0.997033	0.00126035	0.00106645	0.00062048	1.939e-05	0.00269624	0.995747	0.000694908	0.000861686	NA	0.00101312	0.000613203	0.995814	0.00253279	2.6661e-05	0.0012417	0.000575103	0.00176452	0.996393	2.61411e-05	1.48965e-05	9.93103e-06	3.47586e-05	4.96551e-06	0.999935
24	0.997394	0.00108974	0.000994978	0.000473799	4.73799e-05	0.00169505	0.996302	0.00092457	0.00100162	7.70475e-05	0.000779921	0.000496313	0.995675	0.00304878	NA	0.000688728	0.000196779	0.00137746	0.997737	NA	3.81417e-05	1.27139e-05	NA	2.54278e-05	0.999924
25	0.997245	0.000941488	0.000976358	0.000802009	3.48699e-05	0.0024603	0.995415	0.000726907	0.00134198	5.59159e-05	0.00172039	0.000505996	0.994485	0.00328897	NA	0.000937647	0.000863622	0.00130777	0.996866	2.46749e-05	5.61845e-05	9.36408e-06	NA	4.68204e-05	0.999888
26	0.996939	0.000881302	0.00139153	0.000788534	NA	0.00134186	0.996685	0.000631463	0.00134186	NA	0.00163385	0.00122539	0.994935	0.0022057	NA	0.000308185	0.000554734	0.00104783	0.998089	NA	7.61006e-05	2.53669e-05	6.34172e-05	5.07337e-05	0.999784
27	0.996614	0.00112531	0.0011855	0.00104418	3.1404e-05	0.00133623	0.996727	0.000375943	0.00153238	2.86044e-05	0.00261898	0.00121037	0.991207	0.00494581	1.73903e-05	0.00116763	0.00121223	0.00349275	0.994077	5.06784e-05	3.24591e-05	1.88715e-05	1.05681e-05	2.34007e-05	0.999915
28	0.99673	0.00190767	0.000490543	0.000817572	5.45048e-05	0.000375013	0.997964	5.35733e-05	0.0016072	NA	0.00217621	0.000588166	0.995677	0.00152923	2.94083e-05	0.0006917	0.00405138	0.0006917	0.994565	NA	3.69791e-05	1.23264e-05	NA	7.39581e-05	0.999877
29	0.999425	0.000575043	NA	NA	NA	NA	1	NA	NA	NA	0.000800427	0.000266809	0.998666	0.000266809	NA	0.001321	NA	0.001321	0.997358	NA	NA	NA	NA	NA	1
30	0.997822	0.00053459	0.00100263	0.000618882	2.21821e-05	0.000322726	0.998325	0.000188829	0.00115357	1.02998e-05	0.00128426	0.000441562	0.997301	0.000963972	9.32876e-06	0.000549473	0.00109212	0.000583602	0.997754	2.04773e-05	2.28895e-05	1.25523e-05	5.1686e-06	2.43663e-05	0.999935
31	0.998561	0.00034963	0.00078861	0.000293301	7.76955e-06	0.000185257	0.998868	9.40986e-05	0.000843946	8.82174e-06	0.000857752	0.000189374	0.998323	0.000621035	8.35473e-06	0.000270825	0.000681501	0.000668182	0.998362	1.7759e-05	1.77147e-05	5.49765e-06	3.05425e-06	1.71038e-05	0.999957
32	0.998718	0.000218434	0.000949713	0.000113966	NA	6.52452e-05	0.999661	3.91471e-05	0.000221834	1.3049e-05	0.000220679	7.78867e-05	0.999312	0.000389433	NA	5.88136e-05	0.000226853	0.000210049	0.999504	NA	2.69593e-06	5.39187e-06	5.39187e-06	1.34797e-05	0.999973
33	0.999176	6.18085e-05	0.000700497	5.49409e-05	6.86761e-06	0.000109718	0.999651	3.98975e-05	0.000199487	NA	0.000221791	NA	0.999364	0.000414654	NA	6.07291e-05	0.000156883	0.000374496	0.999408	NA	7.74509e-06	5.80882e-06	7.74509e-06	1.54902e-05	0.999963
34	0.998634	0.000429051	0.0007154	0.0002098	1.13406e-05	0.000119146	0.999083	6.93762e-05	0.000719401	9.04906e-06	0.000755999	0.000164518	0.998723	0.000349927	6.52849e-06	0.000177942	0.00067951	0.000430808	0.998693	1.87308e-05	1.85888e-05	7.26125e-06	3.77585e-06	1.85888e-05	0.999952
35	0.999427	0.000247283	0.000265432	5.33132e-05	6.80595e-06	2.8585e-05	0.999735	2.40716e-05	0.000212131	NA	0.000348467	5.91434e-05	0.999396	0.000191816	4.79541e-06	5.75399e-05	0.000409056	0.000427887	0.999086	1.98774e-05	8.08639e-06	3.67563e-06	2.94051e-06	7.35127e-06	0.999978
36	0.998911	0.000291002	0.00067603	0.000105927	1.60676e-05	4.8017e-05	0.999212	5.46076e-05	0.000680712	4.70755e-06	0.000474516	8.05136e-05	0.999287	0.000146466	1.19914e-05	0.000117084	0.000645358	0.000204898	0.999011	2.16049e-05	2.03984e-05	7.2985e-06	4.1171e-06	1.74041e-05	0.999951
37	0.998812	0.000247023	0.000830337	9.46538e-05	1.61604e-05	4.82811e-05	0.999354	3.88931e-05	0.000555233	4.02343e-06	0.000325683	7.58619e-05	0.999487	0.000104637	6.53982e-06	8.09097e-05	0.000615206	0.000198994	0.999088	1.67651e-05	1.24397e-05	8.85133e-06	3.34915e-06	1.96165e-05	0.999956
38	0.998869	0.000299253	0.000751251	6.32351e-05	1.69221e-05	2.28674e-05	0.999404	3.28719e-05	0.000534525	5.71685e-06	0.000349653	5.51721e-05	0.999513	6.96548e-05	1.24137e-05	7.06218e-05	0.000572264	0.000171315	0.999166	2.00475e-05	1.70148e-05	8.09573e-06	4.52812e-06	1.70148e-05	0.999953
39	0.99887	0.000329738	0.00072828	5.31865e-05	1.92756e-05	2.25515e-05	0.999373	2.85947e-05	0.000568061	8.10674e-06	0.000323619	3.92688e-05	0.99958	4.69276e-05	1.00261e-05	4.89975e-05	0.000573211	0.000148679	0.999213	1.63606e-05	1.86388e-05	8.26591e-06	4.21399e-06	1.79905e-05	0.999951
40	0.999092	0.000412413	0.00042443	4.42754e-05	2.65056e-05	1.77296e-05	0.999294	2.85608e-05	0.000650903	8.96151e-06	0.000285735	3.21585e-05	0.999647	2.29298e-05	1.24942e-05	4.10339e-05	0.000438735	0.000113581	0.999392	1.46189e-05	2.56701e-05	9.84605e-06	4.91e-06	1.97833e-05	0.99994
