quality	AA	AC	AG	AT	A.	CA	CC	CG	CT	C.	GA	GC	GG	GT	G.	TA	TC	TG	TT	T.	.A	.C	.G	.T	..
0	NA	NA	NA	NA	NA	NA	NA	NA	NA	NA	NA	NA	NA	NA	NA	NA	NA	NA	NA	NA	NA	NA	NA	NA	NA
1	NA	NA	NA	NA	NA	NA	NA	NA	NA	NA	NA	NA	NA	NA	NA	NA	NA	NA	NA	NA	NA	NA	NA	NA	NA
2	NA	NA	NA	NA	NA	NA	NA	NA	NA	NA	NA	NA	NA	NA	NA	NA	NA	NA	NA	NA	NA	NA	NA	NA	NA
3	NA	NA	NA	NA	NA	NA	NA	NA	NA	NA	NA	NA	NA	NA	NA	NA	NA	NA	NA	NA	NA	NA	NA	NA	NA
4	NA	NA	NA	NA	NA	NA	NA	NA	NA	NA	NA	NA	NA	NA	NA	NA	NA	NA	NA	NA	NA	NA	NA	NA	NA
5	NA	NA	NA	NA	NA	NA	NA	NA	NA	NA	NA	NA	NA	NA	NA	NA	NA	NA	NA	NA	NA	NA	NA	NA	NA
6	NA	NA	NA	NA	NA	NA	NA	NA	NA	NA	NA	NA	NA	NA	NA	NA	NA	NA	NA	NA	NA	NA	NA	NA	NA
7	NA	NA	NA	NA	NA	NA	NA	NA	NA	NA	NA	NA	NA	NA	NA	NA	NA	NA	NA	NA	NA	NA	NA	NA	NA
8	NA	NA	NA	NA	NA	NA	NA	NA	NA	NA	NA	NA	NA	NA	NA	NA	NA	NA	NA	NA	NA	NA	NA	NA	NA
9	NA	NA	NA	NA	NA	NA	NA	NA	NA	NA	NA	NA	NA	NA	NA	NA	NA	NA	NA	NA	NA	NA	NA	NA	NA
10	0.961039	0.025974	NA	0.012987	NA	0.0740741	0.925926	NA	NA	NA	0.0185185	NA	0.944444	0.037037	NA	NA	NA	NA	1	NA	NA	NA	NA	NA	1
11	0.973939	0.0141486	0.00337453	0.008416	0.000121971	0.0682082	0.904613	0.00620074	0.0209782	NA	0.0249688	0.00575531	0.912013	0.0571171	0.000145336	0.0207225	0.00700084	0.0201624	0.951834	0.000280034	1.19944e-05	2.39889e-05	2.39889e-05	3.59833e-05	0.999904
12	0.972733	0.0145803	0.00550334	0.00713528	4.7648e-05	0.0559178	0.923965	0.00547767	0.0144604	0.000179328	0.0125072	0.00457504	0.944096	0.0387088	0.000112585	0.0114077	0.00534533	0.0264007	0.9567	0.000146671	2.95864e-05	6.57475e-06	2.30116e-05	4.93106e-05	0.999892
13	0.966896	0.0178459	0.00602042	0.00915965	7.83028e-05	0.0411107	0.943285	0.00473911	0.0107556	0.000109494	0.008038	0.00350793	0.966901	0.0214489	0.000104355	0.0123066	0.00735023	0.0217593	0.958449	0.000135306	3.72542e-05	2.37072e-05	2.31428e-05	2.7094e-05	0.999889
14	0.964772	0.0191208	0.00598395	0.00998005	0.000142718	0.0357459	0.948849	0.00417743	0.0110909	0.000136551	0.0140447	0.00568377	0.948145	0.0320088	0.000117628	0.0139613	0.00989647	0.0209398	0.955034	0.000168262	5.69838e-05	3.2255e-05	3.54805e-05	3.65556e-05	0.999839
15	0.96601	0.0164333	0.00655613	0.0109269	7.36644e-05	0.0295845	0.952911	0.00434133	0.0130395	0.000123817	0.0138278	0.00607941	0.951612	0.0283981	8.24973e-05	0.0148545	0.00905655	0.0206598	0.955304	0.000124766	5.18095e-05	3.57307e-05	2.14384e-05	5.3596e-05	0.999837
16	0.966086	0.0152728	0.00695982	0.011618	6.28781e-05	0.0268758	0.955485	0.00457617	0.0129543	0.000109106	0.0116946	0.00515921	0.958031	0.0250476	6.74808e-05	0.0191068	0.0115492	0.0278462	0.941373	0.000124984	5.5502e-05	2.71155e-05	2.92339e-05	3.81311e-05	0.99985
17	NA	NA	NA	NA	NA	NA	NA	NA	NA	NA	NA	NA	NA	NA	NA	NA	NA	NA	NA	NA	NA	NA	NA	NA	NA
18	1	NA	NA	NA	NA	NA	1	NA	NA	NA	0.0322581	NA	0.967742	NA	NA	0.142857	NA	0.142857	0.714286	NA	NA	NA	NA	NA	1
19	1	NA	NA	NA	NA	NA	1	NA	NA	NA	NA	NA	1	NA	NA	NA	NA	NA	1	NA	NA	NA	NA	NA	1
20	0.998145	0.00128443	0.000142714	0.000428143	NA	0.0093801	0.989396	NA	0.00122349	NA	0.00162757	0.000287219	0.993777	0.00430828	NA	0.00257566	0.000858553	0.00386349	0.992702	NA	3.70178e-05	NA	NA	NA	0.999963
21	0.996854	0.00207037	0.000560487	0.000514733	NA	0.0050662	0.993722	0.00032635	0.000854727	3.1081e-05	0.000689655	0.000234776	0.99664	0.00240646	2.9347e-05	0.000629269	0.000430553	0.00232664	0.99658	3.31194e-05	1.17467e-05	8.81006e-06	5.87337e-06	8.81006e-06	0.999965
22	0.996751	0.00180107	0.000942618	0.000454477	5.04974e-05	0.00546022	0.993276	0.000242079	0.000968315	5.37953e-05	0.000941071	0.00038091	0.995765	0.00286803	4.48129e-05	0.00111583	0.000508689	0.00259267	0.995734	4.92279e-05	1.97922e-05	1.97922e-05	2.96883e-05	1.48441e-05	0.999916
23	0.99765	0.00137747	0.000585201	0.000360124	2.70093e-05	0.00350033	0.995163	0.000356397	0.000954636	2.5457e-05	0.00060461	0.000345491	0.997076	0.00197424	NA	0.000442033	0.000532862	0.00141087	0.997602	1.21105e-05	1.60722e-05	1.83682e-05	1.14801e-05	2.29603e-05	0.999931
24	0.997609	0.00136605	0.000761835	0.000236431	2.62702e-05	0.00385208	0.994307	0.000214004	0.00149803	0.000128403	0.00102028	0.000122434	0.996735	0.00212219	NA	0.000301568	0.000150784	0.0009424	0.998605	NA	3.59865e-05	1.43946e-05	7.1973e-06	3.59865e-05	0.999906
25	0.998105	0.00107359	0.000399966	0.000315763	0.000105254	0.0030506	0.995792	0.000140257	0.000911673	0.000105193	0.00105274	0.00032898	0.996184	0.00236865	6.5796e-05	0.000484113	0.00127483	0.0011296	0.997079	3.22742e-05	3.56407e-05	1.78203e-05	1.18802e-05	1.78203e-05	0.999917
26	0.996568	0.000777152	0.00233146	0.000323813	NA	0.00238441	0.996475	0.000725689	0.00041468	NA	0.000316522	0.000316522	0.997468	0.00189913	NA	0.000298699	0.0028163	0.000810753	0.996074	NA	3.45077e-05	1.72539e-05	1.72539e-05	6.90155e-05	0.999862
27	0.996703	0.00155963	0.00105797	0.000646203	3.2796e-05	0.00271187	0.995517	0.000323598	0.00142145	2.58084e-05	0.0013861	0.000543805	0.9949	0.00314618	2.40166e-05	0.000993098	0.000905115	0.00369327	0.994358	5.05651e-05	2.93467e-05	1.39746e-05	1.11797e-05	2.27088e-05	0.999923
28	0.996766	0.00274321	0.000317634	0.000173255	NA	0.000608592	0.997344	0.000193643	0.00185344	NA	0.00140276	0.000308299	0.996701	0.00158774	NA	0.000417661	0.00190931	0.000536993	0.997136	NA	2.62476e-05	NA	NA	2.62476e-05	0.999948
29	0.999593	0.000271039	0.00013552	NA	NA	0.00122369	0.998532	NA	0.000244738	NA	0.00071852	8.9815e-05	0.999012	0.00017963	NA	0.000391543	NA	NA	0.999608	NA	NA	NA	NA	NA	1
30	0.998229	0.000644645	0.000783752	0.00032006	2.26191e-05	0.000443735	0.998515	0.000135983	0.000901784	3.57851e-06	0.00071366	0.000138345	0.99836	0.000782833	5.06142e-06	0.000369186	0.000788038	0.000602617	0.998224	1.65554e-05	1.55666e-05	3.03738e-06	4.93575e-06	1.17699e-05	0.999965
31	0.998596	0.000587465	0.000653349	0.000144945	1.86671e-05	0.00054399	0.998578	6.92658e-05	0.000807537	1.68941e-06	0.000541707	0.000120917	0.998755	0.000575564	6.4489e-06	0.000207453	0.000572285	0.000590169	0.998611	1.90762e-05	1.82167e-05	3.78082e-06	4.12453e-06	1.51233e-05	0.999959
32	0.999002	0.000186129	0.000727597	8.46043e-05	NA	0.00027987	0.999394	4.66451e-05	0.00027987	NA	0.000242892	3.9176e-05	0.999514	0.00019588	7.83521e-06	9.53452e-05	0.000524399	0.000166854	0.999204	9.53452e-06	4.82138e-06	1.60713e-06	3.21426e-06	8.03564e-06	0.999982
33	0.999226	0.000256349	0.000444033	7.32426e-05	NA	0.00042081	0.999417	1.2948e-05	0.000142428	6.474e-06	0.00020543	1.24503e-05	0.999589	0.000192979	NA	6.28084e-05	0.000628084	0.000188425	0.999121	NA	NA	1.29669e-06	5.18676e-06	7.78013e-06	0.999986
34	0.998617	0.000583035	0.000659447	0.000121945	1.8318e-05	0.000229865	0.998978	5.60036e-05	0.000732226	4.17937e-06	0.000542103	9.49237e-05	0.998968	0.000382661	1.18655e-05	0.000134233	0.000570345	0.000520224	0.998762	1.32504e-05	1.73127e-05	5.66305e-06	4.04503e-06	1.14879e-05	0.999961
35	0.999013	0.000457043	0.000469692	4.72222e-05	1.26488e-05	0.000250955	0.999437	1.85892e-05	0.000293942	NA	0.000345129	4.62428e-05	0.999401	0.000200761	6.76724e-06	5.16754e-05	0.000299874	0.00051049	0.999121	1.72251e-05	1.0966e-05	5.22189e-06	2.34985e-06	1.01827e-05	0.999971
36	0.99884	0.00045394	0.000602551	8.72367e-05	1.65981e-05	9.61408e-05	0.999231	4.44195e-05	0.000616396	1.21697e-05	0.000383998	5.66555e-05	0.999391	0.000160238	8.01189e-06	0.000100942	0.000589711	0.00022579	0.999072	1.19536e-05	1.3352e-05	4.7339e-06	4.61252e-06	1.21382e-05	0.999965
37	0.998734	0.000355971	0.000840152	5.43007e-05	1.55863e-05	8.3076e-05	0.999331	2.85574e-05	0.000541725	1.55768e-05	0.000305166	4.79546e-05	0.999521	0.000115091	1.04628e-05	6.91263e-05	0.000559208	0.000292237	0.999065	1.4302e-05	1.45601e-05	5.1665e-06	3.28777e-06	1.23683e-05	0.999965
38	0.998695	0.000459496	0.000765043	6.20487e-05	1.87823e-05	6.11047e-05	0.999295	2.86926e-05	0.000604139	1.06269e-05	0.000310698	4.03641e-05	0.999574	6.47951e-05	1.0091e-05	5.48474e-05	0.0005866	0.000182602	0.999156	1.97317e-05	1.51015e-05	4.52019e-06	2.77375e-06	1.09923e-05	0.999967
39	0.998865	0.000464694	0.000602623	4.72478e-05	2.05493e-05	4.26422e-05	0.99935	2.25679e-05	0.000577041	7.60577e-06	0.000314244	2.73957e-05	0.999601	4.67338e-05	1.02889e-05	4.94523e-05	0.000547418	0.000127257	0.999259	1.67771e-05	1.54319e-05	5.2849e-06	4.01653e-06	1.34119e-05	0.999962
40	0.999036	0.000482503	0.000411	4.61458e-05	2.43923e-05	2.5047e-05	0.999323	1.83999e-05	0.00061924	1.38722e-05	0.000299598	2.49482e-05	0.999645	2.11016e-05	9.23193e-06	4.47649e-05	0.000450322	8.64833e-05	0.999405	1.34916e-05	1.93985e-05	6.7924e-06	4.60004e-06	1.55423e-05	0.999954
