quality	AA	AC	AG	AT	A.	CA	CC	CG	CT	C.	GA	GC	GG	GT	G.	TA	TC	TG	TT	T.	.A	.C	.G	.T	..
0	NA	NA	NA	NA	NA	NA	NA	NA	NA	NA	NA	NA	NA	NA	NA	NA	NA	NA	NA	NA	NA	NA	NA	NA	NA
1	NA	NA	NA	NA	NA	NA	NA	NA	NA	NA	NA	NA	NA	NA	NA	NA	NA	NA	NA	NA	NA	NA	NA	NA	NA
2	NA	NA	NA	NA	NA	NA	NA	NA	NA	NA	NA	NA	NA	NA	NA	NA	NA	NA	NA	NA	NA	NA	NA	NA	NA
3	NA	NA	NA	NA	NA	NA	NA	NA	NA	NA	NA	NA	NA	NA	NA	NA	NA	NA	NA	NA	NA	NA	NA	NA	NA
4	NA	NA	NA	NA	NA	NA	NA	NA	NA	NA	NA	NA	NA	NA	NA	NA	NA	NA	NA	NA	NA	NA	NA	NA	NA
5	NA	NA	NA	NA	NA	NA	NA	NA	NA	NA	NA	NA	NA	NA	NA	NA	NA	NA	NA	NA	NA	NA	NA	NA	NA
6	NA	NA	NA	NA	NA	NA	NA	NA	NA	NA	NA	NA	NA	NA	NA	NA	NA	NA	NA	NA	NA	NA	NA	NA	NA
7	NA	NA	NA	NA	NA	NA	NA	NA	NA	NA	NA	NA	NA	NA	NA	NA	NA	NA	NA	NA	NA	NA	NA	NA	NA
8	NA	NA	NA	NA	NA	NA	NA	NA	NA	NA	NA	NA	NA	NA	NA	NA	NA	NA	NA	NA	NA	NA	NA	NA	NA
9	NA	NA	NA	NA	NA	NA	NA	NA	NA	NA	NA	NA	NA	NA	NA	NA	NA	NA	NA	NA	NA	NA	NA	NA	NA
10	NA	NA	NA	NA	NA	NA	NA	NA	NA	NA	NA	NA	NA	NA	NA	NA	NA	NA	NA	NA	NA	NA	NA	NA	NA
11	0.978266	0.01119	0.00387347	0.00559501	0.00107596	0.0634291	0.916749	0.00561612	0.0138751	0.00033036	0.0218497	0.00718348	0.931308	0.0396588	NA	0.0391534	0.00634921	0.0285714	0.924868	0.0010582	6.54108e-05	NA	6.54108e-05	6.54108e-05	0.999804
12	0.970722	0.0138013	0.00661405	0.00873054	0.000132281	0.0364304	0.943819	0.00596134	0.0134281	0.000361293	0.0119893	0.00519197	0.951189	0.0313567	0.000273261	0.0140222	0.00732196	0.0228639	0.955516	0.0002763	1.20495e-05	2.4099e-05	2.4099e-05	4.8198e-05	0.999892
13	0.965093	0.0173336	0.00611577	0.0113014	0.000155958	0.0303059	0.952863	0.00508505	0.0116437	0.000102212	0.00910926	0.00431324	0.964718	0.0217482	0.000110799	0.0138319	0.00990579	0.0222912	0.953726	0.000245385	4.3259e-05	3.97982e-05	3.28768e-05	5.36411e-05	0.99983
14	0.963022	0.0166825	0.00642367	0.0136503	0.00022187	0.029693	0.951022	0.00444662	0.0146429	0.000195456	0.0188284	0.00748168	0.939976	0.0335279	0.000186266	0.0185476	0.0124061	0.0201617	0.948543	0.000341955	8.1796e-05	5.79388e-05	5.11225e-05	6.81633e-05	0.999741
15	0.978895	0.00851865	0.00480171	0.00767316	0.000111668	0.0125139	0.975935	0.00312847	0.00820067	0.00022214	0.0160249	0.00598239	0.951572	0.0262637	0.000156915	0.0249201	0.0181952	0.0259098	0.930772	0.000203015	6.65639e-05	4.09624e-05	4.09624e-05	5.63233e-05	0.999795
16	0.963568	0.012058	0.00896094	0.015161	0.000252083	0.019176	0.959989	0.00474003	0.0159866	0.000107951	0.0176432	0.00784142	0.947594	0.0266837	0.000237907	0.0170194	0.0123474	0.019741	0.950662	0.000229892	0.000110225	6.29856e-05	5.11758e-05	9.05417e-05	0.999685
17	NA	NA	NA	NA	NA	NA	NA	NA	NA	NA	NA	NA	NA	NA	NA	NA	NA	NA	NA	NA	NA	NA	NA	NA	NA
18	NA	NA	NA	NA	NA	NA	NA	NA	NA	NA	NA	NA	NA	NA	NA	NA	NA	NA	NA	NA	NA	NA	NA	NA	NA
19	NA	NA	NA	NA	NA	NA	NA	NA	NA	NA	NA	NA	NA	NA	NA	NA	NA	NA	NA	NA	NA	NA	NA	NA	NA
20	0.999413	NA	NA	0.000586854	NA	0.00387597	0.994186	0.000968992	0.000968992	NA	NA	NA	0.997512	0.00248845	NA	0.0019802	0.00132013	0.00264026	0.994059	NA	NA	NA	NA	NA	1
21	0.993771	0.00503848	0.000549652	0.000595456	4.58043e-05	0.00223112	0.996224	0.000858124	0.000686499	NA	0.000731694	0.000225136	0.997298	0.00174481	NA	0.00111132	0.000666794	0.00292119	0.995237	6.35042e-05	2.25922e-05	1.12961e-05	NA	NA	0.999966
22	0.996296	0.00207778	0.000496861	0.00103889	9.03383e-05	0.00349576	0.99522	0.000142684	0.00114147	NA	0.00172018	0.000401376	0.994839	0.00303899	NA	0.00131356	0.000847458	0.0034322	0.994407	NA	1.29572e-05	2.59145e-05	1.29572e-05	2.59145e-05	0.999922
23	0.995848	0.0029496	0.000572738	0.000601375	2.86369e-05	0.00205778	0.99632	0.000593589	0.000949743	7.91452e-05	0.000891133	0.000185653	0.996473	0.00245062	NA	0.00116898	0.000556659	0.00150298	0.996716	5.56659e-05	4.9663e-05	7.09471e-06	1.41894e-05	2.12841e-05	0.999908
24	0.996473	0.00242487	0.000514365	0.000514365	7.34808e-05	0.00205152	0.996239	0.000683839	0.00102576	NA	0.000754473	0.000646691	0.996659	0.00194007	NA	0.000543505	0.000395276	0.00148229	0.997579	NA	5.78157e-05	NA	NA	3.85438e-05	0.999904
25	0.997027	0.00143335	0.00053087	0.000796305	0.000212348	0.0019388	0.996797	0.000505774	0.000758661	NA	0.0011396	0.000783476	0.995157	0.00277778	0.00014245	0.00117938	0.000810821	0.00117938	0.996794	3.68555e-05	1.39179e-05	NA	2.78358e-05	1.39179e-05	0.999944
26	0.996937	0.00194891	0.000487228	0.000487228	0.000139208	0.00248139	0.996101	0.000590807	0.000708968	0.000118161	0.00083632	0.000716846	0.99546	0.00298686	NA	0.000403932	0.000673219	0.00125668	0.997621	4.48813e-05	7.48321e-05	1.8708e-05	3.7416e-05	5.61241e-05	0.999813
27	0.996564	0.000838266	0.00143022	0.00110047	6.7538e-05	0.00137471	0.996719	0.000378809	0.0014908	3.66589e-05	0.00269366	0.00118885	0.991078	0.00502316	1.60655e-05	0.00111995	0.00111378	0.00377944	0.993897	8.94725e-05	4.12283e-05	1.94689e-05	1.4888e-05	3.09212e-05	0.999893
28	0.99833	0.000417432	0.000584405	0.000584405	8.34864e-05	0.00022343	0.998734	0.00022343	0.000819245	NA	0.00349917	0.000672917	0.994258	0.00148042	8.97223e-05	0.00130833	0.00072685	0.00058148	0.997383	NA	1.83291e-05	NA	NA	7.33165e-05	0.999908
29	0.997732	NA	NA	NA	0.00226757	0.00130208	0.998698	NA	NA	NA	0.000437063	NA	0.999126	0.000437063	NA	NA	NA	NA	1	NA	NA	NA	NA	NA	1
30	0.997302	0.000938618	0.00111419	0.000573975	7.09028e-05	0.000413801	0.998256	0.000199044	0.00111569	1.5714e-05	0.00141593	0.000397786	0.997182	0.000994464	9.47109e-06	0.00073275	0.000989213	0.000826961	0.997394	5.75732e-05	1.6897e-05	1.12647e-05	7.88529e-06	2.59088e-05	0.999938
31	0.998195	0.000636986	0.000867009	0.000253615	4.71841e-05	0.00025382	0.998829	8.01535e-05	0.000828253	8.90595e-06	0.0010206	0.000150088	0.99816	0.000660386	8.57644e-06	0.000349266	0.000644277	0.000759569	0.998196	5.0864e-05	3.0728e-05	8.38036e-06	6.51806e-06	1.67607e-05	0.999938
32	0.99778	0.0019315	0.00017297	0.000100899	1.44142e-05	0.000172941	0.999366	7.68625e-05	0.000384312	NA	0.000294198	7.84529e-05	0.999372	0.000254972	NA	7.48494e-05	0.000361772	0.000199598	0.999326	3.74247e-05	NA	4.02807e-06	4.02807e-06	4.02807e-06	0.999988
33	0.997814	0.00201029	0.000103092	7.21642e-05	NA	0.000116496	0.999505	4.36859e-05	0.000334925	NA	0.000155989	4.25423e-05	0.999277	0.000510508	1.41808e-05	5.21008e-05	0.000290276	0.000446578	0.999189	2.23289e-05	1.42367e-05	2.84733e-06	5.69466e-06	1.13893e-05	0.999966
34	0.998533	0.000388124	0.000806661	0.00019551	7.67559e-05	0.000180983	0.999024	8.01825e-05	0.000701025	1.37456e-05	0.000928505	0.000206112	0.998399	0.000458249	8.00435e-06	0.000206824	0.000545696	0.000466149	0.998713	6.84109e-05	2.53111e-05	1.33216e-05	7.99298e-06	2.22027e-05	0.999931
35	0.999528	5.74574e-05	0.000355191	3.65638e-05	2.26347e-05	5.5285e-05	0.99968	1.84283e-05	0.000246479	NA	0.000456015	8.38082e-05	0.999174	0.000273609	1.23247e-05	5.21967e-05	0.000244672	0.000544804	0.999101	5.70902e-05	1.30319e-05	2.83302e-06	3.96622e-06	1.58649e-05	0.999964
36	0.998514	0.000489353	0.000788657	0.000149652	5.78409e-05	0.000115024	0.999172	6.18252e-05	0.000644133	7.18898e-06	0.000747169	0.000103555	0.998961	0.000179583	9.17576e-06	0.000122694	0.000567593	0.000353145	0.998886	7.04157e-05	2.32481e-05	1.09065e-05	5.74028e-06	2.41092e-05	0.999936
37	0.998653	0.000482937	0.000720253	7.5941e-05	6.76349e-05	0.00015317	0.999265	5.92259e-05	0.000516695	6.12681e-06	0.000440586	7.71533e-05	0.999283	0.000182731	1.62428e-05	9.53693e-05	0.000474603	0.00033211	0.999024	7.40515e-05	2.43037e-05	1.17836e-05	6.62828e-06	2.57766e-05	0.999932
38	0.998705	0.000372962	0.000797821	6.71194e-05	5.74321e-05	8.87144e-05	0.999361	3.50477e-05	0.000511477	3.28572e-06	0.000520479	6.62623e-05	0.999266	0.000138937	8.54997e-06	7.38599e-05	0.000504357	0.000327797	0.999017	7.66736e-05	2.14231e-05	1.06055e-05	6.1512e-06	2.24837e-05	0.999939
39	0.99883	0.00029672	0.000766792	4.48352e-05	6.21009e-05	0.000101742	0.999322	4.02448e-05	0.000526348	9.49597e-06	0.000546395	5.59796e-05	0.999277	0.000108069	1.2536e-05	6.37316e-05	0.000446121	0.000274164	0.99915	6.6349e-05	2.34206e-05	9.67826e-06	6.24269e-06	2.29178e-05	0.999938
40	0.9989	0.000114003	0.000876128	4.06627e-05	6.95158e-05	8.87112e-05	0.999211	3.85919e-05	0.000653055	8.62053e-06	0.000688603	4.20043e-05	0.999144	0.000108586	1.66453e-05	5.5329e-05	0.000386774	0.000312847	0.999194	5.08286e-05	3.14124e-05	1.38975e-05	7.52098e-06	2.36666e-05	0.999924
