quality	AA	AC	AG	AT	A.	CA	CC	CG	CT	C.	GA	GC	GG	GT	G.	TA	TC	TG	TT	T.	.A	.C	.G	.T	..
0	NA	NA	NA	NA	NA	NA	NA	NA	NA	NA	NA	NA	NA	NA	NA	NA	NA	NA	NA	NA	NA	NA	NA	NA	NA
1	NA	NA	NA	NA	NA	NA	NA	NA	NA	NA	NA	NA	NA	NA	NA	NA	NA	NA	NA	NA	NA	NA	NA	NA	NA
2	NA	NA	NA	NA	NA	NA	NA	NA	NA	NA	NA	NA	NA	NA	NA	NA	NA	NA	NA	NA	NA	NA	NA	NA	NA
3	NA	NA	NA	NA	NA	NA	NA	NA	NA	NA	NA	NA	NA	NA	NA	NA	NA	NA	NA	NA	NA	NA	NA	NA	NA
4	NA	NA	NA	NA	NA	NA	NA	NA	NA	NA	NA	NA	NA	NA	NA	NA	NA	NA	NA	NA	NA	NA	NA	NA	NA
5	NA	NA	NA	NA	NA	NA	NA	NA	NA	NA	NA	NA	NA	NA	NA	NA	NA	NA	NA	NA	NA	NA	NA	NA	NA
6	NA	NA	NA	NA	NA	NA	NA	NA	NA	NA	NA	NA	NA	NA	NA	NA	NA	NA	NA	NA	NA	NA	NA	NA	NA
7	NA	NA	NA	NA	NA	NA	NA	NA	NA	NA	NA	NA	NA	NA	NA	NA	NA	NA	NA	NA	NA	NA	NA	NA	NA
8	NA	NA	NA	NA	NA	NA	NA	NA	NA	NA	NA	NA	NA	NA	NA	NA	NA	NA	NA	NA	NA	NA	NA	NA	NA
9	NA	NA	NA	NA	NA	NA	NA	NA	NA	NA	NA	NA	NA	NA	NA	NA	NA	NA	NA	NA	NA	NA	NA	NA	NA
10	NA	NA	NA	NA	NA	NA	NA	NA	NA	NA	NA	NA	NA	NA	NA	NA	NA	NA	NA	NA	NA	NA	NA	NA	NA
11	0.974524	0.0118981	0.00517917	0.00797872	0.000419933	0.0493184	0.930233	0.00541299	0.0144346	0.000601443	0.0227878	0.00689148	0.934577	0.0356519	9.18864e-05	0.0331754	0.0124408	0.0254739	0.92891	NA	NA	NA	8.09979e-05	4.04989e-05	0.999879
12	0.971665	0.0129076	0.00694551	0.00832847	0.000153662	0.0377295	0.94303	0.00496661	0.0140651	0.000208681	0.0136194	0.00508936	0.950875	0.030345	7.16812e-05	0.0140818	0.00815008	0.0243538	0.953173	0.000241127	5.041e-05	1.68033e-05	4.20083e-05	6.72133e-05	0.999824
13	0.965851	0.0163407	0.00682371	0.0108551	0.000129715	0.0300389	0.952788	0.00536503	0.0116565	0.000151791	0.00927405	0.00429653	0.964545	0.0217717	0.00011268	0.0154313	0.00998424	0.0237364	0.950683	0.000165439	4.94923e-05	3.44294e-05	3.33535e-05	4.73404e-05	0.999835
14	0.962965	0.0167399	0.00728413	0.0128813	0.000129266	0.0288029	0.95185	0.00525536	0.0138595	0.000232281	0.0168392	0.00712461	0.944562	0.0312676	0.000206121	0.0179356	0.0134996	0.0217058	0.946576	0.000282975	7.3541e-05	5.51557e-05	4.08561e-05	4.90273e-05	0.999781
15	0.976919	0.0080646	0.00521418	0.00970334	9.93177e-05	0.0123354	0.9761	0.00274656	0.00870948	0.000108417	0.0140071	0.00544905	0.955924	0.0245207	9.88739e-05	0.0249127	0.0174389	0.0251253	0.932386	0.000136716	5.59597e-05	3.10887e-05	2.17621e-05	4.66331e-05	0.999845
16	0.966018	0.0113035	0.00905502	0.0134442	0.000179592	0.0180143	0.961431	0.00474435	0.0156747	0.00013589	0.0164283	0.00740548	0.952488	0.0235125	0.000166166	0.0188791	0.0122448	0.019958	0.948748	0.000169875	9.81873e-05	4.61362e-05	4.73192e-05	8.99065e-05	0.999718
17	NA	NA	NA	NA	NA	NA	NA	NA	NA	NA	NA	NA	NA	NA	NA	NA	NA	NA	NA	NA	NA	NA	NA	NA	NA
18	NA	NA	NA	NA	NA	NA	NA	NA	NA	NA	NA	NA	NA	NA	NA	NA	NA	NA	NA	NA	NA	NA	NA	NA	NA
19	NA	NA	NA	NA	NA	NA	NA	NA	NA	NA	NA	NA	NA	NA	NA	NA	NA	NA	NA	NA	NA	NA	NA	NA	NA
20	0.998377	0.00121704	NA	0.00040568	NA	0.0040253	0.9954	NA	0.000575043	NA	0.00236967	0.000473934	0.99455	0.00260664	NA	0.00170261	NA	0.00227015	0.996027	NA	NA	NA	NA	NA	1
21	0.997172	0.00170777	0.000447941	0.000587922	8.39889e-05	0.00244107	0.996247	0.000364339	0.000910846	3.64339e-05	0.0010553	0.000351766	0.996447	0.00214577	NA	0.000973805	0.000603759	0.00235661	0.996046	1.94761e-05	1.40036e-05	7.00182e-06	1.40036e-05	1.40036e-05	0.999951
22	0.996345	0.0015506	0.000941437	0.00110757	5.53787e-05	0.00430791	0.993603	0.000696227	0.00134894	4.35142e-05	0.0016076	0.000448632	0.994803	0.00314042	NA	0.00178092	0.000956912	0.00329603	0.993833	0.000132904	1.62057e-05	1.62057e-05	2.43086e-05	2.43086e-05	0.999919
23	0.99668	0.00148972	0.00120255	0.0005923	3.5897e-05	0.00249364	0.994962	0.0013486	0.00117048	2.54453e-05	0.00134191	0.000670957	0.995825	0.00213712	2.48503e-05	0.00105466	0.000884945	0.00224267	0.995757	6.06127e-05	2.75772e-05	1.83848e-05	2.2981e-05	3.67696e-05	0.999894
24	0.997766	0.000920084	0.000701016	0.000569576	4.38135e-05	0.0027421	0.995815	0.000793765	0.000649444	NA	0.00110003	0.000687521	0.996631	0.0015813	NA	0.000615669	0.000307834	0.00135447	0.99766	6.15669e-05	3.58521e-05	NA	1.19507e-05	4.78029e-05	0.999904
25	0.996663	0.00103671	0.00142547	0.000777529	9.71912e-05	0.00227779	0.995651	0.00113889	0.000931822	NA	0.00154545	0.000772723	0.994977	0.00270453	NA	0.000951144	0.000603164	0.0016239	0.996729	9.27945e-05	2.63322e-05	4.3887e-05	8.7774e-06	4.3887e-05	0.999877
26	0.996275	0.000909603	0.00186252	0.000866288	8.66288e-05	0.000887968	0.99704	0.000665976	0.00133195	7.39973e-05	0.00147722	0.000777484	0.99448	0.00326543	NA	0.000314564	0.000514742	0.00128685	0.997827	5.71935e-05	1.18519e-05	NA	1.18519e-05	9.48148e-05	0.999881
27	0.996475	0.000973891	0.00124765	0.00123069	7.26785e-05	0.00144061	0.996654	0.000362058	0.00152064	2.28668e-05	0.00238165	0.00132065	0.992275	0.0039972	2.56437e-05	0.00105828	0.00138217	0.00330666	0.994166	8.66208e-05	4.67748e-05	2.02458e-05	2.02458e-05	3.70009e-05	0.999876
28	0.998256	0.000298894	0.000747235	0.000597788	9.96314e-05	0.000302954	0.998132	5.04923e-05	0.00151477	NA	0.00250128	0.000537909	0.995751	0.0011834	2.68955e-05	0.000682993	0.000682993	0.000682993	0.997951	NA	2.29132e-05	NA	1.14566e-05	1.14566e-05	0.999954
29	1	NA	NA	NA	NA	0.00088968	0.99911	NA	NA	NA	0.000759686	NA	0.99924	NA	NA	NA	NA	NA	1	NA	NA	NA	NA	NA	1
30	0.997446	0.000570751	0.00125815	0.000679069	4.58267e-05	0.000458637	0.998036	0.000303605	0.00119504	6.45968e-06	0.00141947	0.00047124	0.997196	0.000899379	1.43671e-05	0.00059572	0.00125943	0.000641046	0.997446	5.82769e-05	2.14731e-05	1.10829e-05	5.54145e-06	2.49365e-05	0.999937
31	0.998414	0.00036623	0.000889416	0.000283242	4.69063e-05	0.000336716	0.998626	0.000234597	0.000803151	NA	0.000997873	0.000270043	0.998202	0.000527227	2.57184e-06	0.000308673	0.000965916	0.000697139	0.997972	5.66951e-05	2.45366e-05	8.55929e-06	8.55929e-06	2.22542e-05	0.999936
32	0.998536	0.000301764	0.00106505	6.21278e-05	3.55016e-05	0.000173527	0.99912	0.000508187	0.000198317	NA	0.000346318	4.7768e-05	0.999272	0.000334376	NA	7.14717e-05	0.000452654	0.000484419	0.998968	2.38239e-05	1.00854e-05	1.26067e-05	7.56403e-06	2.52134e-06	0.999967
33	0.998604	0.000213327	0.00110542	5.81801e-05	1.93934e-05	5.68429e-05	0.999252	0.000454744	0.000236846	NA	0.000233729	3.59583e-05	0.999425	0.000296656	8.98957e-06	6.21035e-05	0.000372621	0.000640144	0.998896	2.86632e-05	1.08979e-05	3.63264e-06	5.44896e-06	2.17958e-05	0.999958
34	0.99855	0.000338478	0.000843551	0.000207142	6.08203e-05	0.0002367	0.998887	0.000165832	0.000698761	1.13389e-05	0.000884121	0.000336112	0.998367	0.00039822	1.46136e-05	0.000174513	0.000917664	0.000397066	0.998434	7.6472e-05	2.39369e-05	1.22404e-05	9.52035e-06	2.44809e-05	0.99993
35	0.9995	0.000112362	0.000298562	5.67161e-05	3.21035e-05	6.28985e-05	0.999696	3.43083e-05	0.00020585	1.42951e-06	0.000369199	0.000134811	0.999251	0.000237451	7.65972e-06	5.791e-05	0.000455427	0.000488799	0.998929	6.87067e-05	1.28639e-05	5.56275e-06	6.95343e-06	1.28639e-05	0.999962
36	0.998678	0.000267698	0.000871142	0.000139473	4.38664e-05	0.000192533	0.998999	0.000200592	0.00059909	8.95501e-06	0.000658853	0.000241418	0.998897	0.000195395	7.26676e-06	0.000139884	0.000790246	0.000275791	0.998734	6.03292e-05	2.18086e-05	1.06384e-05	7.62416e-06	1.80852e-05	0.999942
37	0.998707	0.000268128	0.00088068	9.80955e-05	4.57779e-05	0.000186238	0.999069	0.000198994	0.000531925	1.40316e-05	0.000443812	0.000328197	0.999071	0.000144208	1.24317e-05	9.27098e-05	0.000836464	0.000257374	0.998749	6.43434e-05	1.95082e-05	8.16624e-06	1.02078e-05	2.49524e-05	0.999937
38	0.998841	0.000200106	0.00082327	7.44581e-05	6.13434e-05	0.000131875	0.999182	0.000172873	0.000504269	8.88278e-06	0.000524061	0.00022441	0.999095	0.000143283	1.37394e-05	6.82814e-05	0.000845036	0.000229634	0.998785	7.17607e-05	2.10386e-05	1.2022e-05	7.44844e-06	1.81637e-05	0.999941
39	0.998855	0.000206027	0.000829986	5.96193e-05	4.93989e-05	0.000174425	0.999164	0.000169902	0.000484263	7.63287e-06	0.000502144	0.00023679	0.999142	0.000108784	1.02778e-05	6.33111e-05	0.000815321	0.00019468	0.998866	6.06564e-05	2.2775e-05	1.31176e-05	9.32174e-06	2.08642e-05	0.999934
40	0.999018	0.00010427	0.000766164	5.12494e-05	6.05491e-05	0.000140446	0.999173	0.000116855	0.000560561	8.98413e-06	0.000635902	0.000126564	0.999083	0.000139361	1.53431e-05	5.14219e-05	0.000592717	0.0001663	0.99914	4.94822e-05	2.84782e-05	1.38396e-05	9.69757e-06	2.33528e-05	0.999925
