
SUMMARISING RUN PARAMETERS
==========================
Input filename: SC2213/host_removal/SC2213_R1.fastq.gz
Trimming mode: paired-end
Trim Galore version: 0.6.4_dev
Cutadapt version: 4.1
Python version: could not detect
Number of cores used for trimming: 2
Quality Phred score cutoff: 20
Quality encoding type selected: ASCII+33
Using Illumina adapter for trimming (count: 14479). Second best hit was smallRNA (count: 0)
Adapter sequence: 'AGATCGGAAGAGC' (Illumina TruSeq, Sanger iPCR; auto-detected)
Maximum trimming error rate: 0.1 (default)
Minimum required adapter overlap (stringency): 1 bp
Minimum required sequence length for both reads before a sequence pair gets removed: 20 bp
Running FastQC on the data once trimming has completed
Output file will be GZIP compressed


This is cutadapt 4.1 with Python 3.9.13
Command line parameters: -j 2 -e 0.1 -q 20 -O 1 -a AGATCGGAAGAGC SC2213/host_removal/SC2213_R1.fastq.gz
Processing single-end reads on 2 cores ...
Finished in 27.19 s (35 µs/read; 1.70 M reads/minute).

=== Summary ===

Total reads processed:                 770,078
Reads with adapters:                   269,394 (35.0%)
Reads written (passing filters):       770,078 (100.0%)

Total basepairs processed:   193,289,578 bp
Quality-trimmed:                 991,603 bp (0.5%)
Total written (filtered):    190,950,248 bp (98.8%)

=== Adapter 1 ===

Sequence: AGATCGGAAGAGC; Type: regular 3'; Length: 13; Trimmed: 269394 times

Minimum overlap: 1
No. of allowed errors:
1-9 bp: 0; 10-13 bp: 1

Bases preceding removed adapters:
  A: 35.6%
  C: 23.4%
  G: 9.8%
  T: 31.0%
  none/other: 0.2%

Overview of removed sequences
length	count	expect	max.err	error counts
1	177684	192519.5	0	177684
2	62686	48129.9	0	62686
3	8487	12032.5	0	8487
4	2708	3008.1	0	2708
5	176	752.0	0	176
6	167	188.0	0	167
7	1111	47.0	0	1111
8	105	11.8	0	105
9	195	2.9	0	195
10	235	0.7	1	227 8
11	97	0.2	1	92 5
12	252	0.0	1	248 4
13	158	0.0	1	150 8
14	110	0.0	1	101 9
15	172	0.0	1	168 4
16	98	0.0	1	93 5
17	130	0.0	1	122 8
18	147	0.0	1	146 1
19	135	0.0	1	126 9
20	156	0.0	1	152 4
21	147	0.0	1	138 9
22	189	0.0	1	183 6
23	134	0.0	1	127 7
24	456	0.0	1	443 13
25	250	0.0	1	236 14
26	79	0.0	1	72 7
27	163	0.0	1	150 13
28	349	0.0	1	335 14
29	171	0.0	1	159 12
30	347	0.0	1	332 15
31	216	0.0	1	203 13
32	241	0.0	1	232 9
33	58	0.0	1	51 7
34	165	0.0	1	160 5
35	109	0.0	1	104 5
36	168	0.0	1	158 10
37	143	0.0	1	135 8
38	227	0.0	1	220 7
39	37	0.0	1	31 6
40	125	0.0	1	120 5
41	431	0.0	1	415 16
42	146	0.0	1	136 10
43	154	0.0	1	147 7
44	52	0.0	1	52
45	112	0.0	1	107 5
46	54	0.0	1	50 4
47	148	0.0	1	143 5
48	56	0.0	1	51 5
49	161	0.0	1	152 9
50	62	0.0	1	57 5
51	282	0.0	1	276 6
52	157	0.0	1	148 9
53	180	0.0	1	173 7
54	216	0.0	1	199 17
55	108	0.0	1	102 6
56	48	0.0	1	48
57	128	0.0	1	118 10
58	72	0.0	1	69 3
59	135	0.0	1	132 3
60	74	0.0	1	73 1
61	78	0.0	1	77 1
62	67	0.0	1	61 6
63	95	0.0	1	91 4
64	47	0.0	1	45 2
65	92	0.0	1	88 4
66	80	0.0	1	76 4
67	29	0.0	1	25 4
68	61	0.0	1	59 2
69	97	0.0	1	89 8
70	87	0.0	1	83 4
71	84	0.0	1	82 2
72	130	0.0	1	126 4
73	187	0.0	1	170 17
74	286	0.0	1	257 29
75	498	0.0	1	440 58
76	1232	0.0	1	1158 74
77	952	0.0	1	906 46
78	550	0.0	1	508 42
79	307	0.0	1	276 31
80	218	0.0	1	199 19
81	139	0.0	1	124 15
82	98	0.0	1	89 9
83	77	0.0	1	71 6
84	78	0.0	1	69 9
85	62	0.0	1	55 7
86	61	0.0	1	48 13
87	65	0.0	1	54 11
88	33	0.0	1	29 4
89	42	0.0	1	40 2
90	46	0.0	1	42 4
91	30	0.0	1	26 4
92	38	0.0	1	32 6
93	47	0.0	1	44 3
94	118	0.0	1	113 5
95	54	0.0	1	48 6
96	51	0.0	1	47 4
97	51	0.0	1	47 4
98	23	0.0	1	21 2
99	28	0.0	1	23 5
100	21	0.0	1	19 2
101	17	0.0	1	14 3
102	22	0.0	1	19 3
103	15	0.0	1	15
104	16	0.0	1	15 1
105	19	0.0	1	18 1
106	18	0.0	1	15 3
107	25	0.0	1	20 5
108	16	0.0	1	16
109	16	0.0	1	14 2
110	14	0.0	1	13 1
111	19	0.0	1	16 3
112	10	0.0	1	9 1
113	18	0.0	1	16 2
114	18	0.0	1	16 2
115	9	0.0	1	7 2
116	16	0.0	1	12 4
117	23	0.0	1	21 2
118	11	0.0	1	11
119	14	0.0	1	12 2
120	8	0.0	1	5 3
121	14	0.0	1	12 2
122	7	0.0	1	6 1
123	14	0.0	1	13 1
124	5	0.0	1	5
125	17	0.0	1	15 2
126	11	0.0	1	9 2
127	24	0.0	1	21 3
128	13	0.0	1	10 3
129	14	0.0	1	9 5
130	9	0.0	1	4 5
131	22	0.0	1	19 3
132	10	0.0	1	9 1
133	11	0.0	1	10 1
134	19	0.0	1	13 6
135	19	0.0	1	16 3
136	15	0.0	1	9 6
137	6	0.0	1	5 1
138	10	0.0	1	9 1
139	12	0.0	1	10 2
140	11	0.0	1	7 4
141	28	0.0	1	26 2
142	8	0.0	1	7 1
143	16	0.0	1	15 1
144	7	0.0	1	7
145	10	0.0	1	9 1
146	17	0.0	1	17
147	14	0.0	1	11 3
148	6	0.0	1	5 1
149	9	0.0	1	9
150	11	0.0	1	9 2
151	9	0.0	1	9
152	10	0.0	1	8 2
153	16	0.0	1	15 1
154	14	0.0	1	10 4
155	12	0.0	1	10 2
156	38	0.0	1	31 7
157	19	0.0	1	16 3
158	26	0.0	1	24 2
159	19	0.0	1	17 2
160	26	0.0	1	26
161	32	0.0	1	31 1
162	32	0.0	1	29 3
163	26	0.0	1	21 5
164	20	0.0	1	19 1
165	7	0.0	1	5 2
166	14	0.0	1	12 2
167	15	0.0	1	14 1
168	19	0.0	1	14 5
169	24	0.0	1	19 5
170	18	0.0	1	16 2
171	5	0.0	1	3 2
172	20	0.0	1	17 3
173	9	0.0	1	9
174	18	0.0	1	14 4
175	11	0.0	1	10 1
176	14	0.0	1	12 2
177	6	0.0	1	4 2
178	7	0.0	1	6 1
179	6	0.0	1	3 3
180	11	0.0	1	10 1
181	2	0.0	1	1 1
182	3	0.0	1	2 1
183	12	0.0	1	11 1
184	4	0.0	1	3 1
185	19	0.0	1	18 1
186	4	0.0	1	3 1
187	7	0.0	1	7
188	2	0.0	1	1 1
189	4	0.0	1	2 2
190	8	0.0	1	8
191	6	0.0	1	3 3
192	6	0.0	1	6
193	2	0.0	1	1 1
194	2	0.0	1	0 2
195	5	0.0	1	5
196	4	0.0	1	4
197	2	0.0	1	2
198	1	0.0	1	1
199	1	0.0	1	1
200	4	0.0	1	4
201	3	0.0	1	3
202	1	0.0	1	0 1
203	1	0.0	1	1
204	2	0.0	1	1 1
205	3	0.0	1	2 1
206	3	0.0	1	1 2
207	1	0.0	1	1
208	2	0.0	1	1 1
209	1	0.0	1	1
212	4	0.0	1	2 2
213	2	0.0	1	2
214	2	0.0	1	1 1
215	3	0.0	1	2 1
217	2	0.0	1	2
218	1	0.0	1	0 1
219	2	0.0	1	1 1
222	2	0.0	1	1 1
223	2	0.0	1	2
225	2	0.0	1	2
227	1	0.0	1	0 1
229	1	0.0	1	1
230	1	0.0	1	0 1
232	2	0.0	1	2
233	1	0.0	1	1
234	2	0.0	1	1 1
235	1	0.0	1	1
239	1	0.0	1	1
241	1	0.0	1	0 1
244	2	0.0	1	1 1
245	1	0.0	1	0 1
246	1	0.0	1	0 1
248	1	0.0	1	0 1
249	1	0.0	1	0 1
250	10	0.0	1	0 10
251	116	0.0	1	0 116

RUN STATISTICS FOR INPUT FILE: SC2213/host_removal/SC2213_R1.fastq.gz
=============================================
770078 sequences processed in total

