quality	AA	AC	AG	AT	A.	CA	CC	CG	CT	C.	GA	GC	GG	GT	G.	TA	TC	TG	TT	T.	.A	.C	.G	.T	..
0	NA	NA	NA	NA	NA	NA	NA	NA	NA	NA	NA	NA	NA	NA	NA	NA	NA	NA	NA	NA	NA	NA	NA	NA	NA
1	NA	NA	NA	NA	NA	NA	NA	NA	NA	NA	NA	NA	NA	NA	NA	NA	NA	NA	NA	NA	NA	NA	NA	NA	NA
2	NA	NA	NA	NA	NA	NA	NA	NA	NA	NA	NA	NA	NA	NA	NA	NA	NA	NA	NA	NA	NA	NA	NA	NA	NA
3	NA	NA	NA	NA	NA	NA	NA	NA	NA	NA	NA	NA	NA	NA	NA	NA	NA	NA	NA	NA	NA	NA	NA	NA	NA
4	NA	NA	NA	NA	NA	NA	NA	NA	NA	NA	NA	NA	NA	NA	NA	NA	NA	NA	NA	NA	NA	NA	NA	NA	NA
5	NA	NA	NA	NA	NA	NA	NA	NA	NA	NA	NA	NA	NA	NA	NA	NA	NA	NA	NA	NA	NA	NA	NA	NA	NA
6	NA	NA	NA	NA	NA	NA	NA	NA	NA	NA	NA	NA	NA	NA	NA	NA	NA	NA	NA	NA	NA	NA	NA	NA	NA
7	NA	NA	NA	NA	NA	NA	NA	NA	NA	NA	NA	NA	NA	NA	NA	NA	NA	NA	NA	NA	NA	NA	NA	NA	NA
8	NA	NA	NA	NA	NA	NA	NA	NA	NA	NA	NA	NA	NA	NA	NA	NA	NA	NA	NA	NA	NA	NA	NA	NA	NA
9	NA	NA	NA	NA	NA	NA	NA	NA	NA	NA	NA	NA	NA	NA	NA	NA	NA	NA	NA	NA	NA	NA	NA	NA	NA
10	0.982143	0.00595238	NA	0.0119048	NA	0.0465116	0.930233	0.0232558	NA	NA	NA	NA	0.954802	0.0451977	NA	NA	NA	NA	1	NA	NA	NA	NA	NA	1
11	0.973628	0.0129877	0.00367676	0.00957545	0.000132258	0.0607644	0.919401	0.00500598	0.0146716	0.000157421	0.0198334	0.00576089	0.931026	0.0432414	0.000138817	0.0229277	0.0056623	0.0240416	0.94709	0.000278474	5.79983e-05	2.17494e-05	7.24979e-06	7.24979e-06	0.999906
12	0.971962	0.0159572	0.00493289	0.00702409	0.000123869	0.0499183	0.932918	0.00429339	0.0127672	0.000102713	0.0121515	0.00409261	0.950538	0.0331129	0.000105299	0.0128326	0.00546982	0.0212217	0.960396	7.97059e-05	3.77222e-05	1.88611e-05	2.51481e-05	5.02962e-05	0.999868
13	0.967169	0.0177444	0.00587455	0.00908673	0.000125439	0.0396239	0.945748	0.00457576	0.00991825	0.000134081	0.00812033	0.00349886	0.966676	0.0216281	7.64181e-05	0.0129488	0.00770322	0.022744	0.956447	0.000157324	5.87844e-05	2.95818e-05	3.83047e-05	4.20972e-05	0.999831
14	0.964335	0.0191735	0.00634083	0.00999728	0.00015315	0.0348446	0.950276	0.0040567	0.0106938	0.000128377	0.0132154	0.00575171	0.951181	0.0297167	0.000135233	0.014335	0.0117675	0.0214059	0.952312	0.000179256	5.6325e-05	3.41973e-05	4.6267e-05	4.82786e-05	0.999815
15	0.967114	0.0154906	0.00600264	0.0112899	0.000103296	0.0312133	0.951543	0.00469174	0.0124305	0.000121247	0.0131853	0.00579827	0.952187	0.0287207	0.000108234	0.0148686	0.00944368	0.0206427	0.954836	0.00020865	7.23665e-05	3.05296e-05	4.18369e-05	5.20134e-05	0.999803
16	0.966016	0.0150249	0.00737737	0.0114848	9.73357e-05	0.0261089	0.957153	0.00437768	0.0122649	9.51383e-05	0.0115672	0.0054759	0.95717	0.0257366	4.98644e-05	0.0187808	0.012391	0.0269569	0.941743	0.000127877	6.48246e-05	4.13257e-05	3.61937e-05	5.51009e-05	0.999803
17	NA	NA	NA	NA	NA	NA	NA	NA	NA	NA	NA	NA	NA	NA	NA	NA	NA	NA	NA	NA	NA	NA	NA	NA	NA
18	1	NA	NA	NA	NA	NA	1	NA	NA	NA	NA	NA	1	NA	NA	NA	NA	NA	1	NA	NA	NA	NA	NA	1
19	0.993548	0.00645161	NA	NA	NA	NA	1	NA	NA	NA	NA	NA	1	NA	NA	NA	NA	NA	1	NA	NA	NA	NA	NA	1
20	0.998221	0.00118577	0.000296443	0.000296443	NA	0.00972763	0.987771	0.000555864	0.00194553	NA	0.00105263	0.000460526	0.994474	0.00401316	NA	0.00232486	0.000464972	0.00247985	0.99473	NA	NA	0.000128419	0.000128419	5.13677e-05	0.999692
21	0.996711	0.00217528	0.000668176	0.000423178	2.22725e-05	0.00466437	0.993974	0.000411562	0.000928652	2.11057e-05	0.00107052	0.000302978	0.996162	0.00246422	NA	0.000696829	0.000479418	0.00225215	0.996555	1.67239e-05	4.13829e-05	1.18237e-05	3.15298e-05	2.5618e-05	0.99989
22	0.996691	0.00218559	0.000649491	0.000432994	4.12375e-05	0.00544677	0.992899	0.00031745	0.00130321	3.34158e-05	0.000982318	0.000253021	0.995624	0.00311067	2.97672e-05	0.00100142	0.000853845	0.00291994	0.995183	4.21652e-05	2.82296e-05	9.40988e-06	2.5093e-05	2.5093e-05	0.999912
23	0.997368	0.00130419	0.000888956	0.000426933	1.16968e-05	0.00298675	0.995498	0.000311661	0.00117739	2.59718e-05	0.000722422	0.000255491	0.99682	0.0021937	8.81003e-06	0.000462183	0.000507577	0.00150622	0.997503	2.06332e-05	3.7385e-05	1.86925e-05	2.80388e-05	4.20582e-05	0.999874
24	0.99802	0.000932546	0.000687139	0.000310849	4.90814e-05	0.00359839	0.994237	0.000321807	0.00178456	5.85103e-05	0.000725826	0.000322589	0.996559	0.00236565	2.68824e-05	0.000408831	0.000284943	0.00138755	0.997906	1.23888e-05	3.28473e-05	3.28473e-05	5.16173e-05	4.22323e-05	0.99984
25	0.997695	0.00092707	0.00108158	0.000296148	NA	0.0028482	0.995987	0.000215773	0.000949401	NA	0.000920124	0.000328616	0.996714	0.00194979	8.76309e-05	0.000297879	0.00102717	0.00120179	0.997432	4.10867e-05	4.12081e-05	1.12386e-05	4.49543e-05	4.49543e-05	0.999858
26	0.996592	0.000894569	0.00234292	0.000170394	NA	0.0024945	0.996698	0.00029347	0.000513573	NA	0.000552268	NA	0.997239	0.00205128	0.000157791	0.00046117	0.00166021	0.000953084	0.996895	3.07446e-05	8.51002e-05	NA	2.43143e-05	3.64715e-05	0.999854
27	0.996046	0.00171453	0.00154016	0.00064679	5.22348e-05	0.00269597	0.995482	0.000478807	0.0013164	2.65302e-05	0.0014349	0.000566643	0.994807	0.00316366	2.77222e-05	0.00118063	0.00151583	0.00365897	0.993533	0.00011195	4.38633e-05	2.73867e-05	2.60508e-05	3.82969e-05	0.999864
28	0.99852	0.000351565	0.000777145	0.000314559	3.70069e-05	0.000651866	0.998585	0.000111748	0.000651866	NA	0.00124164	0.000263378	0.996962	0.00149561	3.76255e-05	0.000374967	0.000862425	0.00033747	0.998425	NA	5.81806e-05	2.07788e-05	NA	7.06479e-05	0.99985
29	0.999189	0.000540833	9.01388e-05	NA	0.000180278	0.000442543	0.999262	NA	0.000295029	NA	0.000624837	NA	0.999219	0.000156209	NA	NA	NA	NA	1	NA	NA	NA	NA	NA	1
30	0.997783	0.000731799	0.00112568	0.000312091	4.73517e-05	0.000476263	0.998342	0.00023191	0.000948001	2.26253e-06	0.000816243	0.000185655	0.998209	0.000773564	1.60048e-05	0.000373629	0.00134091	0.000627905	0.997631	2.69843e-05	3.16949e-05	1.72881e-05	1.9209e-05	2.37711e-05	0.999908
31	0.998348	0.000415469	0.00103356	0.000173283	3.00175e-05	0.000473093	0.998661	0.000187941	0.000675075	3.24036e-06	0.000602215	0.000102917	0.998719	0.000571646	4.07591e-06	0.000220069	0.000988065	0.000619786	0.99814	3.2187e-05	3.14038e-05	1.3861e-05	1.97086e-05	2.62059e-05	0.999909
32	0.999145	0.000254092	0.000486712	8.94691e-05	2.50514e-05	0.00024973	0.999469	3.71939e-05	0.00023379	1.06268e-05	0.000216454	2.63968e-05	0.999572	0.000184778	NA	8.60744e-05	0.000404869	0.000178525	0.999331	NA	1.40722e-05	4.32991e-06	1.62372e-05	1.84021e-05	0.999947
33	0.999276	0.0002088	0.000411879	6.2926e-05	4.00438e-05	0.000463609	0.999385	3.3717e-05	0.00011801	NA	0.000182106	4.45148e-05	0.999579	0.000194246	NA	7.59934e-05	0.000384573	0.000257917	0.999279	2.30283e-06	2.20835e-05	7.64429e-06	1.18911e-05	1.52886e-05	0.999943
34	0.997772	0.000786858	0.00126147	0.00013743	4.26393e-05	0.000209238	0.998933	0.000184933	0.000670514	2.11352e-06	0.000553552	0.000112892	0.998948	0.000363817	2.13452e-05	0.000164645	0.00107164	0.000561094	0.998139	6.35474e-05	3.08309e-05	1.59259e-05	1.69468e-05	2.60327e-05	0.99991
35	0.997882	0.000993091	0.00102402	5.90994e-05	4.19771e-05	0.000246078	0.999445	6.77079e-05	0.000238798	2.91217e-06	0.000319441	4.951e-05	0.999451	0.000169555	1.08515e-05	6.4248e-05	0.00065302	0.00057271	0.998654	5.6217e-05	1.90605e-05	8.70869e-06	1.10091e-05	2.11966e-05	0.99994
36	0.998399	0.000357859	0.00110227	0.000104416	3.64128e-05	9.41263e-05	0.999198	0.00015662	0.000548555	2.70034e-06	0.000427398	6.86438e-05	0.999314	0.000177029	1.33675e-05	0.000111071	0.00108176	0.000267795	0.998491	4.78801e-05	2.84819e-05	1.71808e-05	1.86316e-05	3.04672e-05	0.999905
37	0.998029	0.00024397	0.00160619	8.27866e-05	3.79439e-05	0.000104042	0.999172	0.000180704	0.000538278	5.47587e-06	0.000360958	4.70574e-05	0.99947	0.000115152	7.19701e-06	9.47365e-05	0.000889868	0.000298211	0.998671	4.61766e-05	2.83038e-05	1.82796e-05	1.86727e-05	2.63383e-05	0.999908
38	0.997892	0.000346007	0.0016537	7.38316e-05	3.4413e-05	5.3599e-05	0.999313	0.000140697	0.000491101	2.00996e-06	0.000362378	4.62611e-05	0.999496	7.94484e-05	1.57556e-05	7.69364e-05	0.000891508	0.000231431	0.998752	4.85259e-05	2.78539e-05	1.67508e-05	2.0024e-05	3.02285e-05	0.999905
39	0.998061	0.000496151	0.00134192	6.44271e-05	3.61772e-05	3.76925e-05	0.99929	0.000161114	0.00050685	4.07486e-06	0.000347379	4.30719e-05	0.99954	5.65465e-05	1.32409e-05	6.87931e-05	0.000856594	0.000173315	0.998853	4.86475e-05	2.75766e-05	1.91577e-05	1.84282e-05	3.02905e-05	0.999905
40	0.99846	0.0005046	0.000938817	5.44305e-05	4.1763e-05	2.1431e-05	0.999314	0.000142436	0.000517866	4.71601e-06	0.000319052	3.63571e-05	0.999593	3.19727e-05	1.94939e-05	5.7884e-05	0.000614638	0.000171774	0.999119	3.66987e-05	3.13772e-05	2.10579e-05	1.52331e-05	3.33547e-05	0.999899
