
SUMMARISING RUN PARAMETERS
==========================
Input filename: SC2223/host_removal/SC2223_R2.fastq.gz
Trimming mode: paired-end
Trim Galore version: 0.6.4_dev
Cutadapt version: 4.1
Python version: could not detect
Number of cores used for trimming: 2
Quality Phred score cutoff: 20
Quality encoding type selected: ASCII+33
Using Illumina adapter for trimming (count: 26292). Second best hit was Nextera (count: 0)
Adapter sequence: 'AGATCGGAAGAGC' (Illumina TruSeq, Sanger iPCR; auto-detected)
Maximum trimming error rate: 0.1 (default)
Minimum required adapter overlap (stringency): 1 bp
Minimum required sequence length for both reads before a sequence pair gets removed: 20 bp
Running FastQC on the data once trimming has completed
Output file will be GZIP compressed


This is cutadapt 4.1 with Python 3.9.13
Command line parameters: -j 2 -e 0.1 -q 20 -O 1 -a AGATCGGAAGAGC SC2223/host_removal/SC2223_R2.fastq.gz
Processing single-end reads on 2 cores ...
Finished in 33.75 s (39 µs/read; 1.54 M reads/minute).

=== Summary ===

Total reads processed:                 864,147
Reads with adapters:                   300,957 (34.8%)
Reads written (passing filters):       864,147 (100.0%)

Total basepairs processed:   216,900,897 bp
Quality-trimmed:               5,026,890 bp (2.3%)
Total written (filtered):    209,726,969 bp (96.7%)

=== Adapter 1 ===

Sequence: AGATCGGAAGAGC; Type: regular 3'; Length: 13; Trimmed: 300957 times

Minimum overlap: 1
No. of allowed errors:
1-9 bp: 0; 10-13 bp: 1

Bases preceding removed adapters:
  A: 37.9%
  C: 16.0%
  G: 9.7%
  T: 36.0%
  none/other: 0.5%

Overview of removed sequences
length	count	expect	max.err	error counts
1	200726	216036.8	0	200726
2	58309	54009.2	0	58309
3	5030	13502.3	0	5030
4	1274	3375.6	0	1274
5	179	843.9	0	179
6	218	211.0	0	218
7	8467	52.7	0	8467
8	225	13.2	0	225
9	449	3.3	0	447 2
10	277	0.8	1	240 37
11	91	0.2	1	73 18
12	194	0.1	1	173 21
13	44	0.0	1	35 9
14	204	0.0	1	174 30
15	49	0.0	1	43 6
16	60	0.0	1	46 14
17	192	0.0	1	170 22
18	44	0.0	1	38 6
19	91	0.0	1	80 11
20	60	0.0	1	52 8
21	33	0.0	1	30 3
22	490	0.0	1	455 35
23	184	0.0	1	164 20
24	1320	0.0	1	1250 70
25	124	0.0	1	106 18
26	324	0.0	1	293 31
27	298	0.0	1	274 24
28	435	0.0	1	400 35
29	154	0.0	1	131 23
30	579	0.0	1	528 51
31	91	0.0	1	82 9
32	459	0.0	1	432 27
33	172	0.0	1	149 23
34	488	0.0	1	461 27
35	225	0.0	1	217 8
36	175	0.0	1	168 7
37	1013	0.0	1	979 34
38	146	0.0	1	142 4
39	130	0.0	1	124 6
40	525	0.0	1	510 15
41	99	0.0	1	90 9
42	136	0.0	1	131 5
43	176	0.0	1	167 9
44	128	0.0	1	119 9
45	275	0.0	1	260 15
46	232	0.0	1	208 24
47	301	0.0	1	281 20
48	186	0.0	1	171 15
49	177	0.0	1	166 11
50	152	0.0	1	139 13
51	124	0.0	1	117 7
52	108	0.0	1	99 9
53	147	0.0	1	144 3
54	247	0.0	1	241 6
55	107	0.0	1	104 3
56	251	0.0	1	243 8
57	462	0.0	1	449 13
58	312	0.0	1	309 3
59	97	0.0	1	88 9
60	237	0.0	1	226 11
61	127	0.0	1	125 2
62	94	0.0	1	91 3
63	223	0.0	1	219 4
64	119	0.0	1	117 2
65	64	0.0	1	64
66	42	0.0	1	40 2
67	53	0.0	1	53
68	52	0.0	1	48 4
69	55	0.0	1	52 3
70	55	0.0	1	53 2
71	50	0.0	1	46 4
72	73	0.0	1	67 6
73	127	0.0	1	120 7
74	130	0.0	1	121 9
75	250	0.0	1	237 13
76	301	0.0	1	270 31
77	473	0.0	1	405 68
78	849	0.0	1	732 117
79	1212	0.0	1	1016 196
80	2248	0.0	1	2052 196
81	1201	0.0	1	1077 124
82	664	0.0	1	587 77
83	443	0.0	1	384 59
84	280	0.0	1	248 32
85	218	0.0	1	186 32
86	133	0.0	1	111 22
87	107	0.0	1	82 25
88	96	0.0	1	80 16
89	87	0.0	1	74 13
90	98	0.0	1	71 27
91	63	0.0	1	47 16
92	59	0.0	1	46 13
93	76	0.0	1	67 9
94	478	0.0	1	460 18
95	63	0.0	1	57 6
96	67	0.0	1	50 17
97	51	0.0	1	42 9
98	49	0.0	1	38 11
99	25	0.0	1	18 7
100	21	0.0	1	19 2
101	23	0.0	1	21 2
102	109	0.0	1	92 17
103	27	0.0	1	21 6
104	22	0.0	1	15 7
105	56	0.0	1	54 2
106	19	0.0	1	15 4
107	21	0.0	1	14 7
108	38	0.0	1	31 7
109	20	0.0	1	8 12
110	17	0.0	1	10 7
111	27	0.0	1	25 2
112	18	0.0	1	11 7
113	31	0.0	1	25 6
114	18	0.0	1	11 7
115	9	0.0	1	7 2
116	17	0.0	1	13 4
117	30	0.0	1	25 5
118	15	0.0	1	9 6
119	8	0.0	1	5 3
120	17	0.0	1	10 7
121	15	0.0	1	8 7
122	19	0.0	1	12 7
123	11	0.0	1	6 5
124	19	0.0	1	10 9
125	13	0.0	1	8 5
126	14	0.0	1	10 4
127	25	0.0	1	18 7
128	15	0.0	1	9 6
129	19	0.0	1	10 9
130	9	0.0	1	2 7
131	4	0.0	1	3 1
132	4	0.0	1	2 2
133	31	0.0	1	23 8
134	14	0.0	1	9 5
135	9	0.0	1	3 6
136	13	0.0	1	10 3
137	11	0.0	1	5 6
138	6	0.0	1	3 3
139	10	0.0	1	4 6
140	7	0.0	1	2 5
141	15	0.0	1	10 5
142	6	0.0	1	5 1
143	8	0.0	1	7 1
144	10	0.0	1	3 7
145	6	0.0	1	5 1
146	10	0.0	1	9 1
147	27	0.0	1	16 11
148	13	0.0	1	11 2
149	18	0.0	1	14 4
150	6	0.0	1	3 3
151	13	0.0	1	8 5
152	9	0.0	1	7 2
153	40	0.0	1	36 4
154	56	0.0	1	53 3
155	18	0.0	1	12 6
156	86	0.0	1	80 6
157	39	0.0	1	34 5
158	26	0.0	1	20 6
159	29	0.0	1	24 5
160	37	0.0	1	33 4
161	35	0.0	1	32 3
162	16	0.0	1	13 3
163	12	0.0	1	9 3
164	13	0.0	1	12 1
165	30	0.0	1	29 1
166	35	0.0	1	32 3
167	31	0.0	1	29 2
168	43	0.0	1	39 4
169	8	0.0	1	8
170	5	0.0	1	5
171	6	0.0	1	3 3
172	44	0.0	1	42 2
173	8	0.0	1	8
174	20	0.0	1	16 4
175	49	0.0	1	48 1
176	15	0.0	1	13 2
177	11	0.0	1	8 3
178	20	0.0	1	19 1
179	5	0.0	1	5
180	11	0.0	1	9 2
181	38	0.0	1	35 3
182	2	0.0	1	2
183	13	0.0	1	12 1
184	6	0.0	1	6
185	26	0.0	1	25 1
186	9	0.0	1	7 2
187	8	0.0	1	8
188	13	0.0	1	13
189	19	0.0	1	19
190	31	0.0	1	30 1
191	21	0.0	1	19 2
192	17	0.0	1	16 1
193	17	0.0	1	17
194	3	0.0	1	2 1
195	8	0.0	1	8
196	3	0.0	1	3
197	15	0.0	1	14 1
198	6	0.0	1	6
199	8	0.0	1	7 1
200	15	0.0	1	14 1
201	13	0.0	1	12 1
202	12	0.0	1	12
203	23	0.0	1	23
204	12	0.0	1	9 3
205	12	0.0	1	11 1
206	19	0.0	1	17 2
207	23	0.0	1	23
208	28	0.0	1	28
209	35	0.0	1	35
210	34	0.0	1	33 1
211	21	0.0	1	20 1
212	19	0.0	1	17 2
213	16	0.0	1	15 1
214	23	0.0	1	22 1
215	13	0.0	1	13
216	3	0.0	1	3
217	5	0.0	1	5
218	4	0.0	1	4
221	2	0.0	1	2
222	2	0.0	1	2
223	1	0.0	1	1
229	1	0.0	1	0 1
230	1	0.0	1	1
231	1	0.0	1	1
232	1	0.0	1	1
233	2	0.0	1	2
235	2	0.0	1	2
240	2	0.0	1	2
241	1	0.0	1	1
243	1	0.0	1	0 1
244	1	0.0	1	0 1
246	1	0.0	1	0 1
249	3	0.0	1	0 3
250	10	0.0	1	1 9
251	255	0.0	1	1 254

RUN STATISTICS FOR INPUT FILE: SC2223/host_removal/SC2223_R2.fastq.gz
=============================================
864147 sequences processed in total

Total number of sequences analysed for the sequence pair length validation: 864147

Number of sequence pairs removed because at least one read was shorter than the length cutoff (20 bp): 3644 (0.42%)
