quality	AA	AC	AG	AT	A.	CA	CC	CG	CT	C.	GA	GC	GG	GT	G.	TA	TC	TG	TT	T.	.A	.C	.G	.T	..
0	NA	NA	NA	NA	NA	NA	NA	NA	NA	NA	NA	NA	NA	NA	NA	NA	NA	NA	NA	NA	NA	NA	NA	NA	NA
1	NA	NA	NA	NA	NA	NA	NA	NA	NA	NA	NA	NA	NA	NA	NA	NA	NA	NA	NA	NA	NA	NA	NA	NA	NA
2	NA	NA	NA	NA	NA	NA	NA	NA	NA	NA	NA	NA	NA	NA	NA	NA	NA	NA	NA	NA	NA	NA	NA	NA	NA
3	NA	NA	NA	NA	NA	NA	NA	NA	NA	NA	NA	NA	NA	NA	NA	NA	NA	NA	NA	NA	NA	NA	NA	NA	NA
4	NA	NA	NA	NA	NA	NA	NA	NA	NA	NA	NA	NA	NA	NA	NA	NA	NA	NA	NA	NA	NA	NA	NA	NA	NA
5	NA	NA	NA	NA	NA	NA	NA	NA	NA	NA	NA	NA	NA	NA	NA	NA	NA	NA	NA	NA	NA	NA	NA	NA	NA
6	NA	NA	NA	NA	NA	NA	NA	NA	NA	NA	NA	NA	NA	NA	NA	NA	NA	NA	NA	NA	NA	NA	NA	NA	NA
7	NA	NA	NA	NA	NA	NA	NA	NA	NA	NA	NA	NA	NA	NA	NA	NA	NA	NA	NA	NA	NA	NA	NA	NA	NA
8	NA	NA	NA	NA	NA	NA	NA	NA	NA	NA	NA	NA	NA	NA	NA	NA	NA	NA	NA	NA	NA	NA	NA	NA	NA
9	NA	NA	NA	NA	NA	NA	NA	NA	NA	NA	NA	NA	NA	NA	NA	NA	NA	NA	NA	NA	NA	NA	NA	NA	NA
10	NA	NA	NA	NA	NA	NA	NA	NA	NA	NA	NA	NA	NA	NA	NA	NA	NA	NA	NA	NA	NA	NA	NA	NA	NA
11	0.972832	0.00888192	0.00417973	0.0141066	NA	0.0660714	0.890476	0.00595238	0.0369048	0.000595238	0.00780619	0.00188425	0.966891	0.0231494	0.000269179	0.00908059	0.00340522	0.00794552	0.979569	NA	NA	0.000123168	NA	0.000123168	0.999754
12	0.965692	0.0149888	0.00408027	0.0152386	NA	0.0469086	0.919074	0.00644545	0.0274529	0.00011936	0.0141361	0.00602094	0.949738	0.0298429	0.00026178	0.0137216	0.00576097	0.0200063	0.960511	NA	4.83933e-05	2.41967e-05	2.41967e-05	NA	0.999903
13	0.964502	0.017638	0.00719173	0.0105574	0.000111131	0.0327621	0.951296	0.00478492	0.0110346	0.000122064	0.0132331	0.00604506	0.95578	0.0248152	0.000126997	0.0171474	0.0105298	0.0215851	0.950504	0.000233563	5.16041e-05	2.58021e-05	2.58021e-05	6.19249e-05	0.999835
14	0.96699	0.0152207	0.00654249	0.0110844	0.00016221	0.0313203	0.950139	0.00457788	0.0139244	3.8149e-05	0.0147139	0.00715616	0.948666	0.0292818	0.000182555	0.0205512	0.0133256	0.0226934	0.943321	0.000108929	5.10352e-05	4.25293e-05	5.10352e-05	3.40234e-05	0.999821
15	0.970129	0.0110533	0.00680552	0.0119667	4.56746e-05	0.0104082	0.971691	0.0038069	0.0140126	8.09979e-05	0.0113784	0.00696548	0.955784	0.0255689	0.000302847	0.0243362	0.0138589	0.0229503	0.938688	0.000166306	4.7719e-05	4.7719e-05	1.19298e-05	2.38595e-05	0.999869
16	0.962775	0.0129349	0.00965731	0.0145738	5.85292e-05	0.0164612	0.964801	0.00480556	0.0135315	0.000400464	0.0145291	0.00809619	0.950661	0.0265731	0.000140281	0.0142527	0.011897	0.0172307	0.956531	8.88942e-05	6.87279e-05	6.44324e-05	0.000141751	0.000103092	0.999622
17	NA	NA	NA	NA	NA	NA	NA	NA	NA	NA	NA	NA	NA	NA	NA	NA	NA	NA	NA	NA	NA	NA	NA	NA	NA
18	NA	NA	NA	NA	NA	NA	NA	NA	NA	NA	NA	NA	NA	NA	NA	NA	NA	NA	NA	NA	NA	NA	NA	NA	NA
19	NA	NA	NA	NA	NA	NA	NA	NA	NA	NA	NA	NA	NA	NA	NA	NA	NA	NA	NA	NA	NA	NA	NA	NA	NA
20	0.998232	NA	NA	0.00176835	NA	0.00608828	0.99239	NA	0.00152207	NA	0.000998004	NA	0.997006	0.00199601	NA	NA	NA	0.000865801	0.999134	NA	NA	NA	NA	NA	1
21	0.997597	0.00146843	0.000667468	0.000266987	NA	0.0020008	0.995798	0.00080032	0.00140056	NA	0.00276482	NA	0.994816	0.00241922	NA	0.000862069	0.000431034	0.003125	0.995474	0.000107759	NA	3.69658e-05	3.69658e-05	NA	0.999926
22	0.996387	0.00221419	0.000815756	0.000582683	NA	0.00492946	0.994221	NA	0.000849907	NA	0.00208478	0.000347464	0.995483	0.00208478	NA	0.00162887	0.000751785	0.00238065	0.995113	0.000125298	3.55707e-05	3.55707e-05	NA	NA	0.999929
23	0.996507	0.00168176	0.000646831	0.00103493	0.000129366	0.00393408	0.994896	NA	0.00106326	0.000106326	0.00173063	0.000407208	0.995724	0.00213784	NA	0.000820704	0.000382995	0.00147727	0.99721	0.000109427	1.9156e-05	NA	NA	1.9156e-05	0.999962
24	0.998841	0.000579262	0.000193087	0.000386175	NA	0.00394997	0.994075	0.000987492	0.000658328	0.000329164	0.00157085	0.00125668	0.994031	0.00314169	NA	0.000464396	0.000464396	0.00123839	0.997833	NA	NA	NA	NA	5.61892e-05	0.999944
25	0.997217	0.0016943	0.000363064	0.000484086	0.000242043	0.00319886	0.995735	NA	0.00106629	NA	0.00201939	0.00100969	0.992326	0.00464459	NA	0.000819224	0.000455125	0.00100127	0.997451	0.000273075	3.3695e-05	3.3695e-05	6.739e-05	6.739e-05	0.999798
26	0.998389	0.00117199	0.000146499	0.000292997	NA	0.00311607	0.995066	0.000259673	0.00129836	0.000259673	0.00159286	0.000637146	0.99331	0.00446002	NA	0.000478469	0.000239234	0.00107656	0.998206	NA	4.53474e-05	NA	NA	9.06947e-05	0.999864
27	0.996249	0.00132462	0.00102489	0.00134396	5.80125e-05	0.00192104	0.996186	0.000389777	0.00136422	0.000139206	0.00200028	0.00101901	0.993634	0.00332121	2.51607e-05	0.000942315	0.000708621	0.00332449	0.994851	0.000173386	4.33367e-05	2.70854e-05	7.58392e-05	4.06282e-05	0.999813
28	0.99834	0.000166003	0.000830013	0.000664011	NA	0.000813537	0.996746	0.000162707	0.0022779	NA	0.00211841	0.00122645	0.995317	0.00122645	0.000111495	0.000880669	0.00110084	0.000660502	0.997358	NA	3.90213e-05	NA	NA	NA	0.999961
29	1	NA	NA	NA	NA	NA	1	NA	NA	NA	0.000638978	NA	0.999361	NA	NA	NA	NA	NA	1	NA	NA	NA	NA	NA	1
30	0.99802	0.0006835	0.000582985	0.000693551	2.01029e-05	0.000507457	0.998139	0.00028192	0.00095853	0.000112768	0.00172303	0.000328822	0.996949	0.000973313	2.63058e-05	0.000672872	0.000770999	0.000756981	0.997757	4.20545e-05	4.74328e-05	1.89731e-05	5.0595e-05	5.0595e-05	0.999832
31	0.998932	0.000391236	0.000391236	0.000277126	8.15076e-06	0.000200254	0.998775	9.42374e-05	0.000824577	0.000106017	0.00105056	0.000216964	0.998059	0.000662312	1.14192e-05	0.000247092	0.000558245	0.000604003	0.998508	8.2364e-05	3.77166e-05	1.00578e-05	5.78321e-05	2.263e-05	0.999872
32	0.999842	7.89702e-05	3.94851e-05	NA	3.94851e-05	0.000287753	0.999309	5.75506e-05	0.000345304	NA	0.0016443	5.3042e-05	0.997666	0.000583462	5.3042e-05	0.000111396	0.000111396	0.000668375	0.999072	3.71319e-05	NA	NA	NA	5.78309e-05	0.999942
33	0.999819	0.000103699	2.59249e-05	5.18497e-05	NA	4.25786e-05	0.999659	0.000127736	8.51571e-05	8.51571e-05	0.000732172	NA	0.998865	0.000402694	NA	8.42602e-05	0.000147455	0.000716212	0.999031	2.1065e-05	1.53973e-05	7.69864e-06	NA	NA	0.999977
34	0.998834	0.00033367	0.000519042	0.00026776	4.53132e-05	0.000559248	0.99859	0.000101141	0.000571146	0.000178483	0.00087452	0.000141227	0.998544	0.000418249	2.17272e-05	0.000187702	0.000301197	0.000480169	0.998869	0.000161511	5.7222e-05	1.94798e-05	6.08744e-05	3.16547e-05	0.999831
35	0.999581	0.000139745	0.000158378	7.91891e-05	4.19236e-05	0.000348537	0.99931	2.68105e-05	0.000274808	4.02158e-05	0.00033791	9.09758e-05	0.999318	0.000246934	6.49827e-06	8.54066e-05	9.39472e-05	0.000542332	0.999201	7.68659e-05	1.65361e-05	1.50328e-05	4.50985e-05	9.01971e-06	0.999914
36	0.999119	0.000261779	0.000411367	0.000184314	2.40409e-05	0.000219258	0.998928	8.37167e-05	0.000550138	0.000219258	0.00070574	0.000133019	0.998888	0.000258648	1.47799e-05	0.000130105	0.000266123	0.000331176	0.999172	0.000100535	3.89994e-05	9.74985e-06	6.09366e-05	2.19372e-05	0.999868
37	0.99914	0.000257121	0.000425106	0.000171414	6.85655e-06	9.16758e-05	0.999238	9.74056e-05	0.000343784	0.00022919	0.00068781	6.3579e-05	0.998977	0.000254316	1.73397e-05	0.00013333	0.000188614	0.000321944	0.999216	0.000139834	4.6596e-05	2.9652e-05	7.20119e-05	3.3888e-05	0.999818
38	0.9992	0.00028296	0.000352674	0.000145581	1.84539e-05	0.000147476	0.999162	5.64803e-05	0.000439291	0.000194543	0.00066041	7.87645e-05	0.998979	0.000242352	3.93822e-05	6.62284e-05	0.000246851	0.000270934	0.999286	0.00013045	3.49479e-05	1.5328e-05	5.5794e-05	3.98528e-05	0.999854
39	0.999149	0.000277397	0.000424595	0.00012232	2.65372e-05	0.000210698	0.999057	6.51707e-05	0.000453032	0.000213861	0.000489503	4.82781e-05	0.999259	0.000184557	1.89446e-05	8.511e-05	0.000191975	0.000261055	0.999311	0.000150374	3.91197e-05	1.85879e-05	7.84824e-05	3.62039e-05	0.999828
40	0.999148	0.000289594	0.000416291	0.000116711	2.93338e-05	9.42982e-05	0.999094	6.37227e-05	0.000460632	0.000287467	0.000412238	3.57106e-05	0.999389	0.000135638	2.75661e-05	9.87049e-05	0.000186718	0.000289623	0.999259	0.000166099	4.76557e-05	2.44266e-05	0.000115727	2.6522e-05	0.999786
