quality	AA	AC	AG	AT	A.	CA	CC	CG	CT	C.	GA	GC	GG	GT	G.	TA	TC	TG	TT	T.	.A	.C	.G	.T	..
0	NA	NA	NA	NA	NA	NA	NA	NA	NA	NA	NA	NA	NA	NA	NA	NA	NA	NA	NA	NA	NA	NA	NA	NA	NA
1	NA	NA	NA	NA	NA	NA	NA	NA	NA	NA	NA	NA	NA	NA	NA	NA	NA	NA	NA	NA	NA	NA	NA	NA	NA
2	NA	NA	NA	NA	NA	NA	NA	NA	NA	NA	NA	NA	NA	NA	NA	NA	NA	NA	NA	NA	NA	NA	NA	NA	NA
3	NA	NA	NA	NA	NA	NA	NA	NA	NA	NA	NA	NA	NA	NA	NA	NA	NA	NA	NA	NA	NA	NA	NA	NA	NA
4	NA	NA	NA	NA	NA	NA	NA	NA	NA	NA	NA	NA	NA	NA	NA	NA	NA	NA	NA	NA	NA	NA	NA	NA	NA
5	NA	NA	NA	NA	NA	NA	NA	NA	NA	NA	NA	NA	NA	NA	NA	NA	NA	NA	NA	NA	NA	NA	NA	NA	NA
6	NA	NA	NA	NA	NA	NA	NA	NA	NA	NA	NA	NA	NA	NA	NA	NA	NA	NA	NA	NA	NA	NA	NA	NA	NA
7	NA	NA	NA	NA	NA	NA	NA	NA	NA	NA	NA	NA	NA	NA	NA	NA	NA	NA	NA	NA	NA	NA	NA	NA	NA
8	NA	NA	NA	NA	NA	NA	NA	NA	NA	NA	NA	NA	NA	NA	NA	NA	NA	NA	NA	NA	NA	NA	NA	NA	NA
9	NA	NA	NA	NA	NA	NA	NA	NA	NA	NA	NA	NA	NA	NA	NA	NA	NA	NA	NA	NA	NA	NA	NA	NA	NA
10	1	NA	NA	NA	NA	NA	1	NA	NA	NA	NA	NA	0.966667	0.0333333	NA	NA	NA	NA	1	NA	NA	NA	NA	NA	1
11	0.971604	0.0140061	0.00230238	0.0118956	0.000191865	0.0720437	0.883008	0.00609116	0.0388574	NA	0.0142584	0.00267346	0.949077	0.0339911	NA	0.0157258	0.000806452	0.00524194	0.978226	NA	4.93486e-05	NA	NA	NA	0.999951
12	0.975977	0.0129197	0.00434022	0.00676267	NA	0.0527614	0.926493	0.00493412	0.0156434	0.000168209	0.0113536	0.00413624	0.952518	0.0316971	0.000295446	0.0105657	0.00517141	0.0190807	0.965138	4.45812e-05	4.2783e-05	5.34788e-05	4.2783e-05	2.13915e-05	0.99984
13	0.972071	0.0155221	0.00470873	0.00759438	0.000104175	0.0387751	0.946688	0.00413624	0.0103151	8.51078e-05	0.0115584	0.00322722	0.96101	0.0241165	8.76962e-05	0.013872	0.00659955	0.0230855	0.956288	0.000155284	3.12626e-05	3.82098e-05	2.08417e-05	3.47362e-05	0.999875
14	0.96726	0.0167192	0.00611402	0.00969939	0.000207575	0.0409978	0.898741	0.0133262	0.0468073	0.000127402	0.0120971	0.00993857	0.942171	0.035627	0.000166038	0.0170404	0.0119958	0.0234848	0.947238	0.000241365	7.40834e-05	2.84936e-05	3.41923e-05	5.69872e-05	0.999806
15	0.962657	0.0154513	0.00817464	0.0135005	0.000216752	0.0369059	0.859701	0.03263	0.0703421	0.00042058	0.0119702	0.0124893	0.936271	0.0367656	0.00250397	0.0230455	0.0135668	0.0260483	0.937122	0.000217069	0.000340192	6.10602e-05	0.00121248	8.72288e-05	0.998299
16	0.956892	0.0166267	0.00770389	0.0185069	0.000270871	0.0288995	0.919658	0.0179449	0.0329576	0.00053952	0.0109766	0.0093094	0.944009	0.0345075	0.00119724	0.0213473	0.0203409	0.0261011	0.931973	0.000237283	9.72391e-05	5.21771e-05	0.000158903	7.82656e-05	0.999613
17	NA	NA	NA	NA	NA	NA	NA	NA	NA	NA	NA	NA	NA	NA	NA	NA	NA	NA	NA	NA	NA	NA	NA	NA	NA
18	1	NA	NA	NA	NA	NA	1	NA	NA	NA	NA	NA	1	NA	NA	NA	NA	NA	1	NA	NA	NA	NA	NA	1
19	1	NA	NA	NA	NA	NA	1	NA	NA	NA	NA	NA	1	NA	NA	NA	NA	NA	1	NA	NA	NA	NA	NA	1
20	0.995529	0.00223547	NA	0.00223547	NA	0.00922874	0.987475	0.00131839	0.00197759	NA	0.00106695	NA	0.995465	0.00346759	NA	0.000815661	NA	0.00122349	0.997961	NA	NA	NA	NA	0.000192845	0.999807
21	0.996357	0.00200992	0.000690911	0.000942152	NA	0.00449522	0.993913	0.000374602	0.00112381	9.36505e-05	0.00231267	0.000277521	0.994912	0.00249769	NA	0.000988468	0.000658979	0.00236134	0.995936	5.49149e-05	NA	7.303e-05	1.82575e-05	1.82575e-05	0.99989
22	0.99607	0.00222108	0.00145225	0.000256279	NA	0.00613113	0.991867	0.00025025	0.00175175	NA	0.00170309	0.000425773	0.995175	0.00255464	0.000141924	0.000766063	0.000574548	0.00220243	0.996457	NA	5.38633e-05	NA	NA	2.69317e-05	0.999919
23	0.997825	0.0011278	0.000563902	0.000483345	NA	0.00377953	0.995213	0.000377953	0.000629921	NA	0.00155079	0.000129232	0.99664	0.00168002	NA	0.000622148	0.000587585	0.00158994	0.9972	NA	1.18837e-05	1.18837e-05	1.18837e-05	3.5651e-05	0.999929
24	0.99746	0.00111129	0.000635021	0.000793777	NA	0.00482186	0.993303	NA	0.00187517	NA	0.00314465	0.000262055	0.994759	0.00183438	NA	0.000118273	0.000118273	0.000827912	0.998936	NA	4.49095e-05	4.49095e-05	4.49095e-05	NA	0.999865
25	0.997761	0.000875998	0.000973331	0.000389332	NA	0.00360577	0.995493	0.000450721	0.000450721	NA	0.00247321	0.000329761	0.995054	0.00214345	NA	0.000856498	0.000311454	0.000856498	0.997976	NA	5.58566e-05	5.58566e-05	NA	NA	0.999888
26	0.998472	0.000873362	0.000436681	0.000218341	NA	0.0028	0.9948	NA	0.0024	NA	NA	NA	0.99565	0.00434972	NA	0.000892379	0.000713903	0.00160628	0.996252	0.000535427	NA	NA	NA	6.68986e-05	0.999933
27	0.99576	0.00154317	0.00071013	0.00187092	0.000116079	0.00375488	0.990948	0.00108668	0.00400714	0.000203753	0.0011337	0.000801888	0.99411	0.00387118	8.29539e-05	0.00102787	0.0011355	0.00349259	0.994199	0.0001453	5.058e-05	2.99733e-05	0.000103033	3.55933e-05	0.999781
28	0.999315	0.000114194	0.000228389	0.000342583	NA	0.000473597	0.996093	0.000236798	0.00319678	NA	0.00144321	0.000144321	0.99632	0.00202049	7.21605e-05	0.000169635	NA	0.000508906	0.999321	NA	2.70871e-05	NA	NA	NA	0.999973
29	0.999405	NA	NA	0.000595238	NA	NA	1	NA	NA	NA	0.000769625	NA	0.998974	0.000256542	NA	NA	NA	NA	1	NA	0.000127698	NA	NA	NA	0.999872
30	0.998665	0.000581072	0.000339989	0.000389442	2.47265e-05	0.00069308	0.998111	0.000275333	0.000807011	0.000113931	0.00116159	0.000184799	0.997668	0.000976795	8.79995e-06	0.000456743	0.000473979	0.000654952	0.998371	4.3089e-05	4.24866e-05	2.42781e-05	3.64171e-05	1.61854e-05	0.999881
31	0.998855	0.000524428	0.000372175	0.000248117	NA	0.000500791	0.998454	4.3929e-05	0.00087858	0.000123001	0.000706303	0.000108023	0.998371	0.000764469	4.98567e-05	0.000235823	0.000347528	0.000657821	0.998691	6.82645e-05	3.38868e-05	1.96187e-05	7.49077e-05	1.96187e-05	0.999852
32	0.999718	0.000169038	8.45189e-05	2.8173e-05	NA	0.000215415	0.999397	NA	0.000301581	8.6166e-05	0.00126427	NA	0.998083	0.000611746	4.0783e-05	8.15084e-05	0.000135847	0.000326034	0.999457	NA	NA	1.74827e-05	1.74827e-05	NA	0.999965
33	0.999723	0.000177954	5.93178e-05	3.95452e-05	NA	0.000544226	0.998944	6.40266e-05	0.000416173	3.20133e-05	0.000802522	5.7323e-05	0.998854	0.000229292	5.7323e-05	3.40414e-05	5.10621e-05	0.00047658	0.999421	1.70207e-05	NA	3.65019e-05	6.08365e-06	6.08365e-06	0.999951
34	0.998938	0.000403821	0.000412293	0.000189203	5.64785e-05	0.000667164	0.998574	9.59049e-05	0.000517052	0.000145942	0.000696708	9.51786e-05	0.998732	0.00045305	2.28429e-05	0.000190235	0.000244588	0.000462	0.998988	0.000114745	2.11264e-05	1.01407e-05	7.85902e-05	2.95769e-05	0.999861
35	0.99949	0.000211796	0.000211796	4.31437e-05	4.31437e-05	0.000641347	0.998893	4.13772e-05	0.000387912	3.62051e-05	0.000256739	8.23504e-05	0.999424	0.00022283	1.45324e-05	5.17545e-05	9.24187e-05	0.000329011	0.999453	7.3935e-05	1.41671e-05	1.06254e-05	3.30567e-05	2.00701e-05	0.999922
36	0.999235	0.000295825	0.000372739	8.08588e-05	1.57773e-05	0.000234053	0.998978	6.22165e-05	0.000589575	0.000136284	0.000625435	0.000103772	0.998887	0.000342166	4.20696e-05	0.000139816	0.000223706	0.000262424	0.999288	8.60407e-05	2.52609e-05	1.32319e-05	5.59348e-05	2.82681e-05	0.999877
37	0.999201	0.000297333	0.000398167	8.27361e-05	2.0684e-05	0.000136766	0.999226	5.55613e-05	0.000401751	0.000179506	0.000555288	8.30746e-05	0.999069	0.000271086	2.18617e-05	0.00010584	0.000162452	0.000253523	0.999345	0.000132915	2.63318e-05	1.51607e-05	7.73995e-05	3.43111e-05	0.999847
38	0.999218	0.00032495	0.000343094	9.73201e-05	1.64949e-05	0.000124326	0.999271	5.96763e-05	0.000402815	0.000141731	0.000514715	6.64943e-05	0.999197	0.000182244	3.9404e-05	8.99517e-05	0.000203998	0.000255399	0.99928	0.000170266	3.00016e-05	1.62304e-05	6.98398e-05	3.63954e-05	0.999848
39	0.999206	0.000298724	0.000409403	5.88563e-05	2.70221e-05	0.00017364	0.999176	3.12224e-05	0.000426158	0.00019336	0.000499132	7.12263e-05	0.999228	0.000162177	3.94484e-05	8.97007e-05	0.000169622	0.000200984	0.999368	0.000171983	3.01078e-05	1.3656e-05	6.83877e-05	2.59142e-05	0.999862
40	0.999146	0.000342423	0.0004242	5.11446e-05	3.63756e-05	9.31542e-05	0.999264	2.90641e-05	0.000364047	0.000250026	0.000382373	5.43856e-05	0.999427	9.20372e-05	4.43452e-05	7.47102e-05	0.000153888	0.000299834	0.999351	0.000120132	4.10021e-05	1.57882e-05	7.28141e-05	1.94799e-05	0.999851
