quality	AA	AC	AG	AT	A.	CA	CC	CG	CT	C.	GA	GC	GG	GT	G.	TA	TC	TG	TT	T.	.A	.C	.G	.T	..
0	NA	NA	NA	NA	NA	NA	NA	NA	NA	NA	NA	NA	NA	NA	NA	NA	NA	NA	NA	NA	NA	NA	NA	NA	NA
1	NA	NA	NA	NA	NA	NA	NA	NA	NA	NA	NA	NA	NA	NA	NA	NA	NA	NA	NA	NA	NA	NA	NA	NA	NA
2	NA	NA	NA	NA	NA	NA	NA	NA	NA	NA	NA	NA	NA	NA	NA	NA	NA	NA	NA	NA	NA	NA	NA	NA	NA
3	NA	NA	NA	NA	NA	NA	NA	NA	NA	NA	NA	NA	NA	NA	NA	NA	NA	NA	NA	NA	NA	NA	NA	NA	NA
4	NA	NA	NA	NA	NA	NA	NA	NA	NA	NA	NA	NA	NA	NA	NA	NA	NA	NA	NA	NA	NA	NA	NA	NA	NA
5	NA	NA	NA	NA	NA	NA	NA	NA	NA	NA	NA	NA	NA	NA	NA	NA	NA	NA	NA	NA	NA	NA	NA	NA	NA
6	NA	NA	NA	NA	NA	NA	NA	NA	NA	NA	NA	NA	NA	NA	NA	NA	NA	NA	NA	NA	NA	NA	NA	NA	NA
7	NA	NA	NA	NA	NA	NA	NA	NA	NA	NA	NA	NA	NA	NA	NA	NA	NA	NA	NA	NA	NA	NA	NA	NA	NA
8	NA	NA	NA	NA	NA	NA	NA	NA	NA	NA	NA	NA	NA	NA	NA	NA	NA	NA	NA	NA	NA	NA	NA	NA	NA
9	NA	NA	NA	NA	NA	NA	NA	NA	NA	NA	NA	NA	NA	NA	NA	NA	NA	NA	NA	NA	NA	NA	NA	NA	NA
10	0.974026	NA	0.012987	0.012987	NA	0.0357143	0.964286	NA	NA	NA	0.0175439	0.0175439	0.947368	0.0175439	NA	NA	NA	NA	1	NA	NA	NA	NA	NA	1
11	0.972825	0.0130259	0.00333134	0.0107426	7.48615e-05	0.0639614	0.911643	0.00487923	0.019372	0.000144928	0.0206905	0.00561711	0.920819	0.0527441	0.000128833	0.0224375	0.0054819	0.0214176	0.950535	0.000127486	3.18983e-05	1.06328e-05	6.37965e-05	5.31638e-05	0.999841
12	0.969511	0.0167414	0.00581052	0.00785868	7.79189e-05	0.0569883	0.922352	0.00593371	0.0145252	0.000200881	0.0122521	0.00446926	0.949539	0.0335655	0.000173861	0.0128828	0.00559232	0.0237454	0.957648	0.000131756	6.55455e-05	3.12122e-05	4.99394e-05	2.49697e-05	0.999828
13	0.966083	0.0181339	0.00635753	0.00928569	0.000139518	0.0428462	0.940724	0.00495929	0.0113115	0.000159436	0.00850273	0.0035971	0.965273	0.0225438	8.34657e-05	0.0135878	0.00842315	0.0231637	0.954694	0.00013174	3.73326e-05	3.12034e-05	3.00889e-05	3.12034e-05	0.99987
14	0.96412	0.0189364	0.00541832	0.0113871	0.000138379	0.037683	0.945845	0.00462675	0.0116768	0.000168416	0.0127632	0.00530699	0.950552	0.0312717	0.000106395	0.0146941	0.0103553	0.0217814	0.952947	0.000222097	5.06974e-05	3.41232e-05	2.92485e-05	3.99729e-05	0.999846
15	0.96674	0.0159686	0.00662278	0.0105393	0.00012887	0.0336229	0.946477	0.00575201	0.0139827	0.000165242	0.0125486	0.00553122	0.954415	0.0274382	6.70451e-05	0.0162675	0.00912309	0.0225427	0.951911	0.000155467	4.34305e-05	3.00673e-05	2.33857e-05	5.51234e-05	0.999848
16	0.96528	0.0155145	0.00758393	0.0115101	0.000111821	0.0273794	0.954592	0.00499008	0.0129715	6.70869e-05	0.0110976	0.00529952	0.958456	0.0250824	6.47719e-05	0.0186038	0.0115084	0.027016	0.942696	0.00017587	5.36668e-05	3.48434e-05	2.80349e-05	3.80474e-05	0.999845
17	NA	NA	NA	NA	NA	NA	NA	NA	NA	NA	NA	NA	NA	NA	NA	NA	NA	NA	NA	NA	NA	NA	NA	NA	NA
18	1	NA	NA	NA	NA	NA	1	NA	NA	NA	NA	NA	1	NA	NA	NA	NA	NA	1	NA	NA	NA	NA	NA	1
19	1	NA	NA	NA	NA	NA	1	NA	NA	NA	NA	NA	1	NA	NA	NA	NA	NA	1	NA	NA	NA	NA	NA	1
20	0.993424	0.00200143	0.00300214	0.00157255	NA	0.007912	0.988807	0.000771903	0.00250868	NA	0.00105475	0.000191773	0.994534	0.004219	NA	0.001443	0.000824572	0.00267986	0.995053	NA	NA	3.64285e-05	7.28571e-05	7.28571e-05	0.999818
21	0.996639	0.00216685	0.00049749	0.00064121	5.52767e-05	0.00532733	0.993182	0.000348813	0.00112572	1.58551e-05	0.000843183	0.000195739	0.996341	0.00258978	3.01137e-05	0.000700736	0.000925972	0.00243589	0.995896	4.17105e-05	1.76629e-05	5.88762e-06	5.88762e-06	2.06067e-05	0.99995
22	0.996532	0.00215813	0.000616608	0.000616608	7.7076e-05	0.00524423	0.993083	0.000424533	0.00114874	9.98901e-05	0.0012832	0.000235254	0.994824	0.00363574	2.13867e-05	0.00110045	0.00158953	0.00322492	0.993963	0.000122272	3.68626e-05	9.21566e-06	2.7647e-05	1.38235e-05	0.999912
23	0.997336	0.00137093	0.000859002	0.000407809	2.60304e-05	0.00341368	0.995371	0.00021982	0.000943933	5.17224e-05	0.000722814	0.000232333	0.99707	0.00197483	NA	0.000450826	0.000907745	0.00151697	0.997094	3.04612e-05	3.22559e-05	2.07359e-05	1.152e-05	2.30399e-05	0.999912
24	0.99801	0.000911118	0.000743281	0.000311698	2.39768e-05	0.00395175	0.994634	0.000457571	0.000956739	NA	0.000748887	0.000275906	0.997162	0.00177368	3.94151e-05	0.00035279	0.000917253	0.00114657	0.997566	1.76395e-05	5.4143e-05	6.76787e-06	4.73751e-05	2.03036e-05	0.999871
25	0.997409	0.00130504	0.000907853	0.000189136	0.000189136	0.00385953	0.994737	0.000223278	0.00114829	3.18969e-05	0.000930847	0.000300273	0.996877	0.00189172	NA	0.000436967	0.00179157	0.00117981	0.996533	5.82623e-05	1.61177e-05	3.22354e-05	5.37256e-06	1.07451e-05	0.999936
26	0.99648	0.000880005	0.00226287	0.00025143	0.000125715	0.00350653	0.99575	0.000425035	0.000212517	0.000106259	0.000682749	0.000227583	0.997269	0.00182066	NA	0.000258944	0.00345259	0.000906305	0.995339	4.31574e-05	5.24228e-05	3.49485e-05	NA	8.73713e-05	0.999825
27	0.996046	0.00154299	0.00170596	0.000631967	7.26938e-05	0.00290027	0.995045	0.000534259	0.00150165	1.90807e-05	0.00133558	0.000571433	0.995041	0.00302809	2.34606e-05	0.000973999	0.00101253	0.00356073	0.994298	0.000155108	2.38529e-05	1.67978e-05	1.67978e-05	3.19159e-05	0.999911
28	0.998772	0.000513948	0.000513948	0.000199869	NA	0.00080807	0.998049	0.000195051	0.000947392	NA	0.00154097	0.000302151	0.996661	0.00148054	1.51076e-05	0.000640205	0.00149381	0.000693555	0.997119	5.33504e-05	3.20924e-05	1.92555e-05	3.85109e-05	1.92555e-05	0.999891
29	0.999591	0.000136184	0.000272368	NA	NA	0.000218198	0.998909	0.000218198	0.000654593	NA	0.00085859	NA	0.99897	0.000171718	NA	NA	NA	NA	1	NA	NA	NA	0.000111173	NA	0.999889
30	0.997978	0.000576974	0.00111359	0.000283579	4.79903e-05	0.000457225	0.998159	0.000260266	0.00111844	5.27567e-06	0.000688162	0.000205125	0.998303	0.00080065	3.30847e-06	0.000345464	0.00124017	0.000585856	0.997774	5.4128e-05	2.21335e-05	8.11561e-06	8.11561e-06	1.73379e-05	0.999944
31	0.998388	0.000361662	0.00107218	0.000132289	4.58745e-05	0.000559937	0.998332	0.00021955	0.000883305	5.10581e-06	0.000499727	9.58596e-05	0.998831	0.000570443	3.14294e-06	0.00018012	0.000891244	0.000574279	0.998295	5.96502e-05	2.12665e-05	7.76396e-06	8.77666e-06	1.78909e-05	0.999944
32	0.999232	0.000204042	0.00046178	8.59125e-05	1.61086e-05	0.000321758	0.99934	6.77386e-05	0.000270955	NA	0.000302225	5.42455e-05	0.999396	0.00024023	7.74935e-06	0.000129033	0.00133678	0.000206453	0.998317	1.03226e-05	9.92929e-06	4.96464e-06	6.61952e-06	9.92929e-06	0.999969
33	0.999136	0.000233672	0.000511432	0.000101405	1.76356e-05	0.000534252	0.999172	6.67815e-06	0.000280482	6.67815e-06	0.000176125	2.51607e-05	0.999553	0.000245317	NA	9.44891e-05	0.00114114	0.000192612	0.99855	2.18052e-05	1.18649e-05	1.31832e-06	1.05465e-05	3.95496e-06	0.999972
34	0.99807	0.000515607	0.00122058	0.000133276	6.02056e-05	0.000246702	0.998795	0.000193541	0.000761704	3.32259e-06	0.00056507	0.000105997	0.99891	0.000410553	8.21106e-06	0.000125616	0.000821549	0.000505267	0.99846	8.74823e-05	1.77345e-05	1.02253e-05	8.78738e-06	2.25276e-05	0.999941
35	0.998222	0.000664128	0.0010153	6.1864e-05	3.63906e-05	0.000262591	0.999353	8.32319e-05	0.000300104	1.17228e-06	0.000362019	4.08925e-05	0.999413	0.000178003	6.01361e-06	5.46028e-05	0.000475598	0.00047085	0.998917	8.15085e-05	1.10697e-05	8.09981e-06	6.47985e-06	1.72796e-05	0.999957
36	0.998434	0.000292129	0.00112861	9.1823e-05	5.34666e-05	9.31934e-05	0.998969	0.000186387	0.000747398	3.70305e-06	0.000442778	5.42535e-05	0.999302	0.000193096	8.16719e-06	9.44275e-05	0.000948667	0.000196761	0.9987	6.01701e-05	1.73371e-05	9.279e-06	8.91273e-06	1.68487e-05	0.999948
37	0.998	0.000213729	0.0016487	8.28643e-05	5.45692e-05	8.76632e-05	0.999016	0.000200749	0.000690786	4.38316e-06	0.00033624	6.27648e-05	0.999451	0.000144359	5.37984e-06	6.49914e-05	0.000890904	0.000226284	0.99874	7.73255e-05	1.90802e-05	8.83053e-06	5.04601e-06	2.03417e-05	0.999947
38	0.99801	0.000266686	0.00159705	7.11843e-05	5.55169e-05	4.96281e-05	0.999127	0.000179425	0.00063644	7.08973e-06	0.000339587	5.06596e-05	0.999518	8.12781e-05	1.00206e-05	5.15895e-05	0.000882753	0.000184441	0.998804	7.72156e-05	1.94133e-05	8.49989e-06	7.03077e-06	2.08824e-05	0.999944
39	0.998262	0.000343988	0.001277	5.71951e-05	5.93195e-05	3.57062e-05	0.999042	0.000207542	0.000707034	7.35127e-06	0.000353898	4.23885e-05	0.999545	5.00475e-05	8.97951e-06	4.47658e-05	0.000754948	0.00013976	0.998993	6.73763e-05	1.94832e-05	8.94108e-06	8.59625e-06	2.20941e-05	0.999941
40	0.99857	0.000355987	0.000965049	5.10132e-05	5.77216e-05	2.97589e-05	0.998938	0.000176577	0.000845108	1.03223e-05	0.000320794	3.38805e-05	0.9996	2.87166e-05	1.62475e-05	2.97482e-05	0.000582868	0.000141568	0.999194	5.14088e-05	2.23131e-05	9.39381e-06	7.22944e-06	2.36519e-05	0.999937
