quality	AA	AC	AG	AT	A.	CA	CC	CG	CT	C.	GA	GC	GG	GT	G.	TA	TC	TG	TT	T.	.A	.C	.G	.T	..
0	NA	NA	NA	NA	NA	NA	NA	NA	NA	NA	NA	NA	NA	NA	NA	NA	NA	NA	NA	NA	NA	NA	NA	NA	NA
1	NA	NA	NA	NA	NA	NA	NA	NA	NA	NA	NA	NA	NA	NA	NA	NA	NA	NA	NA	NA	NA	NA	NA	NA	NA
2	NA	NA	NA	NA	NA	NA	NA	NA	NA	NA	NA	NA	NA	NA	NA	NA	NA	NA	NA	NA	NA	NA	NA	NA	NA
3	NA	NA	NA	NA	NA	NA	NA	NA	NA	NA	NA	NA	NA	NA	NA	NA	NA	NA	NA	NA	NA	NA	NA	NA	NA
4	NA	NA	NA	NA	NA	NA	NA	NA	NA	NA	NA	NA	NA	NA	NA	NA	NA	NA	NA	NA	NA	NA	NA	NA	NA
5	NA	NA	NA	NA	NA	NA	NA	NA	NA	NA	NA	NA	NA	NA	NA	NA	NA	NA	NA	NA	NA	NA	NA	NA	NA
6	NA	NA	NA	NA	NA	NA	NA	NA	NA	NA	NA	NA	NA	NA	NA	NA	NA	NA	NA	NA	NA	NA	NA	NA	NA
7	NA	NA	NA	NA	NA	NA	NA	NA	NA	NA	NA	NA	NA	NA	NA	NA	NA	NA	NA	NA	NA	NA	NA	NA	NA
8	NA	NA	NA	NA	NA	NA	NA	NA	NA	NA	NA	NA	NA	NA	NA	NA	NA	NA	NA	NA	NA	NA	NA	NA	NA
9	NA	NA	NA	NA	NA	NA	NA	NA	NA	NA	NA	NA	NA	NA	NA	NA	NA	NA	NA	NA	NA	NA	NA	NA	NA
10	0.967742	0.0322581	NA	NA	NA	0.0555556	0.916667	NA	0.0277778	NA	NA	0.0108696	0.967391	0.0217391	NA	NA	NA	NA	1	NA	NA	NA	NA	NA	1
11	0.973295	0.0140275	0.0032779	0.00915883	0.000241022	0.0744811	0.897572	0.00800434	0.0198074	0.000135667	0.0235862	0.00593005	0.912791	0.0573573	0.000335031	0.019114	0.00589496	0.0207217	0.954269	NA	8.46298e-05	1.4105e-05	NA	2.82099e-05	0.999873
12	0.972819	0.013221	0.00612681	0.00779287	4.0308e-05	0.0556743	0.923513	0.006504	0.0141787	0.00013008	0.011681	0.00424656	0.946112	0.0378897	7.05799e-05	0.01099	0.00542198	0.0261971	0.957263	0.000127791	4.85297e-05	3.73306e-06	3.73306e-05	4.47967e-05	0.999866
13	0.966795	0.0182003	0.00572333	0.00916403	0.000117273	0.0423806	0.941115	0.00470712	0.0116524	0.000145037	0.00841656	0.00360168	0.965354	0.0225453	8.21436e-05	0.0121341	0.00695449	0.0220096	0.958776	0.000125742	3.57515e-05	1.91999e-05	2.38343e-05	2.91309e-05	0.999892
14	0.964727	0.0197445	0.00585482	0.0095256	0.000148274	0.0368594	0.947079	0.00423678	0.0116798	0.000144641	0.0140666	0.00537512	0.948675	0.0317889	9.45932e-05	0.0144163	0.0110251	0.0210438	0.953308	0.000206463	4.81838e-05	3.04319e-05	2.53599e-05	4.81838e-05	0.999848
15	0.967981	0.0151385	0.00631003	0.0104864	8.39472e-05	0.0312801	0.950381	0.00549969	0.0127081	0.000130723	0.012541	0.00598043	0.955602	0.0258054	7.1622e-05	0.0149681	0.00939584	0.0229052	0.952613	0.000117788	4.80004e-05	2.08697e-05	3.75655e-05	3.75655e-05	0.999856
16	0.966411	0.0148962	0.00682896	0.0117496	0.000114253	0.0272565	0.95371	0.00458997	0.0143465	9.69187e-05	0.0110375	0.00482575	0.959066	0.0249869	8.43662e-05	0.0183039	0.0112734	0.0267308	0.943555	0.000136693	5.48469e-05	2.94179e-05	2.2936e-05	4.53733e-05	0.999847
17	NA	NA	NA	NA	NA	NA	NA	NA	NA	NA	NA	NA	NA	NA	NA	NA	NA	NA	NA	NA	NA	NA	NA	NA	NA
18	1	NA	NA	NA	NA	NA	1	NA	NA	NA	NA	NA	1	NA	NA	NA	NA	NA	1	NA	NA	NA	NA	NA	1
19	1	NA	NA	NA	NA	NA	1	NA	NA	NA	NA	NA	1	NA	NA	NA	NA	NA	1	NA	NA	NA	NA	NA	1
20	0.997416	0.00129199	0.000484496	0.000807494	NA	0.0104192	0.987642	0.000969227	0.000969227	NA	0.00139037	0.000106952	0.995187	0.00331551	NA	0.00249314	0.000249314	0.00548492	0.991773	NA	NA	4.22422e-05	4.22422e-05	NA	0.999916
21	0.996664	0.00193697	0.00080707	0.000511144	8.0707e-05	0.00510938	0.993433	0.000305843	0.00109744	5.39724e-05	0.000825097	0.000309411	0.996253	0.00259562	1.71895e-05	0.000707995	0.000436436	0.0020561	0.996751	4.84928e-05	1.37409e-05	NA	1.37409e-05	1.71762e-05	0.999955
22	0.996519	0.00269639	0.000160979	0.000503059	0.000120734	0.00591187	0.991883	0.000351516	0.00185345	NA	0.00221408	0.000500804	0.994149	0.0030839	5.27162e-05	0.000777197	0.000874347	0.00258418	0.995745	1.94299e-05	1.76111e-05	1.76111e-05	1.76111e-05	3.52222e-05	0.999912
23	0.997286	0.00144615	0.000827867	0.000419173	2.09586e-05	0.0038954	0.994488	0.000176395	0.00136706	7.34981e-05	0.000753162	0.000255791	0.996973	0.00196106	5.68424e-05	0.000491988	0.000414675	0.00144082	0.997589	6.32556e-05	1.32996e-05	7.97976e-06	2.12794e-05	3.19191e-05	0.999926
24	0.997798	0.00128996	0.000283161	0.00053486	9.43871e-05	0.00343797	0.993822	0.00044843	0.00229198	NA	0.00122519	0.000294046	0.996667	0.00176427	4.90076e-05	0.000334956	0.000379617	0.00116118	0.99808	4.46608e-05	2.56417e-05	8.54723e-06	8.54723e-06	1.70945e-05	0.99994
25	0.997382	0.00198231	0.000381214	0.000228728	2.54143e-05	0.0027987	0.994979	0.000370416	0.00176977	8.23147e-05	0.00195335	0.00038301	0.99594	0.00168524	3.8301e-05	0.00050135	0.000597763	0.00123409	0.99757	9.64134e-05	2.8254e-05	2.11905e-05	7.06349e-06	7.06349e-06	0.999936
26	0.9979	0.00132213	0.00031109	0.000388863	7.77726e-05	0.00297442	0.992742	0.000237954	0.00404521	NA	0.00235032	0.000247402	0.995547	0.00185552	NA	0.00015569	0.000415175	0.00098604	0.998287	0.00015569	NA	6.17653e-05	4.11768e-05	NA	0.999897
27	0.996879	0.00139363	0.00105945	0.000608528	5.98313e-05	0.00251775	0.995415	0.000379093	0.0016642	2.38423e-05	0.00158856	0.000514547	0.995291	0.00258499	2.04185e-05	0.00097982	0.00105379	0.00342816	0.994427	0.000111564	3.09649e-05	1.38087e-05	1.92484e-05	2.30144e-05	0.999913
28	0.998935	0.00029967	0.00039956	0.000332967	3.32967e-05	0.000782473	0.997098	0.000163015	0.00195618	NA	0.0011064	0.000253927	0.997279	0.00134218	1.81376e-05	0.000274763	0.000343454	0.000343454	0.999038	NA	3.83506e-05	2.30104e-05	7.67012e-06	1.53402e-05	0.999916
29	0.999165	0.000166945	0.000166945	0.00033389	0.000166945	0.00114679	0.99828	0.000286697	0.000286697	NA	0.000324114	NA	0.999244	0.000432152	NA	NA	NA	NA	1	NA	NA	NA	4.8391e-05	NA	0.999952
30	0.998367	0.000602318	0.000704042	0.000275728	5.08624e-05	0.000506206	0.997995	0.000146477	0.00134414	8.61627e-06	0.00102409	0.000170348	0.998072	0.000729488	4.00818e-06	0.000355199	0.000745722	0.000510231	0.998332	5.69104e-05	1.53539e-05	6.32219e-06	5.41902e-06	1.39991e-05	0.999959
31	0.998669	0.000409191	0.000694187	0.000175181	5.22928e-05	0.000454228	0.998357	7.77508e-05	0.00110079	1.02304e-05	0.000727717	0.000118111	0.998646	0.00050102	7.62008e-06	0.000200628	0.000553161	0.000537397	0.99866	4.8724e-05	1.72617e-05	5.75391e-06	5.75391e-06	1.52068e-05	0.999956
32	0.999229	0.000222116	0.00039197	0.000117591	3.9197e-05	0.000284602	0.998522	1.83614e-05	0.00116595	9.18071e-06	0.00027586	2.66961e-05	0.999511	0.000169075	1.77974e-05	7.01143e-05	0.000146072	0.000146072	0.99962	1.75286e-05	1.32769e-05	3.7934e-06	NA	9.48349e-06	0.999973
33	0.999328	0.00023998	0.000373301	4.79959e-05	1.06658e-05	0.000439384	0.998429	2.23415e-05	0.00110963	NA	0.000161139	2.9298e-05	0.999626	0.000183113	NA	5.46085e-05	0.000134421	0.000235237	0.999551	2.52039e-05	6.1161e-06	4.58707e-06	7.64512e-06	9.17414e-06	0.999972
34	0.998629	0.000453921	0.000723734	0.000133319	5.96763e-05	0.000231914	0.998776	6.17762e-05	0.000925631	5.06362e-06	0.000792404	7.69151e-05	0.998753	0.000370266	7.15489e-06	0.000148289	0.000613252	0.000525941	0.998645	6.72152e-05	1.46638e-05	5.27898e-06	6.25657e-06	1.91608e-05	0.999955
35	0.998905	0.000422341	0.000551117	5.89313e-05	6.22053e-05	0.00020927	0.999399	2.58004e-05	0.000362639	2.86671e-06	0.000478813	4.1824e-05	0.999286	0.000187487	5.76883e-06	6.86705e-05	0.000323598	0.000491041	0.999059	5.73822e-05	1.1713e-05	5.20578e-06	5.20578e-06	1.07369e-05	0.999967
36	0.999025	0.000237627	0.000585363	0.000102109	5.03488e-05	8.78994e-05	0.998786	4.06258e-05	0.00108065	4.4319e-06	0.000690323	5.63671e-05	0.999071	0.000176756	5.56712e-06	0.000104664	0.000497687	0.000246707	0.999099	5.17979e-05	1.81222e-05	6.04072e-06	7.51406e-06	1.65015e-05	0.999952
37	0.998847	0.000210322	0.000835737	6.7229e-05	4.00907e-05	9.78154e-05	0.998821	3.15533e-05	0.00104231	7.36245e-06	0.000685858	3.84593e-05	0.99917	9.82849e-05	7.4782e-06	8.02137e-05	0.000487676	0.000296442	0.999079	5.63821e-05	2.00865e-05	5.1651e-06	6.3129e-06	1.83648e-05	0.99995
38	0.998828	0.000220408	0.000826015	7.20961e-05	5.39691e-05	4.49838e-05	0.998946	2.47737e-05	0.00097139	1.30388e-05	0.000621606	4.37475e-05	0.999239	8.16185e-05	1.37119e-05	6.54603e-05	0.000456164	0.000217789	0.999205	5.59912e-05	1.76768e-05	5.4293e-06	6.81819e-06	1.64142e-05	0.999954
39	0.999031	0.00025605	0.0005956	5.74847e-05	6.00179e-05	3.76679e-05	0.998884	2.48546e-05	0.00104374	9.72572e-06	0.000607496	2.64597e-05	0.999308	4.9535e-05	8.76863e-06	6.37752e-05	0.000404488	0.000184656	0.999294	5.34506e-05	1.94568e-05	6.34906e-06	5.79315e-06	1.70284e-05	0.999951
40	0.999244	0.000217028	0.000415528	5.82783e-05	6.4763e-05	2.48202e-05	0.998924	2.18268e-05	0.00101663	1.28466e-05	0.000523807	2.28987e-05	0.999412	2.54747e-05	1.54566e-05	5.61348e-05	0.000301235	0.000189455	0.999403	5.04234e-05	2.40777e-05	8.61377e-06	6.0322e-06	1.91701e-05	0.999942
