
SUMMARISING RUN PARAMETERS
==========================
Input filename: SC2217/host_removal/SC2217_R2.fastq.gz
Trimming mode: paired-end
Trim Galore version: 0.6.4_dev
Cutadapt version: 4.1
Python version: could not detect
Number of cores used for trimming: 2
Quality Phred score cutoff: 20
Quality encoding type selected: ASCII+33
Using Illumina adapter for trimming (count: 15684). Second best hit was smallRNA (count: 0)
Adapter sequence: 'AGATCGGAAGAGC' (Illumina TruSeq, Sanger iPCR; auto-detected)
Maximum trimming error rate: 0.1 (default)
Minimum required adapter overlap (stringency): 1 bp
Minimum required sequence length for both reads before a sequence pair gets removed: 20 bp
Running FastQC on the data once trimming has completed
Output file will be GZIP compressed


This is cutadapt 4.1 with Python 3.9.13
Command line parameters: -j 2 -e 0.1 -q 20 -O 1 -a AGATCGGAAGAGC SC2217/host_removal/SC2217_R2.fastq.gz
Processing single-end reads on 2 cores ...
Finished in 32.90 s (37 µs/read; 1.62 M reads/minute).

=== Summary ===

Total reads processed:                 887,734
Reads with adapters:                   294,789 (33.2%)
Reads written (passing filters):       887,734 (100.0%)

Total basepairs processed:   222,821,234 bp
Quality-trimmed:               3,583,859 bp (1.6%)
Total written (filtered):    217,661,882 bp (97.7%)

=== Adapter 1 ===

Sequence: AGATCGGAAGAGC; Type: regular 3'; Length: 13; Trimmed: 294789 times

Minimum overlap: 1
No. of allowed errors:
1-9 bp: 0; 10-13 bp: 1

Bases preceding removed adapters:
  A: 40.3%
  C: 16.9%
  G: 12.2%
  T: 30.3%
  none/other: 0.3%

Overview of removed sequences
length	count	expect	max.err	error counts
1	204044	221933.5	0	204044
2	64268	55483.4	0	64268
3	5672	13870.8	0	5672
4	1537	3467.7	0	1537
5	136	866.9	0	136
6	88	216.7	0	88
7	3230	54.2	0	3230
8	59	13.5	0	59
9	132	3.4	0	131 1
10	97	0.8	1	90 7
11	36	0.2	1	32 4
12	104	0.1	1	95 9
13	17	0.0	1	13 4
14	58	0.0	1	47 11
15	14	0.0	1	13 1
16	30	0.0	1	25 5
17	62	0.0	1	59 3
18	17	0.0	1	16 1
19	53	0.0	1	49 4
20	24	0.0	1	21 3
21	10	0.0	1	7 3
22	68	0.0	1	64 4
23	49	0.0	1	43 6
24	250	0.0	1	238 12
25	20	0.0	1	12 8
26	42	0.0	1	35 7
27	63	0.0	1	57 6
28	82	0.0	1	77 5
29	39	0.0	1	34 5
30	195	0.0	1	179 16
31	36	0.0	1	33 3
32	191	0.0	1	171 20
33	51	0.0	1	43 8
34	189	0.0	1	183 6
35	109	0.0	1	107 2
36	82	0.0	1	79 3
37	472	0.0	1	461 11
38	46	0.0	1	44 2
39	66	0.0	1	64 2
40	191	0.0	1	184 7
41	60	0.0	1	58 2
42	125	0.0	1	118 7
43	264	0.0	1	260 4
44	210	0.0	1	201 9
45	229	0.0	1	215 14
46	95	0.0	1	84 11
47	140	0.0	1	132 8
48	84	0.0	1	81 3
49	94	0.0	1	92 2
50	62	0.0	1	61 1
51	55	0.0	1	52 3
52	57	0.0	1	56 1
53	84	0.0	1	80 4
54	179	0.0	1	177 2
55	80	0.0	1	74 6
56	139	0.0	1	132 7
57	246	0.0	1	239 7
58	149	0.0	1	144 5
59	57	0.0	1	53 4
60	103	0.0	1	101 2
61	81	0.0	1	81
62	50	0.0	1	49 1
63	151	0.0	1	149 2
64	68	0.0	1	67 1
65	39	0.0	1	39
66	24	0.0	1	22 2
67	29	0.0	1	28 1
68	47	0.0	1	42 5
69	142	0.0	1	140 2
70	48	0.0	1	46 2
71	47	0.0	1	47
72	46	0.0	1	41 5
73	70	0.0	1	66 4
74	90	0.0	1	87 3
75	156	0.0	1	145 11
76	247	0.0	1	232 15
77	354	0.0	1	320 34
78	666	0.0	1	602 64
79	1040	0.0	1	892 148
80	1937	0.0	1	1779 158
81	1102	0.0	1	1014 88
82	515	0.0	1	463 52
83	322	0.0	1	277 45
84	220	0.0	1	194 26
85	125	0.0	1	103 22
86	110	0.0	1	96 14
87	82	0.0	1	70 12
88	58	0.0	1	44 14
89	71	0.0	1	59 12
90	51	0.0	1	44 7
91	36	0.0	1	30 6
92	21	0.0	1	18 3
93	31	0.0	1	29 2
94	151	0.0	1	138 13
95	25	0.0	1	19 6
96	72	0.0	1	66 6
97	21	0.0	1	18 3
98	15	0.0	1	12 3
99	16	0.0	1	13 3
100	14	0.0	1	9 5
101	12	0.0	1	9 3
102	20	0.0	1	17 3
103	14	0.0	1	13 1
104	12	0.0	1	9 3
105	43	0.0	1	38 5
106	8	0.0	1	7 1
107	7	0.0	1	4 3
108	23	0.0	1	20 3
109	7	0.0	1	5 2
110	6	0.0	1	4 2
111	6	0.0	1	1 5
112	9	0.0	1	6 3
113	22	0.0	1	19 3
114	15	0.0	1	11 4
115	13	0.0	1	5 8
116	13	0.0	1	10 3
117	28	0.0	1	25 3
118	8	0.0	1	7 1
119	10	0.0	1	7 3
120	3	0.0	1	2 1
121	12	0.0	1	6 6
122	5	0.0	1	1 4
123	20	0.0	1	17 3
124	11	0.0	1	5 6
125	10	0.0	1	3 7
126	7	0.0	1	4 3
127	35	0.0	1	26 9
128	5	0.0	1	4 1
129	16	0.0	1	11 5
130	3	0.0	1	1 2
131	10	0.0	1	5 5
132	7	0.0	1	3 4
133	26	0.0	1	19 7
134	9	0.0	1	6 3
135	5	0.0	1	2 3
136	3	0.0	1	2 1
137	4	0.0	1	4
138	5	0.0	1	1 4
139	2	0.0	1	1 1
140	2	0.0	1	2
141	26	0.0	1	23 3
142	5	0.0	1	3 2
143	6	0.0	1	3 3
144	4	0.0	1	2 2
145	10	0.0	1	7 3
146	10	0.0	1	7 3
147	22	0.0	1	20 2
148	7	0.0	1	5 2
149	14	0.0	1	11 3
150	9	0.0	1	6 3
151	15	0.0	1	11 4
152	11	0.0	1	9 2
153	25	0.0	1	24 1
154	32	0.0	1	31 1
155	16	0.0	1	14 2
156	68	0.0	1	65 3
157	43	0.0	1	40 3
158	23	0.0	1	19 4
159	41	0.0	1	40 1
160	60	0.0	1	57 3
161	55	0.0	1	50 5
162	29	0.0	1	26 3
163	28	0.0	1	24 4
164	39	0.0	1	34 5
165	19	0.0	1	19
166	50	0.0	1	49 1
167	48	0.0	1	47 1
168	32	0.0	1	29 3
169	22	0.0	1	20 2
170	10	0.0	1	9 1
171	10	0.0	1	8 2
172	41	0.0	1	41
173	31	0.0	1	31
174	13	0.0	1	13
175	39	0.0	1	36 3
176	31	0.0	1	30 1
177	16	0.0	1	13 3
178	15	0.0	1	14 1
179	5	0.0	1	4 1
180	31	0.0	1	30 1
181	45	0.0	1	42 3
182	4	0.0	1	3 1
183	10	0.0	1	10
184	2	0.0	1	0 2
185	51	0.0	1	49 2
186	4	0.0	1	4
187	8	0.0	1	8
188	6	0.0	1	6
189	5	0.0	1	4 1
190	18	0.0	1	14 4
191	6	0.0	1	6
192	31	0.0	1	30 1
193	20	0.0	1	18 2
194	1	0.0	1	1
195	3	0.0	1	3
196	4	0.0	1	2 2
197	3	0.0	1	3
198	1	0.0	1	1
199	2	0.0	1	2
200	3	0.0	1	2 1
201	4	0.0	1	3 1
203	6	0.0	1	5 1
204	3	0.0	1	3
205	3	0.0	1	3
206	2	0.0	1	2
208	8	0.0	1	8
209	6	0.0	1	6
210	6	0.0	1	5 1
211	3	0.0	1	3
212	2	0.0	1	2
213	3	0.0	1	2 1
214	4	0.0	1	4
215	5	0.0	1	5
216	4	0.0	1	3 1
217	6	0.0	1	6
219	1	0.0	1	1
220	1	0.0	1	1
231	1	0.0	1	1
243	1	0.0	1	1
248	1	0.0	1	0 1
249	3	0.0	1	0 3
250	8	0.0	1	0 8
251	163	0.0	1	0 163

RUN STATISTICS FOR INPUT FILE: SC2217/host_removal/SC2217_R2.fastq.gz
=============================================
887734 sequences processed in total

Total number of sequences analysed for the sequence pair length validation: 887734

Number of sequence pairs removed because at least one read was shorter than the length cutoff (20 bp): 3175 (0.36%)
