
SUMMARISING RUN PARAMETERS
==========================
Input filename: SC2203/host_removal/SC2203_R1.fastq.gz
Trimming mode: paired-end
Trim Galore version: 0.6.4_dev
Cutadapt version: 4.1
Python version: could not detect
Number of cores used for trimming: 2
Quality Phred score cutoff: 20
Quality encoding type selected: ASCII+33
Using Illumina adapter for trimming (count: 11208). Second best hit was Nextera (count: 0)
Adapter sequence: 'AGATCGGAAGAGC' (Illumina TruSeq, Sanger iPCR; auto-detected)
Maximum trimming error rate: 0.1 (default)
Minimum required adapter overlap (stringency): 1 bp
Minimum required sequence length for both reads before a sequence pair gets removed: 20 bp
Running FastQC on the data once trimming has completed
Output file will be GZIP compressed


This is cutadapt 4.1 with Python 3.9.13
Command line parameters: -j 2 -e 0.1 -q 20 -O 1 -a AGATCGGAAGAGC SC2203/host_removal/SC2203_R1.fastq.gz
Processing single-end reads on 2 cores ...
Finished in 20.92 s (35 µs/read; 1.71 M reads/minute).

=== Summary ===

Total reads processed:                 596,121
Reads with adapters:                   215,098 (36.1%)
Reads written (passing filters):       596,121 (100.0%)

Total basepairs processed:   149,626,371 bp
Quality-trimmed:                 885,140 bp (0.6%)
Total written (filtered):    147,496,502 bp (98.6%)

=== Adapter 1 ===

Sequence: AGATCGGAAGAGC; Type: regular 3'; Length: 13; Trimmed: 215098 times

Minimum overlap: 1
No. of allowed errors:
1-9 bp: 0; 10-13 bp: 1

Bases preceding removed adapters:
  A: 32.8%
  C: 23.0%
  G: 11.8%
  T: 31.8%
  none/other: 0.6%

Overview of removed sequences
length	count	expect	max.err	error counts
1	138981	149030.2	0	138981
2	52431	37257.6	0	52431
3	6355	9314.4	0	6355
4	2784	2328.6	0	2784
5	103	582.1	0	103
6	113	145.5	0	113
7	974	36.4	0	974
8	66	9.1	0	66
9	150	2.3	0	150
10	157	0.6	1	143 14
11	38	0.1	1	34 4
12	166	0.0	1	161 5
13	117	0.0	1	111 6
14	79	0.0	1	77 2
15	90	0.0	1	85 5
16	52	0.0	1	47 5
17	83	0.0	1	82 1
18	77	0.0	1	74 3
19	68	0.0	1	64 4
20	94	0.0	1	91 3
21	70	0.0	1	67 3
22	91	0.0	1	86 5
23	81	0.0	1	78 3
24	600	0.0	1	575 25
25	256	0.0	1	244 12
26	57	0.0	1	54 3
27	87	0.0	1	80 7
28	149	0.0	1	139 10
29	66	0.0	1	59 7
30	85	0.0	1	81 4
31	99	0.0	1	93 6
32	122	0.0	1	115 7
33	35	0.0	1	32 3
34	95	0.0	1	92 3
35	64	0.0	1	61 3
36	222	0.0	1	209 13
37	85	0.0	1	80 5
38	116	0.0	1	111 5
39	23	0.0	1	21 2
40	90	0.0	1	83 7
41	150	0.0	1	138 12
42	72	0.0	1	65 7
43	166	0.0	1	157 9
44	58	0.0	1	56 2
45	64	0.0	1	63 1
46	95	0.0	1	89 6
47	90	0.0	1	86 4
48	47	0.0	1	43 4
49	79	0.0	1	76 3
50	38	0.0	1	36 2
51	68	0.0	1	59 9
52	52	0.0	1	50 2
53	53	0.0	1	48 5
54	115	0.0	1	105 10
55	77	0.0	1	73 4
56	55	0.0	1	51 4
57	63	0.0	1	62 1
58	36	0.0	1	36
59	88	0.0	1	88
60	39	0.0	1	35 4
61	54	0.0	1	52 2
62	51	0.0	1	47 4
63	57	0.0	1	50 7
64	31	0.0	1	31
65	37	0.0	1	36 1
66	65	0.0	1	62 3
67	25	0.0	1	24 1
68	53	0.0	1	51 2
69	71	0.0	1	63 8
70	63	0.0	1	61 2
71	92	0.0	1	84 8
72	106	0.0	1	95 11
73	151	0.0	1	130 21
74	290	0.0	1	249 41
75	526	0.0	1	426 100
76	1345	0.0	1	1231 114
77	939	0.0	1	845 94
78	538	0.0	1	484 54
79	330	0.0	1	280 50
80	199	0.0	1	173 26
81	152	0.0	1	127 25
82	119	0.0	1	98 21
83	92	0.0	1	82 10
84	81	0.0	1	62 19
85	59	0.0	1	47 12
86	54	0.0	1	48 6
87	44	0.0	1	29 15
88	48	0.0	1	35 13
89	58	0.0	1	52 6
90	43	0.0	1	36 7
91	27	0.0	1	21 6
92	32	0.0	1	22 10
93	44	0.0	1	36 8
94	198	0.0	1	193 5
95	42	0.0	1	38 4
96	58	0.0	1	53 5
97	45	0.0	1	42 3
98	26	0.0	1	20 6
99	23	0.0	1	17 6
100	24	0.0	1	21 3
101	15	0.0	1	11 4
102	19	0.0	1	17 2
103	16	0.0	1	10 6
104	18	0.0	1	13 5
105	25	0.0	1	21 4
106	15	0.0	1	12 3
107	19	0.0	1	14 5
108	11	0.0	1	10 1
109	31	0.0	1	21 10
110	16	0.0	1	9 7
111	14	0.0	1	11 3
112	15	0.0	1	11 4
113	13	0.0	1	10 3
114	20	0.0	1	15 5
115	17	0.0	1	12 5
116	14	0.0	1	10 4
117	19	0.0	1	17 2
118	13	0.0	1	10 3
119	11	0.0	1	7 4
120	8	0.0	1	4 4
121	8	0.0	1	7 1
122	13	0.0	1	9 4
123	17	0.0	1	14 3
124	6	0.0	1	5 1
125	16	0.0	1	9 7
126	10	0.0	1	8 2
127	23	0.0	1	18 5
128	8	0.0	1	5 3
129	12	0.0	1	6 6
130	8	0.0	1	6 2
131	16	0.0	1	13 3
132	8	0.0	1	3 5
133	15	0.0	1	7 8
134	18	0.0	1	15 3
135	13	0.0	1	7 6
136	10	0.0	1	8 2
137	9	0.0	1	4 5
138	8	0.0	1	8
139	7	0.0	1	3 4
140	12	0.0	1	8 4
141	28	0.0	1	21 7
142	16	0.0	1	13 3
143	9	0.0	1	4 5
144	8	0.0	1	5 3
145	14	0.0	1	6 8
146	19	0.0	1	14 5
147	15	0.0	1	11 4
148	9	0.0	1	4 5
149	7	0.0	1	3 4
150	6	0.0	1	6
151	15	0.0	1	11 4
152	13	0.0	1	11 2
153	13	0.0	1	12 1
154	22	0.0	1	17 5
155	13	0.0	1	6 7
156	32	0.0	1	28 4
157	20	0.0	1	18 2
158	13	0.0	1	10 3
159	24	0.0	1	19 5
160	40	0.0	1	36 4
161	22	0.0	1	20 2
162	30	0.0	1	26 4
163	15	0.0	1	13 2
164	22	0.0	1	18 4
165	11	0.0	1	8 3
166	22	0.0	1	16 6
167	45	0.0	1	41 4
168	22	0.0	1	21 1
169	18	0.0	1	16 2
170	29	0.0	1	23 6
171	12	0.0	1	7 5
172	15	0.0	1	13 2
173	14	0.0	1	10 4
174	18	0.0	1	14 4
175	24	0.0	1	17 7
176	16	0.0	1	15 1
177	7	0.0	1	3 4
178	7	0.0	1	5 2
179	11	0.0	1	9 2
180	8	0.0	1	6 2
181	8	0.0	1	6 2
182	3	0.0	1	1 2
183	4	0.0	1	2 2
184	5	0.0	1	3 2
185	26	0.0	1	21 5
186	7	0.0	1	4 3
187	8	0.0	1	2 6
188	3	0.0	1	3
189	13	0.0	1	7 6
190	13	0.0	1	11 2
191	6	0.0	1	2 4
192	9	0.0	1	7 2
193	2	0.0	1	1 1
194	1	0.0	1	0 1
195	4	0.0	1	2 2
196	3	0.0	1	2 1
197	6	0.0	1	4 2
198	3	0.0	1	2 1
199	2	0.0	1	1 1
200	5	0.0	1	4 1
201	3	0.0	1	1 2
202	4	0.0	1	2 2
203	1	0.0	1	1
204	3	0.0	1	0 3
205	1	0.0	1	1
206	1	0.0	1	0 1
207	4	0.0	1	2 2
208	9	0.0	1	9
210	2	0.0	1	1 1
211	4	0.0	1	3 1
213	1	0.0	1	0 1
214	5	0.0	1	3 2
215	2	0.0	1	0 2
216	1	0.0	1	0 1
218	1	0.0	1	0 1
219	2	0.0	1	2
220	3	0.0	1	3
221	4	0.0	1	3 1
223	5	0.0	1	3 2
224	2	0.0	1	1 1
225	6	0.0	1	3 3
226	3	0.0	1	2 1
227	2	0.0	1	2
228	1	0.0	1	1
229	3	0.0	1	3
230	2	0.0	1	2
231	4	0.0	1	4
232	4	0.0	1	4
233	3	0.0	1	3
234	1	0.0	1	1
235	2	0.0	1	1 1
236	1	0.0	1	1
237	2	0.0	1	2
239	4	0.0	1	2 2
240	5	0.0	1	3 2
241	3	0.0	1	2 1
242	5	0.0	1	2 3
244	2	0.0	1	0 2
245	1	0.0	1	0 1
246	6	0.0	1	1 5
247	4	0.0	1	0 4
248	5	0.0	1	0 5
249	6	0.0	1	0 6
250	19	0.0	1	0 19
251	277	0.0	1	0 277

RUN STATISTICS FOR INPUT FILE: SC2203/host_removal/SC2203_R1.fastq.gz
=============================================
596121 sequences processed in total

