
SUMMARISING RUN PARAMETERS
==========================
Input filename: SC2242/host_removal/SC2242_R1.fastq.gz
Trimming mode: paired-end
Trim Galore version: 0.6.4_dev
Cutadapt version: 4.1
Python version: could not detect
Number of cores used for trimming: 2
Quality Phred score cutoff: 20
Quality encoding type selected: ASCII+33
Using Illumina adapter for trimming (count: 24497). Second best hit was smallRNA (count: 0)
Adapter sequence: 'AGATCGGAAGAGC' (Illumina TruSeq, Sanger iPCR; auto-detected)
Maximum trimming error rate: 0.1 (default)
Minimum required adapter overlap (stringency): 1 bp
Minimum required sequence length for both reads before a sequence pair gets removed: 20 bp
Running FastQC on the data once trimming has completed
Output file will be GZIP compressed


This is cutadapt 4.1 with Python 3.9.13
Command line parameters: -j 2 -e 0.1 -q 20 -O 1 -a AGATCGGAAGAGC SC2242/host_removal/SC2242_R1.fastq.gz
Processing single-end reads on 2 cores ...
Finished in 25.26 s (34 µs/read; 1.78 M reads/minute).

=== Summary ===

Total reads processed:                 750,369
Reads with adapters:                   285,056 (38.0%)
Reads written (passing filters):       750,369 (100.0%)

Total basepairs processed:   188,342,619 bp
Quality-trimmed:               2,857,458 bp (1.5%)
Total written (filtered):    183,181,007 bp (97.3%)

=== Adapter 1 ===

Sequence: AGATCGGAAGAGC; Type: regular 3'; Length: 13; Trimmed: 285056 times

Minimum overlap: 1
No. of allowed errors:
1-9 bp: 0; 10-13 bp: 1

Bases preceding removed adapters:
  A: 36.3%
  C: 13.5%
  G: 9.9%
  T: 39.8%
  none/other: 0.5%

Overview of removed sequences
length	count	expect	max.err	error counts
1	174849	187592.2	0	174849
2	66561	46898.1	0	66561
3	3400	11724.5	0	3400
4	771	2931.1	0	771
5	174	732.8	0	174
6	234	183.2	0	234
7	10781	45.8	0	10781
8	236	11.4	0	236
9	295	2.9	0	293 2
10	182	0.7	1	163 19
11	77	0.2	1	63 14
12	125	0.0	1	108 17
13	54	0.0	1	43 11
14	57	0.0	1	46 11
15	59	0.0	1	45 14
16	51	0.0	1	38 13
17	73	0.0	1	54 19
18	100	0.0	1	90 10
19	75	0.0	1	66 9
20	342	0.0	1	317 25
21	418	0.0	1	389 29
22	134	0.0	1	118 16
23	103	0.0	1	84 19
24	665	0.0	1	616 49
25	255	0.0	1	226 29
26	139	0.0	1	113 26
27	227	0.0	1	179 48
28	2928	0.0	1	2806 122
29	974	0.0	1	906 68
30	314	0.0	1	290 24
31	343	0.0	1	312 31
32	182	0.0	1	152 30
33	73	0.0	1	53 20
34	230	0.0	1	173 57
35	76	0.0	1	52 24
36	291	0.0	1	270 21
37	811	0.0	1	785 26
38	146	0.0	1	119 27
39	142	0.0	1	117 25
40	56	0.0	1	50 6
41	96	0.0	1	68 28
42	138	0.0	1	109 29
43	123	0.0	1	98 25
44	44	0.0	1	35 9
45	46	0.0	1	36 10
46	37	0.0	1	29 8
47	92	0.0	1	63 29
48	79	0.0	1	60 19
49	159	0.0	1	145 14
50	62	0.0	1	47 15
51	83	0.0	1	68 15
52	86	0.0	1	68 18
53	89	0.0	1	67 22
54	165	0.0	1	124 41
55	132	0.0	1	112 20
56	78	0.0	1	66 12
57	134	0.0	1	123 11
58	40	0.0	1	36 4
59	46	0.0	1	39 7
60	64	0.0	1	56 8
61	55	0.0	1	47 8
62	51	0.0	1	40 11
63	95	0.0	1	83 12
64	52	0.0	1	45 7
65	84	0.0	1	69 15
66	131	0.0	1	116 15
67	64	0.0	1	53 11
68	120	0.0	1	96 24
69	128	0.0	1	99 29
70	131	0.0	1	106 25
71	143	0.0	1	127 16
72	255	0.0	1	223 32
73	404	0.0	1	355 49
74	627	0.0	1	537 90
75	1119	0.0	1	973 146
76	2927	0.0	1	2749 178
77	1921	0.0	1	1810 111
78	972	0.0	1	879 93
79	558	0.0	1	495 63
80	386	0.0	1	341 45
81	247	0.0	1	211 36
82	183	0.0	1	156 27
83	131	0.0	1	105 26
84	102	0.0	1	89 13
85	98	0.0	1	81 17
86	109	0.0	1	85 24
87	116	0.0	1	93 23
88	91	0.0	1	72 19
89	91	0.0	1	66 25
90	56	0.0	1	45 11
91	51	0.0	1	40 11
92	69	0.0	1	57 12
93	163	0.0	1	147 16
94	1035	0.0	1	1007 28
95	141	0.0	1	126 15
96	76	0.0	1	64 12
97	85	0.0	1	80 5
98	34	0.0	1	30 4
99	36	0.0	1	27 9
100	33	0.0	1	27 6
101	31	0.0	1	29 2
102	21	0.0	1	18 3
103	36	0.0	1	29 7
104	28	0.0	1	23 5
105	27	0.0	1	22 5
106	45	0.0	1	35 10
107	63	0.0	1	56 7
108	38	0.0	1	32 6
109	48	0.0	1	37 11
110	52	0.0	1	48 4
111	185	0.0	1	165 20
112	48	0.0	1	35 13
113	38	0.0	1	34 4
114	48	0.0	1	40 8
115	33	0.0	1	32 1
116	38	0.0	1	29 9
117	35	0.0	1	32 3
118	21	0.0	1	20 1
119	23	0.0	1	18 5
120	18	0.0	1	15 3
121	26	0.0	1	20 6
122	17	0.0	1	10 7
123	24	0.0	1	20 4
124	19	0.0	1	14 5
125	15	0.0	1	11 4
126	20	0.0	1	19 1
127	39	0.0	1	32 7
128	29	0.0	1	24 5
129	23	0.0	1	18 5
130	29	0.0	1	21 8
131	16	0.0	1	13 3
132	14	0.0	1	9 5
133	21	0.0	1	13 8
134	32	0.0	1	27 5
135	20	0.0	1	15 5
136	28	0.0	1	24 4
137	16	0.0	1	9 7
138	16	0.0	1	10 6
139	13	0.0	1	12 1
140	12	0.0	1	10 2
141	3	0.0	1	2 1
142	10	0.0	1	4 6
143	12	0.0	1	9 3
144	16	0.0	1	6 10
145	12	0.0	1	10 2
146	14	0.0	1	8 6
147	24	0.0	1	22 2
148	25	0.0	1	20 5
149	27	0.0	1	23 4
150	18	0.0	1	9 9
151	8	0.0	1	4 4
152	10	0.0	1	9 1
153	15	0.0	1	12 3
154	22	0.0	1	19 3
155	15	0.0	1	13 2
156	36	0.0	1	31 5
157	13	0.0	1	7 6
158	13	0.0	1	11 2
159	14	0.0	1	10 4
160	15	0.0	1	11 4
161	11	0.0	1	7 4
162	13	0.0	1	6 7
163	12	0.0	1	9 3
164	10	0.0	1	7 3
165	13	0.0	1	7 6
166	12	0.0	1	10 2
167	17	0.0	1	12 5
168	19	0.0	1	17 2
169	17	0.0	1	14 3
170	14	0.0	1	9 5
171	6	0.0	1	4 2
172	20	0.0	1	12 8
173	9	0.0	1	2 7
174	13	0.0	1	11 2
175	19	0.0	1	16 3
176	16	0.0	1	10 6
177	13	0.0	1	9 4
178	5	0.0	1	4 1
179	11	0.0	1	7 4
180	8	0.0	1	7 1
181	17	0.0	1	15 2
182	9	0.0	1	6 3
183	11	0.0	1	6 5
184	7	0.0	1	4 3
185	13	0.0	1	10 3
186	10	0.0	1	5 5
187	15	0.0	1	12 3
188	21	0.0	1	19 2
189	27	0.0	1	25 2
190	23	0.0	1	22 1
191	19	0.0	1	16 3
192	21	0.0	1	21
193	22	0.0	1	16 6
194	15	0.0	1	15
195	17	0.0	1	15 2
196	13	0.0	1	12 1
197	19	0.0	1	19
198	16	0.0	1	15 1
199	18	0.0	1	17 1
200	13	0.0	1	13
201	17	0.0	1	15 2
202	13	0.0	1	13
203	36	0.0	1	35 1
204	18	0.0	1	18
205	32	0.0	1	31 1
206	42	0.0	1	38 4
207	46	0.0	1	44 2
208	48	0.0	1	46 2
209	43	0.0	1	41 2
210	41	0.0	1	37 4
211	37	0.0	1	37
212	15	0.0	1	14 1
213	18	0.0	1	17 1
214	14	0.0	1	14
215	23	0.0	1	22 1
216	7	0.0	1	5 2
217	16	0.0	1	15 1
218	4	0.0	1	3 1
219	2	0.0	1	0 2
220	4	0.0	1	2 2
222	2	0.0	1	2
223	1	0.0	1	0 1
224	3	0.0	1	3
226	2	0.0	1	1 1
227	1	0.0	1	1
228	2	0.0	1	2
229	3	0.0	1	2 1
230	3	0.0	1	3
231	1	0.0	1	1
232	1	0.0	1	1
233	3	0.0	1	2 1
234	1	0.0	1	0 1
235	2	0.0	1	1 1
236	2	0.0	1	0 2
237	1	0.0	1	0 1
239	2	0.0	1	0 2
242	3	0.0	1	0 3
244	3	0.0	1	0 3
245	3	0.0	1	0 3
246	2	0.0	1	0 2
247	2	0.0	1	0 2
248	5	0.0	1	0 5
249	4	0.0	1	0 4
250	28	0.0	1	0 28
251	323	0.0	1	0 323

RUN STATISTICS FOR INPUT FILE: SC2242/host_removal/SC2242_R1.fastq.gz
=============================================
750369 sequences processed in total

