quality	AA	AC	AG	AT	A.	CA	CC	CG	CT	C.	GA	GC	GG	GT	G.	TA	TC	TG	TT	T.	.A	.C	.G	.T	..
0	NA	NA	NA	NA	NA	NA	NA	NA	NA	NA	NA	NA	NA	NA	NA	NA	NA	NA	NA	NA	NA	NA	NA	NA	NA
1	NA	NA	NA	NA	NA	NA	NA	NA	NA	NA	NA	NA	NA	NA	NA	NA	NA	NA	NA	NA	NA	NA	NA	NA	NA
2	NA	NA	NA	NA	NA	NA	NA	NA	NA	NA	NA	NA	NA	NA	NA	NA	NA	NA	NA	NA	NA	NA	NA	NA	NA
3	NA	NA	NA	NA	NA	NA	NA	NA	NA	NA	NA	NA	NA	NA	NA	NA	NA	NA	NA	NA	NA	NA	NA	NA	NA
4	NA	NA	NA	NA	NA	NA	NA	NA	NA	NA	NA	NA	NA	NA	NA	NA	NA	NA	NA	NA	NA	NA	NA	NA	NA
5	NA	NA	NA	NA	NA	NA	NA	NA	NA	NA	NA	NA	NA	NA	NA	NA	NA	NA	NA	NA	NA	NA	NA	NA	NA
6	NA	NA	NA	NA	NA	NA	NA	NA	NA	NA	NA	NA	NA	NA	NA	NA	NA	NA	NA	NA	NA	NA	NA	NA	NA
7	NA	NA	NA	NA	NA	NA	NA	NA	NA	NA	NA	NA	NA	NA	NA	NA	NA	NA	NA	NA	NA	NA	NA	NA	NA
8	NA	NA	NA	NA	NA	NA	NA	NA	NA	NA	NA	NA	NA	NA	NA	NA	NA	NA	NA	NA	NA	NA	NA	NA	NA
9	NA	NA	NA	NA	NA	NA	NA	NA	NA	NA	NA	NA	NA	NA	NA	NA	NA	NA	NA	NA	NA	NA	NA	NA	NA
10	NA	NA	NA	NA	NA	NA	NA	NA	NA	NA	NA	NA	NA	NA	NA	NA	NA	NA	NA	NA	NA	NA	NA	NA	NA
11	0.975396	0.0109494	0.00386449	0.00979003	NA	0.0446706	0.936875	0.00482925	0.0132804	0.000344947	0.0181865	0.00737754	0.934889	0.0392897	0.000257356	0.0242739	0.0082358	0.0164716	0.950585	0.000433463	NA	NA	3.63689e-05	3.63689e-05	0.999927
12	0.969319	0.0153572	0.005961	0.00912673	0.000235746	0.0375215	0.944406	0.00408778	0.0138554	0.000129088	0.0134163	0.00580559	0.948213	0.0324186	0.000146359	0.0148416	0.00775378	0.0227381	0.954381	0.000285415	6.09331e-05	3.48189e-05	8.70474e-06	5.22284e-05	0.999843
13	0.966378	0.016257	0.00618028	0.0110307	0.000154186	0.0303356	0.952292	0.00456824	0.0126663	0.000138122	0.0106248	0.00453861	0.961779	0.0229439	0.000113584	0.0151704	0.00958765	0.0222187	0.952822	0.0002016	4.40874e-05	3.28092e-05	2.25563e-05	4.92138e-05	0.999851
14	0.96313	0.0164965	0.00718561	0.0129697	0.000218268	0.0283514	0.952223	0.00456773	0.0146307	0.000227511	0.0191561	0.00702418	0.940215	0.0334044	0.000199977	0.0184264	0.0159134	0.0216786	0.943701	0.000280868	8.28147e-05	5.52098e-05	4.04872e-05	8.09743e-05	0.999741
15	0.976761	0.00802496	0.00532805	0.00980097	8.45722e-05	0.0117329	0.976225	0.00264652	0.00928489	0.000110272	0.0146919	0.00591064	0.953139	0.0261106	0.000148296	0.0254574	0.0160964	0.0247976	0.933374	0.000274918	3.48838e-05	3.19768e-05	1.45349e-05	7.84886e-05	0.99984
16	0.964057	0.0118945	0.00869859	0.0151484	0.000201025	0.017927	0.959873	0.00480519	0.017255	0.000140011	0.0184159	0.00851629	0.94633	0.0265918	0.000145901	0.0189023	0.0121849	0.0186306	0.950019	0.000263345	0.000118346	5.2474e-05	5.69399e-05	9.15505e-05	0.999681
17	NA	NA	NA	NA	NA	NA	NA	NA	NA	NA	NA	NA	NA	NA	NA	NA	NA	NA	NA	NA	NA	NA	NA	NA	NA
18	NA	NA	NA	NA	NA	NA	NA	NA	NA	NA	NA	NA	NA	NA	NA	NA	NA	NA	NA	NA	NA	NA	NA	NA	NA
19	NA	NA	NA	NA	NA	NA	NA	NA	NA	NA	NA	NA	NA	NA	NA	NA	NA	NA	NA	NA	NA	NA	NA	NA	NA
20	0.998298	0.0012766	NA	0.000425532	NA	0.00525394	0.992411	0.000583771	0.00175131	NA	0.00183246	0.00078534	0.994764	0.0026178	NA	0.00134771	0.00134771	0.00606469	0.990566	0.000673854	NA	0.000106838	NA	0.000106838	0.999786
21	0.997097	0.00171518	0.00039581	0.000738845	5.27746e-05	0.00187197	0.996733	0.000440464	0.000917633	3.67053e-05	0.000989423	0.00034118	0.996588	0.0020812	NA	0.00115548	0.000541634	0.00238319	0.995829	9.02723e-05	1.33634e-05	6.68168e-06	NA	3.34084e-05	0.999947
22	0.996821	0.00171592	0.000428979	0.00093366	0.000100936	0.00413206	0.993554	0.00070245	0.0016115	NA	0.00279379	0.000742653	0.99275	0.00371327	NA	0.00169167	0.000760027	0.00301559	0.994435	9.80681e-05	4.51729e-05	NA	1.50576e-05	2.25864e-05	0.999917
23	0.997291	0.00169509	0.000332029	0.000594156	8.73759e-05	0.00217115	0.994625	0.000556026	0.00262127	2.64774e-05	0.00233042	0.000776806	0.994362	0.00253088	NA	0.00147673	0.000468232	0.00187293	0.996146	3.60179e-05	4.58831e-05	9.17663e-06	2.29416e-05	3.21182e-05	0.99989
24	0.99789	0.00121704	0.000283976	0.000567951	4.0568e-05	0.00191299	0.996387	0.000708516	0.000921071	7.08516e-05	0.00154271	0.000321399	0.995243	0.00282831	6.42797e-05	0.000562477	0.000506229	0.00154681	0.997384	NA	1.11328e-05	1.11328e-05	NA	3.33983e-05	0.999944
25	0.997047	0.00174231	0.000472492	0.000738269	NA	0.00214603	0.994073	0.000613152	0.00316795	NA	0.00367867	0.000735734	0.992413	0.00317285	NA	0.00143828	0.000566597	0.00132932	0.996513	0.000152545	1.65293e-05	2.4794e-05	8.26467e-06	5.78527e-05	0.999893
26	0.997355	0.00142737	0.000377834	0.000839631	NA	0.00251735	0.993287	0.000381417	0.00373789	7.62835e-05	0.00460003	0.000779666	0.992125	0.00249493	NA	0.000339963	0.000509944	0.00130319	0.99779	5.66604e-05	7.05916e-05	2.35305e-05	1.17653e-05	5.88263e-05	0.999835
27	0.996613	0.0010349	0.00112898	0.00116618	5.68867e-05	0.00118687	0.996567	0.000414517	0.00178561	4.60575e-05	0.00299504	0.00124363	0.990753	0.00498059	2.73659e-05	0.0011106	0.00162133	0.00336435	0.993799	0.000104547	3.52205e-05	1.98516e-05	1.5369e-05	3.65013e-05	0.999893
28	0.998554	0.00041318	0.000258238	0.000723066	5.16476e-05	0.000346706	0.996632	9.90589e-05	0.00292224	NA	0.00279455	0.000711819	0.99478	0.00168727	2.63637e-05	0.000918611	0.00082675	0.000459306	0.997795	NA	4.52796e-05	NA	1.13199e-05	3.39597e-05	0.999909
29	0.999094	NA	NA	NA	0.000905797	NA	1	NA	NA	NA	0.000720288	NA	0.99928	NA	NA	NA	NA	NA	1	NA	NA	NA	NA	NA	1
30	0.997941	0.000641266	0.000679781	0.000687484	5.00688e-05	0.000304101	0.997901	0.000149069	0.00163678	8.94414e-06	0.00206832	0.000377052	0.996481	0.00106012	1.36613e-05	0.000642115	0.00119416	0.000706036	0.997432	2.61495e-05	1.66488e-05	1.02454e-05	5.1227e-06	1.60085e-05	0.999952
31	0.998739	0.000424771	0.000503062	0.000298172	3.49811e-05	0.00015426	0.998432	9.76982e-05	0.00131378	2.571e-06	0.00150578	0.000181478	0.997705	0.000603292	4.90481e-06	0.000287734	0.000761537	0.00061767	0.998277	5.56287e-05	1.64285e-05	1.0599e-05	6.88937e-06	2.64976e-05	0.99994
32	0.99964	0.000145811	4.28857e-05	0.000154388	1.71543e-05	4.72998e-05	0.998652	5.91247e-05	0.00124162	NA	0.000320216	8.3019e-05	0.999194	0.000403235	NA	0.000114436	0.000106807	0.000289904	0.999481	7.62905e-06	4.88327e-06	2.44163e-06	2.44163e-06	9.76653e-06	0.99998
33	0.999647	0.000155006	0.000111604	6.82027e-05	1.86007e-05	0.000118326	0.998507	2.7306e-05	0.00133799	9.102e-06	0.000166861	4.39109e-05	0.999359	0.000430327	NA	7.94482e-05	8.8795e-05	0.000565484	0.999243	2.33671e-05	8.82449e-06	3.5298e-06	1.7649e-06	8.82449e-06	0.999977
34	0.998747	0.000436709	0.000556764	0.000203851	5.55958e-05	0.000144481	0.998625	0.00010245	0.00112301	5.25387e-06	0.00139572	0.00019499	0.99801	0.00039112	7.98204e-06	0.000189049	0.000722783	0.000451959	0.998585	5.09993e-05	1.79444e-05	6.47993e-06	5.98147e-06	2.44243e-05	0.999945
35	0.999466	0.000251044	0.000220698	3.49439e-05	2.75873e-05	3.52801e-05	0.999601	1.82934e-05	0.000338427	6.53334e-06	0.000610791	6.69165e-05	0.999082	0.000237767	2.84751e-06	6.50284e-05	0.000392918	0.000528471	0.998954	5.95331e-05	1.01128e-05	4.42436e-06	3.47629e-06	7.58462e-06	0.999974
36	0.999019	0.000333401	0.000470954	0.000121702	5.52259e-05	5.69133e-05	0.998755	6.10981e-05	0.00111985	6.69568e-06	0.00111843	9.13157e-05	0.998613	0.000167538	9.81077e-06	0.000119443	0.000553022	0.000292039	0.998972	6.33049e-05	2.04941e-05	8.78319e-06	4.7169e-06	1.93556e-05	0.999947
37	0.998984	0.00030765	0.000583226	8.3131e-05	4.18928e-05	5.10257e-05	0.998894	5.81455e-05	0.000990847	5.93322e-06	0.00103118	7.35736e-05	0.998768	0.000118408	9.1967e-06	8.26074e-05	0.00059953	0.000359843	0.998888	7.00912e-05	1.86077e-05	1.07511e-05	5.78907e-06	1.8401e-05	0.999946
38	0.998996	0.000295822	0.000605368	6.74749e-05	3.58341e-05	3.33269e-05	0.998988	3.89862e-05	0.000934411	5.65928e-06	0.000842239	6.25004e-05	0.998995	8.67724e-05	1.39564e-05	7.73162e-05	0.000469754	0.000275292	0.999113	6.48206e-05	1.5914e-05	1.00947e-05	6.29435e-06	2.03082e-05	0.999947
39	0.998973	0.000320409	0.00060909	5.30837e-05	4.45415e-05	3.22053e-05	0.998922	3.36454e-05	0.00100543	6.93855e-06	0.000803921	4.25837e-05	0.999093	4.79989e-05	1.24305e-05	5.51756e-05	0.000359075	0.000267645	0.999259	5.95087e-05	2.02758e-05	1.00208e-05	5.80646e-06	1.86603e-05	0.999945
40	0.999319	0.000268083	0.000311256	4.65605e-05	5.53536e-05	2.28791e-05	0.998933	3.4262e-05	0.00100294	7.1922e-06	0.000540651	3.47632e-05	0.999369	3.66156e-05	1.90796e-05	4.82578e-05	0.000210812	0.000262271	0.99943	4.84356e-05	2.47932e-05	1.23632e-05	7.25737e-06	2.05904e-05	0.999935
