quality	AA	AC	AG	AT	A.	CA	CC	CG	CT	C.	GA	GC	GG	GT	G.	TA	TC	TG	TT	T.	.A	.C	.G	.T	..
0	NA	NA	NA	NA	NA	NA	NA	NA	NA	NA	NA	NA	NA	NA	NA	NA	NA	NA	NA	NA	NA	NA	NA	NA	NA
1	NA	NA	NA	NA	NA	NA	NA	NA	NA	NA	NA	NA	NA	NA	NA	NA	NA	NA	NA	NA	NA	NA	NA	NA	NA
2	NA	NA	NA	NA	NA	NA	NA	NA	NA	NA	NA	NA	NA	NA	NA	NA	NA	NA	NA	NA	NA	NA	NA	NA	NA
3	NA	NA	NA	NA	NA	NA	NA	NA	NA	NA	NA	NA	NA	NA	NA	NA	NA	NA	NA	NA	NA	NA	NA	NA	NA
4	NA	NA	NA	NA	NA	NA	NA	NA	NA	NA	NA	NA	NA	NA	NA	NA	NA	NA	NA	NA	NA	NA	NA	NA	NA
5	NA	NA	NA	NA	NA	NA	NA	NA	NA	NA	NA	NA	NA	NA	NA	NA	NA	NA	NA	NA	NA	NA	NA	NA	NA
6	NA	NA	NA	NA	NA	NA	NA	NA	NA	NA	NA	NA	NA	NA	NA	NA	NA	NA	NA	NA	NA	NA	NA	NA	NA
7	NA	NA	NA	NA	NA	NA	NA	NA	NA	NA	NA	NA	NA	NA	NA	NA	NA	NA	NA	NA	NA	NA	NA	NA	NA
8	NA	NA	NA	NA	NA	NA	NA	NA	NA	NA	NA	NA	NA	NA	NA	NA	NA	NA	NA	NA	NA	NA	NA	NA	NA
9	NA	NA	NA	NA	NA	NA	NA	NA	NA	NA	NA	NA	NA	NA	NA	NA	NA	NA	NA	NA	NA	NA	NA	NA	NA
10	1	NA	NA	NA	NA	0.027027	0.945946	NA	0.027027	NA	0.00813008	NA	0.98374	0.00813008	NA	0.0555556	NA	NA	0.944444	NA	NA	NA	NA	NA	1
11	0.971503	0.0151195	0.00355753	0.00967204	0.00014823	0.0558608	0.924977	0.00401395	0.014909	0.000238926	0.0208885	0.00524812	0.921928	0.0518576	7.79423e-05	0.0240964	0.00521316	0.0227062	0.947637	0.000347544	3.15829e-05	1.05276e-05	1.05276e-05	3.15829e-05	0.999916
12	0.969429	0.0173491	0.00542079	0.00767191	0.000129374	0.0531054	0.926301	0.00567578	0.0146781	0.000240063	0.0124892	0.00418371	0.947492	0.0357217	0.000113632	0.0117647	0.0052512	0.0236136	0.959253	0.000117815	5.14335e-05	1.37156e-05	3.08601e-05	5.14335e-05	0.999853
13	0.967276	0.0184456	0.00521576	0.00895747	0.000105176	0.040702	0.943266	0.00461477	0.0113095	0.000107809	0.00905114	0.00324044	0.966432	0.0211561	0.000120289	0.0132359	0.00732455	0.0227169	0.956543	0.000179542	4.60684e-05	2.27754e-05	2.3293e-05	3.05397e-05	0.999877
14	0.965682	0.0190257	0.00576905	0.00937762	0.000145389	0.0350754	0.949733	0.00384636	0.0112351	0.000110148	0.0142893	0.00534878	0.950469	0.0297951	9.8293e-05	0.0152883	0.0110291	0.0209068	0.952522	0.000254163	5.30573e-05	2.04782e-05	3.2579e-05	3.90948e-05	0.999855
15	0.967567	0.0150817	0.00617076	0.0110838	9.63345e-05	0.031353	0.948599	0.00527077	0.0146745	0.000102773	0.0137377	0.00581063	0.952916	0.0274095	0.000126438	0.0160837	0.00882051	0.0216217	0.95338	9.3978e-05	4.97574e-05	3.21015e-05	1.60508e-05	5.77828e-05	0.999844
16	0.966709	0.0148496	0.00668315	0.0116587	9.97147e-05	0.0271347	0.955014	0.00447143	0.0132915	8.79986e-05	0.0118095	0.00517837	0.957765	0.0251664	8.04094e-05	0.0198422	0.0117506	0.0274486	0.940828	0.000130285	5.42808e-05	2.51095e-05	2.54787e-05	4.20953e-05	0.999853
17	NA	NA	NA	NA	NA	NA	NA	NA	NA	NA	NA	NA	NA	NA	NA	NA	NA	NA	NA	NA	NA	NA	NA	NA	NA
18	1	NA	NA	NA	NA	NA	1	NA	NA	NA	NA	NA	1	NA	NA	NA	NA	NA	1	NA	NA	NA	NA	NA	1
19	1	NA	NA	NA	NA	NA	1	NA	NA	NA	NA	NA	0.988636	0.0113636	NA	NA	NA	NA	1	NA	NA	NA	NA	NA	1
20	0.996622	0.00253378	0.000281532	0.000281532	0.000281532	0.00800801	0.989389	0.000600601	0.0018018	0.0002002	0.00071817	0.000512978	0.99446	0.00430902	NA	0.000927859	0.000695894	0.00487126	0.993505	NA	7.65082e-05	NA	NA	3.82541e-05	0.999885
21	0.996754	0.00224952	0.000441687	0.00051359	4.10872e-05	0.00475572	0.993629	0.000317048	0.00126819	3.01951e-05	0.000934222	0.000311407	0.996575	0.0021657	1.41549e-05	0.000692414	0.000400062	0.00227727	0.996607	2.30805e-05	3.02325e-05	5.49682e-06	2.19873e-05	1.09936e-05	0.999931
22	0.995761	0.00324394	0.000446943	0.000490196	5.76701e-05	0.00529937	0.992391	0.000364635	0.00192041	2.4309e-05	0.00337508	0.0004473	0.992843	0.00331409	2.03318e-05	0.0010001	0.000657209	0.00275742	0.995542	4.28614e-05	4.35551e-05	1.30665e-05	1.30665e-05	3.91996e-05	0.999891
23	0.997639	0.0016707	0.000307541	0.000365725	1.66239e-05	0.00343784	0.994138	0.000295038	0.0020781	5.1311e-05	0.00117799	0.000260397	0.996578	0.00194678	3.71996e-05	0.000489839	0.000309065	0.00162113	0.997533	4.66513e-05	3.111e-05	1.99993e-05	6.66643e-06	1.77771e-05	0.999924
24	0.997974	0.0013279	0.000157548	0.000450136	9.00272e-05	0.00328102	0.993715	0.000592956	0.00241135	NA	0.00166787	0.000151624	0.996285	0.0018953	NA	0.000398949	0.000166229	0.000831145	0.998587	1.66229e-05	1.28052e-05	3.84157e-05	1.92079e-05	1.92079e-05	0.99991
25	0.997293	0.00201268	0.000284981	0.000356227	5.3434e-05	0.0034741	0.99404	0.000159363	0.00226295	6.3745e-05	0.00285536	0.00035692	0.994706	0.00208203	NA	0.000450368	0.000267406	0.00116814	0.998001	0.000112592	4.16419e-05	1.56157e-05	5.20524e-06	3.12315e-05	0.999906
26	0.99693	0.0023805	0.000250579	0.000438514	NA	0.00293926	0.992597	0.000326584	0.00413673	NA	0.00459281	NA	0.993951	0.00134424	0.00011202	0.000574129	0.000176655	0.00110409	0.998101	4.41638e-05	0.000105843	NA	3.52808e-05	5.29213e-05	0.999806
27	0.996809	0.00155164	0.000889048	0.000673077	7.7582e-05	0.00283747	0.995141	0.000356892	0.00164312	2.12015e-05	0.00174745	0.000551907	0.994804	0.0028742	2.29324e-05	0.00107185	0.00106654	0.00382133	0.993947	9.37424e-05	2.57263e-05	1.31694e-05	1.40882e-05	2.87889e-05	0.999918
28	0.999058	0.000304895	0.000277177	0.000332613	2.77177e-05	0.000511221	0.997086	0.000102244	0.0023005	NA	0.00144699	0.000226979	0.997149	0.00116327	1.41862e-05	0.000593184	0.000215703	0.000485332	0.998706	NA	1.21807e-05	6.09036e-06	6.09036e-06	1.82711e-05	0.999957
29	0.99942	0.000232126	0.000232126	NA	0.000116063	0.000848536	0.998515	NA	0.000636402	NA	0.000820008	8.20008e-05	0.998934	0.000164002	NA	0.000635324	NA	NA	0.999365	NA	NA	NA	NA	NA	1
30	0.998384	0.00069509	0.00056513	0.000312101	4.332e-05	0.000508626	0.997989	0.000165822	0.00132657	9.56663e-06	0.00117315	0.000162323	0.997829	0.000830798	4.42699e-06	0.000384981	0.000718729	0.000683598	0.998161	5.12333e-05	2.03681e-05	4.67466e-06	6.67808e-06	1.46918e-05	0.999954
31	0.998683	0.000578378	0.000526399	0.000183342	2.92969e-05	0.000536393	0.998273	6.28346e-05	0.00112029	7.66275e-06	0.00107319	0.000100923	0.998283	0.000533041	9.95011e-06	0.000236968	0.000486688	0.000725781	0.998513	3.71923e-05	1.88266e-05	4.85848e-06	5.76945e-06	1.36645e-05	0.999957
32	0.99959	0.000190141	0.000102384	9.75082e-05	1.95016e-05	0.000230928	0.998406	5.2145e-05	0.00131107	NA	0.000221551	4.15409e-05	0.999578	0.000145393	1.3847e-05	6.32028e-05	0.000108348	0.000225724	0.999594	9.02898e-06	8.86917e-06	1.47819e-06	2.95639e-06	5.91278e-06	0.999981
33	0.999564	0.000238367	9.6963e-05	7.67624e-05	2.42408e-05	0.000489771	0.998283	2.47985e-05	0.00120273	NA	0.000221302	2.91187e-05	0.999592	0.000151417	5.82374e-06	4.30451e-05	5.96009e-05	0.000407273	0.999474	1.65558e-05	1.21682e-06	3.65045e-06	6.08408e-06	9.73453e-06	0.999979
34	0.998771	0.000515297	0.0005477	0.000120161	4.59042e-05	0.000207807	0.998735	6.38263e-05	0.000988565	5.19516e-06	0.00101549	8.6047e-05	0.998514	0.000374403	9.85271e-06	0.000150459	0.000509554	0.000607352	0.998674	5.81774e-05	1.65479e-05	5.51597e-06	5.37454e-06	1.49921e-05	0.999958
35	0.999061	0.000447023	0.000403623	5.06337e-05	3.76136e-05	0.00026592	0.999296	1.71236e-05	0.000420033	1.00727e-06	0.000569049	6.58574e-05	0.99919	0.00016876	6.17414e-06	4.59968e-05	0.000300332	0.000572254	0.999025	5.68195e-05	1.02315e-05	5.22944e-06	2.0463e-06	1.15957e-05	0.999971
36	0.999065	0.00037243	0.000443796	7.5681e-05	4.28195e-05	9.7339e-05	0.998717	5.49231e-05	0.00112511	5.43793e-06	0.000867315	6.37582e-05	0.998891	0.00017154	6.07221e-06	9.11996e-05	0.000414649	0.000287897	0.999158	4.86913e-05	1.61476e-05	5.73665e-06	5.52418e-06	1.46603e-05	0.999958
37	0.998913	0.000348414	0.000644416	5.88566e-05	3.52281e-05	9.57462e-05	0.998852	4.63288e-05	0.00100225	3.86074e-06	0.000868903	5.78241e-05	0.998958	0.000106396	9.25185e-06	7.1925e-05	0.000428243	0.000391454	0.999058	5.08435e-05	1.56739e-05	5.72437e-06	5.31549e-06	1.36295e-05	0.99996
38	0.998897	0.000321806	0.000674994	5.99107e-05	4.59315e-05	5.75819e-05	0.998924	2.92629e-05	0.000983612	5.19181e-06	0.00078328	4.62401e-05	0.99907	8.59413e-05	1.44792e-05	5.79313e-05	0.000359981	0.000306949	0.999208	6.74424e-05	1.54027e-05	5.78712e-06	4.8968e-06	1.47794e-05	0.999959
39	0.999048	0.000328794	0.000526769	4.86858e-05	4.8224e-05	3.96657e-05	0.99892	2.74014e-05	0.001007	5.63496e-06	0.000739658	3.99727e-05	0.999166	4.63988e-05	7.95097e-06	4.63574e-05	0.000293992	0.000245139	0.99936	5.4406e-05	1.54836e-05	6.71968e-06	5.10048e-06	1.55038e-05	0.999957
40	0.999315	0.000253929	0.000335622	4.44135e-05	5.12257e-05	2.30929e-05	0.998988	2.1759e-05	0.000958981	8.50353e-06	0.000524697	3.42563e-05	0.999401	2.76504e-05	1.26456e-05	3.66551e-05	0.000193652	0.000210999	0.999514	4.42442e-05	1.94585e-05	8.78026e-06	4.95127e-06	1.76265e-05	0.999949
