quality	AA	AC	AG	AT	A.	CA	CC	CG	CT	C.	GA	GC	GG	GT	G.	TA	TC	TG	TT	T.	.A	.C	.G	.T	..
0	NA	NA	NA	NA	NA	NA	NA	NA	NA	NA	NA	NA	NA	NA	NA	NA	NA	NA	NA	NA	NA	NA	NA	NA	NA
1	NA	NA	NA	NA	NA	NA	NA	NA	NA	NA	NA	NA	NA	NA	NA	NA	NA	NA	NA	NA	NA	NA	NA	NA	NA
2	NA	NA	NA	NA	NA	NA	NA	NA	NA	NA	NA	NA	NA	NA	NA	NA	NA	NA	NA	NA	NA	NA	NA	NA	NA
3	NA	NA	NA	NA	NA	NA	NA	NA	NA	NA	NA	NA	NA	NA	NA	NA	NA	NA	NA	NA	NA	NA	NA	NA	NA
4	NA	NA	NA	NA	NA	NA	NA	NA	NA	NA	NA	NA	NA	NA	NA	NA	NA	NA	NA	NA	NA	NA	NA	NA	NA
5	NA	NA	NA	NA	NA	NA	NA	NA	NA	NA	NA	NA	NA	NA	NA	NA	NA	NA	NA	NA	NA	NA	NA	NA	NA
6	NA	NA	NA	NA	NA	NA	NA	NA	NA	NA	NA	NA	NA	NA	NA	NA	NA	NA	NA	NA	NA	NA	NA	NA	NA
7	NA	NA	NA	NA	NA	NA	NA	NA	NA	NA	NA	NA	NA	NA	NA	NA	NA	NA	NA	NA	NA	NA	NA	NA	NA
8	NA	NA	NA	NA	NA	NA	NA	NA	NA	NA	NA	NA	NA	NA	NA	NA	NA	NA	NA	NA	NA	NA	NA	NA	NA
9	NA	NA	NA	NA	NA	NA	NA	NA	NA	NA	NA	NA	NA	NA	NA	NA	NA	NA	NA	NA	NA	NA	NA	NA	NA
10	NA	NA	NA	NA	NA	NA	NA	NA	NA	NA	NA	NA	NA	NA	NA	NA	NA	NA	NA	NA	NA	NA	NA	NA	NA
11	0.976163	0.0121107	0.00288351	0.00884275	NA	0.0480848	0.927194	0.00516164	0.0195599	NA	0.0212412	0.0084453	0.932949	0.0369802	0.000383877	0.0286396	0.0119332	0.0238663	0.935561	NA	NA	5.57134e-05	NA	NA	0.999944
12	0.973097	0.0126434	0.00577638	0.008402	8.07885e-05	0.0349823	0.946453	0.00558	0.0128233	0.000160961	0.01501	0.00618778	0.947404	0.0313371	6.12651e-05	0.0140939	0.00877543	0.0284537	0.948677	NA	7.68791e-05	2.19655e-05	1.09827e-05	3.29482e-05	0.999857
13	0.965591	0.015912	0.00712087	0.0112655	0.000111055	0.0296315	0.95316	0.00494643	0.0121406	0.000121137	0.00941833	0.00445276	0.964215	0.0218135	0.000100062	0.0143414	0.0101243	0.0229797	0.952466	8.8947e-05	4.0025e-05	2.34629e-05	2.07026e-05	5.24466e-05	0.999863
14	0.962464	0.0170345	0.00693336	0.0133544	0.000213465	0.0285801	0.952484	0.00505463	0.0136928	0.000188606	0.0175367	0.0076633	0.941576	0.0329714	0.00025224	0.0180459	0.0135371	0.0217241	0.946412	0.00028045	4.56481e-05	4.56481e-05	4.56481e-05	7.51851e-05	0.999788
15	0.97797	0.00799907	0.00538449	0.00856858	7.76609e-05	0.011986	0.977277	0.00257268	0.0081493	1.4871e-05	0.0140759	0.00603253	0.954689	0.0250536	0.000148951	0.0247698	0.0171468	0.0241956	0.93367	0.0002178	3.64069e-05	2.42713e-05	4.44973e-05	3.64069e-05	0.999858
16	0.963654	0.0118254	0.00954265	0.0148098	0.0001684	0.019092	0.959354	0.00463839	0.0167074	0.000207689	0.0174094	0.00810111	0.949975	0.0243761	0.00013817	0.0182368	0.0124476	0.0186251	0.950418	0.000272364	0.000114782	6.73387e-05	5.81562e-05	8.41734e-05	0.999676
17	NA	NA	NA	NA	NA	NA	NA	NA	NA	NA	NA	NA	NA	NA	NA	NA	NA	NA	NA	NA	NA	NA	NA	NA	NA
18	NA	NA	NA	NA	NA	NA	NA	NA	NA	NA	NA	NA	NA	NA	NA	NA	NA	NA	NA	NA	NA	NA	NA	NA	NA
19	NA	NA	NA	NA	NA	NA	NA	NA	NA	NA	NA	NA	NA	NA	NA	NA	NA	NA	NA	NA	NA	NA	NA	NA	NA
20	0.996629	0.00337079	NA	NA	NA	0.00462535	0.993525	0.000925069	0.000925069	NA	0.000330469	0.000660939	0.996365	0.00264375	NA	0.00299401	NA	0.00973054	0.987275	NA	NA	NA	0.000138523	NA	0.999861
21	0.996447	0.00137761	0.00134136	0.000797564	3.62529e-05	0.0024017	0.996233	0.000565105	0.000800565	NA	0.000850607	0.000581994	0.995926	0.00264136	NA	0.0011376	0.000935359	0.00247744	0.995424	2.528e-05	9.03481e-06	9.03481e-06	9.03481e-06	NA	0.999973
22	0.996191	0.00148745	0.00119721	0.00101582	0.000108838	0.00406714	0.993527	0.000687403	0.00166122	5.72836e-05	0.0016116	0.000331801	0.994502	0.00355501	NA	0.00150892	0.00174897	0.00308642	0.993519	0.000137174	1.04979e-05	1.04979e-05	NA	2.09958e-05	0.999958
23	0.997493	0.00106423	0.000685839	0.000756787	NA	0.00207503	0.996179	0.000724614	0.00102105	NA	0.000908778	0.000470057	0.996146	0.00247564	NA	0.00140662	0.0011593	0.00242681	0.99493	7.72869e-05	5.9102e-06	5.9102e-06	5.9102e-06	5.9102e-06	0.999976
24	0.997391	0.000811735	0.00104366	0.000695773	5.79811e-05	0.00164865	0.995604	0.00100751	0.00164865	9.15919e-05	0.000873057	0.000698446	0.995722	0.00270648	NA	0.000510184	0.000863388	0.00168753	0.9969	3.92449e-05	NA	NA	NA	6.14562e-05	0.999939
25	0.997539	0.001103	0.000721195	0.000593925	4.24232e-05	0.00215068	0.995564	0.00107534	0.00114255	6.72088e-05	0.00151837	0.000911023	0.994412	0.00315821	NA	0.00118642	0.00115676	0.0014237	0.996144	8.89812e-05	5.6427e-05	NA	2.25708e-05	3.38562e-05	0.999887
26	0.996134	0.000952488	0.00201703	0.000896459	NA	0.00212499	0.996136	0.000482952	0.00125567	NA	0.00173244	0.000866218	0.994514	0.00288739	NA	7.20617e-05	0.00108093	0.00172948	0.997118	NA	1.50755e-05	1.50755e-05	4.52264e-05	0.000120604	0.999804
27	0.996588	0.000949078	0.00132429	0.00108151	5.67555e-05	0.0012997	0.996526	0.000497654	0.00164274	3.38212e-05	0.00262298	0.00119943	0.991583	0.00457777	1.66012e-05	0.00117781	0.00143175	0.00344877	0.993821	0.000120925	3.87136e-05	2.16076e-05	2.07073e-05	3.24114e-05	0.999887
28	0.998855	0.000471571	0.000269469	0.000404204	NA	0.000194553	0.998573	0.000129702	0.00110246	NA	0.0023974	0.000822986	0.995491	0.00128815	NA	0.000751503	0.00175351	0.000125251	0.99737	NA	NA	NA	1.51108e-05	1.51108e-05	0.99997
29	0.999315	NA	0.000684932	NA	NA	0.00122699	0.998773	NA	NA	NA	NA	NA	0.999639	0.00036062	NA	NA	NA	NA	1	NA	NA	NA	NA	NA	1
30	0.997686	0.000419979	0.00123555	0.000628614	2.9805e-05	0.000346885	0.998125	0.000243646	0.00128017	4.12959e-06	0.00138725	0.000478619	0.997259	0.000871236	3.73921e-06	0.000521642	0.00128533	0.000721952	0.997413	5.84239e-05	1.88117e-05	8.06214e-06	8.06214e-06	2.5978e-05	0.999939
31	0.99843	0.000253135	0.000944568	0.000328138	4.4533e-05	0.0001878	0.998749	0.000124019	0.000931914	7.0868e-06	0.000938286	0.000199133	0.998312	0.000546771	3.37513e-06	0.000320381	0.000982681	0.000697299	0.99794	5.92301e-05	2.21464e-05	1.18114e-05	5.9057e-06	3.17431e-05	0.999928
32	0.998631	9.36406e-05	0.00112369	9.36406e-05	5.85254e-05	0.000109034	0.999361	0.000264798	0.000264798	NA	0.000252465	4.73373e-05	0.999274	0.000426036	NA	9.099e-05	0.00085935	0.00051561	0.998504	3.033e-05	3.25896e-06	3.25896e-06	3.25896e-06	2.28127e-05	0.999967
33	0.999046	3.37855e-05	0.000819298	0.000101356	NA	7.19149e-05	0.999569	0.00014383	0.000215745	NA	0.000197498	2.3235e-05	0.999338	0.000441465	NA	7.91409e-05	0.000736619	0.000773146	0.998381	3.04388e-05	9.3399e-06	9.3399e-06	4.66995e-06	2.80197e-05	0.999949
34	0.998708	0.000176522	0.000856245	0.000200593	5.84585e-05	9.62604e-05	0.999037	8.35467e-05	0.000773715	9.08117e-06	0.000845278	0.000225093	0.998553	0.000363611	1.25926e-05	0.000184944	0.000864331	0.000376179	0.998519	5.53575e-05	2.42161e-05	9.12492e-06	7.01917e-06	2.24613e-05	0.999937
35	0.999623	5.60363e-05	0.00024738	3.96355e-05	3.41685e-05	3.27581e-05	0.999711	3.82177e-05	0.000214747	3.63979e-06	0.000355901	5.50564e-05	0.999363	0.000218259	7.86521e-06	5.14105e-05	0.000356112	0.000431347	0.999108	5.26644e-05	1.02301e-05	3.1135e-06	4.44786e-06	1.15644e-05	0.999971
36	0.998794	0.000146524	0.000892199	0.000125488	4.20712e-05	5.93901e-05	0.999142	0.000108501	0.000682986	6.8527e-06	0.000545047	0.000160186	0.999106	0.000179949	8.32133e-06	0.000133953	0.000919019	0.000267058	0.998618	6.18897e-05	2.3212e-05	8.87518e-06	5.68922e-06	2.07087e-05	0.999942
37	0.998849	0.000109698	0.000896333	9.84466e-05	4.68793e-05	5.37204e-05	0.999217	0.000100929	0.000620226	8.13945e-06	0.000385466	7.16776e-05	0.9994	0.000133798	9.55702e-06	8.60218e-05	0.000835387	0.000255405	0.99876	6.29644e-05	2.24121e-05	1.04784e-05	8.44091e-06	2.47406e-05	0.999934
38	0.998879	0.000117619	0.000875065	8.00464e-05	4.84635e-05	2.86771e-05	0.999266	8.86385e-05	0.00061091	6.08303e-06	0.000459687	0.000100845	0.999342	7.89956e-05	1.84883e-05	6.12205e-05	0.000853747	0.000223733	0.998806	5.50984e-05	2.17653e-05	8.70613e-06	6.19474e-06	2.02585e-05	0.999943
39	0.998897	9.49524e-05	0.000900084	5.84994e-05	4.91133e-05	3.22234e-05	0.999273	7.81282e-05	0.000605763	1.11612e-05	0.000394679	8.40504e-05	0.99947	4.05761e-05	1.03997e-05	6.2942e-05	0.000800527	0.000175022	0.998907	5.41857e-05	2.24205e-05	8.51914e-06	7.1323e-06	2.14299e-05	0.99994
40	0.999038	8.3689e-05	0.000773032	4.90626e-05	5.66147e-05	2.47079e-05	0.999046	6.03278e-05	0.000859086	9.8208e-06	0.000408636	5.91865e-05	0.999487	2.98939e-05	1.57201e-05	5.07494e-05	0.000720804	0.000138177	0.999042	4.82094e-05	2.97921e-05	1.17439e-05	8.14369e-06	2.34249e-05	0.999927
