
SUMMARISING RUN PARAMETERS
==========================
Input filename: SC2277/host_removal/SC2277_R2.fastq.gz
Trimming mode: paired-end
Trim Galore version: 0.6.4_dev
Cutadapt version: 4.1
Python version: could not detect
Number of cores used for trimming: 2
Quality Phred score cutoff: 20
Quality encoding type selected: ASCII+33
Using Illumina adapter for trimming (count: 10456). Second best hit was Nextera (count: 0)
Adapter sequence: 'AGATCGGAAGAGC' (Illumina TruSeq, Sanger iPCR; auto-detected)
Maximum trimming error rate: 0.1 (default)
Minimum required adapter overlap (stringency): 1 bp
Minimum required sequence length for both reads before a sequence pair gets removed: 20 bp
Running FastQC on the data once trimming has completed
Output file will be GZIP compressed


This is cutadapt 4.1 with Python 3.9.13
Command line parameters: -j 2 -e 0.1 -q 20 -O 1 -a AGATCGGAAGAGC SC2277/host_removal/SC2277_R2.fastq.gz
Processing single-end reads on 2 cores ...
Finished in 14.33 s (38 µs/read; 1.60 M reads/minute).

=== Summary ===

Total reads processed:                 381,437
Reads with adapters:                   136,569 (35.8%)
Reads written (passing filters):       381,437 (100.0%)

Total basepairs processed:    95,740,687 bp
Quality-trimmed:               1,727,378 bp (1.8%)
Total written (filtered):     93,003,097 bp (97.1%)

=== Adapter 1 ===

Sequence: AGATCGGAAGAGC; Type: regular 3'; Length: 13; Trimmed: 136569 times

Minimum overlap: 1
No. of allowed errors:
1-9 bp: 0; 10-13 bp: 1

Bases preceding removed adapters:
  A: 38.3%
  C: 19.7%
  G: 11.4%
  T: 29.5%
  none/other: 1.1%

Overview of removed sequences
length	count	expect	max.err	error counts
1	88493	95359.2	0	88493
2	28389	23839.8	0	28389
3	4921	5960.0	0	4921
4	1560	1490.0	0	1560
5	113	372.5	0	113
6	86	93.1	0	86
7	1090	23.3	0	1090
8	49	5.8	0	49
9	111	1.5	0	109 2
10	116	0.4	1	107 9
11	32	0.1	1	31 1
12	115	0.0	1	107 8
13	25	0.0	1	23 2
14	112	0.0	1	109 3
15	34	0.0	1	30 4
16	46	0.0	1	45 1
17	86	0.0	1	78 8
18	33	0.0	1	30 3
19	59	0.0	1	55 4
20	44	0.0	1	39 5
21	7	0.0	1	7
22	45	0.0	1	45
23	59	0.0	1	55 4
24	400	0.0	1	383 17
25	23	0.0	1	18 5
26	76	0.0	1	70 6
27	82	0.0	1	74 8
28	102	0.0	1	93 9
29	28	0.0	1	21 7
30	114	0.0	1	107 7
31	28	0.0	1	26 2
32	96	0.0	1	91 5
33	75	0.0	1	71 4
34	90	0.0	1	87 3
35	85	0.0	1	82 3
36	58	0.0	1	54 4
37	172	0.0	1	165 7
38	101	0.0	1	92 9
39	237	0.0	1	227 10
40	116	0.0	1	110 6
41	198	0.0	1	187 11
42	239	0.0	1	220 19
43	245	0.0	1	235 10
44	221	0.0	1	200 21
45	393	0.0	1	385 8
46	169	0.0	1	158 11
47	212	0.0	1	201 11
48	114	0.0	1	110 4
49	86	0.0	1	80 6
50	73	0.0	1	72 1
51	98	0.0	1	93 5
52	52	0.0	1	44 8
53	89	0.0	1	75 14
54	201	0.0	1	194 7
55	56	0.0	1	52 4
56	142	0.0	1	128 14
57	366	0.0	1	358 8
58	144	0.0	1	136 8
59	34	0.0	1	27 7
60	102	0.0	1	100 2
61	26	0.0	1	23 3
62	35	0.0	1	32 3
63	34	0.0	1	31 3
64	22	0.0	1	22
65	12	0.0	1	12
66	8	0.0	1	8
67	7	0.0	1	6 1
68	13	0.0	1	11 2
69	11	0.0	1	11
70	28	0.0	1	28
71	8	0.0	1	7 1
72	12	0.0	1	12
73	18	0.0	1	13 5
74	29	0.0	1	27 2
75	55	0.0	1	48 7
76	77	0.0	1	57 20
77	153	0.0	1	120 33
78	276	0.0	1	218 58
79	453	0.0	1	327 126
80	780	0.0	1	625 155
81	682	0.0	1	536 146
82	418	0.0	1	316 102
83	256	0.0	1	187 69
84	177	0.0	1	134 43
85	115	0.0	1	83 32
86	77	0.0	1	50 27
87	72	0.0	1	49 23
88	35	0.0	1	26 9
89	60	0.0	1	42 18
90	43	0.0	1	28 15
91	18	0.0	1	13 5
92	34	0.0	1	23 11
93	22	0.0	1	17 5
94	115	0.0	1	105 10
95	29	0.0	1	26 3
96	51	0.0	1	42 9
97	53	0.0	1	50 3
98	24	0.0	1	17 7
99	13	0.0	1	8 5
100	9	0.0	1	5 4
101	13	0.0	1	10 3
102	9	0.0	1	3 6
103	13	0.0	1	6 7
104	6	0.0	1	5 1
105	22	0.0	1	18 4
106	11	0.0	1	6 5
107	18	0.0	1	10 8
108	9	0.0	1	8 1
109	9	0.0	1	5 4
110	11	0.0	1	4 7
111	9	0.0	1	4 5
112	9	0.0	1	5 4
113	12	0.0	1	8 4
114	11	0.0	1	4 7
115	7	0.0	1	3 4
116	13	0.0	1	9 4
117	28	0.0	1	22 6
118	6	0.0	1	3 3
119	8	0.0	1	3 5
120	12	0.0	1	6 6
121	7	0.0	1	5 2
122	7	0.0	1	4 3
123	31	0.0	1	27 4
124	9	0.0	1	5 4
125	6	0.0	1	2 4
126	10	0.0	1	3 7
127	13	0.0	1	11 2
128	8	0.0	1	4 4
129	6	0.0	1	2 4
130	7	0.0	1	3 4
131	12	0.0	1	9 3
132	4	0.0	1	3 1
133	9	0.0	1	9
134	11	0.0	1	6 5
135	2	0.0	1	1 1
136	8	0.0	1	4 4
137	9	0.0	1	4 5
138	4	0.0	1	1 3
139	2	0.0	1	1 1
140	7	0.0	1	2 5
141	33	0.0	1	28 5
142	5	0.0	1	3 2
143	9	0.0	1	5 4
144	6	0.0	1	1 5
145	12	0.0	1	10 2
146	20	0.0	1	15 5
147	20	0.0	1	17 3
148	12	0.0	1	6 6
149	5	0.0	1	4 1
150	2	0.0	1	0 2
151	9	0.0	1	8 1
152	4	0.0	1	2 2
153	17	0.0	1	12 5
154	9	0.0	1	5 4
155	9	0.0	1	7 2
156	24	0.0	1	21 3
157	23	0.0	1	20 3
158	22	0.0	1	16 6
159	29	0.0	1	23 6
160	26	0.0	1	22 4
161	23	0.0	1	18 5
162	23	0.0	1	19 4
163	16	0.0	1	14 2
164	34	0.0	1	30 4
165	6	0.0	1	6
166	22	0.0	1	21 1
167	32	0.0	1	26 6
168	24	0.0	1	22 2
169	26	0.0	1	25 1
170	12	0.0	1	11 1
171	9	0.0	1	8 1
172	24	0.0	1	22 2
173	13	0.0	1	12 1
174	16	0.0	1	12 4
175	19	0.0	1	16 3
176	17	0.0	1	15 2
177	2	0.0	1	1 1
178	5	0.0	1	3 2
179	7	0.0	1	5 2
180	11	0.0	1	10 1
181	8	0.0	1	8
182	1	0.0	1	1
183	4	0.0	1	4
184	2	0.0	1	2
185	31	0.0	1	30 1
186	2	0.0	1	2
187	8	0.0	1	8
188	1	0.0	1	1
189	1	0.0	1	1
190	9	0.0	1	8 1
191	2	0.0	1	1 1
192	7	0.0	1	6 1
193	5	0.0	1	5
194	2	0.0	1	2
195	3	0.0	1	2 1
196	2	0.0	1	2
197	1	0.0	1	1
198	3	0.0	1	3
199	4	0.0	1	3 1
200	9	0.0	1	9
201	2	0.0	1	2
202	3	0.0	1	1 2
203	2	0.0	1	2
204	1	0.0	1	0 1
205	1	0.0	1	1
206	3	0.0	1	3
207	2	0.0	1	2
208	4	0.0	1	4
209	2	0.0	1	1 1
210	3	0.0	1	3
211	1	0.0	1	1
212	1	0.0	1	1
213	1	0.0	1	1
214	4	0.0	1	4
215	5	0.0	1	5
216	2	0.0	1	2
217	4	0.0	1	3 1
218	1	0.0	1	0 1
219	1	0.0	1	1
220	1	0.0	1	1
222	1	0.0	1	1
223	1	0.0	1	1
224	1	0.0	1	1
225	3	0.0	1	3
227	3	0.0	1	3
228	2	0.0	1	2
229	1	0.0	1	1
230	2	0.0	1	2
231	1	0.0	1	1
234	3	0.0	1	3
235	1	0.0	1	0 1
236	1	0.0	1	1
237	1	0.0	1	1
238	1	0.0	1	1
239	2	0.0	1	2
240	1	0.0	1	0 1
241	1	0.0	1	1
244	1	0.0	1	1
245	2	0.0	1	0 2
248	1	0.0	1	0 1
249	3	0.0	1	0 3
250	10	0.0	1	0 10
251	230	0.0	1	0 230

RUN STATISTICS FOR INPUT FILE: SC2277/host_removal/SC2277_R2.fastq.gz
=============================================
381437 sequences processed in total

Total number of sequences analysed for the sequence pair length validation: 381437

Number of sequence pairs removed because at least one read was shorter than the length cutoff (20 bp): 2665 (0.70%)
