quality	AA	AC	AG	AT	A.	CA	CC	CG	CT	C.	GA	GC	GG	GT	G.	TA	TC	TG	TT	T.	.A	.C	.G	.T	..
0	NA	NA	NA	NA	NA	NA	NA	NA	NA	NA	NA	NA	NA	NA	NA	NA	NA	NA	NA	NA	NA	NA	NA	NA	NA
1	NA	NA	NA	NA	NA	NA	NA	NA	NA	NA	NA	NA	NA	NA	NA	NA	NA	NA	NA	NA	NA	NA	NA	NA	NA
2	NA	NA	NA	NA	NA	NA	NA	NA	NA	NA	NA	NA	NA	NA	NA	NA	NA	NA	NA	NA	NA	NA	NA	NA	NA
3	NA	NA	NA	NA	NA	NA	NA	NA	NA	NA	NA	NA	NA	NA	NA	NA	NA	NA	NA	NA	NA	NA	NA	NA	NA
4	NA	NA	NA	NA	NA	NA	NA	NA	NA	NA	NA	NA	NA	NA	NA	NA	NA	NA	NA	NA	NA	NA	NA	NA	NA
5	NA	NA	NA	NA	NA	NA	NA	NA	NA	NA	NA	NA	NA	NA	NA	NA	NA	NA	NA	NA	NA	NA	NA	NA	NA
6	NA	NA	NA	NA	NA	NA	NA	NA	NA	NA	NA	NA	NA	NA	NA	NA	NA	NA	NA	NA	NA	NA	NA	NA	NA
7	NA	NA	NA	NA	NA	NA	NA	NA	NA	NA	NA	NA	NA	NA	NA	NA	NA	NA	NA	NA	NA	NA	NA	NA	NA
8	NA	NA	NA	NA	NA	NA	NA	NA	NA	NA	NA	NA	NA	NA	NA	NA	NA	NA	NA	NA	NA	NA	NA	NA	NA
9	NA	NA	NA	NA	NA	NA	NA	NA	NA	NA	NA	NA	NA	NA	NA	NA	NA	NA	NA	NA	NA	NA	NA	NA	NA
10	NA	NA	NA	NA	NA	NA	NA	NA	NA	NA	NA	NA	NA	NA	NA	NA	NA	NA	NA	NA	NA	NA	NA	NA	NA
11	0.973922	0.0111945	0.00407073	0.0105585	0.000254421	0.0477246	0.92739	0.00613601	0.0187489	NA	0.0208472	0.00717145	0.93037	0.0413609	0.000250167	0.0246512	0.00976744	0.0269767	0.93814	0.000465116	3.58938e-05	3.58938e-05	NA	NA	0.999928
12	0.970475	0.013268	0.00734195	0.00886278	5.24425e-05	0.0359183	0.944073	0.00585205	0.014087	7.00845e-05	0.0127244	0.00590026	0.951307	0.0299843	8.39895e-05	0.0133493	0.00942305	0.0286824	0.948421	0.000123987	6.50251e-05	NA	7.22502e-06	0.00010115	0.999827
13	0.964693	0.015919	0.00819826	0.0110727	0.000117074	0.0303655	0.952479	0.00544287	0.0115902	0.000122101	0.00967546	0.00435154	0.963841	0.0220217	0.000109998	0.0150804	0.0102	0.0237057	0.950831	0.000182409	5.1306e-05	2.90411e-05	2.6137e-05	0.000132621	0.999761
14	0.962576	0.0166181	0.00747441	0.0131582	0.000173286	0.0299227	0.951861	0.00479185	0.0132304	0.000193788	0.0172616	0.00737586	0.944377	0.0307989	0.000186218	0.0178496	0.0136812	0.0219653	0.94627	0.000233673	7.00381e-05	2.76466e-05	4.23915e-05	8.10967e-05	0.999779
15	0.977758	0.0084566	0.00522242	0.00850962	5.30195e-05	0.0130304	0.975185	0.00274661	0.00885728	0.000180978	0.0140534	0.00583197	0.95545	0.0245631	0.000101249	0.0259747	0.0182488	0.0257947	0.929732	0.000249225	5.31689e-05	3.63787e-05	2.23869e-05	5.87656e-05	0.999829
16	0.965746	0.0113189	0.00922723	0.0135466	0.000161382	0.018046	0.96188	0.00453245	0.0153475	0.000193874	0.0171046	0.00771939	0.95122	0.0238176	0.00013882	0.0180964	0.0125388	0.019055	0.950047	0.000262911	0.00011936	4.81629e-05	4.08338e-05	0.000100514	0.999691
17	NA	NA	NA	NA	NA	NA	NA	NA	NA	NA	NA	NA	NA	NA	NA	NA	NA	NA	NA	NA	NA	NA	NA	NA	NA
18	NA	NA	NA	NA	NA	NA	NA	NA	NA	NA	NA	NA	NA	NA	NA	NA	NA	NA	NA	NA	NA	NA	NA	NA	NA
19	NA	NA	NA	NA	NA	NA	NA	NA	NA	NA	NA	NA	NA	NA	NA	NA	NA	NA	NA	NA	NA	NA	NA	NA	NA
20	0.998969	0.000687285	NA	0.000343643	NA	0.0049505	0.993564	0.00049505	0.000990099	NA	0.000849618	0.000212404	0.996602	0.00233645	NA	0.00228728	0.000914913	0.0233303	0.973468	NA	NA	NA	NA	NA	1
21	0.995985	0.00170245	0.00160081	0.000686063	2.54097e-05	0.00212356	0.99645	0.00046453	0.00096224	NA	0.00104318	0.000347727	0.996365	0.00224442	NA	0.00108096	0.000666595	0.00277447	0.99546	1.80161e-05	6.39088e-06	NA	6.39088e-06	1.27818e-05	0.999974
22	0.995403	0.00205968	0.00168291	0.000728424	0.00012559	0.004081	0.993781	0.000738466	0.00136033	3.88666e-05	0.00234571	0.000495573	0.994648	0.00247786	3.30382e-05	0.00145469	0.00118799	0.00383067	0.993405	0.000121224	2.92092e-05	7.30231e-06	7.30231e-06	5.11162e-05	0.999905
23	0.996245	0.00104759	0.00207907	0.000531855	9.67009e-05	0.00203685	0.995949	0.000995278	0.000948986	6.9438e-05	0.00102878	0.000547226	0.996235	0.00216701	2.1889e-05	0.00106767	0.000990622	0.00301589	0.994849	7.70484e-05	4.13844e-05	1.24153e-05	1.24153e-05	0.000111738	0.999822
24	0.995838	0.000628264	0.00306279	0.000431932	3.92665e-05	0.0019426	0.995676	0.0010653	0.00131595	NA	0.000800443	0.000431008	0.996552	0.00221661	NA	0.00100474	0.00064192	0.00189785	0.9964	5.58191e-05	4.28e-05	NA	1.07e-05	4.28e-05	0.999904
25	0.99648	0.000973097	0.00191757	0.000515169	0.000114482	0.0022174	0.995288	0.00147826	0.00101631	NA	0.00187461	0.00062487	0.994876	0.00262445	NA	0.000902451	0.000881464	0.0019728	0.996138	0.000104936	3.12003e-05	NA	2.34002e-05	0.000156001	0.999789
26	0.99486	0.00113392	0.00355293	0.000415769	3.77972e-05	0.00181783	0.995975	0.00123353	0.000973836	NA	0.00136968	0.00054787	0.994932	0.00315025	NA	0.000281899	0.00092258	0.00184516	0.996925	2.56272e-05	6.28582e-05	NA	3.14291e-05	0.000240956	0.999665
27	0.996544	0.000959977	0.00126426	0.00116354	6.85698e-05	0.00132047	0.996682	0.000462499	0.00151485	2.01087e-05	0.00233447	0.0014659	0.991649	0.00452755	2.3085e-05	0.00113916	0.00164848	0.00344805	0.993664	0.000100165	5.54573e-05	1.37085e-05	1.68241e-05	3.36483e-05	0.99988
28	0.997766	0.000670331	0.000625642	0.000849086	8.93775e-05	0.000354893	0.998669	0.000177447	0.000798509	NA	0.00255643	0.000747637	0.99508	0.00161586	NA	0.00075975	0.00379875	0.00143508	0.994006	NA	3.05645e-05	NA	1.01882e-05	2.03764e-05	0.999939
29	0.999508	NA	NA	NA	0.000491642	NA	0.999276	NA	0.000723589	NA	NA	NA	1	NA	NA	0.00104932	NA	NA	0.998951	NA	NA	NA	NA	NA	1
30	0.997159	0.000539908	0.00157819	0.000675829	4.71947e-05	0.000319472	0.998028	0.000409505	0.00123432	8.71288e-06	0.00136746	0.000483708	0.997289	0.000852372	7.84392e-06	0.00065964	0.00133101	0.000779841	0.997165	6.44982e-05	4.32689e-05	6.27085e-06	8.7792e-06	4.13876e-05	0.9999
31	0.998007	0.000322506	0.00132406	0.000311162	3.5654e-05	0.000155584	0.998664	0.000264246	0.000913749	2.46959e-06	0.000922999	0.000351952	0.998128	0.000594356	2.33081e-06	0.000292543	0.00115118	0.000963113	0.997546	4.74908e-05	3.64705e-05	2.05468e-06	7.19137e-06	4.72575e-05	0.999907
32	0.996774	0.000179684	0.00289128	0.000122512	3.26699e-05	0.000144151	0.998924	0.000643137	0.000288303	NA	0.000284395	3.28149e-05	0.999387	0.000295334	NA	0.000102354	0.000599503	0.00122825	0.998063	7.31101e-06	4.60632e-06	6.90948e-06	NA	0.000128977	0.99986
33	0.997071	5.8338e-05	0.00279439	7.00055e-05	5.8338e-06	0.0001008	0.999093	0.000487198	0.000319199	NA	0.000217342	4.02486e-05	0.999404	0.000338088	NA	9.2631e-05	0.000533731	0.00122626	0.998125	2.2055e-05	9.84517e-06	1.64086e-06	3.28172e-06	0.000100093	0.999885
34	0.998397	0.000254911	0.00106664	0.000209505	7.16937e-05	0.000124355	0.998938	0.000182726	0.000743593	1.14204e-05	0.00080683	0.000348304	0.998473	0.000362633	8.81782e-06	0.000202532	0.00115656	0.000418388	0.998146	7.63935e-05	3.24224e-05	7.36872e-06	4.17561e-06	3.14399e-05	0.999925
35	0.999545	7.97717e-05	0.00028212	5.54511e-05	3.79402e-05	4.42267e-05	0.99969	4.16251e-05	0.000222434	1.30078e-06	0.000364724	0.000149772	0.999268	0.000217725	NA	6.35627e-05	0.000525275	0.000444939	0.998918	4.85549e-05	1.48087e-05	5.35635e-06	3.15079e-06	9.45238e-06	0.999967
36	0.998361	0.000223534	0.00122361	0.000132803	5.93049e-05	6.69475e-05	0.998992	0.000236333	0.000694479	1.04857e-05	0.000563469	0.000342028	0.998935	0.000149089	1.02316e-05	0.000120369	0.00118563	0.000367727	0.998268	5.77771e-05	3.58918e-05	7.37063e-06	4.6467e-06	3.95771e-05	0.999913
37	0.998415	0.000185673	0.00126114	8.56451e-05	5.23023e-05	5.02962e-05	0.999075	0.000264055	0.000605841	4.57238e-06	0.000450158	0.000122668	0.999299	0.000123793	4.50158e-06	9.43704e-05	0.000861917	0.000402018	0.998574	6.73176e-05	3.25742e-05	7.17042e-06	2.86817e-06	4.91686e-05	0.999908
38	0.998488	0.000196649	0.0011925	7.21684e-05	5.1167e-05	3.37641e-05	0.999134	0.000248626	0.000574603	8.59449e-06	0.000409843	0.000227823	0.999277	7.85185e-05	7.13804e-06	7.2428e-05	0.0010037	0.000308314	0.998558	5.77841e-05	3.06384e-05	7.33428e-06	3.66714e-06	4.19947e-05	0.999916
39	0.998547	0.000177335	0.00116776	4.9571e-05	5.78584e-05	2.87544e-05	0.999151	0.000211587	0.000601553	7.50669e-06	0.000384099	0.000231621	0.999332	4.38071e-05	8.83403e-06	5.51531e-05	0.000993712	0.000268853	0.998617	6.50807e-05	3.61699e-05	6.6444e-06	6.03611e-06	3.76906e-05	0.999913
40	0.998852	0.000160402	0.000880294	4.57144e-05	6.19262e-05	2.21176e-05	0.999063	0.000146952	0.000759427	8.1486e-06	0.000394321	0.000172779	0.999393	2.80827e-05	1.19918e-05	4.857e-05	0.000912088	0.000188673	0.998802	4.89705e-05	5.266e-05	9.29229e-06	5.77265e-06	2.60722e-05	0.999906
