
SUMMARISING RUN PARAMETERS
==========================
Input filename: SC2278/host_removal/SC2278_R1.fastq.gz
Trimming mode: paired-end
Trim Galore version: 0.6.4_dev
Cutadapt version: 4.1
Python version: could not detect
Number of cores used for trimming: 2
Quality Phred score cutoff: 20
Quality encoding type selected: ASCII+33
Using Illumina adapter for trimming (count: 12881). Second best hit was smallRNA (count: 0)
Adapter sequence: 'AGATCGGAAGAGC' (Illumina TruSeq, Sanger iPCR; auto-detected)
Maximum trimming error rate: 0.1 (default)
Minimum required adapter overlap (stringency): 1 bp
Minimum required sequence length for both reads before a sequence pair gets removed: 20 bp
Running FastQC on the data once trimming has completed
Output file will be GZIP compressed


This is cutadapt 4.1 with Python 3.9.13
Command line parameters: -j 2 -e 0.1 -q 20 -O 1 -a AGATCGGAAGAGC SC2278/host_removal/SC2278_R1.fastq.gz
Processing single-end reads on 2 cores ...
Finished in 24.24 s (36 µs/read; 1.68 M reads/minute).

=== Summary ===

Total reads processed:                 677,292
Reads with adapters:                   240,289 (35.5%)
Reads written (passing filters):       677,292 (100.0%)

Total basepairs processed:   170,000,292 bp
Quality-trimmed:               1,454,405 bp (0.9%)
Total written (filtered):    166,864,751 bp (98.2%)

=== Adapter 1 ===

Sequence: AGATCGGAAGAGC; Type: regular 3'; Length: 13; Trimmed: 240289 times

Minimum overlap: 1
No. of allowed errors:
1-9 bp: 0; 10-13 bp: 1

Bases preceding removed adapters:
  A: 36.8%
  C: 19.5%
  G: 12.0%
  T: 30.5%
  none/other: 1.2%

Overview of removed sequences
length	count	expect	max.err	error counts
1	154066	169323.0	0	154066
2	55932	42330.8	0	55932
3	7013	10582.7	0	7013
4	2872	2645.7	0	2872
5	99	661.4	0	99
6	185	165.4	0	185
7	3384	41.3	0	3384
8	118	10.3	0	118
9	182	2.6	0	181 1
10	163	0.6	1	156 7
11	61	0.2	1	54 7
12	137	0.0	1	131 6
13	68	0.0	1	66 2
14	61	0.0	1	57 4
15	74	0.0	1	71 3
16	43	0.0	1	41 2
17	57	0.0	1	52 5
18	70	0.0	1	65 5
19	65	0.0	1	62 3
20	66	0.0	1	61 5
21	62	0.0	1	58 4
22	62	0.0	1	59 3
23	71	0.0	1	65 6
24	915	0.0	1	894 21
25	230	0.0	1	220 10
26	62	0.0	1	56 6
27	86	0.0	1	78 8
28	132	0.0	1	130 2
29	65	0.0	1	56 9
30	90	0.0	1	87 3
31	60	0.0	1	54 6
32	84	0.0	1	77 7
33	44	0.0	1	36 8
34	72	0.0	1	59 13
35	151	0.0	1	134 17
36	41	0.0	1	34 7
37	204	0.0	1	196 8
38	13	0.0	1	11 2
39	107	0.0	1	96 11
40	31	0.0	1	29 2
41	60	0.0	1	54 6
42	357	0.0	1	342 15
43	264	0.0	1	252 12
44	107	0.0	1	102 5
45	74	0.0	1	71 3
46	35	0.0	1	30 5
47	73	0.0	1	70 3
48	38	0.0	1	30 8
49	68	0.0	1	61 7
50	36	0.0	1	33 3
51	57	0.0	1	56 1
52	39	0.0	1	32 7
53	45	0.0	1	37 8
54	105	0.0	1	91 14
55	59	0.0	1	52 7
56	28	0.0	1	24 4
57	65	0.0	1	59 6
58	28	0.0	1	22 6
59	68	0.0	1	64 4
60	43	0.0	1	42 1
61	52	0.0	1	50 2
62	28	0.0	1	24 4
63	43	0.0	1	42 1
64	23	0.0	1	22 1
65	40	0.0	1	36 4
66	43	0.0	1	41 2
67	34	0.0	1	29 5
68	45	0.0	1	41 4
69	87	0.0	1	77 10
70	55	0.0	1	50 5
71	90	0.0	1	83 7
72	108	0.0	1	93 15
73	197	0.0	1	156 41
74	350	0.0	1	241 109
75	710	0.0	1	491 219
76	1525	0.0	1	1313 212
77	1274	0.0	1	1077 197
78	754	0.0	1	612 142
79	487	0.0	1	386 101
80	322	0.0	1	245 77
81	222	0.0	1	171 51
82	177	0.0	1	141 36
83	146	0.0	1	115 31
84	110	0.0	1	78 32
85	97	0.0	1	66 31
86	103	0.0	1	70 33
87	89	0.0	1	68 21
88	72	0.0	1	53 19
89	71	0.0	1	58 13
90	56	0.0	1	44 12
91	60	0.0	1	40 20
92	51	0.0	1	34 17
93	76	0.0	1	58 18
94	248	0.0	1	233 15
95	66	0.0	1	57 9
96	85	0.0	1	70 15
97	76	0.0	1	62 14
98	34	0.0	1	23 11
99	39	0.0	1	26 13
100	17	0.0	1	12 5
101	36	0.0	1	29 7
102	36	0.0	1	21 15
103	25	0.0	1	19 6
104	27	0.0	1	19 8
105	47	0.0	1	40 7
106	22	0.0	1	12 10
107	17	0.0	1	8 9
108	29	0.0	1	19 10
109	33	0.0	1	23 10
110	15	0.0	1	8 7
111	46	0.0	1	34 12
112	16	0.0	1	13 3
113	34	0.0	1	27 7
114	25	0.0	1	14 11
115	18	0.0	1	11 7
116	26	0.0	1	16 10
117	37	0.0	1	23 14
118	25	0.0	1	16 9
119	15	0.0	1	9 6
120	17	0.0	1	9 8
121	14	0.0	1	9 5
122	20	0.0	1	9 11
123	33	0.0	1	24 9
124	13	0.0	1	7 6
125	12	0.0	1	6 6
126	14	0.0	1	11 3
127	29	0.0	1	20 9
128	14	0.0	1	8 6
129	16	0.0	1	8 8
130	13	0.0	1	8 5
131	16	0.0	1	10 6
132	19	0.0	1	8 11
133	16	0.0	1	10 6
134	16	0.0	1	8 8
135	19	0.0	1	9 10
136	26	0.0	1	15 11
137	19	0.0	1	9 10
138	17	0.0	1	10 7
139	9	0.0	1	1 8
140	15	0.0	1	6 9
141	46	0.0	1	39 7
142	17	0.0	1	5 12
143	17	0.0	1	7 10
144	11	0.0	1	5 6
145	20	0.0	1	13 7
146	31	0.0	1	21 10
147	34	0.0	1	24 10
148	16	0.0	1	8 8
149	12	0.0	1	9 3
150	15	0.0	1	6 9
151	18	0.0	1	11 7
152	20	0.0	1	11 9
153	24	0.0	1	19 5
154	28	0.0	1	17 11
155	36	0.0	1	25 11
156	45	0.0	1	36 9
157	37	0.0	1	25 12
158	38	0.0	1	31 7
159	43	0.0	1	37 6
160	64	0.0	1	52 12
161	51	0.0	1	47 4
162	51	0.0	1	40 11
163	33	0.0	1	26 7
164	50	0.0	1	37 13
165	21	0.0	1	10 11
166	35	0.0	1	30 5
167	38	0.0	1	30 8
168	30	0.0	1	22 8
169	45	0.0	1	38 7
170	44	0.0	1	33 11
171	20	0.0	1	11 9
172	32	0.0	1	22 10
173	29	0.0	1	23 6
174	23	0.0	1	15 8
175	32	0.0	1	25 7
176	34	0.0	1	28 6
177	14	0.0	1	9 5
178	19	0.0	1	10 9
179	10	0.0	1	1 9
180	24	0.0	1	16 8
181	23	0.0	1	13 10
182	12	0.0	1	8 4
183	13	0.0	1	9 4
184	11	0.0	1	10 1
185	57	0.0	1	49 8
186	8	0.0	1	3 5
187	14	0.0	1	9 5
188	7	0.0	1	6 1
189	3	0.0	1	2 1
190	18	0.0	1	12 6
191	4	0.0	1	2 2
192	16	0.0	1	11 5
193	7	0.0	1	5 2
194	4	0.0	1	1 3
195	7	0.0	1	3 4
196	7	0.0	1	2 5
197	7	0.0	1	2 5
198	11	0.0	1	7 4
199	4	0.0	1	2 2
200	9	0.0	1	7 2
201	5	0.0	1	1 4
202	6	0.0	1	4 2
203	8	0.0	1	5 3
204	6	0.0	1	3 3
205	3	0.0	1	1 2
206	9	0.0	1	5 4
207	6	0.0	1	5 1
208	8	0.0	1	6 2
209	7	0.0	1	6 1
210	8	0.0	1	6 2
211	5	0.0	1	4 1
212	5	0.0	1	5
213	6	0.0	1	5 1
214	4	0.0	1	1 3
215	9	0.0	1	8 1
216	2	0.0	1	2
217	5	0.0	1	3 2
218	1	0.0	1	1
219	1	0.0	1	1
220	2	0.0	1	1 1
221	5	0.0	1	2 3
222	3	0.0	1	2 1
223	4	0.0	1	2 2
224	4	0.0	1	1 3
225	3	0.0	1	3
226	3	0.0	1	3
227	6	0.0	1	6
228	2	0.0	1	2
229	2	0.0	1	0 2
230	2	0.0	1	1 1
231	4	0.0	1	1 3
232	2	0.0	1	2
233	1	0.0	1	0 1
234	2	0.0	1	2
235	1	0.0	1	0 1
236	1	0.0	1	1
237	4	0.0	1	3 1
238	3	0.0	1	2 1
239	5	0.0	1	2 3
241	2	0.0	1	1 1
242	5	0.0	1	2 3
244	2	0.0	1	0 2
245	3	0.0	1	0 3
246	3	0.0	1	0 3
247	6	0.0	1	0 6
248	11	0.0	1	1 10
249	10	0.0	1	1 9
250	43	0.0	1	0 43
251	587	0.0	1	0 587

RUN STATISTICS FOR INPUT FILE: SC2278/host_removal/SC2278_R1.fastq.gz
=============================================
677292 sequences processed in total

