coverage	n
1	0
2	0
3	59
4	6
5	0
6	73
7	0
8	0
9	0
10	12
11	19
12	22
13	89
14	0
15	0
16	0
17	0
18	0
19	0
20	61
21	70
22	5
23	0
24	37
25	55
26	3
27	2
28	90
29	28
30	17
31	79
32	1
33	44
34	9
35	5
36	56
37	4
38	0
39	0
40	26
41	148
42	4
43	5
44	1
45	0
46	1
47	2
48	4
49	6
50	103
51	2
52	19
53	22
54	2
55	13
56	107
57	0
58	0
59	0
60	7
61	81
62	42
63	54
64	20
65	18
66	10
67	4
68	11
69	6
70	2
71	24
72	82
73	1
74	3
75	2
76	1
77	111
78	0
79	0
80	0
81	0
82	0
83	0
84	1
85	0
86	0
87	0
88	2
89	50
90	57
91	14
92	7
93	0
94	1
95	0
96	0
97	0
98	1
99	0
100	0
101	16
102	1
103	38
104	5
105	38
106	10
107	80
108	6
109	0
110	0
111	3
112	3
113	0
114	20
115	29
116	30
117	8
118	18
119	1
120	24
121	16
122	8
123	76
124	18
125	47
126	0
127	0
128	0
129	0
130	1
131	2
132	1
133	5
134	13
135	5
136	0
137	0
138	0
139	0
140	0
141	0
142	0
143	0
144	0
145	0
146	0
147	0
148	0
149	3
150	0
151	0
152	0
153	0
154	0
155	0
156	0
157	0
158	0
159	0
160	0
161	1
162	0
163	0
164	0
165	0
166	0
167	0
168	1
169	0
170	1
171	31
172	17
173	2
174	52
175	11
176	11
177	56
178	29
179	30
180	0
181	0
182	7
183	1
184	0
185	70
186	2
187	21
188	21
189	34
190	63
191	21
192	15
193	3
194	4
195	15
196	106
197	30
198	0
199	1
200	3
201	0
202	2
203	2
204	2
205	3
206	11
207	79
208	6
209	4
210	2
211	60
212	38
213	0
214	0
215	0
216	0
217	0
218	0
219	0
220	0
221	0
222	0
223	0
224	0
225	0
226	0
227	1
228	1
229	1
230	0
231	0
232	0
233	0
234	1
235	1
236	0
237	2
238	0
239	1
240	0
241	0
242	0
243	2
244	3
245	26
246	89
247	62
248	50
249	6
250	0
251	0
252	4
253	1
254	3
255	5
256	33
257	4
258	15
259	59
260	9
261	8
262	1
263	1
264	1
265	0
266	1
267	0
268	0
269	3
270	1
271	5
272	3
273	66
274	9
275	2
276	5
277	14
278	30
279	22
280	0
281	0
282	0
283	7
284	2
285	12
286	6
287	1
288	2
289	3
290	2
291	43
292	61
293	14
294	4
295	44
296	18
297	4
298	4
299	0
300	1
301	0
302	0
303	0
304	0
305	0
306	0
307	1
308	4
309	5
310	0
311	0
312	1
313	38
314	50
315	78
316	5
317	2
318	2
319	1
320	0
321	0
322	0
323	0
324	2
325	1
326	2
327	0
328	0
329	1
330	13
331	25
332	1
333	3
334	30
335	38
336	46
337	1
338	0
339	2
340	3
341	20
342	69
343	33
344	35
345	4
346	1
347	5
348	0
349	1
350	0
351	1
352	4
353	1
354	2
355	5
356	32
357	29
358	77
359	32
360	0
361	0
362	26
363	14
364	21
365	3
366	44
367	35
368	2
369	3
370	43
371	23
372	7
373	17
374	25
375	4
376	11
377	26
378	8
379	6
380	89
381	24
382	115
383	4
384	4
385	4
386	14
387	37
388	5
389	4
390	3
391	6
392	38
393	75
394	3
395	3
396	5
397	1
398	1
399	1
400	1
401	3
402	3
403	2
404	1
405	1
406	61
407	1
408	9
409	2
410	3
411	80
412	0
413	1
414	5
415	1
416	5
417	0
418	0
419	0
420	0
421	0
422	1
423	0
424	1
425	1
426	0
427	1
428	2
429	0
430	0
431	1
432	3
433	0
434	1
435	3
436	98
437	19
438	76
439	0
440	1
441	8
442	77
443	3
444	3
445	2
446	0
447	0
448	1
449	0
450	0
451	2
452	0
453	0
454	1
455	29
456	19
457	2
458	6
459	0
460	0
461	3
462	1
463	6
464	6
465	42
466	47
467	6
468	0
469	1
470	0
471	0
472	120
473	74
474	65
475	57
476	14
477	42
478	5
479	4
480	26
481	34
482	39
483	8
484	4
485	17
486	16
487	22
488	54
489	13
490	7
491	19
492	39
493	19
494	2
495	0
496	3
497	1
498	2
499	4
500	1
501	4
502	52
503	16
504	35
505	4
506	2
507	0
508	1
509	1
510	2
511	2
512	11
513	0
514	34
515	54
516	0
517	0
518	1
519	1
520	4
521	2
522	5
523	44
524	31
525	66
526	19
527	3
528	3
529	2
530	1
531	0
532	0
533	8
534	12
535	1
536	0
537	0
538	1
539	2
540	72
541	46
542	48
543	16
544	2
545	3
546	4
547	4
548	27
549	20
550	4
551	2
552	0
553	2
554	0
555	1
556	0
557	1
558	2
559	0
560	0
561	0
562	0
563	5
564	5
565	86
566	2
567	0
568	0
569	0
570	0
571	1
572	0
573	2
574	0
575	0
576	1
577	2
578	2
579	2
580	1
581	6
582	21
583	75
584	0
585	1
586	0
587	0
588	2
589	0
590	0
591	0
592	1
593	1
594	1
595	0
596	1
597	1
598	0
599	0
600	2
601	0
602	1
603	0
604	0
605	0
606	1
607	0
608	1
609	1
610	1
611	2
612	0
613	2
614	0
615	1
616	0
617	1
618	1
619	5
620	2
621	8
622	0
623	35
624	9
625	2
626	9
627	60
628	30
629	37
630	6
631	15
632	0
633	0
634	2
635	3
636	3
637	0
638	1
639	5
640	18
641	28
642	3
643	1
644	1
645	0
646	0
647	0
648	1
649	0
650	2
651	1
652	0
653	2
654	0
655	1
656	2
657	3
658	0
659	4
660	0
661	1
662	3
663	1
664	5
665	7
666	9
667	20
668	57
669	0
670	1
671	1
672	1
673	0
674	0
675	0
676	1
677	0
678	31
679	15
680	1
681	8
682	1
683	2
684	4
685	0
686	24
687	24
688	1
689	2
690	0
691	1
692	1
693	2
694	2
695	0
696	0
697	4
698	12
699	1
700	4
701	3
702	3
703	2
704	0
705	2
706	6
707	11
708	18
709	8
710	5
711	5
712	33
713	8
714	20
715	57
716	7
717	27
718	38
719	74
720	33
721	45
722	38
723	7
724	8
725	5
726	62
727	10
728	11
729	46
730	101
731	36
732	127
733	75
734	2
735	1
736	2
737	3
738	0
739	2
740	2
741	4
742	2
743	3
744	3
745	11
746	12
747	67
748	53
749	39
750	4
751	0
752	1
753	0
754	1
755	0
756	0
757	1
758	1
759	1
760	1
761	2
762	0
763	0
764	1
765	1
766	0
767	0
768	1
769	1
770	0
771	3
772	6
773	16
774	1
775	3
776	7
777	15
778	10
779	41
780	10
781	4
782	20
783	15
784	2
785	6
786	3
787	21
788	77
789	50
790	3
791	1
792	0
793	1
794	1
795	2
796	10
797	1
798	2
799	1
800	0
801	1
802	1
803	0
804	2
805	0
806	1
807	1
808	2
809	4
810	1
811	3
812	4
813	10
814	21
815	40
816	1
817	0
818	1
819	0
820	3
821	4
822	0
823	0
824	0
825	1
826	1
827	1
828	0
829	0
830	0
831	0
832	0
833	0
834	2
835	1
836	1
837	1
838	0
839	1
840	2
841	2
842	1
843	4
844	6
845	78
846	44
847	30
848	19
849	21
850	1
851	0
852	9
853	43
854	11
855	5
856	21
857	2
858	6
859	3
860	1
861	2
862	0
863	4
864	2
865	13
866	4
867	8
868	8
869	3
870	11
871	25
872	21
873	58
874	53
875	46
876	20
877	36
878	26
879	1
880	2
881	2
882	2
883	1
884	2
885	2
886	3
887	2
888	1
889	52
890	6
891	9
892	7
893	11
894	7
895	12
896	1
897	33
898	49
899	1
900	3
901	2
902	2
903	3
904	2
905	3
906	5
907	4
908	5
909	4
910	6
911	34
912	17
913	17
914	11
915	31
916	21
917	14
918	6
919	8
920	21
921	54
922	4
923	0
924	1
925	2
926	6
927	6
928	100
929	25
930	54
931	2
932	18
933	0
934	0
935	4
936	11
937	47
938	8
939	12
940	60
941	7
942	8
943	20
944	24
945	118
946	110
947	3
948	5
949	10
950	12
951	1
952	1
953	0
954	0
955	0
956	0
957	0
958	0
959	0
960	1
961	13
962	8
963	2
964	17
965	33
966	7
967	7
968	8
969	3
970	1
971	5
972	8
973	8
974	11
975	25
976	13
977	1
978	3
979	10
980	0
981	1
982	3
983	0
984	4
985	0
986	0
987	0
988	0
989	1
990	5
991	0
992	5
993	49
994	8
995	42
996	5
997	100
998	0
999	0
1000	1
1001	1
1002	0
1003	1
1004	1
1005	0
1006	2
1007	0
1008	1
1009	2
1010	2
1011	2
1012	52
1013	3
1014	1
1015	1
1016	17
1017	10
1018	3
1019	16
1020	14
1021	3
1022	12
1023	4
1024	5
1025	6
1026	3
1027	4
1028	13
1029	53
1030	0
1031	0
1032	0
1033	1
1034	1
1035	1
1036	0
1037	0
1038	0
1039	0
1040	0
1041	2
1042	1
1043	1
1044	4
1045	3
1046	2
1047	0
1048	26
1049	10
1050	16
1051	81
1052	10
1053	5
1054	0
1055	3
1056	29
1057	8
1058	2
1059	4
1060	1
1061	1
1062	0
1063	3
1064	0
1065	1
1066	48
1067	8
1068	8
1069	29
1070	10
1071	54
1072	2
1073	8
1074	5
1075	8
1076	6
1077	8
1078	5
1079	31
1080	10
1081	30
1082	3
1083	3
1084	3
1085	8
1086	65
1087	0
1088	2
1089	1
1090	0
1091	7
1092	6
1093	0
1094	5
1095	5
1096	3
1097	19
1098	1
1099	2
1100	2
1101	0
1102	0
1103	1
1104	61
1105	0
1106	4
1107	8
1108	30
1109	46
1110	13
1111	2
1112	3
1113	3
1114	9
1115	0
1116	3
1117	2
1118	0
1119	0
1120	0
1121	0
1122	0
1123	1
1124	1
1125	0
1126	0
1127	1
1128	1
1129	0
1130	0
1131	1
1132	0
1133	0
1134	0
1135	0
1136	1
1137	0
1138	0
1139	0
1140	0
1141	1
1142	1
1143	0
1144	0
1145	0
1146	0
1147	0
1148	1
1149	0
1150	0
1151	0
1152	0
1153	0
1154	2
1155	0
1156	1
1157	0
1158	0
1159	0
1160	0
1161	1
1162	0
1163	0
1164	0
1165	0
1166	14
1167	20
1168	11
1169	1
1170	1
1171	0
1172	0
1173	0
1174	2
1175	0
1176	11
1177	13
1178	12
1179	1
1180	3
1181	0
1182	1
1183	2
1184	0
1185	4
1186	1
1187	2
1188	0
1189	1
1190	1
1191	3
1192	1
1193	6
1194	3
1195	24
1196	2
1197	7
1198	2
1199	1
1200	19
1201	1
1202	12
1203	5
1204	2
1205	9
1206	38
1207	12
1208	2
1209	11
1210	5
1211	9
1212	12
1213	5
1214	2
1215	3
1216	1
1217	2
1218	0
1219	5
1220	12
1221	5
1222	2
1223	1
1224	39
1225	5
1226	14
1227	10
1228	59
1229	13
1230	4
1231	9
1232	9
1233	12
1234	1
1235	0
1236	3
1237	12
1238	33
1239	8
1240	31
1241	27
1242	25
1243	20
1244	25
1245	19
1246	1
1247	6
1248	2
1249	19
1250	16
1251	4
1252	4
1253	1
1254	3
1255	0
1256	1
1257	1
1258	0
1259	0
1260	0
1261	0
1262	1
1263	0
1264	28
1265	1
1266	1
1267	2
1268	2
1269	0
1270	1
1271	7
1272	8
1273	1
1274	1
1275	2
1276	2
1277	1
1278	1
1279	2
1280	21
1281	18
1282	8
1283	11
1284	28
1285	70
1286	5
1287	5
1288	6
1289	16
1290	92
1291	8
1292	4
1293	4
1294	8
1295	1
1296	3
1297	3
1298	4
1299	3
1300	1
1301	53
1302	4
1303	7
1304	14
1305	91
1306	30
1307	44
1308	72
1309	17
1310	11
1311	2
1312	3
1313	3
1314	1
1315	2
1316	6
1317	11
1318	9
1319	18
1320	7
1321	33
1322	4
1323	26
1324	43
1325	25
1326	33
1327	16
1328	1
1329	9
1330	3
1331	30
1332	3
1333	1
1334	0
1335	3
1336	15
1337	17
1338	2
1339	17
1340	23
1341	7
1342	16
1343	11
1344	0
1345	1
1346	3
1347	6
1348	59
1349	15
1350	2
1351	2
1352	0
1353	1
1354	2
1355	2
1356	2
1357	42
1358	73
1359	11
1360	3
1361	2
1362	21
1363	6
1364	20
1365	34
1366	11
1367	1
1368	3
1369	4
1370	1
1371	1
1372	0
1373	2
1374	0
1375	0
1376	1
1377	0
1378	0
1379	2
1380	0
1381	0
1382	0
1383	0
1384	2
1385	0
1386	0
1387	1
1388	0
1389	1
1390	1
1391	2
1392	4
1393	3
1394	2
1395	4
1396	26
1397	14
1398	8
1399	10
1400	15
1401	4
1402	1
1403	14
1404	17
1405	5
1406	6
1407	1
1408	1
1409	0
1410	1
1411	0
1412	2
1413	3
1414	7
1415	4
1416	22
1417	12
1418	17
1419	43
1420	3
1421	9
1422	1
1423	3
1424	2
1425	2
1426	2
1427	3
1428	4
1429	18
1430	29
1431	0
1432	0
1433	1
1434	1
1435	22
1436	4
1437	1
1438	2
1439	0
1440	2
1441	31
1442	4
1443	3
1444	0
1445	5
1446	1
1447	0
1448	0
1449	0
1450	0
1451	2
1452	3
1453	0
1454	0
1455	0
1456	1
1457	0
1458	2
1459	0
1460	1
1461	1
1462	2
1463	0
1464	2
1465	0
1466	4
1467	4
1468	64
1469	1
1470	3
1471	3
1472	2
1473	1
1474	1
1475	1
1476	1
1477	1
1478	1
1479	1
1480	4
1481	10
1482	38
1483	0
1484	1
1485	0
1486	2
1487	0
1488	1
1489	0
1490	3
1491	0
1492	1
1493	0
1494	0
1495	0
1496	0
1497	2
1498	0
1499	2
1500	0
1501	1
1502	0
1503	2
1504	0
1505	1
1506	0
1507	4
1508	73
1509	1
1510	0
1511	5
1512	7
1513	3
1514	72
1515	0
1516	1
1517	1
1518	60
1519	4
1520	13
1521	9
1522	11
1523	11
1524	7
1525	45
1526	1
1527	55
1528	8
1529	7
1530	4
1531	7
1532	5
1533	8
1534	8
1535	10
1536	25
1537	29
1538	2
1539	6
1540	12
1541	2
1542	4
1543	10
1544	51
1545	27
1546	17
1547	11
1548	18
1549	0
1550	2
1551	16
1552	14
1553	14
1554	2
1555	5
1556	6
1557	0
1558	1
1559	0
1560	2
1561	4
1562	5
1563	0
1564	1
1565	6
1566	0
1567	2
1568	1
1569	1
1570	0
1571	1
1572	2
1573	1
1574	1
1575	1
1576	3
1577	1
1578	8
1579	11
1580	17
1581	37
1582	19
1583	0
1584	1
1585	1
1586	1
1587	0
1588	0
1589	2
1590	1
1591	1
1592	0
1593	0
1594	0
1595	3
1596	0
1597	1
1598	0
1599	2
1600	0
1601	3
1602	0
1603	4
1604	3
1605	9
1606	38
1607	0
1608	0
1609	0
1610	1
1611	1
1612	0
1613	0
1614	1
1615	3
1616	0
1617	2
1618	0
1619	0
1620	0
1621	2
1622	7
1623	0
1624	0
1625	1
1626	0
1627	2
1628	0
1629	1
1630	3
1631	1
1632	0
1633	0
1634	9
1635	23
1636	22
1637	2
1638	4
1639	6
1640	2
1641	0
1642	0
1643	1
1644	1
1645	1
1646	0
1647	0
1648	12
1649	56
1650	7
1651	8
1652	5
1653	1
1654	1
1655	1
1656	1
1657	0
1658	3
1659	1
1660	2
1661	3
1662	3
1663	10
1664	41
1665	11
1666	0
1667	0
1668	0
1669	0
1670	0
1671	0
1672	1
1673	0
1674	3
1675	23
1676	11
1677	15
1678	1
1679	2
1680	4
1681	8
1682	5
1683	7
1684	18
1685	42
1686	14
1687	2
1688	2
1689	5
1690	2
1691	0
1692	5
1693	19
1694	5
1695	9
1696	13
1697	27
1698	38
1699	38
1700	31
1701	33
1702	0
1703	2
1704	0
1705	0
1706	0
1707	0
1708	4
1709	3
1710	1
1711	0
1712	0
1713	2
1714	0
1715	1
1716	2
1717	1
1718	0
1719	0
1720	1
1721	0
1722	2
1723	1
1724	0
1725	0
1726	0
1727	0
1728	1
1729	0
1730	0
1731	1
1732	0
1733	0
1734	0
1735	2
1736	1
1737	0
1738	0
1739	1
1740	1
1741	0
1742	0
1743	0
1744	0
1745	0
1746	0
1747	2
1748	1
1749	0
1750	1
1751	0
1752	0
1753	2
1754	1
1755	0
1756	0
1757	0
1758	0
1759	1
1760	0
1761	1
1762	1
1763	0
1764	1
1765	1
1766	0
1767	1
1768	0
1769	1
1770	1
1771	4
1772	2
1773	5
1774	5
1775	3
1776	25
1777	48
1778	14
1779	58
1780	0
1781	1
1782	0
1783	0
1784	8
1785	8
1786	26
1787	1
1788	3
1789	0
1790	8
1791	3
1792	3
1793	1
1794	1
1795	0
1796	2
1797	2
1798	0
1799	0
1800	1
1801	0
1802	1
1803	2
1804	22
1805	22
1806	9
1807	1
1808	1
1809	1
1810	1
1811	1
1812	3
1813	1
1814	2
1815	1
1816	2
1817	61
1818	1
1819	2
1820	1
1821	0
1822	0
1823	1
1824	1
1825	0
1826	3
1827	1
1828	2
1829	3
1830	12
1831	2
1832	1
1833	3
1834	2
1835	15
1836	15
1837	13
1838	24
1839	21
1840	2
1841	2
1842	1
1843	4
1844	3
1845	2
1846	3
1847	0
1848	6
1849	3
1850	0
1851	5
1852	3
1853	41
1854	58
1855	0
1856	0
1857	1
1858	1
1859	1
1860	3
1861	4
1862	5
1863	1
1864	3
1865	3
1866	0
1867	7
1868	2
1869	6
1870	3
1871	8
1872	7
1873	13
1874	30
1875	70
1876	6
1877	9
1878	6
1879	8
1880	43
1881	27
1882	0
1883	2
1884	9
1885	16
1886	3
1887	5
1888	15
1889	1
1890	20
1891	44
1892	6
1893	6
1894	6
1895	9
1896	11
1897	5
1898	15
1899	12
1900	22
1901	20
1902	8
1903	8
1904	10
1905	5
1906	72
1907	54
1908	24
1909	1
1910	10
1911	15
1912	24
1913	35
1914	24
1915	2
1916	34
1917	25
1918	9
1919	14
1920	6
1921	0
1922	0
1923	0
1924	0
1925	0
1926	0
1927	3
1928	11
1929	5
1930	2
1931	5
1932	3
1933	1
1934	1
1935	0
1936	3
1937	2
1938	6
1939	5
1940	3
1941	1
1942	3
1943	0
1944	2
1945	2
1946	0
1947	3
1948	1
1949	50
1950	8
1951	3
1952	3
1953	7
1954	0
1955	2
1956	0
1957	2
1958	1
1959	1
1960	1
1961	9
1962	11
1963	8
1964	14
1965	5
1966	0
1967	5
1968	4
1969	1
1970	0
1971	4
1972	2
1973	0
1974	1
1975	2
1976	8
1977	3
1978	6
1979	8
1980	7
1981	1
1982	0
1983	9
1984	10
1985	6
1986	7
1987	33
1988	24
1989	0
1990	0
1991	1
1992	0
1993	0
1994	0
1995	0
1996	1
1997	3
1998	0
1999	1
2000	0
2001	1
2002	1
2003	0
2004	0
2005	0
2006	1
2007	1
2008	1
2009	0
2010	10
2011	1
2012	0
2013	0
2014	0
2015	7
2016	6
2017	1
2018	4
2019	34
2020	3
2021	5
2022	0
2023	0
2024	0
2025	3
2026	2
2027	0
2028	0
2029	1
2030	2
2031	1
2032	1
2033	2
2034	3
2035	27
2036	32
2037	4
2038	4
2039	3
2040	1
2041	1
2042	1
2043	4
2044	3
2045	3
2046	0
2047	4
2048	1
2049	0
2050	6
2051	7
2052	1
2053	8
2054	5
2055	10
2056	8
2057	22
2058	11
2059	17
2060	16
2061	3
2062	0
2063	2
2064	0
2065	2
2066	0
2067	0
2068	3
2069	1
2070	2
2071	3
2072	1
2073	1
2074	1
2075	2
2076	5
2077	21
2078	8
2079	9
2080	16
2081	3
2082	3
2083	0
2084	4
2085	4
2086	15
2087	12
2088	54
2089	35
2090	15
2091	1
2092	3
2093	6
2094	9
2095	7
2096	18
2097	27
2098	31
2099	3
2100	14
2101	19
2102	1
2103	3
2104	5
2105	3
2106	8
2107	3
2108	10
2109	10
2110	2
2111	2
2112	1
2113	3
2114	0
2115	3
2116	16
2117	37
2118	26
2119	17
2120	3
2121	2
2122	0
2123	0
2124	1
2125	1
2126	2
2127	3
2128	3
2129	4
2130	2
2131	1
2132	3
2133	1
2134	26
2135	22
2136	38
2137	0
2138	0
2139	0
2140	1
2141	0
2142	2
2143	0
2144	2
2145	1
2146	0
2147	0
2148	2
2149	0
2150	2
2151	3
2152	0
2153	1
2154	0
2155	1
2156	1
2157	0
2158	1
2159	1
2160	1
2161	1
2162	0
2163	7
2164	33
2165	47
2166	8
2167	49
2168	1
2169	5
2170	3
2171	0
2172	1
2173	1
2174	1
2175	1
2176	4
2177	0
2178	0
2179	2
2180	1
2181	1
2182	6
2183	42
2184	15
2185	7
2186	9
2187	1
2188	1
2189	0
2190	1
2191	2
2192	0
2193	3
2194	0
2195	1
2196	2
2197	1
2198	3
2199	5
2200	5
2201	6
2202	32
2203	3
2204	4
2205	2
2206	2
2207	5
2208	3
2209	8
2210	49
2211	21
2212	3
2213	1
2214	0
2215	0
2216	0
2217	0
2218	19
2219	0
2220	1
2221	6
2222	1
2223	2
2224	0
2225	1
2226	0
2227	0
2228	0
2229	1
2230	0
2231	1
2232	0
2233	0
2234	0
2235	0
2236	0
2237	0
2238	0
2239	1
2240	0
2241	0
2242	1
2243	2
2244	1
2245	1
2246	4
2247	0
2248	1
2249	1
2250	0
2251	2
2252	0
2253	0
2254	0
2255	1
2256	0
2257	0
2258	0
2259	0
2260	0
2261	1
2262	0
2263	0
2264	1
2265	1
2266	1
2267	1
2268	1
2269	1
2270	0
2271	0
2272	1
2273	2
2274	0
2275	0
2276	1
2277	2
2278	7
2279	6
2280	5
2281	0
2282	2
2283	3
2284	1
2285	2
2286	0
2287	0
2288	0
2289	0
2290	1
2291	18
2292	19
2293	4
2294	8
2295	8
2296	5
2297	13
2298	12
2299	2
2300	1
2301	3
2302	5
2303	8
2304	9
2305	2
2306	0
2307	2
2308	4
2309	23
2310	9
2311	7
2312	2
2313	2
2314	2
2315	2
2316	4
2317	35
2318	5
2319	4
2320	6
2321	44
2322	35
2323	0
2324	5
2325	0
2326	1
2327	1
2328	6
2329	16
2330	5
2331	5
2332	1
2333	8
2334	14
2335	2
2336	1
2337	0
2338	0
2339	2
2340	1
2341	1
2342	0
2343	0
2344	0
2345	1
2346	2
2347	0
2348	0
2349	0
2350	2
2351	2
2352	10
2353	1
2354	13
2355	25
2356	47
2357	10
2358	21
2359	3
2360	0
2361	0
2362	0
2363	1
2364	1
2365	0
2366	2
2367	2
2368	1
2369	0
2370	0
2371	1
2372	0
2373	0
2374	0
2375	0
2376	0
2377	2
2378	0
2379	1
2380	0
2381	0
2382	0
2383	0
2384	2
2385	0
2386	2
2387	0
2388	0
2389	0
2390	0
2391	2
2392	2
2393	2
2394	1
2395	1
2396	1
2397	2
2398	0
2399	1
2400	0
2401	0
2402	0
2403	3
2404	2
2405	1
2406	2
2407	3
2408	1
2409	1
2410	6
2411	5
2412	24
2413	3
2414	5
2415	15
2416	3
2417	0
2418	4
2419	5
2420	6
2421	1
2422	2
2423	1
2424	5
2425	14
2426	34
2427	20
2428	2
2429	2
2430	8
2431	16
2432	14
2433	8
2434	16
2435	24
2436	33
2437	18
2438	2
2439	1
2440	9
2441	7
2442	14
2443	1
2444	2
2445	6
2446	13
2447	19
2448	13
2449	0
2450	3
2451	0
2452	2
2453	16
2454	28
2455	17
2456	1
2457	9
2458	23
2459	3
2460	14
2461	64
2462	21
2463	41
2464	11
2465	15
2466	21
2467	18
2468	34
2469	8
2470	5
2471	0
2472	2
2473	2
2474	0
2475	2
2476	4
2477	16
2478	13
2479	1
2480	8
2481	5
2482	25
2483	11
2484	9
2485	7
2486	6
2487	1
2488	27
2489	1
2490	3
2491	2
2492	1
2493	0
2494	2
2495	1
2496	1
2497	1
2498	0
2499	0
2500	0
2501	0
2502	1
2503	1
2504	0
2505	2
2506	0
2507	3
2508	9
2509	6
2510	15
2511	14
2512	17
2513	6
2514	0
2515	1
2516	22
2517	4
2518	14
2519	32
2520	10
2521	2
2522	5
2523	5
2524	13
2525	13
2526	14
2527	8
2528	5
2529	57
2530	2
2531	0
2532	4
2533	0
2534	2
2535	0
2536	1
2537	1
2538	4
2539	0
2540	1
2541	0
2542	2
2543	0
2544	0
2545	0
2546	0
2547	0
2548	0
2549	0
2550	1
2551	1
2552	0
2553	1
2554	0
2555	0
2556	1
2557	1
2558	1
2559	0
2560	0
2561	1
2562	2
2563	1
2564	0
2565	0
2566	0
2567	0
2568	0
2569	3
2570	0
2571	2
2572	3
2573	3
2574	8
2575	79
2576	32
2577	1
2578	1
2579	1
2580	0
2581	1
2582	2
2583	2
2584	2
2585	1
2586	5
2587	9
2588	43
2589	0
2590	0
2591	0
2592	0
2593	2
2594	3
2595	2
2596	3
2597	1
2598	2
2599	9
2600	5
2601	34
2602	24
2603	2
2604	2
2605	14
2606	1
2607	0
2608	4
2609	0
2610	1
2611	1
2612	2
2613	0
2614	8
2615	3
2616	3
2617	81
2618	6
2619	0
2620	1
2621	1
2622	2
2623	1
2624	1
2625	0
2626	1
2627	1
2628	1
2629	1
2630	4
2631	4
2632	4
2633	20
2634	15
2635	12
2636	34
2637	10
2638	1
2639	0
2640	0
2641	0
2642	0
2643	0
2644	0
2645	1
2646	0
2647	0
2648	0
2649	0
2650	0
2651	1
2652	2
2653	0
2654	0
2655	0
2656	0
2657	2
2658	0
2659	0
2660	0
2661	0
2662	0
2663	1
2664	1
2665	0
2666	0
2667	0
2668	1
2669	0
2670	1
2671	0
2672	0
2673	0
2674	0
2675	0
2676	1
2677	0
2678	0
2679	0
2680	0
2681	0
2682	1
2683	0
2684	0
2685	0
2686	0
2687	0
2688	0
2689	0
2690	0
2691	0
2692	0
2693	0
2694	2
2695	0
2696	9
2697	3
2698	1
2699	1
2700	1
2701	1
2702	0
2703	0
2704	0
2705	0
2706	1
2707	0
2708	0
2709	0
2710	0
2711	0
2712	0
2713	0
2714	1
2715	0
2716	0
2717	0
2718	0
2719	0
2720	0
2721	0
2722	0
2723	0
2724	1
2725	0
2726	0
2727	1
2728	0
2729	1
2730	0
2731	1
2732	0
2733	1
2734	1
2735	0
2736	0
2737	1
2738	0
2739	0
2740	0
2741	1
2742	0
2743	0
2744	2
2745	0
2746	0
2747	1
2748	0
2749	0
2750	0
2751	0
2752	0
2753	0
2754	0
2755	0
2756	1
2757	1
2758	0
2759	0
2760	0
2761	0
2762	0
2763	0
2764	0
2765	0
2766	0
2767	0
2768	0
2769	0
2770	0
2771	0
2772	0
2773	2
2774	1
2775	1
2776	9
2777	8
2778	30
2779	0
2780	0
2781	1
2782	1
2783	1
2784	1
2785	1
2786	3
2787	1
2788	0
2789	3
2790	0
2791	14
2792	33
2793	7
2794	1
2795	2
2796	5
2797	2
2798	3
2799	6
2800	4
2801	18
2802	3
2803	2
2804	6
2805	10
2806	1
2807	6
2808	6
2809	60
2810	12
2811	0
2812	0
2813	0
2814	0
2815	0
2816	2
2817	0
2818	0
2819	0
2820	0
2821	1
2822	0
2823	0
2824	2
2825	2
2826	1
2827	0
2828	0
2829	3
2830	0
2831	0
2832	2
2833	1
2834	3
2835	0
2836	0
2837	2
2838	3
2839	2
2840	3
2841	3
2842	1
2843	2
2844	3
2845	8
2846	11
2847	3
2848	7
2849	4
2850	20
2851	38
2852	15
2853	3
2854	8
2855	8
2856	16
2857	1
2858	2
2859	0
2860	0
2861	0
2862	0
2863	1
2864	0
2865	0
2866	1
2867	4
2868	3
2869	1
2870	2
2871	1
2872	7
2873	13
2874	2
2875	4
2876	0
2877	0
2878	3
2879	8
2880	10
2881	15
2882	1
2883	9
2884	2
2885	1
2886	4
2887	5
2888	24
2889	3
2890	4
2891	0
2892	1
2893	1
2894	6
2895	4
2896	4
2897	6
2898	6
2899	4
2900	2
2901	4
2902	0
2903	1
2904	1
2905	0
2906	2
2907	2
2908	0
2909	0
2910	0
2911	4
2912	4
2913	9
2914	7
2915	4
2916	3
2917	2
2918	2
2919	1
2920	0
2921	1
2922	1
2923	7
2924	1
2925	4
2926	3
2927	2
2928	8
2929	25
2930	32
2931	3
2932	0
2933	6
2934	38
2935	46
2936	7
2937	4
2938	6
2939	4
2940	0
2941	0
2942	0
2943	0
2944	2
2945	8
2946	4
2947	12
2948	5
2949	0
2950	0
2951	0
2952	0
2953	4
2954	1
2955	2
2956	5
2957	0
2958	1
2959	3
2960	3
2961	7
2962	3
2963	3
2964	6
2965	9
2966	1
2967	1
2968	11
2969	3
2970	3
2971	2
2972	9
2973	0
2974	0
2975	1
2976	0
2977	0
2978	0
2979	0
2980	0
2981	0
2982	0
2983	0
2984	0
2985	0
2986	1
2987	2
2988	0
2989	0
2990	0
2991	2
2992	0
2993	1
2994	0
2995	0
2996	0
2997	0
2998	0
2999	0
3000	0
3001	0
3002	1
3003	0
3004	0
3005	0
3006	1
3007	1
3008	0
3009	0
3010	0
3011	3
3012	3
3013	1
3014	0
3015	1
3016	1
3017	0
3018	0
3019	0
3020	0
3021	0
3022	3
3023	3
3024	2
3025	3
3026	5
3027	5
3028	2
3029	10
3030	18
3031	2
3032	13
3033	46
3034	2
3035	1
3036	2
3037	1
3038	5
3039	4
3040	19
3041	47
3042	21
3043	0
3044	1
3045	0
3046	3
3047	0
3048	0
3049	0
3050	0
3051	0
3052	0
3053	1
3054	1
3055	0
3056	0
3057	0
3058	0
3059	0
3060	1
3061	0
3062	0
3063	0
3064	0
3065	0
3066	0
3067	0
3068	0
3069	0
3070	0
3071	0
3072	0
3073	0
3074	0
3075	0
3076	1
3077	0
3078	0
3079	0
3080	0
3081	1
3082	1
3083	1
3084	0
3085	2
3086	1
3087	2
3088	2
3089	1
3090	1
3091	18
3092	44
3093	6
3094	0
3095	0
3096	0
3097	0
3098	1
3099	0
3100	0
3101	0
3102	0
3103	0
3104	1
3105	0
3106	0
3107	0
3108	0
3109	1
3110	0
3111	0
3112	0
3113	0
3114	0
3115	0
3116	0
3117	0
3118	0
3119	0
3120	0
3121	0
3122	0
3123	0
3124	0
3125	0
3126	0
3127	1
3128	1
3129	0
3130	0
3131	1
3132	0
3133	0
3134	0
3135	0
3136	0
3137	0
3138	0
3139	0
3140	0
3141	0
3142	1
3143	0
3144	0
3145	0
3146	0
3147	0
3148	0
3149	0
3150	0
3151	0
3152	0
3153	0
3154	0
3155	0
3156	0
3157	0
3158	1
3159	0
3160	0
3161	0
3162	0
3163	0
3164	0
3165	0
3166	0
3167	0
3168	0
3169	1
3170	0
3171	0
3172	0
3173	0
3174	1
3175	0
3176	1
3177	1
3178	2
3179	0
3180	0
3181	1
3182	1
3183	0
3184	0
3185	1
3186	1
3187	0
3188	0
3189	0
3190	11
3191	12
3192	40
3193	17
3194	13
3195	12
3196	1
3197	1
3198	2
3199	0
3200	0
3201	0
3202	2
3203	1
3204	2
3205	0
3206	0
3207	1
3208	3
3209	2
3210	0
3211	0
3212	0
3213	0
3214	0
3215	0
3216	1
3217	0
3218	1
3219	0
3220	0
3221	0
3222	2
3223	0
3224	0
3225	0
3226	1
3227	0
3228	0
3229	0
3230	0
3231	0
3232	1
3233	0
3234	0
3235	0
3236	0
3237	1
3238	0
3239	0
3240	1
3241	0
3242	0
3243	0
3244	0
3245	1
3246	1
3247	0
3248	1
3249	0
3250	0
3251	2
3252	0
3253	0
3254	0
3255	1
3256	0
3257	0
3258	0
3259	2
3260	1
3261	0
3262	1
3263	0
3264	0
3265	0
3266	0
3267	2
3268	2
3269	1
3270	0
3271	2
3272	1
3273	0
3274	2
3275	3
3276	8
3277	7
3278	8
3279	4
3280	26
3281	10
3282	0
3283	1
3284	1
3285	1
3286	0
3287	0
3288	0
3289	0
3290	0
3291	1
3292	0
3293	0
3294	1
3295	2
3296	0
3297	0
3298	0
3299	0
3300	0
3301	1
3302	0
3303	1
3304	0
3305	1
3306	1
3307	0
3308	1
3309	0
3310	2
3311	1
3312	1
3313	0
3314	2
3315	0
3316	0
3317	1
3318	0
3319	0
3320	1
3321	1
3322	1
3323	1
3324	4
3325	3
3326	2
3327	1
3328	0
3329	3
3330	0
3331	1
3332	0
3333	2
3334	0
3335	2
3336	1
3337	1
3338	3
3339	1
3340	2
3341	1
3342	2
3343	1
3344	4
3345	9
3346	3
3347	5
3348	9
3349	28
3350	39
3351	60
3352	51
3353	10
3354	12
3355	10
3356	11
3357	36
3358	12
3359	5
3360	7
3361	1
3362	5
3363	24
3364	12
3365	1
3366	4
3367	4
3368	5
3369	4
3370	2
3371	0
3372	1
3373	2
3374	2
3375	6
3376	33
3377	21
3378	12
3379	0
3380	0
3381	0
3382	2
3383	0
3384	0
3385	0
3386	2
3387	0
3388	3
3389	0
3390	0
3391	3
3392	3
3393	2
3394	0
3395	1
3396	0
3397	0
3398	1
3399	1
3400	0
3401	0
3402	2
3403	0
3404	1
3405	0
3406	1
3407	1
3408	3
3409	4
3410	3
3411	4
3412	9
3413	32
3414	8
3415	0
3416	2
3417	2
3418	19
3419	39
3420	8
3421	1
3422	1
3423	1
3424	5
3425	0
3426	0
3427	1
3428	2
3429	1
3430	0
3431	0
3432	0
3433	0
3434	1
3435	0
3436	0
3437	0
3438	1
3439	0
3440	1
3441	0
3442	0
3443	1
3444	0
3445	0
3446	0
3447	0
3448	0
3449	1
3450	0
3451	0
3452	2
3453	1
3454	1
3455	0
3456	2
3457	1
3458	1
3459	0
3460	4
3461	4
3462	1
3463	0
3464	1
3465	1
3466	1
3467	5
3468	6
3469	3
3470	4
3471	0
3472	11
3473	12
3474	2
3475	15
3476	0
3477	0
3478	1
3479	1
3480	0
3481	0
3482	9
3483	1
3484	1
3485	0
3486	3
3487	10
3488	9
3489	2
3490	0
3491	1
3492	1
3493	1
3494	1
3495	3
3496	8
3497	1
3498	1
3499	5
3500	0
3501	1
3502	2
3503	2
3504	2
3505	1
3506	0
3507	2
3508	2
3509	3
3510	0
3511	2
3512	5
3513	0
3514	2
3515	2
3516	9
3517	0
3518	3
3519	5
3520	17
3521	7
3522	3
3523	3
3524	3
3525	7
3526	7
3527	8
3528	4
3529	1
3530	1
3531	0
3532	0
3533	2
3534	0
3535	1
3536	0
3537	3
3538	0
3539	2
3540	1
3541	0
3542	1
3543	2
3544	0
3545	2
3546	1
3547	4
3548	3
3549	2
3550	5
3551	10
3552	12
3553	38
3554	13
3555	4
3556	2
3557	1
3558	5
3559	6
3560	3
3561	18
3562	23
3563	33
3564	2
3565	0
3566	0
3567	0
3568	0
3569	0
3570	1
3571	2
3572	0
3573	0
3574	0
3575	0
3576	2
3577	0
3578	1
3579	0
3580	0
3581	0
3582	0
3583	0
3584	0
3585	0
3586	1
3587	0
3588	0
3589	0
3590	0
3591	0
3592	0
3593	0
3594	1
3595	0
3596	0
3597	0
3598	0
3599	0
3600	1
3601	1
3602	0
3603	0
3604	1
3605	0
3606	0
3607	1
3608	1
3609	0
3610	3
3611	1
3612	1
3613	0
3614	1
3615	2
3616	0
3617	0
3618	0
3619	2
3620	0
3621	1
3622	1
3623	0
3624	0
3625	0
3626	0
3627	0
3628	1
3629	0
3630	0
3631	0
3632	1
3633	1
3634	0
3635	1
3636	0
3637	2
3638	2
3639	2
3640	2
3641	2
3642	1
3643	4
3644	2
3645	4
3646	2
3647	5
3648	4
3649	1
3650	3
3651	4
3652	7
3653	3
3654	7
3655	12
3656	17
3657	13
3658	11
3659	13
3660	0
3661	2
3662	2
3663	1
3664	2
3665	1
3666	3
3667	2
3668	4
3669	1
3670	3
3671	0
3672	1
3673	2
3674	2
3675	3
3676	0
3677	6
3678	6
3679	3
3680	3
3681	6
3682	3
3683	1
3684	15
3685	3
3686	7
3687	16
3688	6
3689	11
3690	4
3691	4
3692	1
3693	4
3694	12
3695	6
3696	10
3697	1
3698	1
3699	3
3700	0
3701	2
3702	0
3703	0
3704	1
3705	2
3706	3
3707	1
3708	4
3709	19
3710	9
3711	3
3712	3
3713	7
3714	13
3715	16
3716	2
3717	1
3718	1
3719	1
3720	0
3721	0
3722	2
3723	0
3724	2
3725	0
3726	0
3727	2
3728	1
3729	1
3730	2
3731	1
3732	2
3733	1
3734	2
3735	3
3736	1
3737	3
3738	3
3739	0
3740	4
3741	3
3742	2
3743	4
3744	4
3745	7
3746	11
3747	21
3748	27
3749	8
3750	8
3751	2
3752	12
3753	1
3754	3
3755	5
3756	1
3757	3
3758	3
3759	4
3760	7
3761	5
3762	1
3763	9
3764	27
3765	28
3766	27
3767	23
3768	57
3769	37
3770	40
3771	35
3772	13
3773	23
3774	13
3775	4
3776	1
3777	0
3778	0
3779	0
3780	0
3781	1
3782	1
3783	0
3784	2
3785	0
3786	1
3787	1
3788	1
3789	2
3790	3
3791	2
3792	4
3793	1
3794	0
3795	0
3796	2
3797	5
3798	10
3799	10
3800	24
3801	6
3802	3
3803	11
3804	15
3805	0
3806	1
3807	0
3808	0
3809	0
3810	0
3811	0
3812	1
3813	0
3814	1
3815	0
3816	1
3817	0
3818	1
3819	1
3820	1
3821	1
3822	0
3823	0
3824	0
3825	0
3826	2
3827	0
3828	0
3829	1
3830	0
3831	0
3832	0
3833	2
3834	0
3835	1
3836	1
3837	0
3838	0
3839	1
3840	0
3841	0
3842	2
3843	0
3844	0
3845	0
3846	0
3847	0
3848	0
3849	1
3850	0
3851	0
3852	0
3853	0
3854	0
3855	0
3856	0
3857	0
3858	0
3859	1
3860	0
3861	1
3862	0
3863	0
3864	1
3865	1
3866	1
3867	0
3868	0
3869	1
3870	2
3871	0
3872	0
3873	1
3874	0
3875	1
3876	1
3877	0
3878	0
3879	3
3880	0
3881	0
3882	1
3883	0
3884	4
3885	0
3886	0
3887	0
3888	1
3889	0
3890	0
3891	3
3892	0
3893	0
3894	0
3895	1
3896	1
3897	1
3898	1
3899	2
3900	2
3901	5
3902	3
3903	3
3904	4
3905	14
3906	4
3907	10
3908	9
3909	13
3910	13
3911	9
3912	0
3913	0
3914	0
3915	0
3916	0
3917	0
3918	0
3919	0
3920	1
3921	0
3922	0
3923	0
3924	0
3925	0
3926	0
3927	0
3928	0
3929	0
3930	0
3931	0
3932	0
3933	0
3934	0
3935	0
3936	0
3937	0
3938	0
3939	0
3940	0
3941	0
3942	0
3943	0
3944	0
3945	0
3946	0
3947	0
3948	0
3949	0
3950	1
3951	1
3952	0
3953	0
3954	0
3955	0
3956	0
3957	1
3958	1
3959	1
3960	0
3961	0
3962	0
3963	1
3964	0
3965	0
3966	0
3967	0
3968	0
3969	1
3970	0
3971	0
3972	1
3973	0
3974	1
3975	5
3976	8
3977	3
3978	1
3979	3
3980	3
3981	7
3982	13
3983	4
3984	1
3985	13
3986	5
3987	1
3988	0
3989	1
3990	0
3991	0
3992	0
3993	0
3994	0
3995	0
3996	0
3997	0
3998	0
3999	0
4000	0
4001	0
4002	0
4003	0
4004	0
4005	0
4006	0
4007	0
4008	0
4009	0
4010	1
4011	1
4012	0
4013	0
4014	0
4015	0
4016	0
4017	0
4018	0
4019	2
4020	1
4021	0
4022	0
4023	0
4024	1
4025	0
4026	1
4027	1
4028	1
4029	0
4030	1
4031	0
4032	0
4033	1
4034	2
4035	3
4036	0
4037	1
4038	0
4039	1
4040	0
4041	0
4042	2
4043	7
4044	2
4045	2
4046	1
4047	5
4048	4
4049	9
4050	28
4051	43
4052	0
4053	0
4054	0
4055	0
4056	0
4057	0
4058	0
4059	0
4060	0
4061	0
4062	0
4063	0
4064	0
4065	0
4066	0
4067	0
4068	0
4069	0
4070	0
4071	0
4072	0
4073	0
4074	0
4075	0
4076	0
4077	0
4078	0
4079	0
4080	0
4081	2
4082	0
4083	1
4084	0
4085	0
4086	0
4087	0
4088	1
4089	0
4090	0
4091	0
4092	1
4093	0
4094	0
4095	0
4096	1
4097	0
4098	0
4099	0
4100	0
4101	0
4102	0
4103	0
4104	0
4105	2
4106	2
4107	1
4108	2
4109	1
4110	1
4111	1
4112	14
4113	21
4114	41
4115	0
4116	0
4117	0
4118	0
4119	0
4120	0
4121	0
4122	0
4123	0
4124	0
4125	0
4126	0
4127	0
4128	0
4129	0
4130	0
4131	0
4132	0
4133	1
4134	0
4135	0
4136	0
4137	0
4138	0
4139	0
4140	0
4141	1
4142	0
4143	0
4144	0
4145	0
4146	0
4147	0
4148	0
4149	0
4150	3
4151	1
4152	0
4153	1
4154	0
4155	1
4156	0
4157	0
4158	0
4159	1
4160	0
4161	0
4162	0
4163	1
4164	0
4165	1
4166	2
4167	0
4168	2
4169	2
4170	0
4171	2
4172	4
4173	1
4174	2
4175	14
4176	7
4177	1
4178	16
4179	28
4180	12
4181	0
4182	0
4183	0
4184	0
4185	0
4186	1
4187	0
4188	0
4189	0
4190	1
4191	0
4192	0
4193	0
4194	0
4195	0
4196	0
4197	0
4198	0
4199	1
4200	1
4201	0
4202	0
4203	0
4204	1
4205	0
4206	0
4207	0
4208	0
4209	0
4210	0
4211	0
4212	1
4213	2
4214	0
4215	1
4216	0
4217	0
4218	1
4219	1
4220	1
4221	1
4222	0
4223	1
4224	0
4225	1
4226	1
4227	0
4228	1
4229	0
4230	1
4231	2
4232	1
4233	1
4234	1
4235	1
4236	4
4237	5
4238	10
4239	3
4240	4
4241	19
4242	22
4243	0
4244	4
4245	0
4246	1
4247	1
4248	0
4249	0
4250	0
4251	0
4252	0
4253	0
4254	1
4255	0
4256	0
4257	1
4258	0
4259	0
4260	0
4261	0
4262	0
4263	0
4264	1
4265	2
4266	0
4267	0
4268	0
4269	1
4270	1
4271	0
4272	0
4273	0
4274	1
4275	0
4276	0
4277	0
4278	1
4279	2
4280	0
4281	1
4282	4
4283	2
4284	2
4285	0
4286	0
4287	1
4288	0
4289	1
4290	0
4291	0
4292	1
4293	0
4294	0
4295	2
4296	1
4297	1
4298	13
4299	4
4300	14
4301	17
4302	40
4303	6
4304	1
4305	1
4306	0
4307	0
4308	0
4309	0
4310	0
4311	1
4312	1
4313	1
4314	0
4315	0
4316	1
4317	2
4318	2
4319	1
4320	1
4321	0
4322	3
4323	2
4324	0
4325	0
4326	1
4327	3
4328	2
4329	3
4330	1
4331	4
4332	5
4333	0
4334	6
4335	4
4336	9
4337	3
4338	32
4339	22
4340	0
4341	0
4342	0
4343	0
4344	0
4345	0
4346	0
4347	0
4348	0
4349	0
4350	0
4351	0
4352	0
4353	0
4354	0
4355	0
4356	1
4357	0
4358	0
4359	0
4360	0
4361	0
4362	0
4363	1
4364	0
4365	0
4366	0
4367	1
4368	1
4369	0
4370	0
4371	0
4372	0
4373	1
4374	0
4375	0
4376	1
4377	0
4378	1
4379	0
4380	1
4381	0
4382	0
4383	0
4384	0
4385	0
4386	0
4387	0
4388	0
4389	0
4390	0
4391	2
4392	0
4393	2
4394	0
4395	0
4396	1
4397	1
4398	0
4399	0
4400	1
4401	0
4402	0
4403	1
4404	0
4405	3
4406	3
4407	1
4408	5
4409	11
4410	18
4411	12
4412	5
4413	17
4414	2
4415	3
4416	6
4417	2
4418	2
4419	0
4420	0
4421	1
4422	3
4423	3
4424	2
4425	0
4426	1
4427	1
4428	1
4429	0
4430	3
4431	2
4432	3
4433	2
4434	3
4435	3
4436	5
4437	11
4438	21
4439	4
4440	1
4441	4
4442	14
4443	18
4444	23
4445	23
4446	17
4447	1
4448	0
4449	0
4450	0
4451	1
4452	0
4453	0
4454	2
4455	0
4456	1
4457	0
4458	2
4459	0
4460	1
4461	1
4462	2
4463	0
4464	0
4465	0
4466	0
4467	0
4468	1
4469	1
4470	0
4471	0
4472	2
4473	0
4474	2
4475	0
4476	0
4477	1
4478	0
4479	0
4480	1
4481	7
4482	3
4483	1
4484	2
4485	1
4486	2
4487	2
4488	5
4489	9
4490	5
4491	11
4492	12
4493	12
4494	18
4495	5
4496	2
4497	1
4498	0
4499	0
4500	0
4501	1
4502	3
4503	2
4504	6
4505	5
4506	0
4507	0
4508	2
4509	0
4510	0
4511	0
4512	0
4513	0
4514	0
4515	1
4516	0
4517	0
4518	0
4519	0
4520	0
4521	0
4522	0
4523	0
4524	0
4525	0
4526	0
4527	0
4528	1
4529	0
4530	2
4531	3
4532	2
4533	7
4534	7
4535	1
4536	4
4537	5
4538	0
4539	2
4540	4
4541	0
4542	2
4543	0
4544	3
4545	0
4546	0
4547	0
4548	0
4549	0
4550	0
4551	0
4552	0
4553	2
4554	0
4555	0
4556	0
4557	0
4558	0
4559	0
4560	0
4561	0
4562	0
4563	1
4564	0
4565	0
4566	1
4567	0
4568	0
4569	1
4570	0
4571	0
4572	1
4573	0
4574	0
4575	0
4576	0
4577	1
4578	2
4579	0
4580	0
4581	0
4582	0
4583	1
4584	0
4585	0
4586	0
4587	0
4588	0
4589	0
4590	2
4591	4
4592	1
4593	6
4594	18
4595	25
4596	5
4597	6
4598	7
4599	23
4600	29
4601	7
4602	7
4603	2
4604	1
4605	0
4606	1
4607	0
4608	0
4609	1
4610	1
4611	1
4612	7
4613	14
4614	0
4615	0
4616	1
4617	0
4618	6
4619	15
4620	0
4621	0
4622	0
4623	0
4624	0
4625	0
4626	0
4627	1
4628	0
4629	0
4630	2
4631	0
4632	0
4633	0
4634	0
4635	0
4636	0
4637	1
4638	0
4639	1
4640	0
4641	0
4642	1
4643	1
4644	0
4645	1
4646	0
4647	0
4648	1
4649	0
4650	1
4651	0
4652	0
4653	0
4654	0
4655	1
4656	1
4657	11
4658	0
4659	0
4660	1
4661	0
4662	0
4663	1
4664	1
4665	0
4666	0
4667	0
4668	0
4669	0
4670	1
4671	0
4672	1
4673	0
4674	0
4675	0
4676	0
4677	1
4678	0
4679	0
4680	1
4681	0
4682	0
4683	3
4684	0
4685	0
4686	1
4687	1
4688	0
4689	2
4690	0
4691	0
4692	2
4693	0
4694	2
4695	3
4696	1
4697	3
4698	4
4699	1
4700	3
4701	4
4702	4
4703	29
4704	7
4705	17
4706	2
4707	0
4708	0
4709	0
4710	0
4711	0
4712	0
4713	0
4714	0
4715	0
4716	0
4717	0
4718	0
4719	0
4720	0
4721	0
4722	0
4723	0
4724	0
4725	0
4726	0
4727	0
4728	0
4729	0
4730	0
4731	0
4732	0
4733	0
4734	0
4735	0
4736	0
4737	0
4738	0
4739	0
4740	0
4741	0
4742	0
4743	0
4744	0
4745	0
4746	0
4747	0
4748	0
4749	0
4750	0
4751	0
4752	1
4753	0
4754	0
4755	0
4756	0
4757	0
4758	1
4759	0
4760	0
4761	0
4762	0
4763	0
4764	1
4765	0
4766	0
4767	0
4768	0
4769	0
4770	0
4771	1
4772	0
4773	0
4774	0
4775	0
4776	0
4777	0
4778	0
4779	0
4780	4
4781	0
4782	0
4783	0
4784	0
4785	0
4786	0
4787	0
4788	0
4789	0
4790	0
4791	0
4792	0
4793	0
4794	0
4795	0
4796	0
4797	0
4798	0
4799	0
4800	0
4801	1
4802	0
4803	0
4804	0
4805	0
4806	0
4807	0
4808	0
4809	0
4810	1
4811	0
4812	0
4813	0
4814	0
4815	0
4816	0
4817	0
4818	1
4819	0
4820	0
4821	0
4822	0
4823	0
4824	0
4825	0
4826	1
4827	1
4828	0
4829	0
4830	0
4831	1
4832	1
4833	0
4834	0
4835	0
4836	0
4837	0
4838	0
4839	0
4840	0
4841	0
4842	0
4843	0
4844	1
4845	1
4846	0
4847	1
4848	1
4849	0
4850	0
4851	1
4852	0
4853	1
4854	1
4855	1
4856	1
4857	1
4858	0
4859	0
4860	3
4861	0
4862	1
4863	0
4864	1
4865	2
4866	0
4867	6
4868	4
4869	5
4870	9
4871	17
4872	47
4873	2
4874	0
4875	0
4876	0
4877	0
4878	0
4879	0
4880	0
4881	0
4882	0
4883	0
4884	0
4885	2
4886	0
4887	0
4888	1
4889	0
4890	1
4891	0
4892	0
4893	0
4894	0
4895	1
4896	3
4897	0
4898	0
4899	0
4900	0
4901	3
4902	2
4903	4
4904	0
4905	6
4906	1
4907	2
4908	6
4909	3
4910	4
4911	4
4912	9
4913	9
4914	22
4915	0
4916	0
4917	0
4918	0
4919	0
4920	0
4921	1
4922	0
4923	0
4924	0
4925	0
4926	0
4927	0
4928	0
4929	1
4930	0
4931	0
4932	0
4933	0
4934	2
4935	1
4936	0
4937	0
4938	1
4939	2
4940	0
4941	0
4942	1
4943	4
4944	1
4945	2
4946	1
4947	3
4948	1
4949	4
4950	6
4951	5
4952	16
4953	30
4954	28
4955	6
4956	0
4957	0
4958	0
4959	0
4960	0
4961	0
4962	0
4963	0
4964	0
4965	0
4966	0
4967	0
4968	2
4969	0
4970	0
4971	0
4972	0
4973	0
4974	0
4975	0
4976	0
4977	0
4978	0
4979	0
4980	1
4981	0
4982	0
4983	0
4984	0
4985	2
4986	0
4987	0
4988	0
4989	0
4990	0
4991	2
4992	0
4993	0
4994	0
4995	1
4996	0
4997	0
4998	1
4999	0
5000	0
5001	1
5002	0
5003	1
5004	1
5005	1
5006	0
5007	1
5008	0
5009	1
5010	0
5011	1
5012	5
5013	6
5014	4
5015	13
5016	17
5017	36
5018	19
5019	1
5020	0
5021	0
5022	0
5023	0
5024	0
5025	0
5026	0
5027	0
5028	0
5029	0
5030	0
5031	1
5032	0
5033	0
5034	1
5035	0
5036	0
5037	0
5038	0
5039	0
5040	0
5041	0
5042	0
5043	0
5044	0
5045	0
5046	0
5047	0
5048	0
5049	0
5050	0
5051	0
5052	0
5053	0
5054	1
5055	0
5056	0
5057	1
5058	1
5059	0
5060	0
5061	0
5062	0
5063	0
5064	0
5065	1
5066	0
5067	0
5068	0
5069	0
5070	0
5071	0
5072	0
5073	2
5074	1
5075	0
5076	1
5077	1
5078	1
5079	0
5080	0
5081	1
5082	2
5083	0
5084	1
5085	0
5086	1
5087	0
5088	0
5089	1
5090	0
5091	5
5092	2
5093	6
5094	25
5095	4
5096	12
5097	8
5098	14
5099	8
5100	0
5101	1
5102	2
5103	1
5104	5
5105	11
5106	1
5107	1
5108	0
5109	5
5110	0
5111	0
5112	1
5113	0
5114	1
5115	0
5116	0
5117	0
5118	0
5119	0
5120	0
5121	1
5122	0
5123	2
5124	1
5125	0
5126	0
5127	1
5128	7
5129	0
5130	0
5131	0
5132	0
5133	0
5134	0
5135	0
5136	0
5137	0
5138	0
5139	0
5140	0
5141	0
5142	0
5143	0
5144	0
5145	0
5146	0
5147	0
5148	0
5149	1
5150	0
5151	0
5152	0
5153	0
5154	0
5155	0
5156	0
5157	0
5158	1
5159	0
5160	0
5161	0
5162	0
5163	0
5164	0
5165	0
5166	0
5167	0
5168	0
5169	0
5170	0
5171	0
5172	0
5173	0
5174	0
5175	0
5176	0
5177	0
5178	0
5179	0
5180	0
5181	0
5182	0
5183	0
5184	0
5185	0
5186	0
5187	0
5188	0
5189	0
5190	0
5191	0
5192	0
5193	0
5194	0
5195	0
5196	0
5197	1
5198	0
5199	0
5200	0
5201	1
5202	1
5203	0
5204	0
5205	0
5206	0
5207	0
5208	1
5209	0
5210	0
5211	0
5212	0
5213	2
5214	2
5215	2
5216	1
5217	1
5218	3
5219	1
5220	4
5221	0
5222	3
5223	3
5224	3
5225	5
5226	35
5227	5
5228	2
5229	0
5230	0
5231	0
5232	0
5233	0
5234	0
5235	0
5236	0
5237	0
5238	0
5239	0
5240	0
5241	0
5242	0
5243	0
5244	0
5245	0
5246	0
5247	0
5248	0
5249	0
5250	0
5251	0
5252	0
5253	0
5254	0
5255	1
5256	0
5257	0
5258	0
5259	0
5260	0
5261	0
5262	0
5263	0
5264	0
5265	0
5266	0
5267	0
5268	0
5269	0
5270	0
5271	0
5272	0
5273	0
5274	0
5275	0
5276	0
5277	0
5278	0
5279	1
5280	0
5281	0
5282	0
5283	0
5284	0
5285	0
5286	0
5287	0
5288	0
5289	0
5290	0
5291	0
5292	0
5293	0
5294	0
5295	0
5296	0
5297	0
5298	0
5299	0
5300	0
5301	0
5302	0
5303	0
5304	0
5305	0
5306	0
5307	0
5308	0
5309	0
5310	0
5311	0
5312	0
5313	0
5314	0
5315	0
5316	0
5317	0
5318	0
5319	0
5320	0
5321	0
5322	0
5323	0
5324	0
5325	0
5326	0
5327	0
5328	0
5329	0
5330	0
5331	0
5332	0
5333	0
5334	0
5335	0
5336	0
5337	0
5338	0
5339	0
5340	0
5341	0
5342	0
5343	0
5344	1
5345	1
5346	0
5347	0
5348	0
5349	0
5350	0
5351	0
5352	0
5353	0
5354	0
5355	0
5356	0
5357	0
5358	0
5359	0
5360	0
5361	0
5362	0
5363	0
5364	0
5365	0
5366	0
5367	0
5368	0
5369	0
5370	0
5371	0
5372	0
5373	0
5374	0
5375	0
5376	0
5377	0
5378	0
5379	0
5380	0
5381	0
5382	0
5383	0
5384	0
5385	0
5386	1
5387	0
5388	1
5389	0
5390	0
5391	0
5392	0
5393	0
5394	0
5395	0
5396	0
5397	0
5398	0
5399	0
5400	0
5401	1
5402	0
5403	0
5404	0
5405	0
5406	0
5407	0
5408	0
5409	0
5410	0
5411	0
5412	0
5413	0
5414	0
5415	1
5416	0
5417	0
5418	0
5419	0
5420	0
5421	0
5422	0
5423	0
5424	0
5425	0
5426	0
5427	0
5428	0
5429	0
5430	0
5431	0
5432	0
5433	1
5434	0
5435	0
5436	0
5437	0
5438	0
5439	0
5440	0
5441	0
5442	0
5443	1
5444	0
5445	0
5446	1
5447	0
5448	0
5449	0
5450	0
5451	0
5452	0
5453	0
5454	0
5455	1
5456	0
5457	0
5458	0
5459	0
5460	0
5461	0
5462	1
5463	0
5464	0
5465	0
5466	0
5467	0
5468	0
5469	0
5470	0
5471	0
5472	0
5473	0
5474	0
5475	1
5476	0
5477	0
5478	0
5479	0
5480	0
5481	2
5482	0
5483	0
5484	0
5485	1
5486	0
5487	0
5488	0
5489	0
5490	1
5491	0
5492	0
5493	0
5494	2
5495	0
5496	0
5497	0
5498	0
5499	0
5500	0
5501	0
5502	0
5503	0
5504	1
5505	0
5506	0
5507	0
5508	0
5509	1
5510	0
5511	0
5512	0
5513	0
5514	1
5515	0
5516	0
5517	0
5518	0
5519	0
5520	1
5521	2
5522	0
5523	0
5524	0
5525	1
5526	0
5527	1
5528	0
5529	0
5530	1
5531	0
5532	0
5533	0
5534	2
5535	0
5536	0
5537	2
5538	1
5539	2
5540	0
5541	15
5542	8
5543	1
5544	2
5545	1
5546	2
5547	23
5548	7
5549	0
5550	0
5551	0
5552	0
5553	1
5554	0
5555	0
5556	1
5557	0
5558	1
5559	0
5560	0
5561	0
5562	0
5563	0
5564	1
5565	0
5566	0
5567	0
5568	0
5569	1
5570	0
5571	0
5572	0
5573	1
5574	0
5575	2
5576	0
5577	1
5578	1
5579	0
5580	0
5581	1
5582	0
5583	1
5584	0
5585	1
5586	0
5587	0
5588	1
5589	0
5590	1
5591	0
5592	1
5593	0
5594	1
5595	0
5596	0
5597	0
5598	0
5599	2
5600	1
5601	1
5602	0
5603	0
5604	2
5605	1
5606	0
5607	1
5608	4
5609	0
5610	1
5611	0
5612	1
5613	1
5614	6
5615	3
5616	1
5617	0
5618	0
5619	4
5620	0
5621	3
5622	1
5623	6
5624	10
5625	6
5626	7
5627	3
5628	10
5629	2
5630	0
5631	11
5632	6
5633	7
5634	2
5635	0
5636	2
5637	3
5638	1
5639	4
5640	4
5641	3
5642	0
5643	1
5644	1
5645	2
5646	1
5647	1
5648	4
5649	1
5650	8
5651	11
5652	12
5653	9
5654	7
5655	0
5656	0
5657	0
5658	0
5659	0
5660	0
5661	0
5662	0
5663	0
5664	0
5665	0
5666	0
5667	1
5668	0
5669	1
5670	0
5671	0
5672	0
5673	1
5674	0
5675	0
5676	0
5677	0
5678	1
5679	0
5680	0
5681	0
5682	0
5683	2
5684	0
5685	0
5686	0
5687	1
5688	0
5689	0
5690	1
5691	0
5692	1
5693	0
5694	0
5695	0
5696	1
5697	6
5698	4
5699	1
5700	2
5701	4
5702	5
5703	7
5704	3
5705	5
5706	9
5707	15
5708	1
5709	6
5710	3
5711	0
5712	0
5713	0
5714	0
5715	0
5716	0
5717	0
5718	0
5719	0
5720	0
5721	0
5722	0
5723	0
5724	0
5725	0
5726	0
5727	0
5728	0
5729	0
5730	0
5731	0
5732	0
5733	1
5734	1
5735	0
5736	0
5737	0
5738	0
5739	0
5740	0
5741	0
5742	0
5743	0
5744	0
5745	0
5746	0
5747	1
5748	0
5749	0
5750	0
5751	0
5752	0
5753	0
5754	0
5755	0
5756	0
5757	0
5758	0
5759	0
5760	0
5761	1
5762	0
5763	1
5764	1
5765	2
5766	0
5767	0
5768	2
5769	0
5770	1
5771	0
5772	0
5773	0
5774	0
5775	0
5776	0
5777	0
5778	0
5779	0
5780	0
5781	0
5782	0
5783	0
5784	0
5785	0
5786	0
5787	0
5788	0
5789	0
5790	0
5791	0
5792	0
5793	0
5794	0
5795	0
5796	0
5797	0
5798	0
5799	0
5800	0
5801	0
5802	0
5803	0
5804	0
5805	0
5806	0
5807	0
5808	0
5809	0
5810	0
5811	0
5812	0
5813	0
5814	0
5815	0
5816	0
5817	0
5818	0
5819	0
5820	0
5821	0
5822	0
5823	0
5824	0
5825	0
5826	0
5827	0
5828	0
5829	0
5830	0
5831	0
5832	0
5833	0
5834	0
5835	0
5836	0
5837	0
5838	0
5839	0
5840	0
5841	0
5842	0
5843	0
5844	0
5845	0
5846	0
5847	0
5848	0
5849	0
5850	0
5851	0
5852	0
5853	0
5854	0
5855	0
5856	0
5857	0
5858	0
5859	0
5860	0
5861	0
5862	0
5863	0
5864	0
5865	0
5866	0
5867	0
5868	0
5869	0
5870	0
5871	0
5872	0
5873	0
5874	0
5875	0
5876	0
5877	0
5878	0
5879	0
5880	0
5881	0
5882	0
5883	0
5884	0
5885	0
5886	0
5887	0
5888	0
5889	0
5890	0
5891	0
5892	0
5893	0
5894	0
5895	0
5896	0
5897	0
5898	0
5899	0
5900	0
5901	0
5902	0
5903	0
5904	0
5905	0
5906	0
5907	0
5908	0
5909	0
5910	0
5911	0
5912	0
5913	0
5914	0
5915	0
5916	0
5917	0
5918	0
5919	0
5920	0
5921	0
5922	0
5923	0
5924	0
5925	0
5926	0
5927	0
5928	0
5929	0
5930	0
5931	0
5932	0
5933	0
5934	0
5935	0
5936	0
5937	0
5938	0
5939	0
5940	0
5941	0
5942	0
5943	0
5944	0
5945	0
5946	0
5947	0
5948	0
5949	0
5950	0
5951	0
5952	0
5953	0
5954	0
5955	0
5956	0
5957	0
5958	0
5959	0
5960	0
5961	0
5962	0
5963	0
5964	0
5965	0
5966	0
5967	0
5968	0
5969	0
5970	0
5971	0
5972	0
5973	0
5974	0
5975	0
5976	0
5977	0
5978	0
5979	0
5980	0
5981	0
5982	0
5983	0
5984	0
5985	0
5986	0
5987	0
5988	0
5989	0
5990	0
5991	0
5992	0
5993	0
5994	0
5995	0
5996	0
5997	0
5998	0
5999	0
6000	0
6001	0
6002	0
6003	0
6004	0
6005	0
6006	0
6007	0
6008	0
6009	0
6010	0
6011	0
6012	0
6013	0
6014	0
6015	0
6016	0
6017	0
6018	0
6019	0
6020	0
6021	0
6022	0
6023	0
6024	0
6025	0
6026	0
6027	0
6028	0
6029	0
6030	0
6031	0
6032	0
6033	0
6034	0
6035	0
6036	0
6037	0
6038	0
6039	0
6040	0
6041	0
6042	0
6043	0
6044	0
6045	0
6046	0
6047	0
6048	0
6049	0
6050	0
6051	0
6052	0
6053	0
6054	0
6055	0
6056	0
6057	0
6058	0
6059	0
6060	0
6061	0
6062	0
6063	0
6064	0
6065	0
6066	0
6067	0
6068	0
6069	0
6070	0
6071	0
6072	0
6073	0
6074	0
6075	0
6076	0
6077	0
6078	0
6079	0
6080	0
6081	0
6082	0
6083	0
6084	0
6085	0
6086	0
6087	0
6088	0
6089	0
6090	0
6091	0
6092	0
6093	0
6094	0
6095	0
6096	0
6097	0
6098	0
6099	0
6100	0
6101	0
6102	0
6103	0
6104	0
6105	0
6106	0
6107	0
6108	0
6109	0
6110	0
6111	0
6112	0
6113	0
6114	0
6115	0
6116	0
6117	0
6118	0
6119	0
6120	0
6121	0
6122	0
6123	0
6124	0
6125	0
6126	0
6127	0
6128	0
6129	0
6130	0
6131	0
6132	0
6133	0
6134	0
6135	0
6136	0
6137	0
6138	0
6139	0
6140	0
6141	0
6142	0
6143	0
6144	0
6145	0
6146	0
6147	0
6148	0
6149	0
6150	0
6151	0
6152	0
6153	0
6154	0
6155	0
6156	0
6157	0
6158	0
6159	0
6160	0
6161	0
6162	0
6163	0
6164	0
6165	0
6166	0
6167	0
6168	0
6169	0
6170	0
6171	0
6172	0
6173	0
6174	0
6175	0
6176	0
6177	0
6178	0
6179	0
6180	0
6181	0
6182	0
6183	0
6184	0
6185	0
6186	0
6187	0
6188	0
6189	0
6190	0
6191	0
6192	0
6193	0
6194	0
6195	0
6196	0
6197	0
6198	0
6199	0
6200	0
6201	0
6202	0
6203	0
6204	0
6205	0
6206	0
6207	0
6208	0
6209	0
6210	0
6211	0
6212	0
6213	0
6214	0
6215	0
6216	0
6217	0
6218	0
6219	0
6220	0
6221	0
6222	0
6223	1
6224	0
6225	0
6226	0
6227	0
6228	0
6229	0
6230	0
6231	0
6232	0
6233	0
6234	0
6235	0
6236	0
6237	0
6238	0
6239	0
6240	0
6241	0
6242	0
6243	0
6244	0
6245	0
6246	0
6247	0
6248	0
6249	0
6250	0
6251	0
6252	0
6253	0
6254	0
6255	0
6256	0
6257	0
6258	1
6259	0
6260	0
6261	0
6262	0
6263	0
6264	0
6265	0
6266	0
6267	0
6268	0
6269	0
6270	0
6271	0
6272	1
6273	0
6274	0
6275	0
6276	0
6277	0
6278	0
6279	0
6280	0
6281	0
6282	0
6283	0
6284	0
6285	0
6286	0
6287	0
6288	0
6289	0
6290	0
6291	0
6292	0
6293	0
6294	0
6295	0
6296	0
6297	1
6298	0
6299	0
6300	0
6301	0
6302	0
6303	0
6304	0
6305	0
6306	1
6307	1
6308	0
6309	0
6310	0
6311	1
6312	0
6313	1
6314	0
6315	0
6316	0
6317	0
6318	0
6319	0
6320	0
6321	0
6322	0
6323	0
6324	0
6325	0
6326	0
6327	0
6328	0
6329	0
6330	0
6331	0
6332	0
6333	0
6334	0
6335	1
6336	0
6337	0
6338	0
6339	0
6340	0
6341	0
6342	0
6343	0
6344	0
6345	0
6346	1
6347	0
6348	0
6349	0
6350	0
6351	0
6352	1
6353	0
6354	1
6355	0
6356	0
6357	0
6358	0
6359	0
6360	0
6361	0
6362	0
6363	0
6364	1
6365	0
6366	0
6367	3
6368	4
6369	1
6370	4
6371	2
6372	9
6373	5
6374	9
6375	12
6376	5
6377	11
6378	29
6379	0
6380	0
6381	0
6382	0
6383	0
6384	0
6385	0
6386	0
6387	0
6388	0
6389	0
6390	0
6391	0
6392	0
6393	0
6394	0
6395	0
6396	0
6397	0
6398	0
6399	0
6400	0
6401	0
6402	0
6403	0
6404	0
6405	0
6406	0
6407	0
6408	0
6409	0
6410	0
6411	0
6412	0
6413	0
6414	0
6415	0
6416	0
6417	0
6418	0
6419	0
6420	0
6421	0
6422	0
6423	0
6424	0
6425	0
6426	0
6427	0
6428	0
6429	0
6430	0
6431	0
6432	0
6433	0
6434	0
6435	0
6436	0
6437	0
6438	0
6439	0
6440	0
6441	0
6442	0
6443	0
6444	0
6445	0
6446	0
6447	0
6448	0
6449	0
6450	0
6451	0
6452	0
6453	0
6454	0
6455	0
6456	0
6457	0
6458	0
6459	0
6460	0
6461	0
6462	0
6463	0
6464	0
6465	0
6466	0
6467	0
6468	0
6469	0
6470	0
6471	0
6472	0
6473	0
6474	0
6475	0
6476	0
6477	0
6478	0
6479	0
6480	0
6481	0
6482	0
6483	0
6484	0
6485	0
6486	0
6487	0
6488	0
6489	0
6490	0
6491	0
6492	0
6493	0
6494	0
6495	0
6496	0
6497	0
6498	0
6499	0
6500	0
6501	0
6502	0
6503	0
6504	0
6505	0
6506	0
6507	0
6508	0
6509	0
6510	0
6511	0
6512	0
6513	0
6514	0
6515	0
6516	0
6517	0
6518	0
6519	0
6520	0
6521	0
6522	0
6523	0
6524	0
6525	0
6526	0
6527	0
6528	0
6529	0
6530	0
6531	0
6532	0
6533	0
6534	0
6535	0
6536	0
6537	0
6538	0
6539	0
6540	0
6541	0
6542	0
6543	0
6544	0
6545	0
6546	0
6547	0
6548	0
6549	0
6550	0
6551	0
6552	0
6553	0
6554	0
6555	0
6556	0
6557	0
6558	0
6559	0
6560	0
6561	0
6562	0
6563	0
6564	0
6565	0
6566	0
6567	0
6568	0
6569	0
6570	0
6571	0
6572	0
6573	0
6574	0
6575	0
6576	0
6577	0
6578	0
6579	0
6580	0
6581	0
6582	0
6583	0
6584	0
6585	0
6586	0
6587	0
6588	0
6589	0
6590	0
6591	0
6592	0
6593	0
6594	0
6595	0
6596	0
6597	0
6598	0
6599	0
6600	0
6601	0
6602	0
6603	0
6604	0
6605	0
6606	0
6607	0
6608	0
6609	0
6610	0
6611	0
6612	0
6613	0
6614	0
6615	0
6616	0
6617	0
6618	0
6619	0
6620	0
6621	0
6622	0
6623	0
6624	0
6625	0
6626	0
6627	0
6628	0
6629	0
6630	0
6631	0
6632	0
6633	0
6634	0
6635	0
6636	0
6637	0
6638	0
6639	0
6640	0
6641	0
6642	0
6643	0
6644	0
6645	0
6646	0
6647	0
6648	0
6649	0
6650	0
6651	0
6652	0
6653	0
6654	0
6655	0
6656	0
6657	0
6658	0
6659	0
6660	0
6661	0
6662	0
6663	0
6664	0
6665	0
6666	0
6667	0
6668	0
6669	0
6670	0
6671	0
6672	0
6673	0
6674	0
6675	0
6676	0
6677	0
6678	0
6679	0
6680	0
6681	0
6682	0
6683	0
6684	0
6685	0
6686	0
6687	0
6688	0
6689	0
6690	0
6691	0
6692	0
6693	0
6694	0
6695	0
6696	0
6697	0
6698	0
6699	0
6700	0
6701	0
6702	0
6703	0
6704	0
6705	0
6706	0
6707	0
6708	0
6709	0
6710	0
6711	0
6712	0
6713	0
6714	0
6715	0
6716	0
6717	0
6718	0
6719	0
6720	0
6721	0
6722	0
6723	0
6724	0
6725	0
6726	0
6727	0
6728	0
6729	0
6730	0
6731	0
6732	0
6733	0
6734	0
6735	0
6736	0
6737	0
6738	0
6739	0
6740	0
6741	0
6742	0
6743	0
6744	0
6745	0
6746	0
6747	1
6748	0
6749	0
6750	0
6751	0
6752	0
6753	0
6754	0
6755	0
6756	0
6757	0
6758	0
6759	0
6760	0
6761	0
6762	0
6763	0
6764	0
6765	0
6766	0
6767	0
6768	0
6769	0
6770	0
6771	0
6772	0
6773	0
6774	0
6775	0
6776	0
6777	0
6778	0
6779	0
6780	0
6781	0
6782	0
6783	0
6784	0
6785	0
6786	0
6787	0
6788	0
6789	0
6790	0
6791	0
6792	0
6793	0
6794	0
6795	0
6796	0
6797	0
6798	0
6799	0
6800	0
6801	0
6802	0
6803	0
6804	0
6805	0
6806	0
6807	0
6808	0
6809	0
6810	0
6811	0
6812	0
6813	0
6814	1
6815	0
6816	0
6817	0
6818	0
6819	0
6820	0
6821	0
6822	0
6823	0
6824	0
6825	0
6826	0
6827	0
6828	0
6829	0
6830	0
6831	0
6832	1
6833	0
6834	0
6835	0
6836	0
6837	0
6838	0
6839	0
6840	0
6841	0
6842	1
6843	0
6844	0
6845	0
6846	0
6847	0
6848	0
6849	0
6850	0
6851	0
6852	0
6853	0
6854	0
6855	0
6856	0
6857	0
6858	0
6859	0
6860	0
6861	0
6862	0
6863	0
6864	1
6865	0
6866	0
6867	0
6868	0
6869	0
6870	1
6871	0
6872	0
6873	0
6874	0
6875	0
6876	0
6877	0
6878	0
6879	0
6880	0
6881	0
6882	0
6883	0
6884	0
6885	0
6886	0
6887	0
6888	0
6889	0
6890	0
6891	0
6892	1
6893	0
6894	0
6895	0
6896	1
6897	0
6898	0
6899	0
6900	0
6901	0
6902	0
6903	0
6904	0
6905	1
6906	0
6907	0
6908	0
6909	0
6910	0
6911	0
6912	0
6913	0
6914	0
6915	0
6916	0
6917	0
6918	1
6919	1
6920	0
6921	0
6922	1
6923	1
6924	0
6925	0
6926	0
6927	0
6928	0
6929	1
6930	0
6931	0
6932	0
6933	0
6934	0
6935	0
6936	0
6937	1
6938	1
6939	0
6940	0
6941	0
6942	0
6943	0
6944	3
6945	0
6946	1
6947	1
6948	0
6949	1
6950	1
6951	0
6952	3
6953	2
6954	0
6955	2
6956	2
6957	2
6958	3
6959	6
6960	2
6961	1
6962	9
6963	8
6964	14
6965	18
6966	11
6967	0
6968	0
6969	0
6970	0
6971	0
6972	0
6973	0
6974	0
6975	0
6976	0
6977	0
6978	0
6979	0
6980	0
6981	0
6982	0
6983	0
6984	0
6985	0
6986	0
6987	0
6988	0
6989	0
6990	0
6991	0
6992	0
6993	0
6994	0
6995	0
6996	0
6997	0
6998	0
6999	0
7000	0
7001	0
7002	0
7003	0
7004	0
7005	0
7006	0
7007	0
7008	0
7009	0
7010	0
7011	0
7012	0
7013	0
7014	0
7015	0
7016	0
7017	0
7018	0
7019	0
7020	0
7021	0
7022	0
7023	0
7024	0
7025	0
7026	0
7027	0
7028	0
7029	0
7030	0
7031	0
7032	0
7033	0
7034	0
7035	0
7036	0
7037	0
7038	0
7039	0
7040	0
7041	0
7042	0
7043	0
7044	0
7045	0
7046	0
7047	0
7048	0
7049	0
7050	0
7051	0
7052	0
7053	0
7054	0
7055	0
7056	0
7057	0
7058	0
7059	0
7060	0
7061	0
7062	0
7063	0
7064	0
7065	0
7066	0
7067	0
7068	0
7069	0
7070	0
7071	0
7072	0
7073	0
7074	0
7075	0
7076	0
7077	0
7078	0
7079	0
7080	0
7081	0
7082	0
7083	0
7084	0
7085	0
7086	0
7087	0
7088	0
7089	0
7090	0
7091	0
7092	0
7093	0
7094	0
7095	0
7096	0
7097	0
7098	0
7099	0
7100	0
7101	0
7102	0
7103	0
7104	0
7105	0
7106	0
7107	0
7108	0
7109	0
7110	0
7111	0
7112	0
7113	0
7114	0
7115	0
7116	0
7117	0
7118	0
7119	0
7120	0
7121	0
7122	0
7123	0
7124	0
7125	0
7126	0
7127	0
7128	0
7129	0
7130	0
7131	0
7132	0
7133	0
7134	0
7135	0
7136	0
7137	0
7138	0
7139	0
7140	0
7141	0
7142	0
7143	0
7144	0
7145	0
7146	0
7147	0
7148	0
7149	0
7150	0
7151	0
7152	0
7153	0
7154	0
7155	0
7156	0
7157	0
7158	0
7159	0
7160	0
7161	0
7162	0
7163	0
7164	0
7165	0
7166	0
7167	0
7168	0
7169	0
7170	0
7171	0
7172	0
7173	0
7174	0
7175	0
7176	0
7177	0
7178	0
7179	0
7180	0
7181	0
7182	0
7183	0
7184	0
7185	0
7186	0
7187	0
7188	0
7189	0
7190	0
7191	0
7192	0
7193	0
7194	0
7195	0
7196	0
7197	0
7198	0
7199	0
7200	0
7201	0
7202	0
7203	0
7204	0
7205	0
7206	0
7207	0
7208	0
7209	0
7210	0
7211	0
7212	0
7213	0
7214	0
7215	0
7216	0
7217	0
7218	0
7219	0
7220	0
7221	0
7222	0
7223	0
7224	0
7225	0
7226	0
7227	0
7228	0
7229	0
7230	0
7231	0
7232	0
7233	0
7234	0
7235	0
7236	0
7237	0
7238	0
7239	0
7240	0
7241	0
7242	0
7243	0
7244	0
7245	0
7246	0
7247	0
7248	0
7249	0
7250	0
7251	0
7252	0
7253	0
7254	0
7255	0
7256	0
7257	0
7258	0
7259	0
7260	0
7261	0
7262	0
7263	0
7264	0
7265	0
7266	0
7267	0
7268	0
7269	0
7270	0
7271	0
7272	0
7273	0
7274	0
7275	0
7276	0
7277	0
7278	0
7279	0
7280	0
7281	0
7282	0
7283	0
7284	0
7285	0
7286	0
7287	0
7288	0
7289	0
7290	0
7291	0
7292	0
7293	0
7294	0
7295	0
7296	0
7297	0
7298	0
7299	0
7300	0
7301	0
7302	0
7303	0
7304	0
7305	0
7306	0
7307	0
7308	0
7309	0
7310	0
7311	0
7312	0
7313	0
7314	0
7315	0
7316	0
7317	0
7318	0
7319	0
7320	0
7321	0
7322	0
7323	0
7324	0
7325	0
7326	0
7327	0
7328	0
7329	0
7330	0
7331	0
7332	0
7333	0
7334	0
7335	0
7336	0
7337	0
7338	0
7339	0
7340	0
7341	0
7342	0
7343	0
7344	0
7345	0
7346	0
7347	0
7348	0
7349	0
7350	0
7351	0
7352	0
7353	0
7354	0
7355	0
7356	0
7357	0
7358	0
7359	0
7360	0
7361	0
7362	0
7363	0
7364	0
7365	0
7366	0
7367	0
7368	0
7369	0
7370	0
7371	0
7372	0
7373	0
7374	0
7375	0
7376	0
7377	0
7378	0
7379	0
7380	0
7381	0
7382	0
7383	0
7384	0
7385	0
7386	0
7387	0
7388	0
7389	0
7390	0
7391	0
7392	0
7393	0
7394	0
7395	0
7396	0
7397	0
7398	0
7399	0
7400	0
7401	0
7402	0
7403	0
7404	0
7405	0
7406	0
7407	0
7408	0
7409	0
7410	0
7411	0
7412	0
7413	0
7414	0
7415	0
7416	0
7417	0
7418	0
7419	0
7420	0
7421	0
7422	0
7423	0
7424	0
7425	0
7426	0
7427	0
7428	0
7429	0
7430	0
7431	0
7432	0
7433	0
7434	0
7435	0
7436	0
7437	0
7438	0
7439	0
7440	0
7441	0
7442	0
7443	0
7444	0
7445	0
7446	0
7447	0
7448	0
7449	0
7450	0
7451	0
7452	0
7453	0
7454	0
7455	0
7456	0
7457	0
7458	0
7459	0
7460	0
7461	1
7462	0
7463	0
7464	0
7465	0
7466	0
7467	0
7468	0
7469	0
7470	0
7471	0
7472	0
7473	0
7474	0
7475	0
7476	0
7477	0
7478	0
7479	0
7480	0
7481	0
7482	0
7483	0
7484	0
7485	0
7486	0
7487	0
7488	0
7489	0
7490	0
7491	0
7492	0
7493	0
7494	0
7495	0
7496	0
7497	0
7498	0
7499	0
7500	0
7501	0
7502	0
7503	0
7504	0
7505	0
7506	0
7507	0
7508	0
7509	0
7510	0
7511	0
7512	0
7513	0
7514	0
7515	0
7516	0
7517	0
7518	0
7519	0
7520	0
7521	0
7522	0
7523	0
7524	0
7525	0
7526	0
7527	0
7528	0
7529	0
7530	0
7531	0
7532	0
7533	0
7534	0
7535	0
7536	0
7537	0
7538	0
7539	0
7540	0
7541	0
7542	0
7543	0
7544	0
7545	0
7546	0
7547	0
7548	0
7549	0
7550	0
7551	0
7552	0
7553	0
7554	0
7555	0
7556	0
7557	0
7558	0
7559	0
7560	0
7561	0
7562	0
7563	0
7564	0
7565	0
7566	0
7567	0
7568	0
7569	0
7570	0
7571	0
7572	0
7573	0
7574	0
7575	0
7576	0
7577	0
7578	0
7579	0
7580	0
7581	0
7582	0
7583	0
7584	0
7585	0
7586	0
7587	0
7588	0
7589	0
7590	0
7591	0
7592	0
7593	0
7594	0
7595	0
7596	0
7597	0
7598	0
7599	0
7600	0
7601	0
7602	0
7603	0
7604	0
7605	0
7606	0
7607	0
7608	0
7609	0
7610	0
7611	0
7612	1
7613	0
7614	0
7615	0
7616	0
7617	0
7618	0
7619	0
7620	0
7621	0
7622	0
7623	0
7624	0
7625	0
7626	0
7627	0
7628	0
7629	0
7630	0
7631	0
7632	0
7633	0
7634	0
7635	0
7636	0
7637	0
7638	0
7639	0
7640	0
7641	0
7642	0
7643	0
7644	0
7645	0
7646	0
7647	0
7648	0
7649	0
7650	0
7651	0
7652	0
7653	0
7654	0
7655	0
7656	0
7657	0
7658	0
7659	0
7660	0
7661	0
7662	0
7663	0
7664	0
7665	0
7666	0
7667	0
7668	0
7669	0
7670	0
7671	0
7672	0
7673	0
7674	0
7675	0
7676	0
7677	0
7678	0
7679	0
7680	0
7681	0
7682	0
7683	0
7684	0
7685	0
7686	0
7687	0
7688	0
7689	0
7690	0
7691	0
7692	0
7693	0
7694	0
7695	0
7696	0
7697	0
7698	0
7699	0
7700	0
7701	0
7702	0
7703	0
7704	0
7705	0
7706	0
7707	0
7708	0
7709	0
7710	0
7711	0
7712	0
7713	0
7714	0
7715	0
7716	0
7717	0
7718	0
7719	0
7720	0
7721	0
7722	0
7723	0
7724	0
7725	0
7726	0
7727	0
7728	0
7729	0
7730	0
7731	0
7732	0
7733	0
7734	0
7735	0
7736	0
7737	0
7738	0
7739	0
7740	0
7741	0
7742	0
7743	0
7744	0
7745	0
7746	0
7747	0
7748	0
7749	0
7750	0
7751	0
7752	0
7753	0
7754	0
7755	0
7756	0
7757	0
7758	0
7759	0
7760	0
7761	0
7762	0
7763	0
7764	0
7765	0
7766	0
7767	0
7768	0
7769	0
7770	0
7771	0
7772	0
7773	0
7774	0
7775	0
7776	0
7777	0
7778	0
7779	0
7780	0
7781	0
7782	0
7783	0
7784	0
7785	0
7786	0
7787	0
7788	0
7789	0
7790	0
7791	0
7792	0
7793	0
7794	0
7795	0
7796	0
7797	0
7798	0
7799	0
7800	0
7801	0
7802	0
7803	0
7804	0
7805	0
7806	0
7807	0
7808	0
7809	0
7810	0
7811	0
7812	0
7813	0
7814	0
7815	0
7816	0
7817	0
7818	0
7819	0
7820	0
7821	0
7822	0
7823	0
7824	0
7825	0
7826	0
7827	0
7828	0
7829	0
7830	0
7831	0
7832	0
7833	0
7834	0
7835	0
7836	0
7837	0
7838	0
7839	0
7840	0
7841	0
7842	0
7843	0
7844	0
7845	0
7846	0
7847	0
7848	0
7849	0
7850	0
7851	0
7852	0
7853	0
7854	0
7855	0
7856	0
7857	0
7858	0
7859	0
7860	0
7861	0
7862	0
7863	0
7864	0
7865	0
7866	0
7867	0
7868	0
7869	0
7870	0
7871	0
7872	0
7873	0
7874	0
7875	0
7876	0
7877	0
7878	0
7879	0
7880	0
7881	0
7882	0
7883	0
7884	0
7885	0
7886	0
7887	0
7888	0
7889	0
7890	0
7891	0
7892	0
7893	0
7894	0
7895	0
7896	0
7897	0
7898	0
7899	0
7900	0
7901	0
7902	0
7903	0
7904	0
7905	0
7906	0
7907	0
7908	0
7909	0
7910	0
7911	0
7912	0
7913	0
7914	0
7915	0
7916	0
7917	0
7918	0
7919	0
7920	0
7921	0
7922	0
7923	0
7924	0
7925	0
7926	0
7927	0
7928	0
7929	0
7930	0
7931	0
7932	0
7933	0
7934	0
7935	0
7936	0
7937	0
7938	0
7939	0
7940	0
7941	0
7942	0
7943	0
7944	0
7945	0
7946	0
7947	0
7948	0
7949	0
7950	0
7951	0
7952	0
7953	0
7954	0
7955	0
7956	0
7957	0
7958	0
7959	0
7960	0
7961	0
7962	0
7963	0
7964	0
7965	0
7966	0
7967	0
7968	0
7969	0
7970	0
7971	0
7972	0
7973	0
7974	0
7975	0
7976	0
7977	0
7978	0
7979	0
7980	0
7981	0
7982	0
7983	0
7984	0
7985	0
7986	0
7987	0
7988	0
7989	0
7990	0
7991	0
7992	0
7993	0
7994	0
7995	0
7996	0
7997	0
7998	0
7999	0
8000	0
8001	0
8002	0
8003	0
8004	0
8005	0
8006	0
8007	0
8008	0
8009	0
8010	0
8011	0
8012	0
8013	0
8014	0
8015	0
8016	0
8017	0
8018	0
8019	0
8020	0
8021	0
8022	0
8023	0
8024	0
8025	0
8026	0
8027	0
8028	0
8029	0
8030	0
8031	0
8032	0
8033	0
8034	0
8035	0
8036	0
8037	0
8038	0
8039	0
8040	0
8041	0
8042	0
8043	0
8044	0
8045	0
8046	0
8047	0
8048	0
8049	0
8050	0
8051	0
8052	0
8053	0
8054	0
8055	0
8056	0
8057	0
8058	0
8059	0
8060	0
8061	0
8062	0
8063	0
8064	0
8065	0
8066	0
8067	0
8068	0
8069	0
8070	0
8071	0
8072	0
8073	0
8074	0
8075	0
8076	0
8077	0
8078	0
8079	0
8080	0
8081	0
8082	0
8083	0
8084	0
8085	0
8086	0
8087	0
8088	0
8089	0
8090	0
8091	0
8092	0
8093	0
8094	0
8095	0
8096	0
8097	0
8098	0
8099	0
8100	0
8101	0
8102	0
8103	0
8104	0
8105	0
8106	0
8107	0
8108	0
8109	0
8110	0
8111	0
8112	0
8113	0
8114	0
8115	0
8116	0
8117	0
8118	0
8119	0
8120	0
8121	0
8122	0
8123	0
8124	0
8125	0
8126	0
8127	0
8128	0
8129	0
8130	0
8131	0
8132	0
8133	0
8134	0
8135	0
8136	0
8137	0
8138	0
8139	0
8140	0
8141	0
8142	0
8143	0
8144	0
8145	0
8146	0
8147	0
8148	0
8149	0
8150	0
8151	0
8152	0
8153	0
8154	0
8155	0
8156	0
8157	0
8158	0
8159	0
8160	0
8161	0
8162	0
8163	0
8164	0
8165	0
8166	0
8167	0
8168	0
8169	0
8170	0
8171	0
8172	0
8173	0
8174	0
8175	0
8176	0
8177	0
8178	0
8179	0
8180	0
8181	0
8182	0
8183	0
8184	0
8185	0
8186	0
8187	0
8188	0
8189	0
8190	0
8191	0
8192	0
8193	0
8194	0
8195	0
8196	0
8197	0
8198	0
8199	0
8200	0
8201	0
8202	0
8203	0
8204	0
8205	0
8206	0
8207	0
8208	0
8209	0
8210	0
8211	0
8212	0
8213	0
8214	0
8215	0
8216	0
8217	0
8218	0
8219	0
8220	0
8221	0
8222	0
8223	0
8224	0
8225	0
8226	0
8227	0
8228	0
8229	0
8230	0
8231	0
8232	0
8233	0
8234	0
8235	0
8236	0
8237	0
8238	0
8239	0
8240	0
8241	0
8242	0
8243	0
8244	0
8245	0
8246	0
8247	0
8248	0
8249	0
8250	0
8251	0
8252	0
8253	0
8254	0
8255	0
8256	0
8257	0
8258	0
8259	0
8260	0
8261	0
8262	0
8263	0
8264	0
8265	0
8266	0
8267	0
8268	0
8269	0
8270	0
8271	0
8272	0
8273	0
8274	0
8275	0
8276	0
8277	0
8278	0
8279	0
8280	0
8281	0
8282	0
8283	0
8284	0
8285	0
8286	0
8287	0
8288	0
8289	0
8290	0
8291	0
8292	0
8293	0
8294	0
8295	0
8296	0
8297	0
8298	0
8299	0
8300	0
8301	0
8302	0
8303	0
8304	0
8305	0
8306	0
8307	0
8308	0
8309	0
8310	0
8311	0
8312	0
8313	0
8314	0
8315	0
8316	0
8317	0
8318	0
8319	0
8320	0
8321	0
8322	0
8323	0
8324	0
8325	0
8326	0
8327	0
8328	0
8329	0
8330	0
8331	0
8332	0
8333	0
8334	0
8335	0
8336	0
8337	0
8338	0
8339	0
8340	0
8341	0
8342	0
8343	0
8344	0
8345	0
8346	0
8347	0
8348	0
8349	0
8350	0
8351	0
8352	0
8353	0
8354	0
8355	0
8356	0
8357	0
8358	0
8359	0
8360	0
8361	0
8362	0
8363	0
8364	0
8365	0
8366	0
8367	0
8368	0
8369	0
8370	0
8371	0
8372	0
8373	0
8374	0
8375	0
8376	0
8377	0
8378	0
8379	0
8380	0
8381	0
8382	0
8383	0
8384	0
8385	0
8386	0
8387	0
8388	0
8389	0
8390	0
8391	0
8392	0
8393	0
8394	0
8395	0
8396	0
8397	0
8398	0
8399	0
8400	0
8401	0
8402	0
8403	0
8404	0
8405	0
8406	0
8407	0
8408	0
8409	0
8410	0
8411	0
8412	0
8413	0
8414	0
8415	0
8416	0
8417	0
8418	0
8419	0
8420	0
8421	0
8422	0
8423	0
8424	0
8425	0
8426	0
8427	0
8428	0
8429	0
8430	0
8431	0
8432	0
8433	0
8434	0
8435	0
8436	0
8437	0
8438	0
8439	0
8440	0
8441	0
8442	0
8443	0
8444	0
8445	0
8446	0
8447	0
8448	0
8449	0
8450	0
8451	0
8452	0
8453	0
8454	0
8455	0
8456	0
8457	0
8458	0
8459	0
8460	0
8461	0
8462	0
8463	0
8464	0
8465	0
8466	0
8467	0
8468	0
8469	0
8470	0
8471	0
8472	0
8473	0
8474	0
8475	0
8476	0
8477	0
8478	0
8479	0
8480	0
8481	0
8482	0
8483	0
8484	0
8485	0
8486	0
8487	0
8488	0
8489	0
8490	0
8491	0
8492	0
8493	0
8494	0
8495	0
8496	0
8497	0
8498	0
8499	0
8500	0
8501	0
8502	0
8503	0
8504	0
8505	0
8506	0
8507	0
8508	0
8509	0
8510	0
8511	0
8512	0
8513	0
8514	0
8515	0
8516	0
8517	0
8518	0
8519	0
8520	0
8521	0
8522	0
8523	0
8524	0
8525	0
8526	0
8527	0
8528	0
8529	0
8530	0
8531	0
8532	0
8533	0
8534	0
8535	0
8536	0
8537	0
8538	0
8539	0
8540	0
8541	0
8542	0
8543	0
8544	0
8545	0
8546	0
8547	0
8548	0
8549	0
8550	0
8551	0
8552	0
8553	0
8554	0
8555	0
8556	0
8557	0
8558	0
8559	0
8560	0
8561	0
8562	0
8563	0
8564	0
8565	0
8566	0
8567	0
8568	0
8569	0
8570	0
8571	0
8572	0
8573	0
8574	0
8575	0
8576	0
8577	0
8578	0
8579	0
8580	0
8581	0
8582	0
8583	0
8584	0
8585	0
8586	0
8587	0
8588	0
8589	0
8590	0
8591	0
8592	0
8593	0
8594	0
8595	0
8596	0
8597	0
8598	0
8599	0
8600	0
8601	0
8602	0
8603	0
8604	0
8605	0
8606	0
8607	0
8608	0
8609	0
8610	0
8611	0
8612	0
8613	0
8614	0
8615	0
8616	0
8617	0
8618	0
8619	0
8620	0
8621	0
8622	0
8623	0
8624	0
8625	0
8626	0
8627	0
8628	0
8629	0
8630	0
8631	0
8632	0
8633	0
8634	0
8635	0
8636	0
8637	0
8638	0
8639	0
8640	0
8641	0
8642	0
8643	0
8644	0
8645	0
8646	0
8647	0
8648	0
8649	0
8650	0
8651	0
8652	0
8653	0
8654	0
8655	0
8656	0
8657	0
8658	0
8659	0
8660	0
8661	0
8662	0
8663	0
8664	0
8665	0
8666	0
8667	0
8668	0
8669	0
8670	0
8671	0
8672	0
8673	0
8674	0
8675	0
8676	0
8677	0
8678	0
8679	0
8680	0
8681	0
8682	0
8683	0
8684	0
8685	0
8686	0
8687	0
8688	0
8689	0
8690	0
8691	0
8692	0
8693	0
8694	1
8695	0
8696	0
8697	0
8698	0
8699	0
8700	0
8701	0
8702	0
8703	0
8704	0
8705	0
8706	0
8707	0
8708	0
8709	0
8710	0
8711	1
8712	0
8713	0
8714	0
8715	0
8716	0
8717	0
8718	0
8719	0
8720	0
8721	0
8722	0
8723	0
8724	0
8725	0
8726	0
8727	0
8728	0
8729	0
8730	0
8731	0
8732	0
8733	0
8734	0
8735	0
8736	0
8737	0
8738	0
8739	0
8740	0
8741	0
8742	0
8743	0
8744	0
8745	0
8746	0
8747	0
8748	0
8749	0
8750	0
8751	0
8752	0
8753	0
8754	0
8755	0
8756	0
8757	0
8758	0
8759	0
8760	0
8761	0
8762	0
8763	0
8764	0
8765	0
8766	0
8767	0
8768	0
8769	0
8770	0
8771	0
8772	0
8773	0
8774	0
8775	0
8776	0
8777	0
8778	0
8779	0
8780	0
8781	0
8782	0
8783	0
8784	0
8785	0
8786	0
8787	0
8788	0
8789	0
8790	1
8791	0
8792	0
8793	0
8794	0
8795	0
8796	0
8797	0
8798	0
8799	0
8800	0
8801	0
8802	0
8803	0
8804	0
8805	0
8806	0
8807	0
8808	0
8809	0
8810	0
8811	0
8812	0
8813	0
8814	0
8815	0
8816	0
8817	1
8818	0
8819	0
8820	0
8821	0
8822	0
8823	0
8824	0
8825	0
8826	0
8827	0
8828	0
8829	0
8830	0
8831	0
8832	0
8833	0
8834	0
8835	0
8836	0
8837	0
8838	0
8839	0
8840	0
8841	0
8842	0
8843	0
8844	0
8845	0
8846	0
8847	0
8848	0
8849	0
8850	0
8851	0
8852	0
8853	0
8854	0
8855	0
8856	0
8857	0
8858	0
8859	0
8860	0
8861	0
8862	0
8863	0
8864	0
8865	0
8866	0
8867	0
8868	0
8869	0
8870	0
8871	0
8872	0
8873	0
8874	0
8875	0
8876	0
8877	0
8878	0
8879	0
8880	0
8881	0
8882	0
8883	0
8884	0
8885	0
8886	0
8887	0
8888	0
8889	0
8890	0
8891	0
8892	0
8893	0
8894	0
8895	0
8896	0
8897	0
8898	0
8899	0
8900	0
8901	0
8902	1
8903	0
8904	0
8905	0
8906	0
8907	0
8908	0
8909	0
8910	0
8911	0
8912	0
8913	0
8914	0
8915	0
8916	0
8917	0
8918	0
8919	0
8920	0
8921	0
8922	0
8923	0
8924	0
8925	0
8926	0
8927	0
8928	0
8929	1
8930	0
8931	0
8932	0
8933	0
8934	0
8935	0
8936	0
8937	0
8938	0
8939	0
8940	0
8941	0
8942	0
8943	0
8944	0
8945	0
8946	0
8947	0
8948	0
8949	0
8950	0
8951	0
8952	1
8953	0
8954	0
8955	0
8956	0
8957	0
8958	0
8959	0
8960	0
8961	0
8962	0
8963	0
8964	0
8965	0
8966	0
8967	0
8968	0
8969	0
8970	0
8971	0
8972	0
8973	0
8974	0
8975	0
8976	0
8977	1
8978	0
8979	0
8980	0
8981	1
8982	0
8983	0
8984	0
8985	0
8986	0
8987	0
8988	0
8989	0
8990	0
8991	0
8992	0
8993	0
8994	0
8995	0
8996	0
8997	1
8998	0
8999	0
9000	0
9001	0
9002	0
9003	0
9004	0
9005	0
9006	0
9007	0
9008	0
9009	0
9010	0
9011	1
9012	1
9013	0
9014	0
9015	0
9016	1
9017	0
9018	0
9019	0
9020	0
9021	0
9022	0
9023	1
9024	0
9025	0
9026	0
9027	0
9028	0
9029	0
9030	0
9031	0
9032	1
9033	1
9034	0
9035	0
9036	0
9037	0
9038	0
9039	0
9040	0
9041	0
9042	0
9043	0
9044	0
9045	0
9046	0
9047	1
9048	1
9049	0
9050	0
9051	0
9052	1
9053	2
9054	1
9055	1
9056	0
9057	0
9058	0
9059	1
9060	0
9061	0
9062	0
9063	1
9064	3
9065	0
9066	0
9067	0
9068	5
9069	0
9070	1
9071	0
9072	1
9073	4
9074	0
9075	4
9076	1
9077	2
9078	3
9079	3
9080	3
9081	3
9082	1
9083	18
9084	4
9085	13
9086	5
9087	12
