quality	AA	AC	AG	AT	A.	CA	CC	CG	CT	C.	GA	GC	GG	GT	G.	TA	TC	TG	TT	T.	.A	.C	.G	.T	..
0	NA	NA	NA	NA	NA	NA	NA	NA	NA	NA	NA	NA	NA	NA	NA	NA	NA	NA	NA	NA	NA	NA	NA	NA	NA
1	NA	NA	NA	NA	NA	NA	NA	NA	NA	NA	NA	NA	NA	NA	NA	NA	NA	NA	NA	NA	NA	NA	NA	NA	NA
2	NA	NA	NA	NA	NA	NA	NA	NA	NA	NA	NA	NA	NA	NA	NA	NA	NA	NA	NA	NA	NA	NA	NA	NA	NA
3	NA	NA	NA	NA	NA	NA	NA	NA	NA	NA	NA	NA	NA	NA	NA	NA	NA	NA	NA	NA	NA	NA	NA	NA	NA
4	NA	NA	NA	NA	NA	NA	NA	NA	NA	NA	NA	NA	NA	NA	NA	NA	NA	NA	NA	NA	NA	NA	NA	NA	NA
5	NA	NA	NA	NA	NA	NA	NA	NA	NA	NA	NA	NA	NA	NA	NA	NA	NA	NA	NA	NA	NA	NA	NA	NA	NA
6	NA	NA	NA	NA	NA	NA	NA	NA	NA	NA	NA	NA	NA	NA	NA	NA	NA	NA	NA	NA	NA	NA	NA	NA	NA
7	NA	NA	NA	NA	NA	NA	NA	NA	NA	NA	NA	NA	NA	NA	NA	NA	NA	NA	NA	NA	NA	NA	NA	NA	NA
8	NA	NA	NA	NA	NA	NA	NA	NA	NA	NA	NA	NA	NA	NA	NA	NA	NA	NA	NA	NA	NA	NA	NA	NA	NA
9	NA	NA	NA	NA	NA	NA	NA	NA	NA	NA	NA	NA	NA	NA	NA	NA	NA	NA	NA	NA	NA	NA	NA	NA	NA
10	0.9375	0.0208333	0.0208333	0.0208333	NA	0.0555556	0.944444	NA	NA	NA	0.00662252	NA	0.980132	0.013245	NA	NA	NA	NA	1	NA	NA	0.00318471	NA	NA	0.996815
11	0.973824	0.0130562	0.00373492	0.00935325	3.19224e-05	0.0676281	0.909552	0.00550691	0.0172339	7.92362e-05	0.0205742	0.0053284	0.923423	0.0505002	0.000173989	0.0210891	0.00524604	0.018571	0.954779	0.000314762	4.46317e-05	3.57054e-05	NA	5.3558e-05	0.999866
12	0.971638	0.0159282	0.00509845	0.00723766	9.80471e-05	0.0547189	0.924556	0.00566569	0.0149604	9.87484e-05	0.0126795	0.00402115	0.948433	0.0348083	5.82775e-05	0.0128014	0.00601313	0.0229251	0.958155	0.0001057	4.52091e-05	1.75813e-05	1.75813e-05	4.01859e-05	0.999879
13	0.967274	0.0174747	0.00588002	0.00926952	0.00010177	0.0414568	0.942622	0.00491372	0.0109112	9.60336e-05	0.00869822	0.00347541	0.965871	0.0218544	0.000101267	0.0125983	0.00868616	0.022458	0.956112	0.000145019	3.94131e-05	2.89935e-05	2.89935e-05	4.07721e-05	0.999862
14	0.965696	0.0189019	0.00540274	0.00987849	0.000120689	0.0369941	0.946027	0.00494182	0.0119176	0.000119872	0.0131816	0.00550443	0.950626	0.0305428	0.000144853	0.0144917	0.0112492	0.0210167	0.95307	0.000172758	5.44034e-05	3.08557e-05	3.32917e-05	4.14116e-05	0.99984
15	0.968422	0.0146064	0.00655201	0.0103033	0.000115924	0.0315904	0.947946	0.00611877	0.014256	8.88618e-05	0.0121264	0.00547556	0.956009	0.0262891	0.000100218	0.0160251	0.00882045	0.0238899	0.951131	0.000133204	3.68216e-05	2.18202e-05	2.3184e-05	5.31868e-05	0.999865
16	0.966473	0.014594	0.0076691	0.0111882	7.61661e-05	0.0267284	0.95483	0.00490084	0.0134765	6.39241e-05	0.010723	0.00493921	0.959813	0.0244348	8.97455e-05	0.0187573	0.0114518	0.0265422	0.943125	0.000123257	6.03456e-05	3.01728e-05	2.65255e-05	3.97883e-05	0.999843
17	NA	NA	NA	NA	NA	NA	NA	NA	NA	NA	NA	NA	NA	NA	NA	NA	NA	NA	NA	NA	NA	NA	NA	NA	NA
18	1	NA	NA	NA	NA	NA	1	NA	NA	NA	NA	NA	1	NA	NA	NA	NA	NA	1	NA	NA	NA	NA	NA	1
19	1	NA	NA	NA	NA	NA	1	NA	NA	NA	NA	NA	1	NA	NA	NA	NA	NA	1	NA	NA	NA	NA	NA	1
20	0.997223	0.00185164	0.000578637	0.000347182	NA	0.0108022	0.985544	0.00127085	0.00238284	NA	0.0018677	0.000311284	0.993152	0.00466926	NA	0.00172058	0.000688231	0.00223675	0.995354	NA	2.97779e-05	NA	NA	NA	0.99997
21	0.996339	0.00227108	0.00084484	0.000508721	3.63372e-05	0.00498959	0.99355	0.000520542	0.000914123	2.53923e-05	0.000832521	0.000273542	0.996313	0.00255703	2.37863e-05	0.000714749	0.00123578	0.0025584	0.995464	2.67196e-05	1.42101e-05	2.36834e-05	1.42101e-05	1.65784e-05	0.999931
22	0.996785	0.00191598	0.000681523	0.000527216	9.00125e-05	0.00592	0.992537	0.000437746	0.00108394	2.08451e-05	0.00114924	0.000395051	0.995457	0.00298084	1.79569e-05	0.00103153	0.00137538	0.00235597	0.995212	2.54699e-05	2.69411e-05	2.69411e-05	3.84873e-06	2.30924e-05	0.999919
23	0.997259	0.00139203	0.000937487	0.000411926	NA	0.0032408	0.995227	0.000323038	0.00115668	5.21029e-05	0.000788264	0.000337827	0.99697	0.00186317	4.09488e-05	0.000469426	0.00107721	0.00147251	0.996961	1.97653e-05	9.32192e-06	1.86438e-05	1.67795e-05	9.32192e-06	0.999946
24	0.997825	0.00116789	0.000704764	0.000302042	NA	0.00382329	0.994474	0.000312815	0.00139029	NA	0.00102791	0.000192734	0.996595	0.00218432	NA	0.00039626	0.00115943	0.00133554	0.997109	NA	4.50554e-05	2.81597e-05	1.68958e-05	2.81597e-05	0.999882
25	0.997278	0.00120963	0.00103455	0.000429738	4.77487e-05	0.00301889	0.995245	0.000427453	0.00128236	2.67158e-05	0.001033	0.000361552	0.996514	0.00206601	2.58251e-05	0.000488495	0.00199156	0.00120245	0.996255	6.26276e-05	3.20064e-05	1.82894e-05	1.3717e-05	4.57235e-06	0.999931
26	0.996638	0.00103455	0.00201738	0.000258639	5.17277e-05	0.0022266	0.996574	0.000342554	0.000856384	NA	0.000797166	0.000531444	0.996368	0.00230292	NA	0.000392381	0.00260398	0.000606407	0.996362	3.5671e-05	7.11906e-05	2.84762e-05	1.42381e-05	1.42381e-05	0.999872
27	0.996115	0.00150006	0.00167185	0.000667974	4.51074e-05	0.00261471	0.995519	0.000446719	0.0014042	1.56195e-05	0.00135135	0.000554191	0.995212	0.00286241	2.0475e-05	0.000938459	0.00113927	0.00347542	0.99439	5.68035e-05	2.7886e-05	1.82225e-05	1.132e-05	2.81621e-05	0.999914
28	0.998421	0.000467123	0.000645075	0.000400391	6.67319e-05	0.000713919	0.998014	8.92399e-05	0.00118243	NA	0.00137979	0.000275958	0.997072	0.00124781	2.39964e-05	0.000775441	0.00136843	0.000592985	0.997263	NA	2.5641e-05	2.5641e-05	1.02564e-05	1.53846e-05	0.999923
29	0.999466	0.00032041	NA	0.000213607	NA	0.00105097	0.998774	NA	0.000175162	NA	0.000588543	NA	0.999019	0.000392362	NA	NA	NA	NA	1	NA	NA	NA	NA	NA	1
30	0.997985	0.000601207	0.001082	0.000308514	2.28529e-05	0.000449221	0.998354	0.000216865	0.000975894	4.22465e-06	0.000700512	0.000196978	0.998315	0.000774868	1.30449e-05	0.00037087	0.00155126	0.000579325	0.997484	1.40675e-05	1.83032e-05	7.08511e-06	6.19947e-06	1.62367e-05	0.999952
31	0.998301	0.00036234	0.00115181	0.000151756	3.325e-05	0.000489644	0.998534	0.000177077	0.000798187	1.34149e-06	0.000456908	9.87909e-05	0.998915	0.000511243	1.85233e-05	0.000215609	0.00106211	0.000624329	0.998077	2.06235e-05	2.19897e-05	9.65403e-06	6.70419e-06	1.95762e-05	0.999942
32	0.999229	0.000209006	0.000474619	6.09602e-05	2.61258e-05	0.000335328	0.99942	4.51403e-05	0.000199907	NA	0.000276152	4.11291e-05	0.999495	0.000176267	1.17512e-05	6.13404e-05	0.00154169	0.000269898	0.998115	1.22681e-05	3.89238e-06	NA	9.08223e-06	1.16772e-05	0.999975
33	0.999158	0.000266342	0.000497171	7.10245e-05	7.10245e-06	0.000451111	0.999287	4.10101e-05	0.000215303	5.12626e-06	0.000206213	4.31609e-05	0.999607	0.000139074	4.79566e-06	6.04303e-05	0.00120573	0.000313662	0.998409	1.15105e-05	5.17033e-06	5.17033e-06	1.75791e-05	1.5511e-05	0.999957
34	0.997951	0.000607212	0.00129812	0.000109544	3.40531e-05	0.000214147	0.998915	0.000152868	0.000716899	1.31783e-06	0.000498519	0.00010523	0.999054	0.00033509	7.6424e-06	0.000134198	0.00104195	0.000496576	0.99829	3.7503e-05	1.93525e-05	1.09494e-05	6.36595e-06	1.66788e-05	0.999947
35	0.998362	0.000681579	0.000868803	5.89019e-05	2.87497e-05	0.00024224	0.999441	5.13842e-05	0.000261509	3.6703e-06	0.00031664	5.21632e-05	0.999483	0.000140932	7.32115e-06	4.61501e-05	0.000448142	0.00052101	0.998953	3.21836e-05	1.44242e-05	6.48045e-06	7.31663e-06	1.12885e-05	0.99996
36	0.998429	0.000289682	0.0011557	9.02984e-05	3.57558e-05	8.37883e-05	0.999153	0.000129053	0.000630338	3.37079e-06	0.00036864	5.82062e-05	0.999414	0.000146644	1.21827e-05	9.01636e-05	0.00107468	0.000231651	0.998568	3.53719e-05	1.73772e-05	1.09801e-05	7.06547e-06	1.62315e-05	0.999948
37	0.99811	0.000216698	0.00156403	8.12121e-05	2.85233e-05	8.47062e-05	0.999186	0.000127742	0.000594993	6.83115e-06	0.000302182	5.53193e-05	0.999539	9.61173e-05	6.91491e-06	6.48551e-05	0.00102269	0.000253047	0.998625	3.48643e-05	1.67914e-05	8.27221e-06	7.77835e-06	1.82729e-05	0.999949
38	0.998058	0.00029544	0.00154285	7.45822e-05	2.94127e-05	5.79328e-05	0.999248	0.000113347	0.000578068	2.93862e-06	0.000330702	4.3757e-05	0.999544	7.11052e-05	1.05185e-05	5.62212e-05	0.00097993	0.000205969	0.998721	3.65175e-05	1.78665e-05	1.14799e-05	6.95259e-06	1.75432e-05	0.999946
39	0.998179	0.000381491	0.00135552	4.89881e-05	3.47538e-05	3.90116e-05	0.999198	0.000136491	0.00062221	4.0493e-06	0.000301565	4.14319e-05	0.999596	4.71534e-05	1.36133e-05	4.98808e-05	0.000842381	0.000158235	0.998915	3.40804e-05	1.90645e-05	1.13347e-05	7.67413e-06	1.68905e-05	0.999945
40	0.998457	0.00039851	0.00106135	4.47439e-05	3.79755e-05	2.10618e-05	0.999136	0.000117333	0.000719776	6.28024e-06	0.000271985	3.15041e-05	0.999646	2.78286e-05	2.27529e-05	4.15021e-05	0.000615222	0.000177095	0.999134	3.16907e-05	2.30211e-05	1.30526e-05	8.05272e-06	1.92829e-05	0.999937
