quality	AA	AC	AG	AT	A.	CA	CC	CG	CT	C.	GA	GC	GG	GT	G.	TA	TC	TG	TT	T.	.A	.C	.G	.T	..
0	NA	NA	NA	NA	NA	NA	NA	NA	NA	NA	NA	NA	NA	NA	NA	NA	NA	NA	NA	NA	NA	NA	NA	NA	NA
1	NA	NA	NA	NA	NA	NA	NA	NA	NA	NA	NA	NA	NA	NA	NA	NA	NA	NA	NA	NA	NA	NA	NA	NA	NA
2	NA	NA	NA	NA	NA	NA	NA	NA	NA	NA	NA	NA	NA	NA	NA	NA	NA	NA	NA	NA	NA	NA	NA	NA	NA
3	NA	NA	NA	NA	NA	NA	NA	NA	NA	NA	NA	NA	NA	NA	NA	NA	NA	NA	NA	NA	NA	NA	NA	NA	NA
4	NA	NA	NA	NA	NA	NA	NA	NA	NA	NA	NA	NA	NA	NA	NA	NA	NA	NA	NA	NA	NA	NA	NA	NA	NA
5	NA	NA	NA	NA	NA	NA	NA	NA	NA	NA	NA	NA	NA	NA	NA	NA	NA	NA	NA	NA	NA	NA	NA	NA	NA
6	NA	NA	NA	NA	NA	NA	NA	NA	NA	NA	NA	NA	NA	NA	NA	NA	NA	NA	NA	NA	NA	NA	NA	NA	NA
7	NA	NA	NA	NA	NA	NA	NA	NA	NA	NA	NA	NA	NA	NA	NA	NA	NA	NA	NA	NA	NA	NA	NA	NA	NA
8	NA	NA	NA	NA	NA	NA	NA	NA	NA	NA	NA	NA	NA	NA	NA	NA	NA	NA	NA	NA	NA	NA	NA	NA	NA
9	NA	NA	NA	NA	NA	NA	NA	NA	NA	NA	NA	NA	NA	NA	NA	NA	NA	NA	NA	NA	NA	NA	NA	NA	NA
10	NA	NA	NA	NA	NA	NA	NA	NA	NA	NA	NA	NA	NA	NA	NA	NA	NA	NA	NA	NA	NA	NA	NA	NA	NA
11	0.97651	0.010284	0.00514199	0.00794671	0.000116863	0.0490948	0.930347	0.00536975	0.0151887	NA	0.0168531	0.00738669	0.939185	0.0364314	0.000143431	0.0276134	0.00946746	0.0201183	0.942406	0.000394477	NA	NA	NA	6.34075e-05	0.999937
12	0.972523	0.0139555	0.00579141	0.00762833	0.000102051	0.0331576	0.950021	0.00439944	0.0121955	0.000226442	0.0118536	0.00602119	0.952921	0.0290779	0.000125879	0.0152251	0.00801727	0.0248612	0.951819	7.70891e-05	2.08951e-05	6.96505e-06	6.96505e-06	4.87553e-05	0.999916
13	0.966073	0.0159227	0.00697293	0.0109021	0.000129128	0.0297677	0.954288	0.00503009	0.0107625	0.000151852	0.0094835	0.0044805	0.964352	0.0216013	8.27303e-05	0.0150853	0.0109213	0.0235962	0.950267	0.000130593	4.06702e-05	2.90501e-05	5.03535e-05	4.74485e-05	0.999832
14	0.961492	0.017858	0.00763463	0.0128505	0.00016454	0.0285259	0.952614	0.00485758	0.0138292	0.000173485	0.0169102	0.00670886	0.946053	0.0300891	0.000238802	0.0187678	0.0152788	0.0234198	0.942352	0.000181718	7.48347e-05	5.04699e-05	4.69892e-05	5.91716e-05	0.999769
15	0.975033	0.00874525	0.00583017	0.0102748	0.000116963	0.012315	0.975493	0.00321262	0.00878322	0.00019564	0.0147111	0.00567375	0.953991	0.0254304	0.000193313	0.0249613	0.0135438	0.0252835	0.936108	0.000103093	5.98164e-05	4.07839e-05	3.53461e-05	5.70975e-05	0.999807
16	0.961071	0.0129023	0.0105833	0.015275	0.000168042	0.0185274	0.959484	0.00557114	0.0162505	0.000166865	0.0177475	0.00878454	0.948312	0.0249975	0.00015805	0.0186714	0.0135913	0.0194001	0.948062	0.000274824	0.000125144	6.52925e-05	6.63808e-05	7.94393e-05	0.999664
17	NA	NA	NA	NA	NA	NA	NA	NA	NA	NA	NA	NA	NA	NA	NA	NA	NA	NA	NA	NA	NA	NA	NA	NA	NA
18	NA	NA	NA	NA	NA	NA	NA	NA	NA	NA	NA	NA	NA	NA	NA	NA	NA	NA	NA	NA	NA	NA	NA	NA	NA
19	NA	NA	NA	NA	NA	NA	NA	NA	NA	NA	NA	NA	NA	NA	NA	NA	NA	NA	NA	NA	NA	NA	NA	NA	NA
20	0.997156	0.00177746	0.00106648	NA	NA	0.00197922	0.997526	NA	0.000494805	NA	0.00127632	0.000425441	0.996384	0.00191449	NA	NA	0.000520021	0.00676027	0.99272	NA	NA	NA	NA	NA	1
21	0.996883	0.00163386	0.000955182	0.000477591	5.02727e-05	0.00231398	0.996187	0.00048887	0.00097774	3.25913e-05	0.000895808	0.000278009	0.99688	0.00191518	3.08899e-05	0.000956905	0.000939506	0.00234877	0.99572	3.47965e-05	NA	NA	6.24793e-06	NA	0.999994
22	0.996754	0.00164725	0.000944745	0.000605605	4.84484e-05	0.00301921	0.995471	0.000377401	0.0011322	NA	0.00176223	0.000652678	0.994615	0.00290442	6.52678e-05	0.00185679	0.0023805	0.00366597	0.992073	2.3805e-05	1.42506e-05	1.42506e-05	2.13759e-05	2.13759e-05	0.999929
23	0.996748	0.00123745	0.00112639	0.000840829	4.75941e-05	0.00237469	0.99567	0.000605313	0.00128047	6.98438e-05	0.00102331	0.000818647	0.995657	0.00247868	2.27402e-05	0.0010737	0.00109584	0.0018596	0.995949	2.21381e-05	1.25032e-05	1.25032e-05	2.08386e-05	4.16773e-06	0.99995
24	0.997443	0.00100728	0.00100728	0.000503642	3.87417e-05	0.00225327	0.99588	0.000901307	0.000901307	6.43791e-05	0.000702206	0.000526655	0.996665	0.00210662	NA	0.00080095	0.00127047	0.00138095	0.99652	2.7619e-05	2.11495e-05	1.05747e-05	1.05747e-05	4.22989e-05	0.999915
25	0.996809	0.00100046	0.00118974	0.000811184	0.000189276	0.00276845	0.995598	0.000635382	0.000998457	NA	0.00234283	0.000607402	0.99436	0.00268992	NA	0.000870763	0.00192378	0.00166052	0.995484	6.07509e-05	4.56871e-05	3.04581e-05	6.85307e-05	5.33017e-05	0.999802
26	0.9973	0.000836534	0.00106468	0.000760485	3.80243e-05	0.0023479	0.996202	0.000414336	0.00103584	NA	0.000850762	0.000921659	0.99525	0.00297767	NA	0.000506343	0.00202537	0.000959386	0.996429	7.99488e-05	2.1675e-05	4.33501e-05	3.25126e-05	4.33501e-05	0.999859
27	0.995839	0.00138756	0.00148325	0.00125272	3.69726e-05	0.00141153	0.99636	0.000533544	0.00167492	2.02612e-05	0.0025566	0.00128692	0.991394	0.0047369	2.58533e-05	0.00115996	0.00150163	0.00357726	0.993676	8.54169e-05	4.27189e-05	2.26159e-05	1.50773e-05	2.70134e-05	0.999893
28	0.997328	0.000770032	0.0011777	0.00067944	4.5296e-05	0.000502306	0.998493	9.13284e-05	0.000913284	NA	0.00258629	0.000526412	0.995239	0.00155635	9.15499e-05	0.000727684	0.00291074	0.000970246	0.995391	NA	2.0001e-05	1.00005e-05	NA	3.00015e-05	0.99994
29	1	NA	NA	NA	NA	NA	1	NA	NA	NA	0.000404367	0.000202184	0.999191	0.000202184	NA	NA	0.000762777	NA	0.999237	NA	NA	NA	NA	NA	1
30	0.997315	0.000664545	0.0012837	0.000713569	2.3604e-05	0.000297707	0.998263	0.000281319	0.00114986	8.19377e-06	0.0013821	0.00044257	0.997196	0.000969203	9.88983e-06	0.000640078	0.00189816	0.000695257	0.996744	2.20716e-05	2.38062e-05	9.52247e-06	9.52247e-06	1.96401e-05	0.999938
31	0.998265	0.000312125	0.00110907	0.000297865	1.58439e-05	0.000165861	0.998806	0.00016823	0.000860106	NA	0.000846448	0.000186619	0.998423	0.000528753	1.55515e-05	0.000293306	0.00127099	0.000550401	0.997856	2.89685e-05	2.82147e-05	1.73248e-05	8.90991e-06	2.17798e-05	0.999924
32	0.999069	0.000140877	0.0006496	0.000117398	2.34795e-05	9.72994e-05	0.999589	6.48663e-05	0.000248654	NA	0.000218384	7.27946e-05	0.999397	0.000311977	NA	7.13475e-05	0.00117723	0.000306794	0.99843	1.42695e-05	2.231e-06	6.69301e-06	4.462e-06	1.7848e-05	0.999969
33	0.999187	9.03169e-05	0.000660442	6.20929e-05	NA	0.000137966	0.999651	2.43469e-05	0.00018666	NA	0.000170983	3.88597e-05	0.999549	0.00024093	NA	5.55729e-05	0.00107298	0.000431759	0.998423	1.70994e-05	3.19455e-06	6.38909e-06	6.38909e-06	1.11809e-05	0.999973
34	0.998075	0.000524593	0.00114645	0.000219793	3.36965e-05	0.000136662	0.999022	0.000158431	0.00067968	3.62818e-06	0.000780136	0.00019398	0.998597	0.000406936	2.2139e-05	0.000185555	0.0011593	0.000354087	0.998266	3.4898e-05	1.99974e-05	1.19985e-05	1.29395e-05	1.99974e-05	0.999935
35	0.999067	0.000425724	0.000447603	4.92272e-05	1.00278e-05	2.50291e-05	0.999746	5.60175e-05	0.00017282	NA	0.000346535	7.94919e-05	0.999398	0.000175131	1.24206e-06	5.21926e-05	0.00049198	0.000435509	0.998993	2.73797e-05	1.32684e-05	4.12795e-06	3.83309e-06	1.14993e-05	0.999967
36	0.998542	0.000239271	0.0010575	0.000128284	3.26715e-05	6.69677e-05	0.999202	0.00013774	0.00058825	5.32697e-06	0.000526678	9.33875e-05	0.999196	0.000168235	1.57935e-05	0.000123823	0.00118452	0.000226726	0.998428	3.67511e-05	2.14576e-05	1.01244e-05	8.91549e-06	2.10043e-05	0.999938
37	0.998483	0.000153836	0.00124805	8.93239e-05	2.54325e-05	5.08189e-05	0.999246	0.000175163	0.000527651	NA	0.000365347	8.07162e-05	0.999429	0.000114702	1.06205e-05	7.52575e-05	0.00119108	0.000203255	0.998495	3.49622e-05	2.05265e-05	1.43298e-05	9.29504e-06	2.28503e-05	0.999933
38	0.998302	0.000247357	0.00134193	8.12642e-05	2.78009e-05	3.76299e-05	0.999333	0.000119732	0.000504013	5.7015e-06	0.000331574	6.5872e-05	0.999496	9.13351e-05	1.54993e-05	6.29322e-05	0.00112284	0.000189164	0.998587	3.79065e-05	2.23565e-05	1.12333e-05	7.92939e-06	1.83918e-05	0.99994
39	0.998219	0.000329915	0.00135842	5.6565e-05	3.60477e-05	2.75513e-05	0.999264	0.000171666	0.000530657	5.65155e-06	0.000300052	4.72169e-05	0.999585	4.9915e-05	1.79874e-05	5.18486e-05	0.00100029	0.00016276	0.998747	3.82965e-05	2.14954e-05	1.29318e-05	9.12582e-06	2.21442e-05	0.999934
40	0.998439	0.000397368	0.00107256	5.13475e-05	3.93031e-05	2.71478e-05	0.999117	0.000132605	0.000716964	6.62264e-06	0.000271291	3.19493e-05	0.999632	3.50663e-05	3.00569e-05	4.43411e-05	0.000654771	0.000201536	0.999068	3.12632e-05	2.73799e-05	1.50056e-05	9.26549e-06	2.29097e-05	0.999925
