ks_quality_p_value	fisher_strand_p_value	bias_p_value	bias_e_value
0.924755	0.416382	0.752537	22503.1
0.882923	1	0.992862	29689.6
0.879916	1	0.992483	29678.2
0.977569	0.109381	0.345974	10345.7
0.998657	1	0.999999	29903
0.722956	1	0.957488	28631.8
0.0295023	0.395158	0.063557	1900.54
0.722242	1	0.957256	28624.8
0.884583	1	0.993067	29695.7
0.979872	1	0.999796	29896.9
0.771251	1	0.971577	29053.1
0.00863633	0.00132281	0.000141429	4.22916
0.556901	1	0.882893	26401.1
0.49318	1	0.841799	25172.3
0.236879	1	0.578034	17284.9
0.0563238	1	0.218347	6529.23
0.0373677	1	0.160193	4790.26
0.0563238	1	0.218347	6529.23
0.397648	1	0.764354	22856.5
0.549229	1	0.878349	26265.3
0.771988	0.881065	0.942317	28178.1
0.410394	0.88368	0.730499	21844.1
0.298162	0.85609	0.603802	18055.5
0.220279	0.886136	0.5141	15373.1
0.660854	1	0.934594	27947.2
0.392275	1	0.759363	22707.2
0.629301	0.92663	0.897638	26842.1
0.329613	1	0.695429	20795.4
0.999582	0.874613	0.991739	29656
0.999978	0.811106	0.980913	29332.2
0.99868	0.90555	0.995273	29761.6
0.999986	0.0164529	0.0840282	2512.69
0.98357	0.0229292	0.108069	3231.6
1	0.000687286	0.00569262	170.227
1	0.000687337	0.005693	170.238
1	0.000349975	0.00313496	93.7446
0.793322	0.000350263	0.00255318	76.3478
1	0.000351124	0.0031441	94.0179
0.986058	0.000467818	0.00400473	119.753
0.852625	0.00172403	0.0110578	330.66
0.262815	0.000352269	0.000952426	28.4804
0.723867	0.000628992	0.00395868	118.376
0.332118	0.000254273	0.000876523	26.2107
0.13274	6.18437e-07	1.42145e-06	0.0425055
1	2.86773e-05	0.000328625	9.82687
0.999807	4.82921e-37	4.08574e-35	1.22176e-30
0.999993	5.70886e-35	4.55841e-33	1.3631e-28
0.698849	1	0.949261	28385.8
0.634132	1	0.922978	27599.8
0.999928	1	1	29903
0.849351	0.439042	0.740746	22150.5
0.803099	1	0.9792	29281
0.17752	1	0.484394	14484.8
0.508728	0.335984	0.472868	14140.2
0.943264	1	0.998359	29853.9
0.771352	0.613367	0.827208	24736
0.999896	3.9053e-09	7.95077e-08	0.00237752
0.999974	6.99606e-06	9.00382e-05	2.69241
0.900181	1	0.994844	29748.8
0.750194	1	0.965817	28880.8
0.922784	1	0.996939	29811.5
0.0945281	0.711816	0.248879	7442.23
0.616499	1	0.914699	27352.2
0.999268	0.000482969	0.00416801	124.636
0.995824	1	0.999991	29902.7
0.722113	1	0.957214	28623.6
1	0.00179676	0.0131555	393.388
0.0504345	0.251031	0.0679782	2032.75
0.0017174	0.254152	0.00381343	114.033
0.443548	0.248926	0.353705	10576.9
0.320554	0.130323	0.174431	5216.02
0.372086	0.132099	0.197239	5898.05
0.999998	1	1	29903
0.176065	1.29949e-06	3.72716e-06	0.111453
0.969336	0.719544	0.948769	28371
0.999945	1.042e-15	3.69865e-14	1.10601e-09
0.293133	1	0.652845	19522
0.968095	0.494894	0.831647	24868.7
0.784218	0.686315	0.871641	26064.7
0.366286	0.00792272	0.0198564	593.767
0.15186	1	0.438086	13100.1
0.810875	0.000155836	0.00126064	37.6971
0.000460443	0.228179	0.00106755	31.9228
0.999994	0.141177	0.417562	12486.4
0.783032	0.562145	0.801377	23963.6
0.143044	0.591519	0.293579	8778.9
0.992789	0.365443	0.730652	21848.7
0.9947	0.617874	0.913777	27324.7
0.214593	0.642381	0.411013	12290.5
0.976321	0.000509451	0.00428059	128.002
0.199315	1.86246e-07	6.72238e-07	0.0201019
0.999992	0.343451	0.710498	21246
1	0.659933	0.934213	27935.8
0.825617	0.688012	0.889299	26592.7
0.037964	1	0.162149	4848.74
0.879045	0.0625728	0.214536	6415.26
0.999998	1	1	29903
0.999996	2.60476e-11	6.60854e-10	1.97615e-05
0.822106	1	0.983145	29399
1.77717e-40	0	0	0
0.999997	1.41358e-14	4.64925e-13	1.39026e-08
0.544542	1	0.87552	26180.7
0.589238	1	0.900901	26939.6
0.960115	1	0.999194	29878.9
0.141242	1	0.417693	12490.3
0.999998	0.137125	0.409573	12247.5
0.99999	1	1	29903
0.969603	0.00352507	0.0228274	682.606
0.999989	1.36238e-05	0.000166259	4.97163
0.951411	1	0.9988	29867.1
0.999995	1	1	29903
0.999997	0.480296	0.832521	24894.9
0.205597	6.72656e-05	0.000168565	5.0406
0.692599	3.19933e-08	4.12703e-07	0.0123411
0.88305	3.20196e-09	5.84835e-08	0.00174883
0.787199	3.14139e-08	4.57864e-07	0.0136915
0.711653	3.53937e-10	5.81895e-09	0.000174004
1	7.74737e-09	1.52437e-07	0.00455831
0.988619	3.4293e-10	7.73151e-09	0.000231195
0.58899	0.0269122	0.0815459	2438.47
0.577597	0.0171028	0.0554916	1659.36
1	1.5366e-08	2.91817e-07	0.00872621
0.646168	1	0.928347	27760.3
1	1	1	29903
0.502324	0.0624641	0.139995	4186.27
0.980777	1	0.999814	29897.4
0.258067	1	0.607629	18169.9
0.70663	1	0.952006	28467.8
1	8.3003e-06	0.000105407	3.152
0.999994	3.86071e-21	1.85326e-19	5.54181e-15
0.822617	0.192426	0.450075	13458.6
0.741111	1	0.963152	28801.1
0.745471	1	0.964445	28839.8
0.782687	1	0.974463	29139.4
0.348592	1	0.715957	21409.3
0.600932	1	0.90697	27121.1
0.618562	2.67422e-06	2.36748e-05	0.707948
1	0	0	0
0.788385	0.10513	0.289289	8650.6
0.973594	0.504677	0.840503	25133.6
0.929315	0.393368	0.733435	21931.9
0.986964	4.30312e-05	0.000470006	14.0546
0.926932	1	0.997263	29821.2
0.533627	0.23106	0.381384	11404.5
0.961651	0.219046	0.538743	16110
0.990502	0.679167	0.939402	28090.9
0.832193	1	0.985059	29456.2
0.094309	0.123944	0.0636948	1904.67
0.727394	0.0452068	0.145172	4341.09
0.75149	0.484206	0.731734	21881
0.483464	0.591365	0.643884	19254.1
0.824402	0.0691749	0.220368	6589.67
0.0230644	1.14569e-06	4.8751e-07	0.014578
0.764903	0.259211	0.519098	15522.6
0.781603	1	0.974196	29131.4
0.999942	0.472214	0.826507	24715
0.929358	0.818681	0.968804	28970.2
0.244288	0.0469719	0.062739	1876.08
0.493995	0.00466343	0.0162947	487.26
0.516547	0.724569	0.742098	22191
0.993967	0.000114046	0.00114321	34.1854
0.294566	0.0239558	0.0420134	1256.33
0.852314	0.386684	0.695388	20794.2
0.382918	0.234807	0.306503	9165.35
0.316371	0.296488	0.315787	9442.97
0.999996	3.80512e-23	2.00237e-21	5.98768e-17
0.9907	0.000261721	0.00240037	71.7783
0.983755	8.87084e-05	0.000902914	26.9998
0.257145	1	0.606378	18132.5
0.929399	0.831755	0.972037	29066.8
0.985818	1	0.999899	29900
0.369148	1	0.737025	22039.3
0.446311	0.560714	0.596925	17849.8
0.260806	4.86908e-07	2.14346e-06	0.0640958
0.483408	6.15215e-08	5.45156e-07	0.0163018
0.98052	1	0.999809	29897.3
0.359926	4.87251e-10	4.115e-09	0.000123051
0.1579	1.00703e-09	3.74662e-09	0.000112035
0.234227	2.16345e-08	1.01857e-07	0.00304582
0.20789	4.1747e-08	1.69778e-07	0.00507687
0.585861	1	0.899105	26885.9
0.72097	1	0.956841	28612.4
0.71632	1	0.955305	28566.5
0.623721	1	0.91815	27455.4
0.492423	1	0.841264	25156.3
0.25896	1	0.608837	18206
0.586527	1	0.89946	26896.6
0.498521	1	0.845546	25284.4
0.522134	1	0.861433	25759.4
0.68616	1	0.944598	28246.3
0.737552	1	0.962077	28769
0.561645	1	0.885649	26483.6
0.990125	6.02442e-27	3.66151e-25	1.0949e-20
0.962981	1	0.999306	29882.3
0.985808	1	0.999899	29900
0.966644	0.25419	0.590592	17660.5
1	0.413854	0.778974	23293.7
0.903535	0.598377	0.873144	26109.6
0.998867	0.261326	0.611625	18289.4
0.999982	1.79393e-10	4.20516e-09	0.000125747
0.284927	0.000133749	0.000425868	12.7347
0.906241	1	0.99546	29767.3
0.999996	0.0639295	0.239733	7168.74
0.869104	0.605259	0.863952	25834.8
1	0.0175265	0.0884046	2643.56
0.44746	1	0.807293	24140.5
0.845952	1	0.987474	29528.4
0.285314	1	0.643145	19232
0.769913	1	0.971228	29042.6
1	0.237031	0.578252	17291.5
1	0.269037	0.622257	18607.4
0.890322	0.54594	0.836717	25020.3
1	1	1	29903
0.44975	1	0.809129	24195.4
0.975748	0.849311	0.984413	29436.9
0.69407	0.597733	0.779867	23320.4
0.880976	1	0.992618	29682.2
0.695375	1	0.948008	28348.3
0.76573	0.135739	0.339253	10144.7
0.256162	1.62191e-09	9.39033e-09	0.000280799
0.928568	0.222212	0.531991	15908.1
0.640312	0.141315	0.307884	9206.65
0.979806	0.00334909	0.0220497	659.351
0.34606	0.00213105	0.00605631	181.102
0.188051	0.000232567	0.000482715	14.4346
0.967153	0.0547038	0.208412	6232.15
0.974057	0.000341801	0.00299892	89.6768
1	3.95119e-67	6.08085e-65	1.81836e-60
0.501926	1	0.847905	25354.9
0.995107	1	0.999988	29902.6
1	0.252151	0.599547	17928.2
1	0.559555	0.88444	26447.4
1	0.380988	0.748637	22386.5
1	0.29682	0.657347	19656.6
0.967061	1	0.999451	29886.6
0.963467	1	0.999324	29882.8
1	0.267369	0.620062	18541.7
0.850189	1	0.988172	29549.3
0.999099	1	1	29903
0.745531	1.58791e-06	1.73394e-05	0.5185
0.892546	1.58791e-06	2.05035e-05	0.613117
0.745531	1.58791e-06	1.73394e-05	0.5185
0.993843	1.58791e-06	2.26609e-05	0.677629
0.942767	1.58791e-06	2.15753e-05	0.645165
0.788952	1.58791e-06	1.82783e-05	0.546577
0.745531	1.58791e-06	1.73394e-05	0.5185
0.966617	0.000223279	0.00203761	60.9308
0.673546	0.0106846	0.0427056	1277.03
0.759752	1	0.968504	28961.2
0.32451	1	0.689727	20624.9
0.575626	1	0.893543	26719.6
0.782831	1	0.974498	29140.4
0.427034	1	0.790394	23635.1
0.858691	1	0.989509	29589.3
0.936563	1	0.997944	29841.5
0.557384	0.716383	0.765875	22902
0.348995	0.273727	0.319863	9564.86
0.732517	0.229148	0.467418	13977.2
0.99522	0.125715	0.385167	11517.6
0.945096	0.00662822	0.0380424	1137.58
0.861189	0.823699	0.952949	28496
0.872185	0.823709	0.956005	28587.4
0.887397	0.823723	0.960043	28708.2
0.932715	0.80354	0.96561	28874.6
0.965142	0.753831	0.958965	28675.9
0.686756	1	0.944822	28253
0.218361	1	0.55062	16465.2
0.243774	0.00586331	0.0107922	322.719
0.636765	0.33678	0.544634	16286.2
0.22026	1.40326e-07	5.65378e-07	0.0169065
0.964718	0.0571325	0.214862	6425.01
0.985339	0.603416	0.903697	27023.2
0.618486	0.507273	0.677426	20257.1
0.453752	1	0.812309	24290.5
0.145167	1	0.425321	12718.4
0.950642	0.444826	0.786831	23528.6
1	0.00105163	0.00826309	247.091
1	1	1	29903
0.857645	1	0.989349	29584.5
0.419021	1	0.783499	23429
0.86624	0.844885	0.960326	28716.6
0.329266	1	0.695044	20783.9
0.999686	1	1	29903
0.773895	1	0.972259	29073.5
0.955177	0.863946	0.983749	29417.1
0.599129	1	0.90605	27093.6
0.0539775	0.00121446	0.000697009	20.8426
0.999996	0.460126	0.8173	24439.7
0.34547	5.13621e-05	0.000211855	6.33509
0.996665	2.12531e-53	2.5903e-51	7.74578e-47
0.629455	0.000820379	0.00442478	132.314
0.922113	2.19987e-07	3.32898e-06	0.0995466
0.999999	2.66434e-14	8.59416e-13	2.56991e-08
0.756133	0.157244	0.372088	11126.6
0.72245	0.638317	0.818096	24463.5
0.502259	0.0633754	0.141562	4233.13
0.99148	0.332426	0.695408	20794.8
0.997098	0.0343906	0.14995	4483.94
1	0.186758	0.500127	14955.3
0.999984	8.09985e-34	6.25266e-32	1.86973e-27
0.993791	0.106863	0.344345	10296.9
1	7.4618e-32	5.42271e-30	1.62155e-25
1	1	1	29903
0.999605	1	1	29903
0.999732	0.617409	0.915058	27363
0.732829	1	0.960624	28725.5
0.999998	0.127314	0.38972	11653.8
0.107675	0.792765	0.295423	8834.03
0.900412	1	0.994868	29749.5
0.99998	0.234616	0.574757	17187
0.908029	0.388354	0.720196	21536
0.745468	0.865971	0.928078	27752.3
0.246996	0.140247	0.151127	4519.16
0.446407	0.0455968	0.099625	2979.09
0.979277	0.000255403	0.00232443	69.5074
0.909796	1.09935e-05	0.00012515	3.74237
0.21174	0.0379894	0.0468383	1400.61
0.883961	0.0381597	0.148059	4427.41
0.981137	0.790264	0.972632	29084.6
0.646352	1	0.928427	27762.8
1	0.773906	0.972262	29073.5
0.180068	0.0118691	0.0152775	456.843
1	1	1	29903
1	2.89989e-07	4.65532e-06	0.139208
0.990647	9.11787e-70	1.44504e-67	4.32109e-63
0.9916	0.0109392	0.059919	1791.76
1	9.04333e-45	9.26166e-43	2.76951e-38
0.708324	1	0.952592	28485.4
0.961022	0.753085	0.957739	28639.3
0.248588	0.814195	0.525734	15721
0.446362	1	0.806409	24114
0.136563	1	0.408455	12214
0.976321	1	0.999717	29894.5
0.575648	1	0.893555	26720
0.0186705	0.65266	0.0658932	1970.41
1	0.000338714	0.00304516	91.0594
0.925413	2.97433e-06	3.79926e-05	1.13609
0.927075	0.781851	0.958095	28649.9
0.700812	0.0267059	0.0931744	2786.19
0.13531	0.583921	0.279552	8359.46
0.997971	0.444889	0.804486	24056.6
0.107074	1.43287e-57	2.05775e-56	6.1533e-52
0.999998	8.31187e-56	1.06248e-53	3.17714e-49
0.93016	2.09104e-48	2.1562e-46	6.44769e-42
1	1.79993e-54	2.24545e-52	6.71457e-48
1	7.28343e-69	1.15e-66	3.43885e-62
1	5.3032e-53	6.43643e-51	1.92469e-46
0.686032	6.68213e-70	7.36482e-68	2.2023e-63
0.636724	1.1853e-66	1.15661e-64	3.4586e-60
0.999999	4.40559e-157	1.59052e-154	4.75613e-150
0.600695	0.216497	0.395328	11821.5
0.999999	1.74214e-163	6.54635e-161	1.95756e-156
0.96319	0.000746988	0.00592643	177.218
0.956102	0.000746988	0.00588809	176.072
0.956102	0.000746988	0.00588809	176.072
0.742926	0.000746988	0.00471526	141
0.901009	0.000746988	0.00558875	167.12
0.956102	0.000746988	0.00588809	176.072
0.956102	0.000746988	0.00588809	176.072
0.919116	0.000746988	0.0056874	170.07
0.919116	0.000746988	0.0056874	170.07
0.956102	0.000746988	0.00588809	176.072
0.985613	0.000746988	0.00604745	180.837
0.919116	0.000746988	0.0056874	170.07
1	0.000746988	0.0061249	183.153
0.998815	0.000746988	0.00611853	182.962
0.901009	0.000746988	0.00558875	167.12
0.996263	0.000746988	0.0061048	182.552
0.996263	0.000746988	0.0061048	182.552
0.956102	0.000746988	0.00588809	176.072
0.985613	0.000746988	0.00604745	180.837
8.39991e-18	0	0	0
0.667073	0.72213	0.83356	24925.9
0.2179	0.00241392	0.00449737	134.485
0.0673927	0.00496992	0.00301496	90.1562
1	1.97759e-42	1.91879e-40	5.73777e-36
0.698749	0.0264228	0.0921668	2756.06
0.308559	1	0.671376	20076.2
0.617201	1	0.915038	27362.4
0.949333	1	0.998694	29864
0.999999	1	1	29903
0.566838	0.906272	0.85589	25593.7
0.615233	1	0.914085	27333.9
0.535277	0.00768032	0.0266977	798.342
0.982756	0.0098428	0.0545408	1630.93
1	0.00978612	0.0550645	1646.59
1	0.0293366	0.132863	3973.01
0.813613	0.820584	0.93737	28030.2
0.734901	1	0.961265	28744.7
0.980749	0.232111	0.564548	16881.7
0.342529	1	0.709515	21216.6
0.500463	1	0.846894	25324.7
0.829615	1	0.984582	29441.9
0.725844	0.508175	0.736734	22030.6
0.956038	1	0.999019	29873.7
0.949313	0.250751	0.579704	17334.9
0.995344	1	0.999989	29902.7
0.861227	1	0.989892	29600.7
1	0.379233	0.746939	22335.7
0.999999	9.10133e-07	1.35698e-05	0.405777
0.908206	1	0.995652	29773
0.958942	1	0.999145	29877.4
0.70434	1	0.951207	28443.9
0.999998	1	1	29903
0.935874	1	0.997899	29840.2
0.544811	1	0.875684	26185.6
1	1	1	29903
1	0.89545	0.994333	29733.6
0.987455	1	0.999921	29900.6
0.731743	0.0298077	0.105248	3147.23
0.95751	1	0.999084	29875.6
0.851402	0.350351	0.659127	19709.9
0.487729	0.607346	0.656617	19634.8
0.376885	0.380593	0.421977	12618.4
0.259383	0.00017161	0.000490518	14.668
0.986874	0.0257224	0.118638	3547.64
0.0745108	0.383613	0.130195	3893.23
0.196942	0.000970779	0.00182818	54.6681
0.802387	1	0.979044	29276.4
0.553897	1	0.881126	26348.3
0.999992	1.1193e-08	2.16113e-07	0.00646244
0.546911	0.631288	0.712427	21303.7
0.24764	0.000381929	0.000970973	29.035
0.98475	0.708571	0.948872	28374.1
1	1	1	29903
0.993039	0.0869074	0.297735	8903.16
0.31304	1	0.676612	20232.7
0.776248	1	0.972859	29091.4
0.996185	1	0.999993	29902.8
0.423208	1	0.787121	23537.3
0.496363	1	0.844039	25239.3
0.569144	1	0.889926	26611.4
0.944419	0.274677	0.609445	18224.2
0.772971	1	0.972022	29066.4
1	0.204639	0.5293	15827.7
0.141355	1	0.417913	12496.9
0.958622	1	0.999132	29877
0.831494	1	0.984931	29452.4
0.196019	1	0.51544	15413.2
0.62234	0.273848	0.471988	14113.9
0.267735	1	0.620545	18556.2
0.931823	2.51885e-19	1.03029e-17	3.08087e-13
0.746775	0.715162	0.869051	25987.2
0.989492	0.919546	0.995812	29777.8
0.284687	0.0463302	0.0702786	2101.54
0.825532	0.133457	0.353182	10561.2
0.541494	2.59281e-09	3.00229e-08	0.000897773
0.14743	0.046415	0.0409518	1224.58
0.802941	1.5504e-11	3.2503e-10	9.71938e-06
0.424311	0.00379797	0.0119745	358.074
0.976996	6.10219e-05	0.000639556	19.1246
1	5.6494e-12	1.51966e-10	4.54423e-06
0.652904	0.0129562	0.0488307	1460.18
0.020279	0.0197064	0.0035267	105.459
0.169078	0.001921	0.00293368	87.7259
0.24481	0.00121045	0.00270373	80.8495
0.0823768	0.00192031	0.00154262	46.1288
0.80768	0.000602377	0.00419787	125.529
0.997499	1	0.999997	29902.9
0.984767	7.88624e-08	1.34904e-06	0.0403404
0.950153	1.9559e-14	6.06145e-13	1.81256e-08
0.651559	9.02111e-11	1.44342e-09	4.31627e-05
0.926506	1.04053e-10	2.31977e-09	6.9368e-05
0.270915	1.0153e-10	6.96361e-10	2.08233e-05
0.152828	3.72016e-10	1.39808e-09	4.18068e-05
0.385496	0.370762	0.420981	12588.6
0.0749092	0.0311221	0.0164623	492.271
0.936328	0.125864	0.369853	11059.7
0.99906	9.69393e-05	0.000991954	29.6624
0.569705	0.325919	0.498311	14901
0.178752	0.353059	0.237475	7101.22
0.438705	1	0.800166	23927.4
0.573415	1	0.892317	26683
0.999997	3.41377e-06	4.63851e-05	1.38705
0.00454598	0.766353	0.023201	693.779
0.34577	0.497615	0.474871	14200.1
0.000482179	4.93895e-16	1.04502e-17	3.12491e-13
0.29002	0.80167	0.571687	17095.2
0.00130597	0.0737752	0.000987329	29.5241
0.0639301	0.302382	0.0956133	2859.12
0.00075351	1.01628e-08	2.03661e-10	6.09008e-06
0.997075	1	0.999996	29902.9
0.649982	1	0.930001	27809.8
0.956981	0.00160915	0.0115125	344.259
1	0.00563031	0.034793	1040.42
0.734868	1	0.961255	28744.4
0.0943404	0	0	0
0.691779	0.0957906	0.246117	7359.63
0.969013	2.84346e-06	3.80293e-05	1.13719
0.670809	0.0130636	0.0502761	1503.41
0.576235	1	0.893878	26729.6
0.708597	1	0.952686	28488.2
0.948024	0.0497952	0.19134	5721.64
0.613182	0.0848465	0.205817	6154.53
0.872866	1	0.991552	29650.4
0.94042	0.117853	0.354632	10604.5
0.978352	0.0849826	0.289935	8669.94
0.95564	0.000637318	0.00511819	153.049
1	3.18042e-09	6.54094e-08	0.00195594
0.999984	0.556311	0.882542	26390.7
0.825226	1	0.98375	29417.1
0.980142	1	0.999802	29897.1
0.0936103	0.547158	0.203426	6083.04
1	0.713099	0.954223	28534.1
1	0.579369	0.895598	26781.1
0.496537	1	0.844161	25242.9
0.186902	1.10117e-06	3.37453e-06	0.100909
1	1	1	29903
0.576875	1	0.894231	26740.2
0.205997	1	0.531451	15892
0.473652	8.56953e-06	5.44494e-05	1.6282
0.606316	0.0021506	0.00996522	297.99
0.996183	1.21508e-08	2.32764e-07	0.00696033
0.782552	4.88005e-09	7.78417e-08	0.0023277
0.999989	1.58623e-09	3.3726e-08	0.00100851
0.950164	1	0.998737	29865.2
1	3.64604e-09	7.44873e-08	0.00222739
1	1	1	29903
0.980173	0.398554	0.757841	22661.7
1	0.367269	0.735148	21983.1
0.999101	1	1	29903
0.805321	0.154596	0.383888	11479.4
0.987473	1	0.999921	29900.6
0.336999	1	0.703545	21038.1
0.93712	0.787602	0.962236	28773.8
0.81284	0.0172914	0.073997	2212.73
0.305465	0.142076	0.179556	5369.26
0.64945	0.544247	0.721055	21561.7
0.973637	0.118057	0.363605	10872.9
0.700136	1	0.949721	28399.5
0.628686	0.493753	0.673553	20141.3
0.100819	0.0163593	0.0122173	365.333
0.388503	0.793601	0.67109	20067.6
0.77256	1	0.971916	29063.2
0.311384	1	0.674684	20175.1
0.903133	0.696817	0.920767	27533.7
0.73115	0.201613	0.429631	12847.2
0.801527	1	0.978854	29270.7
0.999979	1	1	29903
0.781386	1	0.974143	29129.8
0.736788	0.0463152	0.149388	4467.15
0.251308	0.00973122	0.0171517	512.888
0.271515	0.000220402	0.000641737	19.1899
0.263557	1	0.615006	18390.5
0.980971	1	0.999818	29897.6
0.65819	0.421616	0.633241	18935.8
0.526565	0.0672299	0.153676	4595.37
0.651988	0.0672299	0.180915	5409.91
0.999276	7.31094e-17	2.78749e-15	8.33544e-11
0.999026	5.0136e-15	1.69934e-13	5.08153e-09
0.629277	1.46057e-16	3.48576e-15	1.04235e-10
0.696617	4.19387e-27	1.8142e-25	5.425e-21
0.999998	8.80005e-24	4.7597e-22	1.42329e-17
1	0.00129178	0.00988435	295.572
0.952704	1	0.998863	29869
0.909155	1	0.995743	29775.7
0.999998	1	1	29903
0.872852	1	0.991551	29650.3
0.804949	1	0.979604	29293.1
0.767708	1	0.970648	29025.3
0.764771	1	0.969866	29001.9
0.776845	0.57865	0.808946	24189.9
0.999313	5.07415e-19	2.18676e-17	6.53907e-13
0.0218613	0.0101832	0.00209484	62.6421
0.795807	0.00236734	0.0137045	409.807
0.800367	0.000267518	0.00202315	60.4982
0.675556	0.772642	0.861322	25756.1
0.340898	0.104482	0.1544	4617.01
0.996546	0.00147827	0.0110787	331.286
0.894224	1	0.994197	29729.5
1	0.318355	0.68274	20416
0.666494	0.8829	0.900482	26927.1
0.96375	0.000657355	0.00529894	158.454
0.349562	1.67564e-12	1.70837e-11	5.10853e-07
0.987191	0.00878961	0.0498675	1491.19
0.646712	0.000700643	0.00394181	117.872
0.998531	0.000230567	0.00215872	64.5521
0.794349	0.0139501	0.0609746	1823.32
0.98745	1	0.999921	29900.6
0.97544	1.12187e-09	2.36734e-08	0.000707906
0.871357	6.37584e-07	8.5575e-06	0.255895
0.994153	0.000674276	0.00556896	166.528
1	0.00317	0.0214103	640.231
0.863286	0.814542	0.9508	28431.8
0.968115	1	0.999486	29887.6
0.659466	1	0.934018	27929.9
1	0.689632	0.945897	28285.2
0.999701	1	1	29903
0.9449	1	0.998453	29856.7
0.951434	1	0.998801	29867.1
0.999998	0.0167741	0.0853452	2552.08
1	0.340563	0.707402	21153.4
0.242446	0.608162	0.429702	12849.4
0.953406	0.749146	0.954608	28545.6
1	0.00960175	0.0542097	1621.03
0.999819	0.221175	0.554824	16590.9
0.999945	0.601365	0.907175	27127.2
0.860178	0.889847	0.970042	29007.2
0.670651	1	0.93858	28066.4
0.759794	1	0.968515	28961.5
0.949281	1	0.998691	29863.9
0.425189	1.27344e-05	7.10732e-05	2.1253
0.999999	0.167205	0.466257	13942.5
0.974421	0.0205543	0.098352	2941.02
0.991176	0.000245509	0.00226821	67.8263
0.874584	9.73201e-05	0.000882767	26.3974
0.970107	0.360681	0.717332	21450.4
0.70907	0.00582181	0.0267909	801.129
0.971255	0.236709	0.567886	16981.5
0.845582	0.000237158	0.00190801	57.0552
0.971827	1	0.999599	29891
0.860281	0.00145724	0.00963008	287.968
0.942755	0.223414	0.53871	16109
0.997382	3.6577e-23	1.92129e-21	5.74524e-17
0.963765	1	0.999335	29883.1
0.128113	1	0.391366	11703
0.999982	0.0349594	0.152196	4551.12
0.999958	2.63604e-06	3.64978e-05	1.09139
0.997281	0.225151	0.559934	16743.7
0.557392	0.365575	0.527918	15786.3
0.606021	1	0.909541	27198
0.588503	0.000501332	0.0026932	80.5348
0.940549	1	0.998197	29849.1
0.999064	0.3425	0.70914	21205.4
0.842543	1	0.986896	29511.2
0.108197	0.00896252	0.00769813	230.197
0.776882	9.12661e-18	2.87071e-16	8.58428e-12
0.380948	8.23323e-09	6.45484e-08	0.00193019
0.230668	1	0.569006	17015
0.828994	0.0309011	0.11949	3573.1
0.87074	1	0.991261	29641.7
1	1	1	29903
0.984799	1	0.999884	29899.5
0.999342	0.915089	0.996235	29790.4
0.620841	1	0.916784	27414.6
0.243994	1	0.588175	17588.2
0.364965	0.423711	0.443299	13256
0.935628	1	0.997882	29839.7
0.0442564	1	0.182237	5449.43
1	0.0121933	0.0659275	1971.43
0.813305	1	0.981374	29346
0.589373	1	0.900972	26941.8
0.984946	0.0363672	0.155073	4637.15
0.999997	1	1	29903
1	0.733	0.960677	28727.1
0.752587	1	0.966501	28901.3
0.998457	2.01e-06	2.83352e-05	0.847307
0.170402	1	0.471944	14112.5
0.810461	1	0.980781	29328.3
0.916834	1	0.996442	29796.6
0.869372	1	0.99107	29636
0.167413	1	0.466628	13953.6
0.851435	1	0.988373	29555.3
0.931424	0.335547	0.676027	20215.2
0.994003	1	0.999982	29902.5
0.207748	1	0.534209	15974.5
0.950058	1	0.998732	29865.1
0.939115	1	0.998108	29846.4
0.980982	1	0.999818	29897.6
0.728043	0.000859224	0.00524017	156.697
0.999983	4.65526e-07	7.25283e-06	0.216881
0.784762	0.0205162	0.0825772	2469.31
0.985009	9.89996e-06	0.000122266	3.65611
0.331501	2.52364e-05	0.000106175	3.17494
0.934271	0.00301689	0.019368	579.162
0.984682	0.00115586	0.00885296	264.73
0.962725	1	0.999296	29882
0.999995	1	1	29903
0.569893	0.646188	0.736137	22012.7
0.00718555	1	0.0426512	1275.4
0.950994	0.0885993	0.2927	8752.6
0.999388	1.57267e-25	9.13358e-24	2.73121e-19
0.998734	0.0459345	0.187258	5599.59
0.998027	0.577775	0.894099	26736.2
0.999993	6.63671e-48	7.27588e-46	2.17571e-41
0.832517	1	0.985119	29458
1	1	1	29903
0.999999	1	1	29903
0.465082	1	0.821122	24554
0.427049	1	0.790406	23635.5
0.655693	2.5414e-08	3.15113e-07	0.00942282
0.789151	0.0182268	0.0753944	2254.52
0.999144	0.0277038	0.12697	3796.77
0.162331	0.0191715	0.0210768	630.259
0.432266	2.58408e-06	1.64255e-05	0.491171
0.309689	7.56547e-10	5.42964e-09	0.000162363
1	9.32042e-05	0.000958206	28.6532
1	1	1	29903
0.988005	0.237377	0.574639	17183.4
0.968224	0.509314	0.841764	25171.3
0.666086	7.85604e-14	1.65258e-12	4.94172e-08
0.977718	1	0.99975	29895.5
1	5.20337e-11	1.28415e-09	3.83999e-05
0.0598684	0.347671	0.101411	3032.48
0.939772	1	0.998149	29847.6
0.871262	0.90603	0.976076	29187.6
1	1.20271e-08	2.31354e-07	0.00691817
0.973796	0.765713	0.964497	28841.3
0.793612	2.25237e-06	2.54446e-05	0.760869
0.999999	8.40007e-10	1.83941e-08	0.00055004
0.966788	0.0474209	0.187165	5596.78
1	0.187886	0.502016	15011.8
0.975221	8.19747e-09	1.57045e-07	0.00469612
0.265021	1	0.616955	18448.8
0.923532	1	0.996999	29813.3
1	1.27003e-11	3.31343e-10	9.90815e-06
0.999998	8.40544e-13	2.42116e-11	7.23999e-07
0.234686	1	0.574865	17190.2
0.691875	1	0.946727	28310
0.649617	1	0.929844	27805.1
0.512173	1	0.854865	25563
0.992838	1	0.999974	29902.2
0.923362	0.223291	0.531737	15900.5
0.980662	1.43396e-12	3.97823e-11	1.18961e-06
0.951861	0.580613	0.880396	26326.5
0.807811	1	0.98022	29311.5
0.966713	0.578132	0.884052	26435.8
0.999976	0.000476649	0.00412232	123.27
0.985692	0.564187	0.882432	26387.4
0.992744	0.72111	0.955157	28562.1
0.935446	1	0.99787	29839.3
0.966684	0.895963	0.990608	29622.2
0.247445	1.29853e-05	4.38537e-05	1.31136
0.999999	0.0018466	0.0134698	402.789
0.956887	0.0224077	0.103829	3104.81
0.999998	1.04871e-12	2.99756e-11	8.96361e-07
0.151778	1	0.437931	13095.5
0.0107156	1	0.0593223	1773.91
0.607317	1	0.910189	27217.4
0.564332	1	0.887193	26529.7
0.895769	1	0.994369	29734.6
0.172631	0.00462957	0.00649908	194.342
0.973922	0.188749	0.495185	14807.5
0.986141	0.684052	0.940135	28112.9
0.98509	0.68412	0.939878	28105.2
0.987641	1	0.999923	29900.7
0.685804	2.50676e-05	0.000205801	6.15405
0.999995	1.55831e-20	7.26294e-19	2.17184e-14
0.0747499	1	0.268622	8032.6
0.30429	1	0.666326	19925.2
0.265842	1	0.618043	18481.3
0.682667	1	0.943274	28206.7
0.999885	1	1	29903
0.90389	0.00390761	0.0234736	701.931
0.989915	1	0.999949	29901.5
0.0551582	1	0.214982	6428.6
0.886526	1	0.993304	29702.8
0.999991	0.374663	0.742477	22202.3
0.543544	1	0.874913	26162.5
0.205347	1.58496e-11	8.93438e-11	2.67165e-06
0.990731	1.00319e-08	1.93081e-07	0.00577369
0.999999	1	1	29903
0.114046	1	0.361658	10814.6
0.766048	1	0.970208	29012.1
0.921006	1	0.996794	29807.1
0.994219	1	0.999983	29902.5
0.740466	0.0737706	0.213433	6382.3
1	4.04041e-10	9.14325e-09	0.00027341
0.885749	2.22895e-07	3.24531e-06	0.0970446
0.997639	1	0.999997	29902.9
0.983846	1	0.999869	29899.1
0.426919	1	0.790296	23632.2
0.862303	0.0232183	0.0983233	2940.16
0.991791	0.0235989	0.111287	3327.82
0.978214	0.000238402	0.00218366	65.298
0.788535	0.327858	0.608251	18188.5
0.766536	1	0.970338	29016
0.557675	1	0.883346	26414.7
0.400515	1	0.766988	22935.2
0.835106	0.774216	0.928515	27765.4
0.00818802	1	0.0475321	1421.35
0.988973	0.718885	0.953496	28512.4
0.977391	0.0598285	0.224497	6713.14
0.999996	0.00180895	0.0132325	395.69
0.827309	1	0.984148	29429
0.988623	0.169447	0.466819	13959.3
1	0.0125804	0.0676276	2022.27
0.896866	0.314313	0.638839	19103.2
0.730063	1	0.959759	28699.7
0.0753696	1.317e-76	1.7699e-75	5.29254e-71
0.236595	1	0.577625	17272.7
0.409668	1	0.77526	23182.6
0.0103172	0.0366827	0.00336054	100.49
0.130139	0.839998	0.351289	10504.6
0.951374	1	0.998798	29867.1
0.869452	1	0.991081	29636.3
0.988004	1	0.999928	29900.8
0.949527	0.000144977	0.00136155	40.7144
0.940782	1	0.998211	29849.5
0.957974	1	0.999104	29876.2
0.840703	0.814349	0.944019	28229
0.752515	1	0.966481	28900.7
0.692661	0.62638	0.796155	23807.4
0.967311	1	0.99946	29886.8
0.999967	0.892964	0.994052	29725.1
0.863735	0.719641	0.917135	27425.1
0.0116334	0.893495	0.0578602	1730.19
0.933436	1	0.997734	29835.2
0.759735	0.894879	0.942201	28174.6
0.64702	0.742404	0.832562	24896.1
0.806459	1	0.97993	29302.9
0.987444	1	0.999921	29900.6
0.279698	0.867131	0.586112	17526.5
0.680415	1	0.94241	28180.9
1	1	1	29903
1	3.70279e-15	1.26745e-13	3.79007e-09
0.999995	1	1	29903
0.994871	1.38308e-09	2.94518e-08	0.000880697
1	4.58603e-21	2.19356e-19	6.5594e-15
0.280459	0.263981	0.266766	7977.11
0.000208743	0.00513704	1.58121e-05	0.472829
0.976483	1	0.999721	29894.7
0.22052	0.722984	0.452171	13521.3
0.66402	0.266281	0.483175	14448.4
0.913007	1.75822e-07	2.67194e-06	0.0798989
0.773517	1	0.972162	29070.6
0.100236	2.97585e-13	9.58794e-13	2.86708e-08
0.999988	1	1	29903
0.848155	1	0.987839	29539.4
0.975759	0.7742	0.967305	28925.3
0.856826	1	0.989223	29580.7
0.954849	1	0.998965	29872.1
0.969093	0.80426	0.973651	29115.1
0.70826	0.755199	0.869559	26002.4
0.986125	0.867924	0.989077	29576.4
0.668541	0.610236	0.773738	23137.1
0.999999	0.439841	0.801101	23955.3
0.985152	0.247437	0.587849	17578.4
0.580179	0.213284	0.38231	11432.2
0.753391	0.497887	0.742913	22215.3
0.99792	0.24046	0.582451	17417
0.86052	0.0627519	0.211612	6327.82
0.97054	1	0.999562	29889.9
0.999975	0.708773	0.952741	28489.8
0.478948	0.49495	0.578287	17292.5
0.449385	0.726647	0.692009	20693.2
0.0627475	0.471123	0.133657	3996.74
1	0.592086	0.9024	26984.5
1	0.00785409	0.0459207	1373.17
0.872536	1	0.991508	29649
0.875737	1	0.991938	29661.9
0.640076	0.24557	0.448027	13397.4
0.999999	0.000325633	0.00294038	87.9262
0.363101	0.380188	0.411401	12302.1
0.159965	1	0.453149	13550.5
0.839768	1	0.986416	29496.8
0.561838	1	0.885761	26486.9
0.242435	0.026908	0.0393518	1176.74
0.853322	1	0.988675	29564.3
1	1	1	29903
0.985226	1	0.99989	29899.7
0.993029	1	0.999976	29902.3
0.993874	0.104013	0.337974	10106.4
0.98744	0.00506975	0.0315238	942.655
0.726523	0.333575	0.58585	17518.7
0.999998	8.78324e-19	3.73957e-17	1.11824e-12
0.955299	0.00473074	0.0289207	864.814
0.829381	6.74069e-05	0.000603328	18.0413
0.160085	1	0.453368	13557.1
0.550007	1	0.878815	26279.2
0.892031	1	0.993949	29722.1
0.187094	1	0.500691	14972.2
0.999978	1	1	29903
0.873935	1	0.991697	29654.7
0.997384	1	0.999997	29902.9
0.888458	1	0.993534	29709.6
0.927578	0.227622	0.539507	16132.9
0.693181	0.522098	0.729739	21821.4
0.865383	0.0423909	0.157941	4722.91
0.991765	0.590559	0.899016	26883.3
0.671084	1	0.938753	28071.5
0.413128	1	0.778332	23274.5
0.868379	0.120653	0.341135	10201
0.999989	0.822507	0.983222	29401.3
0.938373	1	0.998061	29845
0.546582	1	0.876756	26217.6
0.980575	0.164312	0.455262	13613.7
0.994006	0.00125629	0.00959746	286.993
0.99051	0.00124514	0.00949417	283.904
0.979915	0.000448438	0.00383625	114.715
0.985142	0.000440347	0.00379271	113.413
0.980285	0.107125	0.341677	10217.2
0.977541	0.39388	0.752519	22502.6
0.918885	0.393849	0.729732	21821.2
1	0.000705422	0.00582447	174.169
0.837198	1	0.985964	29483.3
0.0578435	1.49461e-15	3.2841e-15	9.82043e-11
0.24446	2.61912e-10	1.56685e-09	4.68536e-05
0.994196	1.6468e-13	4.98387e-12	1.49033e-07
0.976093	1	0.999712	29894.4
0.998732	1	0.999999	29903
0.848755	1	0.987938	29542.3
0.911839	1	0.995994	29783.2
1	0.657773	0.933311	27908.8
0.788948	0.573714	0.811421	24263.9
0.998647	0.254835	0.602759	18024.3
0.999981	0.0455163	0.186145	5566.28
0.582887	1	0.897507	26838.2
0.772171	1	0.971815	29060.2
0.906372	1	0.995473	29767.6
0.871609	1	0.991381	29645.3
0.757847	1	0.967978	28945.4
0.852819	1	0.988595	29561.9
0.80632	1	0.9799	29302
0.473087	1	0.827181	24735.2
0.886091	1	0.993251	29701.2
0.390135	1	0.757354	22647.2
0.493071	1	0.841723	25170
0.576811	1	0.894196	26739.1
0.671834	1	0.939052	28080.5
0.618652	1	0.915736	27383.3
0.195052	1	0.513863	15366
0.208744	1	0.535772	16021.2
0.374978	1	0.742789	22211.6
0.453183	1	0.811859	24277
0.541635	1	0.873746	26127.6
0.167926	1	0.467544	13981
0.346294	1	0.713528	21336.6
0.486668	1	0.837153	25033.4
0.52364	1	0.862409	25788.6
0.508309	1	0.852264	25485.2
0.224745	1	0.560242	16752.9
0.274449	1	0.629309	18818.2
0.0611558	1	0.232045	6938.85
0.110564	1	0.354043	10587
0.178456	0.619994	0.354215	10592.1
0.979983	1	0.999798	29897
0.149762	1	0.434116	12981.4
0.96485	0.759698	0.960675	28727.1
0.98082	2.07924e-05	0.00024065	7.19617
0.999998	1	1	29903
0.729007	1	0.959426	28689.7
0.938581	1	0.998074	29845.4
0.237941	1	0.579561	17330.6
0.548833	1	0.878112	26258.2
0.678443	1	0.941648	28158.1
0.850135	1	0.988163	29549
1	0.773839	0.972245	29073
0.998869	0.175255	0.480119	14357
0.994034	1	0.999982	29902.5
0.866419	0.925769	0.978981	29274.5
1	0.086157	0.297378	8892.5
0.865859	1	0.990571	29621.1
0.997092	1	0.999996	29902.9
0.43936	9.46202e-07	6.52404e-06	0.195089
0.441977	1.86576e-06	1.23762e-05	0.370086
0.384091	2.88947e-08	2.14378e-07	0.00641054
0.155332	4.11176e-07	1.12195e-06	0.0335496
0.240563	4.11522e-07	1.69564e-06	0.0507046
0.918823	7.90671e-07	1.09954e-05	0.328796
0.879563	1.03996e-05	0.000115273	3.44699
0.810908	0.00547399	0.028486	851.816
0.877672	1	0.992193	29669.5
0.836894	0.0400253	0.147263	4403.59
0.473831	0.0334312	0.0815032	2437.19
0.763996	0.682689	0.861067	25748.5
0.853387	0.160733	0.409658	12250
0.827101	0.190635	0.448933	13424.5
0.256966	0.497277	0.390687	11682.7
0.997666	1	0.999997	29902.9
0.30276	0.321346	0.323983	9688.05
1	1.68566e-06	2.40937e-05	0.720474
1	2.47597e-21	1.19955e-19	3.58701e-15
0.999961	0.293621	0.653429	19539.5
0.709147	1	0.952875	28493.8
3.21336e-14	0.889645	9.20111e-13	2.75141e-08
0.999992	0.831677	0.984963	29453.4
0.941932	0.384558	0.730063	21831.1
0.000492855	0.33481	0.00160219	47.9103
0.997401	0.161756	0.455656	13625.5
0.831739	1	0.984976	29453.7
0.999875	6.27784e-12	1.68188e-10	5.02933e-06
0.847201	1	0.987682	29534.6
0.986214	0.0827608	0.286133	8556.24
0.487387	0.0205498	0.0561239	1678.27
0.335545	1	0.70196	20990.7
0.999995	1	1	29903
0.999999	1	1	29903
0.922432	1	0.996911	29810.6
0.922966	1	0.996954	29811.9
0.960093	1	0.999193	29878.9
0.952454	1	0.998851	29868.7
0.994988	1	0.999987	29902.6
0.984683	1	0.999882	29899.5
0.37526	1	0.743066	22219.9
0.783029	1	0.974546	29141.9
0.999563	0.63643	0.923895	27627.2
0.0356794	5.35363e-07	3.58601e-07	0.0107232
0.817817	0.000335122	0.00252202	75.4158
0.02446	4.80067e-07	2.2616e-07	0.00676286
0.99996	0.160915	0.454876	13602.2
0.200153	4.74129e-07	1.62945e-06	0.0487254
0.720651	1	0.956736	28609.3
0.742119	4.73283e-07	5.57118e-06	0.166595
0.971675	4.73344e-07	7.17141e-06	0.214447
0.941928	4.73344e-07	6.96573e-06	0.208296
0.984368	9.47322e-07	1.38808e-05	0.415078
0.984368	9.47322e-07	1.38808e-05	0.415078
0.611412	9.47322e-07	8.8975e-06	0.266062
0.450274	1	0.809547	24207.9
0.999993	0.000190694	0.00182395	54.5416
0.999999	0.000872514	0.00701861	209.878
1	1	1	29903
0.519974	1	0.860025	25717.3
0.944596	1	0.998436	29856.2
0.528205	0.00230979	0.00940515	281.242
0.265948	1	0.618184	18485.5
0.919539	1	0.996673	29803.5
0.996841	0.000956091	0.00758246	226.738
0.648709	0.0397103	0.120016	3588.83
0.0158899	0.0458196	0.00598846	179.073
0.340043	0.000193881	0.000700613	20.9504
0.000593963	0.0343817	0.000240951	7.20517
0.999992	0.0105841	0.0587243	1756.03
0.687759	1.0187e-07	1.22426e-06	0.036609
0.987238	0.247323	0.588418	17595.5
0.248261	0.000483619	0.00120394	36.0013
0.869542	1	0.991094	29636.7
0.843376	1	0.987039	29515.4
0.801454	1	0.978838	29270.2
0.93	1	0.997491	29828
0.999614	0.583017	0.897456	26836.6
0.670982	0.0107022	0.0426286	1274.72
0.822117	0.0274887	0.108246	3236.87
0.494822	0.0179762	0.0508995	1522.05
0.418199	1	0.782784	23407.6
0.653835	1	0.931649	27859.1
0.832481	1	0.985112	29457.8
0.940081	1	0.998168	29848.2
0.30313	1	0.664944	19883.8
0.932638	1	0.997678	29833.6
0.999993	0.779396	0.973648	29115
0.958012	0.753609	0.957166	28622.1
0.980003	1	0.999799	29897
0.852698	1	0.988575	29561.4
0.901881	0.753298	0.942013	28169
0.912775	1	0.99608	29785.8
0.138557	1	0.41241	12332.3
0.818264	3.14468e-06	3.5691e-05	1.06727
0.926614	1	0.997239	29820.4
0.825245	0.15789	0.395836	11836.7
0.446679	0.0810504	0.156348	4675.29
0.828409	1	0.984356	29435.2
0.812021	1	0.981107	29338.1
0.395923	1	0.76276	22808.8
0.904678	1	0.995305	29762.6
0.997479	1	0.999997	29902.9
0.656254	1	0.932673	27889.7
0.843652	0.827516	0.949005	28378.1
0.651691	0.222557	0.425073	12710.9
0.414778	1	0.779788	23318
0.200318	0.791438	0.450529	13472.2
5.56441e-06	1.85763e-14	4.62212e-18	1.38215e-13
0.840333	0.0944822	0.280532	8388.74
0.319014	0.774289	0.592409	17714.8
0.0249602	1.47011e-08	8.33909e-09	0.000249364
0.0249679	7.35807e-09	4.30217e-09	0.000128648
0.0629949	3.5079e-08	4.62518e-08	0.00138307
0.0513683	2.18132e-07	2.16335e-07	0.00646906
0.0653652	6.65504e-08	8.81026e-08	0.00263453
0.08816	7.55053e-09	1.47311e-08	0.000440504
0.114292	7.55299e-09	1.88795e-08	0.000564553
0.915151	1	0.996294	29792.2
0.480122	8.86528e-06	5.68958e-05	1.70136
0.151879	3.51293e-08	1.06969e-07	0.00319868
0.0673252	7.58875e-09	1.14418e-08	0.000342145
0.0613788	7.56696e-09	1.04456e-08	0.000312354
0.0762855	7.57997e-09	1.2878e-08	0.000385092
0.0633728	7.56562e-09	1.07678e-08	0.000321988
0.147314	7.59917e-09	2.41921e-08	0.000723417
0.200102	7.56863e-09	3.22712e-08	0.000965005
0.0731096	7.63648e-09	1.24535e-08	0.000372398
0.0400019	3.89249e-09	3.67204e-09	0.000109805
0.0435464	3.89499e-09	3.98548e-09	0.000119178
0.141123	2.08557e-08	6.07591e-08	0.00181688
0.157857	0.363366	0.221318	6618.07
0.519583	0.364711	0.504704	15092.2
0.360806	0.521051	0.502204	15017.4
0.0992207	0.517718	0.203867	6096.24
0.888935	0.519768	0.818783	24484.1
0.79152	0.517636	0.775305	23183.9
0.866927	0.515294	0.806699	24122.7
0.0655878	0.377011	0.116215	3475.17
0.985675	0.379946	0.742323	22197.7
0.856	0.515119	0.802004	23982.3
0.66062	0.0963804	0.239022	7147.48
0.00358189	0.475479	0.012561	375.611
0.349291	0.475479	0.464242	13882.2
0.0326254	1	0.144291	4314.74
0.946739	0.00335943	0.0214707	642.038
0.171092	0.00187965	0.00290791	86.9553
0.502871	0.00187965	0.00752782	225.105
0.726469	0.429856	0.675725	20206.2
0.715056	0.389868	0.634872	18984.6
0.589173	0.244308	0.422947	12647.4
0.493499	0.244665	0.376002	11243.6
0.687139	0.276664	0.505716	15122.4
0.741488	0.244363	0.490704	14673.5
0.748572	1	0.965349	28866.8
0.929185	0.118524	0.353088	10558.4
0.632764	0.187133	0.371052	11095.6
1	0.290244	0.649285	19415.6
0.297785	0.367874	0.3518	10519.9
0.849418	0.436505	0.738643	22087.6
0.890157	0.0408791	0.156963	4693.66
0.868631	0.574554	0.845932	25295.9
0.457861	1	0.815537	24387
0.245709	1	0.590588	17660.3
0.568746	0.699346	0.764448	22859.3
0.0865593	1	0.298364	8921.96
0.501299	1	0.847472	25342
0.554516	1	0.881491	26359.2
0.798617	1	0.978205	29251.3
0.725233	1	0.958223	28653.7
0.971301	1	0.999584	29890.6
0.999997	0.108603	0.349707	10457.3
0.242958	1	0.586711	17544.4
0.367033	1	0.734911	21976
0.831222	1	0.98488	29450.9
0.514036	1	0.856107	25600.2
0.98654	0.910847	0.994674	29743.8
0.938945	1	0.998097	29846.1
0.204507	1	0.529092	15821.4
0.999997	0.855131	0.988959	29572.8
0.70745	1	0.95229	28476.3
0.650866	0.560906	0.732943	21917.2
0.927495	0.412346	0.750044	22428.6
1	0.00204813	0.0147277	440.403
0.847092	0.546778	0.819655	24510.1
0.993339	0.617654	0.913261	27309.2
0.740644	0.134197	0.328856	9833.79
0.999994	0.118555	0.371359	11104.7
0.941592	1	0.99826	29851
0.953629	1	0.998908	29870.3
1	1	1	29903
0.998612	1	0.999999	29903
0.973173	1	0.999637	29892.1
0.96863	1	0.999503	29888.1
0.884159	0.762772	0.940072	28111
0.954201	1	0.998935	29871.1
0.974984	0.227574	0.555948	16624.5
0.936405	1	0.997934	29841.2
0.997012	0.101486	0.332975	9956.94
0.704083	0.867269	0.911832	27266.5
0.999728	2.46657e-05	0.0002863	8.56123
0.952457	0.500118	0.829605	24807.7
0.765683	1	0.970111	29009.2
0.90582	0.352077	0.683385	20435.3
0.736431	0.185923	0.409166	12235.3
0.805686	0.678072	0.876594	26212.8
0.771704	1	0.971694	29056.6
0.49811	1	0.84526	25275.8
0.208664	0.166861	0.151724	4536.99
0.404983	0.074414	0.135675	4057.09
0.998893	0.0615863	0.233057	6969.1
0.580208	0.11862	0.253012	7565.8
0.990502	0.0872936	0.298131	8915.02
0.493784	0.718321	0.722336	21600
0.679752	1	0.942155	28173.3
1	0.645704	0.928144	27754.3
0.998907	0.131396	0.397778	11894.7
6.46058e-145	2.16783e-12	5.04008e-154	1.50714e-149
0.462386	1	0.81905	24492
1	1	1	29903
0.529544	0.840819	0.805511	24087.2
0.451719	1	0.810698	24242.3
0.965608	1	0.999402	29885.1
0.909911	0.110491	0.331493	9912.62
0.465466	0.180718	0.292356	8742.31
0.355887	0.180664	0.240741	7198.88
0.344562	0.18066	0.235089	7029.87
0.823778	0.180714	0.432416	12930.5
0.68754	0.180729	0.383385	11464.4
0.357331	0.18072	0.241511	7221.91
0.612402	0.180739	0.354311	10594.9
0.929404	1	0.997447	29826.7
0.612362	0.0279127	0.0866446	2590.93
0.998413	0.485835	0.835995	24998.8
0.934325	9.66054e-08	1.55434e-06	0.0464795
0.999997	1.49969e-07	2.5064e-06	0.0749489
0.999998	0.00216794	0.015466	462.48
0.999989	1.07181e-09	2.32087e-08	0.00069401
0.99999	2.32954e-12	6.47264e-11	1.93551e-06
0.999993	1.66269e-09	3.52734e-08	0.00105478
0.822038	0.03233	0.122989	3677.73
0.999974	1.57234e-08	2.98236e-07	0.00891816
0.999989	4.88109e-09	9.82939e-08	0.00293928
0.993934	1.39889e-06	2.01413e-05	0.602285
0.999999	0.0031871	0.0215086	643.17
0.999607	0.00597593	0.0365607	1093.28
0.996909	1.50137e-07	2.50176e-06	0.0748101
0.996068	1.44293e-07	2.40818e-06	0.0720118
0.989428	1.48008e-07	2.45097e-06	0.0732914
0.990595	3.16974e-09	6.46168e-08	0.00193224
0.961248	2.40968e-09	4.8372e-08	0.00144647
0.997556	2.00149e-09	4.19921e-08	0.00125569
0.986989	5.04778e-07	7.72835e-06	0.231101
0.999874	0.601488	0.907215	27128.4
0.810574	1	0.980805	29329
0.107015	0.0116449	0.00958022	286.477
0.198377	0.0144443	0.0196426	587.372
0.17229	0.011912	0.0147537	441.18
0.420111	0.0118398	0.031354	937.579
0.450426	0.306798	0.411685	12310.6
0.966157	0.0215554	0.101455	3033.79
0.720129	0.155156	0.35661	10663.7
0.999946	0.48445	0.835532	24984.9
0.823283	0.087698	0.261965	7833.54
0.294779	0.087698	0.120349	3598.79
0.975717	0.087698	0.295933	8849.29
0.823283	0.087698	0.261965	7833.54
0.953848	0.301021	0.645414	19299.8
0.93427	0.148252	0.412314	12329.4
0.660384	0.148252	0.325409	9730.71
0.973694	0.148252	0.423747	12671.3
0.999997	0.148252	0.431242	12895.4
0.996954	0.148252	0.43038	12869.6
0.973694	0.148252	0.423747	12671.3
0.0149844	0.0945018	0.0107052	320.117
0.0315083	0.616798	0.0960192	2871.26
1	0.497508	0.84484	25263.3
