
SUMMARISING RUN PARAMETERS
==========================
Input filename: SC2252/host_removal/SC2252_R2.fastq.gz
Trimming mode: paired-end
Trim Galore version: 0.6.4_dev
Cutadapt version: 4.1
Python version: could not detect
Number of cores used for trimming: 2
Quality Phred score cutoff: 20
Quality encoding type selected: ASCII+33
Using Illumina adapter for trimming (count: 24056). Second best hit was Nextera (count: 0)
Adapter sequence: 'AGATCGGAAGAGC' (Illumina TruSeq, Sanger iPCR; auto-detected)
Maximum trimming error rate: 0.1 (default)
Minimum required adapter overlap (stringency): 1 bp
Minimum required sequence length for both reads before a sequence pair gets removed: 20 bp
Running FastQC on the data once trimming has completed
Output file will be GZIP compressed


This is cutadapt 4.1 with Python 3.9.13
Command line parameters: -j 2 -e 0.1 -q 20 -O 1 -a AGATCGGAAGAGC SC2252/host_removal/SC2252_R2.fastq.gz
Processing single-end reads on 2 cores ...
Finished in 32.92 s (38 µs/read; 1.58 M reads/minute).

=== Summary ===

Total reads processed:                 865,877
Reads with adapters:                   312,762 (36.1%)
Reads written (passing filters):       865,877 (100.0%)

Total basepairs processed:   217,335,127 bp
Quality-trimmed:               5,159,580 bp (2.4%)
Total written (filtered):    209,740,699 bp (96.5%)

=== Adapter 1 ===

Sequence: AGATCGGAAGAGC; Type: regular 3'; Length: 13; Trimmed: 312762 times

Minimum overlap: 1
No. of allowed errors:
1-9 bp: 0; 10-13 bp: 1

Bases preceding removed adapters:
  A: 36.8%
  C: 15.8%
  G: 11.7%
  T: 34.1%
  none/other: 1.6%

Overview of removed sequences
length	count	expect	max.err	error counts
1	203445	216469.2	0	203445
2	64185	54117.3	0	64185
3	5444	13529.3	0	5444
4	1027	3382.3	0	1027
5	199	845.6	0	199
6	319	211.4	0	319
7	9172	52.8	0	9172
8	190	13.2	0	190
9	374	3.3	0	374
10	397	0.8	1	372 25
11	99	0.2	1	91 8
12	396	0.1	1	375 21
13	47	0.0	1	39 8
14	185	0.0	1	176 9
15	76	0.0	1	62 14
16	85	0.0	1	72 13
17	188	0.0	1	176 12
18	49	0.0	1	42 7
19	167	0.0	1	159 8
20	209	0.0	1	195 14
21	57	0.0	1	48 9
22	102	0.0	1	96 6
23	113	0.0	1	103 10
24	941	0.0	1	897 44
25	39	0.0	1	28 11
26	122	0.0	1	108 14
27	135	0.0	1	116 19
28	255	0.0	1	234 21
29	62	0.0	1	48 14
30	336	0.0	1	312 24
31	69	0.0	1	64 5
32	260	0.0	1	243 17
33	75	0.0	1	66 9
34	424	0.0	1	397 27
35	108	0.0	1	95 13
36	543	0.0	1	525 18
37	419	0.0	1	394 25
38	350	0.0	1	330 20
39	183	0.0	1	167 16
40	214	0.0	1	191 23
41	224	0.0	1	206 18
42	611	0.0	1	516 95
43	1274	0.0	1	1200 74
44	1291	0.0	1	1162 129
45	1062	0.0	1	1000 62
46	586	0.0	1	537 49
47	691	0.0	1	658 33
48	366	0.0	1	348 18
49	193	0.0	1	175 18
50	150	0.0	1	135 15
51	190	0.0	1	177 13
52	152	0.0	1	130 22
53	203	0.0	1	173 30
54	384	0.0	1	358 26
55	149	0.0	1	125 24
56	370	0.0	1	307 63
57	745	0.0	1	712 33
58	287	0.0	1	276 11
59	77	0.0	1	60 17
60	187	0.0	1	177 10
61	57	0.0	1	44 13
62	33	0.0	1	27 6
63	63	0.0	1	59 4
64	34	0.0	1	31 3
65	15	0.0	1	13 2
66	25	0.0	1	24 1
67	15	0.0	1	10 5
68	22	0.0	1	21 1
69	17	0.0	1	15 2
70	14	0.0	1	8 6
71	12	0.0	1	12
72	15	0.0	1	12 3
73	12	0.0	1	11 1
74	30	0.0	1	21 9
75	42	0.0	1	30 12
76	108	0.0	1	90 18
77	150	0.0	1	110 40
78	221	0.0	1	151 70
79	396	0.0	1	253 143
80	753	0.0	1	548 205
81	963	0.0	1	664 299
82	1086	0.0	1	729 357
83	823	0.0	1	550 273
84	697	0.0	1	410 287
85	508	0.0	1	317 191
86	429	0.0	1	273 156
87	296	0.0	1	169 127
88	255	0.0	1	147 108
89	211	0.0	1	132 79
90	154	0.0	1	104 50
91	132	0.0	1	93 39
92	118	0.0	1	61 57
93	112	0.0	1	69 43
94	424	0.0	1	377 47
95	80	0.0	1	53 27
96	156	0.0	1	129 27
97	76	0.0	1	45 31
98	37	0.0	1	19 18
99	35	0.0	1	17 18
100	41	0.0	1	28 13
101	39	0.0	1	25 14
102	31	0.0	1	14 17
103	39	0.0	1	23 16
104	33	0.0	1	19 14
105	56	0.0	1	46 10
106	39	0.0	1	26 13
107	39	0.0	1	21 18
108	44	0.0	1	29 15
109	30	0.0	1	12 18
110	27	0.0	1	11 16
111	110	0.0	1	87 23
112	38	0.0	1	23 15
113	53	0.0	1	33 20
114	29	0.0	1	17 12
115	34	0.0	1	16 18
116	37	0.0	1	18 19
117	52	0.0	1	41 11
118	22	0.0	1	9 13
119	20	0.0	1	5 15
120	18	0.0	1	5 13
121	18	0.0	1	5 13
122	20	0.0	1	8 12
123	31	0.0	1	16 15
124	26	0.0	1	13 13
125	16	0.0	1	7 9
126	16	0.0	1	7 9
127	47	0.0	1	39 8
128	24	0.0	1	9 15
129	37	0.0	1	18 19
130	20	0.0	1	7 13
131	22	0.0	1	8 14
132	14	0.0	1	2 12
133	24	0.0	1	19 5
134	35	0.0	1	14 21
135	15	0.0	1	6 9
136	21	0.0	1	8 13
137	23	0.0	1	7 16
138	11	0.0	1	4 7
139	18	0.0	1	6 12
140	18	0.0	1	10 8
141	26	0.0	1	17 9
142	20	0.0	1	9 11
143	19	0.0	1	6 13
144	17	0.0	1	7 10
145	13	0.0	1	4 9
146	26	0.0	1	8 18
147	35	0.0	1	23 12
148	18	0.0	1	5 13
149	39	0.0	1	24 15
150	15	0.0	1	6 9
151	35	0.0	1	19 16
152	21	0.0	1	11 10
153	31	0.0	1	19 12
154	39	0.0	1	29 10
155	28	0.0	1	15 13
156	86	0.0	1	73 13
157	31	0.0	1	23 8
158	28	0.0	1	19 9
159	18	0.0	1	13 5
160	37	0.0	1	29 8
161	33	0.0	1	26 7
162	24	0.0	1	20 4
163	20	0.0	1	11 9
164	24	0.0	1	16 8
165	21	0.0	1	18 3
166	59	0.0	1	52 7
167	46	0.0	1	38 8
168	28	0.0	1	22 6
169	22	0.0	1	20 2
170	17	0.0	1	9 8
171	4	0.0	1	2 2
172	50	0.0	1	43 7
173	22	0.0	1	19 3
174	19	0.0	1	14 5
175	47	0.0	1	43 4
176	25	0.0	1	20 5
177	26	0.0	1	21 5
178	15	0.0	1	11 4
179	7	0.0	1	3 4
180	19	0.0	1	18 1
181	34	0.0	1	33 1
182	8	0.0	1	3 5
183	8	0.0	1	7 1
184	5	0.0	1	3 2
185	39	0.0	1	36 3
186	3	0.0	1	2 1
187	9	0.0	1	8 1
188	8	0.0	1	6 2
189	11	0.0	1	9 2
190	24	0.0	1	18 6
191	12	0.0	1	10 2
192	26	0.0	1	22 4
193	13	0.0	1	12 1
194	1	0.0	1	1
195	7	0.0	1	7
196	4	0.0	1	2 2
197	6	0.0	1	6
198	11	0.0	1	11
199	8	0.0	1	8
200	14	0.0	1	12 2
201	7	0.0	1	7
202	11	0.0	1	10 1
203	22	0.0	1	22
204	14	0.0	1	12 2
205	19	0.0	1	17 2
206	29	0.0	1	28 1
207	20	0.0	1	20
208	28	0.0	1	25 3
209	46	0.0	1	46
210	20	0.0	1	20
211	26	0.0	1	23 3
212	20	0.0	1	19 1
213	16	0.0	1	15 1
214	17	0.0	1	17
215	19	0.0	1	18 1
216	3	0.0	1	3
217	8	0.0	1	8
218	1	0.0	1	1
219	3	0.0	1	3
220	1	0.0	1	1
221	3	0.0	1	3
222	2	0.0	1	2
223	3	0.0	1	3
224	2	0.0	1	1 1
226	1	0.0	1	0 1
227	1	0.0	1	1
229	3	0.0	1	3
230	1	0.0	1	1
231	2	0.0	1	1 1
235	2	0.0	1	1 1
236	1	0.0	1	1
238	1	0.0	1	1
239	1	0.0	1	0 1
242	2	0.0	1	2
245	3	0.0	1	0 3
247	2	0.0	1	0 2
248	9	0.0	1	0 9
249	5	0.0	1	0 5
250	40	0.0	1	0 40
251	822	0.0	1	0 822

RUN STATISTICS FOR INPUT FILE: SC2252/host_removal/SC2252_R2.fastq.gz
=============================================
865877 sequences processed in total

Total number of sequences analysed for the sequence pair length validation: 865877

Number of sequence pairs removed because at least one read was shorter than the length cutoff (20 bp): 7379 (0.85%)
