quality	AA	AC	AG	AT	A.	CA	CC	CG	CT	C.	GA	GC	GG	GT	G.	TA	TC	TG	TT	T.	.A	.C	.G	.T	..
0	NA	NA	NA	NA	NA	NA	NA	NA	NA	NA	NA	NA	NA	NA	NA	NA	NA	NA	NA	NA	NA	NA	NA	NA	NA
1	NA	NA	NA	NA	NA	NA	NA	NA	NA	NA	NA	NA	NA	NA	NA	NA	NA	NA	NA	NA	NA	NA	NA	NA	NA
2	NA	NA	NA	NA	NA	NA	NA	NA	NA	NA	NA	NA	NA	NA	NA	NA	NA	NA	NA	NA	NA	NA	NA	NA	NA
3	NA	NA	NA	NA	NA	NA	NA	NA	NA	NA	NA	NA	NA	NA	NA	NA	NA	NA	NA	NA	NA	NA	NA	NA	NA
4	NA	NA	NA	NA	NA	NA	NA	NA	NA	NA	NA	NA	NA	NA	NA	NA	NA	NA	NA	NA	NA	NA	NA	NA	NA
5	NA	NA	NA	NA	NA	NA	NA	NA	NA	NA	NA	NA	NA	NA	NA	NA	NA	NA	NA	NA	NA	NA	NA	NA	NA
6	NA	NA	NA	NA	NA	NA	NA	NA	NA	NA	NA	NA	NA	NA	NA	NA	NA	NA	NA	NA	NA	NA	NA	NA	NA
7	NA	NA	NA	NA	NA	NA	NA	NA	NA	NA	NA	NA	NA	NA	NA	NA	NA	NA	NA	NA	NA	NA	NA	NA	NA
8	NA	NA	NA	NA	NA	NA	NA	NA	NA	NA	NA	NA	NA	NA	NA	NA	NA	NA	NA	NA	NA	NA	NA	NA	NA
9	NA	NA	NA	NA	NA	NA	NA	NA	NA	NA	NA	NA	NA	NA	NA	NA	NA	NA	NA	NA	NA	NA	NA	NA	NA
10	1	NA	NA	NA	NA	0.0512821	0.897436	0.0512821	NA	NA	0.0155039	NA	0.945736	0.0387597	NA	NA	NA	NA	1	NA	NA	NA	NA	NA	1
11	0.972639	0.0132857	0.00360466	0.010093	0.000377631	0.0638582	0.912266	0.00552802	0.0181567	0.000190621	0.0209687	0.00576942	0.917531	0.0555125	0.000218171	0.0160238	0.00572279	0.0170539	0.961085	0.000114456	6.99601e-05	1.99886e-05	9.9943e-06	7.99544e-05	0.99982
12	0.971819	0.0153011	0.00515376	0.00763172	9.42187e-05	0.0529739	0.928515	0.00510792	0.0133139	8.96126e-05	0.0117165	0.004563	0.946937	0.0366141	0.000169314	0.0104973	0.00530534	0.0243214	0.959737	0.000138619	4.9794e-05	2.09659e-05	2.35866e-05	4.71733e-05	0.999858
13	0.966344	0.0188726	0.00577979	0.00884631	0.000156828	0.0372657	0.948603	0.00421771	0.00979259	0.000120638	0.0081411	0.00378021	0.966277	0.0216865	0.000115674	0.011935	0.00801469	0.0218191	0.958055	0.000175932	3.79455e-05	2.40161e-05	2.25752e-05	3.89061e-05	0.999877
14	0.96533	0.0187127	0.00606899	0.00969934	0.000188929	0.0334471	0.951257	0.00399061	0.011172	0.000133307	0.0154084	0.00529853	0.947703	0.0314529	0.000136892	0.0141471	0.00913789	0.0197164	0.956759	0.000239454	5.72266e-05	2.95363e-05	3.69204e-05	4.79965e-05	0.999828
15	0.966305	0.016288	0.00732481	0.00997142	0.000110906	0.029537	0.954054	0.0043562	0.0119746	7.86081e-05	0.0139854	0.00686266	0.951277	0.0277532	0.000122074	0.0150897	0.00972841	0.0205392	0.954473	0.000169901	8.26966e-05	2.55608e-05	3.75893e-05	4.51072e-05	0.999809
16	0.965969	0.0153197	0.00707792	0.0115432	9.04816e-05	0.0252861	0.958488	0.00413795	0.0119974	9.09824e-05	0.0118924	0.00537249	0.956664	0.0259836	8.71875e-05	0.0183821	0.0126692	0.0279567	0.940849	0.000143333	4.74485e-05	2.97006e-05	2.02833e-05	3.87556e-05	0.999864
17	NA	NA	NA	NA	NA	NA	NA	NA	NA	NA	NA	NA	NA	NA	NA	NA	NA	NA	NA	NA	NA	NA	NA	NA	NA
18	1	NA	NA	NA	NA	NA	1	NA	NA	NA	NA	NA	1	NA	NA	NA	NA	NA	1	NA	NA	NA	NA	NA	1
19	1	NA	NA	NA	NA	NA	1	NA	NA	NA	0.0103093	NA	0.989691	NA	NA	NA	NA	NA	1	NA	NA	NA	NA	NA	1
20	0.997308	0.00157021	0.000112158	0.000785105	0.000224316	0.00770519	0.990787	0.000335008	0.00117253	NA	0.00128964	0.000379305	0.994235	0.0040965	NA	0.00149813	0.000449438	0.00883895	0.989213	NA	2.88817e-05	NA	2.88817e-05	2.88817e-05	0.999913
21	0.996813	0.00224207	0.00040071	0.000505658	3.81628e-05	0.00435574	0.994269	0.000356611	0.00100615	1.27361e-05	0.000697532	0.000224207	0.996836	0.00224207	NA	0.00072955	0.00160784	0.00222406	0.995375	6.37471e-05	2.96704e-05	1.97802e-05	1.73077e-05	2.47253e-05	0.999909
22	0.996241	0.00215023	0.00102528	0.000526878	5.69598e-05	0.0046207	0.994101	0.000314028	0.000942084	2.24306e-05	0.00107553	0.000415118	0.99549	0.00296243	5.6607e-05	0.000774135	0.000717835	0.00287134	0.99558	5.63008e-05	3.77063e-05	8.37917e-06	1.67583e-05	2.51375e-05	0.999912
23	0.997224	0.00176287	0.000600128	0.000352575	6.00128e-05	0.00326881	0.995542	0.000192914	0.000953851	4.28697e-05	0.000558908	0.000196653	0.997392	0.00181128	4.14006e-05	0.000402585	0.00120259	0.00177034	0.996583	4.12907e-05	1.35471e-05	2.70942e-05	1.74177e-05	2.70942e-05	0.999915
24	0.998045	0.00112332	0.000471793	0.000336995	2.24664e-05	0.00320844	0.995045	0.000320844	0.00128338	0.000142597	0.000720331	0.000144066	0.996686	0.00244913	NA	0.000474943	0.00207992	0.00113004	0.996168	0.000147396	3.09953e-05	3.09953e-05	6.19905e-06	1.23981e-05	0.999919
25	0.997547	0.000817661	0.00111984	0.000444381	7.1101e-05	0.00301487	0.995697	0.000292706	0.000936658	5.85412e-05	0.00124621	0.000311553	0.996205	0.00215255	8.4969e-05	0.000403579	0.000807159	0.00121074	0.997509	6.95826e-05	2.53186e-05	3.03824e-05	2.02549e-05	2.02549e-05	0.999904
26	0.996051	0.00167704	0.00200162	0.00027049	NA	0.00187601	0.99693	0.000426367	0.000596913	0.000170547	0.000361566	0.000271174	0.99774	0.00135587	0.000271174	0.000365831	0.00124383	0.000877995	0.997476	3.65831e-05	2.91643e-05	2.91643e-05	1.45821e-05	0.000102075	0.999825
27	0.996718	0.00135091	0.00116188	0.000678022	9.14302e-05	0.00274019	0.995578	0.000262163	0.00139431	2.50474e-05	0.0019608	0.000556245	0.99411	0.00335068	2.2015e-05	0.00105504	0.000797818	0.00390277	0.99414	0.000104632	3.39613e-05	1.45974e-05	1.45974e-05	2.65137e-05	0.99991
28	0.996335	0.000420188	0.00277791	0.0003735	9.3375e-05	0.000482889	0.998635	4.19903e-05	0.000839807	NA	0.00140886	0.000228464	0.99684	0.00152309	NA	0.000377216	0.000282912	0.000424368	0.998916	NA	1.05118e-05	5.25588e-06	1.05118e-05	3.67912e-05	0.999937
29	0.999316	NA	0.000114012	NA	0.00057006	0.000970874	0.999029	NA	NA	NA	0.000593208	NA	0.999258	0.000148302	NA	0.000325203	NA	NA	0.999675	NA	NA	NA	NA	NA	1
30	0.998298	0.000513176	0.000836392	0.000302424	5.0089e-05	0.000453673	0.998261	0.000137696	0.0011436	4.34831e-06	0.00111925	0.000215776	0.99788	0.0007754	9.7447e-06	0.000379058	0.000839147	0.000780091	0.997959	4.25754e-05	1.78993e-05	4.0823e-06	4.71035e-06	1.16189e-05	0.999962
31	0.998534	0.000441912	0.000821722	0.000153904	4.86013e-05	0.000483425	0.998586	7.64033e-05	0.000850161	4.16745e-06	0.000793034	0.000100131	0.998534	0.000564736	8.01045e-06	0.000213386	0.000655966	0.000789332	0.998297	4.44555e-05	1.58899e-05	3.68873e-06	3.40498e-06	1.44712e-05	0.999963
32	0.99955	0.000263046	0.00011146	5.79594e-05	1.78337e-05	0.000278147	0.999317	1.89645e-05	0.000379291	6.32151e-06	0.000234525	5.86312e-05	0.999492	0.000208466	6.51457e-06	6.7627e-05	0.00123607	0.00029305	0.998384	1.87853e-05	1.04404e-05	3.91516e-06	2.61011e-06	3.91516e-06	0.999979
33	0.999564	0.000293368	7.15533e-05	4.65096e-05	2.50436e-05	0.000361946	0.99939	3.10239e-05	0.000217168	NA	0.000194132	4.08699e-05	0.999525	0.000219676	2.0435e-05	3.63632e-05	0.00105174	0.00055384	0.99833	2.79717e-05	6.27145e-06	4.18096e-06	6.27145e-06	6.27145e-06	0.999977
34	0.998529	0.000340866	0.000934129	0.000130101	6.54844e-05	0.000243346	0.998919	5.7098e-05	0.000776261	4.07843e-06	0.000885093	8.63506e-05	0.99867	0.000348486	9.86864e-06	0.000171649	0.000488429	0.000658149	0.998621	6.12344e-05	1.95892e-05	6.03777e-06	5.09856e-06	1.34173e-05	0.999956
35	0.999111	0.000218185	0.000589594	4.30721e-05	3.81294e-05	0.000244127	0.999479	1.51396e-05	0.000257374	4.73113e-06	0.000447101	4.90829e-05	0.999318	0.000175806	9.81658e-06	5.22362e-05	0.000179925	0.000573308	0.99915	4.44975e-05	1.47007e-05	3.40885e-06	2.76969e-06	1.08657e-05	0.999968
36	0.998772	0.0002476	0.000847019	8.2428e-05	5.08464e-05	0.000115648	0.999073	3.72426e-05	0.000764454	9.80069e-06	0.000682271	5.76698e-05	0.999056	0.000194868	8.83651e-06	0.00011148	0.000603304	0.000384351	0.998849	5.13683e-05	2.09905e-05	4.9506e-06	4.55455e-06	1.27725e-05	0.999957
37	0.998912	0.000196347	0.000777585	6.16153e-05	5.25784e-05	0.000107616	0.999278	3.3762e-05	0.000567624	1.33641e-05	0.00076361	5.23906e-05	0.999046	0.000127747	1.00475e-05	8.18624e-05	0.000546936	0.000449255	0.998873	4.90384e-05	1.56884e-05	5.14375e-06	3.9864e-06	1.37595e-05	0.999961
38	0.998862	0.000210891	0.000813551	6.38079e-05	4.94782e-05	6.95155e-05	0.999268	3.13668e-05	0.000621401	9.74913e-06	0.000659391	4.41308e-05	0.999194	9.08323e-05	1.15683e-05	6.12297e-05	0.000534393	0.00034141	0.999001	6.17764e-05	1.7846e-05	5.2293e-06	5.81033e-06	1.47748e-05	0.999956
39	0.998853	0.000201725	0.000833554	5.55332e-05	5.65226e-05	4.15569e-05	0.999282	2.565e-05	0.00064284	8.15232e-06	0.000615103	3.09181e-05	0.999278	6.55899e-05	1.0767e-05	6.09685e-05	0.000478337	0.000270274	0.999139	5.16161e-05	1.78267e-05	5.09067e-06	5.12824e-06	1.36753e-05	0.999958
40	0.99894	0.000188657	0.000757561	4.96859e-05	6.43432e-05	2.69871e-05	0.999244	1.9362e-05	0.000695386	1.383e-05	0.000432796	2.83177e-05	0.999485	4.08282e-05	1.33558e-05	5.35559e-05	0.000386354	0.000246611	0.999266	4.72638e-05	2.19091e-05	7.24733e-06	5.50007e-06	1.50872e-05	0.99995
