quality	AA	AC	AG	AT	A.	CA	CC	CG	CT	C.	GA	GC	GG	GT	G.	TA	TC	TG	TT	T.	.A	.C	.G	.T	..
0	NA	NA	NA	NA	NA	NA	NA	NA	NA	NA	NA	NA	NA	NA	NA	NA	NA	NA	NA	NA	NA	NA	NA	NA	NA
1	NA	NA	NA	NA	NA	NA	NA	NA	NA	NA	NA	NA	NA	NA	NA	NA	NA	NA	NA	NA	NA	NA	NA	NA	NA
2	NA	NA	NA	NA	NA	NA	NA	NA	NA	NA	NA	NA	NA	NA	NA	NA	NA	NA	NA	NA	NA	NA	NA	NA	NA
3	NA	NA	NA	NA	NA	NA	NA	NA	NA	NA	NA	NA	NA	NA	NA	NA	NA	NA	NA	NA	NA	NA	NA	NA	NA
4	NA	NA	NA	NA	NA	NA	NA	NA	NA	NA	NA	NA	NA	NA	NA	NA	NA	NA	NA	NA	NA	NA	NA	NA	NA
5	NA	NA	NA	NA	NA	NA	NA	NA	NA	NA	NA	NA	NA	NA	NA	NA	NA	NA	NA	NA	NA	NA	NA	NA	NA
6	NA	NA	NA	NA	NA	NA	NA	NA	NA	NA	NA	NA	NA	NA	NA	NA	NA	NA	NA	NA	NA	NA	NA	NA	NA
7	NA	NA	NA	NA	NA	NA	NA	NA	NA	NA	NA	NA	NA	NA	NA	NA	NA	NA	NA	NA	NA	NA	NA	NA	NA
8	NA	NA	NA	NA	NA	NA	NA	NA	NA	NA	NA	NA	NA	NA	NA	NA	NA	NA	NA	NA	NA	NA	NA	NA	NA
9	NA	NA	NA	NA	NA	NA	NA	NA	NA	NA	NA	NA	NA	NA	NA	NA	NA	NA	NA	NA	NA	NA	NA	NA	NA
10	0.98913	NA	0.0108696	NA	NA	0.0243902	0.97561	NA	NA	NA	NA	NA	0.960784	0.0392157	NA	NA	NA	0.04	0.96	NA	NA	NA	NA	NA	1
11	0.979102	0.00865111	0.00234089	0.00963496	0.000271407	0.0520373	0.928906	0.00486455	0.0140581	0.000133887	0.0171864	0.00481323	0.929423	0.0483154	0.000261588	0.0235644	0.00483691	0.0133945	0.95808	0.000124023	4.07602e-05	5.09502e-05	3.05701e-05	0.000122281	0.999755
12	0.973938	0.0150814	0.00477593	0.00606778	0.000137014	0.0478617	0.935556	0.00385839	0.0125619	0.000161993	0.0114339	0.00420691	0.954506	0.0297185	0.000135084	0.0112169	0.00515338	0.0196264	0.963824	0.000179471	4.26649e-05	3.12876e-05	2.27546e-05	6.54195e-05	0.999838
13	0.969734	0.0168597	0.0052149	0.00802021	0.00017092	0.0354795	0.950541	0.00423079	0.00962004	0.000128387	0.00800346	0.00366106	0.968773	0.019437	0.000125739	0.0125014	0.0099502	0.020603	0.956741	0.000204643	3.0829e-05	3.2038e-05	2.90156e-05	4.35233e-05	0.999865
14	0.968401	0.0171377	0.00557044	0.00871096	0.000180251	0.0314078	0.954265	0.00391252	0.0102659	0.000148707	0.0152486	0.00627242	0.948675	0.0296847	0.000118796	0.0144432	0.00914199	0.0202281	0.955931	0.000256052	6.52342e-05	3.53813e-05	2.6536e-05	4.64379e-05	0.999826
15	0.967049	0.0151879	0.00740185	0.0102113	0.000150078	0.0286486	0.954326	0.00506481	0.0118452	0.000114923	0.0139904	0.00649597	0.951545	0.0278725	9.62365e-05	0.0164655	0.00919365	0.0217561	0.952414	0.000170665	4.66518e-05	3.40917e-05	2.33259e-05	5.02403e-05	0.999846
16	0.967298	0.0140309	0.00700322	0.0115169	0.000150592	0.0252803	0.957533	0.00412482	0.0129659	9.64244e-05	0.0127626	0.00568154	0.954396	0.0270487	0.000111109	0.0207585	0.0125943	0.0284236	0.937992	0.000231422	6.06385e-05	3.16375e-05	2.9001e-05	5.14109e-05	0.999827
17	NA	NA	NA	NA	NA	NA	NA	NA	NA	NA	NA	NA	NA	NA	NA	NA	NA	NA	NA	NA	NA	NA	NA	NA	NA
18	1	NA	NA	NA	NA	NA	1	NA	NA	NA	NA	NA	1	NA	NA	NA	NA	NA	1	NA	NA	NA	NA	NA	1
19	1	NA	NA	NA	NA	NA	1	NA	NA	NA	NA	NA	1	NA	NA	NA	NA	NA	1	NA	NA	NA	NA	NA	1
20	0.996972	0.00214484	0.000126167	0.000757002	NA	0.0061287	0.990807	0.00170242	0.00136193	NA	0.000898957	0.000359583	0.994516	0.0042251	NA	0.00193924	0.000323206	0.00193924	0.995475	0.000323206	NA	NA	3.21461e-05	3.21461e-05	0.999936
21	0.997377	0.00177876	0.000382771	0.000461577	NA	0.00422036	0.994031	0.000433269	0.00129981	1.6047e-05	0.000901217	0.000351322	0.996869	0.00184826	3.05497e-05	0.000623216	0.00341926	0.00204651	0.993869	4.21092e-05	2.08764e-05	8.94702e-06	5.96468e-06	8.94702e-06	0.999955
22	0.99673	0.00196216	0.000752162	0.000392433	0.000163514	0.00422302	0.9942	0.000427647	0.00106912	8.01839e-05	0.00136194	0.000262831	0.995651	0.0026522	7.16812e-05	0.000920026	0.00172079	0.00248748	0.994752	0.000119263	1.00474e-05	3.51658e-05	1.50711e-05	3.01421e-05	0.99991
23	0.99775	0.00111593	0.000678487	0.000401735	5.35647e-05	0.00315462	0.995121	0.000401011	0.00128323	4.01011e-05	0.000770125	0.000324263	0.997419	0.00145918	2.70219e-05	0.000391207	0.00239772	0.00111052	0.995993	0.000107266	2.38543e-05	1.19272e-05	1.6698e-05	1.43126e-05	0.999933
24	0.998151	0.000911435	0.000494779	0.000416656	2.6041e-05	0.00311049	0.9948	0.000324977	0.00176416	NA	0.000870663	4.35332e-05	0.996866	0.00222019	NA	0.00024631	0.00513462	0.000757877	0.993823	3.78939e-05	2.21148e-05	NA	7.37159e-06	1.47432e-05	0.999956
25	0.997982	0.000870729	0.000870729	0.000191136	8.49491e-05	0.00268077	0.995961	0.000107231	0.00117954	7.14873e-05	0.00105738	0.000387706	0.996793	0.0017623	NA	0.000505957	0.00181165	0.000848702	0.996703	0.00013057	6.07356e-05	1.21471e-05	1.21471e-05	1.82207e-05	0.999897
26	0.997829	0.000574676	0.00127706	0.000319264	NA	0.00216007	0.996135	0.000454752	0.00113688	0.000113688	0.00099194	0.00099194	0.996032	0.00198388	NA	0.000221602	0.00101937	0.000797766	0.997651	0.000310242	1.81699e-05	1.81699e-05	1.81699e-05	0.00010902	0.999836
27	0.996403	0.001534	0.00121181	0.000758584	9.25689e-05	0.00270785	0.995449	0.000364	0.001456	2.31111e-05	0.00199793	0.000736524	0.994055	0.0031933	1.69316e-05	0.000961091	0.00074885	0.00442302	0.993727	0.000140159	2.6918e-05	1.62198e-05	1.58747e-05	2.41572e-05	0.999917
28	0.997087	0.000331612	0.00203705	0.000378985	0.000165806	0.000487767	0.998049	0.000179704	0.0012836	NA	0.0015915	0.00033435	0.996376	0.0016985	NA	0.000323954	0.000185117	0.000370233	0.999121	NA	1.12672e-05	1.12672e-05	NA	3.38015e-05	0.999944
29	0.99977	0.000114837	NA	0.000114837	NA	0.000723982	0.998552	NA	0.000723982	NA	0.000436332	NA	0.999273	0.000290888	NA	0.000257268	NA	NA	0.999743	NA	NA	NA	NA	NA	1
30	0.99821	0.000587885	0.000766577	0.000380645	5.49821e-05	0.000464097	0.998285	0.00017965	0.00106958	1.66343e-06	0.00105133	0.000209018	0.997724	0.00100765	7.79917e-06	0.000410792	0.00116834	0.000793469	0.997504	0.000123394	1.87996e-05	4.25651e-06	5.32064e-06	1.59619e-05	0.999956
31	0.998657	0.000393488	0.000733454	0.000174443	4.16285e-05	0.000531025	0.998521	8.4092e-05	0.000862721	1.55726e-06	0.000754311	0.00010713	0.998456	0.000675064	7.33765e-06	0.000250547	0.0010066	0.000747227	0.997897	9.82323e-05	1.7014e-05	5.67135e-06	5.35627e-06	2.07949e-05	0.999951
32	0.999487	0.00031206	0.000130864	7.04651e-05	NA	0.000359818	0.999223	3.59818e-05	0.000374211	7.19637e-06	0.00023446	2.13145e-05	0.999488	0.00024867	7.10485e-06	4.47155e-05	0.0025622	0.000232521	0.997116	4.47155e-05	5.97939e-06	NA	2.98969e-06	1.64433e-05	0.999975
33	0.999598	0.000252393	9.85909e-05	5.12673e-05	NA	0.000452758	0.999148	8.34028e-05	0.000315739	NA	0.000207982	2.73661e-05	0.999584	0.00016967	1.09464e-05	5.06847e-05	0.0021541	0.000364296	0.99739	4.11813e-05	5.85967e-06	1.17193e-06	4.68773e-06	1.52351e-05	0.999973
34	0.998399	0.000565522	0.000817759	0.000135347	8.23438e-05	0.000248241	0.998992	7.24352e-05	0.000682852	4.5272e-06	0.000783457	0.000112597	0.998588	0.000512416	3.37116e-06	0.000150128	0.000738929	0.00070539	0.998285	0.000120848	1.71082e-05	4.57201e-06	4.12956e-06	1.84355e-05	0.999956
35	0.998771	0.000612162	0.000511751	4.36269e-05	6.16317e-05	0.00026664	0.99951	1.67231e-05	0.000205322	9.29061e-07	0.00037973	4.53281e-05	0.999379	0.000189865	5.98673e-06	4.04316e-05	0.000223048	0.000634103	0.999024	7.81679e-05	7.05451e-06	2.77905e-06	2.77905e-06	9.83356e-06	0.999978
36	0.998862	0.000252278	0.000729173	9.69787e-05	5.93203e-05	0.000120066	0.99923	4.26901e-05	0.000602997	4.26901e-06	0.000639229	4.92097e-05	0.999011	0.000294761	5.96481e-06	9.09144e-05	0.0008515	0.000395768	0.998538	0.000124185	1.44682e-05	4.64672e-06	4.75233e-06	1.65803e-05	0.99996
37	0.998992	0.00018492	0.000706534	7.32702e-05	4.31771e-05	0.000114076	0.999289	3.04202e-05	0.000564295	2.28152e-06	0.000643969	3.35321e-05	0.999066	0.000249967	6.09675e-06	6.12451e-05	0.000874097	0.000464963	0.998485	0.000114574	1.51672e-05	4.78244e-06	3.82595e-06	1.92664e-05	0.999957
38	0.998928	0.000251367	0.000710506	5.29775e-05	5.71164e-05	8.82344e-05	0.99937	3.39702e-05	0.000503377	4.41172e-06	0.000539469	4.86048e-05	0.999214	0.000189164	8.31973e-06	5.21503e-05	0.000782255	0.000411932	0.998631	0.000122331	1.22276e-05	4.75517e-06	4.84008e-06	1.91056e-05	0.999959
39	0.998798	0.000345346	0.000735088	5.04652e-05	7.11909e-05	6.45795e-05	0.999409	2.0268e-05	0.000503124	3.47736e-06	0.000538799	3.26901e-05	0.99925	0.000170106	8.71084e-06	4.4051e-05	0.000713122	0.000342555	0.998775	0.000125451	1.33069e-05	4.99701e-06	4.38626e-06	1.95809e-05	0.999958
40	0.998808	0.000396294	0.000671773	4.11492e-05	8.22985e-05	5.21986e-05	0.999409	1.55959e-05	0.000518994	3.81941e-06	0.000442656	3.12574e-05	0.999389	0.000123658	1.31382e-05	3.81651e-05	0.000596668	0.00034494	0.998906	0.000114616	1.69905e-05	6.24878e-06	5.04809e-06	2.61958e-05	0.999946
