quality	AA	AC	AG	AT	A.	CA	CC	CG	CT	C.	GA	GC	GG	GT	G.	TA	TC	TG	TT	T.	.A	.C	.G	.T	..
0	NA	NA	NA	NA	NA	NA	NA	NA	NA	NA	NA	NA	NA	NA	NA	NA	NA	NA	NA	NA	NA	NA	NA	NA	NA
1	NA	NA	NA	NA	NA	NA	NA	NA	NA	NA	NA	NA	NA	NA	NA	NA	NA	NA	NA	NA	NA	NA	NA	NA	NA
2	NA	NA	NA	NA	NA	NA	NA	NA	NA	NA	NA	NA	NA	NA	NA	NA	NA	NA	NA	NA	NA	NA	NA	NA	NA
3	NA	NA	NA	NA	NA	NA	NA	NA	NA	NA	NA	NA	NA	NA	NA	NA	NA	NA	NA	NA	NA	NA	NA	NA	NA
4	NA	NA	NA	NA	NA	NA	NA	NA	NA	NA	NA	NA	NA	NA	NA	NA	NA	NA	NA	NA	NA	NA	NA	NA	NA
5	NA	NA	NA	NA	NA	NA	NA	NA	NA	NA	NA	NA	NA	NA	NA	NA	NA	NA	NA	NA	NA	NA	NA	NA	NA
6	NA	NA	NA	NA	NA	NA	NA	NA	NA	NA	NA	NA	NA	NA	NA	NA	NA	NA	NA	NA	NA	NA	NA	NA	NA
7	NA	NA	NA	NA	NA	NA	NA	NA	NA	NA	NA	NA	NA	NA	NA	NA	NA	NA	NA	NA	NA	NA	NA	NA	NA
8	NA	NA	NA	NA	NA	NA	NA	NA	NA	NA	NA	NA	NA	NA	NA	NA	NA	NA	NA	NA	NA	NA	NA	NA	NA
9	NA	NA	NA	NA	NA	NA	NA	NA	NA	NA	NA	NA	NA	NA	NA	NA	NA	NA	NA	NA	NA	NA	NA	NA	NA
10	NA	NA	NA	NA	NA	NA	NA	NA	NA	NA	NA	NA	NA	NA	NA	NA	NA	NA	NA	NA	NA	NA	NA	NA	NA
11	0.978325	0.00770035	0.00294705	0.0107425	0.000285198	0.043398	0.93675	0.00530933	0.0144275	0.00011542	0.0169273	0.00564244	0.941552	0.0356946	0.000183993	0.0256688	0.00614606	0.0140998	0.953724	0.000361533	5.23013e-05	NA	NA	0.000104603	0.999843
12	0.970583	0.0155	0.0053125	0.00852083	8.33333e-05	0.0349819	0.946202	0.00483514	0.0137772	0.000203891	0.0127171	0.00587901	0.954336	0.0269262	0.000142091	0.0138936	0.00927267	0.0233203	0.953236	0.000277256	7.01627e-05	2.33876e-05	5.84689e-06	6.43158e-05	0.999836
13	0.965038	0.0168003	0.00683854	0.0111716	0.000151586	0.029873	0.95311	0.00506912	0.0118074	0.000140931	0.0097465	0.00476486	0.963743	0.0215928	0.00015302	0.0163341	0.0122392	0.0230046	0.948194	0.000228081	5.38126e-05	3.10106e-05	2.73623e-05	4.92522e-05	0.999839
14	0.961391	0.0174943	0.00733902	0.013514	0.000261403	0.0286354	0.953702	0.00490103	0.0125507	0.000210875	0.0172406	0.00693296	0.945768	0.0298614	0.000197307	0.0188062	0.0135194	0.0218755	0.94548	0.000318639	9.05557e-05	4.05939e-05	5.15231e-05	7.33813e-05	0.999744
15	0.976005	0.00783633	0.00606041	0.00997061	0.00012742	0.0123737	0.975253	0.00299939	0.00927084	0.000103427	0.0119224	0.00541254	0.95816	0.0244059	9.90099e-05	0.0264459	0.0133451	0.0266902	0.933065	0.000453757	5.81394e-05	3.39146e-05	2.66472e-05	5.81394e-05	0.999823
16	0.965024	0.011865	0.0087968	0.0141682	0.000146238	0.0174998	0.962219	0.00456962	0.0155465	0.000164631	0.0155968	0.00734711	0.953301	0.023611	0.00014389	0.0177916	0.0125331	0.0190629	0.950221	0.000391442	9.20213e-05	6.10438e-05	4.91995e-05	9.11102e-05	0.999707
17	NA	NA	NA	NA	NA	NA	NA	NA	NA	NA	NA	NA	NA	NA	NA	NA	NA	NA	NA	NA	NA	NA	NA	NA	NA
18	NA	NA	NA	NA	NA	NA	NA	NA	NA	NA	NA	NA	NA	NA	NA	NA	NA	NA	NA	NA	NA	NA	NA	NA	NA
19	NA	NA	NA	NA	NA	NA	NA	NA	NA	NA	NA	NA	NA	NA	NA	NA	NA	NA	NA	NA	NA	NA	NA	NA	NA
20	0.996845	0.00143431	0.000860585	0.000573723	0.000286862	0.00347088	0.993444	0.000385654	0.00269958	NA	0.000729395	0.000182349	0.9969	0.00218818	NA	0.00361533	0.0010846	0.00253073	0.992769	NA	6.98032e-05	NA	NA	NA	0.99993
21	0.997443	0.00164357	0.000365238	0.000547858	NA	0.00272856	0.995378	0.000513611	0.00138033	NA	0.000928263	0.000232066	0.996606	0.00220462	2.90082e-05	0.00102964	0.00305723	0.0022652	0.993585	6.33623e-05	5.79559e-06	NA	NA	NA	0.999994
22	0.996969	0.0013857	0.000671199	0.00095267	2.16516e-05	0.0035083	0.994738	0.000472271	0.00124814	3.37336e-05	0.00164586	0.000869511	0.994566	0.00291907	NA	0.00198166	0.00206877	0.00326648	0.992574	0.000108883	2.5987e-05	1.94903e-05	1.94903e-05	1.94903e-05	0.999916
23	0.997483	0.00105607	0.000694404	0.000723338	4.34003e-05	0.00252078	0.995706	0.000790413	0.000982675	NA	0.00114647	0.000467081	0.996072	0.00231418	NA	0.00124724	0.00210915	0.00187593	0.994676	9.12612e-05	3.05877e-05	1.52939e-05	2.29408e-05	1.14704e-05	0.99992
24	0.998104	0.000930553	0.000275719	0.000654834	3.44649e-05	0.00224799	0.996036	0.000414103	0.00130147	NA	0.000785458	0.000841562	0.996297	0.00201975	5.61041e-05	0.000536756	0.00322053	0.0012443	0.99495	4.8796e-05	1.91e-05	NA	9.55e-06	NA	0.999971
25	0.996597	0.00122604	0.000900766	0.00105089	0.000225191	0.00217695	0.995893	0.000698267	0.00119116	4.10745e-05	0.00147306	0.000777446	0.995213	0.00253693	NA	0.00113744	0.00203248	0.00171549	0.994928	0.000186466	3.51439e-05	7.02879e-06	1.40576e-05	4.21727e-05	0.999902
26	0.997224	0.00116522	0.000891052	0.000719696	NA	0.00157987	0.997266	0.000303822	0.000850702	NA	0.00102895	0.000685965	0.994169	0.00411579	NA	0.000605214	0.00153631	0.00100093	0.996671	0.00018622	1.9402e-05	2.9103e-05	NA	3.88041e-05	0.999913
27	0.996313	0.00114476	0.00127671	0.00114662	0.000118937	0.00122704	0.99694	0.00036039	0.00144156	3.14626e-05	0.0026125	0.0011819	0.992165	0.00401354	2.70853e-05	0.00107928	0.000995481	0.00346179	0.994303	0.000160375	3.89248e-05	1.9729e-05	1.59965e-05	3.57255e-05	0.99989
28	0.996816	0.000492723	0.00204669	0.000530625	0.000113705	0.000561865	0.998114	4.01332e-05	0.00128426	NA	0.0026132	0.000606263	0.995192	0.00154702	4.18113e-05	0.000475834	0.00074774	0.000543811	0.998029	0.000203929	NA	1.75728e-05	NA	NA	0.999982
29	0.999623	NA	NA	0.00037679	NA	NA	0.998807	NA	0.00119332	NA	0.000548145	NA	0.999452	NA	NA	NA	NA	NA	1	NA	NA	NA	NA	NA	1
30	0.997793	0.000631989	0.000903574	0.000626865	4.44101e-05	0.000393998	0.998267	0.000144208	0.00119487	NA	0.00135099	0.000394432	0.997248	0.00098726	1.88949e-05	0.000640551	0.00129679	0.000810494	0.997145	0.000107194	2.36509e-05	8.44674e-06	8.44674e-06	1.63304e-05	0.999943
31	0.998571	0.000278876	0.000816292	0.000289043	4.50268e-05	0.000207781	0.998821	0.000113733	0.000848622	8.74868e-06	0.00105069	0.000179587	0.998062	0.000699771	8.25689e-06	0.000320395	0.00106298	0.000767612	0.997761	8.84423e-05	1.96378e-05	6.39369e-06	1.00472e-05	2.05511e-05	0.999943
32	0.999621	0.000185809	0.000111485	8.17558e-05	NA	0.000210722	0.999305	1.05361e-05	0.000474123	NA	0.000288382	3.97769e-05	0.999334	0.000338103	NA	5.98858e-05	0.00236882	0.000319391	0.997199	5.32318e-05	2.12412e-06	NA	8.49648e-06	3.82342e-05	0.999951
33	0.999779	0.000108052	7.20346e-05	3.60173e-05	5.14533e-06	0.00021957	0.999357	4.70507e-05	0.000376406	NA	0.000189127	5.09187e-05	0.99944	0.000312786	7.2741e-06	6.3402e-05	0.0018664	0.000400225	0.997587	8.32151e-05	1.49253e-06	NA	5.97011e-06	7.46264e-06	0.999985
34	0.998353	0.000518782	0.000794185	0.000233416	0.000100341	0.000150557	0.999139	6.80296e-05	0.000635686	6.69143e-06	0.000951699	0.00017869	0.998414	0.000443271	1.28341e-05	0.000176497	0.000701302	0.000541205	0.998451	0.000129639	1.83081e-05	8.71813e-06	8.71813e-06	2.15774e-05	0.999943
35	0.999091	0.000437562	0.000332208	6.79709e-05	7.13694e-05	3.95658e-05	0.999774	1.92177e-05	0.000163916	3.39136e-06	0.000429908	7.84846e-05	0.999236	0.000249511	5.85706e-06	4.87683e-05	0.000274425	0.000516613	0.999074	8.59644e-05	9.43042e-06	4.71521e-06	3.88311e-06	1.24814e-05	0.999969
36	0.998798	0.000278826	0.000729802	0.00012728	6.59294e-05	0.000100911	0.999252	5.15447e-05	0.000585867	9.43776e-06	0.000673884	0.000101182	0.998942	0.000269157	1.38877e-05	0.000107349	0.00085719	0.000382932	0.998552	0.00010094	1.55528e-05	8.06442e-06	9.21648e-06	2.36172e-05	0.999944
37	0.99906	0.000188193	0.000601863	9.82392e-05	5.20786e-05	7.3993e-05	0.999374	4.00795e-05	0.000503563	8.22144e-06	0.00069267	7.61629e-05	0.998995	0.000225401	1.02923e-05	7.31531e-05	0.000896265	0.000373583	0.998531	0.000126203	1.77007e-05	1.0141e-05	1.23536e-05	2.30477e-05	0.999937
38	0.998983	0.000216574	0.000654213	7.90997e-05	6.66648e-05	6.8042e-05	0.999421	2.76594e-05	0.000477954	5.53187e-06	0.000606449	5.57219e-05	0.999126	0.000196379	1.51477e-05	5.69664e-05	0.000779244	0.000365358	0.998681	0.000117449	1.82064e-05	8.41116e-06	7.66587e-06	2.32105e-05	0.999943
39	0.998826	0.000325393	0.000694928	7.69516e-05	7.70906e-05	6.83287e-05	0.999434	2.89392e-05	0.000461764	7.00513e-06	0.000573649	4.695e-05	0.999196	0.000169395	1.4107e-05	4.77683e-05	0.000720772	0.000340782	0.998771	0.000119976	1.78061e-05	9.5247e-06	8.59751e-06	2.36853e-05	0.99994
40	0.998713	0.000349634	0.000767791	8.07588e-05	8.84723e-05	7.27485e-05	0.99939	2.80416e-05	0.000500059	9.18089e-06	0.000501686	4.32651e-05	0.999273	0.000157232	2.49927e-05	3.87536e-05	0.000641469	0.000364392	0.998839	0.000115908	2.25604e-05	1.3214e-05	1.11392e-05	2.77473e-05	0.999925
