quality	AA	AC	AG	AT	A.	CA	CC	CG	CT	C.	GA	GC	GG	GT	G.	TA	TC	TG	TT	T.	.A	.C	.G	.T	..
0	NA	NA	NA	NA	NA	NA	NA	NA	NA	NA	NA	NA	NA	NA	NA	NA	NA	NA	NA	NA	NA	NA	NA	NA	NA
1	NA	NA	NA	NA	NA	NA	NA	NA	NA	NA	NA	NA	NA	NA	NA	NA	NA	NA	NA	NA	NA	NA	NA	NA	NA
2	NA	NA	NA	NA	NA	NA	NA	NA	NA	NA	NA	NA	NA	NA	NA	NA	NA	NA	NA	NA	NA	NA	NA	NA	NA
3	NA	NA	NA	NA	NA	NA	NA	NA	NA	NA	NA	NA	NA	NA	NA	NA	NA	NA	NA	NA	NA	NA	NA	NA	NA
4	NA	NA	NA	NA	NA	NA	NA	NA	NA	NA	NA	NA	NA	NA	NA	NA	NA	NA	NA	NA	NA	NA	NA	NA	NA
5	NA	NA	NA	NA	NA	NA	NA	NA	NA	NA	NA	NA	NA	NA	NA	NA	NA	NA	NA	NA	NA	NA	NA	NA	NA
6	NA	NA	NA	NA	NA	NA	NA	NA	NA	NA	NA	NA	NA	NA	NA	NA	NA	NA	NA	NA	NA	NA	NA	NA	NA
7	NA	NA	NA	NA	NA	NA	NA	NA	NA	NA	NA	NA	NA	NA	NA	NA	NA	NA	NA	NA	NA	NA	NA	NA	NA
8	NA	NA	NA	NA	NA	NA	NA	NA	NA	NA	NA	NA	NA	NA	NA	NA	NA	NA	NA	NA	NA	NA	NA	NA	NA
9	NA	NA	NA	NA	NA	NA	NA	NA	NA	NA	NA	NA	NA	NA	NA	NA	NA	NA	NA	NA	NA	NA	NA	NA	NA
10	1	NA	NA	NA	NA	0.0555556	0.944444	NA	NA	NA	NA	NA	0.956522	0.0434783	NA	NA	NA	NA	1	NA	NA	NA	NA	NA	1
11	0.975579	0.012052	0.00317158	0.00900729	0.000190295	0.0726627	0.901274	0.00612104	0.0197453	0.000197453	0.0232981	0.00554067	0.916617	0.0544076	0.000136246	0.026134	0.00991289	0.026134	0.937819	NA	5.85697e-05	1.95232e-05	NA	3.90465e-05	0.999883
12	0.974382	0.0129321	0.00515767	0.00743311	9.48101e-05	0.0559996	0.925666	0.00531141	0.0128955	0.000127678	0.0113693	0.00417646	0.950331	0.0340614	6.18735e-05	0.0113978	0.00524867	0.0252399	0.957779	0.000334474	3.07128e-05	2.5594e-05	3.07128e-05	4.60693e-05	0.999867
13	0.965498	0.0176938	0.00675521	0.00992033	0.000132455	0.0392993	0.945153	0.00476914	0.0106887	9.01458e-05	0.00808897	0.0033604	0.966696	0.0217706	8.40101e-05	0.0117815	0.0077313	0.0226545	0.957741	9.1476e-05	3.70055e-05	1.63512e-05	1.97936e-05	2.23754e-05	0.999904
14	0.964502	0.0187438	0.00573084	0.0109205	0.000103073	0.0351727	0.949083	0.00401436	0.0115962	0.000133289	0.0146196	0.00557491	0.946189	0.0334132	0.000203252	0.0150467	0.00936873	0.0196838	0.955651	0.000250103	4.44775e-05	3.78883e-05	3.78883e-05	4.61249e-05	0.999834
15	0.966609	0.0157934	0.00651616	0.0109983	8.28325e-05	0.0286602	0.953156	0.00505221	0.0129332	0.000197898	0.0141904	0.00673949	0.95185	0.0270796	0.000140406	0.0155728	0.0101623	0.0223594	0.9516	0.00030581	3.79977e-05	3.79977e-05	2.1713e-05	9.49943e-05	0.999807
16	0.965996	0.0145722	0.00720122	0.0121343	9.67269e-05	0.0265133	0.955207	0.00454334	0.0136645	7.21664e-05	0.0127351	0.00555814	0.955842	0.0257679	9.71915e-05	0.0194217	0.0122601	0.0286992	0.939495	0.000124177	4.7052e-05	2.67052e-05	2.98844e-05	5.65896e-05	0.99984
17	NA	NA	NA	NA	NA	NA	NA	NA	NA	NA	NA	NA	NA	NA	NA	NA	NA	NA	NA	NA	NA	NA	NA	NA	NA
18	1	NA	NA	NA	NA	NA	1	NA	NA	NA	NA	NA	1	NA	NA	NA	NA	NA	1	NA	NA	NA	NA	NA	1
19	1	NA	NA	NA	NA	NA	1	NA	NA	NA	NA	NA	1	NA	NA	NA	NA	NA	1	NA	NA	NA	NA	NA	1
20	0.996007	0.00332742	0.000221828	0.000221828	0.000221828	0.00830025	0.990617	0.000721761	0.000360881	NA	0.00223893	0.000799616	0.993603	0.00335839	NA	0.000332116	0.000996347	0.0043175	0.994354	NA	NA	NA	NA	0.000120934	0.999879
21	0.994906	0.00199924	0.00224262	0.00074754	0.000104308	0.00452322	0.994023	0.000346164	0.00110773	NA	0.000716426	0.000390778	0.996244	0.00258347	6.51296e-05	0.000696988	0.00153337	0.00224303	0.995476	5.069e-05	8.86383e-06	8.86383e-06	4.43192e-06	8.86383e-06	0.999969
22	0.996943	0.00184985	0.000436771	0.000719387	5.13848e-05	0.00538743	0.992929	0.000210447	0.00143104	4.20893e-05	0.0011107	0.000269261	0.99549	0.00313015	NA	0.00115424	0.00112915	0.0025845	0.995082	5.01844e-05	2.26884e-05	NA	7.56281e-06	2.26884e-05	0.999947
23	0.996073	0.00128119	0.00222816	0.000403855	1.3926e-05	0.00333693	0.995486	0.000231464	0.000925854	1.92886e-05	0.00059745	0.000298725	0.997386	0.001699	1.86703e-05	0.000414311	0.000847036	0.00137183	0.997348	1.84138e-05	2.45194e-05	1.05083e-05	1.75139e-05	2.10166e-05	0.999926
24	0.998341	0.000912674	0.000331881	0.000414852	NA	0.0034233	0.99447	0.000526662	0.00157999	NA	0.000876534	6.26096e-05	0.996494	0.00256699	NA	0.000353544	0.00167934	0.00103117	0.996877	5.8924e-05	8.96992e-05	1.12124e-05	3.36372e-05	3.36372e-05	0.999832
25	0.997825	0.000955519	0.000757825	0.000428336	3.29489e-05	0.00352771	0.99551	5.34502e-05	0.000908654	NA	0.00070373	0.000251332	0.996883	0.00206092	0.000100533	0.000372402	0.000918593	0.00106755	0.997641	NA	2.74708e-05	NA	2.74708e-05	1.83138e-05	0.999927
26	0.997418	0.00113589	0.000826105	0.000619579	NA	0.00191327	0.997608	0.000318878	0.000159439	NA	0.000167926	0.000335852	0.997649	0.00167926	0.000167926	0.000495926	0.000779313	0.000850159	0.997804	7.08466e-05	NA	2.77685e-05	2.77685e-05	NA	0.999944
27	0.996813	0.00128696	0.00104045	0.000810242	4.89408e-05	0.00260425	0.995516	0.000341589	0.00150358	3.50348e-05	0.00159017	0.000541987	0.994731	0.00311387	2.30089e-05	0.000967628	0.00101256	0.00391994	0.994026	7.33959e-05	3.31843e-05	1.34811e-05	1.34811e-05	2.48882e-05	0.999915
28	0.99812	0.000412693	0.00105466	0.000366838	4.58547e-05	0.000391037	0.998827	0.000156415	0.00062566	NA	0.001422	0.000260701	0.996848	0.0014694	NA	0.000633083	9.04404e-05	0.000452202	0.998824	NA	1.98783e-05	NA	NA	2.98175e-05	0.99995
29	0.999185	0.000407581	NA	NA	0.000407581	0.000371885	0.999256	NA	0.000371885	NA	0.00108058	NA	0.998611	0.000308737	NA	NA	0.000864304	NA	0.998271	0.000864304	6.56771e-05	NA	NA	NA	0.999934
30	0.99815	0.000480492	0.000938833	0.000390186	4.08929e-05	0.000492787	0.998285	0.000158877	0.0010502	1.34641e-05	0.000917852	0.000187518	0.998115	0.000764877	1.48041e-05	0.00049313	0.000973616	0.000609458	0.997886	3.79331e-05	2.10897e-05	4.55994e-06	6.83991e-06	2.10897e-05	0.999946
31	0.998529	0.000385021	0.000841222	0.000223248	2.10306e-05	0.000632544	0.998461	7.7813e-05	0.000813271	1.50606e-05	0.000779804	9.92478e-05	0.998573	0.000538774	9.45218e-06	0.000323059	0.000777137	0.000583302	0.998288	2.87164e-05	1.68285e-05	6.11945e-06	7.64931e-06	1.83583e-05	0.999951
32	0.998001	0.000196589	0.00172016	6.55297e-05	1.63824e-05	0.000299484	0.999379	2.2184e-05	0.000299484	NA	0.000132767	3.31917e-05	0.999701	0.000110639	2.21278e-05	4.28896e-05	0.000943572	0.000171558	0.998821	2.14448e-05	7.03423e-06	2.34474e-06	NA	4.68949e-06	0.999986
33	0.998249	0.000238749	0.00141923	8.62149e-05	6.63192e-06	0.000479022	0.999192	4.69629e-05	0.000281777	NA	0.000118676	3.65157e-05	0.999598	0.000237352	9.12892e-06	4.67851e-05	0.000712173	0.000176744	0.999028	3.63884e-05	NA	3.82359e-06	1.33826e-05	1.14708e-05	0.999971
34	0.998725	0.000278257	0.000722847	0.000228513	4.5858e-05	0.000310893	0.99885	5.40683e-05	0.00077293	1.22882e-05	0.000695728	9.28365e-05	0.998879	0.000311275	2.07517e-05	0.000210398	0.000740259	0.000508391	0.998491	4.98086e-05	1.5102e-05	5.75315e-06	8.39001e-06	1.12666e-05	0.999959
35	0.999303	0.000222295	0.0003547	7.53129e-05	4.49448e-05	0.000272157	0.999435	2.24129e-05	0.000262551	8.00461e-06	0.000379691	5.16247e-05	0.999359	0.000203168	6.66125e-06	0.000115891	0.000363126	0.000503299	0.998978	3.97341e-05	1.30593e-05	3.73123e-06	3.35811e-06	1.15668e-05	0.999968
36	0.998829	0.000180414	0.000798814	0.000146941	4.48198e-05	0.000207655	0.999059	4.52582e-05	0.000676211	1.15364e-05	0.0005779	5.08686e-05	0.99922	0.000144267	6.67129e-06	0.000167938	0.000744284	0.000194729	0.998859	3.39796e-05	1.72665e-05	5.51817e-06	6.05219e-06	1.45964e-05	0.999957
37	0.998803	0.000162725	0.000823932	0.000176715	3.38703e-05	0.000148298	0.999201	3.51894e-05	0.00060953	6.28381e-06	0.000537469	4.73485e-05	0.999297	9.8536e-05	1.91953e-05	0.00017165	0.000713925	0.000231903	0.998843	3.92343e-05	1.51324e-05	5.96126e-06	2.98063e-06	1.3986e-05	0.999962
38	0.998929	0.000173831	0.000737335	0.000126994	3.2352e-05	0.000146602	0.999259	2.90149e-05	0.000554338	1.14533e-05	0.000562849	3.96051e-05	0.999319	6.62624e-05	1.21862e-05	0.000142939	0.000765399	0.000155011	0.998885	5.16705e-05	2.09973e-05	5.02751e-06	4.43604e-06	1.53783e-05	0.999954
39	0.998947	0.00017309	0.000710294	0.000122142	4.73163e-05	0.000154925	0.999242	2.61722e-05	0.000565248	1.14174e-05	0.000518847	3.44025e-05	0.999385	4.8971e-05	1.31642e-05	0.000130748	0.000698943	9.55784e-05	0.999034	4.05484e-05	1.67559e-05	6.8019e-06	6.23784e-06	1.67891e-05	0.999953
40	0.999118	0.000173429	0.000556808	9.433e-05	5.76415e-05	0.000211651	0.999109	2.01632e-05	0.000639086	1.97875e-05	0.000515636	2.73213e-05	0.999412	2.86223e-05	1.69132e-05	9.1959e-05	0.00065437	8.4612e-05	0.999128	4.08527e-05	2.32372e-05	7.94151e-06	7.43081e-06	1.9126e-05	0.999942
