quality	AA	AC	AG	AT	A.	CA	CC	CG	CT	C.	GA	GC	GG	GT	G.	TA	TC	TG	TT	T.	.A	.C	.G	.T	..
0	NA	NA	NA	NA	NA	NA	NA	NA	NA	NA	NA	NA	NA	NA	NA	NA	NA	NA	NA	NA	NA	NA	NA	NA	NA
1	NA	NA	NA	NA	NA	NA	NA	NA	NA	NA	NA	NA	NA	NA	NA	NA	NA	NA	NA	NA	NA	NA	NA	NA	NA
2	NA	NA	NA	NA	NA	NA	NA	NA	NA	NA	NA	NA	NA	NA	NA	NA	NA	NA	NA	NA	NA	NA	NA	NA	NA
3	NA	NA	NA	NA	NA	NA	NA	NA	NA	NA	NA	NA	NA	NA	NA	NA	NA	NA	NA	NA	NA	NA	NA	NA	NA
4	NA	NA	NA	NA	NA	NA	NA	NA	NA	NA	NA	NA	NA	NA	NA	NA	NA	NA	NA	NA	NA	NA	NA	NA	NA
5	NA	NA	NA	NA	NA	NA	NA	NA	NA	NA	NA	NA	NA	NA	NA	NA	NA	NA	NA	NA	NA	NA	NA	NA	NA
6	NA	NA	NA	NA	NA	NA	NA	NA	NA	NA	NA	NA	NA	NA	NA	NA	NA	NA	NA	NA	NA	NA	NA	NA	NA
7	NA	NA	NA	NA	NA	NA	NA	NA	NA	NA	NA	NA	NA	NA	NA	NA	NA	NA	NA	NA	NA	NA	NA	NA	NA
8	NA	NA	NA	NA	NA	NA	NA	NA	NA	NA	NA	NA	NA	NA	NA	NA	NA	NA	NA	NA	NA	NA	NA	NA	NA
9	NA	NA	NA	NA	NA	NA	NA	NA	NA	NA	NA	NA	NA	NA	NA	NA	NA	NA	NA	NA	NA	NA	NA	NA	NA
10	NA	NA	NA	NA	NA	NA	NA	NA	NA	NA	NA	NA	NA	NA	NA	NA	NA	NA	NA	NA	NA	NA	NA	NA	NA
11	0.971855	0.0129898	0.00519593	0.00930937	0.000649491	0.0536602	0.926134	0.00529977	0.0149056	NA	0.0254502	0.00759042	0.926924	0.0398869	0.000148832	0.0287846	0.00959488	0.0469083	0.91258	0.0021322	NA	NA	NA	6.54236e-05	0.999935
12	0.97069	0.0130566	0.0069335	0.00931971	NA	0.0360516	0.944824	0.00587991	0.0130665	0.000178179	0.0130659	0.00546946	0.948513	0.0328168	0.000135048	0.016428	0.0074871	0.0230428	0.952824	0.000218071	3.64109e-05	NA	3.64109e-05	2.42739e-05	0.999903
13	0.963737	0.0163295	0.00836725	0.0114702	9.61753e-05	0.0293202	0.953623	0.0050135	0.0119289	0.000114116	0.00937704	0.00445782	0.963308	0.0227647	9.22797e-05	0.0146139	0.0101191	0.0229245	0.952214	0.000128757	3.74677e-05	2.49785e-05	1.40504e-05	3.90289e-05	0.999884
14	0.961402	0.0168424	0.00727094	0.0143525	0.000132543	0.0285743	0.952628	0.00437521	0.0142088	0.000213773	0.017916	0.0068571	0.940846	0.034217	0.000164242	0.0187237	0.0115812	0.0211524	0.94828	0.000263208	8.72763e-05	4.81525e-05	4.21334e-05	6.32001e-05	0.999759
15	0.977803	0.00858135	0.00509288	0.00841944	0.000103035	0.0112846	0.977285	0.00282927	0.0084878	0.000113821	0.0167254	0.00679038	0.94953	0.0268851	6.91133e-05	0.0244021	0.0163049	0.0232296	0.935798	0.000265481	4.55676e-05	5.46812e-05	3.64541e-05	4.55676e-05	0.999818
16	0.965081	0.0116326	0.00884942	0.0143211	0.000115747	0.0180271	0.960562	0.00453227	0.0166665	0.000212583	0.0176728	0.00785366	0.947832	0.026534	0.000107358	0.017239	0.0123045	0.0183172	0.951911	0.000228331	0.00011262	5.1191e-05	4.43655e-05	8.8731e-05	0.999703
17	NA	NA	NA	NA	NA	NA	NA	NA	NA	NA	NA	NA	NA	NA	NA	NA	NA	NA	NA	NA	NA	NA	NA	NA	NA
18	NA	NA	NA	NA	NA	NA	NA	NA	NA	NA	NA	NA	NA	NA	NA	NA	NA	NA	NA	NA	NA	NA	NA	NA	NA
19	NA	NA	NA	NA	NA	NA	NA	NA	NA	NA	NA	NA	NA	NA	NA	NA	NA	NA	NA	NA	NA	NA	NA	NA	NA
20	0.997029	0.00237671	0.000594177	NA	NA	0.00429185	0.995708	NA	NA	NA	0.00200401	0.0012024	0.993186	0.00360721	NA	0.00226074	0.00150716	0.00301432	0.993218	NA	NA	NA	NA	NA	1
21	0.995006	0.00137323	0.00274645	0.000790645	8.32258e-05	0.00249922	0.99547	0.000520671	0.00150994	NA	0.00049724	0.000149172	0.997116	0.00223758	NA	0.0015801	0.00155137	0.00232705	0.994513	2.8729e-05	1.01956e-05	NA	1.01956e-05	NA	0.99998
22	0.9958	0.00175993	0.00123995	0.00103996	0.000159994	0.00357445	0.994151	0.00038994	0.00188471	NA	0.00180333	0.00063647	0.994272	0.00328843	NA	0.00165023	0.00168861	0.0032237	0.993437	NA	1.1727e-05	1.1727e-05	NA	5.86352e-05	0.999918
23	0.995984	0.00118132	0.00231014	0.000498779	2.62515e-05	0.00220103	0.996148	0.000917095	0.000733676	NA	0.00089038	0.000410945	0.99613	0.00256841	NA	0.00113059	0.00104362	0.00205246	0.995704	6.95749e-05	1.31696e-05	6.5848e-06	1.31696e-05	3.2924e-05	0.999934
24	0.998018	0.000924886	0.000660633	0.00039638	NA	0.00132938	0.996932	0.00092034	0.00081808	NA	0.00118192	0.000393972	0.99606	0.00236383	NA	0.000492346	0.00111897	0.00147704	0.996867	4.47588e-05	1.74228e-05	NA	NA	3.48456e-05	0.999948
25	0.996765	0.000713538	0.00142708	0.000951384	0.000142708	0.00228537	0.995886	0.000609431	0.00121886	NA	0.00176632	0.000392516	0.995159	0.00268219	NA	0.00110084	0.000500384	0.00166795	0.996631	0.000100077	2.51972e-05	1.25986e-05	1.25986e-05	NA	0.99995
26	0.996906	0.000837953	0.00141807	0.000709037	0.000128916	0.00207877	0.996061	0.000437637	0.00142232	NA	0.00120074	0.00065495	0.995088	0.00305643	NA	0.000501316	0.00108618	0.000919079	0.997452	4.17763e-05	3.4647e-05	5.19706e-05	1.73235e-05	3.4647e-05	0.999861
27	0.996447	0.000986068	0.0012678	0.00122554	7.39551e-05	0.00124258	0.996859	0.000403436	0.00145237	4.30332e-05	0.00267953	0.00114497	0.991429	0.00471768	2.85056e-05	0.00121334	0.001251	0.00322301	0.994224	8.87808e-05	4.12552e-05	2.41494e-05	1.30809e-05	3.01867e-05	0.999891
28	0.997785	0.000656383	0.000738431	0.000820479	NA	0.000407249	0.99871	6.78748e-05	0.000814498	NA	0.00287122	0.000642811	0.994858	0.0015856	4.28541e-05	0.00155061	0.000422893	0.000704821	0.997322	NA	NA	NA	NA	3.48797e-05	0.999965
29	0.999182	NA	NA	NA	0.000818331	NA	1	NA	NA	NA	0.000466636	NA	0.999533	NA	NA	NA	NA	NA	1	NA	NA	NA	NA	NA	1
30	0.997473	0.000413588	0.00132042	0.000744458	4.90178e-05	0.00031691	0.998285	0.000163115	0.00121171	2.33022e-05	0.00149592	0.000357998	0.997341	0.000796972	8.52377e-06	0.000683139	0.00128263	0.00059949	0.997379	5.57665e-05	2.22466e-05	1.9213e-05	5.05605e-06	2.32578e-05	0.99993
31	0.998448	0.00019866	0.000972108	0.000328451	5.29759e-05	0.000255909	0.998823	9.44893e-05	0.000822844	3.93705e-06	0.00104249	0.000180136	0.998045	0.000712879	1.91634e-05	0.000333258	0.000927719	0.000615477	0.998097	2.70209e-05	2.65564e-05	9.12876e-06	5.80921e-06	1.99173e-05	0.999939
32	0.997833	0.000172833	0.00190117	9.30641e-05	NA	0.000206136	0.999433	5.1534e-05	0.000309204	NA	0.000269208	3.58944e-05	0.999336	0.000358944	NA	5.68699e-05	0.000762056	0.000204732	0.998965	1.1374e-05	3.66736e-06	3.66736e-06	7.33471e-06	2.56715e-05	0.99996
33	0.9983	5.69687e-05	0.00159512	3.79791e-05	9.49478e-06	6.54587e-05	0.999686	NA	0.000248743	NA	0.000224597	3.96348e-05	0.999432	0.000303867	NA	3.44861e-05	0.000738002	0.000448319	0.998752	2.75889e-05	2.62084e-06	NA	5.24168e-06	5.24168e-06	0.999987
34	0.998693	0.000200431	0.000737067	0.00031293	5.68964e-05	0.000134168	0.999099	6.30184e-05	0.000695235	8.1314e-06	0.000941569	0.000196532	0.998524	0.000321599	1.60799e-05	0.000331263	0.000790259	0.000336878	0.99849	5.19353e-05	2.2489e-05	8.67998e-06	8.67998e-06	1.736e-05	0.999943
35	0.999449	0.000152906	0.000269925	0.000101417	2.65245e-05	3.29802e-05	0.999763	1.64901e-05	0.000187575	NA	0.000401371	6.76468e-05	0.999287	0.000239019	4.50979e-06	0.000118061	0.000322116	0.000431432	0.999085	4.37262e-05	7.64864e-06	2.03964e-06	4.58919e-06	9.17837e-06	0.999977
36	0.998757	0.000127325	0.000877219	0.000205043	3.38982e-05	0.000173965	0.999094	5.41225e-05	0.000663645	1.41749e-05	0.000701049	0.0001032	0.999015	0.000166069	1.42345e-05	0.000212002	0.000894802	0.000170939	0.998683	3.91536e-05	2.24536e-05	8.5169e-06	6.71028e-06	1.72919e-05	0.999945
37	0.998816	0.000106202	0.000854927	0.000198598	2.44265e-05	5.50851e-05	0.999317	4.40681e-05	0.000572885	1.1017e-05	0.000610832	7.63541e-05	0.999182	0.000109077	2.18154e-05	0.000192438	0.00072966	0.000179408	0.99886	3.80866e-05	2.43976e-05	7.91273e-06	4.94545e-06	2.30788e-05	0.99994
38	0.998923	0.000110144	0.000782211	0.000145614	3.85816e-05	0.000103176	0.9993	3.73399e-05	0.000548307	1.08089e-05	0.000555735	5.78891e-05	0.99929	8.39392e-05	1.25426e-05	0.000151776	0.000773994	0.000149257	0.998873	5.22714e-05	2.17242e-05	8.76591e-06	5.7169e-06	1.92469e-05	0.999945
39	0.99894	0.000131493	0.000756396	0.000125879	4.66588e-05	0.000106982	0.999304	3.20537e-05	0.000546341	1.08207e-05	0.000509912	3.90887e-05	0.999389	4.90563e-05	1.30947e-05	0.000129593	0.000722204	0.000110829	0.998988	4.94918e-05	2.49339e-05	9.75511e-06	5.53668e-06	1.95856e-05	0.99994
40	0.999124	0.00013861	0.000603405	8.03984e-05	5.40363e-05	0.000174426	0.999118	3.32497e-05	0.000662657	1.15924e-05	0.000485831	3.88025e-05	0.999427	3.18021e-05	1.67011e-05	7.51507e-05	0.000651522	0.000113285	0.999119	4.13123e-05	3.30585e-05	1.29209e-05	7.2532e-06	2.38736e-05	0.999923
