quality	AA	AC	AG	AT	A.	CA	CC	CG	CT	C.	GA	GC	GG	GT	G.	TA	TC	TG	TT	T.	.A	.C	.G	.T	..
0	NA	NA	NA	NA	NA	NA	NA	NA	NA	NA	NA	NA	NA	NA	NA	NA	NA	NA	NA	NA	NA	NA	NA	NA	NA
1	NA	NA	NA	NA	NA	NA	NA	NA	NA	NA	NA	NA	NA	NA	NA	NA	NA	NA	NA	NA	NA	NA	NA	NA	NA
2	NA	NA	NA	NA	NA	NA	NA	NA	NA	NA	NA	NA	NA	NA	NA	NA	NA	NA	NA	NA	NA	NA	NA	NA	NA
3	NA	NA	NA	NA	NA	NA	NA	NA	NA	NA	NA	NA	NA	NA	NA	NA	NA	NA	NA	NA	NA	NA	NA	NA	NA
4	NA	NA	NA	NA	NA	NA	NA	NA	NA	NA	NA	NA	NA	NA	NA	NA	NA	NA	NA	NA	NA	NA	NA	NA	NA
5	NA	NA	NA	NA	NA	NA	NA	NA	NA	NA	NA	NA	NA	NA	NA	NA	NA	NA	NA	NA	NA	NA	NA	NA	NA
6	NA	NA	NA	NA	NA	NA	NA	NA	NA	NA	NA	NA	NA	NA	NA	NA	NA	NA	NA	NA	NA	NA	NA	NA	NA
7	NA	NA	NA	NA	NA	NA	NA	NA	NA	NA	NA	NA	NA	NA	NA	NA	NA	NA	NA	NA	NA	NA	NA	NA	NA
8	NA	NA	NA	NA	NA	NA	NA	NA	NA	NA	NA	NA	NA	NA	NA	NA	NA	NA	NA	NA	NA	NA	NA	NA	NA
9	NA	NA	NA	NA	NA	NA	NA	NA	NA	NA	NA	NA	NA	NA	NA	NA	NA	NA	NA	NA	NA	NA	NA	NA	NA
10	1	NA	NA	NA	NA	NA	NA	NA	NA	NA	NA	NA	NA	NA	NA	NA	NA	NA	NA	NA	NA	NA	NA	NA	1
11	0.984962	NA	NA	0.0150376	NA	0.0289256	0.954545	0.00826446	0.00826446	NA	0.0213904	0.0106952	0.893048	0.0748663	NA	NA	NA	NA	1	NA	NA	NA	NA	NA	1
12	0.961883	0.0269058	0.0044843	0.00672646	NA	0.0472222	0.938889	0.00833333	0.00555556	NA	0.0103093	0.00171821	0.967354	0.0206186	NA	0.00749064	0.0149813	0.011236	0.966292	NA	NA	NA	NA	NA	1
13	0.970401	0.0162317	0.00572884	0.00763845	NA	0.0385772	0.949399	0.00701403	0.00450902	0.000501002	0.0109051	0.00327154	0.967285	0.0174482	0.00109051	0.0168367	0.00816327	0.0362245	0.938265	0.000510204	0.000112045	0.00022409	NA	NA	0.999664
14	0.977054	0.0128499	0.00229463	0.00780174	NA	0.0613682	0.916499	0.00905433	0.0130785	NA	0.0154854	0.00178678	0.941036	0.0416915	NA	0.0191083	0.00405327	0.0179502	0.958888	NA	NA	NA	NA	0.000151999	0.999848
15	0.939362	0.0457447	0.00744681	0.00744681	NA	0.0562162	0.934054	0.00108108	0.00864865	NA	0.0103493	0.00258732	0.96119	0.0258732	NA	0.045122	0.00609756	0.00731707	0.941463	NA	NA	NA	NA	NA	1
16	0.968072	0.0153257	0.00485313	0.0117497	NA	0.0199297	0.966784	0.00429855	0.00898789	NA	0.0155067	0.00432744	0.960332	0.0198341	NA	0.0156291	0.00874172	0.0333775	0.941457	0.000794702	0.000153681	NA	NA	NA	0.999846
17	NA	NA	NA	NA	NA	NA	NA	NA	NA	NA	NA	NA	NA	NA	NA	NA	NA	NA	NA	NA	NA	NA	NA	NA	NA
18	1	NA	NA	NA	NA	NA	NA	NA	NA	NA	NA	NA	NA	NA	NA	NA	NA	NA	NA	NA	NA	NA	NA	NA	1
19	NA	NA	NA	NA	NA	NA	NA	NA	NA	NA	NA	NA	NA	NA	NA	NA	NA	NA	1	NA	NA	NA	NA	NA	1
20	1	NA	NA	NA	NA	NA	1	NA	NA	NA	NA	NA	1	NA	NA	NA	NA	NA	1	NA	NA	NA	NA	NA	1
21	0.996071	0.00196464	0.00196464	NA	NA	0.00650759	0.993492	NA	NA	NA	NA	NA	0.997555	0.00244499	NA	NA	NA	0.0043956	0.995604	NA	NA	NA	0.000545256	0.000545256	0.998909
22	0.997481	0.00251889	NA	NA	NA	0.00390625	0.996094	NA	NA	NA	NA	NA	1	NA	NA	0.00766284	NA	NA	0.992337	NA	NA	NA	NA	NA	1
23	0.996124	0.00387597	NA	NA	NA	NA	1	NA	NA	NA	NA	NA	0.997706	0.00229358	NA	0.00194932	NA	0.00194932	0.996101	NA	NA	NA	NA	NA	1
24	1	NA	NA	NA	NA	NA	1	NA	NA	NA	NA	NA	1	NA	NA	NA	NA	NA	1	NA	NA	NA	NA	NA	1
25	1	NA	NA	NA	NA	NA	0.994012	0.00598802	NA	NA	NA	NA	1	NA	NA	NA	NA	NA	1	NA	NA	NA	NA	NA	1
26	1	NA	NA	NA	NA	NA	1	NA	NA	NA	NA	NA	1	NA	NA	NA	NA	0.0133333	0.986667	NA	NA	NA	NA	NA	1
27	0.997519	0.0011279	0.000225581	0.0011279	NA	0.00861178	0.990699	0.000344471	0.000344471	NA	0.000619195	0.000928793	0.990093	0.00835913	NA	0.0015528	0.0010352	0.00189786	0.995514	NA	6.16979e-05	NA	NA	NA	0.999938
28	1	NA	NA	NA	NA	NA	0.988095	0.00595238	0.00595238	NA	0.0022779	NA	0.94533	0.0523918	NA	NA	NA	NA	1	NA	NA	NA	NA	NA	1
29	1	NA	NA	NA	NA	NA	1	NA	NA	NA	NA	NA	1	NA	NA	NA	NA	NA	1	NA	NA	NA	NA	NA	1
30	0.999575	NA	0.000212495	0.000212495	NA	0.00382897	0.994895	0.000319081	0.000957243	NA	0.000313775	0.000627549	0.998431	0.000313775	0.000313775	0.000301296	NA	0.000602591	0.999096	NA	NA	6.98714e-05	NA	NA	0.99993
31	0.999777	NA	0.000222866	NA	NA	0.00314663	0.996539	NA	NA	0.000314663	0.000289101	NA	0.995953	0.00375831	NA	NA	0.000220751	0.000662252	0.999117	NA	6.49224e-05	NA	NA	NA	0.999935
32	1	NA	NA	NA	NA	NA	1	NA	NA	NA	NA	NA	1	NA	NA	NA	NA	NA	1	NA	NA	NA	NA	NA	1
33	0.998811	0.00118906	NA	NA	NA	NA	1	NA	NA	NA	NA	NA	1	NA	NA	NA	NA	NA	1	NA	NA	NA	NA	NA	1
34	0.999225	0.000193723	0.000387447	0.000193723	NA	0.0061078	0.993281	NA	0.00061078	NA	0.000428755	NA	0.993712	0.00585965	NA	0.00010421	0.00010421	0.00031263	0.999479	NA	NA	NA	NA	2.99231e-05	0.99997
35	0.999754	0.000246124	NA	NA	NA	0.00172159	0.998278	NA	NA	NA	NA	NA	0.994916	0.00508388	NA	0.000111607	NA	NA	0.999888	NA	5.19157e-05	NA	NA	NA	0.999948
36	0.999543	7.61093e-05	0.000152219	7.61093e-05	0.000152219	0.00528665	0.993891	0.000117481	0.000704887	NA	0.000560475	0.000112095	0.991817	0.00739827	0.000112095	NA	0.000176741	0.000176741	0.999647	NA	NA	NA	NA	2.38749e-05	0.999976
37	0.999692	NA	0.000205423	0.000102712	NA	0.00552116	0.993642	0.000167308	0.000669232	NA	0.000528541	NA	0.997005	0.00246653	NA	NA	NA	NA	1	NA	NA	NA	NA	NA	1
38	0.999655	6.90322e-05	0.000207097	6.90322e-05	NA	0.00514414	0.99432	NA	0.000535848	NA	0.000782823	0.000111832	0.993514	0.00559159	NA	0.000203625	0.000610874	6.78748e-05	0.999118	NA	8.42265e-05	NA	NA	NA	0.999916
39	0.999577	0.000130285	0.000260569	1.62856e-05	1.62856e-05	0.00512514	0.994511	0.000104064	0.000260159	NA	0.000135252	0.000189353	0.994455	0.00522073	NA	1.52936e-05	0.000321165	0.000137642	0.999526	NA	4.94587e-06	4.94587e-06	NA	NA	0.99999
40	0.999662	0.000107669	0.000153813	6.15252e-05	1.53813e-05	0.00471251	0.994947	2.42913e-05	0.000315787	NA	0.000281167	2.81167e-05	0.996485	0.00320531	NA	1.50274e-05	0.000225411	4.50823e-05	0.999714	NA	1.44033e-05	4.80109e-06	NA	1.44033e-05	0.999966
