
SUMMARISING RUN PARAMETERS
==========================
Input filename: SC2204/host_removal/SC2204_R2.fastq.gz
Trimming mode: paired-end
Trim Galore version: 0.6.4_dev
Cutadapt version: 4.1
Python version: could not detect
Number of cores used for trimming: 2
Quality Phred score cutoff: 20
Quality encoding type selected: ASCII+33
Using Illumina adapter for trimming (count: 28810). Second best hit was smallRNA (count: 0)
Adapter sequence: 'AGATCGGAAGAGC' (Illumina TruSeq, Sanger iPCR; auto-detected)
Maximum trimming error rate: 0.1 (default)
Minimum required adapter overlap (stringency): 1 bp
Minimum required sequence length for both reads before a sequence pair gets removed: 20 bp
Running FastQC on the data once trimming has completed
Output file will be GZIP compressed


This is cutadapt 4.1 with Python 3.9.13
Command line parameters: -j 2 -e 0.1 -q 20 -O 1 -a AGATCGGAAGAGC SC2204/host_removal/SC2204_R2.fastq.gz
Processing single-end reads on 2 cores ...
Finished in 23.68 s (34 µs/read; 1.77 M reads/minute).

=== Summary ===

Total reads processed:                 697,302
Reads with adapters:                   271,876 (39.0%)
Reads written (passing filters):       697,302 (100.0%)

Total basepairs processed:   175,022,802 bp
Quality-trimmed:               6,297,819 bp (3.6%)
Total written (filtered):    166,847,289 bp (95.3%)

=== Adapter 1 ===

Sequence: AGATCGGAAGAGC; Type: regular 3'; Length: 13; Trimmed: 271876 times

Minimum overlap: 1
No. of allowed errors:
1-9 bp: 0; 10-13 bp: 1

Bases preceding removed adapters:
  A: 39.3%
  C: 14.8%
  G: 7.9%
  T: 37.7%
  none/other: 0.3%

Overview of removed sequences
length	count	expect	max.err	error counts
1	176184	174325.5	0	176184
2	52630	43581.4	0	52630
3	3885	10895.3	0	3885
4	908	2723.8	0	908
5	180	681.0	0	180
6	230	170.2	0	230
7	10556	42.6	0	10556
8	149	10.6	0	149
9	269	2.7	0	269
10	197	0.7	1	173 24
11	53	0.2	1	43 10
12	143	0.0	1	124 19
13	29	0.0	1	24 5
14	99	0.0	1	90 9
15	46	0.0	1	36 10
16	42	0.0	1	38 4
17	95	0.0	1	79 16
18	27	0.0	1	22 5
19	84	0.0	1	75 9
20	109	0.0	1	96 13
21	17	0.0	1	13 4
22	56	0.0	1	48 8
23	85	0.0	1	68 17
24	864	0.0	1	792 72
25	76	0.0	1	57 19
26	197	0.0	1	169 28
27	195	0.0	1	167 28
28	1519	0.0	1	1415 104
29	206	0.0	1	172 34
30	387	0.0	1	343 44
31	71	0.0	1	53 18
32	338	0.0	1	278 60
33	275	0.0	1	235 40
34	296	0.0	1	263 33
35	183	0.0	1	166 17
36	181	0.0	1	159 22
37	388	0.0	1	344 44
38	191	0.0	1	165 26
39	406	0.0	1	370 36
40	503	0.0	1	458 45
41	898	0.0	1	844 54
42	1244	0.0	1	1160 84
43	2565	0.0	1	2484 81
44	2418	0.0	1	2352 66
45	1688	0.0	1	1641 47
46	672	0.0	1	640 32
47	1066	0.0	1	1046 20
48	469	0.0	1	459 10
49	230	0.0	1	217 13
50	126	0.0	1	121 5
51	138	0.0	1	128 10
52	120	0.0	1	109 11
53	143	0.0	1	131 12
54	278	0.0	1	260 18
55	96	0.0	1	91 5
56	211	0.0	1	190 21
57	487	0.0	1	470 17
58	247	0.0	1	239 8
59	46	0.0	1	40 6
60	94	0.0	1	91 3
61	30	0.0	1	27 3
62	20	0.0	1	18 2
63	23	0.0	1	20 3
64	14	0.0	1	14
65	10	0.0	1	8 2
66	9	0.0	1	9
67	7	0.0	1	4 3
68	5	0.0	1	4 1
69	49	0.0	1	42 7
70	8	0.0	1	8
71	9	0.0	1	8 1
72	9	0.0	1	8 1
73	11	0.0	1	9 2
74	18	0.0	1	14 4
75	15	0.0	1	12 3
76	19	0.0	1	13 6
77	27	0.0	1	22 5
78	59	0.0	1	47 12
79	98	0.0	1	68 30
80	217	0.0	1	178 39
81	252	0.0	1	218 34
82	293	0.0	1	248 45
83	244	0.0	1	194 50
84	192	0.0	1	163 29
85	185	0.0	1	151 34
86	174	0.0	1	143 31
87	122	0.0	1	89 33
88	84	0.0	1	66 18
89	85	0.0	1	73 12
90	74	0.0	1	57 17
91	56	0.0	1	46 10
92	59	0.0	1	47 12
93	94	0.0	1	76 18
94	1604	0.0	1	1551 53
95	145	0.0	1	132 13
96	59	0.0	1	47 12
97	51	0.0	1	41 10
98	29	0.0	1	22 7
99	20	0.0	1	18 2
100	16	0.0	1	13 3
101	13	0.0	1	11 2
102	16	0.0	1	12 4
103	22	0.0	1	18 4
104	14	0.0	1	11 3
105	10	0.0	1	5 5
106	22	0.0	1	20 2
107	28	0.0	1	11 17
108	25	0.0	1	19 6
109	15	0.0	1	5 10
110	25	0.0	1	20 5
111	196	0.0	1	181 15
112	33	0.0	1	25 8
113	23	0.0	1	15 8
114	21	0.0	1	15 6
115	13	0.0	1	10 3
116	19	0.0	1	13 6
117	9	0.0	1	6 3
118	6	0.0	1	3 3
119	26	0.0	1	19 7
120	6	0.0	1	3 3
121	4	0.0	1	3 1
122	8	0.0	1	6 2
123	7	0.0	1	6 1
124	8	0.0	1	5 3
125	7	0.0	1	5 2
126	19	0.0	1	14 5
127	41	0.0	1	33 8
128	8	0.0	1	4 4
129	19	0.0	1	16 3
130	7	0.0	1	4 3
131	13	0.0	1	6 7
132	6	0.0	1	4 2
133	7	0.0	1	4 3
134	21	0.0	1	19 2
135	11	0.0	1	7 4
136	16	0.0	1	10 6
137	14	0.0	1	9 5
138	7	0.0	1	3 4
139	4	0.0	1	2 2
140	4	0.0	1	2 2
141	6	0.0	1	3 3
142	10	0.0	1	4 6
143	10	0.0	1	7 3
144	2	0.0	1	0 2
145	2	0.0	1	0 2
146	4	0.0	1	4
147	28	0.0	1	22 6
148	30	0.0	1	26 4
149	14	0.0	1	11 3
150	7	0.0	1	5 2
151	8	0.0	1	6 2
152	6	0.0	1	4 2
153	3	0.0	1	3
154	21	0.0	1	20 1
155	10	0.0	1	4 6
156	31	0.0	1	27 4
157	5	0.0	1	4 1
158	5	0.0	1	3 2
159	2	0.0	1	1 1
160	12	0.0	1	8 4
161	5	0.0	1	5
162	3	0.0	1	3
163	3	0.0	1	2 1
164	4	0.0	1	2 2
165	6	0.0	1	5 1
166	8	0.0	1	7 1
167	13	0.0	1	8 5
168	9	0.0	1	9
169	9	0.0	1	7 2
170	11	0.0	1	11
171	2	0.0	1	2
172	7	0.0	1	6 1
173	9	0.0	1	5 4
174	10	0.0	1	10
175	18	0.0	1	17 1
176	6	0.0	1	6
177	9	0.0	1	8 1
178	1	0.0	1	1
180	4	0.0	1	4
181	7	0.0	1	7
182	6	0.0	1	5 1
183	4	0.0	1	4
184	2	0.0	1	1 1
185	3	0.0	1	3
186	3	0.0	1	2 1
187	10	0.0	1	9 1
188	18	0.0	1	16 2
189	23	0.0	1	21 2
190	12	0.0	1	11 1
191	12	0.0	1	11 1
192	9	0.0	1	9
193	12	0.0	1	12
194	6	0.0	1	5 1
195	9	0.0	1	9
196	7	0.0	1	6 1
197	9	0.0	1	9
198	18	0.0	1	17 1
199	5	0.0	1	5
200	11	0.0	1	11
201	7	0.0	1	7
202	9	0.0	1	9
203	25	0.0	1	24 1
204	15	0.0	1	14 1
205	28	0.0	1	27 1
206	25	0.0	1	25
207	26	0.0	1	22 4
208	41	0.0	1	39 2
209	31	0.0	1	31
210	27	0.0	1	23 4
211	21	0.0	1	20 1
212	13	0.0	1	13
213	9	0.0	1	8 1
214	16	0.0	1	16
215	21	0.0	1	21
216	2	0.0	1	2
217	18	0.0	1	17 1
219	1	0.0	1	1
220	1	0.0	1	1
222	2	0.0	1	2
223	1	0.0	1	1
226	1	0.0	1	1
230	1	0.0	1	1
241	1	0.0	1	0 1
249	1	0.0	1	0 1
250	4	0.0	1	0 4
251	137	0.0	1	0 137

RUN STATISTICS FOR INPUT FILE: SC2204/host_removal/SC2204_R2.fastq.gz
=============================================
697302 sequences processed in total

Total number of sequences analysed for the sequence pair length validation: 697302

Number of sequence pairs removed because at least one read was shorter than the length cutoff (20 bp): 2506 (0.36%)
