
SUMMARISING RUN PARAMETERS
==========================
Input filename: SC2204/host_removal/SC2204_R1.fastq.gz
Trimming mode: paired-end
Trim Galore version: 0.6.4_dev
Cutadapt version: 4.1
Python version: could not detect
Number of cores used for trimming: 2
Quality Phred score cutoff: 20
Quality encoding type selected: ASCII+33
Using Illumina adapter for trimming (count: 28810). Second best hit was smallRNA (count: 0)
Adapter sequence: 'AGATCGGAAGAGC' (Illumina TruSeq, Sanger iPCR; auto-detected)
Maximum trimming error rate: 0.1 (default)
Minimum required adapter overlap (stringency): 1 bp
Minimum required sequence length for both reads before a sequence pair gets removed: 20 bp
Running FastQC on the data once trimming has completed
Output file will be GZIP compressed


This is cutadapt 4.1 with Python 3.9.13
Command line parameters: -j 2 -e 0.1 -q 20 -O 1 -a AGATCGGAAGAGC SC2204/host_removal/SC2204_R1.fastq.gz
Processing single-end reads on 2 cores ...
Finished in 23.17 s (33 µs/read; 1.81 M reads/minute).

=== Summary ===

Total reads processed:                 697,302
Reads with adapters:                   273,957 (39.3%)
Reads written (passing filters):       697,302 (100.0%)

Total basepairs processed:   175,022,802 bp
Quality-trimmed:               3,158,968 bp (1.8%)
Total written (filtered):    169,197,953 bp (96.7%)

=== Adapter 1 ===

Sequence: AGATCGGAAGAGC; Type: regular 3'; Length: 13; Trimmed: 273957 times

Minimum overlap: 1
No. of allowed errors:
1-9 bp: 0; 10-13 bp: 1

Bases preceding removed adapters:
  A: 35.7%
  C: 15.6%
  G: 7.3%
  T: 41.1%
  none/other: 0.3%

Overview of removed sequences
length	count	expect	max.err	error counts
1	167636	174325.5	0	167636
2	58561	43581.4	0	58561
3	3500	10895.3	0	3500
4	948	2723.8	0	948
5	179	681.0	0	179
6	266	170.2	0	266
7	10538	42.6	0	10538
8	261	10.6	0	261
9	377	2.7	0	376 1
10	160	0.7	1	146 14
11	73	0.2	1	62 11
12	126	0.0	1	106 20
13	73	0.0	1	60 13
14	42	0.0	1	33 9
15	54	0.0	1	39 15
16	56	0.0	1	42 14
17	51	0.0	1	43 8
18	64	0.0	1	49 15
19	49	0.0	1	37 12
20	147	0.0	1	129 18
21	88	0.0	1	72 16
22	62	0.0	1	49 13
23	67	0.0	1	54 13
24	640	0.0	1	612 28
25	231	0.0	1	193 38
26	109	0.0	1	82 27
27	156	0.0	1	114 42
28	1297	0.0	1	1227 70
29	529	0.0	1	474 55
30	187	0.0	1	170 17
31	93	0.0	1	77 16
32	152	0.0	1	121 31
33	130	0.0	1	103 27
34	591	0.0	1	534 57
35	101	0.0	1	75 26
36	134	0.0	1	107 27
37	116	0.0	1	74 42
38	142	0.0	1	112 30
39	179	0.0	1	134 45
40	264	0.0	1	237 27
41	1242	0.0	1	1164 78
42	239	0.0	1	181 58
43	239	0.0	1	202 37
44	87	0.0	1	71 16
45	59	0.0	1	47 12
46	56	0.0	1	41 15
47	121	0.0	1	94 27
48	94	0.0	1	65 29
49	155	0.0	1	128 27
50	84	0.0	1	71 13
51	101	0.0	1	85 16
52	112	0.0	1	91 21
53	117	0.0	1	89 28
54	214	0.0	1	141 73
55	170	0.0	1	131 39
56	76	0.0	1	60 16
57	147	0.0	1	131 16
58	73	0.0	1	63 10
59	117	0.0	1	103 14
60	88	0.0	1	72 16
61	74	0.0	1	61 13
62	78	0.0	1	67 11
63	107	0.0	1	92 15
64	84	0.0	1	75 9
65	100	0.0	1	85 15
66	149	0.0	1	123 26
67	89	0.0	1	71 18
68	119	0.0	1	94 25
69	326	0.0	1	284 42
70	209	0.0	1	194 15
71	263	0.0	1	239 24
72	402	0.0	1	370 32
73	553	0.0	1	490 63
74	847	0.0	1	766 81
75	1749	0.0	1	1618 131
76	4208	0.0	1	4060 148
77	2883	0.0	1	2782 101
78	1355	0.0	1	1304 51
79	658	0.0	1	628 30
80	357	0.0	1	329 28
81	259	0.0	1	240 19
82	212	0.0	1	197 15
83	128	0.0	1	120 8
84	111	0.0	1	102 9
85	133	0.0	1	125 8
86	119	0.0	1	102 17
87	122	0.0	1	101 21
88	98	0.0	1	81 17
89	117	0.0	1	105 12
90	68	0.0	1	59 9
91	88	0.0	1	77 11
92	81	0.0	1	76 5
93	241	0.0	1	218 23
94	2211	0.0	1	2159 52
95	188	0.0	1	167 21
96	100	0.0	1	90 10
97	49	0.0	1	47 2
98	47	0.0	1	41 6
99	40	0.0	1	34 6
100	24	0.0	1	17 7
101	27	0.0	1	24 3
102	25	0.0	1	23 2
103	36	0.0	1	34 2
104	31	0.0	1	25 6
105	20	0.0	1	19 1
106	45	0.0	1	39 6
107	58	0.0	1	51 7
108	52	0.0	1	47 5
109	59	0.0	1	44 15
110	41	0.0	1	37 4
111	240	0.0	1	225 15
112	75	0.0	1	67 8
113	57	0.0	1	51 6
114	61	0.0	1	55 6
115	48	0.0	1	39 9
116	57	0.0	1	50 7
117	27	0.0	1	22 5
118	15	0.0	1	13 2
119	21	0.0	1	17 4
120	25	0.0	1	19 6
121	13	0.0	1	12 1
122	13	0.0	1	13
123	14	0.0	1	13 1
124	12	0.0	1	9 3
125	29	0.0	1	24 5
126	21	0.0	1	18 3
127	61	0.0	1	56 5
128	21	0.0	1	15 6
129	42	0.0	1	34 8
130	15	0.0	1	13 2
131	17	0.0	1	16 1
132	21	0.0	1	18 3
133	24	0.0	1	19 5
134	49	0.0	1	46 3
135	10	0.0	1	9 1
136	32	0.0	1	25 7
137	16	0.0	1	15 1
138	10	0.0	1	5 5
139	9	0.0	1	8 1
140	10	0.0	1	10
141	10	0.0	1	9 1
142	8	0.0	1	6 2
143	12	0.0	1	11 1
144	16	0.0	1	13 3
145	15	0.0	1	10 5
146	14	0.0	1	11 3
147	45	0.0	1	40 5
148	41	0.0	1	39 2
149	20	0.0	1	17 3
150	16	0.0	1	13 3
151	13	0.0	1	9 4
152	8	0.0	1	7 1
153	8	0.0	1	8
154	36	0.0	1	31 5
155	12	0.0	1	9 3
156	44	0.0	1	38 6
157	12	0.0	1	10 2
158	14	0.0	1	11 3
159	9	0.0	1	9
160	12	0.0	1	10 2
161	10	0.0	1	5 5
162	9	0.0	1	7 2
163	9	0.0	1	7 2
164	6	0.0	1	4 2
165	10	0.0	1	7 3
166	12	0.0	1	8 4
167	17	0.0	1	14 3
168	20	0.0	1	16 4
169	9	0.0	1	7 2
170	17	0.0	1	13 4
171	7	0.0	1	6 1
172	14	0.0	1	11 3
173	7	0.0	1	6 1
174	19	0.0	1	18 1
175	15	0.0	1	13 2
176	12	0.0	1	11 1
177	6	0.0	1	4 2
178	7	0.0	1	5 2
179	5	0.0	1	3 2
180	9	0.0	1	8 1
181	8	0.0	1	6 2
182	10	0.0	1	6 4
183	6	0.0	1	4 2
184	11	0.0	1	9 2
185	9	0.0	1	7 2
186	7	0.0	1	2 5
187	8	0.0	1	7 1
188	14	0.0	1	13 1
189	27	0.0	1	25 2
190	34	0.0	1	32 2
191	19	0.0	1	16 3
192	14	0.0	1	13 1
193	25	0.0	1	23 2
194	8	0.0	1	8
195	16	0.0	1	15 1
196	9	0.0	1	7 2
197	22	0.0	1	22
198	20	0.0	1	17 3
199	16	0.0	1	14 2
200	14	0.0	1	13 1
201	15	0.0	1	15
202	11	0.0	1	11
203	27	0.0	1	24 3
204	18	0.0	1	17 1
205	27	0.0	1	27
206	23	0.0	1	22 1
207	20	0.0	1	19 1
208	39	0.0	1	38 1
209	42	0.0	1	40 2
210	36	0.0	1	33 3
211	28	0.0	1	27 1
212	14	0.0	1	14
213	9	0.0	1	9
214	18	0.0	1	18
215	19	0.0	1	18 1
216	8	0.0	1	8
217	13	0.0	1	13
218	1	0.0	1	1
219	1	0.0	1	0 1
221	1	0.0	1	1
222	1	0.0	1	0 1
224	1	0.0	1	1
226	4	0.0	1	2 2
227	1	0.0	1	1
229	1	0.0	1	1
233	1	0.0	1	1
236	1	0.0	1	1
238	1	0.0	1	0 1
241	1	0.0	1	1
243	1	0.0	1	1
245	1	0.0	1	0 1
246	3	0.0	1	0 3
247	2	0.0	1	0 2
248	1	0.0	1	0 1
249	2	0.0	1	0 2
250	9	0.0	1	0 9
251	149	0.0	1	0 149

RUN STATISTICS FOR INPUT FILE: SC2204/host_removal/SC2204_R1.fastq.gz
=============================================
697302 sequences processed in total

