quality	AA	AC	AG	AT	A.	CA	CC	CG	CT	C.	GA	GC	GG	GT	G.	TA	TC	TG	TT	T.	.A	.C	.G	.T	..
0	NA	NA	NA	NA	NA	NA	NA	NA	NA	NA	NA	NA	NA	NA	NA	NA	NA	NA	NA	NA	NA	NA	NA	NA	NA
1	NA	NA	NA	NA	NA	NA	NA	NA	NA	NA	NA	NA	NA	NA	NA	NA	NA	NA	NA	NA	NA	NA	NA	NA	NA
2	NA	NA	NA	NA	NA	NA	NA	NA	NA	NA	NA	NA	NA	NA	NA	NA	NA	NA	NA	NA	NA	NA	NA	NA	NA
3	NA	NA	NA	NA	NA	NA	NA	NA	NA	NA	NA	NA	NA	NA	NA	NA	NA	NA	NA	NA	NA	NA	NA	NA	NA
4	NA	NA	NA	NA	NA	NA	NA	NA	NA	NA	NA	NA	NA	NA	NA	NA	NA	NA	NA	NA	NA	NA	NA	NA	NA
5	NA	NA	NA	NA	NA	NA	NA	NA	NA	NA	NA	NA	NA	NA	NA	NA	NA	NA	NA	NA	NA	NA	NA	NA	NA
6	NA	NA	NA	NA	NA	NA	NA	NA	NA	NA	NA	NA	NA	NA	NA	NA	NA	NA	NA	NA	NA	NA	NA	NA	NA
7	NA	NA	NA	NA	NA	NA	NA	NA	NA	NA	NA	NA	NA	NA	NA	NA	NA	NA	NA	NA	NA	NA	NA	NA	NA
8	NA	NA	NA	NA	NA	NA	NA	NA	NA	NA	NA	NA	NA	NA	NA	NA	NA	NA	NA	NA	NA	NA	NA	NA	NA
9	NA	NA	NA	NA	NA	NA	NA	NA	NA	NA	NA	NA	NA	NA	NA	NA	NA	NA	NA	NA	NA	NA	NA	NA	NA
10	0.978947	NA	0.0210526	NA	NA	0.0909091	0.863636	NA	0.0454545	NA	0.010989	NA	0.978022	0.010989	NA	NA	NA	NA	1	NA	NA	NA	NA	NA	1
11	0.973447	0.00949704	0.00329489	0.0118229	0.00193817	0.0607176	0.919158	0.00431233	0.0156969	0.000114995	0.0163762	0.00380974	0.933244	0.046513	5.68618e-05	0.0171543	0.00638298	0.0134309	0.962766	0.000265957	6.19863e-05	0.00013637	NA	0.000458699	0.999343
12	0.97428	0.0143718	0.00437308	0.00684577	0.000129573	0.0454016	0.936038	0.0038097	0.0145934	0.000157426	0.0127811	0.00429889	0.950933	0.0318372	0.00015023	0.0106607	0.00484453	0.0186147	0.965686	0.000194336	5.72355e-05	0.000155808	9.53925e-06	0.000146269	0.999631
13	0.96862	0.0172437	0.00556539	0.00843714	0.000134132	0.0378352	0.947244	0.00444438	0.0103222	0.000154587	0.00831902	0.00359646	0.967037	0.0209348	0.000112609	0.0121317	0.00721654	0.0203585	0.960123	0.000170573	5.62722e-05	2.27938e-05	9.61613e-05	4.48753e-05	0.99978
14	0.966313	0.0191325	0.00579627	0.00864663	0.000111467	0.0332325	0.951758	0.00414144	0.0107725	9.50689e-05	0.0146165	0.00651369	0.949436	0.0292926	0.000141012	0.0140847	0.0114004	0.0211485	0.953142	0.000224586	6.32436e-05	6.70382e-05	8.8541e-05	5.05949e-05	0.999731
15	0.967495	0.0147608	0.00699683	0.0106338	0.000113654	0.0310948	0.950121	0.00512127	0.0135569	0.00010629	0.0140144	0.00715658	0.948744	0.0298926	0.000192075	0.015195	0.00886233	0.0198044	0.955926	0.000212221	8.19459e-05	7.77435e-05	0.000121868	8.61482e-05	0.999632
16	0.966056	0.0147473	0.00779541	0.0113079	9.32094e-05	0.0245082	0.957938	0.00407185	0.0133786	0.000103542	0.0125564	0.00620572	0.953813	0.0272575	0.000167058	0.0196009	0.0129482	0.0261511	0.941096	0.000203432	8.30626e-05	8.05757e-05	5.52093e-05	7.60993e-05	0.999705
17	NA	NA	NA	NA	NA	NA	NA	NA	NA	NA	NA	NA	NA	NA	NA	NA	NA	NA	NA	NA	NA	NA	NA	NA	NA
18	1	NA	NA	NA	NA	NA	1	NA	NA	NA	NA	NA	1	NA	NA	NA	NA	NA	1	NA	NA	NA	NA	NA	1
19	1	NA	NA	NA	NA	0.0208333	0.979167	NA	NA	NA	0.0138889	NA	0.986111	NA	NA	NA	NA	NA	1	NA	NA	NA	NA	NA	1
20	0.995822	0.00176764	0.000160694	0.000642777	0.00160694	0.00750047	0.991374	0.000562535	0.000562535	NA	0.00144847	0.000222841	0.994875	0.00345404	NA	0.00158586	0.000226552	0.00181242	0.996375	NA	NA	4.01107e-05	4.01107e-05	0.000320886	0.999599
21	0.996691	0.00219257	0.000564957	0.000484248	6.72567e-05	0.00460979	0.993592	0.00051645	0.00122418	5.73833e-05	0.000817327	0.000222907	0.996805	0.0021362	1.85756e-05	0.000662145	0.000391268	0.00201653	0.99688	5.01625e-05	1.42876e-05	3.57189e-06	3.2147e-05	0.000107157	0.999843
22	0.995913	0.00257094	0.000613956	0.000460467	0.000441281	0.00467176	0.993781	0.000455042	0.00106176	3.03361e-05	0.00155284	0.00036048	0.994926	0.00316113	NA	0.000657711	0.000896879	0.0029298	0.995456	5.97919e-05	6.42467e-05	3.50437e-05	8.17685e-05	0.000181059	0.999638
23	0.997099	0.00150209	0.00102557	0.000331496	4.1437e-05	0.00314968	0.995101	0.000410828	0.00132378	1.52158e-05	0.00102092	0.000275487	0.996872	0.00179877	3.24102e-05	0.000439138	0.000673849	0.00112056	0.997706	6.05707e-05	1.96738e-05	3.93475e-05	3.93475e-05	3.37264e-05	0.999868
24	0.997397	0.00104135	0.000980092	0.00058193	NA	0.00319167	0.994513	0.000727924	0.00156784	NA	0.00092564	0.000308547	0.996606	0.00215983	NA	0.000299498	0.000368613	0.0010828	0.998249	NA	NA	8.82566e-06	0.000105908	0.000114734	0.999771
25	0.996549	0.00135125	0.00159255	0.000410202	9.65181e-05	0.00304643	0.994923	0.000324952	0.00166538	4.0619e-05	0.00131411	0.000199108	0.996575	0.00191144	NA	0.000345974	0.00151844	0.00121091	0.996848	7.68832e-05	5.58866e-05	7.68441e-05	6.28724e-05	4.1915e-05	0.999762
26	0.994738	0.00147036	0.00355982	0.000154775	7.73874e-05	0.00338895	0.995699	0.000260688	0.000651721	NA	0.000671141	0.000268456	0.996644	0.00228188	0.000134228	0.000335852	0.00167926	0.00100756	0.996977	NA	2.17969e-05	NA	4.35939e-05	NA	0.999935
27	0.995595	0.0018923	0.00176953	0.000642054	0.0001016	0.00257995	0.99545	0.000406166	0.00154298	2.04218e-05	0.0015899	0.000580124	0.994525	0.00327879	2.57393e-05	0.00116973	0.00181097	0.00371589	0.993154	0.000149152	6.68049e-05	6.3161e-05	5.78976e-05	7.73318e-05	0.999735
28	0.998418	0.000447601	0.000596801	0.00011936	0.000417761	0.000452825	0.998642	9.7034e-05	0.000808617	NA	0.00149638	0.000386704	0.996637	0.00146275	1.68132e-05	0.000639609	0.000872194	0.000639609	0.997849	NA	2.12653e-05	6.37959e-05	NA	0.000304802	0.99961
29	0.994838	NA	0.000333056	NA	0.00482931	0.000488878	0.999267	NA	0.000244439	NA	0.000485791	NA	0.999352	0.00016193	NA	NA	NA	NA	1	NA	NA	NA	NA	0.0014962	0.998504
30	0.997701	0.000803575	0.00110063	0.000350374	4.44315e-05	0.000430941	0.998142	0.000216454	0.00120624	3.93554e-06	0.000859793	0.000234489	0.99788	0.00100277	2.2877e-05	0.000409668	0.00129789	0.000580061	0.997658	5.43807e-05	5.41106e-05	6.72155e-05	6.46791e-05	3.84693e-05	0.999776
31	0.998168	0.000433982	0.00114885	0.000204936	4.46037e-05	0.00053669	0.998354	0.00016499	0.000936837	7.58573e-06	0.000663932	0.000159272	0.998538	0.000617403	2.14749e-05	0.000251752	0.00109268	0.000570725	0.997998	8.69927e-05	3.92436e-05	3.61956e-05	4.57207e-05	4.34347e-05	0.999835
32	0.999049	0.000299745	0.00054736	9.12266e-05	1.30324e-05	0.000342965	0.999095	0.000133375	0.000428706	NA	0.000300735	7.29056e-05	0.999353	0.000255169	1.82264e-05	9.35525e-05	0.000426833	0.000140329	0.999328	1.16941e-05	NA	NA	3.85933e-05	3.85933e-06	0.999958
33	0.999217	0.000212136	0.000484883	8.08138e-05	5.05086e-06	0.00054122	0.998956	0.000114342	0.000388764	NA	0.000222341	4.1689e-05	0.999583	0.00015286	NA	8.94815e-05	0.000374195	0.00026031	0.999264	1.2202e-05	1.33758e-05	2.97241e-06	3.71551e-05	1.63482e-05	0.99993
34	0.997489	0.000933842	0.00133299	0.000156313	8.76739e-05	0.000207187	0.998795	0.000165933	0.000824166	7.33407e-06	0.000703278	0.000129595	0.998755	0.000387133	2.47633e-05	0.00017911	0.00121489	0.000529681	0.997991	8.54118e-05	4.54186e-05	5.65051e-05	5.29288e-05	4.41669e-05	0.999801
35	0.997733	0.00107566	0.00104748	6.00117e-05	8.36526e-05	0.000251982	0.99937	6.35955e-05	0.000310778	3.59975e-06	0.000413225	6.39122e-05	0.999347	0.00016529	1.10193e-05	6.96352e-05	0.000704742	0.000514294	0.998641	7.04742e-05	2.37831e-05	4.01853e-05	1.58554e-05	4.67462e-05	0.999873
36	0.998311	0.000426733	0.00110512	0.000107615	4.92544e-05	0.00010428	0.9989	0.000147567	0.000842114	5.90267e-06	0.000498962	0.00010364	0.999181	0.000190524	2.54446e-05	0.000117315	0.00103446	0.00023938	0.998515	9.40421e-05	4.0499e-05	4.96439e-05	5.39551e-05	4.72923e-05	0.999809
37	0.997837	0.000267381	0.00175181	9.05732e-05	5.36931e-05	9.16125e-05	0.998963	0.000164529	0.000777771	2.80446e-06	0.000457497	9.79672e-05	0.999297	0.000124599	2.28273e-05	9.04992e-05	0.00106542	0.00031469	0.998468	6.11898e-05	4.06279e-05	3.97815e-05	5.3832e-05	3.92736e-05	0.999826
38	0.997649	0.000459435	0.00174375	7.96121e-05	6.83892e-05	6.81079e-05	0.999052	0.000131786	0.000740328	7.75212e-06	0.000453673	0.000106977	0.999325	8.56938e-05	2.91247e-05	6.54089e-05	0.0010371	0.000227007	0.998592	7.87005e-05	4.46339e-05	4.76453e-05	4.64622e-05	4.53867e-05	0.999816
39	0.997868	0.000608463	0.00137873	7.09768e-05	7.40731e-05	4.50145e-05	0.998974	0.00012905	0.000843544	8.54383e-06	0.000469195	9.11586e-05	0.999345	6.33432e-05	3.12291e-05	6.35578e-05	0.000933297	0.000185544	0.998742	7.60464e-05	4.33223e-05	4.92582e-05	4.30351e-05	4.78939e-05	0.999816
40	0.99817	0.000692937	0.000987371	6.13081e-05	8.86821e-05	3.02299e-05	0.998827	0.00012172	0.00100781	1.28033e-05	0.000500684	9.95973e-05	0.999316	3.79609e-05	4.5553e-05	7.05412e-05	0.000674086	0.000182889	0.999027	4.54123e-05	4.20719e-05	5.15806e-05	3.17019e-05	5.64786e-05	0.999818
