quality	AA	AC	AG	AT	A.	CA	CC	CG	CT	C.	GA	GC	GG	GT	G.	TA	TC	TG	TT	T.	.A	.C	.G	.T	..
0	NA	NA	NA	NA	NA	NA	NA	NA	NA	NA	NA	NA	NA	NA	NA	NA	NA	NA	NA	NA	NA	NA	NA	NA	NA
1	NA	NA	NA	NA	NA	NA	NA	NA	NA	NA	NA	NA	NA	NA	NA	NA	NA	NA	NA	NA	NA	NA	NA	NA	NA
2	NA	NA	NA	NA	NA	NA	NA	NA	NA	NA	NA	NA	NA	NA	NA	NA	NA	NA	NA	NA	NA	NA	NA	NA	NA
3	NA	NA	NA	NA	NA	NA	NA	NA	NA	NA	NA	NA	NA	NA	NA	NA	NA	NA	NA	NA	NA	NA	NA	NA	NA
4	NA	NA	NA	NA	NA	NA	NA	NA	NA	NA	NA	NA	NA	NA	NA	NA	NA	NA	NA	NA	NA	NA	NA	NA	NA
5	NA	NA	NA	NA	NA	NA	NA	NA	NA	NA	NA	NA	NA	NA	NA	NA	NA	NA	NA	NA	NA	NA	NA	NA	NA
6	NA	NA	NA	NA	NA	NA	NA	NA	NA	NA	NA	NA	NA	NA	NA	NA	NA	NA	NA	NA	NA	NA	NA	NA	NA
7	NA	NA	NA	NA	NA	NA	NA	NA	NA	NA	NA	NA	NA	NA	NA	NA	NA	NA	NA	NA	NA	NA	NA	NA	NA
8	NA	NA	NA	NA	NA	NA	NA	NA	NA	NA	NA	NA	NA	NA	NA	NA	NA	NA	NA	NA	NA	NA	NA	NA	NA
9	NA	NA	NA	NA	NA	NA	NA	NA	NA	NA	NA	NA	NA	NA	NA	NA	NA	NA	NA	NA	NA	NA	NA	NA	NA
10	1	NA	NA	NA	NA	0.0625	0.9375	NA	NA	NA	NA	NA	1	NA	NA	NA	NA	NA	1	NA	NA	NA	NA	NA	1
11	0.9755	0.0137983	0.00342243	0.0069535	0.000325945	0.0593272	0.917966	0.0059633	0.0165138	0.000229358	0.0214856	0.00524954	0.923319	0.0496457	0.000299974	0.0200231	0.00827878	0.0211783	0.949942	0.00057759	7.89827e-05	NA	1.57965e-05	7.89827e-05	0.999826
12	0.97172	0.014793	0.00595365	0.00744206	9.11272e-05	0.0514096	0.93092	0.00501356	0.0124928	0.000164379	0.0103862	0.00355835	0.952192	0.0336795	0.000183826	0.0108846	0.00581868	0.0230713	0.960042	0.000183105	2.50518e-05	3.75777e-05	3.75777e-05	6.68047e-05	0.999833
13	0.967698	0.0173911	0.00575966	0.00899074	0.000160181	0.0368434	0.948254	0.00465188	0.0101505	0.00010004	0.00781887	0.00339951	0.967348	0.0213285	0.000105385	0.0121347	0.00719516	0.0218376	0.958686	0.000146397	4.05987e-05	1.88494e-05	2.31992e-05	3.84237e-05	0.999879
14	0.966472	0.0180445	0.00547155	0.00979685	0.000214922	0.0337	0.950932	0.0039647	0.0112643	0.000139229	0.0135461	0.00555846	0.950357	0.030325	0.000213085	0.0148518	0.00956809	0.0203808	0.954984	0.000215417	6.94793e-05	4.82101e-05	3.40307e-05	3.68666e-05	0.999811
15	0.965698	0.0166935	0.00615064	0.0113787	7.88544e-05	0.0287013	0.952778	0.00518354	0.0131802	0.000157375	0.0142071	0.00627317	0.951546	0.0278397	0.000133807	0.014653	0.00931243	0.0209697	0.954873	0.000191417	8.67222e-05	2.51038e-05	3.19503e-05	3.42324e-05	0.999822
16	0.965388	0.0147366	0.00732298	0.0124359	0.000116319	0.0255824	0.95643	0.00456097	0.0133381	8.89025e-05	0.0125305	0.00532296	0.955883	0.0262001	6.29936e-05	0.0196349	0.0121798	0.0288326	0.939169	0.000183542	5.43667e-05	3.24003e-05	2.74579e-05	4.22852e-05	0.999843
17	NA	NA	NA	NA	NA	NA	NA	NA	NA	NA	NA	NA	NA	NA	NA	NA	NA	NA	NA	NA	NA	NA	NA	NA	NA
18	1	NA	NA	NA	NA	NA	1	NA	NA	NA	NA	NA	1	NA	NA	NA	NA	NA	1	NA	NA	NA	NA	NA	1
19	0.987179	0.0128205	NA	NA	NA	NA	1	NA	NA	NA	NA	NA	1	NA	NA	NA	NA	NA	1	NA	NA	NA	NA	NA	1
20	0.996548	0.00218023	0.00109012	0.000181686	NA	0.00877674	0.988206	0.000274273	0.00274273	NA	0.000632591	0.000379555	0.996204	0.0027834	NA	0.00163043	0.000815217	0.00244565	0.995109	NA	NA	NA	NA	9.65717e-05	0.999903
21	0.99674	0.00183834	0.000933532	0.000445223	4.30861e-05	0.00464484	0.994131	0.000427558	0.000757944	3.88689e-05	0.00056243	0.000206224	0.996888	0.00232471	1.87477e-05	0.000807077	0.000440224	0.00218016	0.99652	5.24076e-05	7.41683e-06	1.85421e-05	1.48337e-05	1.85421e-05	0.999941
22	0.996491	0.00236084	0.000411523	0.000606454	0.000129955	0.00448663	0.993477	0.000379638	0.00162209	3.45125e-05	0.00118562	0.000260259	0.995662	0.00286284	2.89176e-05	0.00101829	0.000784929	0.00301243	0.995163	2.12143e-05	1.27539e-05	1.27539e-05	1.27539e-05	1.27539e-05	0.999949
23	0.997303	0.00148674	0.000806758	0.000357279	4.61005e-05	0.00274739	0.995871	0.000243851	0.00113797	NA	0.000597208	0.000258252	0.997192	0.00190461	4.84222e-05	0.000443235	0.000275112	0.00125329	0.997983	4.58519e-05	2.05386e-05	1.76045e-05	2.05386e-05	1.76045e-05	0.999924
24	0.998183	0.000773864	0.000571986	0.000336462	0.000134585	0.00372684	0.994958	0.000383646	0.000931711	NA	0.000592449	0.000377013	0.997199	0.00183121	NA	0.000313699	0.000265438	0.00101349	0.998383	2.41307e-05	NA	9.26544e-06	1.85309e-05	1.85309e-05	0.999954
25	0.997828	0.00127627	0.000434476	0.000353011	0.000108619	0.00286469	0.995837	0.000179043	0.00111902	NA	0.00110179	0.000127129	0.996737	0.00203407	NA	0.000519999	0.000353599	0.000956798	0.998024	0.0001456	2.29379e-05	7.64596e-06	1.52919e-05	2.29379e-05	0.999931
26	0.998366	0.000898693	0.000490196	0.000245098	NA	0.00189921	0.997214	0.000126614	0.000633072	0.000126614	0.000689941	0.000551953	0.996412	0.00220781	0.000137988	0.000276197	0.000165718	0.00099431	0.998564	NA	6.60051e-05	2.20017e-05	2.20017e-05	8.80069e-05	0.999802
27	0.99678	0.00139978	0.000930096	0.0008204	6.95255e-05	0.00265503	0.995472	0.000426521	0.00142342	2.27141e-05	0.00182002	0.000603109	0.994694	0.00285728	2.56642e-05	0.000970488	0.000851082	0.00408138	0.994001	9.65407e-05	3.83704e-05	1.01439e-05	1.01439e-05	2.91086e-05	0.999912
28	0.998697	0.000422461	0.000563281	0.000281641	3.52051e-05	0.000657916	0.998158	0.000230271	0.000953979	NA	0.00186877	0.000224253	0.996487	0.00142027	NA	0.000289666	0.000506916	0.000724165	0.998407	7.24165e-05	1.58675e-05	7.93374e-06	NA	2.38012e-05	0.999952
29	0.999653	0.000173611	0.000173611	NA	NA	0.000311429	0.998754	0.000311429	0.000622859	NA	0.000566444	NA	0.999207	0.000226578	NA	0.000510725	NA	0.00102145	0.998468	NA	NA	NA	NA	NA	1
30	0.998383	0.000472593	0.000727934	0.000373842	4.23218e-05	0.000432403	0.998362	0.000150686	0.00104607	8.73542e-06	0.000942322	0.000190513	0.998064	0.000792779	1.02426e-05	0.000437067	0.000639916	0.000535354	0.998346	4.18246e-05	1.50355e-05	8.45749e-06	5.63833e-06	1.64451e-05	0.999954
31	0.998786	0.000380121	0.000569511	0.00021088	5.37274e-05	0.000499368	0.998706	7.22226e-05	0.000711908	1.03175e-05	0.000771136	0.000141796	0.998512	0.000565241	9.71204e-06	0.000252559	0.000424358	0.000578537	0.998699	4.55194e-05	1.80563e-05	3.35932e-06	4.61906e-06	1.80563e-05	0.999956
32	0.999175	0.000211274	0.000524777	6.13376e-05	2.72611e-05	0.000231735	0.999403	4.45645e-05	0.000311951	8.91289e-06	0.000170353	4.73203e-05	0.999527	0.000246065	9.46405e-06	4.04493e-05	0.000127126	0.000196468	0.999613	2.31139e-05	5.76583e-06	3.84388e-06	1.92194e-06	7.68777e-06	0.999981
33	0.999226	0.000272721	0.000406298	6.67887e-05	2.78286e-05	0.000484458	0.999172	4.68831e-05	0.000296926	NA	0.000294046	6.61604e-05	0.999485	0.000154374	NA	4.47916e-05	0.000126231	0.000268749	0.99954	2.03598e-05	9.27605e-06	3.09202e-06	1.54601e-06	1.54601e-05	0.999971
34	0.9988	0.000346545	0.000583318	0.000206778	6.31822e-05	0.000220253	0.999023	6.83892e-05	0.000676852	1.1063e-05	0.000876168	7.49472e-05	0.998704	0.000333693	1.1599e-05	0.000194488	0.000481962	0.000506805	0.998753	6.3883e-05	2.02717e-05	6.29801e-06	8.06932e-06	1.73195e-05	0.999948
35	0.999301	0.000295713	0.00024882	0.000106227	4.785e-05	0.000293553	0.999469	2.39093e-05	0.000211199	2.65659e-06	0.000485966	5.01394e-05	0.999289	0.000170988	3.85687e-06	8.25155e-05	0.000260103	0.000547114	0.99905	6.00928e-05	1.17008e-05	6.00039e-06	3.90026e-06	8.40055e-06	0.99997
36	0.999041	0.000200695	0.000552254	0.000155436	5.0288e-05	8.47724e-05	0.99932	3.66389e-05	0.000554613	3.59205e-06	0.000764957	5.50715e-05	0.998998	0.000168573	1.34321e-05	0.000138195	0.00044053	0.000165728	0.999194	6.142e-05	1.76845e-05	5.03219e-06	5.31974e-06	1.52403e-05	0.999957
37	0.999044	0.000171107	0.000578081	0.000160413	4.63415e-05	0.000105593	0.99937	2.97301e-05	0.000484909	1.02518e-05	0.000603161	4.51345e-05	0.999229	0.000108733	1.4361e-05	0.000117335	0.000428529	0.000232403	0.999166	5.555e-05	1.7234e-05	7.78309e-06	5.18872e-06	1.76046e-05	0.999952
38	0.999097	0.000176412	0.000545029	0.00012865	5.31548e-05	7.43202e-05	0.99943	3.22867e-05	0.000455668	7.31019e-06	0.000720016	4.18896e-05	0.999145	8.37793e-05	9.71354e-06	0.000102354	0.000477264	0.000129493	0.999232	5.8931e-05	1.89077e-05	7.0904e-06	6.02684e-06	1.73715e-05	0.999951
39	0.99906	0.000206496	0.000565934	0.000113187	5.46838e-05	4.17418e-05	0.999438	2.46529e-05	0.000485354	9.80512e-06	0.000701441	3.44114e-05	0.999208	4.91394e-05	7.15756e-06	9.98114e-05	0.00048892	7.40615e-05	0.999275	6.20449e-05	1.91094e-05	6.3436e-06	6.05525e-06	1.67764e-05	0.999952
40	0.999083	0.000185366	0.000587687	8.5909e-05	5.81715e-05	2.86629e-05	0.999438	1.92051e-05	0.000499237	1.50553e-05	0.000716505	2.58042e-05	0.999217	2.6679e-05	1.37768e-05	9.07744e-05	0.000525585	5.4266e-05	0.99928	4.89884e-05	2.27078e-05	7.69955e-06	6.17528e-06	1.90925e-05	0.999944
