quality	AA	AC	AG	AT	A.	CA	CC	CG	CT	C.	GA	GC	GG	GT	G.	TA	TC	TG	TT	T.	.A	.C	.G	.T	..
0	NA	NA	NA	NA	NA	NA	NA	NA	NA	NA	NA	NA	NA	NA	NA	NA	NA	NA	NA	NA	NA	NA	NA	NA	NA
1	NA	NA	NA	NA	NA	NA	NA	NA	NA	NA	NA	NA	NA	NA	NA	NA	NA	NA	NA	NA	NA	NA	NA	NA	NA
2	NA	NA	NA	NA	NA	NA	NA	NA	NA	NA	NA	NA	NA	NA	NA	NA	NA	NA	NA	NA	NA	NA	NA	NA	NA
3	NA	NA	NA	NA	NA	NA	NA	NA	NA	NA	NA	NA	NA	NA	NA	NA	NA	NA	NA	NA	NA	NA	NA	NA	NA
4	NA	NA	NA	NA	NA	NA	NA	NA	NA	NA	NA	NA	NA	NA	NA	NA	NA	NA	NA	NA	NA	NA	NA	NA	NA
5	NA	NA	NA	NA	NA	NA	NA	NA	NA	NA	NA	NA	NA	NA	NA	NA	NA	NA	NA	NA	NA	NA	NA	NA	NA
6	NA	NA	NA	NA	NA	NA	NA	NA	NA	NA	NA	NA	NA	NA	NA	NA	NA	NA	NA	NA	NA	NA	NA	NA	NA
7	NA	NA	NA	NA	NA	NA	NA	NA	NA	NA	NA	NA	NA	NA	NA	NA	NA	NA	NA	NA	NA	NA	NA	NA	NA
8	NA	NA	NA	NA	NA	NA	NA	NA	NA	NA	NA	NA	NA	NA	NA	NA	NA	NA	NA	NA	NA	NA	NA	NA	NA
9	NA	NA	NA	NA	NA	NA	NA	NA	NA	NA	NA	NA	NA	NA	NA	NA	NA	NA	NA	NA	NA	NA	NA	NA	NA
10	NA	NA	NA	NA	NA	NA	NA	NA	NA	NA	NA	NA	NA	NA	NA	NA	NA	NA	NA	NA	NA	NA	NA	NA	NA
11	0.976756	0.0100334	0.00468227	0.00785953	0.000668896	0.0450971	0.932007	0.00809436	0.0148011	NA	0.0206621	0.0065541	0.937014	0.0357698	NA	0.0323625	0.0110032	0.015534	0.940453	0.000647249	NA	NA	4.80077e-05	NA	0.999952
12	0.971873	0.0132259	0.00652568	0.00820073	0.000174484	0.0359597	0.944297	0.00540541	0.014109	0.000229043	0.0132729	0.00580859	0.948944	0.0318658	0.000108572	0.0159751	0.00723705	0.0241235	0.952343	0.000321647	6.61344e-05	9.44778e-06	1.88956e-05	2.83433e-05	0.999877
13	0.964827	0.0164653	0.00710555	0.0114383	0.000163575	0.0293052	0.954457	0.00490028	0.0112411	9.64384e-05	0.00897266	0.00429597	0.964376	0.0222924	6.25075e-05	0.0149885	0.0094201	0.0229963	0.952448	0.000147412	4.7358e-05	3.36491e-05	2.49253e-05	3.86341e-05	0.999855
14	0.961714	0.0172733	0.00728779	0.0135953	0.000129189	0.029164	0.952109	0.00496551	0.0135709	0.000190981	0.0176147	0.00749251	0.941949	0.032725	0.00021914	0.018961	0.0135092	0.0211725	0.94604	0.000317299	8.56684e-05	4.75936e-05	4.75936e-05	5.23529e-05	0.999767
15	0.97715	0.00893711	0.00500985	0.00871829	0.00018427	0.0125965	0.976603	0.0027264	0.00790395	0.0001704	0.0150372	0.00534216	0.952857	0.0266712	9.23337e-05	0.024214	0.016273	0.0239249	0.935316	0.000272067	6.40444e-05	2.84642e-05	2.13481e-05	6.76024e-05	0.999819
16	0.965699	0.0111625	0.00906312	0.0139357	0.000139685	0.0178862	0.962075	0.00459357	0.0152651	0.000180533	0.0173983	0.00801631	0.950111	0.024303	0.000171506	0.0179309	0.0127285	0.0181602	0.950961	0.000219105	0.000104542	4.691e-05	6.03128e-05	7.90768e-05	0.999709
17	NA	NA	NA	NA	NA	NA	NA	NA	NA	NA	NA	NA	NA	NA	NA	NA	NA	NA	NA	NA	NA	NA	NA	NA	NA
18	NA	NA	NA	NA	NA	NA	NA	NA	NA	NA	NA	NA	NA	NA	NA	NA	NA	NA	NA	NA	NA	NA	NA	NA	NA
19	NA	NA	NA	NA	NA	NA	NA	NA	NA	NA	NA	NA	NA	NA	NA	NA	NA	NA	NA	NA	NA	NA	NA	NA	NA
20	0.996796	0.001373	0.000915332	0.000457666	0.000457666	0.00276243	0.995856	NA	0.00138122	NA	0.000851064	0.000283688	0.996312	0.00255319	NA	0.00130124	0.00130124	0.00130124	0.996096	NA	NA	NA	NA	NA	1
21	0.996675	0.00164587	0.000987524	0.00065835	3.29175e-05	0.00225695	0.996551	0.000298088	0.000894264	NA	0.00115473	0.000494886	0.996206	0.00214451	NA	0.000793813	0.00061237	0.00251752	0.996031	4.53607e-05	1.63797e-05	1.63797e-05	8.18987e-06	8.18987e-06	0.999951
22	0.996168	0.001721	0.00107157	0.000941681	9.74152e-05	0.00392729	0.993656	0.000503499	0.00186295	5.03499e-05	0.00156169	0.000607323	0.995098	0.00268957	4.33802e-05	0.00191654	0.000772798	0.00278207	0.994498	3.09119e-05	NA	9.43361e-06	NA	4.7168e-05	0.999943
23	0.996817	0.00136109	0.00090041	0.000837591	8.37591e-05	0.00244864	0.99573	0.000537506	0.00122432	5.97229e-05	0.00114482	0.000629651	0.996165	0.00200343	5.7241e-05	0.000928389	0.000568119	0.00177364	0.996688	4.15697e-05	2.12583e-05	2.65728e-05	5.31457e-06	3.18874e-05	0.999915
24	0.997338	0.00117749	0.000614345	0.000767931	0.000102391	0.00166223	0.995928	0.00124668	0.00108045	8.31117e-05	0.00101961	0.00054902	0.996078	0.00235294	NA	0.000671615	0.000247437	0.00137858	0.997667	3.53482e-05	2.75619e-05	1.37809e-05	NA	NA	0.999959
25	0.997147	0.00100041	0.000852199	0.000926303	7.41043e-05	0.00252971	0.995352	0.000529474	0.00152959	5.88305e-05	0.0015766	0.000761118	0.994835	0.00282701	NA	0.00125353	0.000533419	0.00157359	0.996506	0.000133355	3.00553e-05	2.00369e-05	1.00184e-05	3.00553e-05	0.99991
26	0.99716	0.00122405	0.000832354	0.000783392	NA	0.00174274	0.996598	0.000497925	0.00107884	8.29876e-05	0.00184534	0.00105448	0.99464	0.00246046	NA	0.000459167	0.000163988	0.000951132	0.99836	6.55953e-05	5.38409e-05	4.03807e-05	4.03807e-05	6.73011e-05	0.999798
27	0.996468	0.000972673	0.00117555	0.0013145	6.94767e-05	0.00125721	0.996754	0.000466109	0.00151378	8.55245e-06	0.00255442	0.00115373	0.991493	0.00478448	1.47442e-05	0.00116716	0.00107293	0.00334942	0.994286	0.000124211	3.41939e-05	2.62419e-05	1.74946e-05	4.05556e-05	0.999882
28	0.998343	0.000710059	0.000236686	0.000591716	0.000118343	0.000629759	0.998053	0.000114502	0.00120227	NA	0.00277096	0.000629763	0.995466	0.00113357	NA	0.0010636	0.000531802	0.000744522	0.99766	NA	3.97614e-05	NA	2.65076e-05	2.65076e-05	0.999907
29	0.99813	NA	NA	NA	0.00187032	NA	0.99896	NA	0.0010395	NA	0.00127065	NA	0.998729	NA	NA	NA	NA	NA	1	NA	NA	NA	NA	NA	1
30	0.99767	0.000495248	0.000988056	0.000773367	7.31893e-05	0.000348386	0.99808	0.000214961	0.00135277	3.70623e-06	0.00143528	0.000400935	0.997338	0.000818717	6.73841e-06	0.000732906	0.000907762	0.000643618	0.997664	5.20847e-05	2.89635e-05	8.84996e-06	6.43633e-06	3.05726e-05	0.999925
31	0.998588	0.000237137	0.000757579	0.000375642	4.19711e-05	0.000202014	0.998943	6.6286e-05	0.000782806	6.31295e-06	0.00100729	0.0002195	0.998109	0.000661507	3.00685e-06	0.000321955	0.000574233	0.000579039	0.998465	6.00663e-05	2.10954e-05	1.18662e-05	5.27386e-06	2.50508e-05	0.999937
32	0.999128	0.000199576	0.000588223	7.35279e-05	1.0504e-05	0.000124657	0.999515	5.54032e-05	0.000304718	NA	0.000311959	7.08999e-05	0.999461	0.00015598	NA	5.52146e-05	0.000110429	0.000239263	0.999586	9.20243e-06	5.87563e-06	2.93782e-06	2.93782e-06	1.46891e-05	0.999974
33	0.999256	0.000112699	0.000578521	4.50796e-05	7.51326e-06	0.00010716	0.999582	2.14321e-05	0.000289333	NA	0.000235035	4.27337e-05	0.999316	0.00040597	NA	9.30039e-05	0.000114887	0.000459549	0.9993	3.28249e-05	6.30915e-06	2.10305e-06	2.10305e-06	2.10305e-05	0.999968
34	0.998724	0.000302728	0.000643554	0.000284194	4.53062e-05	0.000131086	0.999131	5.82603e-05	0.000665139	1.45651e-05	0.000993433	0.00014414	0.998498	0.00035611	8.4788e-06	0.000243694	0.000516722	0.000312515	0.998845	8.23596e-05	2.51711e-05	7.86596e-06	7.23668e-06	2.80028e-05	0.999932
35	0.99951	0.000185063	0.000196166	9.00639e-05	1.85063e-05	3.50271e-05	0.999733	2.16834e-05	0.000206827	3.33591e-06	0.000426639	5.94497e-05	0.999308	0.000204577	1.74852e-06	5.01549e-05	0.000282691	0.000422897	0.999199	4.55953e-05	1.08448e-05	4.8199e-06	5.62322e-06	1.08448e-05	0.999968
36	0.998997	0.000160238	0.000605633	0.000182475	5.49386e-05	5.36106e-05	0.99931	5.46416e-05	0.000575283	6.18584e-06	0.000744315	8.1556e-05	0.999011	0.00015655	6.56198e-06	0.000171232	0.000451012	0.00012613	0.999185	6.65051e-05	2.66813e-05	7.79915e-06	6.77295e-06	2.56551e-05	0.999933
37	0.999068	0.00011625	0.000605679	0.000162581	4.71739e-05	4.53544e-05	0.999405	4.68174e-05	0.000491583	1.17044e-05	0.000512557	7.79664e-05	0.999295	0.00010973	4.33147e-06	0.000122325	0.000465314	0.00014631	0.999193	7.27553e-05	1.91461e-05	1.07533e-05	4.98323e-06	2.0982e-05	0.999944
38	0.999107	0.000156296	0.000548763	0.000138054	5.02909e-05	3.06633e-05	0.999457	3.53807e-05	0.000470956	5.50366e-06	0.000626191	5.71342e-05	0.999223	8.76058e-05	6.09432e-06	0.00012305	0.000458047	0.000122548	0.999233	6.3785e-05	1.95394e-05	9.69396e-06	4.99845e-06	2.10541e-05	0.999945
39	0.999106	0.000163606	0.000564234	0.000110222	5.56537e-05	3.37099e-05	0.999467	3.15929e-05	0.0004594	8.63104e-06	0.000605558	3.61943e-05	0.999304	4.45468e-05	9.28059e-06	9.93326e-05	0.000485087	9.13972e-05	0.999259	6.47903e-05	2.24866e-05	9.18002e-06	6.3991e-06	2.0513e-05	0.999941
40	0.999149	0.000163312	0.000553371	7.56915e-05	5.87568e-05	2.78502e-05	0.999403	3.34628e-05	0.000527874	8.31242e-06	0.000727149	3.45556e-05	0.999197	2.89393e-05	1.24026e-05	9.86681e-05	0.000507833	8.19533e-05	0.99926	5.19038e-05	2.74875e-05	1.09664e-05	6.61418e-06	2.2262e-05	0.999933
