ks_quality_p_value	fisher_strand_p_value	bias_p_value	bias_e_value
0.146979	1	0.428805	12822.6
0.876821	1	0.992081	29666.2
0.695232	0.450338	0.676669	20234.4
0.847706	1	0.987765	29537.1
0.178367	1	0.485856	14528.5
0.971235	1	0.999582	29890.5
0.8987	1	0.994687	29744.1
0.871743	0.920616	0.979078	29277.4
0.726371	0.922834	0.938448	28062.4
0.999879	0.920633	0.996754	29805.9
0.990711	0.919041	0.99587	29779.5
0.795939	1	0.977598	29233.1
0.0706329	1	0.257828	7709.85
0.779624	1	0.973706	29116.7
0.494269	1	0.842568	25195.3
0.786471	1	0.975381	29166.8
0.966609	1	0.999436	29886.1
0.999729	0.482216	0.833831	24934
0.841981	0.683728	0.893576	26720.6
0.721702	0.658838	0.82897	24788.7
0.95728	0.576179	0.879744	26307
0.211693	1.85974e-05	5.29325e-05	1.58284
0.661881	0.0323652	0.103754	3102.55
0.343662	0.0539467	0.0924721	2765.19
1	0.222631	0.557076	16658.2
0.976929	0.467189	0.814402	24353.1
0.830116	2.63285e-06	3.06714e-05	0.917168
0.926768	0.0107266	0.0557801	1667.99
1	1.56643e-52	1.88419e-50	5.63431e-46
0.882882	1	0.992857	29689.4
0.231214	1	0.569806	17038.9
0.475333	1	0.828857	24785.3
0.834711	1	0.985518	29469.9
0.92848	1	0.997379	29824.6
1	0.839242	0.986324	29494.1
0.00138338	0.514313	0.00586848	175.485
8.5946e-06	1	0.000108845	3.2548
0.485339	1	0.836195	25004.7
0.853276	0.125732	0.346772	10369.5
0.192931	1	0.510384	15262
0.727644	0.605601	0.801774	23975.5
0.737484	0.605655	0.806649	24121.2
0.737484	0.605655	0.806649	24121.2
1	1	1	29903
0.755155	0.00229267	0.0127406	380.981
0.999898	3.67786e-55	4.64613e-53	1.38933e-48
0.987721	1	0.999924	29900.7
0.00432969	1	0.027893	834.083
0.999999	1	1	29903
0.284254	1	0.641814	19192.2
0.304953	0.151859	0.188592	5639.47
0.0702145	1	0.256718	7676.64
0.562819	1	0.886326	26503.8
0.960899	0.310969	0.659757	19728.7
0.946679	1	0.998552	29859.7
0.999999	1	1	29903
0.814674	1	0.981655	29354.4
0.0202147	1	0.099079	2962.76
0.250342	1	0.597047	17853.5
0.76569	1	0.970112	29009.3
0.737756	1	0.962139	28770.8
1	1.56649e-22	8.02166e-21	2.39872e-16
0.351079	2.09592e-05	9.43313e-05	2.82079
0.774973	1	0.972535	29081.7
0.999963	6.74636e-23	3.51138e-21	1.05001e-16
0.955124	1	0.998978	29872.4
0.546355	1	0.876619	26213.5
0.0224611	1	0.107723	3221.23
0.960549	1	0.999211	29879.4
0.900472	0.726472	0.931791	27863.3
0.330109	0.789883	0.611244	18278
0.565915	1	0.888097	26556.8
0.999992	0.802835	0.979141	29279.3
0.450932	8.04787e-06	4.90884e-05	1.46789
0.804545	1	0.979516	29290.5
0.768335	0.0285809	0.105814	3164.15
0.985686	4.86327e-09	9.66207e-08	0.00288925
0.985232	0.00177684	0.0128631	384.644
0.819557	0.112398	0.311788	9323.39
0.969494	0.000151352	0.00144195	43.1186
0.406913	5.91447e-07	3.9084e-06	0.116873
0.959829	1	0.999182	29878.5
0.862625	1	0.9901	29606.9
0.734405	1	0.961112	28740.1
0.999806	1	1	29903
0.881146	1	0.992639	29682.9
0.771991	1	0.971769	29058.8
0.756372	1	0.967568	28933.2
0.144583	1	0.424193	12684.6
0.739128	1	0.962555	28783.3
0.966421	1	0.99943	29885.9
0.920071	1	0.996717	29804.8
0.762765	1	0.969326	28985.7
0.7325	1	0.960521	28722.5
0.999979	5.14942e-13	1.50848e-11	4.5108e-07
0.63109	1	0.921585	27558.2
0.956358	4.17073e-09	8.11296e-08	0.00242602
0.147622	1.87272e-28	1.84556e-27	5.51879e-23
0.0309053	1.39375e-36	3.7491e-36	1.12109e-31
0.995834	1	0.999991	29902.7
0.95289	1	0.998872	29869.3
0.384339	1	0.751856	22482.7
0.785213	0.831692	0.931318	27849.2
0.999993	0.88286	0.992854	29689.3
0.934126	2.61948e-10	5.65998e-09	0.000169251
0.407925	1	0.7737	23135.9
0.710572	0.000144703	0.00104699	31.3081
0.9337	7.59657e-19	3.03506e-17	9.07574e-13
0.567117	6.49826e-20	1.68591e-18	5.04139e-14
1	1.1271e-16	4.2516e-15	1.27136e-10
0.98937	2.83529e-21	1.35553e-19	4.05344e-15
1	1.04171e-20	4.89714e-19	1.46439e-14
1	2.79749e-21	1.3519e-19	4.0426e-15
0.831709	1	0.98497	29453.6
0.0195249	1	0.0963761	2881.93
0.94381	0.0038988	0.0243043	726.771
0.999999	0.0276111	0.126722	3789.37
0.986633	1	0.99991	29900.3
0.746914	1	0.964867	28852.4
0.796677	1	0.977766	29238.2
0.914407	1	0.996228	29790.2
0.999917	2.51955e-29	1.6842e-27	5.03627e-23
0.994669	0.0943933	0.315999	9449.33
0.763347	0.0671916	0.203636	6089.33
0.593589	0.156237	0.313272	9367.78
0.249227	1	0.595501	17807.3
0.831808	0.75354	0.919596	27498.7
0.97362	1	0.999649	29892.5
0.826464	1	0.983987	29424.2
0.999997	1	1	29903
0.993774	1	0.999981	29902.4
0.970682	1	0.999566	29890
0.999988	0	0	0
0.889531	0.484151	0.79347	23727.1
0.967849	1	0.999478	29887.4
0.691398	0.387287	0.62059	18557.5
0.859719	0.285202	0.589864	17638.7
0.917748	0.00247604	0.0161042	481.563
0.980398	0.646051	0.922638	27589.7
0.392999	1	0.760039	22727.5
0.135082	1	0.405498	12125.6
0.999907	3.62337e-07	5.73554e-06	0.17151
0.48475	0.710313	0.711433	21274
0.882625	0.252913	0.557971	16685
0.999565	0.165481	0.463035	13846.1
0.476104	0.164559	0.277866	8309.02
0.895308	0.047069	0.175591	5250.71
0.115239	0.0198489	0.0161954	484.291
0.81501	1	0.981724	29356.5
0.981161	0.395636	0.755512	22592.1
0.603995	1	0.908523	27167.6
0.976952	1	0.999732	29895
0.964289	1	0.999355	29883.7
0.418632	0.814208	0.707715	21162.8
0.46311	1	0.819608	24508.7
0.637982	0.758935	0.83536	24979.8
1	1.09256e-05	0.000135744	4.05916
0.708796	0.0271866	0.0953702	2851.85
0.97092	0.814655	0.976447	29198.7
0.413033	0.248379	0.336185	10053
0.95094	0.801234	0.969098	28978.9
0.285316	0.674278	0.509481	15235
0.907201	0.468077	0.78835	23574
0.746363	0.323773	0.58486	17489.1
1	1.62326e-126	4.71786e-124	1.41078e-119
0.99641	0.134828	0.40402	12081.4
0.921696	0.0133105	0.0662577	1981.3
0.534819	1.32477e-08	1.4004e-07	0.00418761
0.448563	1	0.808178	24167
0.715305	1	0.954965	28556.3
0.34037	1	0.707194	21147.2
0.999997	1	1	29903
0.495079	1	0.843139	25212.4
0.982312	4.51619e-08	7.95467e-07	0.0237869
0.999987	6.00335e-12	1.6112e-10	4.81797e-06
0.408908	1	0.77458	23162.3
0.360412	1	0.728215	21775.8
0.934479	0.53201	0.844591	25255.8
0.959577	1	0.999172	29878.2
0.956889	0.739448	0.952332	28477.6
0.661912	0.739463	0.839155	25093.3
0.621306	0.739407	0.816735	24422.8
0.597064	0.637598	0.748346	22377.8
0.980484	1	0.999808	29897.3
0.928794	1	0.997402	29825.3
0.30824	1	0.671001	20064.9
0.758567	0.777033	0.901003	26942.7
0.979386	1	0.999786	29896.6
0.573428	0.458786	0.614371	18371.5
0.369139	1	0.737016	22039
0.999997	1	1	29903
0.999999	0.846552	0.987574	29531.4
0.641868	1	0.926455	27703.8
1	0.0954597	0.319699	9559.97
0.936668	0.847346	0.97708	29217.6
0.593455	1	0.903116	27005.9
1	0.702349	0.950506	28423
0.584794	0.22218	0.395085	11814.2
0.603443	0.138875	0.291575	8718.96
0.759498	0.225588	0.473591	14161.8
0.629318	0.225531	0.419039	12530.5
0.546366	0.222542	0.377791	11297.1
0.0492223	0.00368175	0.00174261	52.1094
0.586432	0.00350524	0.0147739	441.784
0.920283	0.0684568	0.23717	7092.1
0.66769	0.107205	0.260332	7784.69
0.494537	0.107111	0.208598	6237.72
0.558717	1	0.883953	26432.8
0.988892	1	0.999938	29901.1
0.642652	1	0.926802	27714.2
0.358881	1	0.726649	21729
0.922258	0.411171	0.746913	22334.9
0.360302	0.0410159	0.0770619	2304.38
0.390008	8.13513e-08	5.7954e-07	0.01733
0.86529	0.329477	0.642868	19223.7
0.717977	0.00188898	0.0103116	308.347
0.998394	0.0146498	0.0764214	2285.23
0.987984	0.00131122	0.00990883	296.304
0.76539	0.0239063	0.0915062	2736.31
0.99998	2.60759e-47	2.823e-45	8.44161e-41
1	0.727162	0.95884	28672.2
1	0.838137	0.98613	29488.2
0.999682	0.555526	0.881982	26373.9
0.996063	1	0.999992	29902.8
1	1	1	29903
0.970618	0.893991	0.990838	29629
0.791356	1	0.976539	29201.5
0.924267	1	0.997057	29815
1	0.0514911	0.204232	6107.14
0.40795	0.773981	0.679743	20326.3
0.887562	1	0.993428	29706.5
0.409866	1	0.775435	23187.8
0.52647	1	0.864233	25843.2
0.999788	1	1	29903
3.9866e-05	3.78272e-08	4.25566e-11	1.27257e-06
0.000753092	1.68253e-07	3.01433e-09	9.01374e-05
0.643968	0.317339	0.528851	15814.2
0.941443	1	0.998251	29850.7
0.935709	0.507658	0.828624	24778.4
0.983333	1	0.99986	29898.8
0.140431	0.0901289	0.0679618	2032.26
0.567466	0.165127	0.315559	9436.15
0.0847648	0.00312607	0.00244732	73.1823
0.484824	1.30302e-06	9.6496e-06	0.288552
0.909902	0.00549126	0.0314731	941.14
0.926014	4.11699e-13	1.12829e-11	3.37393e-07
0.388445	0.00103929	0.00355862	106.413
0.363092	0.169287	0.232914	6964.82
1	0.780347	0.973886	29122.1
0.913251	0.470271	0.792464	23697.1
0.918425	0.262876	0.584547	17479.7
1	1	1	29903
0.97661	0.502519	0.840087	25121.1
1	0.0657504	0.244716	7317.73
0.90376	1	0.995213	29759.8
0.982767	1	0.999851	29898.5
1	0.167729	0.467194	13970.5
0.796119	1	0.977639	29234.3
0.858634	1	0.989501	29589
0.97048	0.844848	0.982711	29386
0.770773	1	0.971453	29049.3
0.236073	1	0.576871	17250.2
0.52048	1	0.860355	25727.2
0.854699	0.000242103	0.0019623	58.6787
0.992519	2.61352e-43	2.56953e-41	7.68367e-37
0.742197	0.000793419	0.00496849	148.573
0.918189	1	0.996558	29800.1
0.576746	0.295778	0.472274	14122.4
0.580329	0.198785	0.364504	10899.8
1	1.93139e-25	1.1184e-23	3.34435e-19
0.259538	1	0.609617	18229.4
0.995142	0.687037	0.943667	28218.5
0.60209	1	0.90756	27138.8
0.404962	0.157932	0.239808	7170.98
0.169557	0.896215	0.438273	13105.7
0.809965	1	0.980677	29325.2
0.797747	1	0.978009	29245.4
0.995616	1	0.99999	29902.7
0.937969	0.552729	0.859021	25687.3
0.941537	0.0067116	0.0383207	1145.91
0.875391	0.00151134	0.0100917	301.773
0.711976	0.675616	0.833054	24910.8
0.999993	0.643221	0.927051	27721.6
0.988867	1	0.999938	29901.1
0.788854	1	0.97595	29183.8
0.0404589	8.3161e-06	5.35133e-06	0.160021
0.889851	1	0.993698	29714.5
1	1	1	29903
0.727682	0.0242409	0.0888617	2657.23
0.999992	3.20076e-24	1.76356e-22	5.27357e-18
0.999999	6.30529e-21	2.99582e-19	8.95841e-15
1	0.725432	0.958287	28655.6
0.645042	1	0.927854	27745.6
0.982658	1	0.999849	29898.5
0.826073	1	0.983913	29421.9
0.630862	1	0.92148	27555
0.661069	1	0.934684	27949.8
0.136796	1	0.408919	12227.9
0.140121	6.00138e-06	1.26044e-05	0.376909
0.951875	0.289517	0.630774	18862
1.87603e-88	0	0	0
0.189168	6.09192e-52	1.3897e-50	4.15563e-46
0.769051	2.86507e-50	2.54137e-48	7.59946e-44
0.557826	1.83371e-41	9.75666e-40	2.91753e-35
0.440165	6.29899e-50	3.19152e-48	9.54361e-44
0.999994	1.41911e-57	1.87176e-55	5.59711e-51
0.999998	2.32056e-51	2.72875e-49	8.15977e-45
0.842798	1.1438e-55	1.23081e-53	3.6805e-49
0.562843	5.95973e-55	4.24102e-53	1.26819e-48
0.999988	9.31771e-109	2.32707e-106	6.95863e-102
0.991504	8.03869e-111	2.02855e-108	6.06598e-104
5.72633e-15	0	0	0
0.895257	0.0229012	0.1002	2996.28
0.519039	0.00230883	0.00925957	276.889
0.265077	0.00530686	0.010644	318.287
0.17662	1.97321e-05	4.72821e-05	1.41388
0.201748	0.156179	0.14045	4199.88
1	0.0793606	0.280441	8386.02
0.720163	0.900261	0.929289	27788.5
0.88757	1	0.993429	29706.5
0.501036	0.622592	0.675334	20194.5
0.907491	0.266502	0.585138	17497.4
0.971676	0.074537	0.262557	7851.26
0.998567	0.317229	0.680928	20361.8
0.600076	1	0.906534	27108.1
0.0334626	0.25393	0.0490118	1465.6
1	0.157455	0.448529	13412.4
0.601733	1	0.907378	27133.3
0.217377	1	0.549121	16420.4
1	0.000256299	0.00237567	71.0398
0.931075	8.92048e-05	0.000863453	25.8198
0.79232	0.000175709	0.0013754	41.1285
0.587789	1	0.900133	26916.7
0.760377	1	0.968675	28966.3
0.583283	0.194795	0.360733	10787
0.999815	0.755079	0.967166	28921.2
0.194855	1	0.51354	15356.4
0.848985	1	0.987975	29543.4
0.278574	0.00306125	0.00687941	205.715
0.70918	1	0.952887	28494.2
0.962191	0.743348	0.954944	28555.7
0.676565	0.476657	0.687446	20556.7
0.355677	0.695445	0.592891	17729.2
0.943399	0.578874	0.87647	26209.1
0.342136	9.26953e-06	4.33261e-05	1.29558
1	0.598347	0.905649	27081.6
0.368224	0.060788	0.107429	3212.43
0.422164	8.30723e-06	4.75577e-05	1.42212
0.885006	0.182864	0.456566	13652.7
0.897018	0.726431	0.930705	27830.9
0.924304	1	0.99706	29815.1
0.153107	0.831491	0.389706	11653.4
0.999999	0.689382	0.945804	28282.4
0.730347	1	0.959848	28702.3
1	2.66249e-11	6.74919e-10	2.01821e-05
0.907217	0.010186	0.0525263	1570.69
0.776089	0.659505	0.854638	25556.2
0.999918	0.806899	0.98001	29305.3
0.437002	1	0.79876	23885.3
0.999978	0.353349	0.72093	21558
0.826992	1	0.984088	29427.2
0.954294	1	0.998939	29871.3
0.999988	1	1	29903
0.74387	1	0.963973	28825.7
0.769224	1	0.971048	29037.2
0.279827	0.578261	0.456525	13651.5
0.952653	5.92238e-08	9.9809e-07	0.0298459
0.913637	0.775053	0.952521	28483.2
0.998656	0.309318	0.67178	20088.2
0.0380664	0.182204	0.0414144	1238.42
0.939541	0.579132	0.875262	26173
0.732517	1	0.960527	28722.6
0.498197	3.88149e-16	7.19005e-15	2.15004e-10
0.535319	1.02609e-08	1.09966e-07	0.00328832
0.674511	0.000211871	0.00140813	42.1072
0.760924	8.6657e-16	2.37087e-14	7.0896e-10
0.785237	1.52327e-13	3.67865e-12	1.10003e-07
0.999999	2.80918e-14	9.04647e-13	2.70517e-08
0.684769	1	0.944073	28230.6
0.719944	1	0.956505	28602.4
0.704924	0.704206	0.844073	25240.3
0.265796	3.08417e-05	0.000104205	3.11605
1	0.0346304	0.151093	4518.14
0.614475	1	0.913716	27322.9
0.763004	0.465837	0.723102	21622.9
0.912114	1	0.99602	29784
0.959784	4.80589e-23	2.41842e-21	7.23182e-17
0.297409	1.07165e-19	1.46268e-18	4.37385e-14
0.505549	2.54412e-16	4.83469e-15	1.44572e-10
0.999999	3.67164e-19	1.59527e-17	4.77034e-13
0.881714	4.9486e-19	1.88824e-17	5.64639e-13
0.951727	1	0.998816	29867.6
1	1	1	29903
0.94188	1	0.998277	29851.5
0.291963	1	0.651407	19479
0.38453	0.705586	0.625244	18696.7
0.727924	0.00276402	0.0145037	433.705
1	0.0313814	0.140009	4186.7
0.941198	1	0.998236	29850.3
0.725913	0.0070981	0.0322978	965.802
0.24818	0.628551	0.445821	13331.4
0.927548	0.443895	0.777098	23237.6
4.36839e-07	8.20272e-19	2.0528e-23	6.13847e-19
0.977118	1	0.999736	29895.1
0.806434	1	0.979925	29302.7
0.798402	1	0.978157	29249.8
0.667988	1	0.937511	28034.4
0.936523	0.780194	0.959949	28705.4
0.930251	0.286129	0.61848	18494.4
0.999991	0.0017058	0.012578	376.12
0.911867	0.609143	0.882046	26375.8
0.000165424	0	0	0
0.999963	4.56069e-33	3.44173e-31	1.02918e-26
0.980288	0.00699232	0.0410094	1226.3
0.713878	0.81332	0.896275	26801.3
0.0862257	0.00245341	0.00200146	59.8495
0.956675	1	0.999048	29874.5
0.546111	1	0.876472	26209.1
0.344973	1	0.712124	21294.7
0.809255	1	0.980527	29320.7
0.15918	1	0.451707	13507.4
0.940373	0.838958	0.975968	29184.4
0.96032	1	0.999202	29879.1
0.731916	0.721823	0.865412	25878.4
0.946575	0.131318	0.383478	11467.1
0.837863	0.311591	0.611678	18291
0.855053	0.0597549	0.203051	6071.83
0.898152	0.344039	0.671893	20091.6
0.985534	1.32167e-27	8.19373e-26	2.45017e-21
0.998647	0.322355	0.6868	20537.4
0.944256	1	0.998417	29855.7
1	1	1	29903
0.191018	0.823636	0.448297	13405.4
9.33574e-06	1	0.000117459	3.51238
0.520057	1	0.860079	25718.9
1	0.814002	0.981517	29350.3
0.466164	1	0.821949	24578.7
0.48563	1	0.836405	25011
1	1	1	29903
0.0542485	0.000413472	0.000262548	7.85097
0.999987	1	1	29903
0.0103075	0.464302	0.0303519	907.614
0.414076	1.20862e-12	1.46751e-11	4.38829e-07
0.735942	3.7051e-13	8.16126e-12	2.44046e-07
0.998889	0.176548	0.48237	14424.3
0.768385	3.12445e-28	1.55082e-26	4.63742e-22
0.95951	1	0.999169	29878.2
0.341321	1	0.708218	21177.8
1	1	1	29903
0.675947	1	0.940675	28129
0.667958	1	0.937499	28034
1	0.188556	0.503136	15045.3
0.999996	0.386072	0.753508	22532.1
1	1	1	29903
0.981476	0.00847203	0.0481418	1439.58
1	1	1	29903
1	0.343174	0.710204	21237.2
0.999999	0.00857219	0.0493692	1476.29
0.992423	1	0.999971	29902.1
0.997283	1	0.999996	29902.9
0.292061	1	0.651527	19482.6
0.275655	0.241145	0.246678	7376.42
0.217545	1	0.549378	16428
0.515305	1	0.85695	25625.4
0.992213	1	0.99997	29902.1
0.977316	0.0960167	0.315878	9445.69
0.416454	1	0.781259	23362
0.584436	0.829759	0.835906	24996.1
0.888929	3.9007e-05	0.000390763	11.685
0.94618	0.000545935	0.004426	132.351
0.729192	1	0.959484	28691.5
0.0555687	0.387091	0.104093	3112.68
0.254291	0.0280529	0.0423946	1267.72
0.933146	1	0.997714	29834.6
0.662304	0.743082	0.841068	25150.5
0.548395	1	0.877848	26250.3
0.552042	0.44518	0.590657	17662.4
0.838875	4.38363e-11	9.20296e-10	2.75196e-05
0.661719	2.06149e-10	3.23507e-09	9.67383e-05
0.00628101	7.35187e-08	1.0388e-08	0.000310632
0.97418	0.00840548	0.0475342	1421.42
0.277459	1	0.633185	18934.1
0.151223	1	0.436883	13064.1
0.86405	0.717393	0.916317	27400.6
0.0498123	0.156126	0.0455466	1361.98
0.997272	0.617666	0.914448	27344.7
0.715782	1	0.955125	28561.1
0.997167	4.16461e-28	2.65982e-26	7.95366e-22
0.965181	0.000110147	0.00107897	32.2645
0.0394617	0.498355	0.0969309	2898.52
0.719141	0.313194	0.560966	16774.6
0.0709416	1	0.258646	7734.29
0.806823	1	0.980008	29305.2
0.535603	1	0.870013	26016
0.999986	1	1	29903
0.113519	0.0333439	0.0248938	744.399
0.955261	0.392161	0.742435	22201
0.999995	0.0497254	0.198962	5949.57
0.157227	0.0778669	0.0661454	1977.95
0.41885	0.0778671	0.144254	4313.64
1	0.163421	0.459445	13738.8
0.994363	0.260461	0.608881	18207.4
0.693552	1	0.947343	28328.4
0.776672	0.749013	0.896886	26819.6
1	0.00588747	0.0361192	1080.07
0.994461	0.0707657	0.257141	7689.29
1	0.0138834	0.0732636	2190.8
0.0235853	1.52404e-07	7.34852e-08	0.00219743
0.567816	1	0.889176	26589
0.254399	1	0.602633	18020.5
0.990752	1	0.999957	29901.7
0.590752	6.1791e-05	0.000409496	12.2452
0.797486	1.68821e-10	3.19462e-09	9.55286e-05
0.833451	0.00680375	0.0350015	1046.65
0.993836	4.91527e-06	6.4625e-05	1.93248
0.605608	0.42256	0.604692	18082.1
0.99838	4.07684e-08	7.33333e-07	0.0219289
1	2.55106e-06	3.54061e-05	1.05875
0.998621	1.39237e-06	2.01419e-05	0.602302
0.795875	8.85582e-32	5.1261e-30	1.53286e-25
0.982492	1.337e-26	7.95964e-25	2.38017e-20
0.999999	0.000230551	0.00216143	64.6331
0.555077	0.110746	0.23293	6965.32
1	0.00188903	0.0137364	410.761
0.994667	0.598094	0.903871	27028.4
0.0070673	0.371124	0.0182117	544.585
0.965593	2.23e-25	1.24454e-23	3.72155e-19
0.979125	0.0967581	0.318002	9509.21
1	0.0775158	0.275745	8245.6
0.9167	0.00314262	0.0197328	590.07
0.987051	0.234012	0.569466	17028.7
0.932509	0.234012	0.550403	16458.7
0.991438	0.234012	0.570968	17073.7
0.931167	0.234012	0.549925	16444.4
1	0.499184	0.846008	25298.2
0.975179	0.683752	0.937023	28019.8
0.944669	0.420363	0.763852	22841.5
1	2.28858e-05	0.00026742	7.99667
0.955371	1	0.998989	29872.8
0.849001	1	0.987978	29543.5
0.116066	1	0.366024	10945.2
0.249883	1	0.596412	17834.5
0.999997	0.0421254	0.175541	5249.19
0.422156	1	0.786215	23510.2
0.999996	1	1	29903
0.999998	1	1	29903
0.0417838	1	0.174458	5216.81
0.902891	1.33918e-23	6.50148e-22	1.94414e-17
0.08164	7.24663e-15	2.13358e-14	6.38004e-10
0.948487	0.00165101	0.0116809	349.295
0.985758	0.805994	0.977272	29223.4
0.539162	0.728406	0.759787	22719.9
0.999999	5.18908e-12	1.40024e-10	4.18715e-06
0.999399	1	1	29903
0.779876	0.60849	0.828271	24767.8
0.644105	0.488365	0.678372	20285.4
0.677473	0.0589535	0.16856	5040.45
0.962177	0.000634166	0.00512659	153.3
0.938171	0.365235	0.709647	21220.6
0.959089	0.0896791	0.297018	8881.74
0.314631	1	0.678456	20287.9
0.72778	1	0.959037	28678.1
0.994012	0.210236	0.536137	16032.1
0.204264	1	0.528704	15809.8
0.568174	1	0.889379	26595.1
1	0.0337012	0.147956	4424.32
0.999986	1	1	29903
0.746443	1	0.96473	28848.3
0.550164	1	0.878908	26282
0.999997	6.07032e-13	1.76829e-11	5.28772e-07
0.989392	0.418965	0.779561	23311.2
0.690484	0.462538	0.683906	20450.8
0.836027	0.176564	0.430019	12858.9
0.967139	0.214892	0.534339	15978.3
0.979788	6.98901e-06	8.82784e-05	2.63979
0.922907	7.18542e-08	1.16242e-06	0.0347599
0.988115	8.05424e-05	0.000830764	24.8423
0.999799	2.23701e-72	3.71227e-70	1.11008e-65
0.721551	1	0.957031	28618.1
0.41833	1	0.782898	23411
0.767472	1	0.970586	29023.4
0.999997	0.14876	0.43221	12924.4
0.771455	1	0.97163	29054.6
1	1	1	29903
0.957242	1	0.999073	29875.3
0.0879116	1	0.301662	9020.59
0.991674	3.68757e-05	0.000410166	12.2652
0.672834	0.835561	0.885966	26493
0.931937	0.000274598	0.00237245	70.9433
0.994702	0.0267939	0.123262	3685.92
0.730067	0.000347643	0.00235502	70.4222
0.925775	0.0202054	0.0931341	2784.99
0.9781	5.87534e-08	1.01555e-06	0.0303681
0.969377	0.0316317	0.137514	4112.09
0.959147	4.32605e-06	5.55699e-05	1.66171
0.707765	1.8607e-24	7.3731e-23	2.20478e-18
0.969903	2.77479e-18	1.11571e-16	3.3363e-12
0.603821	0.00398947	0.0169313	506.297
0.996985	1	0.999995	29902.9
0.505532	1	0.850377	25428.8
0.956945	1	0.99906	29874.9
0.176302	1	0.482284	14421.7
0.999933	0.871223	0.991319	29643.4
1	0.00744465	0.0439253	1313.5
0.927857	1	0.997333	29823.2
0.783006	1	0.974541	29141.7
0.837499	0.181351	0.438126	13101.3
0.637777	0.628089	0.767048	22937
0.488144	1	0.838214	25065.1
0.791877	1	0.976661	29205.1
0.55905	1	0.884146	26438.6
0.976152	0.000607403	0.00499857	149.472
0.990022	1	0.99995	29901.5
1	0.130043	0.395317	11821.2
0.993103	1	0.999976	29902.3
1	0.0295999	0.133791	4000.76
0.993417	1	0.999978	29902.4
0.678573	3.27589e-18	9.25801e-17	2.76842e-12
0.815188	3.38892e-15	9.53723e-14	2.85192e-09
0.618878	1.04553e-13	2.02975e-12	6.06956e-08
0.910613	1	0.99588	29779.8
0.265368	1	0.617415	18462.6
0.999994	1	1	29903
1	0.787848	0.97571	29176.7
0.771843	0.790079	0.91143	27254.5
0.999999	0.174318	0.47883	14318.5
0.383822	1	0.751361	22467.9
0.999986	0.689591	0.945878	28284.6
0.879484	1	0.992427	29676.6
0.823885	0.0386386	0.141572	4233.43
0.403845	1.48699e-07	1.05859e-06	0.0316549
0.993729	0.000622528	0.00518903	155.167
0.918469	1	0.996582	29800.8
0.767584	1	0.970616	29024.3
0.265214	1	0.617211	18456.4
0.0865283	1	0.298288	8919.69
0.569997	1	0.890406	26625.8
0.0398643	1	0.168318	5033.21
0.113238	1	0.359901	10762.1
0.819376	1	0.982606	29382.9
1	0.000837049	0.00676806	202.385
0.331803	0.00588186	0.014128	422.468
0.672157	0.0148581	0.0559918	1674.32
0.413138	0.000287282	0.0011915	35.6295
0.461091	0.000287221	0.001315	39.3225
0.0464217	0.000287076	0.000162927	4.87202
0.999999	3.89426e-53	4.73843e-51	1.41693e-46
0.550656	0.0483839	0.123229	3684.93
0.590236	1	0.901428	26955.4
0.646462	1	0.928475	27764.2
0.521654	1	0.861121	25750.1
0.942818	0.020599	0.0959673	2869.71
0.478286	0.000316163	0.00148143	44.2993
0.931787	0.406673	0.746648	22327
0.163948	0.621399	0.334563	10004.4
0.304864	1.1999e-09	8.31435e-09	0.000248624
0.982411	1	0.999844	29898.3
0.612975	1	0.912984	27301
0.765727	1	0.970122	29009.6
0.0829601	1	0.289481	8656.34
1	1	1	29903
0.991705	0.855423	0.987868	29540.2
0.385621	1	0.75308	22519.3
0.979674	1	0.999792	29896.8
0.985798	1	0.999899	29900
0.196005	0.0228002	0.0286487	856.681
0.44719	0.0214594	0.0541849	1620.29
0.702711	0.0221172	0.0802621	2400.08
0.0266534	2.08676e-37	4.95483e-37	1.48164e-32
0.998357	1	0.999999	29903
0.0308657	1	0.13822	4133.2
0.0308657	1	0.13822	4133.2
0.964568	1	0.999365	29884
0.994826	1	0.999987	29902.6
0.981242	1	0.999823	29897.7
1.20008e-07	2.7807e-10	1.29942e-15	3.88565e-11
0.836147	0.0571491	0.193101	5774.31
1	4.47845e-17	1.73068e-15	5.17526e-11
0.198167	0.0316108	0.0380419	1137.57
0.929191	0.0930303	0.298079	8913.45
0.964844	0.00198323	0.0138898	415.347
0.939052	0.359126	0.703804	21045.9
0.306057	1.17797e-13	1.15202e-12	3.44489e-08
0.000217114	0.163564	0.000399356	11.9419
1	1	1	29903
0.552848	1	0.880505	26329.8
0.516229	1	0.857562	25643.7
0.999997	8.97021e-10	1.95836e-08	0.00058561
0.892989	0.0799561	0.259857	7770.51
0.896194	0.000247602	0.0020888	62.4614
0.793611	1	0.977064	29217.1
0.520229	3.26422e-05	0.000203495	6.08511
0.651239	0.0462698	0.135662	4056.69
0.819832	0.0505916	0.173481	5187.61
0.884008	0.00519718	0.0293254	876.918
0.615748	1.79422e-11	2.89773e-10	8.66507e-06
0.990618	1	0.999956	29901.7
0.0649388	1	0.242502	7251.53
0.643455	0.88025	0.888373	26565
0.99997	0.173073	0.476641	14253
0.988008	1	0.999928	29900.8
0.829506	1	0.984561	29441.3
0.625573	0.011641	0.0431281	1289.66
0.844142	0.348982	0.65463	19575.4
0.997842	0.818114	0.981997	29364.7
1	9.40473e-14	2.91499e-12	8.7167e-08
0.406695	1	0.772595	23102.9
1	1	1	29903
0.292017	0.220655	0.241122	7210.27
0.999998	1	1	29903
0.965498	1	0.999398	29885
0.999998	2.43163e-09	5.06623e-08	0.00151495
0.927422	0.0491586	0.186377	5573.24
0.469206	0.757694	0.723184	21625.4
0.811416	0.0539524	0.180742	5404.74
0.994542	1.6439e-45	1.70236e-43	5.09058e-39
1	1	1	29903
0.465614	1	0.821529	24566.2
0.68309	1	0.943435	28211.5
0.981531	1	0.999828	29897.9
0.626215	1	0.919322	27490.5
0.99999	1	1	29903
0.999999	0.0368695	0.158553	4741.2
0.999631	1.84325e-67	2.84975e-65	8.52162e-61
0.999999	3.87311e-26	2.30501e-24	6.89267e-20
0.799227	0.0169021	0.0716553	2142.71
1	0.532559	0.868104	25958.9
0.926448	0.0244222	0.108348	3239.92
0.672264	1	0.939223	28085.6
0.999993	0.519554	0.859748	25709
0.767897	1	0.970698	29026.8
0.916794	0.533627	0.838988	25088.3
0.998474	0.614558	0.913299	27310.4
0.88369	0.816681	0.957077	28619.5
0.961127	1	0.999234	29880.1
0.887966	0.0639701	0.219724	6570.42
0.972937	1	0.99963	29891.9
0.189158	6.03504e-14	3.77904e-13	1.13005e-08
0.952157	0.38559	0.735021	21979.3
0.999999	0.16785	0.467409	13976.9
0.999985	0.161975	0.456816	13660.2
0.999999	9.43144e-11	2.2715e-09	6.79247e-05
0.668932	1	0.937891	28045.8
0.37393	1	0.74176	22180.9
0.826081	0.29523	0.58802	17583.6
0.34667	0.598275	0.533668	15958.3
0.341592	0.00209307	0.00589374	176.241
0.95742	0.385085	0.736567	22025.6
0.854271	0.367869	0.678026	20275
0.999992	0.774115	0.972314	29075.1
0.758797	0.587947	0.806224	24108.5
1	0.516269	0.857589	25644.5
0.956407	1	0.999036	29874.2
0.012821	0.0156079	0.00190437	56.9463
0.224335	1	0.559629	16734.6
7.06169e-05	1	0.00074559	22.2954
0.856631	0.774005	0.935495	27974.1
0.626902	1	0.919643	27500.1
0.912309	1	0.996038	29784.5
0.826156	0.0247037	0.0998368	2985.42
0.589365	3.32201e-12	5.47406e-11	1.63691e-06
0.961538	0.77193	0.963489	28811.2
0.92638	0.100278	0.313642	9378.84
0.65196	0.00180542	0.00911603	272.597
0.460419	3.22982e-11	3.85621e-10	1.15312e-05
0.759739	1	0.9685	28961.1
0.999994	1	1	29903
0.722944	1	0.957484	28631.6
0.237657	1	0.579153	17318.4
0.594079	1	0.903441	27015.6
0.269442	0.000204138	0.000594484	17.7768
0.7481	5.1001e-06	5.1418e-05	1.53755
1	1	1	29903
0.0432446	1	0.179071	5354.76
0.157335	1	0.448306	13405.7
0.604746	1	0.908901	27178.9
0.686774	0.3889	0.61969	18530.6
0.89436	1	0.994212	29729.9
0.43289	0.0579623	0.117559	3515.36
0.999995	0.609671	0.911357	27252.3
0.938213	0.062553	0.225099	6731.13
1	3.01743e-10	6.91639e-09	0.000206821
0.800949	0.354594	0.641508	19183
0.909798	0.3325	0.6642	19861.6
0.80419	0.0389972	0.139939	4184.61
0.90761	1	0.995594	29771.3
0.999997	1	1	29903
0.715118	0.459417	0.694234	20759.7
0.896561	0.0450049	0.169879	5079.89
1	1.57179e-05	0.000189569	5.66868
0.350608	0.527191	0.496895	14858.6
0.812463	1	0.981199	29340.8
0.614026	1	0.913497	27316.3
0.00157552	0.0122563	0.000228919	6.84537
0.169508	0.10666	0.0906333	2710.21
0.880695	0.123639	0.350341	10476.3
0.846165	1	0.987509	29529.5
1	1	1	29903
0.999999	0.710669	0.953396	28509.4
0.815936	1	0.981913	29362.1
0.382561	1	0.750151	22431.8
0.999999	1	1	29903
2.8083e-05	4.43319e-233	6.8037e-235	2.03451e-230
0.999997	2.45782e-16	9.07968e-15	2.7151e-10
0.999999	1.37302e-05	0.000167452	5.00732
1	5.1965e-13	1.52183e-11	4.55072e-07
0.991407	0.0323345	0.142339	4256.38
0.99879	0.24757	0.592774	17725.7
0.988319	0.24757	0.589138	17617
0.0832929	1	0.290308	8681.09
0.905243	0.248344	0.560342	16755.9
0.996288	1	0.999993	29902.8
0.886898	1	0.993348	29704.1
0.250657	1	0.597483	17866.5
0.527186	1	0.864692	25856.9
0.871681	1	0.99139	29645.6
0.14395	1	0.422966	12647.9
0.699539	0.0168237	0.0640496	1915.28
0.65654	1	0.932793	27893.3
0.424206	1	0.787978	23562.9
0.0398172	0.0858546	0.0228306	682.703
0.999959	2.31039e-16	8.54903e-15	2.55642e-10
0.842939	0.234254	0.517786	15483.4
0.917928	0.689077	0.922243	27577.8
8.41177e-11	0.653712	1.35404e-09	4.04898e-05
0.0069859	0.394539	0.019001	568.188
0.899726	0.30491	0.629162	18813.8
1	1	1	29903
0.0579198	1	0.222916	6665.84
0.777236	0.885279	0.945315	28267.8
0.641368	1	0.926233	27697.1
0.940796	1	0.998212	29849.5
0.747891	0.0272455	0.0997104	2981.64
0.780977	0.365124	0.642944	19225.9
0.959801	0.485253	0.82163	24569.2
0.743875	0.697985	0.859527	25702.4
0.934717	0.0144692	0.0717244	2144.78
0.755789	0.855234	0.928438	27763.1
0.999945	1	1	29903
0.263198	0.59579	0.447337	13376.7
0.681396	0.855234	0.897435	26836
0.681396	0.855234	0.897435	26836
0.463452	0.855234	0.763165	22820.9
0.519518	0.855234	0.804749	24064.4
0.722752	1	0.957422	28629.8
0.699937	0.754548	0.865299	25875
0.920064	1	0.996716	29804.8
0.470612	1	0.825322	24679.6
0.576714	1	0.894143	26737.5
0.948078	0.781033	0.962962	28795.5
0.999822	1.26707e-14	4.18054e-13	1.25011e-08
0.999999	3.78663e-23	1.99282e-21	5.95914e-17
0.97103	0.0265167	0.119972	3587.53
0.0400648	0.0271841	0.00851954	254.76
0.928452	0.581366	0.872599	26093.3
0.883755	0.657163	0.896361	26803.9
0.933011	0.817931	0.969427	28988.8
0.0896076	1	0.305769	9143.42
0.410281	0.568667	0.572871	17130.6
0.850604	3.3462e-05	0.000326382	9.75979
0.804483	0.337156	0.625136	18693.4
0.244051	0.0839873	0.100179	2995.66
0.998891	0.216631	0.547614	16375.3
0.429132	1	0.792174	23688.4
0.887168	1	0.993381	29705.1
0.81636	1	0.981999	29364.7
0.999965	1	1	29903
0.476414	7.64245e-12	9.95397e-11	2.97653e-06
0.938702	0.431215	0.77087	23051.3
0.315486	0.00158862	0.00430947	128.866
0.132415	0.000285043	0.000422153	12.6237
0.423076	0.320671	0.406671	12160.7
0.182323	0.308301	0.21802	6519.47
0.81428	0.29944	0.587941	17581.2
0.994063	0.251091	0.596018	17822.7
0.788574	0.0211382	0.0849155	2539.23
0.953541	1	0.998904	29870.2
0.999999	1	1	29903
0.798831	1	0.978253	29252.7
0.892967	1	0.994056	29725.3
0.649019	1	0.929586	27797.4
0.98494	1	0.999886	29899.6
0.952895	1	0.998873	29869.3
0.991169	0.0332521	0.145429	4348.77
0.789699	1	0.97615	29189.8
0.249162	1	0.595411	17804.6
0.168883	0.00767621	0.00991498	296.488
1	0.00101222	0.00799209	238.988
0.998278	1	0.999999	29903
0.990104	1	0.999951	29901.5
0.953524	1	0.998903	29870.2
1	0.726265	0.958554	28663.6
0.142442	0.541302	0.274691	8214.09
0.998253	1	0.999998	29903
1	1	1	29903
0.997223	0.0273416	0.12548	3752.23
1	0.342055	0.709006	21201.4
0.980417	0.700914	0.944985	28257.9
0.902959	0.169261	0.439922	13155
0.247985	0.74281	0.495828	14826.7
0.999974	5.29462e-09	1.06189e-07	0.00317538
0.999991	0.301425	0.662901	19822.7
0.999982	0.00202796	0.0146025	436.659
0.627761	1	0.920044	27512.1
0.993565	1	0.999979	29902.4
0.782836	0.627565	0.840453	25132.1
0.994413	1	0.999984	29902.5
0.970076	1	0.999548	29889.5
1	1	1	29903
0.999993	0.11945	0.373263	11161.7
0.252019	1	0.599364	17922.8
0.997325	1	0.999996	29902.9
0.984228	1	0.999875	29899.3
0.998079	1	0.999998	29902.9
1	1	1	29903
0.183115	1	0.493979	14771.4
0.955544	1	0.998997	29873
0.250268	1	0.596945	17850.4
0.129992	0.790271	0.336505	10062.5
0.999974	0.882785	0.992842	29689
0.999973	1	1	29903
1	1	1	29903
0.784362	1	0.974871	29151.6
0.96195	1	0.999267	29881.1
0.775152	0.137122	0.344549	10303
0.899005	0.094718	0.294908	8818.64
0.890247	0.345041	0.669742	20027.3
0.81148	0.734079	0.904279	27040.6
0.198432	2.65742e-09	1.17925e-08	0.000352631
0.167233	0.000806243	0.00133637	39.9614
1	2.70841e-08	4.99007e-07	0.0149218
0.176691	0.00776422	0.0104147	311.429
0.804984	1	0.979611	29293.3
0.471836	1	0.826243	24707.2
0.0807231	0.358345	0.131414	3929.67
0.706463	0.528249	0.74103	22159
0.56058	0.358541	0.52348	15653.6
0.844316	0.000206289	0.00168172	50.2884
0.966272	0.000118151	0.00115055	34.4049
0.999997	1	1	29903
0.999908	1	1	29903
0.863557	1	0.990237	29611
0.00806486	1	0.0469394	1403.63
0.38864	1	0.755944	22605
0.999968	1	1	29903
0.571414	1	0.891201	26649.6
0.910372	1	0.995858	29779.1
0.531955	0.939794	0.846524	25313.6
1	0.0274516	0.126149	3772.24
0.591384	1	0.902032	26973.5
0.948167	0.88981	0.987092	29517
1	0.0268535	0.123992	3707.74
0.426418	1	0.789869	23619.5
0.998874	1	0.999999	29903
0.803389	0.000429193	0.0030938	92.514
0.808022	0.256771	0.533783	15961.7
0.998788	0.0760141	0.271653	8123.23
0.998716	1	0.999999	29903
0.97705	0.298604	0.651145	19471.2
0.746008	1	0.964602	28844.5
0.999997	9.68088e-06	0.00012145	3.63171
0.999999	3.19083e-19	1.39084e-17	4.15904e-13
0.380148	0.628713	0.581084	17376.2
2.09203e-55	0.885501	2.35314e-53	7.03659e-49
1	0.0780091	0.277005	8283.28
0.190904	1	0.507039	15162
1	0.647273	0.928828	27774.8
0.590485	0.179879	0.344382	10298.1
0.881149	0.557804	0.840615	25136.9
0.714697	0.0527714	0.161335	4824.41
0.000456171	0.824608	0.00334239	99.9474
0.962075	1.14188e-07	1.87023e-06	0.0559254
0.723093	0.460109	0.698843	20897.5
0.998709	3.67297e-08	6.64718e-07	0.0198771
0.137853	1	0.411019	12290.7
0.897833	0.381765	0.709763	21224.1
1	0.120994	0.376536	11259.6
0.45395	0.609858	0.632396	18910.6
1	0	0	0
0.887879	1	0.993465	29707.6
0.790957	1	0.976446	29198.7
0.85416	1	0.988807	29568.3
0.857493	1	0.989326	29583.8
0.470201	1	0.825012	24670.3
0.948584	1	0.998655	29862.8
0.67395	1	0.93989	28105.5
0.552967	1	0.880576	26331.9
0.785557	1	0.975161	29160.2
0.976682	0.407035	0.764258	22853.6
0.00267713	1.68642e-08	1.12062e-09	3.35098e-05
0.193854	0.00299213	0.00490272	146.606
0.130138	5.95751e-08	1.52542e-07	0.00456146
1	0.895641	0.994355	29734.2
0.171885	5.89044e-08	1.96505e-07	0.00587609
0.100372	5.88428e-08	1.17812e-07	0.00352292
0.380886	5.88485e-08	4.17215e-07	0.012476
0.404737	5.88485e-08	4.41894e-07	0.013214
0.840278	5.88485e-08	8.81299e-07	0.0263535
0.404737	5.88485e-08	4.41894e-07	0.013214
0.914239	5.88485e-08	9.54331e-07	0.0285374
0.999989	1	1	29903
0.999999	3.80748e-05	0.000425522	12.7244
0.999998	1.2747e-05	0.000156408	4.67708
0.281781	1	0.638692	19098.8
0.843308	1	0.987027	29515.1
0.999976	1	1	29903
0.739728	0.148428	0.35235	10536.3
1	0.00193927	0.0140509	420.164
0.783928	1	0.974766	29148.4
0.999974	0.342283	0.709241	21208.4
0.791403	1	0.97655	29201.8
0.116985	0.00280019	0.00295601	88.3935
0.999999	0.000682534	0.005658	169.191
0.00382327	3.71145e-15	5.64671e-16	1.68854e-11
0.6113	6.18595e-06	5.09946e-05	1.52489
0.742196	1.01649e-15	2.70244e-14	8.08111e-10
0.999981	6.59598e-05	0.000700907	20.9592
0.472844	3.43969e-13	4.95205e-12	1.48081e-07
0.788406	1	0.975843	29180.6
0.6008	1	0.906903	27119.1
0.773143	0.771671	0.904755	27054.9
0.914258	1	0.996214	29789.8
0.633699	1	0.922781	27593.9
0.826626	1	0.984018	29425.1
1	1	1	29903
0.826797	1	0.984051	29426.1
0.492007	1	0.840969	25147.5
0.427791	9.97555e-06	5.70323e-05	1.70544
0.831185	0.70646	0.899819	26907.3
0.841766	0.0130454	0.0605235	1809.83
0.526707	0.00361995	0.0138469	414.064
0.998712	0.107113	0.34608	10348.8
0.553767	1	0.88105	26346
0.647599	1	0.92897	27779
0.541837	1	0.873869	26131.3
0.99876	1	0.999999	29903
0.817821	1	0.982294	29373.5
0.999344	4.79659e-10	1.07654e-08	0.000321917
0.999473	3.71869e-15	1.27208e-13	3.80391e-09
0.703936	4.76245e-06	4.5613e-05	1.36397
0.671484	0.0952518	0.239818	7171.28
0.587943	0.0950742	0.217121	6492.58
0.855118	0.580589	0.844116	25241.6
0.982167	2.00015e-29	1.31816e-27	3.94171e-23
0.741998	0.0674226	0.199869	5976.68
0.998287	0.0767031	0.273325	8173.24
0.993283	0.110848	0.353029	10556.6
0.818249	0.065024	0.20929	6258.4
0.961461	0.0764137	0.265288	7932.91
0.972698	0.118593	0.364491	10899.4
0.0441008	0.3725	0.083925	2509.61
6.50699e-10	4.46345e-27	2.40559e-34	7.19345e-30
0.999985	5.25428e-07	8.1225e-06	0.242887
0.911533	0.0335125	0.137113	4100.08
0.844408	0.844941	0.95435	28537.9
1	0.583942	0.898076	26855.2
1	0.823509	0.983419	29407.2
0.776859	0.838557	0.930628	27828.6
0.871679	0.850317	0.963179	28801.9
0.668239	1	0.937612	28037.4
0.816475	1	0.982023	29365.4
0.940097	0.838557	0.975824	29180.1
0.972416	0.838714	0.98184	29360
0.289297	1	0.648112	19380.5
0.694979	1	0.947864	28344
0.593014	0.12252	0.263162	7869.33
0.133615	0.00378116	0.0043401	129.782
0.0417009	1	0.174194	5208.93
0.603068	1	0.908055	27153.6
0.789416	1	0.976083	29187.8
0.902534	1	0.995088	29756.1
0.603068	1	0.908055	27153.6
0.445932	1	0.806061	24103.7
0.69428	1	0.947609	28336.3
0.840715	1	0.986581	29501.7
0.804629	0.00348058	0.0192622	575.996
0.139232	0.0052709	0.0060304	180.327
0.000128888	2.61844e-05	6.92079e-08	0.00206952
0.0312265	2.61844e-05	1.22784e-05	0.367162
0.0131573	1.87154e-07	5.12732e-08	0.00153322
0.997715	0.522062	0.860609	25734.8
0.865062	1	0.990456	29617.6
0.595436	0.448185	0.619398	18521.8
0.448402	2.67537e-06	1.75549e-05	0.524945
0.419321	0.000398348	0.00161979	48.4367
0.999998	0.00741266	0.0437685	1308.81
1	0.507016	0.851387	25459
0.631296	0.101192	0.239604	7164.88
0.999993	0.0255587	0.119276	3566.71
0.999994	2.70668e-30	1.86982e-28	5.59131e-24
0.904398	1	0.995277	29761.8
0.000195311	0.371529	0.00076417	22.851
1	0.724791	0.958081	28649.5
0.939049	1	0.998104	29846.3
0.00627678	1	0.0381057	1139.47
0.778773	0.572692	0.806114	24105.2
0.207761	1	0.53423	15975.1
0.862158	1	0.99003	29604.9
0.776572	1	0.972941	29093.8
0.335314	1	0.701707	20983.2
0.949438	1	0.9987	29864.1
0.996126	1	0.999992	29902.8
0.989144	0.507744	0.848116	25361.2
0.754784	0.000248195	0.00179515	53.6803
0.959037	0.0104759	0.0562672	1682.56
0.917846	0.00309999	0.0195248	583.85
0.881781	0.134297	0.371072	11096.2
0.682014	0.00314735	0.0153347	458.552
0.945368	0.00313896	0.0202383	605.185
0.315669	0.00136915	0.00378028	113.042
0.835424	0.04805	0.169212	5059.96
0.785763	1.63297e-06	1.86903e-05	0.558897
0.986824	1.21496e-07	2.03062e-06	0.0607217
0.582352	1	0.897218	26829.5
0.790715	1	0.976389	29197
0.183514	1	0.494655	14791.7
0.0149083	0.917598	0.0723912	2164.72
0.999999	0.55289	0.88053	26330.5
0.155287	1	0.444507	13292.1
0.118486	1	0.371213	11100.4
0.817201	1	0.98217	29369.8
0.609335	0.41557	0.601019	17972.3
0.928716	0.0872186	0.284581	8509.82
0.345353	6.82875e-06	3.29165e-05	0.984302
0.757007	0.00013283	0.00102613	30.6842
0.999942	0.27317	0.627632	18768.1
0.800491	1	0.978624	29263.8
0.687197	3.83716e-08	4.86534e-07	0.0145488
0.847153	2.99682e-06	3.52478e-05	1.05401
0.693883	1	0.947464	28332
0.636942	1	0.924252	27637.9
0.964995	1	0.99938	29884.5
0.557531	1	0.883261	26412.2
0.949421	1	0.998699	29864.1
0.712074	0.00392954	0.0192477	575.565
0.999929	0.810859	0.980852	29330.4
0.974619	0.110845	0.348438	10419.4
0.999986	4.66596e-07	7.26844e-06	0.217348
1	0.00175517	0.0128921	385.512
0.954755	0.710123	0.941474	28152.9
0.991223	1	0.999961	29901.8
0.159466	0.0991829	0.0814019	2434.16
0.525474	0.304943	0.453652	13565.6
0.495364	0.696731	0.712297	21299.8
0.972516	1	0.999619	29891.6
0.915732	1	0.996345	29793.7
0.969996	1	0.999545	29889.4
1	0.790353	0.976304	29194.4
0.794834	0.687405	0.87663	26213.9
0.973328	1	0.999641	29892.3
0.999998	1.56828e-07	2.61402e-06	0.0781671
0.510329	0.000576166	0.00268507	80.2915
0.999999	0.178022	0.485261	14510.7
0.868495	0.568077	0.841935	25176.4
0.984804	0.499991	0.841243	25155.7
0.999882	5.86992e-29	3.874e-27	1.15844e-22
0.0423451	1	0.176236	5269.99
0.900327	0.0520742	0.190352	5692.1
1	0.496058	0.843826	25232.9
0.970392	2.71232e-05	0.000303871	9.08664
0.245129	1	0.589773	17636
0.477966	3.55248e-05	0.000203475	6.08452
1	1	1	29903
1	0.0892322	0.304863	9116.32
1	0.0349496	0.152165	4550.19
0.970614	0.346138	0.70242	21004.5
0.972044	1	0.999606	29891.2
0.964118	1	0.999348	29883.5
0.952125	1	0.998835	29868.2
0.999915	1	1	29903
1	0.89562	0.994352	29734.1
0.965335	0.74231	0.955391	28569
0.278011	0.662062	0.495581	14819.4
0.085319	0.40717	0.151459	4529.09
0.949666	0.433669	0.777192	23240.4
0.970867	1	0.999571	29890.2
0.962681	0	0	0
0.217285	0.343	0.268048	8015.43
0.999995	0.00679136	0.0406944	1216.88
0.816439	1	0.982015	29365.2
0.959339	0.774713	0.963778	28819.9
0.335732	0.493387	0.463461	13858.9
0.999998	0.000261964	0.00242245	72.4386
0.942249	1	0.998299	29852.1
0.999996	0.08297	0.289504	8657.05
0.999996	0.08297	0.289504	8657.05
0.994479	0.08297	0.288364	8622.94
0.966112	0.08297	0.282458	8446.34
0.966112	0.08297	0.282458	8446.34
0.75751	0.08297	0.236758	7079.77
0.966112	0.08297	0.282458	8446.34
0.75751	0.08297	0.236758	7079.77
0.966112	0.08297	0.282458	8446.34
0.75751	0.08297	0.236758	7079.77
0.989845	0.08297	0.287404	8594.23
0.999767	0.265409	0.617387	18461.7
0.0171426	1.39567e-07	4.98866e-08	0.00149176
0.176092	1.23604e-07	4.05776e-07	0.0121339
0.991488	0.0720242	0.259886	7771.39
0.690036	7.45853e-18	2.10026e-16	6.2804e-12
0.882136	0.203236	0.48743	14575.6
0.995934	0.605231	0.907904	27149.1
0.00120274	0.000194385	3.80356e-06	0.113738
0.000842534	7.80552e-05	1.15332e-06	0.0344877
0.0382833	9.36955e-05	4.85612e-05	1.45212
0.864498	0.831137	0.956034	28588.3
0.884725	3.76704e-11	8.37353e-10	2.50394e-05
0.0221838	2.66109e-15	2.26501e-15	6.77305e-11
0.773957	1	0.972275	29073.9
0.23528	0.171278	0.169714	5074.96
0.994799	0.211596	0.538508	16103
0.983118	1	0.999857	29898.7
0.969043	0.675457	0.931952	27868.1
0.977259	0.675506	0.9343	27938.4
0.97643	1	0.99972	29894.6
0.958256	1.70513e-11	4.2217e-10	1.26241e-05
0.967032	1.71518e-11	4.28299e-10	1.28074e-05
0.968228	1.61335e-11	4.04307e-10	1.209e-05
0.943173	1.54171e-11	3.77398e-10	1.12853e-05
0.915929	1.09191e-11	2.63313e-10	7.87386e-06
0.963613	1.12906e-11	2.85531e-10	8.53822e-06
0.968276	6.04107e-15	1.97549e-13	5.90732e-09
0.948724	6.00684e-15	1.92612e-13	5.75968e-09
0.936626	8.69374e-12	2.1606e-10	6.46083e-06
0.923938	5.59835e-15	1.75325e-13	5.24275e-09
0.925579	7.79972e-12	1.92424e-10	5.75405e-06
0.956738	7.78823e-12	1.98373e-10	5.93195e-06
0.967371	6.99501e-12	1.80801e-10	5.4065e-06
0.936396	0.0149588	0.0737932	2206.64
0.690793	0.654785	0.811176	24256.6
0.91082	0.237789	0.547908	16384.1
1	0.0594135	0.227152	6792.52
0.95746	0.749182	0.955635	28576.3
0.986816	1	0.999913	29900.4
0.981074	0.158202	0.444359	13287.7
0.982418	1	0.999845	29898.4
0.39914	0.324908	0.394583	11799.2
0.999927	0.380543	0.74818	22372.8
0.985979	0.151504	0.43339	12959.7
0.998793	0.000493838	0.00424904	127.059
0.444263	0.598083	0.617864	18476
0.842476	0.373526	0.678521	20289.8
0.723784	0.00938959	0.0407179	1217.59
0.432727	1	0.7952	23778.9
0.749671	1	0.965667	28876.3
0.84469	0.688899	0.896977	26822.3
0.875473	1	0.991903	29660.9
0.978601	1	0.999769	29896.1
0.766603	1	0.970355	29016.5
0.87096	0.0693225	0.229865	6873.64
0.840286	0.53159	0.806671	24121.9
0.936042	1	0.99791	29840.5
0.887112	1	0.993374	29704.9
0.761691	0.775574	0.901697	26963.5
0.999988	0.146142	0.427195	12774.4
0.999981	1	1	29903
0.787751	1	0.975687	29176
0.999994	1	1	29903
