quality	AA	AC	AG	AT	A.	CA	CC	CG	CT	C.	GA	GC	GG	GT	G.	TA	TC	TG	TT	T.	.A	.C	.G	.T	..
0	NA	NA	NA	NA	NA	NA	NA	NA	NA	NA	NA	NA	NA	NA	NA	NA	NA	NA	NA	NA	NA	NA	NA	NA	NA
1	NA	NA	NA	NA	NA	NA	NA	NA	NA	NA	NA	NA	NA	NA	NA	NA	NA	NA	NA	NA	NA	NA	NA	NA	NA
2	NA	NA	NA	NA	NA	NA	NA	NA	NA	NA	NA	NA	NA	NA	NA	NA	NA	NA	NA	NA	NA	NA	NA	NA	NA
3	NA	NA	NA	NA	NA	NA	NA	NA	NA	NA	NA	NA	NA	NA	NA	NA	NA	NA	NA	NA	NA	NA	NA	NA	NA
4	NA	NA	NA	NA	NA	NA	NA	NA	NA	NA	NA	NA	NA	NA	NA	NA	NA	NA	NA	NA	NA	NA	NA	NA	NA
5	NA	NA	NA	NA	NA	NA	NA	NA	NA	NA	NA	NA	NA	NA	NA	NA	NA	NA	NA	NA	NA	NA	NA	NA	NA
6	NA	NA	NA	NA	NA	NA	NA	NA	NA	NA	NA	NA	NA	NA	NA	NA	NA	NA	NA	NA	NA	NA	NA	NA	NA
7	NA	NA	NA	NA	NA	NA	NA	NA	NA	NA	NA	NA	NA	NA	NA	NA	NA	NA	NA	NA	NA	NA	NA	NA	NA
8	NA	NA	NA	NA	NA	NA	NA	NA	NA	NA	NA	NA	NA	NA	NA	NA	NA	NA	NA	NA	NA	NA	NA	NA	NA
9	NA	NA	NA	NA	NA	NA	NA	NA	NA	NA	NA	NA	NA	NA	NA	NA	NA	NA	NA	NA	NA	NA	NA	NA	NA
10	NA	NA	NA	NA	NA	NA	NA	NA	NA	NA	NA	NA	NA	NA	NA	NA	NA	NA	NA	NA	NA	NA	NA	NA	NA
11	0.975566	0.0126214	0.002589	0.00906149	0.000161812	0.0576878	0.923946	0.00447375	0.0138922	NA	0.0224318	0.00989302	0.923847	0.0437133	0.000115035	0.0360685	0.0225428	0.0333634	0.908025	NA	9.89022e-05	4.94511e-05	NA	9.89022e-05	0.999753
12	0.971573	0.0116323	0.00708951	0.00949857	0.000206491	0.0377421	0.944355	0.00519603	0.012565	0.00014171	0.0136873	0.00597991	0.949981	0.0302185	0.000132887	0.0147921	0.00648575	0.0235535	0.954941	0.00022757	3.7955e-05	3.7955e-05	3.7955e-05	2.84662e-05	0.999858
13	0.964524	0.0160384	0.00787657	0.0114242	0.000136746	0.0290331	0.954803	0.00486743	0.0112134	8.27996e-05	0.00983862	0.00460994	0.963126	0.022325	0.000100337	0.0147854	0.0102804	0.0223664	0.952368	0.000199619	4.0023e-05	2.30435e-05	2.54692e-05	3.51717e-05	0.999876
14	0.961102	0.016888	0.00744887	0.0143636	0.000197563	0.0286565	0.952595	0.00487604	0.0136729	0.000199929	0.0174122	0.00702432	0.941195	0.0342409	0.000127329	0.0196933	0.0123778	0.0198509	0.947763	0.000315241	6.06673e-05	4.90005e-05	3.2667e-05	5.13339e-05	0.999806
15	0.978436	0.00758513	0.0051446	0.00873092	0.000103121	0.0121513	0.976438	0.00264493	0.00870143	6.38871e-05	0.015205	0.00596516	0.951029	0.0276789	0.000122293	0.024432	0.0158039	0.0239306	0.935661	0.000172909	4.28676e-05	2.50061e-05	2.14338e-05	8.93074e-05	0.999821
16	0.964335	0.0119021	0.00896182	0.0146433	0.000157589	0.0175862	0.961592	0.00483269	0.0158015	0.000187158	0.0180996	0.00809803	0.947947	0.0257588	9.67892e-05	0.0169749	0.0125764	0.0177902	0.952402	0.000256662	0.00011023	5.37707e-05	4.57051e-05	9.81315e-05	0.999692
17	NA	NA	NA	NA	NA	NA	NA	NA	NA	NA	NA	NA	NA	NA	NA	NA	NA	NA	NA	NA	NA	NA	NA	NA	NA
18	NA	NA	NA	NA	NA	NA	NA	NA	NA	NA	NA	NA	NA	NA	NA	NA	NA	NA	NA	NA	NA	NA	NA	NA	NA
19	NA	NA	NA	NA	NA	NA	NA	NA	NA	NA	NA	NA	NA	NA	NA	NA	NA	NA	NA	NA	NA	NA	NA	NA	NA
20	0.99685	0.00225023	NA	0.000450045	0.000450045	0.00575954	0.990641	NA	0.00359971	NA	0.00174419	NA	0.997093	0.00116279	NA	0.00165563	0.000551876	0.00220751	0.995033	0.000551876	NA	NA	NA	NA	1
21	0.995369	0.00118979	0.00257251	0.000836067	3.21564e-05	0.00190785	0.996631	0.000487112	0.000974224	NA	0.000897281	0.00035111	0.99645	0.00230172	NA	0.00120757	0.00140883	0.00199025	0.995393	NA	NA	NA	7.93972e-06	7.93972e-06	0.999984
22	0.996172	0.00171174	0.00115154	0.000933678	3.11226e-05	0.0035973	0.993413	0.000962659	0.00202665	NA	0.00118721	0.000532198	0.995128	0.00311131	4.09383e-05	0.00169608	0.00124974	0.00321362	0.993722	0.000119023	3.64063e-05	1.82032e-05	1.82032e-05	4.55079e-05	0.999882
23	0.995868	0.00141781	0.00210646	0.000567123	4.05088e-05	0.00199305	0.996526	0.000455555	0.000996526	2.84722e-05	0.000835062	0.000484875	0.996256	0.00239744	2.69375e-05	0.00129241	0.00130587	0.00161551	0.995692	9.4238e-05	1.02155e-05	2.04311e-05	1.02155e-05	1.02155e-05	0.999949
24	0.997711	0.000661308	0.000915658	0.000712178	NA	0.00243685	0.995614	0.000812282	0.00113719	NA	0.000856498	0.000545044	0.996029	0.00249163	7.78634e-05	0.000558503	0.0016406	0.0010821	0.996614	0.000104719	4.08575e-05	1.36192e-05	1.36192e-05	NA	0.999932
25	0.996977	0.00081094	0.00136385	0.000847801	NA	0.00234009	0.99562	0.000720029	0.00114005	0.000180007	0.00175303	0.000309358	0.994896	0.00304202	NA	0.00111465	0.000933199	0.00171086	0.996164	7.77665e-05	1.96605e-05	9.83023e-06	4.91512e-05	2.94907e-05	0.999892
26	0.996547	0.00125094	0.00145109	0.000700525	5.00375e-05	0.00237913	0.996261	0.000254907	0.0011046	NA	0.00105152	0.00148966	0.994304	0.00306695	8.76271e-05	0.000477814	0.00082821	0.00101934	0.997515	0.000159271	4.02576e-05	4.02576e-05	1.34192e-05	9.39345e-05	0.999812
27	0.996366	0.00107333	0.00115059	0.00134925	6.07025e-05	0.00136904	0.996603	0.000447896	0.00154228	3.80289e-05	0.00252554	0.00119592	0.991153	0.00510308	2.22842e-05	0.00139824	0.00124962	0.00359606	0.993649	0.000106752	3.61775e-05	2.12346e-05	1.41564e-05	3.93234e-05	0.999889
28	0.997684	0.000125211	0.00137732	0.000813873	NA	5.39695e-05	0.998975	0.000161908	0.000809542	NA	0.00324006	0.000589102	0.994404	0.00170185	6.54557e-05	0.000431779	0.000971503	0.000755613	0.997625	0.000215889	2.69168e-05	1.34584e-05	NA	2.69168e-05	0.999933
29	0.999434	NA	NA	NA	0.000565931	NA	1	NA	NA	NA	0.000341997	0.000683995	0.998632	0.000341997	NA	0.00219298	NA	0.00219298	0.995614	NA	NA	NA	NA	NA	1
30	0.997429	0.000413899	0.0013535	0.000744543	5.94683e-05	0.000323779	0.998243	0.000185536	0.00123691	1.09139e-05	0.00155446	0.000376133	0.997211	0.000842137	1.6643e-05	0.000869689	0.00140685	0.000544469	0.997128	5.11582e-05	2.68375e-05	8.68271e-06	8.68271e-06	2.92055e-05	0.999927
31	0.998457	0.000218022	0.00092968	0.000355829	3.90795e-05	0.000163763	0.998857	8.65164e-05	0.000880614	1.23595e-05	0.000997822	0.000167802	0.998145	0.000674204	1.49823e-05	0.000450046	0.000893097	0.000575966	0.998016	6.52917e-05	2.06938e-05	6.46682e-06	4.52678e-06	1.4227e-05	0.999954
32	0.998016	0.000111943	0.00174021	0.000111943	2.03533e-05	0.000148938	0.999404	1.35399e-05	0.000433276	NA	0.000348651	4.18381e-05	0.999205	0.000404435	NA	9.64658e-05	0.00100851	0.000289398	0.998553	5.26177e-05	5.67891e-06	NA	2.83946e-06	1.41973e-05	0.999977
33	0.998426	0.000110317	0.00131645	0.000117671	2.94178e-05	7.2454e-05	0.999721	4.14023e-05	0.000165609	NA	0.00026716	6.16523e-05	0.999219	0.000452117	NA	5.82911e-05	0.000816076	0.000429235	0.998665	3.17952e-05	1.62607e-05	4.06517e-06	1.21955e-05	8.13035e-06	0.999959
34	0.998524	0.000261597	0.000839124	0.000311904	6.3387e-05	0.000125333	0.99905	6.1873e-05	0.000748822	1.42784e-05	0.000856402	0.000162925	0.998606	0.000362056	1.25327e-05	0.000424117	0.000842769	0.000360718	0.998283	8.96331e-05	2.58172e-05	8.60572e-06	6.76164e-06	2.45878e-05	0.999934
35	0.99942	0.000122514	0.000317096	0.000105699	3.48325e-05	5.43657e-05	0.999715	2.55839e-05	0.000203072	1.59899e-06	0.000410932	5.22371e-05	0.999272	0.000262927	1.74124e-06	0.000149058	0.000363119	0.000504332	0.998923	6.05198e-05	1.06261e-05	5.11627e-06	3.54203e-06	1.25939e-05	0.999968
36	0.998655	0.000133114	0.000909399	0.000247029	5.50375e-05	5.43679e-05	0.999284	5.13474e-05	0.000601067	9.06131e-06	0.000685285	9.22322e-05	0.999059	0.000151261	1.19902e-05	0.000293068	0.000894007	0.000188718	0.998558	6.66065e-05	2.28453e-05	8.21629e-06	5.81152e-06	1.92381e-05	0.999944
37	0.998703	0.000132299	0.000882268	0.000240619	4.21703e-05	5.15948e-05	0.999346	3.86961e-05	0.000554644	8.59913e-06	0.000494497	7.36787e-05	0.999313	0.000109101	9.91829e-06	0.00025706	0.000820885	0.000164643	0.99869	6.75657e-05	2.231e-05	8.20596e-06	5.38516e-06	2.20535e-05	0.999942
38	0.998818	0.000118877	0.000842728	0.000168931	5.10161e-05	3.96367e-05	0.999364	4.34479e-05	0.000545004	8.38468e-06	0.000505261	7.34653e-05	0.99933	8.09617e-05	1.0495e-05	0.00020123	0.000882877	0.00013935	0.998707	6.96752e-05	2.53895e-05	1.03329e-05	7.23306e-06	1.85993e-05	0.999938
39	0.998826	0.000141801	0.00079283	0.000174598	6.49197e-05	2.76834e-05	0.999387	3.82822e-05	0.000534211	1.23389e-05	0.000493028	4.46008e-05	0.999406	4.14258e-05	1.46654e-05	0.000173867	0.000767424	0.000113679	0.998877	6.79721e-05	2.48376e-05	9.98744e-06	6.14388e-06	2.16637e-05	0.999937
40	0.999047	0.000163199	0.000629886	9.25967e-05	6.77671e-05	2.22342e-05	0.999244	3.97729e-05	0.000682768	1.09099e-05	0.000473836	4.04672e-05	0.999441	2.64653e-05	1.79256e-05	9.45224e-05	0.000673314	0.000119915	0.999055	5.75177e-05	3.01968e-05	1.22439e-05	8.71762e-06	2.40819e-05	0.999925
