quality	AA	AC	AG	AT	A.	CA	CC	CG	CT	C.	GA	GC	GG	GT	G.	TA	TC	TG	TT	T.	.A	.C	.G	.T	..
0	NA	NA	NA	NA	NA	NA	NA	NA	NA	NA	NA	NA	NA	NA	NA	NA	NA	NA	NA	NA	NA	NA	NA	NA	NA
1	NA	NA	NA	NA	NA	NA	NA	NA	NA	NA	NA	NA	NA	NA	NA	NA	NA	NA	NA	NA	NA	NA	NA	NA	NA
2	NA	NA	NA	NA	NA	NA	NA	NA	NA	NA	NA	NA	NA	NA	NA	NA	NA	NA	NA	NA	NA	NA	NA	NA	NA
3	NA	NA	NA	NA	NA	NA	NA	NA	NA	NA	NA	NA	NA	NA	NA	NA	NA	NA	NA	NA	NA	NA	NA	NA	NA
4	NA	NA	NA	NA	NA	NA	NA	NA	NA	NA	NA	NA	NA	NA	NA	NA	NA	NA	NA	NA	NA	NA	NA	NA	NA
5	NA	NA	NA	NA	NA	NA	NA	NA	NA	NA	NA	NA	NA	NA	NA	NA	NA	NA	NA	NA	NA	NA	NA	NA	NA
6	NA	NA	NA	NA	NA	NA	NA	NA	NA	NA	NA	NA	NA	NA	NA	NA	NA	NA	NA	NA	NA	NA	NA	NA	NA
7	NA	NA	NA	NA	NA	NA	NA	NA	NA	NA	NA	NA	NA	NA	NA	NA	NA	NA	NA	NA	NA	NA	NA	NA	NA
8	NA	NA	NA	NA	NA	NA	NA	NA	NA	NA	NA	NA	NA	NA	NA	NA	NA	NA	NA	NA	NA	NA	NA	NA	NA
9	NA	NA	NA	NA	NA	NA	NA	NA	NA	NA	NA	NA	NA	NA	NA	NA	NA	NA	NA	NA	NA	NA	NA	NA	NA
10	0.940299	0.0298507	NA	0.0298507	NA	NA	1	NA	NA	NA	NA	NA	0.978261	0.0217391	NA	NA	NA	NA	1	NA	NA	NA	NA	NA	1
11	0.973905	0.0143104	0.00252537	0.00888556	0.000374129	0.0657023	0.910782	0.00662724	0.0166037	0.000285042	0.0238295	0.00527603	0.919392	0.0513277	0.000174703	0.0264386	0.0131082	0.0297712	0.93046	0.000222173	5.83942e-05	NA	2.91971e-05	NA	0.999912
12	0.973202	0.0135458	0.00562943	0.00752056	0.00010262	0.0547308	0.926529	0.00497553	0.0135808	0.000183524	0.0113347	0.00448717	0.949473	0.0345942	0.000110643	0.0123682	0.00571796	0.0257308	0.955934	0.000248607	4.45739e-05	1.62087e-05	1.62087e-05	4.86261e-05	0.999874
13	0.965286	0.0177797	0.00684293	0.00996378	0.000127468	0.0392688	0.94516	0.00476738	0.0106877	0.000115954	0.00809455	0.0034855	0.966784	0.0215368	9.93197e-05	0.0119813	0.00764975	0.0221264	0.958111	0.00013185	3.52437e-05	3.19188e-05	1.92843e-05	3.45787e-05	0.999879
14	0.963992	0.0184968	0.00579005	0.0115399	0.000181065	0.0350498	0.948106	0.00447392	0.0122182	0.000151967	0.0138912	0.00614827	0.945777	0.0340429	0.000140371	0.014775	0.0091565	0.0190134	0.956849	0.000205995	6.7516e-05	2.92994e-05	2.54777e-05	6.7516e-05	0.99981
15	0.967738	0.014865	0.00675807	0.0105279	0.000110675	0.0293334	0.952472	0.00550974	0.0125662	0.000118981	0.0127105	0.00662123	0.953313	0.0272542	0.000100648	0.0146629	0.00935929	0.0218562	0.953917	0.000205013	6.67729e-05	2.08665e-05	2.50399e-05	4.38197e-05	0.999844
16	0.964878	0.0149526	0.0073696	0.0126726	0.000127433	0.0268099	0.954393	0.00467859	0.0140382	7.99138e-05	0.0121492	0.00562746	0.954773	0.02735	9.98958e-05	0.017975	0.0117219	0.0278498	0.942295	0.00015833	6.19662e-05	2.75406e-05	2.6557e-05	4.5737e-05	0.999838
17	NA	NA	NA	NA	NA	NA	NA	NA	NA	NA	NA	NA	NA	NA	NA	NA	NA	NA	NA	NA	NA	NA	NA	NA	NA
18	1	NA	NA	NA	NA	NA	1	NA	NA	NA	NA	NA	1	NA	NA	NA	NA	NA	1	NA	NA	NA	NA	NA	1
19	1	NA	NA	NA	NA	NA	1	NA	NA	NA	NA	NA	1	NA	NA	NA	NA	NA	1	NA	NA	NA	NA	NA	1
20	0.997574	0.00177878	0.000323415	0.000161708	0.000161708	0.00752284	0.990596	0.000806018	0.00107469	NA	0.00140334	0.000467782	0.994504	0.00362531	NA	0.000768049	0.00179211	0.0015361	0.995392	0.000512033	NA	NA	NA	NA	1
21	0.99533	0.00191363	0.00198054	0.000736012	4.01461e-05	0.00520079	0.993512	0.000411059	0.000875735	NA	0.000710888	0.000253889	0.996412	0.00262352	NA	0.000486396	0.00137164	0.00232497	0.995788	2.91837e-05	1.36805e-05	1.36805e-05	1.36805e-05	2.39408e-05	0.999935
22	0.997151	0.0018202	0.000613327	0.000356125	5.93542e-05	0.00496222	0.993405	0.000288129	0.00128057	6.40287e-05	0.000934337	0.00020763	0.99538	0.0034259	5.19076e-05	0.000954526	0.000878164	0.0028254	0.995208	0.000133634	1.15839e-05	1.15839e-05	1.73758e-05	2.31677e-05	0.999936
23	0.996043	0.00111532	0.0023486	0.000471865	2.14484e-05	0.00298732	0.995436	0.000390302	0.0011559	3.00233e-05	0.00062763	0.0001997	0.997432	0.00172598	1.42643e-05	0.000425116	0.000871487	0.00125409	0.997378	7.08526e-05	1.34797e-05	8.0878e-06	1.07837e-05	2.42634e-05	0.999943
24	0.998004	0.00106222	0.000515016	0.000386262	3.21885e-05	0.00291267	0.995731	0.000251092	0.00105459	5.02185e-05	0.000588582	0.000245242	0.996567	0.00259957	NA	0.000408469	0.00199696	0.000930401	0.996619	4.53854e-05	8.66634e-06	4.33317e-05	1.73327e-05	1.73327e-05	0.999913
25	0.997086	0.000868943	0.00135453	0.000587814	0.000102229	0.00340376	0.99506	0.000373583	0.00112075	4.15093e-05	0.00116396	0.000349189	0.99678	0.00170715	NA	0.000400183	0.000609803	0.00106715	0.997847	7.62253e-05	1.41422e-05	1.41422e-05	2.82843e-05	4.94976e-05	0.999894
26	0.997033	0.00112251	0.00128287	0.000400898	0.000160359	0.00258684	0.99692	0.000123183	0.000369549	NA	0.00040546	0.000135153	0.995405	0.00324368	0.00081092	0.000376952	0.00107701	0.000807754	0.997577	0.000161551	6.44731e-05	4.29821e-05	4.29821e-05	8.59642e-05	0.999764
27	0.996715	0.0013096	0.00109297	0.000817268	6.47063e-05	0.00279483	0.995416	0.00029896	0.00146536	2.49134e-05	0.00151401	0.000596192	0.994368	0.00349282	2.94174e-05	0.00107976	0.000977962	0.00401594	0.993819	0.000107519	3.03681e-05	1.59832e-05	1.47845e-05	3.07677e-05	0.999908
28	0.997649	0.000345758	0.00169421	0.000276606	3.45758e-05	0.000241779	0.998791	0.000151112	0.000816006	NA	0.00153663	0.000274399	0.996634	0.00153663	1.82932e-05	0.000275311	0.000206484	0.000344139	0.999036	0.000137656	2.28721e-05	NA	7.62404e-06	3.04962e-05	0.999939
29	0.999548	NA	0.00015083	NA	0.000301659	0.00159193	0.997612	0.000265322	0.000530645	NA	0.000558847	NA	0.999441	NA	NA	0.000706714	NA	NA	0.999293	NA	NA	NA	NA	NA	1
30	0.997967	0.00048258	0.00110211	0.000406932	4.17367e-05	0.000454326	0.998259	0.000149367	0.00111818	1.86709e-05	0.000982859	0.000163489	0.997977	0.000867454	9.61701e-06	0.000504124	0.0011304	0.000537086	0.997793	3.49009e-05	1.75578e-05	4.38944e-06	7.90099e-06	1.5363e-05	0.999955
31	0.998384	0.000420762	0.000871313	0.000273061	5.08886e-05	0.00049591	0.998606	8.7858e-05	0.000796579	1.36668e-05	0.000672797	0.000117008	0.998658	0.00054482	7.31302e-06	0.00035018	0.000756444	0.000486969	0.998364	4.24046e-05	1.76821e-05	5.50111e-06	6.28698e-06	1.68963e-05	0.999954
32	0.998022	0.000247301	0.00162253	7.84124e-05	3.01586e-05	0.000217354	0.999496	2.60824e-05	0.000260824	NA	0.000153685	1.70761e-05	0.999599	0.000221989	8.53803e-06	0.000126067	0.000970171	0.000142511	0.998734	2.7406e-05	1.07415e-05	3.58049e-06	7.16098e-06	NA	0.999979
33	0.998345	0.000237819	0.00134596	6.07198e-05	1.012e-05	0.000437776	0.999265	5.19396e-05	0.000230018	1.48399e-05	0.000215345	6.94662e-05	0.999514	0.000180612	2.08398e-05	6.29822e-05	0.000763659	0.000192883	0.998961	1.96819e-05	7.33235e-06	1.46647e-06	5.86588e-06	7.33235e-06	0.999978
34	0.998585	0.000317203	0.000780164	0.000249103	6.81e-05	0.000204263	0.998948	5.89038e-05	0.000779051	9.50062e-06	0.000668049	9.156e-05	0.998839	0.000385739	1.526e-05	0.000323372	0.000760218	0.000471611	0.998384	6.10011e-05	1.71589e-05	7.7492e-06	5.53514e-06	1.88195e-05	0.999951
35	0.999126	0.000234662	0.000477018	0.000101943	6.0589e-05	0.000254035	0.999486	2.57717e-05	0.000231945	2.45445e-06	0.00037451	3.65376e-05	0.999426	0.0001592	3.91474e-06	0.000122054	0.000350799	0.000519797	0.998952	5.54791e-05	1.15984e-05	4.92931e-06	4.34939e-06	1.59478e-05	0.999963
36	0.998698	0.000199558	0.000823124	0.000220519	5.85138e-05	9.93474e-05	0.999216	4.65905e-05	0.000628287	9.59216e-06	0.000551897	5.60924e-05	0.999213	0.000168277	1.03158e-05	0.000215484	0.000791104	0.000168097	0.99876	6.48446e-05	1.54712e-05	5.33961e-06	8.62552e-06	1.49235e-05	0.999956
37	0.998703	0.000178287	0.000887475	0.000184513	4.64113e-05	0.000113705	0.999222	3.88736e-05	0.000614203	1.16621e-05	0.000451001	4.06397e-05	0.99937	0.000120928	1.78418e-05	0.000210803	0.000785819	0.000221531	0.998726	5.57851e-05	1.9055e-05	5.64594e-06	5.4695e-06	2.04665e-05	0.999949
38	0.998836	0.000164709	0.000772098	0.00016582	6.1072e-05	6.2033e-05	0.999352	2.98461e-05	0.000548349	8.19304e-06	0.000437966	4.78748e-05	0.999418	7.74271e-05	1.89135e-05	0.00017352	0.00077083	0.000155352	0.998831	6.89631e-05	1.68226e-05	8.52498e-06	6.81999e-06	1.5686e-05	0.999952
39	0.998818	0.000188923	0.000766344	0.000161451	6.53412e-05	4.37135e-05	0.999318	2.70672e-05	0.000598861	1.28569e-05	0.00048772	3.79638e-05	0.999414	4.70156e-05	1.37804e-05	0.000159679	0.000720538	9.13358e-05	0.998967	6.09698e-05	1.81005e-05	7.44414e-06	7.08723e-06	1.66473e-05	0.999951
40	0.999064	0.00020175	0.000558621	0.00010603	6.93899e-05	3.08808e-05	0.999283	2.46658e-05	0.000643349	1.81594e-05	0.000458115	3.10473e-05	0.999467	2.61334e-05	1.74222e-05	0.000102461	0.000671233	7.6422e-05	0.999096	5.43361e-05	2.43691e-05	1.00204e-05	7.39176e-06	2.14242e-05	0.999937
