quality	AA	AC	AG	AT	A.	CA	CC	CG	CT	C.	GA	GC	GG	GT	G.	TA	TC	TG	TT	T.	.A	.C	.G	.T	..
0	NA	NA	NA	NA	NA	NA	NA	NA	NA	NA	NA	NA	NA	NA	NA	NA	NA	NA	NA	NA	NA	NA	NA	NA	NA
1	NA	NA	NA	NA	NA	NA	NA	NA	NA	NA	NA	NA	NA	NA	NA	NA	NA	NA	NA	NA	NA	NA	NA	NA	NA
2	NA	NA	NA	NA	NA	NA	NA	NA	NA	NA	NA	NA	NA	NA	NA	NA	NA	NA	NA	NA	NA	NA	NA	NA	NA
3	NA	NA	NA	NA	NA	NA	NA	NA	NA	NA	NA	NA	NA	NA	NA	NA	NA	NA	NA	NA	NA	NA	NA	NA	NA
4	NA	NA	NA	NA	NA	NA	NA	NA	NA	NA	NA	NA	NA	NA	NA	NA	NA	NA	NA	NA	NA	NA	NA	NA	NA
5	NA	NA	NA	NA	NA	NA	NA	NA	NA	NA	NA	NA	NA	NA	NA	NA	NA	NA	NA	NA	NA	NA	NA	NA	NA
6	NA	NA	NA	NA	NA	NA	NA	NA	NA	NA	NA	NA	NA	NA	NA	NA	NA	NA	NA	NA	NA	NA	NA	NA	NA
7	NA	NA	NA	NA	NA	NA	NA	NA	NA	NA	NA	NA	NA	NA	NA	NA	NA	NA	NA	NA	NA	NA	NA	NA	NA
8	NA	NA	NA	NA	NA	NA	NA	NA	NA	NA	NA	NA	NA	NA	NA	NA	NA	NA	NA	NA	NA	NA	NA	NA	NA
9	NA	NA	NA	NA	NA	NA	NA	NA	NA	NA	NA	NA	NA	NA	NA	NA	NA	NA	NA	NA	NA	NA	NA	NA	NA
10	0.990099	0.00990099	NA	NA	NA	0.047619	0.904762	NA	0.047619	NA	0.0206897	NA	0.951724	0.0275862	NA	NA	NA	NA	1	NA	NA	NA	NA	NA	1
11	0.976812	0.0123578	0.00322526	0.00743507	0.00016975	0.0631243	0.914471	0.00547046	0.0167919	0.000142708	0.0221691	0.00531039	0.91886	0.0535213	0.000139137	0.022828	0.00487589	0.0214982	0.950798	NA	4.87353e-05	NA	9.74706e-06	5.84824e-05	0.999883
12	0.97212	0.0150756	0.00522326	0.00745632	0.000124591	0.0495975	0.930968	0.00586	0.0134973	7.72748e-05	0.010983	0.00444376	0.947825	0.0365937	0.00015492	0.0111719	0.00537681	0.0244971	0.958831	0.000123039	3.88912e-05	1.55565e-05	2.0742e-05	4.66695e-05	0.999878
13	0.968026	0.01719	0.00572213	0.00896177	0.000100362	0.0360097	0.948175	0.00448141	0.0112175	0.000116461	0.00803282	0.00352957	0.967732	0.0206109	9.51546e-05	0.0127672	0.00784806	0.0211913	0.958079	0.00011452	3.51377e-05	2.29566e-05	2.57676e-05	2.48306e-05	0.999891
14	0.965288	0.0183788	0.00601277	0.0101571	0.000162979	0.0314356	0.953112	0.00411606	0.0111969	0.00013917	0.0135956	0.00586516	0.94774	0.0326389	0.000159994	0.0140025	0.0114697	0.0214093	0.952897	0.000221209	5.77725e-05	4.06213e-05	4.69402e-05	5.41617e-05	0.999801
15	0.964489	0.0168899	0.00663786	0.0118926	9.08604e-05	0.0280884	0.954639	0.0049236	0.0122262	0.00012263	0.0136934	0.00674566	0.949667	0.0297441	0.000150249	0.0145262	0.00984197	0.0202038	0.95522	0.000207929	5.05994e-05	4.62623e-05	3.03596e-05	4.48166e-05	0.999828
16	0.96382	0.0149763	0.00758763	0.0134773	0.000139046	0.0238742	0.959123	0.00439838	0.0125032	0.000101053	0.0123171	0.00583613	0.953717	0.0280245	0.000105733	0.0178062	0.0125221	0.0270317	0.942522	0.000118425	5.4593e-05	3.50955e-05	2.7651e-05	4.36035e-05	0.999839
17	NA	NA	NA	NA	NA	NA	NA	NA	NA	NA	NA	NA	NA	NA	NA	NA	NA	NA	NA	NA	NA	NA	NA	NA	NA
18	1	NA	NA	NA	NA	NA	1	NA	NA	NA	NA	NA	1	NA	NA	NA	NA	NA	1	NA	NA	NA	NA	NA	1
19	0.990654	0.00934579	NA	NA	NA	NA	1	NA	NA	NA	NA	NA	1	NA	NA	NA	NA	NA	1	NA	NA	NA	NA	NA	1
20	0.99748	0.0016433	0.000219106	0.000547765	0.000109553	0.00893437	0.989116	0.000812216	0.0011371	NA	0.00129552	0.000431841	0.99561	0.00266302	NA	0.00239311	0.000159541	0.00430759	0.992821	0.000319081	2.82398e-05	NA	2.82398e-05	NA	0.999944
21	0.996919	0.001927	0.000605096	0.000512004	3.72367e-05	0.00406331	0.993303	0.000401314	0.00219469	3.76232e-05	0.000861151	0.000394694	0.996472	0.0022366	3.58813e-05	0.000712213	0.000552464	0.00218989	0.996499	4.65934e-05	2.37602e-05	2.13842e-05	7.12807e-06	2.37602e-05	0.999924
22	0.996726	0.00189261	0.00095321	0.000359181	6.90732e-05	0.00517175	0.993338	0.000361345	0.00110662	2.25841e-05	0.00100145	0.000222544	0.996031	0.00272616	1.85453e-05	0.000830131	0.000656071	0.0026109	0.995823	8.03353e-05	4.48615e-05	4.07832e-06	2.03916e-05	3.67049e-05	0.999894
23	0.997568	0.00130505	0.000726674	0.000385582	1.48301e-05	0.00311599	0.994201	0.000285192	0.00233435	6.3376e-05	0.000593144	0.000281492	0.997306	0.00178948	3.01598e-05	0.000444565	0.00063721	0.00122996	0.997654	3.45773e-05	1.69416e-05	7.52961e-06	9.41201e-06	2.25888e-05	0.999944
24	0.99765	0.00110971	0.000696288	0.00043518	0.000108795	0.00254517	0.995376	0.000322627	0.00172068	3.58474e-05	0.000679232	0.000339616	0.997181	0.00179997	NA	0.000326528	0.000248783	0.000948486	0.998476	NA	2.98372e-05	1.79023e-05	1.79023e-05	3.58046e-05	0.999899
25	0.997608	0.00104778	0.000943001	0.000401649	NA	0.00289436	0.99554	0.000177205	0.00138811	NA	0.000992638	0.000358453	0.996526	0.00209557	2.75733e-05	0.000401048	0.00118978	0.000909042	0.997447	5.34731e-05	4.45203e-05	9.8934e-06	1.97868e-05	2.96802e-05	0.999896
26	0.995509	0.00112274	0.00290891	0.000357234	0.000102067	0.00233739	0.997018	8.05997e-05	0.000564198	NA	0.000496196	0.000413497	0.997436	0.00165399	NA	0.00040115	0.00307548	0.00106973	0.995353	0.000100287	5.40752e-05	2.70376e-05	1.35188e-05	5.40752e-05	0.999851
27	0.996425	0.0014529	0.00132009	0.000752911	4.89292e-05	0.00274306	0.995392	0.000538358	0.00129302	3.36474e-05	0.00165006	0.000595777	0.99442	0.00331659	1.78459e-05	0.000985433	0.00118993	0.00437729	0.993365	8.21195e-05	3.5245e-05	1.86094e-05	2.17109e-05	3.24254e-05	0.999892
28	0.998766	0.000269131	0.000560689	0.000336413	6.72827e-05	0.000500163	0.99776	2.17462e-05	0.00169621	2.17462e-05	0.00130508	0.000215517	0.996959	0.00152059	NA	0.000451998	0.00180799	0.000406798	0.997288	4.51998e-05	4.58758e-05	NA	1.52919e-05	5.09731e-06	0.999934
29	0.999366	0.00021126	0.00021126	0.00010563	0.00010563	0.000572519	0.999427	NA	NA	NA	0.000257218	NA	0.999486	0.000257218	NA	0.000263089	NA	NA	0.999737	NA	2.9366e-05	NA	NA	2.9366e-05	0.999941
30	0.998215	0.000551686	0.000842241	0.000354918	3.58596e-05	0.000400744	0.997989	0.000252524	0.00134496	1.23517e-05	0.000945879	0.000210344	0.997941	0.000894967	8.03863e-06	0.000406914	0.00112159	0.000852459	0.997588	3.09049e-05	1.5909e-05	5.70324e-06	7.20409e-06	1.0506e-05	0.999961
31	0.99861	0.000471287	0.000706499	0.000182462	2.94014e-05	0.000460678	0.998321	0.000217326	0.000995534	5.20541e-06	0.000610983	7.9965e-05	0.998726	0.000571	1.24945e-05	0.000199366	0.000762714	0.000706013	0.998304	2.83503e-05	1.52032e-05	4.00084e-06	4.00084e-06	1.36029e-05	0.999963
32	0.999123	0.000233343	0.000566073	6.48175e-05	1.29635e-05	0.000280294	0.998464	3.36353e-05	0.00121648	5.60588e-06	0.000245949	4.19913e-05	0.99949	0.000203958	1.79963e-05	5.39965e-05	0.000507567	0.000169189	0.999258	1.07993e-05	1.20966e-06	2.41933e-06	NA	8.46765e-06	0.999988
33	0.999245	0.000229596	0.000455714	5.56597e-05	1.39149e-05	0.000475111	0.99858	1.95922e-05	0.000911037	1.46941e-05	0.000153355	4.64712e-05	0.999633	0.000158002	9.29424e-06	4.43324e-05	0.000584144	0.000234701	0.999124	1.30389e-05	6.8417e-06	1.95477e-06	4.88693e-06	2.93216e-06	0.999983
34	0.998541	0.000457727	0.000836083	0.000134481	3.04329e-05	0.000199896	0.998821	0.000190286	0.000782285	6.40692e-06	0.000643038	9.37525e-05	0.998887	0.000368683	7.47719e-06	0.000139304	0.000791017	0.0008376	0.998188	4.39208e-05	1.39267e-05	6.27328e-06	5.89688e-06	1.59341e-05	0.999958
35	0.998966	0.000379346	0.000586541	4.73414e-05	2.02892e-05	0.000239014	0.999428	9.23269e-05	0.000239877	8.62868e-07	0.000348939	5.45468e-05	0.999426	0.000162036	8.02159e-06	4.47629e-05	0.000393564	0.000763875	0.998761	3.72055e-05	7.89733e-06	3.08189e-06	7.5121e-06	1.11718e-05	0.99997
36	0.998906	0.000295323	0.000681356	8.92426e-05	2.78883e-05	8.12905e-05	0.998957	0.000167605	0.000789157	4.56688e-06	0.000509689	6.7155e-05	0.999248	0.000167457	7.74865e-06	9.1628e-05	0.000747018	0.000403163	0.998715	4.29818e-05	1.43798e-05	4.30479e-06	5.03752e-06	1.19985e-05	0.999964
37	0.998579	0.00027051	0.00104274	7.70705e-05	3.09045e-05	8.95806e-05	0.998943	0.000200583	0.000760137	7.14048e-06	0.000453737	4.45226e-05	0.999388	0.000102795	1.11306e-05	6.70776e-05	0.000744276	0.00039747	0.99875	4.13883e-05	1.36638e-05	4.94725e-06	4.2405e-06	1.31927e-05	0.999964
38	0.998667	0.000306054	0.000941025	5.65402e-05	2.90076e-05	5.57502e-05	0.999096	0.000156632	0.000681518	9.86058e-06	0.000444741	4.40873e-05	0.999424	7.85064e-05	8.89482e-06	5.14267e-05	0.000704863	0.000354138	0.998844	4.50898e-05	1.64296e-05	5.22759e-06	4.55547e-06	1.26209e-05	0.999961
39	0.998803	0.000351085	0.000763828	4.84769e-05	3.36415e-05	3.71724e-05	0.999154	0.000188435	0.000611792	8.42811e-06	0.000420062	3.54321e-05	0.999486	4.64612e-05	1.17239e-05	4.5388e-05	0.000686874	0.00032403	0.998897	4.71993e-05	1.52753e-05	5.9607e-06	6.64145e-06	1.34157e-05	0.999959
40	0.999085	0.000339324	0.000491395	4.31845e-05	4.09328e-05	2.23156e-05	0.999236	0.000166269	0.000564414	1.0609e-05	0.000396232	3.03065e-05	0.999535	2.49944e-05	1.32804e-05	3.75901e-05	0.000576395	0.000336181	0.99901	3.98779e-05	1.81099e-05	6.37293e-06	8.20607e-06	1.43452e-05	0.999953
