quality	AA	AC	AG	AT	A.	CA	CC	CG	CT	C.	GA	GC	GG	GT	G.	TA	TC	TG	TT	T.	.A	.C	.G	.T	..
0	NA	NA	NA	NA	NA	NA	NA	NA	NA	NA	NA	NA	NA	NA	NA	NA	NA	NA	NA	NA	NA	NA	NA	NA	NA
1	NA	NA	NA	NA	NA	NA	NA	NA	NA	NA	NA	NA	NA	NA	NA	NA	NA	NA	NA	NA	NA	NA	NA	NA	NA
2	NA	NA	NA	NA	NA	NA	NA	NA	NA	NA	NA	NA	NA	NA	NA	NA	NA	NA	NA	NA	NA	NA	NA	NA	NA
3	NA	NA	NA	NA	NA	NA	NA	NA	NA	NA	NA	NA	NA	NA	NA	NA	NA	NA	NA	NA	NA	NA	NA	NA	NA
4	NA	NA	NA	NA	NA	NA	NA	NA	NA	NA	NA	NA	NA	NA	NA	NA	NA	NA	NA	NA	NA	NA	NA	NA	NA
5	NA	NA	NA	NA	NA	NA	NA	NA	NA	NA	NA	NA	NA	NA	NA	NA	NA	NA	NA	NA	NA	NA	NA	NA	NA
6	NA	NA	NA	NA	NA	NA	NA	NA	NA	NA	NA	NA	NA	NA	NA	NA	NA	NA	NA	NA	NA	NA	NA	NA	NA
7	NA	NA	NA	NA	NA	NA	NA	NA	NA	NA	NA	NA	NA	NA	NA	NA	NA	NA	NA	NA	NA	NA	NA	NA	NA
8	NA	NA	NA	NA	NA	NA	NA	NA	NA	NA	NA	NA	NA	NA	NA	NA	NA	NA	NA	NA	NA	NA	NA	NA	NA
9	NA	NA	NA	NA	NA	NA	NA	NA	NA	NA	NA	NA	NA	NA	NA	NA	NA	NA	NA	NA	NA	NA	NA	NA	NA
10	1	NA	NA	NA	NA	0.0666667	0.933333	NA	NA	NA	0.0384615	NA	0.961538	NA	NA	NA	NA	NA	1	NA	NA	NA	NA	NA	1
11	0.974733	0.00744852	0.00423543	0.0134365	0.000146049	0.0590379	0.927551	0.00247813	0.0107872	0.000145773	0.0170742	0.00555668	0.940392	0.0368761	0.000101031	0.0237805	0.00365854	0.0121951	0.959756	0.000609756	7.9255e-05	NA	7.9255e-05	7.9255e-05	0.999762
12	0.973143	0.0178066	0.0042309	0.00474596	7.35808e-05	0.044942	0.941691	0.00313549	0.0101766	5.50085e-05	0.0106114	0.00460104	0.955648	0.0288912	0.000248705	0.0130964	0.00497462	0.0188325	0.962995	0.000101523	7.85969e-05	3.36844e-05	2.24563e-05	0.000314388	0.999551
13	0.96565	0.0190423	0.00725577	0.00796165	9.02868e-05	0.0351756	0.951933	0.00447866	0.00826736	0.000145254	0.00823051	0.00371454	0.968185	0.0197939	7.63262e-05	0.0129745	0.00836305	0.0226076	0.95585	0.000205168	5.71705e-05	3.11839e-05	3.63812e-05	9.8749e-05	0.999777
14	0.962166	0.0209899	0.00654986	0.0100873	0.000207274	0.0335321	0.951966	0.00414913	0.0102132	0.000139634	0.0129797	0.00561726	0.955207	0.0261048	9.08942e-05	0.0172952	0.0116443	0.0238213	0.946935	0.000304426	7.82755e-05	6.08809e-05	5.21837e-05	6.95782e-05	0.999739
15	0.969627	0.0149542	0.00631455	0.0090068	9.79e-05	0.0293676	0.949032	0.00780026	0.0136338	0.000166672	0.0138269	0.00434427	0.953871	0.0278641	9.34252e-05	0.0169698	0.00992572	0.0250704	0.947906	0.000128074	2.9077e-05	2.9077e-05	7.26924e-06	0.000116308	0.999818
16	0.965973	0.0143841	0.00763731	0.0116602	0.000345722	0.028635	0.950922	0.00557526	0.0147139	0.000153447	0.0122166	0.00526735	0.957722	0.0247122	8.20459e-05	0.0207651	0.012571	0.0278267	0.938608	0.000229027	0.000109063	5.62358e-05	7.15728e-05	6.81646e-05	0.999695
17	NA	NA	NA	NA	NA	NA	NA	NA	NA	NA	NA	NA	NA	NA	NA	NA	NA	NA	NA	NA	NA	NA	NA	NA	NA
18	1	NA	NA	NA	NA	0.25	0.75	NA	NA	NA	NA	NA	1	NA	NA	NA	NA	NA	1	NA	NA	NA	NA	NA	1
19	1	NA	NA	NA	NA	NA	1	NA	NA	NA	NA	NA	1	NA	NA	NA	NA	NA	1	NA	NA	NA	NA	NA	1
20	0.993939	0.00165289	0.00275482	0.00110193	0.000550964	0.0129964	0.98556	0.000722022	0.000722022	NA	0.00124636	NA	0.995015	0.00373909	NA	0.00083682	0.00251046	0.00083682	0.995816	NA	NA	NA	NA	NA	1
21	0.993816	0.0024832	0.00287272	0.000779044	4.86902e-05	0.00477002	0.993526	0.000545145	0.00115843	NA	0.00166522	0.000266436	0.99607	0.00199827	NA	0.000585416	0.000365885	0.00234166	0.996707	NA	1.29761e-05	1.29761e-05	2.59521e-05	7.78564e-05	0.99987
22	0.996644	0.00227935	0.000696467	0.000379891	NA	0.00384098	0.995487	NA	0.000672172	NA	0.00139498	0.000298924	0.995217	0.00308888	NA	0.00235782	0.000428694	0.0037868	0.992927	0.000500143	1.99326e-05	7.97305e-05	NA	0.000179394	0.999721
23	0.995641	0.00165339	0.00217947	0.000488501	3.7577e-05	0.0025049	0.995644	0.000272272	0.00152472	5.44544e-05	0.000859898	0.000184264	0.996806	0.00214975	NA	0.000627336	0.000392085	0.0010717	0.997752	0.000156834	1.00811e-05	1.00811e-05	NA	0.000110892	0.999869
24	0.997229	0.00110852	0.00133023	0.000332557	NA	0.00238044	0.995239	0.000432807	0.00194763	NA	0.00115987	0.000193311	0.996907	0.0017398	NA	8.09323e-05	NA	0.000647459	0.999272	NA	NA	3.21812e-05	6.43625e-05	0.000321812	0.999582
25	0.998047	0.00122041	0.000325441	0.000244081	0.000162721	0.00253389	0.996706	0.000253389	0.000506778	NA	0.000747831	0.000299133	0.997457	0.00149566	NA	0.00129006	0.000543183	0.00095057	0.996877	0.000339489	2.40697e-05	NA	2.40697e-05	4.81394e-05	0.999904
26	0.9974	0.000866551	0.000866551	0.000866551	NA	0.00343137	0.994118	0.00147059	0.000980392	NA	NA	NA	1	NA	NA	0.000217486	0.000434972	0.00173989	0.997608	NA	NA	NA	NA	0.000852079	0.999148
27	0.995392	0.00279982	0.000958327	0.000808001	4.22791e-05	0.003075	0.99489	0.000323684	0.00169549	1.54135e-05	0.00169569	0.000665921	0.994714	0.0028971	2.74606e-05	0.00143302	0.00133911	0.00387037	0.993202	0.000155141	7.32022e-05	2.48611e-05	3.59105e-05	5.38658e-05	0.999812
28	0.998631	0.000391045	0.00078209	0.000195523	NA	0.00066482	0.998227	0.000110803	0.00099723	NA	0.00270665	0.000216532	0.995723	0.00124506	0.000108266	0.000199322	0.000398645	0.00119593	0.998206	NA	2.35139e-05	NA	NA	NA	0.999976
29	0.996226	NA	0.00377358	NA	NA	0.00145243	0.997821	NA	0.000726216	NA	0.000797872	NA	0.99867	0.000531915	NA	NA	NA	NA	1	NA	NA	NA	NA	NA	1
30	0.997188	0.0012013	0.0012369	0.000329246	4.44927e-05	0.000533449	0.998184	0.00013505	0.00114117	6.75251e-06	0.000991575	0.000166329	0.997946	0.000876424	1.91918e-05	0.000589347	0.00117229	0.000800743	0.99738	5.76535e-05	5.12768e-05	1.61156e-05	1.46505e-05	9.22982e-05	0.999826
31	0.998251	0.000621828	0.000826322	0.000242054	5.84268e-05	0.000533687	0.998643	0.000109309	0.000707295	6.42996e-06	0.00073433	0.000109239	0.998477	0.000661504	1.82065e-05	0.000518077	0.000777116	0.00086963	0.99778	5.55083e-05	5.12335e-05	1.83915e-05	1.44505e-05	0.000105094	0.999811
32	0.998077	0.000254901	0.00159892	4.63456e-05	2.31728e-05	0.000225334	0.999549	3.21906e-05	0.000193143	NA	0.000362208	2.78621e-05	0.999526	8.35864e-05	NA	6.34719e-05	0.000190416	0.000444303	0.999281	2.11573e-05	NA	6.65115e-06	NA	0.000152976	0.99984
33	0.99833	0.000319716	0.00129663	5.3286e-05	NA	0.000389004	0.999196	NA	0.000414938	NA	0.000453007	4.76849e-05	0.999189	0.000286109	2.38424e-05	4.28553e-05	8.57106e-05	0.000357128	0.9995	1.42851e-05	1.55745e-05	NA	NA	0.000327064	0.999657
34	0.997426	0.00151918	0.000765461	0.00023884	5.09002e-05	0.000268063	0.998915	4.9299e-05	0.000767216	NA	0.00085492	8.15548e-05	0.99872	0.000329032	1.40612e-05	0.00044515	0.000916744	0.00065891	0.997906	7.27225e-05	5.2439e-05	2.62195e-05	1.82927e-05	6.09756e-05	0.999842
35	0.997657	0.00184795	0.000363482	9.16341e-05	3.97081e-05	0.000304236	0.999256	2.6292e-05	0.000409404	3.756e-06	0.000509438	4.83408e-05	0.999223	0.000215674	3.71852e-06	0.000195377	0.000427565	0.000622942	0.99863	0.000124588	2.96876e-05	8.99624e-06	1.34944e-05	2.8788e-05	0.999919
36	0.998137	0.000651216	0.000971186	0.000176195	6.48397e-05	0.000116689	0.999235	2.01962e-05	0.000626081	2.24402e-06	0.000787589	5.9122e-05	0.998961	0.000175254	1.6892e-05	0.000319437	0.000798592	0.000416236	0.998417	4.83995e-05	5.61027e-05	1.60293e-05	1.55841e-05	8.81614e-05	0.999824
37	0.998601	0.000362454	0.000828727	0.000173031	3.46062e-05	0.000115672	0.999136	4.17704e-05	0.000703671	3.21311e-06	0.000564001	3.60698e-05	0.999249	0.000147558	3.27908e-06	0.000310489	0.000805875	0.000392472	0.998359	0.000132568	5.98839e-05	1.72742e-05	1.95774e-05	0.000109979	0.999793
38	0.998235	0.000715781	0.000806711	0.00019818	4.42992e-05	7.97179e-05	0.999303	1.51844e-05	0.000599782	1.89804e-06	0.000601169	3.58063e-05	0.999256	9.42271e-05	1.31918e-05	0.000274204	0.000807442	0.000337212	0.998494	8.75118e-05	7.43907e-05	1.66115e-05	1.87782e-05	8.95578e-05	0.999801
39	0.998041	0.000941018	0.000812815	0.000159864	4.54159e-05	5.28845e-05	0.999452	1.50484e-05	0.00047811	2.14977e-06	0.00061696	2.29606e-05	0.999281	6.5055e-05	1.36063e-05	0.000255391	0.000834425	0.000260284	0.998591	5.91999e-05	6.71917e-05	1.89597e-05	1.72937e-05	8.71033e-05	0.999809
40	0.997913	0.000989	0.000890062	0.000166109	4.15273e-05	2.45786e-05	0.999479	1.33257e-05	0.000475876	6.81092e-06	0.000604873	2.23672e-05	0.999323	2.97164e-05	1.98109e-05	0.000215948	0.000670822	0.000217923	0.998863	3.26705e-05	0.000115074	2.51671e-05	1.71831e-05	6.43931e-05	0.999778
