quality	AA	AC	AG	AT	A.	CA	CC	CG	CT	C.	GA	GC	GG	GT	G.	TA	TC	TG	TT	T.	.A	.C	.G	.T	..
0	NA	NA	NA	NA	NA	NA	NA	NA	NA	NA	NA	NA	NA	NA	NA	NA	NA	NA	NA	NA	NA	NA	NA	NA	NA
1	NA	NA	NA	NA	NA	NA	NA	NA	NA	NA	NA	NA	NA	NA	NA	NA	NA	NA	NA	NA	NA	NA	NA	NA	NA
2	NA	NA	NA	NA	NA	NA	NA	NA	NA	NA	NA	NA	NA	NA	NA	NA	NA	NA	NA	NA	NA	NA	NA	NA	NA
3	NA	NA	NA	NA	NA	NA	NA	NA	NA	NA	NA	NA	NA	NA	NA	NA	NA	NA	NA	NA	NA	NA	NA	NA	NA
4	NA	NA	NA	NA	NA	NA	NA	NA	NA	NA	NA	NA	NA	NA	NA	NA	NA	NA	NA	NA	NA	NA	NA	NA	NA
5	NA	NA	NA	NA	NA	NA	NA	NA	NA	NA	NA	NA	NA	NA	NA	NA	NA	NA	NA	NA	NA	NA	NA	NA	NA
6	NA	NA	NA	NA	NA	NA	NA	NA	NA	NA	NA	NA	NA	NA	NA	NA	NA	NA	NA	NA	NA	NA	NA	NA	NA
7	NA	NA	NA	NA	NA	NA	NA	NA	NA	NA	NA	NA	NA	NA	NA	NA	NA	NA	NA	NA	NA	NA	NA	NA	NA
8	NA	NA	NA	NA	NA	NA	NA	NA	NA	NA	NA	NA	NA	NA	NA	NA	NA	NA	NA	NA	NA	NA	NA	NA	NA
9	NA	NA	NA	NA	NA	NA	NA	NA	NA	NA	NA	NA	NA	NA	NA	NA	NA	NA	NA	NA	NA	NA	NA	NA	NA
10	NA	NA	NA	NA	NA	NA	NA	NA	NA	NA	NA	NA	NA	NA	NA	NA	NA	NA	NA	NA	NA	NA	NA	NA	NA
11	0.9752	0.00630517	0.00504414	0.0130307	0.000420345	0.051001	0.934223	0.00762631	0.00714967	NA	0.014868	0.0023071	0.958216	0.0246091	NA	0.0395833	0.00625	0.0145833	0.939583	NA	0.000112943	NA	NA	NA	0.999887
12	0.973538	0.0144191	0.00434213	0.0076192	8.19269e-05	0.0339323	0.950846	0.00274841	0.0122622	0.000211416	0.013606	0.00564778	0.952678	0.0280678	NA	0.0145959	0.00830663	0.0185119	0.958467	0.000118666	4.79226e-05	NA	NA	0.000119806	0.999832
13	0.961912	0.0181521	0.00740791	0.0123919	0.000136175	0.0305966	0.951499	0.00453578	0.0131697	0.000198938	0.0106166	0.00545694	0.958022	0.0256922	0.000212332	0.0151273	0.0111539	0.0221669	0.951348	0.000203366	7.68515e-05	5.12343e-05	4.69648e-05	0.000175051	0.99965
14	0.960305	0.0188646	0.00766512	0.0130108	0.000154628	0.0301147	0.952267	0.00486344	0.012529	0.000225457	0.0164995	0.00716185	0.947329	0.0288892	0.000120875	0.0211415	0.0147933	0.024014	0.93985	0.000201074	9.71231e-05	3.46868e-05	4.85615e-05	8.32484e-05	0.999736
15	0.972627	0.00879985	0.00636585	0.0120577	0.000149785	0.0136559	0.973604	0.00316416	0.00949249	8.32674e-05	0.0115693	0.00458604	0.962999	0.020533	0.000312685	0.0286958	0.0129561	0.0282403	0.929956	0.00015183	0.000127533	4.25111e-05	1.06278e-05	0.000148789	0.999671
16	0.96383	0.0127922	0.00996604	0.0131517	0.000260307	0.0183757	0.961263	0.00499634	0.0152399	0.000125431	0.017225	0.00795147	0.951611	0.0231351	7.7765e-05	0.018993	0.0112196	0.0193794	0.950207	0.000200903	0.000151445	7.3676e-05	9.00484e-05	0.000106421	0.999578
17	NA	NA	NA	NA	NA	NA	NA	NA	NA	NA	NA	NA	NA	NA	NA	NA	NA	NA	NA	NA	NA	NA	NA	NA	NA
18	NA	NA	NA	NA	NA	NA	NA	NA	NA	NA	NA	NA	NA	NA	NA	NA	NA	NA	NA	NA	NA	NA	NA	NA	NA
19	NA	NA	NA	NA	NA	NA	NA	NA	NA	NA	NA	NA	NA	NA	NA	NA	NA	NA	NA	NA	NA	NA	NA	NA	NA
20	0.991537	NA	0.00564175	0.00282087	NA	0.00733945	0.990826	NA	0.00183486	NA	0.000944287	0.000944287	0.994334	0.00377715	NA	NA	NA	NA	1	NA	NA	NA	NA	NA	1
21	0.994269	0.00132261	0.00374738	0.000661303	NA	0.00207993	0.995989	0.000297133	0.00163423	NA	0.00106228	0.000265569	0.997344	0.00132784	NA	0.00086793	0.00086793	0.00195284	0.996311	NA	2.71902e-05	NA	NA	2.71902e-05	0.999946
22	0.995758	0.0021211	0.0014462	0.000578481	9.64134e-05	0.00328183	0.994941	0.000273486	0.00150417	NA	0.00262314	0.00102011	0.993588	0.00276887	NA	0.00210385	0.00133882	0.00306015	0.993402	9.56297e-05	5.72475e-05	NA	NA	0.000114495	0.999828
23	0.996313	0.00125107	0.00204122	0.000395075	NA	0.00287109	0.995502	0.000574218	0.00105273	NA	0.00109879	0.000699231	0.996404	0.00179802	NA	0.00106468	0.000665425	0.00177447	0.996495	NA	NA	1.72631e-05	1.72631e-05	0.000103579	0.999862
24	0.996047	0.000823452	0.00296443	0.00016469	NA	0.00225479	0.995209	0.0011274	0.00140924	NA	0.00179856	0.000513875	0.994347	0.00334018	NA	0.000652387	0.000543656	0.00163097	0.997064	0.000108731	NA	4.43184e-05	4.43184e-05	4.43184e-05	0.999867
25	0.997728	0.000432713	0.000757248	0.000973605	0.000108178	0.0021645	0.996503	0.0001665	0.0011655	NA	0.00224677	0.00131062	0.993447	0.00280846	0.000187231	0.00200488	0.000523013	0.00130753	0.995816	0.000348675	NA	NA	3.12647e-05	0.000125059	0.999844
26	0.997114	0.00112215	0.000641231	0.00112215	NA	0.00142288	0.997154	0.000284576	0.0011383	NA	0.00111266	0.000834492	0.994437	0.00361613	NA	0.000746269	0.000319829	0.000746269	0.998188	NA	4.40781e-05	NA	NA	0.000440781	0.999515
27	0.994881	0.00230104	0.0012353	0.00150173	8.07383e-05	0.00146265	0.996262	0.000450045	0.00178768	3.75038e-05	0.00236729	0.00103637	0.992996	0.00358912	1.09092e-05	0.00171396	0.00122712	0.00376138	0.993131	0.000166728	0.000139405	4.01676e-05	3.07164e-05	5.43444e-05	0.999735
28	0.996585	0.000650407	0.00097561	0.00178862	NA	0.000550762	0.998715	NA	0.000734349	NA	0.00423378	0.000644271	0.993005	0.00202485	9.20387e-05	0.000912409	0.000304136	NA	0.998783	NA	3.90549e-05	NA	NA	NA	0.999961
29	0.996694	NA	0.00330579	NA	NA	NA	1	NA	NA	NA	NA	NA	1	NA	NA	NA	NA	NA	1	NA	NA	NA	NA	NA	1
30	0.996405	0.0012544	0.00142267	0.000864311	5.35414e-05	0.000360149	0.998233	0.000213839	0.00118174	1.12547e-05	0.00150433	0.000402568	0.997044	0.00102761	2.11878e-05	0.000734364	0.00110719	0.000869939	0.997232	5.64895e-05	5.23477e-05	1.74492e-05	3.73912e-05	0.000117159	0.999776
31	0.998038	0.000352037	0.0011539	0.000391152	6.5192e-05	0.000274733	0.998567	0.000117743	0.00104006	NA	0.00100559	0.00014761	0.998247	0.000581213	1.84512e-05	0.000613157	0.000768293	0.000916042	0.997643	5.90995e-05	9.99064e-05	2.85447e-05	3.87392e-05	7.34006e-05	0.999759
32	0.998026	0.000179469	0.00165111	0.000107681	3.58938e-05	9.86485e-05	0.999556	4.93243e-05	0.000295946	NA	0.000483177	0.000131775	0.999253	0.000131775	NA	0.000246169	0.000153856	0.000369253	0.999231	NA	NA	NA	NA	0.00022759	0.999772
33	0.99811	0.000145395	0.00159934	0.000121162	2.42324e-05	0.000108409	0.999639	3.61363e-05	0.000216818	NA	0.00044139	6.30557e-05	0.999149	0.000346806	NA	3.5968e-05	0.000161856	0.000737344	0.999065	NA	NA	NA	NA	0.000196312	0.999804
34	0.997157	0.0014185	0.000962329	0.000396804	6.56133e-05	0.000195768	0.998972	5.87305e-05	0.000763497	9.78842e-06	0.000940016	0.000181796	0.998444	0.000399064	3.54723e-05	0.000515707	0.000882585	0.000616079	0.997868	0.000117678	9.26115e-05	2.70117e-05	2.89411e-05	7.04234e-05	0.999781
35	0.998054	0.0015482	0.00026759	9.93907e-05	3.05817e-05	8.94341e-05	0.999374	2.35353e-05	0.000508362	4.70706e-06	0.000444535	3.99582e-05	0.999331	0.000184807	NA	0.000220124	0.00040356	0.00063469	0.99854	0.00020178	4.4263e-05	8.37409e-06	9.57039e-06	2.51223e-05	0.999913
36	0.997946	0.000612595	0.00106547	0.000315396	6.0653e-05	0.000129023	0.999087	7.09627e-05	0.000703176	9.67673e-06	0.000798194	8.90179e-05	0.99892	0.000166167	2.67054e-05	0.000332445	0.000859207	0.000414386	0.998319	7.49172e-05	8.49076e-05	2.17057e-05	1.65985e-05	6.76707e-05	0.999809
37	0.998509	0.000352874	0.000888623	0.00019833	5.15144e-05	9.61966e-05	0.99896	4.12271e-05	0.000884092	1.83232e-05	0.000509406	4.58924e-05	0.99927	0.000151445	2.29462e-05	0.000436864	0.000771959	0.000407078	0.998243	0.000141484	7.8322e-05	2.69232e-05	3.67134e-05	8.9744e-05	0.999768
38	0.998231	0.000585082	0.000931017	0.000191017	6.16667e-05	8.34325e-05	0.999269	3.68085e-05	0.000596297	1.47234e-05	0.000618354	5.72992e-05	0.999183	0.000126536	1.43248e-05	0.000296997	0.000755572	0.000347778	0.998472	0.000127724	8.3237e-05	2.85251e-05	2.05754e-05	7.57551e-05	0.999792
39	0.997892	0.000990874	0.000834986	0.000217706	6.45053e-05	7.65974e-05	0.999352	2.43488e-05	0.00053466	1.26817e-05	0.000562059	4.48088e-05	0.999302	7.3545e-05	1.75339e-05	0.000239417	0.000793765	0.000298913	0.998604	6.37872e-05	7.63552e-05	2.8e-05	2.64342e-05	8.1421e-05	0.999788
40	0.997788	0.000986284	0.00091311	0.000253271	5.88509e-05	7.69049e-05	0.999363	3.46956e-05	0.000507174	1.83422e-05	0.000625256	4.26472e-05	0.999228	7.13157e-05	3.29332e-05	0.000224222	0.00073277	0.000254548	0.998747	4.11669e-05	9.97711e-05	3.7463e-05	3.30836e-05	7.01997e-05	0.999759
