quality	AA	AC	AG	AT	A.	CA	CC	CG	CT	C.	GA	GC	GG	GT	G.	TA	TC	TG	TT	T.	.A	.C	.G	.T	..
0	NA	NA	NA	NA	NA	NA	NA	NA	NA	NA	NA	NA	NA	NA	NA	NA	NA	NA	NA	NA	NA	NA	NA	NA	NA
1	NA	NA	NA	NA	NA	NA	NA	NA	NA	NA	NA	NA	NA	NA	NA	NA	NA	NA	NA	NA	NA	NA	NA	NA	NA
2	NA	NA	NA	NA	NA	NA	NA	NA	NA	NA	NA	NA	NA	NA	NA	NA	NA	NA	NA	NA	NA	NA	NA	NA	NA
3	NA	NA	NA	NA	NA	NA	NA	NA	NA	NA	NA	NA	NA	NA	NA	NA	NA	NA	NA	NA	NA	NA	NA	NA	NA
4	NA	NA	NA	NA	NA	NA	NA	NA	NA	NA	NA	NA	NA	NA	NA	NA	NA	NA	NA	NA	NA	NA	NA	NA	NA
5	NA	NA	NA	NA	NA	NA	NA	NA	NA	NA	NA	NA	NA	NA	NA	NA	NA	NA	NA	NA	NA	NA	NA	NA	NA
6	NA	NA	NA	NA	NA	NA	NA	NA	NA	NA	NA	NA	NA	NA	NA	NA	NA	NA	NA	NA	NA	NA	NA	NA	NA
7	NA	NA	NA	NA	NA	NA	NA	NA	NA	NA	NA	NA	NA	NA	NA	NA	NA	NA	NA	NA	NA	NA	NA	NA	NA
8	NA	NA	NA	NA	NA	NA	NA	NA	NA	NA	NA	NA	NA	NA	NA	NA	NA	NA	NA	NA	NA	NA	NA	NA	NA
9	NA	NA	NA	NA	NA	NA	NA	NA	NA	NA	NA	NA	NA	NA	NA	NA	NA	NA	NA	NA	NA	NA	NA	NA	NA
10	NA	NA	NA	NA	NA	NA	NA	NA	NA	NA	NA	NA	NA	NA	NA	NA	NA	NA	NA	NA	NA	NA	NA	NA	NA
11	0.978852	0.00679758	0.00490937	0.00918933	0.000251762	0.0494971	0.930191	0.00670479	0.0132124	0.0003944	0.0206294	0.00690846	0.931683	0.0405872	0.000191902	0.0307861	0.00604728	0.0274876	0.935129	0.000549753	0.000118854	3.96181e-05	3.96181e-05	NA	0.999802
12	0.972168	0.014188	0.00445715	0.00908441	0.000102072	0.0354107	0.947236	0.00497688	0.012288	8.80863e-05	0.0144156	0.00580332	0.95042	0.0292286	0.000132496	0.0140322	0.00849052	0.0232345	0.95409	0.000152524	6.39614e-05	9.13734e-06	9.13734e-06	2.7412e-05	0.99989
13	0.966917	0.0164358	0.00624317	0.0102751	0.000129021	0.0314586	0.950825	0.00500711	0.012572	0.000137025	0.0101504	0.00460762	0.964563	0.0205845	9.45691e-05	0.0157677	0.0101229	0.0243003	0.949615	0.000193717	5.77349e-05	2.19393e-05	2.3094e-05	3.4641e-05	0.999863
14	0.964538	0.0169401	0.00654951	0.0118433	0.000129267	0.0297088	0.952333	0.00461387	0.0131664	0.000178178	0.0188129	0.00716436	0.943188	0.030687	0.00014745	0.0183723	0.015867	0.0211321	0.94439	0.000238601	8.04098e-05	4.11855e-05	4.51079e-05	4.11855e-05	0.999792
15	0.978285	0.00773891	0.00471496	0.00921109	4.97359e-05	0.0130035	0.975136	0.00316703	0.00858204	0.000111778	0.0141614	0.00582462	0.956716	0.0232095	8.89254e-05	0.0257249	0.0160493	0.0260935	0.932056	7.67908e-05	3.14745e-05	1.88847e-05	1.88847e-05	5.03591e-05	0.99988
16	0.966858	0.0108298	0.00845522	0.0136806	0.000176827	0.0178112	0.962047	0.00477286	0.0152566	0.000112094	0.0162441	0.00748055	0.952841	0.0233063	0.000128302	0.0188524	0.0120784	0.0187755	0.950036	0.000257756	9.09699e-05	4.96199e-05	4.84385e-05	7.91556e-05	0.999732
17	NA	NA	NA	NA	NA	NA	NA	NA	NA	NA	NA	NA	NA	NA	NA	NA	NA	NA	NA	NA	NA	NA	NA	NA	NA
18	NA	NA	NA	NA	NA	NA	NA	NA	NA	NA	NA	NA	NA	NA	NA	NA	NA	NA	NA	NA	NA	NA	NA	NA	NA
19	NA	NA	NA	NA	NA	NA	NA	NA	NA	NA	NA	NA	NA	NA	NA	NA	NA	NA	NA	NA	NA	NA	NA	NA	NA
20	0.997544	0.00163733	0.000818666	NA	NA	0.00727273	0.991515	NA	0.00121212	NA	0.00117371	0.000586854	0.996185	0.00205399	NA	0.00198413	0.000661376	0.00132275	0.99537	0.000661376	NA	0.000111	NA	NA	0.999889
21	0.997283	0.00140307	0.000656756	0.000656756	NA	0.00280899	0.996083	0.000237379	0.000870391	NA	0.000933707	0.000261438	0.996788	0.00197946	3.73483e-05	0.00107859	0.000331874	0.00242683	0.996142	2.07422e-05	2.99724e-05	7.49311e-06	NA	NA	0.999963
22	0.995815	0.00280822	0.000468036	0.000770883	0.000137658	0.00411928	0.994537	0.000358198	0.000985045	NA	0.00223188	0.00074396	0.993696	0.00328909	3.91558e-05	0.00150082	0.00107606	0.00370958	0.993657	5.66348e-05	5.02327e-05	8.37212e-06	8.37212e-06	1.67442e-05	0.999916
23	0.996931	0.00179979	0.00066308	0.000606244	NA	0.00209849	0.994481	0.000459942	0.00293213	2.87464e-05	0.0020468	0.000580849	0.994828	0.00251701	2.76595e-05	0.000959154	0.000479577	0.00202793	0.996492	4.11066e-05	1.52816e-05	1.01878e-05	1.01878e-05	1.52816e-05	0.999949
24	0.997856	0.00127714	0.000319285	0.000501733	4.56121e-05	0.00131579	0.996672	0.000773994	0.00123839	NA	0.000930166	0.00057241	0.995635	0.0027905	7.15512e-05	0.000422256	0.00025985	0.00159158	0.997726	NA	1.25691e-05	NA	NA	1.25691e-05	0.999975
25	0.997067	0.00188102	0.000446343	0.000510106	9.5645e-05	0.00288568	0.993174	0.000665927	0.00327414	NA	0.00269981	0.000967857	0.993633	0.00264887	5.09398e-05	0.00128684	0.000403714	0.00153916	0.99672	5.04643e-05	2.76332e-05	2.76332e-05	1.84221e-05	5.52664e-05	0.999871
26	0.996633	0.0025138	0.000404004	0.000359115	8.97787e-05	0.00245971	0.993723	0.000339271	0.00339271	8.48176e-05	0.00303388	0.000927018	0.992752	0.0032867	NA	0.000486523	0.000518958	0.000908177	0.998086	NA	5.21397e-05	2.60698e-05	2.60698e-05	6.51746e-05	0.999831
27	0.996395	0.00122112	0.00117667	0.00116497	4.21075e-05	0.00131937	0.996623	0.000409195	0.00163678	1.14728e-05	0.00293396	0.00109133	0.992108	0.00385365	1.29535e-05	0.00110344	0.00165981	0.00356339	0.993577	9.67604e-05	3.9189e-05	1.58131e-05	9.62537e-06	3.71264e-05	0.999898
28	0.998368	0.000291358	0.000640988	0.000640988	5.82717e-05	0.000579341	0.997683	5.79341e-05	0.00162215	5.79341e-05	0.00309957	0.000685483	0.994784	0.00143057	NA	0.000520454	0.000416363	0.000520454	0.998543	NA	3.86847e-05	NA	NA	5.15796e-05	0.99991
29	0.999504	NA	NA	NA	0.000495786	NA	1	NA	NA	NA	NA	NA	0.999721	0.000278707	NA	NA	0.00109051	NA	0.998909	NA	NA	NA	NA	NA	1
30	0.997816	0.000667849	0.00085289	0.000625311	3.82844e-05	0.000350957	0.997694	0.000203889	0.00175144	NA	0.00187405	0.000426733	0.996825	0.000868387	5.9683e-06	0.00054352	0.00123618	0.00073574	0.997412	7.29112e-05	2.49419e-05	1.42525e-05	6.41364e-06	2.49419e-05	0.999929
31	0.998533	0.000487678	0.000645944	0.000305489	2.76044e-05	0.000199173	0.998335	9.38956e-05	0.0013686	2.84532e-06	0.00132988	0.000214581	0.997923	0.000529831	2.64915e-06	0.000319871	0.000870999	0.000799677	0.997962	4.75483e-05	1.93381e-05	8.79002e-06	5.86002e-06	1.4064e-05	0.999952
32	0.999532	0.000152769	0.000171866	0.000114577	2.86443e-05	0.000135531	0.997384	6.77654e-05	0.00241245	NA	0.000230438	3.84064e-05	0.999514	0.000217636	NA	7.09063e-05	8.86328e-05	0.000274762	0.999566	NA	8.27415e-06	2.75805e-06	1.37903e-05	8.27415e-06	0.999967
33	0.999603	0.000171148	0.000109535	9.58431e-05	2.05378e-05	8.30548e-05	0.997944	1.03818e-05	0.00196217	NA	0.00021304	4.84182e-05	0.999458	0.000280825	NA	9.20865e-05	8.66697e-05	0.000677107	0.999133	1.08337e-05	1.3985e-05	5.99355e-06	5.99355e-06	3.9957e-06	0.99997
34	0.998349	0.00067677	0.000736907	0.000193876	4.30835e-05	8.87798e-05	0.998817	6.84041e-05	0.00101878	7.27704e-06	0.00135336	0.000169327	0.998116	0.000356215	5.01711e-06	0.000192536	0.00092199	0.000446604	0.998366	7.24492e-05	2.05465e-05	8.88499e-06	4.99781e-06	2.11018e-05	0.999944
35	0.999253	0.000363313	0.00030701	5.41783e-05	2.23087e-05	2.31356e-05	0.999691	3.32575e-05	0.000253046	NA	0.000554834	6.97506e-05	0.999176	0.00019657	3.17048e-06	5.31406e-05	0.000491811	0.000572043	0.998832	5.10567e-05	6.41116e-06	4.63028e-06	1.4247e-06	1.28223e-05	0.999975
36	0.998807	0.000455798	0.000570183	0.000123095	4.35476e-05	7.01513e-05	0.998713	4.67675e-05	0.00116545	4.67675e-06	0.00108827	9.05494e-05	0.99866	0.000155946	5.03052e-06	0.000131748	0.000645772	0.000288072	0.998868	6.68982e-05	2.14784e-05	9.36238e-06	5.69086e-06	1.94591e-05	0.999944
37	0.998777	0.00042885	0.000672311	7.96648e-05	4.24382e-05	4.50181e-05	0.998823	3.17775e-05	0.00109632	3.97218e-06	0.00106957	6.00594e-05	0.998753	0.000109896	7.66715e-06	9.76461e-05	0.000713949	0.000299307	0.998827	6.22671e-05	1.46756e-05	6.05661e-06	5.35777e-06	1.95675e-05	0.999954
38	0.99877	0.000430423	0.000688326	6.78693e-05	4.37867e-05	3.35174e-05	0.998947	3.77962e-05	0.000979136	2.85254e-06	0.000862276	6.03797e-05	0.998999	7.32697e-05	4.74896e-06	7.05359e-05	0.000575448	0.000237501	0.999055	6.16073e-05	1.70315e-05	8.51575e-06	5.54199e-06	1.75722e-05	0.999951
39	0.99873	0.000472093	0.00069674	5.36089e-05	4.73589e-05	2.7037e-05	0.998903	2.68893e-05	0.00103804	4.58004e-06	0.00082429	3.66443e-05	0.999087	4.31435e-05	8.57339e-06	5.6203e-05	0.000415637	0.000226553	0.999238	6.34978e-05	1.90833e-05	7.56382e-06	5.23855e-06	1.86824e-05	0.999949
40	0.999041	0.000405916	0.000457587	4.43491e-05	5.15863e-05	2.38527e-05	0.998981	2.63333e-05	0.000963393	5.15218e-06	0.000575502	2.68257e-05	0.999356	2.91191e-05	1.23009e-05	4.78011e-05	0.000206297	0.000200683	0.999492	5.30898e-05	2.21696e-05	9.44661e-06	5.80055e-06	2.05633e-05	0.999942
