quality	AA	AC	AG	AT	A.	CA	CC	CG	CT	C.	GA	GC	GG	GT	G.	TA	TC	TG	TT	T.	.A	.C	.G	.T	..
0	NA	NA	NA	NA	NA	NA	NA	NA	NA	NA	NA	NA	NA	NA	NA	NA	NA	NA	NA	NA	NA	NA	NA	NA	NA
1	NA	NA	NA	NA	NA	NA	NA	NA	NA	NA	NA	NA	NA	NA	NA	NA	NA	NA	NA	NA	NA	NA	NA	NA	NA
2	NA	NA	NA	NA	NA	NA	NA	NA	NA	NA	NA	NA	NA	NA	NA	NA	NA	NA	NA	NA	NA	NA	NA	NA	NA
3	NA	NA	NA	NA	NA	NA	NA	NA	NA	NA	NA	NA	NA	NA	NA	NA	NA	NA	NA	NA	NA	NA	NA	NA	NA
4	NA	NA	NA	NA	NA	NA	NA	NA	NA	NA	NA	NA	NA	NA	NA	NA	NA	NA	NA	NA	NA	NA	NA	NA	NA
5	NA	NA	NA	NA	NA	NA	NA	NA	NA	NA	NA	NA	NA	NA	NA	NA	NA	NA	NA	NA	NA	NA	NA	NA	NA
6	NA	NA	NA	NA	NA	NA	NA	NA	NA	NA	NA	NA	NA	NA	NA	NA	NA	NA	NA	NA	NA	NA	NA	NA	NA
7	NA	NA	NA	NA	NA	NA	NA	NA	NA	NA	NA	NA	NA	NA	NA	NA	NA	NA	NA	NA	NA	NA	NA	NA	NA
8	NA	NA	NA	NA	NA	NA	NA	NA	NA	NA	NA	NA	NA	NA	NA	NA	NA	NA	NA	NA	NA	NA	NA	NA	NA
9	NA	NA	NA	NA	NA	NA	NA	NA	NA	NA	NA	NA	NA	NA	NA	NA	NA	NA	NA	NA	NA	NA	NA	NA	NA
10	0.981481	NA	NA	0.0185185	NA	0.121212	0.878788	NA	NA	NA	NA	NA	0.989899	0.010101	NA	NA	NA	NA	1	NA	NA	NA	NA	NA	1
11	0.974922	0.013683	0.00356947	0.00777961	4.57624e-05	0.0596713	0.917762	0.00587863	0.0166877	NA	0.0228264	0.00553946	0.916653	0.0548534	0.000127344	0.0167475	0.00829551	0.0194084	0.955392	0.000156519	6.6262e-05	1.32524e-05	1.32524e-05	2.65048e-05	0.999881
12	0.973708	0.014357	0.00525027	0.00652224	0.000162379	0.0478402	0.934694	0.00510366	0.0121676	0.000194257	0.0117293	0.00454369	0.947514	0.0360763	0.000136652	0.0105476	0.00581011	0.0223644	0.961135	0.000143018	1.82414e-05	3.28345e-05	4.74276e-05	6.93173e-05	0.999832
13	0.967348	0.0179285	0.00606099	0.00854333	0.000119419	0.0362835	0.949592	0.00465048	0.00935261	0.000121502	0.00792778	0.00352608	0.967457	0.0209766	0.000112033	0.0120366	0.00774837	0.0216122	0.958432	0.000171158	3.97276e-05	3.22786e-05	3.04164e-05	3.53824e-05	0.999862
14	0.966027	0.0192788	0.00549134	0.00902013	0.000182918	0.03281	0.952795	0.00388473	0.0103929	0.000117719	0.014099	0.00584887	0.949395	0.0305209	0.00013602	0.013782	0.0106915	0.020673	0.954705	0.000148138	5.80117e-05	3.74659e-05	3.1423e-05	5.31774e-05	0.99982
15	0.966192	0.0162696	0.00658259	0.0108219	0.000133521	0.0273409	0.955812	0.0046031	0.0121515	9.25669e-05	0.0143106	0.00658414	0.951737	0.0272574	0.000110774	0.0150364	0.00942443	0.021092	0.954299	0.000147899	4.71694e-05	3.73425e-05	2.94809e-05	3.73425e-05	0.999849
16	0.966214	0.0146303	0.00749299	0.0115438	0.000118546	0.0255552	0.957933	0.00420154	0.0121976	0.000113066	0.0119744	0.00556051	0.956924	0.02544	0.000101059	0.0194054	0.0128725	0.0282814	0.939251	0.000189796	6.06922e-05	3.78159e-05	3.22136e-05	3.17467e-05	0.999838
17	NA	NA	NA	NA	NA	NA	NA	NA	NA	NA	NA	NA	NA	NA	NA	NA	NA	NA	NA	NA	NA	NA	NA	NA	NA
18	1	NA	NA	NA	NA	NA	1	NA	NA	NA	NA	NA	1	NA	NA	NA	NA	NA	1	NA	NA	NA	NA	NA	1
19	1	NA	NA	NA	NA	0.0175439	0.982456	NA	NA	NA	NA	NA	1	NA	NA	NA	NA	NA	1	NA	NA	NA	NA	NA	1
20	0.996799	0.0027439	NA	0.000457317	NA	0.00799452	0.988351	0.00045683	0.00319781	NA	0.00118038	0.000536538	0.995064	0.00321923	NA	0.00161327	0.000230468	0.00599216	0.992164	NA	8.13273e-05	NA	NA	NA	0.999919
21	0.996287	0.00246694	0.000752418	0.000456384	3.70041e-05	0.00424267	0.994304	0.000334068	0.00110243	1.67034e-05	0.000870645	0.000290215	0.996485	0.00232172	3.22461e-05	0.000618196	0.000519643	0.00192626	0.996918	1.79187e-05	1.90868e-05	1.59057e-05	1.27245e-05	1.59057e-05	0.999936
22	0.995644	0.00229741	0.00124979	0.000680035	0.000128655	0.00447845	0.993327	0.000949076	0.00124566	NA	0.00107661	0.000300451	0.995643	0.00290436	7.51127e-05	0.000741129	0.000723053	0.00285606	0.995517	0.000162687	1.63642e-05	5.45473e-06	1.09095e-05	2.18189e-05	0.999945
23	0.997159	0.00175591	0.000739849	0.000315669	2.9594e-05	0.00321907	0.995044	0.000522392	0.00121421	NA	0.000581959	0.000277123	0.997243	0.00187058	2.77123e-05	0.000445823	0.000519017	0.00117777	0.997837	1.99622e-05	2.02808e-05	2.5351e-05	2.28159e-05	2.78861e-05	0.999904
24	0.997119	0.00152672	0.000979404	0.000259254	0.000115224	0.00290767	0.995043	0.001001	0.00104867	NA	0.00102326	0.000372093	0.996512	0.00204651	4.65116e-05	0.000353137	0.000373909	0.00116327	0.998089	2.07727e-05	2.39454e-05	1.59636e-05	1.59636e-05	2.39454e-05	0.99992
25	0.997584	0.00112568	0.000867709	0.000375226	4.69032e-05	0.00284501	0.995401	0.000818426	0.000935344	NA	0.000601639	0.000263217	0.997067	0.00203053	3.76025e-05	0.000415432	0.000577993	0.00111986	0.997833	5.41868e-05	2.66264e-05	3.99396e-05	1.33132e-05	2.66264e-05	0.999893
26	0.994702	0.00098898	0.00395592	0.000353207	NA	0.0018014	0.995159	0.00236433	0.000675524	NA	0.000489836	0.000244918	0.997796	0.00146951	NA	9.68289e-05	0.0010167	0.00150085	0.997386	NA	5.78972e-05	1.92991e-05	1.92991e-05	1.92991e-05	0.999884
27	0.996901	0.00127525	0.00110021	0.000675131	4.86936e-05	0.0028366	0.995432	0.000412909	0.00129249	2.58068e-05	0.00180442	0.000766134	0.994257	0.00314655	2.6097e-05	0.00106489	0.00121986	0.00397839	0.993637	9.96258e-05	2.92725e-05	1.78676e-05	1.82478e-05	2.73717e-05	0.999907
28	0.999164	0.000328535	0.000238934	0.000238934	2.98668e-05	0.000398906	0.998974	NA	0.000626852	NA	0.00159018	0.000208812	0.996723	0.00147775	NA	0.000259387	0.000259387	0.00038908	0.999027	6.48466e-05	6.83906e-06	6.83906e-06	1.36781e-05	3.41953e-05	0.999938
29	0.999434	0.000141483	NA	0.000141483	0.000282965	0.00026476	0.998941	NA	0.000794281	NA	0.00121439	NA	0.998692	9.34143e-05	NA	NA	NA	NA	1	NA	NA	NA	NA	NA	1
30	0.997798	0.000533076	0.00129975	0.000334221	3.47398e-05	0.000544659	0.998225	0.000317259	0.000905932	7.33548e-06	0.000936381	0.000274063	0.997901	0.000881919	7.02725e-06	0.000419375	0.000940524	0.000751016	0.997842	4.73771e-05	1.87149e-05	8.36197e-06	5.97283e-06	2.07058e-05	0.999946
31	0.998386	0.000492895	0.000927601	0.000157453	3.65108e-05	0.00063588	0.998357	0.000264512	0.000735729	7.00695e-06	0.000699771	0.000205914	0.9985	0.000589281	5.02228e-06	0.000237429	0.00080226	0.000714786	0.998198	4.74858e-05	1.7553e-05	6.08981e-06	7.88093e-06	1.89859e-05	0.999949
32	0.998376	0.000445575	0.0011224	5.07617e-05	5.64019e-06	0.000276002	0.998927	0.000544337	0.000245335	7.66671e-06	0.000196086	0.000101965	0.999506	0.000188243	7.84344e-06	7.13223e-05	0.000370876	0.000527785	0.999016	1.42645e-05	6.47672e-06	6.47672e-06	1.61918e-06	9.71507e-06	0.999976
33	0.998629	0.000333451	0.000972564	5.09439e-05	1.38938e-05	0.000621404	0.99863	0.000487769	0.000247225	1.33635e-05	0.000277151	3.77934e-05	0.999521	0.000151173	1.25978e-05	3.8817e-05	0.000377584	0.000564611	0.998991	2.82305e-05	9.3006e-06	7.97194e-06	6.64328e-06	6.64328e-06	0.999969
34	0.998635	0.000309162	0.000897707	0.000110995	4.71052e-05	0.0003477	0.99886	0.000153296	0.000633739	5.13842e-06	0.000674733	0.000238503	0.998695	0.000379297	1.23098e-05	0.000165929	0.000775144	0.000602553	0.998395	6.11637e-05	2.05061e-05	9.41263e-06	1.07573e-05	1.73125e-05	0.999942
35	0.99939	0.000181577	0.000348093	5.10424e-05	2.92866e-05	0.000352863	0.999403	1.51393e-05	0.000224761	4.65825e-06	0.000385771	0.000124549	0.999298	0.000186272	5.51101e-06	5.7517e-05	0.000449893	0.000543653	0.998885	6.38202e-05	8.58884e-06	8.0683e-06	4.42455e-06	1.32737e-05	0.999966
36	0.998669	0.000256993	0.000924784	0.000103576	4.59472e-05	0.000216348	0.998999	0.000207155	0.000569983	7.96751e-06	0.000605436	0.000192403	0.998953	0.000237911	1.09451e-05	0.000108851	0.000778669	0.000325198	0.998729	5.87164e-05	1.9515e-05	8.34602e-06	8.59149e-06	1.58329e-05	0.999948
37	0.998675	0.000265286	0.000951074	6.34049e-05	4.56516e-05	0.000262601	0.998977	0.000224836	0.000521689	1.40522e-05	0.000575096	0.000214667	0.999047	0.000153712	9.71744e-06	7.57228e-05	0.00075383	0.000353373	0.998753	6.40732e-05	1.61893e-05	7.45979e-06	7.61851e-06	1.55545e-05	0.999953
38	0.99877	0.000197775	0.000911998	7.1948e-05	4.86224e-05	0.00019963	0.99914	0.000185035	0.000469104	5.73349e-06	0.000547145	0.000186894	0.999129	0.000128066	8.85011e-06	6.33533e-05	0.00072906	0.000263364	0.998879	6.50117e-05	1.84932e-05	7.37706e-06	8.99395e-06	1.60678e-05	0.999949
39	0.998862	0.000183798	0.000841177	6.01265e-05	5.32889e-05	0.00020767	0.999107	0.000186191	0.000490275	8.92945e-06	0.00057706	0.000184095	0.999113	0.000117593	7.94228e-06	5.59487e-05	0.000695744	0.000188344	0.999001	5.92481e-05	1.92973e-05	9.14201e-06	8.80425e-06	1.82615e-05	0.999944
40	0.999047	0.000113946	0.000727215	5.27364e-05	5.88127e-05	0.000124682	0.999234	0.000106064	0.000522904	1.22997e-05	0.000610037	9.32487e-05	0.999124	0.000158532	1.39826e-05	4.52091e-05	0.0005338	0.000132886	0.99924	4.81657e-05	2.32655e-05	1.17515e-05	8.61435e-06	1.92975e-05	0.999937
