
SUMMARISING RUN PARAMETERS
==========================
Input filename: SC2222/host_removal/SC2222_R1.fastq.gz
Trimming mode: paired-end
Trim Galore version: 0.6.4_dev
Cutadapt version: 4.1
Python version: could not detect
Number of cores used for trimming: 2
Quality Phred score cutoff: 20
Quality encoding type selected: ASCII+33
Using Illumina adapter for trimming (count: 9711). Second best hit was Nextera (count: 0)
Adapter sequence: 'AGATCGGAAGAGC' (Illumina TruSeq, Sanger iPCR; auto-detected)
Maximum trimming error rate: 0.1 (default)
Minimum required adapter overlap (stringency): 1 bp
Minimum required sequence length for both reads before a sequence pair gets removed: 20 bp
Running FastQC on the data once trimming has completed
Output file will be GZIP compressed


This is cutadapt 4.1 with Python 3.9.13
Command line parameters: -j 2 -e 0.1 -q 20 -O 1 -a AGATCGGAAGAGC SC2222/host_removal/SC2222_R1.fastq.gz
Processing single-end reads on 2 cores ...
Finished in 26.26 s (43 µs/read; 1.41 M reads/minute).

=== Summary ===

Total reads processed:                 617,674
Reads with adapters:                   215,877 (34.9%)
Reads written (passing filters):       617,674 (100.0%)

Total basepairs processed:   155,036,174 bp
Quality-trimmed:                 732,350 bp (0.5%)
Total written (filtered):    153,293,902 bp (98.9%)

=== Adapter 1 ===

Sequence: AGATCGGAAGAGC; Type: regular 3'; Length: 13; Trimmed: 215877 times

Minimum overlap: 1
No. of allowed errors:
1-9 bp: 0; 10-13 bp: 1

Bases preceding removed adapters:
  A: 33.3%
  C: 24.5%
  G: 10.5%
  T: 31.3%
  none/other: 0.3%

Overview of removed sequences
length	count	expect	max.err	error counts
1	141175	154418.5	0	141175
2	52001	38604.6	0	52001
3	6949	9651.2	0	6949
4	3013	2412.8	0	3013
5	85	603.2	0	85
6	107	150.8	0	107
7	1320	37.7	0	1320
8	64	9.4	0	64
9	144	2.4	0	143 1
10	135	0.6	1	129 6
11	53	0.1	1	50 3
12	166	0.0	1	159 7
13	110	0.0	1	102 8
14	89	0.0	1	83 6
15	102	0.0	1	98 4
16	64	0.0	1	54 10
17	83	0.0	1	78 5
18	79	0.0	1	77 2
19	73	0.0	1	68 5
20	99	0.0	1	94 5
21	86	0.0	1	78 8
22	100	0.0	1	90 10
23	87	0.0	1	84 3
24	494	0.0	1	481 13
25	191	0.0	1	184 7
26	63	0.0	1	58 5
27	96	0.0	1	90 6
28	218	0.0	1	206 12
29	96	0.0	1	90 6
30	189	0.0	1	180 9
31	82	0.0	1	78 4
32	127	0.0	1	122 5
33	32	0.0	1	28 4
34	74	0.0	1	68 6
35	177	0.0	1	171 6
36	44	0.0	1	43 1
37	117	0.0	1	113 4
38	62	0.0	1	58 4
39	65	0.0	1	63 2
40	118	0.0	1	108 10
41	46	0.0	1	44 2
42	216	0.0	1	206 10
43	111	0.0	1	102 9
44	38	0.0	1	36 2
45	45	0.0	1	41 4
46	63	0.0	1	62 1
47	81	0.0	1	80 1
48	56	0.0	1	54 2
49	92	0.0	1	86 6
50	39	0.0	1	37 2
51	189	0.0	1	185 4
52	113	0.0	1	109 4
53	93	0.0	1	91 2
54	112	0.0	1	107 5
55	87	0.0	1	82 5
56	35	0.0	1	32 3
57	60	0.0	1	58 2
58	34	0.0	1	29 5
59	83	0.0	1	80 3
60	47	0.0	1	47
61	45	0.0	1	45
62	38	0.0	1	37 1
63	69	0.0	1	65 4
64	28	0.0	1	25 3
65	47	0.0	1	47
66	65	0.0	1	63 2
67	23	0.0	1	20 3
68	32	0.0	1	32
69	77	0.0	1	71 6
70	72	0.0	1	69 3
71	65	0.0	1	61 4
72	94	0.0	1	89 5
73	137	0.0	1	121 16
74	192	0.0	1	166 26
75	369	0.0	1	314 55
76	914	0.0	1	846 68
77	683	0.0	1	632 51
78	395	0.0	1	354 41
79	242	0.0	1	220 22
80	135	0.0	1	112 23
81	112	0.0	1	95 17
82	79	0.0	1	68 11
83	77	0.0	1	67 10
84	59	0.0	1	43 16
85	43	0.0	1	33 10
86	44	0.0	1	37 7
87	41	0.0	1	31 10
88	24	0.0	1	21 3
89	38	0.0	1	32 6
90	15	0.0	1	12 3
91	27	0.0	1	24 3
92	34	0.0	1	28 6
93	26	0.0	1	21 5
94	154	0.0	1	143 11
95	36	0.0	1	32 4
96	49	0.0	1	44 5
97	31	0.0	1	30 1
98	19	0.0	1	18 1
99	18	0.0	1	16 2
100	17	0.0	1	16 1
101	13	0.0	1	12 1
102	11	0.0	1	9 2
103	12	0.0	1	10 2
104	12	0.0	1	9 3
105	18	0.0	1	14 4
106	10	0.0	1	9 1
107	6	0.0	1	3 3
108	13	0.0	1	11 2
109	9	0.0	1	7 2
110	4	0.0	1	4
111	9	0.0	1	8 1
112	14	0.0	1	11 3
113	7	0.0	1	7
114	8	0.0	1	7 1
115	6	0.0	1	5 1
116	15	0.0	1	11 4
117	10	0.0	1	7 3
118	10	0.0	1	8 2
119	9	0.0	1	8 1
120	10	0.0	1	6 4
121	6	0.0	1	4 2
122	13	0.0	1	10 3
123	10	0.0	1	9 1
124	10	0.0	1	6 4
125	11	0.0	1	8 3
126	14	0.0	1	11 3
127	22	0.0	1	20 2
128	5	0.0	1	3 2
129	5	0.0	1	4 1
130	9	0.0	1	7 2
131	9	0.0	1	5 4
132	9	0.0	1	4 5
133	5	0.0	1	4 1
134	7	0.0	1	5 2
135	10	0.0	1	4 6
136	6	0.0	1	5 1
137	8	0.0	1	4 4
138	5	0.0	1	4 1
139	1	0.0	1	1
140	8	0.0	1	7 1
141	30	0.0	1	27 3
142	17	0.0	1	9 8
143	5	0.0	1	4 1
144	4	0.0	1	3 1
145	11	0.0	1	9 2
146	15	0.0	1	15
147	11	0.0	1	9 2
148	9	0.0	1	5 4
149	5	0.0	1	5
150	4	0.0	1	2 2
151	6	0.0	1	3 3
152	10	0.0	1	7 3
153	14	0.0	1	12 2
154	15	0.0	1	15
155	10	0.0	1	9 1
156	11	0.0	1	9 2
157	16	0.0	1	14 2
158	17	0.0	1	15 2
159	13	0.0	1	11 2
160	25	0.0	1	25
161	16	0.0	1	15 1
162	17	0.0	1	11 6
163	12	0.0	1	10 2
164	14	0.0	1	14
165	14	0.0	1	13 1
166	13	0.0	1	12 1
167	15	0.0	1	14 1
168	6	0.0	1	4 2
169	21	0.0	1	19 2
170	16	0.0	1	14 2
171	3	0.0	1	3
172	12	0.0	1	11 1
173	16	0.0	1	11 5
174	8	0.0	1	8
175	7	0.0	1	5 2
176	20	0.0	1	17 3
177	3	0.0	1	2 1
178	4	0.0	1	3 1
179	5	0.0	1	4 1
180	8	0.0	1	4 4
181	3	0.0	1	2 1
182	3	0.0	1	3
183	3	0.0	1	1 2
184	2	0.0	1	1 1
185	14	0.0	1	10 4
186	2	0.0	1	1 1
187	6	0.0	1	6
189	5	0.0	1	2 3
190	10	0.0	1	8 2
191	1	0.0	1	0 1
192	2	0.0	1	2
193	1	0.0	1	0 1
194	2	0.0	1	2
195	4	0.0	1	4
196	4	0.0	1	4
197	1	0.0	1	1
198	4	0.0	1	3 1
199	1	0.0	1	0 1
200	4	0.0	1	4
201	3	0.0	1	2 1
202	1	0.0	1	1
203	2	0.0	1	1 1
204	1	0.0	1	1
206	2	0.0	1	2
208	1	0.0	1	1
209	2	0.0	1	2
210	3	0.0	1	3
212	1	0.0	1	0 1
213	2	0.0	1	1 1
214	3	0.0	1	3
216	2	0.0	1	2
217	2	0.0	1	2
219	2	0.0	1	0 2
220	2	0.0	1	2
223	1	0.0	1	0 1
224	2	0.0	1	2
225	1	0.0	1	1
226	1	0.0	1	1
227	2	0.0	1	2
228	2	0.0	1	2
229	3	0.0	1	2 1
230	1	0.0	1	1
232	1	0.0	1	1
235	1	0.0	1	0 1
236	1	0.0	1	1
239	1	0.0	1	1
241	1	0.0	1	1
242	2	0.0	1	2
244	3	0.0	1	2 1
245	3	0.0	1	1 2
246	2	0.0	1	1 1
247	2	0.0	1	0 2
248	4	0.0	1	2 2
249	3	0.0	1	0 3
250	7	0.0	1	0 7
251	141	0.0	1	0 141

RUN STATISTICS FOR INPUT FILE: SC2222/host_removal/SC2222_R1.fastq.gz
=============================================
617674 sequences processed in total

