quality	AA	AC	AG	AT	A.	CA	CC	CG	CT	C.	GA	GC	GG	GT	G.	TA	TC	TG	TT	T.	.A	.C	.G	.T	..
0	NA	NA	NA	NA	NA	NA	NA	NA	NA	NA	NA	NA	NA	NA	NA	NA	NA	NA	NA	NA	NA	NA	NA	NA	NA
1	NA	NA	NA	NA	NA	NA	NA	NA	NA	NA	NA	NA	NA	NA	NA	NA	NA	NA	NA	NA	NA	NA	NA	NA	NA
2	NA	NA	NA	NA	NA	NA	NA	NA	NA	NA	NA	NA	NA	NA	NA	NA	NA	NA	NA	NA	NA	NA	NA	NA	NA
3	NA	NA	NA	NA	NA	NA	NA	NA	NA	NA	NA	NA	NA	NA	NA	NA	NA	NA	NA	NA	NA	NA	NA	NA	NA
4	NA	NA	NA	NA	NA	NA	NA	NA	NA	NA	NA	NA	NA	NA	NA	NA	NA	NA	NA	NA	NA	NA	NA	NA	NA
5	NA	NA	NA	NA	NA	NA	NA	NA	NA	NA	NA	NA	NA	NA	NA	NA	NA	NA	NA	NA	NA	NA	NA	NA	NA
6	NA	NA	NA	NA	NA	NA	NA	NA	NA	NA	NA	NA	NA	NA	NA	NA	NA	NA	NA	NA	NA	NA	NA	NA	NA
7	NA	NA	NA	NA	NA	NA	NA	NA	NA	NA	NA	NA	NA	NA	NA	NA	NA	NA	NA	NA	NA	NA	NA	NA	NA
8	NA	NA	NA	NA	NA	NA	NA	NA	NA	NA	NA	NA	NA	NA	NA	NA	NA	NA	NA	NA	NA	NA	NA	NA	NA
9	NA	NA	NA	NA	NA	NA	NA	NA	NA	NA	NA	NA	NA	NA	NA	NA	NA	NA	NA	NA	NA	NA	NA	NA	NA
10	NA	NA	NA	NA	NA	NA	NA	NA	NA	NA	NA	NA	NA	NA	NA	NA	NA	NA	NA	NA	NA	NA	NA	NA	NA
11	0.978425	0.0119863	0.00359589	0.00565068	0.000342466	0.0584395	0.920734	0.00466273	0.0161641	NA	0.0258642	0.00807469	0.91244	0.053621	NA	0.0303502	0.014786	0.0342412	0.920623	NA	NA	5.47585e-05	5.47585e-05	5.47585e-05	0.999836
12	0.972242	0.0130377	0.00611738	0.00837316	0.000229402	0.0381457	0.943252	0.00603602	0.0124184	0.000148427	0.0144038	0.00613798	0.94454	0.0348637	5.45598e-05	0.0140308	0.00719686	0.023163	0.955246	0.000362867	1.00482e-05	1.00482e-05	1.00482e-05	5.02412e-05	0.99992
13	0.966391	0.0158105	0.00652716	0.0111482	0.000123578	0.0299155	0.953553	0.00467538	0.0116827	0.000173591	0.00941772	0.00464508	0.964035	0.0217851	0.000116924	0.0151194	0.0102733	0.0232826	0.951191	0.000134117	4.93267e-05	3.64078e-05	2.70122e-05	3.99311e-05	0.999847
14	0.962126	0.0173854	0.0071547	0.0131635	0.000170512	0.0282582	0.953416	0.00427289	0.0138589	0.000193759	0.0191395	0.00666633	0.939943	0.0340413	0.000209885	0.0179228	0.0119947	0.0210643	0.948785	0.000233663	7.39008e-05	5.21653e-05	3.04298e-05	7.82479e-05	0.999765
15	0.978381	0.00833565	0.00487315	0.00826084	0.000149614	0.0122429	0.976634	0.00268955	0.00832421	0.000109529	0.0145132	0.00626533	0.951606	0.0275141	0.000101669	0.0240013	0.0168994	0.0238883	0.935017	0.000193689	4.68615e-05	4.35142e-05	1.3389e-05	4.35142e-05	0.999853
16	0.966017	0.0109087	0.00894163	0.0139678	0.000164547	0.0185468	0.961427	0.00445723	0.0153943	0.000174794	0.0171595	0.00713147	0.951115	0.0244576	0.000136801	0.018162	0.0116448	0.0178626	0.95212	0.000210533	9.2708e-05	5.19165e-05	6.67497e-05	7.16942e-05	0.999717
17	NA	NA	NA	NA	NA	NA	NA	NA	NA	NA	NA	NA	NA	NA	NA	NA	NA	NA	NA	NA	NA	NA	NA	NA	NA
18	NA	NA	NA	NA	NA	NA	NA	NA	NA	NA	NA	NA	NA	NA	NA	NA	NA	NA	NA	NA	NA	NA	NA	NA	NA
19	NA	NA	NA	NA	NA	NA	NA	NA	NA	NA	NA	NA	NA	NA	NA	NA	NA	NA	NA	NA	NA	NA	NA	NA	NA
20	0.99736	0.000527983	0.000527983	0.00105597	0.000527983	0.00447227	0.994633	NA	0.000894454	NA	0.00203943	0.000339905	0.995241	0.00237933	NA	0.0031348	0.0015674	0.0023511	0.992947	NA	NA	NA	NA	NA	1
21	0.996834	0.00193154	0.000379975	0.00082328	3.16646e-05	0.00251623	0.995942	0.000405844	0.00109578	4.05844e-05	0.000761354	0.000266474	0.996536	0.00243633	NA	0.000928341	0.0013262	0.00267451	0.995071	NA	1.56654e-05	1.56654e-05	NA	7.83269e-06	0.999961
22	0.996427	0.00163997	0.000761414	0.00108355	8.78554e-05	0.00401108	0.994318	0.000334257	0.00133703	NA	0.00175628	0.000359238	0.994851	0.00303357	NA	0.00169765	0.00135236	0.00336652	0.993526	5.75473e-05	8.70701e-06	NA	NA	1.7414e-05	0.999974
23	0.997169	0.00151798	0.000471805	0.000779503	6.15397e-05	0.00217219	0.99592	0.00067514	0.00117416	5.87078e-05	0.00119452	0.000461518	0.995738	0.00260622	NA	0.00125645	0.0011472	0.00163885	0.995917	4.09713e-05	2.07472e-05	5.1868e-06	2.07472e-05	5.1868e-06	0.999948
24	0.997969	0.000967071	0.000386828	0.000628596	4.83536e-05	0.00206706	0.996249	0.00076558	0.000918695	NA	0.0013183	0.00051267	0.995752	0.00241687	NA	0.000594825	0.00218103	0.00152011	0.995638	6.60917e-05	1.28803e-05	NA	5.15212e-05	2.57606e-05	0.99991
25	0.997819	0.000865501	0.000796261	0.000415441	0.00010386	0.00275903	0.994952	0.000821837	0.00146757	NA	0.00195107	0.000650358	0.994347	0.00295162	0.000100055	0.000875328	0.0010754	0.0013255	0.996724	NA	3.778e-05	1.889e-05	3.778e-05	3.778e-05	0.999868
26	0.998153	0.000923675	0.00043753	0.00043753	4.86145e-05	0.00202293	0.996376	0.000337154	0.00118004	8.42886e-05	0.00161359	0.000934183	0.99448	0.00280255	0.000169851	0.000451234	0.000838007	0.00106362	0.99755	9.66931e-05	3.98899e-05	1.32966e-05	2.65933e-05	2.65933e-05	0.999894
27	0.996717	0.000781527	0.00127978	0.00116344	5.81719e-05	0.00127333	0.996981	0.000337174	0.0013963	1.19003e-05	0.00268	0.0011135	0.991261	0.004907	3.80387e-05	0.00113608	0.000939003	0.00333675	0.994507	8.11484e-05	2.54471e-05	1.38142e-05	1.89036e-05	2.76283e-05	0.999914
28	0.996064	0.00020016	0.00280224	0.00073392	0.00020016	0.000217782	0.998966	5.44455e-05	0.000762237	NA	0.0028995	0.000684151	0.994592	0.00175924	6.51572e-05	0.000953857	0.000238464	0.000596161	0.998092	0.000119232	5.52479e-05	NA	NA	5.52479e-05	0.99989
29	1	NA	NA	NA	NA	0.00122549	0.997549	NA	0.00122549	NA	0.000738552	NA	0.999261	NA	NA	NA	NA	0.0017762	0.998224	NA	NA	NA	NA	NA	1
30	0.997963	0.000429508	0.000929093	0.000646522	3.16479e-05	0.00037454	0.998424	0.000180203	0.00101408	7.06679e-06	0.00157115	0.000377588	0.99721	0.000838373	3.1999e-06	0.000658852	0.000984773	0.000571238	0.997764	2.10272e-05	2.04392e-05	9.84108e-06	3.02803e-06	1.36261e-05	0.999953
31	0.998623	0.00024631	0.000839782	0.000250189	4.07285e-05	0.000195737	0.998989	8.60057e-05	0.000717703	1.18629e-05	0.00102351	0.000146216	0.998222	0.000607798	NA	0.000278335	0.000740729	0.000637476	0.99831	3.36695e-05	1.91256e-05	4.93565e-06	3.70174e-06	1.78917e-05	0.999954
32	0.999552	0.000223853	0.000122101	8.14009e-05	2.03502e-05	0.000176681	0.999497	4.07725e-05	0.000285408	NA	0.000339227	0.00012721	0.99911	0.000424034	NA	6.97904e-05	0.00123878	0.00025299	0.998412	2.61714e-05	1.13976e-05	5.69879e-06	2.84939e-06	8.54818e-06	0.999972
33	0.999674	0.000144751	5.79005e-05	9.40884e-05	2.89503e-05	5.25961e-05	0.999716	5.25961e-05	0.000178827	NA	0.000219301	5.22144e-05	0.999342	0.000386387	NA	4.76619e-05	0.00103797	0.000391887	0.998507	1.58873e-05	8.185e-06	NA	4.0925e-06	4.0925e-06	0.999984
34	0.998627	0.000166834	0.000948867	0.000213282	4.36043e-05	0.00012806	0.999236	7.0128e-05	0.000557975	7.62261e-06	0.000940633	0.000187065	0.998511	0.000344943	1.59204e-05	0.000166561	0.000552444	0.000388987	0.998832	6.00033e-05	1.72185e-05	7.5878e-06	6.71228e-06	1.40082e-05	0.999954
35	0.9995	9.1033e-05	0.000323167	5.57577e-05	2.95857e-05	2.66745e-05	0.99979	2.98127e-05	0.000150633	3.13818e-06	0.000435813	6.54581e-05	0.99924	0.000249774	8.61291e-06	5.60694e-05	0.000215971	0.000430903	0.999264	3.32263e-05	8.99973e-06	3.3749e-06	2.62492e-06	7.12479e-06	0.999978
36	0.998874	0.000106326	0.000848167	0.000125881	4.58303e-05	6.22092e-05	0.99932	6.12372e-05	0.000551134	5.83211e-06	0.000668083	8.71799e-05	0.999063	0.000169022	1.24543e-05	0.000131467	0.000585885	0.000263648	0.998973	4.57276e-05	1.69618e-05	6.74617e-06	3.85495e-06	1.13721e-05	0.999961
37	0.998998	7.57247e-05	0.000804087	8.197e-05	3.9814e-05	6.31931e-05	0.999518	3.15965e-05	0.000379158	8.24257e-06	0.000574157	5.28116e-05	0.999243	0.000124581	5.41658e-06	7.87992e-05	0.000542757	0.000246708	0.999081	5.08144e-05	1.65666e-05	7.55243e-06	4.14166e-06	1.60794e-05	0.999956
38	0.998965	9.15313e-05	0.000813149	7.81252e-05	5.17753e-05	4.24655e-05	0.99953	3.35254e-05	0.00038666	7.45009e-06	0.000555124	5.40705e-05	0.999298	8.29081e-05	1.00932e-05	6.33783e-05	0.000508425	0.000216232	0.999166	4.56697e-05	1.66257e-05	4.54721e-06	4.26301e-06	1.57731e-05	0.999959
39	0.998893	8.60153e-05	0.000927095	4.99056e-05	4.37947e-05	2.57632e-05	0.999564	2.94657e-05	0.000374261	6.47938e-06	0.000479342	3.6715e-05	0.999418	5.39754e-05	1.18483e-05	5.18816e-05	0.000456245	0.000220909	0.999223	4.80578e-05	1.79952e-05	7.35528e-06	3.64957e-06	1.49632e-05	0.999956
40	0.998756	8.83985e-05	0.00106243	4.08336e-05	5.28251e-05	1.84945e-05	0.99959	2.4954e-05	0.000359148	7.5474e-06	0.000384246	2.56415e-05	0.999544	3.25594e-05	1.36103e-05	4.48359e-05	0.000306437	0.000307666	0.999301	3.97908e-05	2.48155e-05	8.67244e-06	4.87569e-06	1.83282e-05	0.999943
