quality	AA	AC	AG	AT	A.	CA	CC	CG	CT	C.	GA	GC	GG	GT	G.	TA	TC	TG	TT	T.	.A	.C	.G	.T	..
0	NA	NA	NA	NA	NA	NA	NA	NA	NA	NA	NA	NA	NA	NA	NA	NA	NA	NA	NA	NA	NA	NA	NA	NA	NA
1	NA	NA	NA	NA	NA	NA	NA	NA	NA	NA	NA	NA	NA	NA	NA	NA	NA	NA	NA	NA	NA	NA	NA	NA	NA
2	NA	NA	NA	NA	NA	NA	NA	NA	NA	NA	NA	NA	NA	NA	NA	NA	NA	NA	NA	NA	NA	NA	NA	NA	NA
3	NA	NA	NA	NA	NA	NA	NA	NA	NA	NA	NA	NA	NA	NA	NA	NA	NA	NA	NA	NA	NA	NA	NA	NA	NA
4	NA	NA	NA	NA	NA	NA	NA	NA	NA	NA	NA	NA	NA	NA	NA	NA	NA	NA	NA	NA	NA	NA	NA	NA	NA
5	NA	NA	NA	NA	NA	NA	NA	NA	NA	NA	NA	NA	NA	NA	NA	NA	NA	NA	NA	NA	NA	NA	NA	NA	NA
6	NA	NA	NA	NA	NA	NA	NA	NA	NA	NA	NA	NA	NA	NA	NA	NA	NA	NA	NA	NA	NA	NA	NA	NA	NA
7	NA	NA	NA	NA	NA	NA	NA	NA	NA	NA	NA	NA	NA	NA	NA	NA	NA	NA	NA	NA	NA	NA	NA	NA	NA
8	NA	NA	NA	NA	NA	NA	NA	NA	NA	NA	NA	NA	NA	NA	NA	NA	NA	NA	NA	NA	NA	NA	NA	NA	NA
9	NA	NA	NA	NA	NA	NA	NA	NA	NA	NA	NA	NA	NA	NA	NA	NA	NA	NA	NA	NA	NA	NA	NA	NA	NA
10	1	NA	NA	NA	NA	0.142857	0.857143	NA	NA	NA	0.0454545	NA	0.909091	0.0454545	NA	0.1	NA	NA	0.9	NA	NA	NA	NA	NA	1
11	0.974912	0.0135742	0.00375007	0.00765859	0.000105636	0.0725495	0.901354	0.00520133	0.0207156	0.000179356	0.0249035	0.0063376	0.907455	0.061101	0.000203128	0.02143	0.00865444	0.0253451	0.94457	NA	5.03922e-05	NA	1.67974e-05	8.3987e-05	0.999849
12	0.97154	0.0139642	0.00554107	0.0088863	6.86201e-05	0.0544583	0.926681	0.00463937	0.0140265	0.000195113	0.0112577	0.00429446	0.945811	0.0385553	8.12832e-05	0.0112074	0.00474159	0.0239802	0.959889	0.000181496	4.94951e-05	NA	8.99912e-06	5.39947e-05	0.999888
13	0.967486	0.0173769	0.00528601	0.00973965	0.000111555	0.0380103	0.947112	0.0042887	0.0104567	0.000132535	0.00781775	0.00329653	0.967739	0.021061	8.56653e-05	0.0115634	0.00754863	0.0212777	0.959478	0.000132082	3.65732e-05	2.77686e-05	1.96412e-05	3.04777e-05	0.999886
14	0.965395	0.0190357	0.00551335	0.00991343	0.000142727	0.0331785	0.951877	0.00387324	0.0109451	0.000126498	0.0151752	0.00543216	0.947723	0.0315065	0.000162674	0.0140179	0.00903233	0.0186322	0.958153	0.000164417	2.98054e-05	3.75807e-05	3.23972e-05	4.14684e-05	0.999859
15	0.962871	0.0169633	0.00775188	0.0123166	9.68054e-05	0.0259036	0.956866	0.00466603	0.012422	0.000142474	0.0138796	0.00631928	0.951083	0.0285967	0.000121818	0.0135728	0.00915089	0.0202671	0.956825	0.000184246	5.34612e-05	2.99383e-05	1.9246e-05	4.49074e-05	0.999852
16	0.963688	0.0148023	0.00776165	0.0136333	0.000114735	0.0263757	0.956177	0.00446766	0.0128828	9.72287e-05	0.0124244	0.00547476	0.954013	0.0279966	9.17287e-05	0.0173978	0.0109931	0.0265527	0.944917	0.000139866	5.1969e-05	2.67269e-05	2.67269e-05	4.70195e-05	0.999848
17	NA	NA	NA	NA	NA	NA	NA	NA	NA	NA	NA	NA	NA	NA	NA	NA	NA	NA	NA	NA	NA	NA	NA	NA	NA
18	1	NA	NA	NA	NA	NA	1	NA	NA	NA	NA	NA	1	NA	NA	NA	NA	NA	1	NA	NA	NA	NA	NA	1
19	1	NA	NA	NA	NA	0.0212766	0.978723	NA	NA	NA	NA	NA	1	NA	NA	NA	NA	NA	1	NA	NA	NA	NA	NA	1
20	0.997461	0.000976372	0.000585823	0.000585823	0.000390549	0.00603015	0.989615	0.00134003	0.00301508	NA	0.00143246	0.000143246	0.992694	0.00572984	NA	0.00161551	0.000323102	0.00420032	0.993538	0.000323102	NA	NA	NA	NA	1
21	0.996833	0.00203192	0.000476451	0.000630597	2.80265e-05	0.00490307	0.993928	0.000358301	0.000792034	1.8858e-05	0.000875611	0.000262683	0.996585	0.00224156	3.50244e-05	0.000736319	0.00175735	0.00206169	0.995425	1.96352e-05	7.06035e-06	7.06035e-06	1.76509e-05	7.06035e-06	0.999961
22	0.996727	0.00235487	0.000458999	0.000458999	NA	0.00459862	0.994068	0.000433203	0.00079976	9.997e-05	0.000957727	0.00045226	0.996009	0.00255394	2.66035e-05	0.00106251	0.00086933	0.00222162	0.995769	7.72738e-05	4.72177e-05	1.18044e-05	5.90221e-06	2.36088e-05	0.999911
23	0.997588	0.00166117	0.000352714	0.000352714	4.55114e-05	0.00301647	0.995451	0.000354879	0.00116142	1.61309e-05	0.000465773	0.000315524	0.997205	0.00199832	1.50249e-05	0.000397342	0.00111109	0.00125825	0.997219	1.47164e-05	1.98708e-05	5.67738e-06	8.51607e-06	3.12256e-05	0.999935
24	0.998389	0.000773046	0.000418733	0.000386523	3.22103e-05	0.00327667	0.994317	0.00051198	0.00184313	5.1198e-05	0.000931373	0.000294118	0.996765	0.00191176	9.80392e-05	0.000317453	0.00244892	0.000907009	0.996304	2.26752e-05	1.73833e-05	3.47666e-05	1.73833e-05	1.73833e-05	0.999913
25	0.997627	0.00112262	0.00086748	0.000306169	7.65423e-05	0.00308465	0.995814	0.000176266	0.000881329	4.40665e-05	0.0010304	0.000237784	0.997583	0.00114929	NA	0.000351748	0.000801204	0.00128974	0.997538	1.95416e-05	4.33981e-05	2.1699e-05	2.1699e-05	5.06311e-05	0.999863
26	0.998059	0.000705716	0.000529287	0.000705716	NA	0.0016538	0.997244	NA	0.00110254	NA	0.000528262	0.000264131	0.998283	0.000924459	NA	0.000289335	0.000405069	0.000636537	0.998553	0.000115734	2.30282e-05	2.30282e-05	NA	2.30282e-05	0.999931
27	0.996434	0.0012223	0.00148889	0.000782729	7.23173e-05	0.00264829	0.99568	0.000366155	0.00128269	2.30286e-05	0.00176068	0.000609313	0.994427	0.00318109	2.17612e-05	0.000858648	0.000605443	0.00402766	0.994445	6.30201e-05	2.56116e-05	1.08049e-05	1.20054e-05	2.84128e-05	0.999923
28	0.996694	0.000233363	0.00276146	0.000272257	3.88939e-05	0.000523174	0.998677	6.15498e-05	0.000738598	NA	0.00138478	0.000326961	0.996769	0.00148094	3.8466e-05	0.000541167	7.73096e-05	0.000386548	0.998918	7.73096e-05	NA	NA	NA	8.1244e-06	0.999992
29	0.999499	NA	0.000166861	NA	0.000333723	NA	1	NA	NA	NA	0.000676133	0.000135227	0.998648	0.000540906	NA	0.00124378	NA	0.000621891	0.998134	NA	NA	NA	NA	NA	1
30	0.998272	0.000476258	0.000872484	0.000350305	2.88641e-05	0.000435488	0.998436	0.000149889	0.000972252	6.07658e-06	0.00099912	0.000222896	0.997873	0.000897448	7.8209e-06	0.000366835	0.000729849	0.000662978	0.998208	3.24802e-05	1.44366e-05	5.68713e-06	2.18736e-06	1.74989e-05	0.99996
31	0.998507	0.000378226	0.000924832	0.000152044	3.7697e-05	0.00055857	0.998723	7.70441e-05	0.000629836	1.15566e-05	0.000639005	0.000138113	0.99867	0.000546929	5.52454e-06	0.000202653	0.000515355	0.000591853	0.998673	1.74469e-05	1.13436e-05	4.69392e-06	4.30276e-06	1.36906e-05	0.999966
32	0.999507	0.00032239	7.23732e-05	9.21113e-05	6.57938e-06	0.000276576	0.99943	7.543e-05	0.000217909	NA	0.000195778	7.11921e-05	0.999528	0.000195778	8.89901e-06	3.78659e-05	0.00128744	0.000140645	0.998512	2.16376e-05	1.81511e-06	1.81511e-06	5.44532e-06	NA	0.999991
33	0.999467	0.000358651	9.23798e-05	6.52092e-05	1.63023e-05	0.000554021	0.999161	1.49735e-05	0.00025455	1.49735e-05	0.000142035	4.26106e-05	0.999595	0.00019885	2.13053e-05	2.7416e-05	0.00108489	0.000242828	0.998617	2.7416e-05	NA	1.49726e-06	4.49179e-06	1.04808e-05	0.999984
34	0.998567	0.000241435	0.00101913	0.00012398	4.80498e-05	0.000221652	0.999112	6.45316e-05	0.000594813	7.48193e-06	0.000666435	9.08775e-05	0.998863	0.000367717	1.17804e-05	0.000140406	0.000400702	0.000575087	0.998842	4.1673e-05	1.58348e-05	5.27826e-06	3.27616e-06	1.43787e-05	0.999961
35	0.999146	0.00016914	0.000611707	4.55713e-05	2.71675e-05	0.000272548	0.999499	3.22924e-05	0.000193754	2.58339e-06	0.000385894	4.82367e-05	0.999368	0.000190408	7.61632e-06	4.08952e-05	0.000150227	0.000545825	0.999223	4.00606e-05	6.24e-06	3.97091e-06	3.40364e-06	1.02109e-05	0.999976
36	0.998814	0.000153696	0.000899358	9.77283e-05	3.48722e-05	9.75761e-05	0.999373	3.83575e-05	0.00048317	7.40233e-06	0.000533336	5.49963e-05	0.999213	0.000187371	1.08714e-05	9.66263e-05	0.000489508	0.000299689	0.999071	4.3163e-05	1.22801e-05	7.01723e-06	4.58819e-06	1.47092e-05	0.999961
37	0.998851	0.0001321	0.000900931	8.06969e-05	3.5374e-05	9.3598e-05	0.999439	4.10685e-05	0.000421191	4.77541e-06	0.000529503	5.28542e-05	0.999279	0.000124928	1.34538e-05	6.78774e-05	0.000466788	0.0003279	0.99909	4.6992e-05	1.41106e-05	3.4416e-06	4.12992e-06	1.42826e-05	0.999964
38	0.998841	0.000128261	0.000924847	6.16085e-05	4.46751e-05	6.28731e-05	0.999523	2.43562e-05	0.000380637	9.62921e-06	0.00047948	3.90475e-05	0.99938	9.30249e-05	8.61341e-06	6.60985e-05	0.000433433	0.00030557	0.999154	4.08149e-05	1.34808e-05	4.30944e-06	3.86744e-06	1.46963e-05	0.999964
39	0.998765	0.000120159	0.00101294	5.48551e-05	4.67737e-05	4.56737e-05	0.999544	2.56832e-05	0.000375584	9.39952e-06	0.000451122	2.9168e-05	0.99945	5.80743e-05	1.13794e-05	5.27199e-05	0.000401807	0.000241882	0.99926	4.40483e-05	1.32923e-05	5.01549e-06	3.95309e-06	1.32923e-05	0.999964
40	0.998844	0.000121276	0.000931586	5.32979e-05	4.93995e-05	2.72608e-05	0.999561	1.95791e-05	0.000377904	1.44267e-05	0.000361269	2.85353e-05	0.999562	3.29008e-05	1.57583e-05	4.38664e-05	0.000308685	0.000249396	0.999358	4.02659e-05	1.82354e-05	5.57037e-06	4.55416e-06	1.59772e-05	0.999956
