quality	AA	AC	AG	AT	A.	CA	CC	CG	CT	C.	GA	GC	GG	GT	G.	TA	TC	TG	TT	T.	.A	.C	.G	.T	..
0	NA	NA	NA	NA	NA	NA	NA	NA	NA	NA	NA	NA	NA	NA	NA	NA	NA	NA	NA	NA	NA	NA	NA	NA	NA
1	NA	NA	NA	NA	NA	NA	NA	NA	NA	NA	NA	NA	NA	NA	NA	NA	NA	NA	NA	NA	NA	NA	NA	NA	NA
2	NA	NA	NA	NA	NA	NA	NA	NA	NA	NA	NA	NA	NA	NA	NA	NA	NA	NA	NA	NA	NA	NA	NA	NA	NA
3	NA	NA	NA	NA	NA	NA	NA	NA	NA	NA	NA	NA	NA	NA	NA	NA	NA	NA	NA	NA	NA	NA	NA	NA	NA
4	NA	NA	NA	NA	NA	NA	NA	NA	NA	NA	NA	NA	NA	NA	NA	NA	NA	NA	NA	NA	NA	NA	NA	NA	NA
5	NA	NA	NA	NA	NA	NA	NA	NA	NA	NA	NA	NA	NA	NA	NA	NA	NA	NA	NA	NA	NA	NA	NA	NA	NA
6	NA	NA	NA	NA	NA	NA	NA	NA	NA	NA	NA	NA	NA	NA	NA	NA	NA	NA	NA	NA	NA	NA	NA	NA	NA
7	NA	NA	NA	NA	NA	NA	NA	NA	NA	NA	NA	NA	NA	NA	NA	NA	NA	NA	NA	NA	NA	NA	NA	NA	NA
8	NA	NA	NA	NA	NA	NA	NA	NA	NA	NA	NA	NA	NA	NA	NA	NA	NA	NA	NA	NA	NA	NA	NA	NA	NA
9	NA	NA	NA	NA	NA	NA	NA	NA	NA	NA	NA	NA	NA	NA	NA	NA	NA	NA	NA	NA	NA	NA	NA	NA	NA
10	1	NA	NA	NA	NA	0.08	0.92	NA	NA	NA	0.0116279	NA	0.988372	NA	NA	NA	NA	NA	1	NA	NA	NA	NA	NA	1
11	0.977461	0.0104309	0.00283049	0.00885837	0.000419331	0.0596967	0.925905	0.00433231	0.00993884	0.000127421	0.016312	0.00452905	0.946425	0.0326607	7.36431e-05	0.027466	0.00740387	0.0105087	0.954383	0.000238834	NA	1.51279e-05	3.02558e-05	6.05116e-05	0.999894
12	0.974122	0.0163099	0.00369692	0.00570071	0.000170866	0.042012	0.94381	0.00394075	0.0101463	9.0592e-05	0.0100348	0.00454188	0.958303	0.0270053	0.000114777	0.0123917	0.00616258	0.0210148	0.960364	6.65026e-05	1.39859e-05	1.86478e-05	2.79718e-05	0.000107225	0.999832
13	0.967225	0.018965	0.00549781	0.0082249	8.72668e-05	0.0356997	0.949534	0.00453233	0.0101355	9.86309e-05	0.00747071	0.00343498	0.96895	0.0200818	6.29827e-05	0.0123811	0.00824528	0.0218642	0.957377	0.000132075	3.78385e-05	1.69278e-05	0.000222052	4.97875e-05	0.999673
14	0.9667	0.0190463	0.00593985	0.0081195	0.000194001	0.0314604	0.955313	0.00368813	0.00942699	0.00011128	0.0125913	0.00611207	0.95515	0.0260547	9.17958e-05	0.0153644	0.0107412	0.0240717	0.949594	0.00022871	5.05705e-05	8.66922e-05	3.79278e-05	3.97339e-05	0.999785
15	0.969171	0.0154094	0.00622914	0.00898224	0.000207968	0.0299795	0.952716	0.00552076	0.0117029	8.09891e-05	0.0128159	0.00508294	0.956714	0.0252248	0.000162799	0.0175978	0.0102687	0.0240623	0.947566	0.000505454	2.94071e-05	3.23478e-05	8.82213e-06	4.41106e-05	0.999885
16	0.966721	0.014605	0.00709449	0.0114539	0.000126134	0.0259093	0.957561	0.00406765	0.012355	0.000107134	0.0119232	0.00531575	0.957231	0.025429	0.000101446	0.0186287	0.0124637	0.0274389	0.941223	0.000246065	5.53143e-05	7.58799e-05	2.62388e-05	3.47487e-05	0.999808
17	NA	NA	NA	NA	NA	NA	NA	NA	NA	NA	NA	NA	NA	NA	NA	NA	NA	NA	NA	NA	NA	NA	NA	NA	NA
18	1	NA	NA	NA	NA	NA	1	NA	NA	NA	NA	NA	1	NA	NA	NA	NA	NA	1	NA	NA	NA	NA	NA	1
19	1	NA	NA	NA	NA	NA	1	NA	NA	NA	0.0196078	NA	0.980392	NA	NA	NA	NA	NA	1	NA	NA	NA	NA	NA	1
20	0.997394	0.00167504	0.000186116	0.000744463	NA	0.00899673	0.98855	0.00218103	0.000272628	NA	0.000852636	0.000426318	0.996589	0.00198948	0.000142106	0.00244798	NA	0.00122399	0.996328	NA	5.16956e-05	NA	NA	NA	0.999948
21	0.996748	0.0024062	0.000488759	0.000338371	1.87984e-05	0.00441582	0.993061	0.000473124	0.0020502	NA	0.000750338	0.000375169	0.996924	0.00192587	2.50113e-05	0.000618908	0.00039385	0.00239123	0.996596	NA	2.48263e-05	9.93054e-06	0.000153923	2.48263e-05	0.999786
22	0.996319	0.00247117	0.000437603	0.00056631	0.000205931	0.00417759	0.993611	0.000614351	0.00159731	NA	0.00115262	0.000397456	0.995509	0.00294118	NA	0.000827342	0.000998516	0.00251056	0.995607	5.70581e-05	NA	3.24047e-05	2.43035e-05	4.8607e-05	0.999895
23	0.997662	0.00141141	0.000543982	0.000352853	2.94044e-05	0.0025713	0.995243	0.00051426	0.00160706	6.42825e-05	0.000745816	0.000279681	0.997133	0.00184123	NA	0.000470426	0.000606327	0.00152627	0.997376	2.09078e-05	7.91402e-06	3.95701e-06	8.70542e-05	3.56131e-05	0.999865
24	0.997429	0.000915152	0.00113305	0.000479365	4.35787e-05	0.00362027	0.992759	0.000402253	0.00321802	NA	0.0014861	0.000222916	0.995616	0.00260068	7.43052e-05	0.000221414	0.000316306	0.00139174	0.998039	3.16306e-05	2.48855e-05	1.24428e-05	0.000149313	0.00013687	0.999676
25	0.997586	0.0012072	0.000570068	0.000469468	0.000167667	0.00243349	0.995797	0.000276533	0.00149328	NA	0.0009113	0.000303767	0.996416	0.00236938	NA	0.000353155	0.000597647	0.00122246	0.9978	2.71658e-05	2.96607e-05	1.97738e-05	9.88689e-06	3.95476e-05	0.999901
26	0.995618	0.000674157	0.00314607	0.000449438	0.00011236	0.0026536	0.994693	0.00204123	0.00061237	NA	0.000228363	0.000228363	0.996803	0.00251199	0.000228363	0.000325839	0.00219941	0.000977517	0.996416	8.14598e-05	NA	3.28547e-05	NA	9.85642e-05	0.999869
27	0.996986	0.00126466	0.000758397	0.000895385	9.5296e-05	0.00279914	0.995406	0.000351462	0.00142468	1.88283e-05	0.00186422	0.000804941	0.994463	0.00284524	2.23595e-05	0.00099936	0.00095965	0.00373933	0.994058	0.000243222	2.78672e-05	6.48339e-05	8.53078e-06	2.50236e-05	0.999874
28	0.999202	0.000152062	0.000152062	0.000304125	0.000190078	0.00088559	0.995614	8.43419e-05	0.00341585	NA	0.0015728	0.000258543	0.996488	0.00163744	4.30904e-05	0.00016116	0.000241741	0.000564061	0.999033	NA	NA	9.19447e-06	NA	NA	0.999991
29	0.999669	NA	0.000331455	NA	NA	0.00133404	0.998666	NA	NA	NA	0.000462449	NA	0.99926	0.000277469	NA	NA	NA	0.000353982	0.999646	NA	NA	NA	NA	NA	1
30	0.998482	0.000467789	0.000715752	0.00030248	3.16549e-05	0.000554439	0.997981	0.000239539	0.00122192	2.69145e-06	0.00106984	0.000254245	0.99786	0.000808047	7.55184e-06	0.00039518	0.000831958	0.00058237	0.998141	4.93975e-05	1.28231e-05	3.32234e-05	5.82866e-05	3.08919e-05	0.999865
31	0.998899	0.000386417	0.000539652	0.000153234	2.16527e-05	0.000588173	0.998228	0.000157362	0.00102414	2.57971e-06	0.000850092	0.000190741	0.998356	0.000595771	7.06448e-06	0.000247383	0.000539074	0.000553843	0.998556	0.000103384	1.413e-05	1.83166e-05	3.66332e-05	2.87832e-05	0.999902
32	0.999209	0.000210321	0.00050477	7.57155e-05	NA	0.000334147	0.998689	0.000244185	0.000732554	NA	0.000147094	5.25337e-05	0.99959	0.000210135	NA	0.000103568	0.000653272	0.000342569	0.998901	NA	NA	NA	0.000103055	7.79198e-05	0.999819
33	0.999218	0.000197267	0.000523777	5.44184e-05	6.8023e-06	0.000456723	0.998322	0.000223051	0.000998417	NA	0.000171002	8.55008e-06	0.999675	0.000136801	8.55008e-06	4.8539e-05	0.000361346	0.000275054	0.99931	5.39322e-06	NA	3.96857e-06	0.000119057	6.34971e-05	0.999813
34	0.999013	0.000243183	0.000512592	0.000160533	7.07297e-05	0.000311473	0.99882	8.40483e-05	0.000781154	3.70801e-06	0.000868136	0.000195415	0.998562	0.000370615	3.36922e-06	0.000171704	0.00054803	0.000421698	0.998706	0.000152132	1.79292e-05	4.9858e-05	1.71924e-05	1.94029e-05	0.999896
35	0.999381	0.000152874	0.000199514	0.000185263	8.16194e-05	0.000339438	0.9993	2.10129e-05	0.000334589	4.84912e-06	0.000481013	8.93523e-05	0.999254	0.000172748	2.97841e-06	6.81127e-05	0.000254585	0.000375178	0.999193	0.000109427	8.53457e-06	5.52891e-05	2.96854e-06	7.05029e-06	0.999926
36	0.999186	0.000158082	0.000526752	8.9768e-05	3.89559e-05	0.000204709	0.998929	9.88249e-05	0.000764128	3.52946e-06	0.000757538	0.000164356	0.998872	0.000195225	1.08458e-05	0.000116677	0.000565132	0.000179904	0.999034	0.000104292	1.26031e-05	2.96438e-05	2.71587e-05	2.91113e-05	0.999901
37	0.999226	0.000152668	0.000476443	0.000120217	2.5076e-05	0.000227446	0.999023	0.000104878	0.000640639	3.79076e-06	0.000738109	0.000177717	0.998932	0.000141395	1.03776e-05	0.000108015	0.000521259	0.000197214	0.99905	0.000123346	1.70098e-05	3.26405e-05	2.62043e-05	2.96523e-05	0.999894
38	0.99931	0.000117447	0.000439722	9.25484e-05	3.9932e-05	0.000156159	0.999167	6.73484e-05	0.000607616	1.48018e-06	0.000734087	0.000158479	0.999021	8.14821e-05	5.2328e-06	8.11694e-05	0.000500154	0.000118704	0.999186	0.000114013	1.49747e-05	3.62849e-05	1.92944e-05	2.56298e-05	0.999904
39	0.99937	0.000105472	0.000419236	5.35308e-05	5.15168e-05	0.000170976	0.999193	7.51822e-05	0.000559389	1.85844e-06	0.00071021	0.000163557	0.999058	6.13762e-05	7.08187e-06	6.7475e-05	0.000500865	8.4638e-05	0.999231	0.000116414	1.96105e-05	4.50374e-05	1.55104e-05	2.53315e-05	0.999895
40	0.999469	8.69419e-05	0.000361637	3.26527e-05	5.01679e-05	0.00011799	0.999373	4.67331e-05	0.000459234	2.77623e-06	0.000631986	0.000140326	0.999174	4.19933e-05	1.16068e-05	5.26971e-05	0.000441183	6.27555e-05	0.999336	0.000107508	4.0068e-05	4.24609e-05	7.64765e-06	2.04328e-05	0.999889
