
SUMMARISING RUN PARAMETERS
==========================
Input filename: SC2257/host_removal/SC2257_R2.fastq.gz
Trimming mode: paired-end
Trim Galore version: 0.6.4_dev
Cutadapt version: 4.1
Python version: could not detect
Number of cores used for trimming: 2
Quality Phred score cutoff: 20
Quality encoding type selected: ASCII+33
Using Illumina adapter for trimming (count: 11660). Second best hit was Nextera (count: 0)
Adapter sequence: 'AGATCGGAAGAGC' (Illumina TruSeq, Sanger iPCR; auto-detected)
Maximum trimming error rate: 0.1 (default)
Minimum required adapter overlap (stringency): 1 bp
Minimum required sequence length for both reads before a sequence pair gets removed: 20 bp
Running FastQC on the data once trimming has completed
Output file will be GZIP compressed


This is cutadapt 4.1 with Python 3.9.13
Command line parameters: -j 2 -e 0.1 -q 20 -O 1 -a AGATCGGAAGAGC SC2257/host_removal/SC2257_R2.fastq.gz
Processing single-end reads on 2 cores ...
Finished in 21.04 s (38 µs/read; 1.57 M reads/minute).

=== Summary ===

Total reads processed:                 551,549
Reads with adapters:                   187,328 (34.0%)
Reads written (passing filters):       551,549 (100.0%)

Total basepairs processed:   138,438,799 bp
Quality-trimmed:               2,297,177 bp (1.7%)
Total written (filtered):    135,035,457 bp (97.5%)

=== Adapter 1 ===

Sequence: AGATCGGAAGAGC; Type: regular 3'; Length: 13; Trimmed: 187328 times

Minimum overlap: 1
No. of allowed errors:
1-9 bp: 0; 10-13 bp: 1

Bases preceding removed adapters:
  A: 39.2%
  C: 19.5%
  G: 11.1%
  T: 29.6%
  none/other: 0.7%

Overview of removed sequences
length	count	expect	max.err	error counts
1	124772	137887.2	0	124772
2	38445	34471.8	0	38445
3	6071	8618.0	0	6071
4	1747	2154.5	0	1747
5	93	538.6	0	93
6	130	134.7	0	130
7	2961	33.7	0	2961
8	67	8.4	0	67
9	162	2.1	0	161 1
10	159	0.5	1	148 11
11	45	0.1	1	40 5
12	155	0.0	1	148 7
13	23	0.0	1	21 2
14	95	0.0	1	87 8
15	31	0.0	1	30 1
16	31	0.0	1	28 3
17	88	0.0	1	87 1
18	24	0.0	1	22 2
19	65	0.0	1	60 5
20	64	0.0	1	61 3
21	15	0.0	1	13 2
22	51	0.0	1	48 3
23	78	0.0	1	71 7
24	496	0.0	1	478 18
25	21	0.0	1	15 6
26	78	0.0	1	74 4
27	89	0.0	1	85 4
28	149	0.0	1	141 8
29	35	0.0	1	30 5
30	277	0.0	1	254 23
31	30	0.0	1	24 6
32	141	0.0	1	134 7
33	44	0.0	1	41 3
34	158	0.0	1	145 13
35	39	0.0	1	34 5
36	123	0.0	1	120 3
37	82	0.0	1	75 7
38	178	0.0	1	168 10
39	110	0.0	1	105 5
40	108	0.0	1	102 6
41	116	0.0	1	107 9
42	428	0.0	1	387 41
43	649	0.0	1	618 31
44	606	0.0	1	560 46
45	526	0.0	1	500 26
46	280	0.0	1	265 15
47	339	0.0	1	329 10
48	172	0.0	1	169 3
49	101	0.0	1	100 1
50	75	0.0	1	71 4
51	104	0.0	1	92 12
52	86	0.0	1	77 9
53	117	0.0	1	109 8
54	231	0.0	1	221 10
55	72	0.0	1	60 12
56	171	0.0	1	157 14
57	408	0.0	1	397 11
58	156	0.0	1	146 10
59	41	0.0	1	36 5
60	108	0.0	1	107 1
61	28	0.0	1	26 2
62	20	0.0	1	14 6
63	46	0.0	1	44 2
64	18	0.0	1	16 2
65	14	0.0	1	11 3
66	14	0.0	1	13 1
67	7	0.0	1	6 1
68	9	0.0	1	5 4
69	17	0.0	1	16 1
70	9	0.0	1	9
71	14	0.0	1	12 2
72	14	0.0	1	12 2
73	19	0.0	1	19
74	32	0.0	1	29 3
75	38	0.0	1	34 4
76	50	0.0	1	43 7
77	68	0.0	1	60 8
78	93	0.0	1	73 20
79	200	0.0	1	162 38
80	343	0.0	1	294 49
81	443	0.0	1	356 87
82	449	0.0	1	349 100
83	327	0.0	1	263 64
84	236	0.0	1	167 69
85	169	0.0	1	126 43
86	125	0.0	1	95 30
87	100	0.0	1	68 32
88	76	0.0	1	48 28
89	55	0.0	1	42 13
90	46	0.0	1	37 9
91	37	0.0	1	22 15
92	40	0.0	1	27 13
93	20	0.0	1	12 8
94	141	0.0	1	132 9
95	45	0.0	1	33 12
96	47	0.0	1	37 10
97	34	0.0	1	22 12
98	19	0.0	1	12 7
99	15	0.0	1	9 6
100	18	0.0	1	12 6
101	12	0.0	1	7 5
102	7	0.0	1	4 3
103	22	0.0	1	17 5
104	9	0.0	1	5 4
105	20	0.0	1	17 3
106	10	0.0	1	6 4
107	16	0.0	1	9 7
108	13	0.0	1	8 5
109	9	0.0	1	7 2
110	14	0.0	1	9 5
111	34	0.0	1	25 9
112	18	0.0	1	14 4
113	20	0.0	1	16 4
114	11	0.0	1	7 4
115	5	0.0	1	2 3
116	4	0.0	1	2 2
117	20	0.0	1	16 4
118	5	0.0	1	2 3
119	2	0.0	1	0 2
120	4	0.0	1	2 2
121	8	0.0	1	3 5
122	6	0.0	1	3 3
123	13	0.0	1	11 2
124	3	0.0	1	0 3
125	11	0.0	1	8 3
126	12	0.0	1	7 5
127	33	0.0	1	29 4
128	9	0.0	1	2 7
129	7	0.0	1	5 2
130	6	0.0	1	3 3
131	7	0.0	1	5 2
132	9	0.0	1	2 7
133	14	0.0	1	7 7
134	10	0.0	1	5 5
135	6	0.0	1	2 4
136	4	0.0	1	4
137	5	0.0	1	2 3
138	8	0.0	1	4 4
139	6	0.0	1	1 5
140	9	0.0	1	8 1
141	26	0.0	1	21 5
142	4	0.0	1	1 3
143	9	0.0	1	5 4
144	5	0.0	1	2 3
145	8	0.0	1	6 2
146	12	0.0	1	8 4
147	14	0.0	1	10 4
148	7	0.0	1	2 5
149	10	0.0	1	9 1
150	2	0.0	1	2
151	11	0.0	1	6 5
152	6	0.0	1	6
153	20	0.0	1	15 5
154	16	0.0	1	14 2
155	12	0.0	1	12
156	39	0.0	1	37 2
157	17	0.0	1	13 4
158	20	0.0	1	16 4
159	23	0.0	1	21 2
160	34	0.0	1	26 8
161	26	0.0	1	23 3
162	29	0.0	1	26 3
163	17	0.0	1	14 3
164	28	0.0	1	25 3
165	6	0.0	1	3 3
166	32	0.0	1	30 2
167	24	0.0	1	22 2
168	23	0.0	1	21 2
169	21	0.0	1	21
170	16	0.0	1	16
171	9	0.0	1	6 3
172	17	0.0	1	16 1
173	20	0.0	1	20
174	9	0.0	1	5 4
175	10	0.0	1	9 1
176	19	0.0	1	18 1
177	7	0.0	1	6 1
178	4	0.0	1	4
179	4	0.0	1	3 1
180	8	0.0	1	8
181	9	0.0	1	8 1
183	6	0.0	1	5 1
184	5	0.0	1	5
185	41	0.0	1	40 1
186	3	0.0	1	3
187	5	0.0	1	4 1
188	2	0.0	1	2
189	6	0.0	1	5 1
190	10	0.0	1	10
191	2	0.0	1	2
192	7	0.0	1	6 1
193	2	0.0	1	2
194	2	0.0	1	1 1
195	5	0.0	1	4 1
196	5	0.0	1	5
198	5	0.0	1	5
199	2	0.0	1	0 2
200	2	0.0	1	2
201	3	0.0	1	2 1
202	1	0.0	1	1
203	4	0.0	1	4
207	4	0.0	1	4
208	10	0.0	1	10
209	3	0.0	1	3
210	5	0.0	1	5
211	5	0.0	1	5
212	2	0.0	1	2
213	1	0.0	1	1
214	3	0.0	1	3
215	1	0.0	1	1
216	1	0.0	1	1
217	1	0.0	1	1
218	1	0.0	1	1
220	1	0.0	1	0 1
222	3	0.0	1	2 1
224	1	0.0	1	1
225	1	0.0	1	1
226	1	0.0	1	0 1
227	2	0.0	1	2
228	3	0.0	1	3
229	4	0.0	1	4
230	1	0.0	1	1
232	1	0.0	1	1
234	2	0.0	1	2
238	1	0.0	1	1
241	2	0.0	1	1 1
242	3	0.0	1	0 3
243	2	0.0	1	0 2
245	1	0.0	1	0 1
247	1	0.0	1	1
249	1	0.0	1	1
250	11	0.0	1	0 11
251	246	0.0	1	0 246

RUN STATISTICS FOR INPUT FILE: SC2257/host_removal/SC2257_R2.fastq.gz
=============================================
551549 sequences processed in total

Total number of sequences analysed for the sequence pair length validation: 551549

Number of sequence pairs removed because at least one read was shorter than the length cutoff (20 bp): 2791 (0.51%)
