
SUMMARISING RUN PARAMETERS
==========================
Input filename: SC2257/host_removal/SC2257_R1.fastq.gz
Trimming mode: paired-end
Trim Galore version: 0.6.4_dev
Cutadapt version: 4.1
Python version: could not detect
Number of cores used for trimming: 2
Quality Phred score cutoff: 20
Quality encoding type selected: ASCII+33
Using Illumina adapter for trimming (count: 11660). Second best hit was Nextera (count: 0)
Adapter sequence: 'AGATCGGAAGAGC' (Illumina TruSeq, Sanger iPCR; auto-detected)
Maximum trimming error rate: 0.1 (default)
Minimum required adapter overlap (stringency): 1 bp
Minimum required sequence length for both reads before a sequence pair gets removed: 20 bp
Running FastQC on the data once trimming has completed
Output file will be GZIP compressed


This is cutadapt 4.1 with Python 3.9.13
Command line parameters: -j 2 -e 0.1 -q 20 -O 1 -a AGATCGGAAGAGC SC2257/host_removal/SC2257_R1.fastq.gz
Processing single-end reads on 2 cores ...
Finished in 20.48 s (37 µs/read; 1.62 M reads/minute).

=== Summary ===

Total reads processed:                 551,549
Reads with adapters:                   194,012 (35.2%)
Reads written (passing filters):       551,549 (100.0%)

Total basepairs processed:   138,438,799 bp
Quality-trimmed:               1,093,491 bp (0.8%)
Total written (filtered):    136,034,516 bp (98.3%)

=== Adapter 1 ===

Sequence: AGATCGGAAGAGC; Type: regular 3'; Length: 13; Trimmed: 194012 times

Minimum overlap: 1
No. of allowed errors:
1-9 bp: 0; 10-13 bp: 1

Bases preceding removed adapters:
  A: 35.6%
  C: 20.5%
  G: 11.9%
  T: 31.3%
  none/other: 0.6%

Overview of removed sequences
length	count	expect	max.err	error counts
1	124729	137887.2	0	124729
2	45084	34471.8	0	45084
3	5392	8618.0	0	5392
4	1844	2154.5	0	1844
5	98	538.6	0	98
6	129	134.7	0	129
7	2991	33.7	0	2991
8	107	8.4	0	107
9	180	2.1	0	180
10	158	0.5	1	151 7
11	67	0.1	1	65 2
12	135	0.0	1	127 8
13	78	0.0	1	74 4
14	50	0.0	1	45 5
15	52	0.0	1	47 5
16	32	0.0	1	29 3
17	54	0.0	1	50 4
18	80	0.0	1	77 3
19	35	0.0	1	33 2
20	78	0.0	1	76 2
21	29	0.0	1	26 3
22	62	0.0	1	62
23	65	0.0	1	64 1
24	370	0.0	1	358 12
25	178	0.0	1	166 12
26	33	0.0	1	28 5
27	62	0.0	1	55 7
28	125	0.0	1	117 8
29	91	0.0	1	82 9
30	159	0.0	1	155 4
31	91	0.0	1	89 2
32	114	0.0	1	108 6
33	37	0.0	1	32 5
34	70	0.0	1	68 2
35	45	0.0	1	41 4
36	107	0.0	1	97 10
37	113	0.0	1	109 4
38	106	0.0	1	97 9
39	26	0.0	1	23 3
40	69	0.0	1	66 3
41	63	0.0	1	57 6
42	180	0.0	1	173 7
43	150	0.0	1	141 9
44	36	0.0	1	35 1
45	50	0.0	1	45 5
46	36	0.0	1	33 3
47	73	0.0	1	67 6
48	52	0.0	1	46 6
49	74	0.0	1	70 4
50	47	0.0	1	40 7
51	87	0.0	1	82 5
52	96	0.0	1	91 5
53	84	0.0	1	81 3
54	137	0.0	1	132 5
55	71	0.0	1	67 4
56	39	0.0	1	36 3
57	58	0.0	1	55 3
58	46	0.0	1	44 2
59	54	0.0	1	54
60	30	0.0	1	29 1
61	39	0.0	1	37 2
62	42	0.0	1	41 1
63	57	0.0	1	56 1
64	20	0.0	1	20
65	40	0.0	1	37 3
66	52	0.0	1	48 4
67	21	0.0	1	21
68	52	0.0	1	45 7
69	65	0.0	1	58 7
70	60	0.0	1	53 7
71	71	0.0	1	66 5
72	93	0.0	1	87 6
73	183	0.0	1	151 32
74	273	0.0	1	239 34
75	537	0.0	1	441 96
76	1379	0.0	1	1265 114
77	1205	0.0	1	1110 95
78	695	0.0	1	626 69
79	425	0.0	1	382 43
80	275	0.0	1	242 33
81	186	0.0	1	167 19
82	119	0.0	1	104 15
83	99	0.0	1	83 16
84	97	0.0	1	85 12
85	80	0.0	1	71 9
86	71	0.0	1	58 13
87	68	0.0	1	58 10
88	46	0.0	1	40 6
89	62	0.0	1	54 8
90	51	0.0	1	42 9
91	39	0.0	1	33 6
92	56	0.0	1	49 7
93	42	0.0	1	36 6
94	191	0.0	1	184 7
95	44	0.0	1	39 5
96	52	0.0	1	46 6
97	71	0.0	1	65 6
98	24	0.0	1	23 1
99	20	0.0	1	18 2
100	25	0.0	1	22 3
101	14	0.0	1	14
102	23	0.0	1	18 5
103	31	0.0	1	28 3
104	29	0.0	1	26 3
105	42	0.0	1	39 3
106	17	0.0	1	13 4
107	12	0.0	1	12
108	19	0.0	1	15 4
109	31	0.0	1	25 6
110	20	0.0	1	17 3
111	37	0.0	1	33 4
112	21	0.0	1	18 3
113	34	0.0	1	30 4
114	20	0.0	1	14 6
115	18	0.0	1	11 7
116	16	0.0	1	13 3
117	40	0.0	1	31 9
118	18	0.0	1	15 3
119	13	0.0	1	12 1
120	10	0.0	1	7 3
121	16	0.0	1	14 2
122	11	0.0	1	8 3
123	11	0.0	1	7 4
124	13	0.0	1	7 6
125	17	0.0	1	14 3
126	18	0.0	1	14 4
127	37	0.0	1	34 3
128	10	0.0	1	5 5
129	13	0.0	1	10 3
130	8	0.0	1	5 3
131	14	0.0	1	9 5
132	9	0.0	1	6 3
133	18	0.0	1	15 3
134	20	0.0	1	13 7
135	6	0.0	1	5 1
136	12	0.0	1	11 1
137	13	0.0	1	10 3
138	11	0.0	1	5 6
139	13	0.0	1	8 5
140	14	0.0	1	6 8
141	34	0.0	1	31 3
142	11	0.0	1	6 5
143	16	0.0	1	12 4
144	6	0.0	1	4 2
145	10	0.0	1	9 1
146	20	0.0	1	14 6
147	21	0.0	1	16 5
148	16	0.0	1	10 6
149	12	0.0	1	11 1
150	11	0.0	1	5 6
151	14	0.0	1	10 4
152	11	0.0	1	8 3
153	27	0.0	1	25 2
154	23	0.0	1	20 3
155	22	0.0	1	20 2
156	47	0.0	1	45 2
157	27	0.0	1	25 2
158	25	0.0	1	21 4
159	24	0.0	1	20 4
160	44	0.0	1	43 1
161	40	0.0	1	37 3
162	50	0.0	1	45 5
163	30	0.0	1	21 9
164	39	0.0	1	36 3
165	12	0.0	1	10 2
166	28	0.0	1	23 5
167	29	0.0	1	29
168	21	0.0	1	21
169	26	0.0	1	20 6
170	14	0.0	1	11 3
171	8	0.0	1	6 2
172	33	0.0	1	29 4
173	26	0.0	1	24 2
174	17	0.0	1	13 4
175	24	0.0	1	19 5
176	25	0.0	1	21 4
177	8	0.0	1	8
178	10	0.0	1	7 3
179	7	0.0	1	6 1
180	23	0.0	1	17 6
181	14	0.0	1	9 5
182	10	0.0	1	6 4
183	4	0.0	1	3 1
184	12	0.0	1	8 4
185	49	0.0	1	46 3
186	11	0.0	1	8 3
187	3	0.0	1	3
188	4	0.0	1	2 2
189	5	0.0	1	2 3
190	14	0.0	1	10 4
191	3	0.0	1	2 1
192	13	0.0	1	9 4
193	9	0.0	1	5 4
195	6	0.0	1	4 2
196	4	0.0	1	3 1
197	6	0.0	1	6
198	6	0.0	1	5 1
199	1	0.0	1	0 1
200	5	0.0	1	4 1
201	2	0.0	1	2
202	1	0.0	1	1
203	3	0.0	1	3
204	1	0.0	1	1
205	4	0.0	1	4
207	6	0.0	1	4 2
208	5	0.0	1	4 1
209	7	0.0	1	6 1
210	3	0.0	1	3
211	5	0.0	1	3 2
212	7	0.0	1	5 2
213	3	0.0	1	3
214	10	0.0	1	9 1
215	5	0.0	1	3 2
217	5	0.0	1	5
218	4	0.0	1	2 2
219	3	0.0	1	2 1
220	2	0.0	1	2
221	5	0.0	1	3 2
222	2	0.0	1	2
223	3	0.0	1	1 2
225	3	0.0	1	0 3
226	1	0.0	1	1
229	2	0.0	1	2
230	3	0.0	1	2 1
231	3	0.0	1	0 3
232	2	0.0	1	1 1
233	4	0.0	1	4
234	1	0.0	1	0 1
237	1	0.0	1	0 1
238	1	0.0	1	0 1
239	3	0.0	1	2 1
241	1	0.0	1	0 1
242	1	0.0	1	0 1
243	4	0.0	1	1 3
244	2	0.0	1	0 2
245	2	0.0	1	0 2
246	3	0.0	1	0 3
247	1	0.0	1	0 1
248	2	0.0	1	0 2
249	4	0.0	1	1 3
250	19	0.0	1	0 19
251	229	0.0	1	0 229

RUN STATISTICS FOR INPUT FILE: SC2257/host_removal/SC2257_R1.fastq.gz
=============================================
551549 sequences processed in total

