quality	AA	AC	AG	AT	A.	CA	CC	CG	CT	C.	GA	GC	GG	GT	G.	TA	TC	TG	TT	T.	.A	.C	.G	.T	..
0	NA	NA	NA	NA	NA	NA	NA	NA	NA	NA	NA	NA	NA	NA	NA	NA	NA	NA	NA	NA	NA	NA	NA	NA	NA
1	NA	NA	NA	NA	NA	NA	NA	NA	NA	NA	NA	NA	NA	NA	NA	NA	NA	NA	NA	NA	NA	NA	NA	NA	NA
2	NA	NA	NA	NA	NA	NA	NA	NA	NA	NA	NA	NA	NA	NA	NA	NA	NA	NA	NA	NA	NA	NA	NA	NA	NA
3	NA	NA	NA	NA	NA	NA	NA	NA	NA	NA	NA	NA	NA	NA	NA	NA	NA	NA	NA	NA	NA	NA	NA	NA	NA
4	NA	NA	NA	NA	NA	NA	NA	NA	NA	NA	NA	NA	NA	NA	NA	NA	NA	NA	NA	NA	NA	NA	NA	NA	NA
5	NA	NA	NA	NA	NA	NA	NA	NA	NA	NA	NA	NA	NA	NA	NA	NA	NA	NA	NA	NA	NA	NA	NA	NA	NA
6	NA	NA	NA	NA	NA	NA	NA	NA	NA	NA	NA	NA	NA	NA	NA	NA	NA	NA	NA	NA	NA	NA	NA	NA	NA
7	NA	NA	NA	NA	NA	NA	NA	NA	NA	NA	NA	NA	NA	NA	NA	NA	NA	NA	NA	NA	NA	NA	NA	NA	NA
8	NA	NA	NA	NA	NA	NA	NA	NA	NA	NA	NA	NA	NA	NA	NA	NA	NA	NA	NA	NA	NA	NA	NA	NA	NA
9	NA	NA	NA	NA	NA	NA	NA	NA	NA	NA	NA	NA	NA	NA	NA	NA	NA	NA	NA	NA	NA	NA	NA	NA	NA
10	NA	NA	NA	NA	NA	NA	NA	NA	NA	NA	NA	NA	NA	NA	NA	NA	NA	NA	NA	NA	NA	NA	NA	NA	NA
11	0.974204	0.0121577	0.00370018	0.00983191	0.000105719	0.0515772	0.928673	0.00568343	0.0136402	0.000426257	0.0214215	0.00720661	0.933355	0.0378843	0.000132231	0.0308183	0.0109812	0.0226709	0.935175	0.000354233	8.71561e-05	8.71561e-05	5.81041e-05	2.9052e-05	0.999739
12	0.971273	0.0144739	0.00574535	0.00835285	0.000154682	0.0364304	0.945828	0.0050351	0.0126174	8.88547e-05	0.013536	0.00548805	0.950625	0.0302281	0.000122736	0.0126591	0.00795334	0.0266768	0.952545	0.000165695	6.01902e-05	3.61141e-05	4.81522e-05	6.01902e-05	0.999795
13	0.965933	0.0165166	0.00664583	0.0107874	0.00011751	0.0301554	0.951767	0.00492959	0.0129947	0.000153545	0.0103703	0.00453166	0.96254	0.0224758	8.19199e-05	0.0148561	0.00949172	0.02302	0.952447	0.000184761	5.17369e-05	2.79215e-05	3.69549e-05	7.63735e-05	0.999807
14	0.96202	0.0167938	0.00779254	0.0131628	0.000230926	0.0280136	0.953812	0.00446487	0.0134753	0.000234608	0.0184459	0.00699951	0.942062	0.0322955	0.000196882	0.0180248	0.0152826	0.0213869	0.94508	0.000225389	7.26864e-05	3.8663e-05	4.48491e-05	7.7326e-05	0.999766
15	0.977179	0.00824161	0.00488	0.00960892	9.06502e-05	0.0124096	0.975554	0.00268963	0.0092406	0.00010652	0.0146203	0.00545016	0.95498	0.0248198	0.000129766	0.025682	0.0161802	0.0244121	0.933476	0.00024945	5.42551e-05	2.35892e-05	3.53838e-05	6.13319e-05	0.999825
16	0.965272	0.011961	0.00868679	0.0139078	0.000172181	0.0184313	0.960549	0.00502304	0.0158343	0.000162034	0.0169549	0.00797901	0.950922	0.0239845	0.000159667	0.0184247	0.0122992	0.018473	0.950579	0.000224313	0.00012693	5.07719e-05	3.80789e-05	7.88778e-05	0.999705
17	NA	NA	NA	NA	NA	NA	NA	NA	NA	NA	NA	NA	NA	NA	NA	NA	NA	NA	NA	NA	NA	NA	NA	NA	NA
18	NA	NA	NA	NA	NA	NA	NA	NA	NA	NA	NA	NA	NA	NA	NA	NA	NA	NA	NA	NA	NA	NA	NA	NA	NA
19	NA	NA	NA	NA	NA	NA	NA	NA	NA	NA	NA	NA	NA	NA	NA	NA	NA	NA	NA	NA	NA	NA	NA	NA	NA
20	0.996034	0.00169972	0.000849858	0.00141643	NA	0.00538462	0.993462	0.000384615	0.000769231	NA	0.00118343	0.000676247	0.996957	0.00118343	NA	0.00221337	0.000442674	0.00531208	0.992032	NA	NA	NA	NA	NA	1
21	0.997285	0.00137919	0.000668046	0.000668046	NA	0.00275725	0.99548	0.000511654	0.00125071	NA	0.00106149	0.000318446	0.996789	0.00180453	2.65372e-05	0.000857849	0.000458505	0.00252917	0.996125	2.9581e-05	2.144e-05	5.36e-06	NA	NA	0.999973
22	0.996367	0.00205809	0.000546023	0.000903039	0.000126005	0.00387084	0.994177	0.000794018	0.00112486	3.30841e-05	0.00204963	0.000637049	0.994017	0.00329603	NA	0.00150897	0.000774878	0.00342577	0.99425	4.0783e-05	4.29669e-05	1.22763e-05	1.22763e-05	8.59339e-05	0.999847
23	0.997164	0.00158762	0.00047493	0.000746319	2.71389e-05	0.00262778	0.994092	0.000750795	0.00250924	1.97578e-05	0.00237412	0.000441696	0.995362	0.001822	NA	0.00114593	0.000449203	0.0020535	0.996287	6.41719e-05	1.39165e-05	1.39165e-05	NA	0.000104374	0.999868
24	0.997752	0.000972893	0.000637413	0.000536769	0.000100644	0.00194164	0.996893	0.000277377	0.000832131	5.54754e-05	0.00108052	0.000771803	0.995987	0.00216105	NA	0.000489431	0.000349593	0.00158482	0.997483	9.32249e-05	3.63392e-05	NA	1.81696e-05	5.45088e-05	0.999891
25	0.99706	0.00152997	0.000549831	0.000788889	7.17171e-05	0.00260887	0.993097	0.000762593	0.00349187	4.01365e-05	0.00301129	0.000645277	0.993834	0.00250941	NA	0.00110637	0.000410428	0.00146327	0.996913	0.000107068	2.65595e-05	6.63989e-06	1.32798e-05	8.63185e-05	0.999867
26	0.996955	0.00191136	0.000453544	0.000583128	9.7188e-05	0.00211622	0.994166	0.000457561	0.00320293	5.71951e-05	0.00465495	0.00093099	0.991912	0.00238566	0.000116374	0.000329779	0.000307794	0.00105529	0.998263	4.39705e-05	3.60484e-05	2.70363e-05	4.50605e-05	0.000135181	0.999757
27	0.996567	0.00109368	0.00113699	0.00115323	4.87281e-05	0.00119543	0.996686	0.000370498	0.00171645	3.18397e-05	0.00274618	0.00104686	0.991798	0.0043895	1.94764e-05	0.00106614	0.0016319	0.00367604	0.993543	8.2448e-05	4.36724e-05	1.31543e-05	9.99729e-06	2.94657e-05	0.999904
28	0.998604	0.000301944	0.000528402	0.000528402	3.7743e-05	0.00023522	0.996864	7.84068e-05	0.00282264	NA	0.0025973	0.000543621	0.995188	0.00163086	4.02682e-05	0.000572984	7.1623e-05	0.000644607	0.998639	7.1623e-05	6.05667e-05	1.73048e-05	1.73048e-05	3.46096e-05	0.99987
29	1	NA	NA	NA	NA	0.000636132	0.999364	NA	NA	NA	0.00087581	NA	0.999124	NA	NA	NA	NA	NA	1	NA	NA	NA	NA	NA	1
30	0.997845	0.000625611	0.000812337	0.00068147	3.51108e-05	0.000351207	0.997978	0.000142905	0.00151625	1.21106e-05	0.00170611	0.000358833	0.996984	0.000942212	8.80572e-06	0.000571687	0.00109229	0.000710352	0.997572	5.35196e-05	3.15748e-05	9.47244e-06	5.26247e-06	3.6311e-05	0.999917
31	0.998676	0.000420554	0.000595097	0.000265251	4.26051e-05	0.000183987	0.998503	9.6175e-05	0.00120219	1.46353e-05	0.00136849	0.000178413	0.997849	0.000597978	5.88175e-06	0.000316092	0.000848707	0.000807615	0.997971	5.68966e-05	3.07298e-05	8.65628e-06	4.76096e-06	3.5058e-05	0.999921
32	0.999488	0.000321049	8.197e-05	0.000102463	6.83083e-06	0.000121232	0.998396	6.5279e-05	0.00141749	NA	0.000247702	4.58707e-05	0.999339	0.000366966	NA	9.14986e-05	0.000170797	0.000335495	0.99939	1.21998e-05	1.54609e-05	5.79785e-06	7.73047e-06	7.15068e-05	0.9999
33	0.999628	0.000205685	0.00010774	4.40753e-05	1.46918e-05	7.89e-05	0.998838	5.02091e-05	0.00103287	NA	0.000242928	4.0488e-05	0.999406	0.00030366	6.748e-06	7.34641e-05	0.000143255	0.000675869	0.9991	7.34641e-06	8.29114e-06	2.76371e-06	1.38186e-06	6.49473e-05	0.999923
34	0.998637	0.000484044	0.000630602	0.000200341	4.77322e-05	0.000108192	0.998808	7.06998e-05	0.00100479	8.56968e-06	0.00132713	0.000185633	0.998137	0.00033617	1.38532e-05	0.000187681	0.000837915	0.000456642	0.998471	4.65508e-05	3.29901e-05	7.83515e-06	5.77327e-06	2.76292e-05	0.999926
35	0.999406	0.000244494	0.00028736	4.2072e-05	1.98453e-05	3.45677e-05	0.999665	2.26851e-05	0.000276542	1.08024e-06	0.000518485	6.79238e-05	0.999203	0.000206035	4.52825e-06	4.95118e-05	0.00042085	0.000542379	0.998932	5.55133e-05	1.48853e-05	4.43948e-06	3.91719e-06	9.92355e-06	0.999967
36	0.998985	0.000369119	0.000486468	0.000120764	3.88321e-05	6.62185e-05	0.998838	4.86504e-05	0.00104058	6.08129e-06	0.00096104	8.28798e-05	0.998789	0.000160275	6.70351e-06	0.000125793	0.000628466	0.000307494	0.998892	4.59244e-05	2.73265e-05	8.17115e-06	6.69766e-06	3.04074e-05	0.999927
37	0.998839	0.000330576	0.000705082	8.8959e-05	3.62425e-05	3.46116e-05	0.999	5.0956e-05	0.000905671	8.65291e-06	0.000955109	7.36133e-05	0.998863	9.78404e-05	1.02499e-05	6.99056e-05	0.000655235	0.000355788	0.998874	4.48648e-05	3.17977e-05	7.69299e-06	6.66726e-06	3.35073e-05	0.99992
38	0.998866	0.000323701	0.000693781	7.54875e-05	4.09424e-05	2.9273e-05	0.999025	4.26256e-05	0.000894111	8.73055e-06	0.000783892	5.96172e-05	0.999055	9.36137e-05	7.88326e-06	6.54093e-05	0.000590973	0.000309713	0.998979	5.52708e-05	2.57918e-05	8.07224e-06	5.31587e-06	3.3175e-05	0.999928
39	0.998867	0.000335944	0.00070768	4.98647e-05	3.91977e-05	2.57685e-05	0.998993	3.35417e-05	0.000941616	6.49538e-06	0.000766665	3.52846e-05	0.999145	4.13819e-05	1.1395e-05	5.78166e-05	0.000454637	0.000289265	0.999151	4.72493e-05	3.11605e-05	8.03325e-06	5.36847e-06	3.06936e-05	0.999925
40	0.999257	0.000290639	0.00036011	4.39584e-05	4.87305e-05	2.24554e-05	0.998986	3.11134e-05	0.00095271	7.54686e-06	0.00052269	2.87886e-05	0.999408	2.86876e-05	1.2071e-05	4.79602e-05	0.000322001	0.000251475	0.999334	4.48009e-05	4.21539e-05	9.98162e-06	6.30957e-06	2.55179e-05	0.999916
