quality	AA	AC	AG	AT	A.	CA	CC	CG	CT	C.	GA	GC	GG	GT	G.	TA	TC	TG	TT	T.	.A	.C	.G	.T	..
0	NA	NA	NA	NA	NA	NA	NA	NA	NA	NA	NA	NA	NA	NA	NA	NA	NA	NA	NA	NA	NA	NA	NA	NA	NA
1	NA	NA	NA	NA	NA	NA	NA	NA	NA	NA	NA	NA	NA	NA	NA	NA	NA	NA	NA	NA	NA	NA	NA	NA	NA
2	NA	NA	NA	NA	NA	NA	NA	NA	NA	NA	NA	NA	NA	NA	NA	NA	NA	NA	NA	NA	NA	NA	NA	NA	NA
3	NA	NA	NA	NA	NA	NA	NA	NA	NA	NA	NA	NA	NA	NA	NA	NA	NA	NA	NA	NA	NA	NA	NA	NA	NA
4	NA	NA	NA	NA	NA	NA	NA	NA	NA	NA	NA	NA	NA	NA	NA	NA	NA	NA	NA	NA	NA	NA	NA	NA	NA
5	NA	NA	NA	NA	NA	NA	NA	NA	NA	NA	NA	NA	NA	NA	NA	NA	NA	NA	NA	NA	NA	NA	NA	NA	NA
6	NA	NA	NA	NA	NA	NA	NA	NA	NA	NA	NA	NA	NA	NA	NA	NA	NA	NA	NA	NA	NA	NA	NA	NA	NA
7	NA	NA	NA	NA	NA	NA	NA	NA	NA	NA	NA	NA	NA	NA	NA	NA	NA	NA	NA	NA	NA	NA	NA	NA	NA
8	NA	NA	NA	NA	NA	NA	NA	NA	NA	NA	NA	NA	NA	NA	NA	NA	NA	NA	NA	NA	NA	NA	NA	NA	NA
9	NA	NA	NA	NA	NA	NA	NA	NA	NA	NA	NA	NA	NA	NA	NA	NA	NA	NA	NA	NA	NA	NA	NA	NA	NA
10	1	NA	NA	NA	NA	0.075	0.875	NA	0.05	NA	0.0258065	NA	0.967742	0.00645161	NA	NA	NA	NA	1	NA	NA	NA	NA	NA	1
11	0.971434	0.0138758	0.00435382	0.0101171	0.000219257	0.0701279	0.907307	0.00541559	0.0170316	0.00011773	0.0214559	0.00534285	0.925644	0.047431	0.000126708	0.0234558	0.00703675	0.0242377	0.944935	0.000335083	6.15818e-05	2.63922e-05	NA	6.15818e-05	0.99985
12	0.971273	0.0164663	0.00490618	0.00727499	7.98474e-05	0.0597575	0.919629	0.00493019	0.0155023	0.000181162	0.0120315	0.00421639	0.941901	0.0417192	0.000131762	0.0127242	0.00607236	0.0241383	0.956914	0.000151179	4.61002e-05	2.81723e-05	2.0489e-05	5.12224e-05	0.999854
13	0.965891	0.0185994	0.00630535	0.00909736	0.000106916	0.0443372	0.939396	0.0052227	0.0109111	0.000133355	0.00853966	0.00361989	0.964206	0.0235561	7.81568e-05	0.0134354	0.0102906	0.0235947	0.952518	0.000161434	4.49801e-05	2.76801e-05	2.24901e-05	3.58976e-05	0.999869
14	0.963353	0.0199701	0.00665913	0.00986718	0.000150681	0.0386692	0.946083	0.00453902	0.0105777	0.000131354	0.0126521	0.0056511	0.951314	0.0302771	0.000105875	0.0146539	0.00941839	0.0218143	0.953948	0.000165071	4.35637e-05	3.59209e-05	3.20995e-05	3.8978e-05	0.999849
15	0.964406	0.0166095	0.00776938	0.0110985	0.000116968	0.0318018	0.94952	0.00575306	0.0128342	9.05518e-05	0.0119508	0.00514884	0.955635	0.0271945	7.05321e-05	0.0153891	0.00860883	0.0231133	0.952765	0.000124062	3.38481e-05	2.21314e-05	2.08296e-05	4.42629e-05	0.999879
16	0.964496	0.0165601	0.00699317	0.01185	0.000100873	0.0271544	0.956494	0.0042291	0.0120394	8.34997e-05	0.0105189	0.0051403	0.959645	0.0246137	8.20096e-05	0.0185278	0.0127273	0.0268281	0.941766	0.000151042	4.89323e-05	2.54194e-05	2.98677e-05	4.00355e-05	0.999856
17	NA	NA	NA	NA	NA	NA	NA	NA	NA	NA	NA	NA	NA	NA	NA	NA	NA	NA	NA	NA	NA	NA	NA	NA	NA
18	1	NA	NA	NA	NA	NA	1	NA	NA	NA	NA	NA	1	NA	NA	NA	NA	NA	1	NA	NA	NA	NA	NA	1
19	1	NA	NA	NA	NA	NA	1	NA	NA	NA	NA	NA	0.984	0.008	0.008	NA	NA	NA	1	NA	NA	NA	NA	NA	1
20	0.997997	0.00111284	0.000222568	0.000667705	NA	0.0109731	0.986284	0.00129095	0.00145232	NA	0.00144613	0.00021692	0.992986	0.00535069	NA	0.00302973	0.000757432	0.00302973	0.993183	NA	8.75018e-05	NA	2.91673e-05	2.91673e-05	0.999854
21	0.996657	0.00239687	0.000356057	0.000564481	2.6053e-05	0.00562729	0.992998	0.000411126	0.000925034	3.85431e-05	0.000799643	0.000329265	0.994602	0.00425692	1.17594e-05	0.00065594	0.00444071	0.00273527	0.992142	2.62376e-05	3.72545e-05	2.32841e-06	4.65682e-06	1.86273e-05	0.999937
22	0.995743	0.00257345	0.00100011	0.000597627	8.53752e-05	0.00640501	0.992079	0.000339206	0.00115729	1.99533e-05	0.00108742	0.000271855	0.995107	0.00353411	NA	0.000989073	0.00160873	0.00303872	0.994304	5.95827e-05	1.45596e-05	2.54793e-05	1.81995e-05	2.54793e-05	0.999916
23	0.997782	0.00128902	0.000563097	0.000312078	5.42745e-05	0.00369969	0.99505	0.000343915	0.000896263	1.04217e-05	0.000559806	0.000245529	0.995993	0.00318205	1.96423e-05	0.000443702	0.00295959	0.00139719	0.995129	7.08035e-05	2.33766e-05	1.07892e-05	2.6973e-05	3.23676e-05	0.999906
24	0.997756	0.00113118	0.000704669	0.000370879	3.70879e-05	0.00459179	0.993585	0.000325659	0.0014329	6.51317e-05	0.00108618	9.31012e-05	0.992955	0.00586538	NA	0.000398129	0.00713788	0.00147876	0.990943	4.26567e-05	2.67844e-05	1.60706e-05	1.07138e-05	3.21413e-05	0.999914
25	0.99765	0.00121152	0.000715234	0.000335722	8.75797e-05	0.00360749	0.994914	0.000225468	0.0012025	5.0104e-05	0.000933372	0.000263259	0.996602	0.0022018	NA	0.000559719	0.00183908	0.00117655	0.996322	0.000102805	2.52447e-05	2.94521e-05	2.52447e-05	3.7867e-05	0.999882
26	0.995923	0.000994431	0.00273469	0.000348051	NA	0.00284662	0.995479	0.00041862	0.00117214	8.3724e-05	0.000177305	0.000443262	0.99734	0.0018617	0.000177305	0.000442327	0.00112283	0.00115686	0.997142	0.000136101	4.13013e-05	2.75342e-05	4.13013e-05	6.88354e-05	0.999821
27	0.996515	0.00172485	0.00108884	0.000614408	5.73072e-05	0.0030068	0.99547	0.000345929	0.00116288	1.38989e-05	0.00141643	0.000447863	0.99515	0.00296912	1.61878e-05	0.00101641	0.00103675	0.00347174	0.994389	8.60698e-05	2.76554e-05	1.19298e-05	1.62679e-05	2.98245e-05	0.999914
28	0.993901	0.000476126	0.00526006	0.000317417	4.53453e-05	0.000383501	0.998786	0.000127834	0.000681779	2.13056e-05	0.00111823	0.000329582	0.995186	0.00334291	2.35416e-05	0.000178039	0.000267058	0.000311568	0.999199	4.45097e-05	1.00801e-05	5.04007e-06	NA	1.00801e-05	0.999975
29	0.999539	0.000115327	0.000115327	0.000115327	0.000115327	0.000763359	0.999237	NA	NA	NA	0.000272238	6.80596e-05	0.998843	0.000816715	NA	0.000279564	NA	0.000279564	0.999441	NA	NA	NA	NA	NA	1
30	0.998418	0.000566433	0.000701807	0.000275201	3.82966e-05	0.00058753	0.998322	0.000122229	0.000962549	5.55584e-06	0.000767806	0.000155389	0.998326	0.000746914	3.91738e-06	0.000290024	0.00146147	0.000534653	0.997681	3.27853e-05	1.88667e-05	7.9594e-06	5.30627e-06	1.82771e-05	0.99995
31	0.998553	0.000469149	0.000796684	0.000149433	3.12766e-05	0.000683581	0.998554	7.47454e-05	0.00068494	2.71802e-06	0.000575522	7.30422e-05	0.998204	0.00114097	6.29674e-06	0.000214192	0.00135309	0.000542556	0.997843	4.71788e-05	1.90385e-05	7.88738e-06	5.43957e-06	1.46868e-05	0.999953
32	0.999431	0.00030026	0.000152371	8.06668e-05	3.58519e-05	0.000426197	0.999251	4.52027e-05	0.000271216	6.45753e-06	0.00021873	4.13814e-05	0.999373	0.00036061	5.91163e-06	5.76006e-05	0.00355067	0.000234517	0.996141	1.64573e-05	1.44488e-05	3.94057e-06	3.94057e-06	9.19467e-06	0.999968
33	0.999594	0.000237125	0.00011497	5.02993e-05	3.59281e-06	0.000445036	0.999172	3.1049e-05	0.000346714	5.17483e-06	0.00018041	3.50796e-05	0.998371	0.0014082	5.01138e-06	4.42683e-05	0.00305156	0.000324634	0.996565	1.47561e-05	1.37191e-05	6.3319e-06	2.11063e-06	1.58297e-05	0.999962
34	0.998414	0.0005635	0.000855731	0.000111945	5.45052e-05	0.000410498	0.998898	5.35723e-05	0.000633492	4.01792e-06	0.000624147	9.47313e-05	0.998799	0.000474256	7.79434e-06	0.000133532	0.000959619	0.000423228	0.998422	6.15605e-05	1.62758e-05	6.97532e-06	7.36284e-06	2.02801e-05	0.999949
35	0.998596	0.000698129	0.00062155	4.83263e-05	3.64306e-05	0.000374433	0.999373	1.78774e-05	0.0002334	9.93191e-07	0.00045015	5.57526e-05	0.999159	0.000327288	8.25964e-06	5.12299e-05	0.000451874	0.000430857	0.999012	5.38571e-05	1.05945e-05	4.7337e-06	3.60663e-06	1.71315e-05	0.999964
36	0.998808	0.000305375	0.00075803	8.27058e-05	4.58063e-05	0.000310092	0.999079	4.10122e-05	0.000564168	6.00179e-06	0.000484608	5.03917e-05	0.998984	0.000474718	6.12235e-06	8.44016e-05	0.00120691	0.000150997	0.998499	5.84045e-05	1.67818e-05	7.05034e-06	6.05734e-06	2.05552e-05	0.99995
37	0.998885	0.000361241	0.000647257	6.53044e-05	4.13319e-05	0.000336087	0.999081	3.22472e-05	0.000545336	5.01623e-06	0.000470214	4.29452e-05	0.999319	0.000163046	5.09519e-06	5.78137e-05	0.00122223	0.000163741	0.998507	4.96654e-05	1.67469e-05	6.56994e-06	6.82758e-06	1.77775e-05	0.999952
38	0.99877	0.00040479	0.000724481	6.269e-05	3.82948e-05	0.000257652	0.999174	2.83777e-05	0.000535574	4.5044e-06	0.000408795	3.96048e-05	0.999246	0.000297264	8.64933e-06	5.05273e-05	0.001137	0.000116967	0.998639	5.61105e-05	1.80556e-05	6.59723e-06	6.1632e-06	1.93577e-05	0.99995
39	0.998814	0.000448585	0.000642022	4.84275e-05	4.70653e-05	0.000268602	0.999176	2.28973e-05	0.000527077	4.95373e-06	0.000421342	3.68633e-05	0.999323	0.000210066	8.91321e-06	4.51971e-05	0.00101452	6.9954e-05	0.998815	5.57346e-05	1.82345e-05	6.79162e-06	6.25652e-06	1.92018e-05	0.99995
40	0.999016	0.000362453	0.000534162	4.01165e-05	4.69516e-05	0.00023778	0.999114	2.0187e-05	0.000619683	8.73476e-06	0.000362149	2.99133e-05	0.999519	7.79725e-05	1.08876e-05	4.03696e-05	0.000827456	5.40904e-05	0.999036	4.2321e-05	2.12333e-05	8.65277e-06	6.37777e-06	2.21472e-05	0.999942
