
SUMMARISING RUN PARAMETERS
==========================
Input filename: SC2263/host_removal/SC2263_R2.fastq.gz
Trimming mode: paired-end
Trim Galore version: 0.6.4_dev
Cutadapt version: 4.1
Python version: could not detect
Number of cores used for trimming: 2
Quality Phred score cutoff: 20
Quality encoding type selected: ASCII+33
Using Illumina adapter for trimming (count: 28113). Second best hit was Nextera (count: 0)
Adapter sequence: 'AGATCGGAAGAGC' (Illumina TruSeq, Sanger iPCR; auto-detected)
Maximum trimming error rate: 0.1 (default)
Minimum required adapter overlap (stringency): 1 bp
Minimum required sequence length for both reads before a sequence pair gets removed: 20 bp
Running FastQC on the data once trimming has completed
Output file will be GZIP compressed


This is cutadapt 4.1 with Python 3.9.13
Command line parameters: -j 2 -e 0.1 -q 20 -O 1 -a AGATCGGAAGAGC SC2263/host_removal/SC2263_R2.fastq.gz
Processing single-end reads on 2 cores ...
Finished in 22.13 s (35 µs/read; 1.71 M reads/minute).

=== Summary ===

Total reads processed:                 631,660
Reads with adapters:                   250,116 (39.6%)
Reads written (passing filters):       631,660 (100.0%)

Total basepairs processed:   158,546,660 bp
Quality-trimmed:               5,858,579 bp (3.7%)
Total written (filtered):    150,516,554 bp (94.9%)

=== Adapter 1 ===

Sequence: AGATCGGAAGAGC; Type: regular 3'; Length: 13; Trimmed: 250116 times

Minimum overlap: 1
No. of allowed errors:
1-9 bp: 0; 10-13 bp: 1

Bases preceding removed adapters:
  A: 38.2%
  C: 13.7%
  G: 7.9%
  T: 39.2%
  none/other: 1.1%

Overview of removed sequences
length	count	expect	max.err	error counts
1	152244	157915.0	0	152244
2	50542	39478.8	0	50542
3	3290	9869.7	0	3290
4	628	2467.4	0	628
5	470	616.9	0	470
6	239	154.2	0	239
7	12121	38.6	0	12121
8	324	9.6	0	324
9	1026	2.4	0	1022 4
10	373	0.6	1	335 38
11	78	0.2	1	65 13
12	176	0.0	1	150 26
13	63	0.0	1	50 13
14	188	0.0	1	167 21
15	85	0.0	1	67 18
16	102	0.0	1	94 8
17	388	0.0	1	355 33
18	100	0.0	1	89 11
19	431	0.0	1	408 23
20	951	0.0	1	905 46
21	298	0.0	1	268 30
22	236	0.0	1	222 14
23	338	0.0	1	311 27
24	280	0.0	1	236 44
25	127	0.0	1	103 24
26	296	0.0	1	258 38
27	286	0.0	1	252 34
28	2768	0.0	1	2655 113
29	311	0.0	1	274 37
30	873	0.0	1	815 58
31	48	0.0	1	39 9
32	180	0.0	1	158 22
33	195	0.0	1	155 40
34	116	0.0	1	90 26
35	224	0.0	1	195 29
36	345	0.0	1	289 56
37	180	0.0	1	155 25
38	231	0.0	1	205 26
39	164	0.0	1	144 20
40	291	0.0	1	263 28
41	433	0.0	1	357 76
42	652	0.0	1	579 73
43	1220	0.0	1	1148 72
44	1241	0.0	1	1134 107
45	1366	0.0	1	1316 50
46	551	0.0	1	522 29
47	608	0.0	1	583 25
48	334	0.0	1	320 14
49	154	0.0	1	145 9
50	113	0.0	1	103 10
51	138	0.0	1	130 8
52	128	0.0	1	120 8
53	116	0.0	1	99 17
54	224	0.0	1	212 12
55	85	0.0	1	75 10
56	198	0.0	1	161 37
57	424	0.0	1	408 16
58	156	0.0	1	149 7
59	43	0.0	1	35 8
60	73	0.0	1	71 2
61	27	0.0	1	24 3
62	21	0.0	1	19 2
63	26	0.0	1	25 1
64	5	0.0	1	5
65	8	0.0	1	8
66	7	0.0	1	7
67	9	0.0	1	7 2
68	6	0.0	1	1 5
69	11	0.0	1	7 4
70	13	0.0	1	9 4
71	2	0.0	1	2
72	9	0.0	1	7 2
73	9	0.0	1	4 5
74	6	0.0	1	4 2
75	18	0.0	1	15 3
76	47	0.0	1	33 14
77	73	0.0	1	48 25
78	103	0.0	1	78 25
79	240	0.0	1	171 69
80	551	0.0	1	398 153
81	755	0.0	1	544 211
82	862	0.0	1	639 223
83	749	0.0	1	579 170
84	579	0.0	1	422 157
85	421	0.0	1	313 108
86	309	0.0	1	224 85
87	230	0.0	1	172 58
88	286	0.0	1	236 50
89	163	0.0	1	118 45
90	159	0.0	1	114 45
91	124	0.0	1	91 33
92	69	0.0	1	46 23
93	113	0.0	1	88 25
94	577	0.0	1	548 29
95	105	0.0	1	83 22
96	73	0.0	1	57 16
97	62	0.0	1	42 20
98	31	0.0	1	22 9
99	41	0.0	1	32 9
100	40	0.0	1	32 8
101	32	0.0	1	23 9
102	31	0.0	1	22 9
103	35	0.0	1	27 8
104	28	0.0	1	19 9
105	25	0.0	1	15 10
106	45	0.0	1	29 16
107	113	0.0	1	101 12
108	38	0.0	1	29 9
109	32	0.0	1	21 11
110	37	0.0	1	25 12
111	251	0.0	1	210 41
112	57	0.0	1	47 10
113	34	0.0	1	24 10
114	32	0.0	1	21 11
115	32	0.0	1	16 16
116	21	0.0	1	17 4
117	43	0.0	1	32 11
118	23	0.0	1	12 11
119	27	0.0	1	14 13
120	20	0.0	1	15 5
121	13	0.0	1	4 9
122	15	0.0	1	10 5
123	20	0.0	1	13 7
124	18	0.0	1	13 5
125	18	0.0	1	12 6
126	21	0.0	1	12 9
127	40	0.0	1	27 13
128	23	0.0	1	16 7
129	26	0.0	1	15 11
130	19	0.0	1	12 7
131	23	0.0	1	12 11
132	9	0.0	1	6 3
133	25	0.0	1	14 11
134	21	0.0	1	8 13
135	22	0.0	1	16 6
136	25	0.0	1	19 6
137	13	0.0	1	7 6
138	8	0.0	1	2 6
139	10	0.0	1	5 5
140	11	0.0	1	3 8
141	11	0.0	1	4 7
142	14	0.0	1	9 5
143	16	0.0	1	6 10
144	7	0.0	1	5 2
145	11	0.0	1	5 6
146	6	0.0	1	3 3
147	23	0.0	1	15 8
148	22	0.0	1	18 4
149	18	0.0	1	12 6
150	16	0.0	1	8 8
151	10	0.0	1	6 4
152	16	0.0	1	10 6
153	20	0.0	1	10 10
154	43	0.0	1	39 4
155	20	0.0	1	18 2
156	46	0.0	1	38 8
157	10	0.0	1	3 7
158	15	0.0	1	9 6
159	4	0.0	1	2 2
160	24	0.0	1	19 5
161	14	0.0	1	11 3
162	12	0.0	1	8 4
163	12	0.0	1	6 6
164	7	0.0	1	5 2
165	14	0.0	1	10 4
166	5	0.0	1	4 1
167	21	0.0	1	15 6
168	28	0.0	1	22 6
169	11	0.0	1	9 2
170	13	0.0	1	12 1
171	4	0.0	1	1 3
172	12	0.0	1	8 4
173	4	0.0	1	4
174	7	0.0	1	4 3
175	25	0.0	1	23 2
176	11	0.0	1	9 2
177	5	0.0	1	5
178	6	0.0	1	3 3
179	6	0.0	1	5 1
180	8	0.0	1	4 4
181	9	0.0	1	8 1
182	4	0.0	1	3 1
183	9	0.0	1	9
184	9	0.0	1	9
185	11	0.0	1	11
186	7	0.0	1	5 2
187	17	0.0	1	15 2
188	11	0.0	1	11
189	28	0.0	1	26 2
190	20	0.0	1	18 2
191	18	0.0	1	16 2
192	20	0.0	1	19 1
193	20	0.0	1	18 2
194	11	0.0	1	10 1
195	10	0.0	1	10
196	10	0.0	1	10
197	10	0.0	1	8 2
198	16	0.0	1	13 3
199	17	0.0	1	17
200	16	0.0	1	16
201	12	0.0	1	11 1
202	25	0.0	1	23 2
203	47	0.0	1	44 3
204	19	0.0	1	18 1
205	31	0.0	1	31
206	51	0.0	1	51
207	41	0.0	1	39 2
208	49	0.0	1	48 1
209	66	0.0	1	65 1
210	68	0.0	1	65 3
211	32	0.0	1	30 2
212	25	0.0	1	24 1
213	27	0.0	1	26 1
214	24	0.0	1	23 1
215	30	0.0	1	28 2
216	12	0.0	1	9 3
217	19	0.0	1	19
218	2	0.0	1	1 1
219	1	0.0	1	1
220	2	0.0	1	0 2
221	2	0.0	1	2
223	3	0.0	1	3
224	5	0.0	1	4 1
226	1	0.0	1	1
227	1	0.0	1	1
228	2	0.0	1	2
229	4	0.0	1	4
230	2	0.0	1	2
231	3	0.0	1	2 1
233	2	0.0	1	2
234	4	0.0	1	2 2
235	5	0.0	1	5
236	2	0.0	1	1 1
238	2	0.0	1	2
240	3	0.0	1	3
241	1	0.0	1	0 1
242	3	0.0	1	2 1
243	1	0.0	1	1
244	1	0.0	1	0 1
245	1	0.0	1	0 1
246	4	0.0	1	0 4
247	3	0.0	1	0 3
248	6	0.0	1	0 6
249	5	0.0	1	0 5
250	17	0.0	1	0 17
251	462	0.0	1	0 462

RUN STATISTICS FOR INPUT FILE: SC2263/host_removal/SC2263_R2.fastq.gz
=============================================
631660 sequences processed in total

Total number of sequences analysed for the sequence pair length validation: 631660

Number of sequence pairs removed because at least one read was shorter than the length cutoff (20 bp): 4543 (0.72%)
