
SUMMARISING RUN PARAMETERS
==========================
Input filename: SC2300/host_removal/SC2300_R2.fastq.gz
Trimming mode: paired-end
Trim Galore version: 0.6.4_dev
Cutadapt version: 4.1
Python version: could not detect
Number of cores used for trimming: 2
Quality Phred score cutoff: 20
Quality encoding type selected: ASCII+33
Using Illumina adapter for trimming (count: 15576). Second best hit was Nextera (count: 0)
Adapter sequence: 'AGATCGGAAGAGC' (Illumina TruSeq, Sanger iPCR; auto-detected)
Maximum trimming error rate: 0.1 (default)
Minimum required adapter overlap (stringency): 1 bp
Minimum required sequence length for both reads before a sequence pair gets removed: 20 bp
Running FastQC on the data once trimming has completed
Output file will be GZIP compressed


This is cutadapt 4.1 with Python 3.9.13
Command line parameters: -j 2 -e 0.1 -q 20 -O 1 -a AGATCGGAAGAGC SC2300/host_removal/SC2300_R2.fastq.gz
Processing single-end reads on 2 cores ...
Finished in 23.29 s (38 µs/read; 1.56 M reads/minute).

=== Summary ===

Total reads processed:                 605,204
Reads with adapters:                   210,890 (34.8%)
Reads written (passing filters):       605,204 (100.0%)

Total basepairs processed:   151,906,204 bp
Quality-trimmed:               2,881,372 bp (1.9%)
Total written (filtered):    147,568,375 bp (97.1%)

=== Adapter 1 ===

Sequence: AGATCGGAAGAGC; Type: regular 3'; Length: 13; Trimmed: 210890 times

Minimum overlap: 1
No. of allowed errors:
1-9 bp: 0; 10-13 bp: 1

Bases preceding removed adapters:
  A: 39.5%
  C: 17.3%
  G: 11.4%
  T: 30.9%
  none/other: 0.9%

Overview of removed sequences
length	count	expect	max.err	error counts
1	139218	151301.0	0	139218
2	41265	37825.2	0	41265
3	5753	9456.3	0	5753
4	2130	2364.1	0	2130
5	127	591.0	0	127
6	184	147.8	0	184
7	4811	36.9	0	4811
8	88	9.2	0	88
9	220	2.3	0	220
10	221	0.6	1	209 12
11	64	0.1	1	54 10
12	167	0.0	1	155 12
13	35	0.0	1	32 3
14	121	0.0	1	110 11
15	41	0.0	1	35 6
16	48	0.0	1	45 3
17	82	0.0	1	75 7
18	19	0.0	1	18 1
19	65	0.0	1	62 3
20	39	0.0	1	32 7
21	18	0.0	1	13 5
22	68	0.0	1	60 8
23	76	0.0	1	63 13
24	871	0.0	1	839 32
25	59	0.0	1	50 9
26	107	0.0	1	100 7
27	74	0.0	1	68 6
28	119	0.0	1	112 7
29	18	0.0	1	14 4
30	150	0.0	1	147 3
31	15	0.0	1	12 3
32	81	0.0	1	72 9
33	77	0.0	1	63 14
34	100	0.0	1	85 15
35	173	0.0	1	159 14
36	160	0.0	1	146 14
37	724	0.0	1	701 23
38	102	0.0	1	85 17
39	307	0.0	1	292 15
40	83	0.0	1	65 18
41	249	0.0	1	217 32
42	362	0.0	1	319 43
43	630	0.0	1	582 48
44	613	0.0	1	563 50
45	646	0.0	1	614 32
46	330	0.0	1	308 22
47	358	0.0	1	346 12
48	220	0.0	1	215 5
49	130	0.0	1	125 5
50	115	0.0	1	110 5
51	121	0.0	1	119 2
52	110	0.0	1	102 8
53	135	0.0	1	127 8
54	234	0.0	1	222 12
55	101	0.0	1	92 9
56	234	0.0	1	212 22
57	459	0.0	1	444 15
58	188	0.0	1	181 7
59	76	0.0	1	70 6
60	82	0.0	1	79 3
61	38	0.0	1	33 5
62	19	0.0	1	13 6
63	35	0.0	1	33 2
64	18	0.0	1	15 3
65	14	0.0	1	13 1
66	16	0.0	1	16
67	9	0.0	1	8 1
68	11	0.0	1	10 1
69	6	0.0	1	5 1
70	23	0.0	1	22 1
71	8	0.0	1	7 1
72	7	0.0	1	6 1
73	18	0.0	1	15 3
74	23	0.0	1	23
75	30	0.0	1	26 4
76	52	0.0	1	43 9
77	97	0.0	1	83 14
78	164	0.0	1	143 21
79	294	0.0	1	227 67
80	671	0.0	1	556 115
81	770	0.0	1	608 162
82	686	0.0	1	565 121
83	510	0.0	1	403 107
84	352	0.0	1	263 89
85	244	0.0	1	184 60
86	159	0.0	1	123 36
87	143	0.0	1	100 43
88	101	0.0	1	65 36
89	88	0.0	1	65 23
90	60	0.0	1	40 20
91	47	0.0	1	35 12
92	35	0.0	1	27 8
93	39	0.0	1	31 8
94	299	0.0	1	273 26
95	56	0.0	1	45 11
96	70	0.0	1	69 1
97	45	0.0	1	36 9
98	36	0.0	1	29 7
99	20	0.0	1	12 8
100	14	0.0	1	10 4
101	18	0.0	1	13 5
102	15	0.0	1	9 6
103	14	0.0	1	10 4
104	15	0.0	1	8 7
105	41	0.0	1	34 7
106	12	0.0	1	6 6
107	15	0.0	1	10 5
108	21	0.0	1	16 5
109	17	0.0	1	10 7
110	9	0.0	1	3 6
111	25	0.0	1	18 7
112	12	0.0	1	5 7
113	31	0.0	1	24 7
114	14	0.0	1	7 7
115	15	0.0	1	11 4
116	9	0.0	1	5 4
117	21	0.0	1	18 3
118	14	0.0	1	6 8
119	9	0.0	1	7 2
120	13	0.0	1	5 8
121	15	0.0	1	9 6
122	5	0.0	1	2 3
123	24	0.0	1	17 7
124	11	0.0	1	7 4
125	8	0.0	1	2 6
126	7	0.0	1	4 3
127	37	0.0	1	26 11
128	9	0.0	1	4 5
129	12	0.0	1	5 7
130	9	0.0	1	5 4
131	7	0.0	1	5 2
132	12	0.0	1	6 6
133	28	0.0	1	23 5
134	12	0.0	1	7 5
135	10	0.0	1	5 5
136	12	0.0	1	7 5
137	5	0.0	1	2 3
138	3	0.0	1	3
139	7	0.0	1	3 4
140	9	0.0	1	7 2
141	28	0.0	1	27 1
142	9	0.0	1	2 7
143	12	0.0	1	7 5
144	6	0.0	1	5 1
145	13	0.0	1	9 4
146	16	0.0	1	12 4
147	29	0.0	1	28 1
148	10	0.0	1	7 3
149	11	0.0	1	6 5
150	7	0.0	1	5 2
151	18	0.0	1	13 5
152	6	0.0	1	5 1
153	17	0.0	1	10 7
154	39	0.0	1	33 6
155	19	0.0	1	15 4
156	47	0.0	1	45 2
157	41	0.0	1	37 4
158	19	0.0	1	15 4
159	34	0.0	1	32 2
160	59	0.0	1	58 1
161	32	0.0	1	28 4
162	23	0.0	1	22 1
163	19	0.0	1	16 3
164	48	0.0	1	40 8
165	12	0.0	1	10 2
166	33	0.0	1	27 6
167	46	0.0	1	44 2
168	33	0.0	1	28 5
169	24	0.0	1	22 2
170	17	0.0	1	16 1
171	12	0.0	1	9 3
172	29	0.0	1	25 4
173	17	0.0	1	17
174	16	0.0	1	14 2
175	30	0.0	1	27 3
176	24	0.0	1	24
177	20	0.0	1	19 1
178	14	0.0	1	13 1
179	11	0.0	1	10 1
180	16	0.0	1	15 1
181	19	0.0	1	18 1
182	4	0.0	1	3 1
183	9	0.0	1	6 3
184	3	0.0	1	3
185	48	0.0	1	46 2
186	5	0.0	1	4 1
187	5	0.0	1	5
188	3	0.0	1	1 2
189	7	0.0	1	6 1
190	6	0.0	1	6
191	4	0.0	1	4
192	11	0.0	1	11
193	11	0.0	1	8 3
194	3	0.0	1	2 1
195	9	0.0	1	8 1
196	2	0.0	1	1 1
197	2	0.0	1	2
198	7	0.0	1	7
199	2	0.0	1	2
200	11	0.0	1	11
201	4	0.0	1	4
202	1	0.0	1	1
203	10	0.0	1	10
204	4	0.0	1	4
205	4	0.0	1	2 2
206	2	0.0	1	2
207	6	0.0	1	6
208	9	0.0	1	8 1
210	7	0.0	1	7
211	5	0.0	1	5
212	6	0.0	1	6
213	3	0.0	1	2 1
214	4	0.0	1	4
215	3	0.0	1	3
216	3	0.0	1	2 1
217	2	0.0	1	2
218	2	0.0	1	1 1
222	1	0.0	1	1
223	1	0.0	1	1
224	2	0.0	1	2
228	1	0.0	1	0 1
230	1	0.0	1	1
231	2	0.0	1	2
232	1	0.0	1	1
238	2	0.0	1	1 1
239	1	0.0	1	1
241	1	0.0	1	1
244	1	0.0	1	0 1
245	1	0.0	1	0 1
246	4	0.0	1	0 4
247	1	0.0	1	0 1
248	1	0.0	1	0 1
249	1	0.0	1	0 1
250	11	0.0	1	0 11
251	313	0.0	1	0 313

RUN STATISTICS FOR INPUT FILE: SC2300/host_removal/SC2300_R2.fastq.gz
=============================================
605204 sequences processed in total

Total number of sequences analysed for the sequence pair length validation: 605204

Number of sequence pairs removed because at least one read was shorter than the length cutoff (20 bp): 3443 (0.57%)
