quality	AA	AC	AG	AT	A.	CA	CC	CG	CT	C.	GA	GC	GG	GT	G.	TA	TC	TG	TT	T.	.A	.C	.G	.T	..
0	NA	NA	NA	NA	NA	NA	NA	NA	NA	NA	NA	NA	NA	NA	NA	NA	NA	NA	NA	NA	NA	NA	NA	NA	NA
1	NA	NA	NA	NA	NA	NA	NA	NA	NA	NA	NA	NA	NA	NA	NA	NA	NA	NA	NA	NA	NA	NA	NA	NA	NA
2	NA	NA	NA	NA	NA	NA	NA	NA	NA	NA	NA	NA	NA	NA	NA	NA	NA	NA	NA	NA	NA	NA	NA	NA	NA
3	NA	NA	NA	NA	NA	NA	NA	NA	NA	NA	NA	NA	NA	NA	NA	NA	NA	NA	NA	NA	NA	NA	NA	NA	NA
4	NA	NA	NA	NA	NA	NA	NA	NA	NA	NA	NA	NA	NA	NA	NA	NA	NA	NA	NA	NA	NA	NA	NA	NA	NA
5	NA	NA	NA	NA	NA	NA	NA	NA	NA	NA	NA	NA	NA	NA	NA	NA	NA	NA	NA	NA	NA	NA	NA	NA	NA
6	NA	NA	NA	NA	NA	NA	NA	NA	NA	NA	NA	NA	NA	NA	NA	NA	NA	NA	NA	NA	NA	NA	NA	NA	NA
7	NA	NA	NA	NA	NA	NA	NA	NA	NA	NA	NA	NA	NA	NA	NA	NA	NA	NA	NA	NA	NA	NA	NA	NA	NA
8	NA	NA	NA	NA	NA	NA	NA	NA	NA	NA	NA	NA	NA	NA	NA	NA	NA	NA	NA	NA	NA	NA	NA	NA	NA
9	NA	NA	NA	NA	NA	NA	NA	NA	NA	NA	NA	NA	NA	NA	NA	NA	NA	NA	NA	NA	NA	NA	NA	NA	NA
10	NA	NA	NA	NA	NA	NA	NA	NA	NA	NA	NA	NA	NA	NA	NA	NA	NA	NA	NA	NA	NA	NA	NA	NA	NA
11	0.973058	0.0121937	0.00429683	0.0102195	0.000232261	0.0506369	0.925478	0.00621019	0.0175159	0.000159236	0.0182918	0.00633732	0.937347	0.0378079	0.000216045	0.0302786	0.00807428	0.0872023	0.874445	NA	3.20092e-05	0.000128037	NA	9.60277e-05	0.999744
12	0.969138	0.0147631	0.00677227	0.00920935	0.000117167	0.0357468	0.946038	0.00413089	0.0138238	0.000260213	0.0122103	0.00583893	0.952591	0.0291763	0.000183614	0.0145506	0.00871556	0.0271438	0.949258	0.000332373	3.22841e-05	1.93705e-05	2.58273e-05	4.51977e-05	0.999877
13	0.964534	0.0163612	0.00731346	0.0116268	0.000164504	0.0293274	0.953076	0.00505025	0.0123581	0.00018813	0.00910728	0.00445011	0.965157	0.0211878	9.76757e-05	0.0152586	0.0106002	0.0240742	0.949877	0.000190482	6.7681e-05	3.21051e-05	3.55759e-05	4.51206e-05	0.99982
14	0.962388	0.0173949	0.00706877	0.012962	0.000186429	0.0281911	0.952763	0.00469469	0.0141757	0.000175574	0.0158555	0.00690846	0.945943	0.0311376	0.000155724	0.0177665	0.0127746	0.0213696	0.947821	0.000268594	5.50489e-05	3.56199e-05	5.01916e-05	7.6097e-05	0.999783
15	0.977181	0.00822124	0.00525358	0.00915165	0.000192497	0.0121118	0.976424	0.00272698	0.00860048	0.000136805	0.0153067	0.00570128	0.955372	0.0235134	0.000106235	0.0242344	0.0170718	0.0247063	0.93383	0.000157288	4.42925e-05	1.72249e-05	3.19891e-05	6.88995e-05	0.999838
16	0.964815	0.0116793	0.00901394	0.0143219	0.000170128	0.0178009	0.962563	0.00480054	0.0146864	0.000149169	0.0157457	0.00720354	0.954239	0.0226403	0.000171615	0.0177941	0.012476	0.0188182	0.950615	0.000296627	9.17886e-05	5.04837e-05	5.5991e-05	7.52666e-05	0.999726
17	NA	NA	NA	NA	NA	NA	NA	NA	NA	NA	NA	NA	NA	NA	NA	NA	NA	NA	NA	NA	NA	NA	NA	NA	NA
18	NA	NA	NA	NA	NA	NA	NA	NA	NA	NA	NA	NA	NA	NA	NA	NA	NA	NA	NA	NA	NA	NA	NA	NA	NA
19	NA	NA	NA	NA	NA	NA	NA	NA	NA	NA	NA	NA	NA	NA	NA	NA	NA	NA	NA	NA	NA	NA	NA	NA	NA
20	0.997178	0.00250862	0.000313578	NA	NA	0.00534045	0.992879	NA	0.00178015	NA	0.00202466	0.000552181	0.994478	0.00294497	NA	0.00123609	0.00123609	0.0177173	0.97981	NA	0.000150455	NA	NA	NA	0.99985
21	0.996546	0.00175018	0.000690862	0.000944178	6.90862e-05	0.00304042	0.99538	0.000506737	0.00104328	2.9808e-05	0.000813875	0.00042097	0.996773	0.00199259	NA	0.00122149	0.00041245	0.00206225	0.996272	3.17269e-05	1.13906e-05	NA	1.13906e-05	5.69531e-06	0.999972
22	0.996807	0.00148391	0.000989275	0.000607055	0.000112418	0.00355748	0.993234	0.000523158	0.00265067	3.48772e-05	0.0016473	0.000617738	0.994764	0.00294161	2.94161e-05	0.00151142	0.00110118	0.00535475	0.992011	2.15917e-05	1.30385e-05	1.95577e-05	1.30385e-05	2.6077e-05	0.999928
23	0.996958	0.00134862	0.000946902	0.000659962	8.6082e-05	0.0024565	0.995476	0.000573183	0.0014739	2.04708e-05	0.00129745	0.000530775	0.995734	0.002359	7.86334e-05	0.00107074	0.000642442	0.00186892	0.996369	4.86699e-05	2.941e-05	7.35251e-06	2.941e-05	2.20575e-05	0.999912
24	0.99743	0.00105615	0.000985742	0.000457666	7.04101e-05	0.00223675	0.995813	0.000860289	0.00103235	5.73526e-05	0.00136411	0.000545643	0.995471	0.00261909	NA	0.00061419	0.000491352	0.00135122	0.99747	7.37028e-05	3.81548e-05	1.90774e-05	2.86161e-05	1.90774e-05	0.999895
25	0.996743	0.000974659	0.0011542	0.00105161	7.69468e-05	0.00261502	0.994729	0.000572036	0.00204298	4.08597e-05	0.00158616	0.000604252	0.994448	0.00321009	0.000151063	0.00120849	0.00117131	0.00156174	0.995984	7.43688e-05	4.17757e-05	2.08879e-05	2.08879e-05	2.78505e-05	0.999889
26	0.997086	0.000846998	0.00121968	0.000846998	NA	0.00196543	0.995607	0.000289034	0.00202324	0.000115614	0.00122429	0.000673359	0.996021	0.00202008	6.12145e-05	0.000519281	0.000519281	0.000812788	0.998126	2.25774e-05	2.79402e-05	2.79402e-05	9.31342e-06	9.31342e-05	0.999842
27	0.996706	0.000929565	0.00111471	0.00118992	5.97853e-05	0.00118748	0.996616	0.000421555	0.0017545	2.07809e-05	0.00272263	0.00108401	0.991966	0.00419991	2.77305e-05	0.00110003	0.000964008	0.00364608	0.994185	0.000104976	3.39676e-05	2.08188e-05	1.69838e-05	3.72548e-05	0.999891
28	0.998318	0.000574241	0.000492207	0.000574241	4.10172e-05	0.000202947	0.998458	8.11787e-05	0.00125827	NA	0.00353799	0.000582474	0.994369	0.00148854	2.15731e-05	0.000596837	0.00410325	0.00201432	0.993211	7.46046e-05	3.68063e-05	NA	1.84032e-05	9.20158e-06	0.999936
29	1	NA	NA	NA	NA	0.000720981	0.999279	NA	NA	NA	0.000801443	NA	0.998998	0.000200361	NA	NA	NA	0.0654649	0.934535	NA	0.000102849	NA	NA	NA	0.999897
30	0.997904	0.000440525	0.000998064	0.000612605	4.47408e-05	0.000316508	0.998013	0.000192993	0.00147446	2.57323e-06	0.00178808	0.000420724	0.996938	0.000846123	7.01207e-06	0.000684395	0.00101994	0.000940045	0.9973	5.59233e-05	2.37294e-05	9.60476e-06	1.12997e-05	2.09045e-05	0.999934
31	0.998554	0.000299556	0.000802752	0.000298081	4.5745e-05	0.00019028	0.998635	6.85894e-05	0.00109964	6.63768e-06	0.0012576	0.000164761	0.998044	0.000521395	1.25135e-05	0.000309036	0.000687689	0.000573923	0.998378	5.09399e-05	2.2641e-05	1.01654e-05	6.46887e-06	2.31031e-05	0.999938
32	0.999184	9.73112e-05	0.000651237	2.99419e-05	3.74274e-05	9.8494e-05	0.999478	3.93976e-05	0.000364428	1.96988e-05	0.000265117	1.96383e-05	0.999342	0.000373127	NA	8.50707e-05	0.000314107	0.000255212	0.999319	2.61756e-05	4.14501e-06	2.0725e-06	8.29002e-06	6.21751e-06	0.999979
33	0.999232	9.66142e-05	0.000531378	9.12468e-05	4.83071e-05	6.87117e-05	0.999603	3.81732e-05	0.000274847	1.52693e-05	0.000242442	8.0814e-05	0.999368	0.000308563	NA	8.63636e-05	0.000333677	0.000380785	0.999164	3.53306e-05	1.18882e-05	5.94409e-06	4.45807e-06	1.78323e-05	0.99996
34	0.998758	0.000221923	0.000721611	0.000221197	7.68752e-05	0.000133131	0.998752	6.48587e-05	0.00104343	6.82724e-06	0.00127373	0.000190713	0.998179	0.00034783	8.89337e-06	0.000242335	0.000525191	0.000504533	0.99866	6.83305e-05	2.34358e-05	9.50697e-06	8.84369e-06	2.49834e-05	0.999933
35	0.999648	6.56863e-05	0.000205702	5.09933e-05	2.9386e-05	3.31299e-05	0.999584	3.19467e-05	0.000350231	1.18321e-06	0.000537338	6.92122e-05	0.999186	0.00020512	2.51681e-06	7.02023e-05	0.00033568	0.00066894	0.998876	4.92223e-05	1.25365e-05	7.40793e-06	4.55873e-06	1.4246e-05	0.999961
36	0.999022	0.00014346	0.000646966	0.000129021	5.82223e-05	6.2841e-05	0.99897	5.91875e-05	0.000897311	1.09606e-05	0.00100809	9.48404e-05	0.998745	0.000136623	1.52541e-05	0.000178145	0.000527354	0.000215191	0.999012	6.75536e-05	2.5084e-05	9.04189e-06	6.27099e-06	2.30422e-05	0.999937
37	0.999102	0.000119358	0.000641775	8.63698e-05	5.03824e-05	5.71446e-05	0.998992	3.42868e-05	0.000907041	9.35094e-06	0.000775386	7.54981e-05	0.999037	9.9984e-05	1.22429e-05	0.000134295	0.000531513	0.00017396	0.999091	6.96973e-05	2.73574e-05	1.0608e-05	7.4442e-06	1.93549e-05	0.999935
38	0.999078	0.000135832	0.000654877	7.0731e-05	6.0526e-05	3.63969e-05	0.99913	4.19964e-05	0.000783933	7.83933e-06	0.000911423	6.23891e-05	0.998932	8.24621e-05	1.13928e-05	0.000130032	0.000522642	0.000147992	0.999126	7.29185e-05	2.49661e-05	1.11321e-05	6.91702e-06	2.15076e-05	0.999935
39	0.999134	0.000123175	0.000630286	5.37425e-05	5.87831e-05	3.02538e-05	0.999125	3.6586e-05	0.000800084	8.2084e-06	0.000806387	3.73564e-05	0.999099	4.53614e-05	1.22298e-05	0.000119465	0.000491202	0.000148427	0.999174	6.72411e-05	2.38858e-05	1.03412e-05	7.2023e-06	2.21874e-05	0.999936
40	0.999167	0.000128165	0.000599846	4.56694e-05	5.97112e-05	2.50735e-05	0.999231	3.3243e-05	0.000702316	8.83739e-06	0.000817024	3.04467e-05	0.999111	2.91451e-05	1.27333e-05	0.000148611	0.000381347	0.000100154	0.999314	5.5604e-05	2.89621e-05	1.22261e-05	8.53346e-06	2.42247e-05	0.999926
