quality	AA	AC	AG	AT	A.	CA	CC	CG	CT	C.	GA	GC	GG	GT	G.	TA	TC	TG	TT	T.	.A	.C	.G	.T	..
0	NA	NA	NA	NA	NA	NA	NA	NA	NA	NA	NA	NA	NA	NA	NA	NA	NA	NA	NA	NA	NA	NA	NA	NA	NA
1	NA	NA	NA	NA	NA	NA	NA	NA	NA	NA	NA	NA	NA	NA	NA	NA	NA	NA	NA	NA	NA	NA	NA	NA	NA
2	NA	NA	NA	NA	NA	NA	NA	NA	NA	NA	NA	NA	NA	NA	NA	NA	NA	NA	NA	NA	NA	NA	NA	NA	NA
3	NA	NA	NA	NA	NA	NA	NA	NA	NA	NA	NA	NA	NA	NA	NA	NA	NA	NA	NA	NA	NA	NA	NA	NA	NA
4	NA	NA	NA	NA	NA	NA	NA	NA	NA	NA	NA	NA	NA	NA	NA	NA	NA	NA	NA	NA	NA	NA	NA	NA	NA
5	NA	NA	NA	NA	NA	NA	NA	NA	NA	NA	NA	NA	NA	NA	NA	NA	NA	NA	NA	NA	NA	NA	NA	NA	NA
6	NA	NA	NA	NA	NA	NA	NA	NA	NA	NA	NA	NA	NA	NA	NA	NA	NA	NA	NA	NA	NA	NA	NA	NA	NA
7	NA	NA	NA	NA	NA	NA	NA	NA	NA	NA	NA	NA	NA	NA	NA	NA	NA	NA	NA	NA	NA	NA	NA	NA	NA
8	NA	NA	NA	NA	NA	NA	NA	NA	NA	NA	NA	NA	NA	NA	NA	NA	NA	NA	NA	NA	NA	NA	NA	NA	NA
9	NA	NA	NA	NA	NA	NA	NA	NA	NA	NA	NA	NA	NA	NA	NA	NA	NA	NA	NA	NA	NA	NA	NA	NA	NA
10	NA	NA	NA	NA	NA	NA	NA	NA	NA	NA	NA	NA	NA	NA	NA	NA	NA	NA	NA	NA	NA	NA	NA	NA	NA
11	0.976897	0.0117474	0.00401371	0.00714635	0.000195791	0.0488041	0.92866	0.00732753	0.0152081	NA	0.0229587	0.00619822	0.926886	0.043767	0.000189741	0.0314465	0.0104822	0.0185185	0.939553	NA	5.53925e-05	2.76962e-05	NA	2.76962e-05	0.999889
12	0.9693	0.0148968	0.00695322	0.00880742	4.21408e-05	0.0377369	0.944771	0.00493218	0.0123878	0.000172053	0.0126272	0.00555189	0.950592	0.0310093	0.000220044	0.0141134	0.00758518	0.0262062	0.951878	0.000217608	5.76402e-05	2.88201e-05	1.72921e-05	4.03481e-05	0.999856
13	0.965647	0.0163271	0.00695283	0.0109611	0.000112102	0.0295545	0.952849	0.00502157	0.0124568	0.00011802	0.00974704	0.00461739	0.963747	0.021785	0.000103162	0.0164065	0.0105321	0.0232306	0.949643	0.000188127	4.15934e-05	2.74673e-05	3.53151e-05	4.94412e-05	0.999846
14	0.962671	0.0168262	0.00725873	0.0130517	0.000192005	0.0285427	0.952795	0.00456962	0.0139464	0.000146731	0.0169927	0.00675964	0.944916	0.0311253	0.000206598	0.0190977	0.0148875	0.0233019	0.94251	0.00020247	7.65624e-05	5.006e-05	6.03665e-05	5.74218e-05	0.999756
15	0.977353	0.00838631	0.00522903	0.00894682	8.51402e-05	0.0123262	0.976263	0.00283158	0.0084023	0.000176448	0.0141741	0.00595022	0.954277	0.0254457	0.00015319	0.024002	0.0170577	0.0246294	0.933896	0.000414744	6.20562e-05	3.32444e-05	2.43792e-05	6.64888e-05	0.999814
16	0.965642	0.0115759	0.00868518	0.0139345	0.00016275	0.0177266	0.962459	0.00483106	0.0148355	0.000147933	0.0173454	0.00750911	0.95104	0.0239607	0.000144948	0.0193831	0.0130788	0.019788	0.947518	0.000231801	9.08761e-05	5.26572e-05	4.33148e-05	7.21913e-05	0.999741
17	NA	NA	NA	NA	NA	NA	NA	NA	NA	NA	NA	NA	NA	NA	NA	NA	NA	NA	NA	NA	NA	NA	NA	NA	NA
18	NA	NA	NA	NA	NA	NA	NA	NA	NA	NA	NA	NA	NA	NA	NA	NA	NA	NA	NA	NA	NA	NA	NA	NA	NA
19	NA	NA	NA	NA	NA	NA	NA	NA	NA	NA	NA	NA	NA	NA	NA	NA	NA	NA	NA	NA	NA	NA	NA	NA	NA
20	0.996712	0.00246575	0.000273973	0.000547945	NA	0.00434439	0.993681	0.000789889	0.00118483	NA	0.00192771	NA	0.995823	0.002249	NA	0.00176678	0.000706714	0.00282686	0.9947	NA	NA	NA	NA	NA	1
21	0.996946	0.00161935	0.000573947	0.000819924	4.09962e-05	0.00248923	0.995557	0.000267659	0.00168625	NA	0.000866242	0.000382166	0.996739	0.00201274	NA	0.00137103	0.000736026	0.00213592	0.995757	NA	5.13766e-06	1.02753e-05	1.5413e-05	1.02753e-05	0.999959
22	0.996195	0.00182241	0.00112148	0.000720952	0.000140185	0.00376082	0.994533	0.000474053	0.00123254	NA	0.00197149	0.00074597	0.994379	0.00282403	7.99254e-05	0.00197966	0.0011451	0.00324121	0.993595	3.88169e-05	2.34483e-05	NA	5.86208e-06	3.51725e-05	0.999936
23	0.997409	0.000941134	0.000928242	0.000644612	7.73535e-05	0.00253807	0.995657	0.000545215	0.00124083	1.88005e-05	0.0014868	0.000371701	0.996194	0.00189391	5.31002e-05	0.00115834	0.000763453	0.00166731	0.996376	3.51013e-05	1.66067e-05	9.96403e-06	1.66067e-05	2.98921e-05	0.999927
24	0.997654	0.000982817	0.000824298	0.000538964	NA	0.00197014	0.996371	0.000829531	0.000829531	NA	0.00111575	0.000485107	0.995683	0.0027166	NA	0.000555062	0.000310835	0.00148757	0.997647	NA	8.58693e-06	3.43477e-05	8.58693e-06	NA	0.999948
25	0.996757	0.00115675	0.00138357	0.000703123	NA	0.00190961	0.996143	0.000599094	0.00127307	7.48867e-05	0.00141648	0.000760062	0.994852	0.00297115	NA	0.00130548	0.00115485	0.00127201	0.996201	6.69478e-05	3.13619e-05	2.50895e-05	3.13619e-05	3.13619e-05	0.999881
26	0.996648	0.000822794	0.00164559	0.000883742	NA	0.00192598	0.996304	0.000312321	0.0014575	NA	0.00131392	0.000656958	0.995292	0.00273733	NA	0.000323834	0.000586949	0.0012751	0.997713	0.000101198	7.52332e-05	1.67185e-05	2.50777e-05	5.85147e-05	0.999824
27	0.996582	0.00101094	0.00126979	0.0010844	5.24709e-05	0.00113199	0.996983	0.000506418	0.00135135	2.70812e-05	0.00237914	0.00113534	0.99182	0.00464751	1.84608e-05	0.00116096	0.00148677	0.00365576	0.993609	8.777e-05	4.18604e-05	1.59468e-05	1.09634e-05	3.33886e-05	0.999898
28	0.997877	0.000323916	0.00136764	0.000395897	3.59906e-05	0.000305951	0.998356	0.000114732	0.0012238	NA	0.00282332	0.000642548	0.994899	0.00163558	NA	0.000399148	0.00552155	0.000731772	0.993348	NA	2.49379e-05	1.66252e-05	1.66252e-05	NA	0.999942
29	0.99929	NA	0.000355114	0.000355114	NA	0.00128123	0.998719	NA	NA	NA	0.000662032	NA	0.999007	0.000331016	NA	0.000801282	0.000801282	NA	0.998397	NA	NA	NA	NA	NA	1
30	0.9978	0.000527497	0.00104733	0.000604168	2.14679e-05	0.000300371	0.997932	0.000267773	0.00148788	1.16423e-05	0.00141361	0.000369877	0.997313	0.000897057	6.37718e-06	0.000581671	0.00125155	0.000936872	0.997201	2.86068e-05	1.98198e-05	7.623e-06	6.6066e-06	2.33772e-05	0.999943
31	0.998522	0.000362189	0.000809675	0.000283452	2.23087e-05	0.000139218	0.998735	0.000202861	0.000908897	1.39218e-05	0.000943133	0.000208958	0.998276	0.000564751	7.53001e-06	0.000278525	0.000957334	0.000750343	0.997988	2.58739e-05	1.74121e-05	6.63319e-06	4.14575e-06	1.53393e-05	0.999956
32	0.998826	0.000208712	0.000828327	0.000123923	1.30445e-05	0.000191676	0.998789	4.35627e-05	0.000975805	NA	0.000277679	7.80972e-05	0.999332	0.000312389	NA	7.02934e-05	0.000275316	0.000240169	0.999408	5.85778e-06	5.50775e-06	1.83592e-06	1.83592e-06	1.10155e-05	0.99998
33	0.999171	9.47454e-05	0.000658481	6.63218e-05	9.47454e-06	0.000110202	0.999111	6.88762e-06	0.000771414	NA	0.000247422	6.51109e-05	0.99929	0.000390666	6.51109e-06	6.2956e-05	0.000188868	0.00034276	0.999395	1.04927e-05	5.30988e-06	2.65494e-06	1.32747e-06	1.59297e-05	0.999975
34	0.998555	0.000369243	0.000852098	0.00019495	2.84033e-05	0.000123139	0.998854	0.000193944	0.000819899	9.23541e-06	0.000885091	0.000147961	0.998586	0.000368119	1.24786e-05	0.000189329	0.000812329	0.000670868	0.99827	5.7156e-05	1.9449e-05	6.94608e-06	6.74762e-06	1.52814e-05	0.999952
35	0.99937	0.000206278	0.000350047	4.76627e-05	2.57847e-05	3.59353e-05	0.999715	5.2846e-05	0.00019553	1.05692e-06	0.000400631	4.48794e-05	0.999345	0.000204694	4.37848e-06	5.10455e-05	0.000498232	0.000601761	0.998804	4.52939e-05	1.24079e-05	3.5451e-06	9.11598e-06	6.83699e-06	0.999968
36	0.99886	0.000242816	0.000742489	0.000123886	3.05585e-05	6.08699e-05	0.998967	0.000151848	0.000810945	9.81773e-06	0.000541251	8.48673e-05	0.99922	0.000143622	1.06826e-05	0.000120397	0.000736521	0.00042456	0.998674	4.48444e-05	1.54865e-05	7.02747e-06	6.63705e-06	1.61372e-05	0.999955
37	0.998783	0.000205093	0.000915479	6.85414e-05	2.76291e-05	5.47987e-05	0.99902	0.000182043	0.000735603	7.43034e-06	0.000477735	6.88953e-05	0.999344	0.000102436	7.25214e-06	8.2129e-05	0.000828344	0.000371344	0.998672	4.58512e-05	1.48883e-05	6.94788e-06	4.79735e-06	1.80314e-05	0.999955
38	0.998841	0.000227772	0.000834232	6.50334e-05	3.20499e-05	4.29546e-05	0.999153	0.000156834	0.000643321	3.49631e-06	0.000441671	5.59321e-05	0.999417	7.66655e-05	9.16129e-06	7.82294e-05	0.000772436	0.000352987	0.99874	5.5969e-05	1.52416e-05	6.90187e-06	5.27227e-06	1.62002e-05	0.999956
39	0.99878	0.000258495	0.000882686	4.62201e-05	3.24604e-05	2.55955e-05	0.999143	0.000207873	0.000616884	6.94292e-06	0.000424787	3.48202e-05	0.999489	4.17647e-05	9.87877e-06	5.4005e-05	0.000721547	0.000338478	0.998838	4.76689e-05	1.74258e-05	7.24338e-06	7.2813e-06	1.78809e-05	0.99995
40	0.999081	0.000318028	0.000520939	3.80755e-05	4.18474e-05	1.84122e-05	0.999229	0.000157646	0.000585471	9.27329e-06	0.000444446	2.9961e-05	0.999486	2.66156e-05	1.29388e-05	4.69778e-05	0.000562766	0.000386262	0.998965	3.87669e-05	2.24387e-05	8.60588e-06	7.71811e-06	1.75107e-05	0.999944
