quality	AA	AC	AG	AT	A.	CA	CC	CG	CT	C.	GA	GC	GG	GT	G.	TA	TC	TG	TT	T.	.A	.C	.G	.T	..
0	NA	NA	NA	NA	NA	NA	NA	NA	NA	NA	NA	NA	NA	NA	NA	NA	NA	NA	NA	NA	NA	NA	NA	NA	NA
1	NA	NA	NA	NA	NA	NA	NA	NA	NA	NA	NA	NA	NA	NA	NA	NA	NA	NA	NA	NA	NA	NA	NA	NA	NA
2	NA	NA	NA	NA	NA	NA	NA	NA	NA	NA	NA	NA	NA	NA	NA	NA	NA	NA	NA	NA	NA	NA	NA	NA	NA
3	NA	NA	NA	NA	NA	NA	NA	NA	NA	NA	NA	NA	NA	NA	NA	NA	NA	NA	NA	NA	NA	NA	NA	NA	NA
4	NA	NA	NA	NA	NA	NA	NA	NA	NA	NA	NA	NA	NA	NA	NA	NA	NA	NA	NA	NA	NA	NA	NA	NA	NA
5	NA	NA	NA	NA	NA	NA	NA	NA	NA	NA	NA	NA	NA	NA	NA	NA	NA	NA	NA	NA	NA	NA	NA	NA	NA
6	NA	NA	NA	NA	NA	NA	NA	NA	NA	NA	NA	NA	NA	NA	NA	NA	NA	NA	NA	NA	NA	NA	NA	NA	NA
7	NA	NA	NA	NA	NA	NA	NA	NA	NA	NA	NA	NA	NA	NA	NA	NA	NA	NA	NA	NA	NA	NA	NA	NA	NA
8	NA	NA	NA	NA	NA	NA	NA	NA	NA	NA	NA	NA	NA	NA	NA	NA	NA	NA	NA	NA	NA	NA	NA	NA	NA
9	NA	NA	NA	NA	NA	NA	NA	NA	NA	NA	NA	NA	NA	NA	NA	NA	NA	NA	NA	NA	NA	NA	NA	NA	NA
10	NA	NA	NA	NA	NA	NA	NA	NA	NA	NA	NA	NA	NA	NA	NA	NA	NA	NA	NA	NA	NA	NA	NA	NA	NA
11	0.97633	0.0145545	0.00220523	0.0066157	0.000294031	0.053262	0.922567	0.00834225	0.0151872	0.000641711	0.0222156	0.0081325	0.929188	0.0402658	0.000198354	0.0208189	0.0152672	0.0256766	0.938237	NA	8.71194e-05	NA	4.35597e-05	NA	0.999869
12	0.971146	0.012837	0.00615591	0.00971525	0.000145875	0.0358115	0.94581	0.00623151	0.0120292	0.00011832	0.0125772	0.00465491	0.952869	0.0298093	8.95175e-05	0.0148078	0.00815845	0.0229663	0.953737	0.000330111	6.37618e-05	7.97022e-06	3.18809e-05	3.98511e-05	0.999857
13	0.965557	0.0161902	0.00678874	0.0113241	0.000140159	0.0286944	0.954572	0.00514139	0.0114951	9.74158e-05	0.00893218	0.00450901	0.964211	0.0222219	0.000126232	0.0143496	0.00997831	0.0230712	0.952378	0.000222768	5.78696e-05	2.44833e-05	2.55962e-05	4.11764e-05	0.999851
14	0.962712	0.0168882	0.00693488	0.013289	0.000175567	0.0287601	0.952329	0.00463807	0.0140268	0.000245725	0.0184465	0.00722074	0.941104	0.0330244	0.000204636	0.018011	0.0118929	0.0201304	0.949717	0.000248842	8.82356e-05	5.38022e-05	3.01292e-05	9.25398e-05	0.999735
15	0.977651	0.0080325	0.00579039	0.00840276	0.000123419	0.0114818	0.977534	0.00293693	0.00795514	9.25016e-05	0.0141777	0.0063941	0.953981	0.0253409	0.00010598	0.0250781	0.0192153	0.0263989	0.929066	0.0002416	6.09119e-05	3.20589e-05	3.20589e-05	7.37354e-05	0.999801
16	0.964071	0.01176	0.00896905	0.0150028	0.000197456	0.0173148	0.961126	0.00442249	0.0170134	0.000123018	0.0168297	0.00806292	0.949546	0.0254046	0.00015707	0.0186522	0.0125263	0.0189452	0.94969	0.000186057	0.000121889	5.04791e-05	4.92479e-05	8.00279e-05	0.999698
17	NA	NA	NA	NA	NA	NA	NA	NA	NA	NA	NA	NA	NA	NA	NA	NA	NA	NA	NA	NA	NA	NA	NA	NA	NA
18	NA	NA	NA	NA	NA	NA	NA	NA	NA	NA	NA	NA	NA	NA	NA	NA	NA	NA	NA	NA	NA	NA	NA	NA	NA
19	NA	NA	NA	NA	NA	NA	NA	NA	NA	NA	NA	NA	NA	NA	NA	NA	NA	NA	NA	NA	NA	NA	NA	NA	NA
20	0.997267	0.000780945	0.00117142	0.000390472	0.000390472	0.00717274	0.99223	NA	0.000597729	NA	0.00118231	NA	0.995034	0.0037834	NA	0.00169851	0.000849257	0.00339703	0.994055	NA	NA	NA	NA	NA	1
21	0.99706	0.00132009	0.000750053	0.000870061	NA	0.00271729	0.995161	0.000446678	0.00167504	NA	0.000789238	0.000215247	0.996628	0.00236771	NA	0.0011315	0.0011315	0.00230415	0.995412	2.05727e-05	NA	7.33014e-06	7.33014e-06	2.19904e-05	0.999963
22	0.996326	0.00157846	0.00117667	0.000774882	0.000143497	0.00352325	0.994252	0.000463585	0.00171527	4.63585e-05	0.00149522	0.000411184	0.994916	0.00313995	3.73804e-05	0.0015227	0.00138427	0.00359911	0.993411	8.30565e-05	1.67746e-05	1.67746e-05	3.35492e-05	8.38729e-06	0.999925
23	0.997294	0.00113836	0.00070914	0.000839772	1.86616e-05	0.00221128	0.99642	0.000552821	0.000789744	2.63248e-05	0.000934311	0.000407264	0.995496	0.00311437	4.79134e-05	0.00136864	0.00107002	0.00194097	0.995595	2.48843e-05	1.40538e-05	1.87383e-05	4.68459e-06	1.40538e-05	0.999948
24	0.998087	0.00083967	0.000513132	0.000513132	4.66483e-05	0.0020552	0.995743	0.000733999	0.001468	NA	0.00120082	0.000423819	0.996186	0.00218973	NA	0.000321419	0.00118925	0.00122139	0.997172	9.64258e-05	3.7365e-05	NA	4.982e-05	2.491e-05	0.999888
25	0.997278	0.0010752	0.000839997	0.000739198	6.71998e-05	0.00229033	0.995747	0.000763442	0.00114516	5.45316e-05	0.00147072	0.000735362	0.99329	0.00450409	NA	0.00130008	0.00078005	0.00148919	0.99636	7.09136e-05	4.45955e-05	NA	8.91909e-06	5.35146e-05	0.999893
26	0.99769	0.0007107	0.000888376	0.0007107	NA	0.00154428	0.996834	0.000386071	0.00123543	NA	0.00145717	0.000536851	0.994555	0.00337449	7.6693e-05	0.000293023	0.000820465	0.00105488	0.997714	0.000117209	6.05444e-05	3.63266e-05	7.26533e-05	8.47622e-05	0.999746
27	0.996644	0.000965212	0.00112357	0.00120652	6.03258e-05	0.00135039	0.996701	0.00037811	0.00154716	2.31496e-05	0.00258952	0.0012431	0.991182	0.00497574	9.99813e-06	0.00111881	0.00120398	0.00382291	0.993771	8.3233e-05	3.45322e-05	1.87049e-05	1.87049e-05	4.67624e-05	0.999881
28	0.997964	0.000374973	0.000910649	0.000749946	NA	0.000420286	0.998412	0.000140095	0.000980667	4.66984e-05	0.0030208	0.000484469	0.995212	0.00128242	NA	0.000653046	0.000653046	0.000653046	0.998041	NA	1.16484e-05	NA	NA	1.16484e-05	0.999977
29	1	NA	NA	NA	NA	NA	1	NA	NA	NA	0.00116414	NA	0.998254	0.000582072	NA	0.00151745	NA	NA	0.998483	NA	NA	NA	NA	NA	1
30	0.998002	0.00047426	0.000839076	0.000648084	3.64815e-05	0.000388819	0.998085	0.000182974	0.00132983	1.30695e-05	0.00131804	0.000369406	0.996862	0.00144216	8.86575e-06	0.000678676	0.00118604	0.000675382	0.997417	4.28291e-05	2.26766e-05	7.79509e-06	7.08644e-06	2.26766e-05	0.99994
31	0.998782	0.000256759	0.000639085	0.000281123	4.12313e-05	0.000266551	0.998757	8.69799e-05	0.000869799	1.96406e-05	0.000940045	0.000221658	0.998192	0.000638269	8.01175e-06	0.000294036	0.000746895	0.000581634	0.998322	5.58025e-05	2.64244e-05	9.39536e-06	5.28489e-06	2.64244e-05	0.999932
32	0.999421	0.000196003	0.000233337	0.000130669	1.8667e-05	0.000106899	0.999549	3.56328e-05	0.00029694	1.18776e-05	0.000369745	0.000123248	0.999137	0.000369745	NA	0.000104683	0.000901888	0.000209367	0.998752	3.22103e-05	5.12118e-06	2.56059e-06	2.56059e-06	1.53635e-05	0.999974
33	0.999665	8.03218e-05	0.000174031	6.02414e-05	2.00805e-05	5.65483e-05	0.999661	9.42472e-06	0.000273317	NA	0.000244962	4.53634e-05	0.999347	0.000353835	9.07268e-06	7.3145e-05	0.000668058	0.000473005	0.998771	1.4629e-05	1.84483e-06	1.84483e-06	5.5345e-06	9.22417e-06	0.999982
34	0.9988	0.000271606	0.000657912	0.000217469	5.32202e-05	0.000212832	0.998861	8.05309e-05	0.000838384	7.19026e-06	0.000832359	0.000209336	0.998426	0.00052334	8.72233e-06	0.000219464	0.000700481	0.000367777	0.998658	5.41144e-05	2.42929e-05	8.65609e-06	8.65609e-06	2.15006e-05	0.999937
35	0.999469	0.000129385	0.000319221	4.98452e-05	3.28766e-05	6.19608e-05	0.999719	2.7378e-05	0.000190205	1.44095e-06	0.000374156	6.39184e-05	0.998923	0.00062983	9.35391e-06	5.50856e-05	0.000258706	0.000471179	0.999184	3.14775e-05	1.29479e-05	4.1993e-06	4.1993e-06	1.36477e-05	0.999965
36	0.999155	0.000165356	0.000511099	0.0001324	3.64245e-05	0.000168	0.999183	4.33547e-05	0.00059974	6.32256e-06	0.000621498	8.05646e-05	0.999032	0.000254847	1.06871e-05	0.00013265	0.0006934	0.000188926	0.998939	4.55567e-05	2.47101e-05	1.17238e-05	9.01827e-06	2.02009e-05	0.999934
37	0.999204	0.000148455	0.000513252	9.25047e-05	4.17763e-05	0.000155707	0.999207	5.01864e-05	0.000573926	1.28683e-05	0.00050102	7.48359e-05	0.999306	0.000106546	1.14156e-05	8.97257e-05	0.000648568	0.000202766	0.999009	5.01616e-05	2.47671e-05	1.18049e-05	5.55523e-06	1.96748e-05	0.999938
38	0.999227	0.000174166	0.00048801	7.027e-05	4.05238e-05	0.000166101	0.999236	3.60794e-05	0.000553444	8.16891e-06	0.000477257	6.57141e-05	0.999289	0.000148023	1.99134e-05	6.47473e-05	0.000671698	0.000156363	0.999059	4.80099e-05	2.28723e-05	1.21633e-05	6.61048e-06	1.90382e-05	0.999939
39	0.999238	0.000151627	0.000503786	5.97712e-05	4.67474e-05	0.000120156	0.999317	3.1835e-05	0.000521333	1.00013e-05	0.000444239	4.50677e-05	0.999325	0.000171016	1.43519e-05	6.18731e-05	0.000587429	0.000126348	0.999176	4.79699e-05	2.49482e-05	1.19408e-05	7.23212e-06	2.21386e-05	0.999934
40	0.999292	0.000167622	0.000440548	4.48728e-05	5.49382e-05	9.53254e-05	0.999213	3.44884e-05	0.000646597	1.01898e-05	0.000445188	4.2972e-05	0.999405	8.9441e-05	1.69467e-05	5.33218e-05	0.000453235	0.000102035	0.999353	3.79451e-05	3.44241e-05	1.51824e-05	8.3025e-06	2.44537e-05	0.999918
