
SUMMARISING RUN PARAMETERS
==========================
Input filename: SC2225/host_removal/SC2225_R2.fastq.gz
Trimming mode: paired-end
Trim Galore version: 0.6.4_dev
Cutadapt version: 4.1
Python version: could not detect
Number of cores used for trimming: 2
Quality Phred score cutoff: 20
Quality encoding type selected: ASCII+33
Using Illumina adapter for trimming (count: 24364). Second best hit was Nextera (count: 0)
Adapter sequence: 'AGATCGGAAGAGC' (Illumina TruSeq, Sanger iPCR; auto-detected)
Maximum trimming error rate: 0.1 (default)
Minimum required adapter overlap (stringency): 1 bp
Minimum required sequence length for both reads before a sequence pair gets removed: 20 bp
Running FastQC on the data once trimming has completed
Output file will be GZIP compressed


This is cutadapt 4.1 with Python 3.9.13
Command line parameters: -j 2 -e 0.1 -q 20 -O 1 -a AGATCGGAAGAGC SC2225/host_removal/SC2225_R2.fastq.gz
Processing single-end reads on 2 cores ...
Finished in 42.73 s (41 µs/read; 1.48 M reads/minute).

=== Summary ===

Total reads processed:               1,050,817
Reads with adapters:                   353,600 (33.7%)
Reads written (passing filters):     1,050,817 (100.0%)

Total basepairs processed:   263,755,067 bp
Quality-trimmed:               4,209,910 bp (1.6%)
Total written (filtered):    257,276,979 bp (97.5%)

=== Adapter 1 ===

Sequence: AGATCGGAAGAGC; Type: regular 3'; Length: 13; Trimmed: 353600 times

Minimum overlap: 1
No. of allowed errors:
1-9 bp: 0; 10-13 bp: 1

Bases preceding removed adapters:
  A: 40.8%
  C: 16.8%
  G: 11.3%
  T: 30.5%
  none/other: 0.6%

Overview of removed sequences
length	count	expect	max.err	error counts
1	239818	262704.2	0	239818
2	72830	65676.1	0	72830
3	8091	16419.0	0	8091
4	2234	4104.8	0	2234
5	127	1026.2	0	127
6	130	256.5	0	130
7	3227	64.1	0	3227
8	80	16.0	0	80
9	178	4.0	0	178
10	173	1.0	1	164 9
11	75	0.3	1	66 9
12	236	0.1	1	219 17
13	45	0.0	1	34 11
14	248	0.0	1	232 16
15	92	0.0	1	84 8
16	63	0.0	1	62 1
17	292	0.0	1	266 26
18	168	0.0	1	135 33
19	944	0.0	1	802 142
20	236	0.0	1	218 18
21	33	0.0	1	27 6
22	91	0.0	1	83 8
23	91	0.0	1	81 10
24	1242	0.0	1	1193 49
25	46	0.0	1	41 5
26	119	0.0	1	111 8
27	107	0.0	1	99 8
28	134	0.0	1	122 12
29	34	0.0	1	26 8
30	164	0.0	1	148 16
31	18	0.0	1	16 2
32	120	0.0	1	110 10
33	109	0.0	1	102 7
34	184	0.0	1	175 9
35	126	0.0	1	112 14
36	946	0.0	1	909 37
37	456	0.0	1	432 24
38	266	0.0	1	252 14
39	209	0.0	1	196 13
40	264	0.0	1	246 18
41	423	0.0	1	395 28
42	368	0.0	1	348 20
43	630	0.0	1	609 21
44	526	0.0	1	494 32
45	619	0.0	1	583 36
46	477	0.0	1	463 14
47	294	0.0	1	282 12
48	240	0.0	1	232 8
49	153	0.0	1	151 2
50	113	0.0	1	104 9
51	129	0.0	1	127 2
52	104	0.0	1	100 4
53	166	0.0	1	154 12
54	354	0.0	1	343 11
55	117	0.0	1	112 5
56	262	0.0	1	238 24
57	617	0.0	1	604 13
58	301	0.0	1	292 9
59	93	0.0	1	88 5
60	206	0.0	1	203 3
61	82	0.0	1	80 2
62	78	0.0	1	74 4
63	137	0.0	1	131 6
64	69	0.0	1	66 3
65	33	0.0	1	32 1
66	30	0.0	1	28 2
67	17	0.0	1	13 4
68	34	0.0	1	33 1
69	80	0.0	1	77 3
70	35	0.0	1	32 3
71	20	0.0	1	16 4
72	31	0.0	1	29 2
73	61	0.0	1	55 6
74	49	0.0	1	45 4
75	74	0.0	1	65 9
76	127	0.0	1	116 11
77	217	0.0	1	191 26
78	462	0.0	1	420 42
79	793	0.0	1	675 118
80	1787	0.0	1	1623 164
81	1791	0.0	1	1587 204
82	1203	0.0	1	976 227
83	862	0.0	1	726 136
84	494	0.0	1	389 105
85	351	0.0	1	276 75
86	235	0.0	1	194 41
87	148	0.0	1	115 33
88	127	0.0	1	92 35
89	129	0.0	1	107 22
90	81	0.0	1	63 18
91	80	0.0	1	63 17
92	67	0.0	1	50 17
93	60	0.0	1	48 12
94	321	0.0	1	308 13
95	59	0.0	1	49 10
96	92	0.0	1	80 12
97	41	0.0	1	32 9
98	48	0.0	1	35 13
99	34	0.0	1	22 12
100	31	0.0	1	19 12
101	25	0.0	1	17 8
102	30	0.0	1	21 9
103	26	0.0	1	17 9
104	25	0.0	1	17 8
105	64	0.0	1	54 10
106	17	0.0	1	8 9
107	28	0.0	1	15 13
108	29	0.0	1	20 9
109	18	0.0	1	10 8
110	20	0.0	1	10 10
111	27	0.0	1	17 10
112	16	0.0	1	9 7
113	39	0.0	1	34 5
114	12	0.0	1	6 6
115	10	0.0	1	1 9
116	13	0.0	1	5 8
117	34	0.0	1	29 5
118	15	0.0	1	11 4
119	10	0.0	1	6 4
120	10	0.0	1	5 5
121	9	0.0	1	5 4
122	14	0.0	1	7 7
123	40	0.0	1	30 10
124	23	0.0	1	17 6
125	10	0.0	1	5 5
126	11	0.0	1	7 4
127	55	0.0	1	46 9
128	16	0.0	1	13 3
129	26	0.0	1	18 8
130	9	0.0	1	3 6
131	18	0.0	1	13 5
132	6	0.0	1	4 2
133	37	0.0	1	31 6
134	23	0.0	1	15 8
135	5	0.0	1	4 1
136	9	0.0	1	5 4
137	15	0.0	1	7 8
138	7	0.0	1	4 3
139	4	0.0	1	3 1
140	10	0.0	1	7 3
141	38	0.0	1	30 8
142	8	0.0	1	5 3
143	10	0.0	1	5 5
144	8	0.0	1	4 4
145	5	0.0	1	4 1
146	19	0.0	1	18 1
147	33	0.0	1	30 3
148	6	0.0	1	3 3
149	30	0.0	1	25 5
150	12	0.0	1	7 5
151	33	0.0	1	25 8
152	17	0.0	1	12 5
153	36	0.0	1	30 6
154	47	0.0	1	46 1
155	22	0.0	1	18 4
156	114	0.0	1	106 8
157	45	0.0	1	43 2
158	26	0.0	1	24 2
159	50	0.0	1	41 9
160	80	0.0	1	74 6
161	46	0.0	1	44 2
162	41	0.0	1	37 4
163	25	0.0	1	19 6
164	38	0.0	1	35 3
165	29	0.0	1	24 5
166	56	0.0	1	51 5
167	66	0.0	1	62 4
168	49	0.0	1	43 6
169	34	0.0	1	28 6
170	14	0.0	1	12 2
171	9	0.0	1	7 2
172	55	0.0	1	51 4
173	24	0.0	1	21 3
174	26	0.0	1	23 3
175	65	0.0	1	62 3
176	42	0.0	1	40 2
177	26	0.0	1	26
178	16	0.0	1	14 2
179	10	0.0	1	10
180	43	0.0	1	39 4
181	30	0.0	1	30
182	4	0.0	1	4
183	14	0.0	1	11 3
184	9	0.0	1	9
185	51	0.0	1	48 3
186	8	0.0	1	7 1
187	19	0.0	1	17 2
188	4	0.0	1	4
189	10	0.0	1	8 2
190	22	0.0	1	22
191	9	0.0	1	8 1
192	23	0.0	1	23
193	11	0.0	1	10 1
194	8	0.0	1	6 2
195	3	0.0	1	3
196	4	0.0	1	3 1
197	6	0.0	1	6
198	3	0.0	1	3
199	3	0.0	1	3
200	4	0.0	1	3 1
201	2	0.0	1	2
202	3	0.0	1	3
203	10	0.0	1	10
204	5	0.0	1	4 1
205	3	0.0	1	3
206	3	0.0	1	3
207	12	0.0	1	12
208	10	0.0	1	10
209	10	0.0	1	10
210	15	0.0	1	14 1
211	11	0.0	1	8 3
212	7	0.0	1	7
213	3	0.0	1	2 1
214	8	0.0	1	8
215	5	0.0	1	4 1
216	6	0.0	1	6
217	3	0.0	1	3
218	3	0.0	1	2 1
219	1	0.0	1	1
222	2	0.0	1	1 1
224	1	0.0	1	1
226	1	0.0	1	1
227	2	0.0	1	1 1
228	2	0.0	1	2
235	1	0.0	1	1
238	1	0.0	1	1
240	1	0.0	1	1
242	1	0.0	1	0 1
246	2	0.0	1	0 2
247	3	0.0	1	0 3
248	2	0.0	1	0 2
249	7	0.0	1	0 7
250	12	0.0	1	0 12
251	321	0.0	1	0 321

RUN STATISTICS FOR INPUT FILE: SC2225/host_removal/SC2225_R2.fastq.gz
=============================================
1050817 sequences processed in total

Total number of sequences analysed for the sequence pair length validation: 1050817

Number of sequence pairs removed because at least one read was shorter than the length cutoff (20 bp): 4695 (0.45%)
