
SUMMARISING RUN PARAMETERS
==========================
Input filename: SC2227/host_removal/SC2227_R2.fastq.gz
Trimming mode: paired-end
Trim Galore version: 0.6.4_dev
Cutadapt version: 4.1
Python version: could not detect
Number of cores used for trimming: 2
Quality Phred score cutoff: 20
Quality encoding type selected: ASCII+33
Using Illumina adapter for trimming (count: 14798). Second best hit was smallRNA (count: 1)
Adapter sequence: 'AGATCGGAAGAGC' (Illumina TruSeq, Sanger iPCR; auto-detected)
Maximum trimming error rate: 0.1 (default)
Minimum required adapter overlap (stringency): 1 bp
Minimum required sequence length for both reads before a sequence pair gets removed: 20 bp
Running FastQC on the data once trimming has completed
Output file will be GZIP compressed


This is cutadapt 4.1 with Python 3.9.13
Command line parameters: -j 2 -e 0.1 -q 20 -O 1 -a AGATCGGAAGAGC SC2227/host_removal/SC2227_R2.fastq.gz
Processing single-end reads on 2 cores ...
Finished in 29.68 s (38 µs/read; 1.57 M reads/minute).

=== Summary ===

Total reads processed:                 774,272
Reads with adapters:                   266,796 (34.5%)
Reads written (passing filters):       774,272 (100.0%)

Total basepairs processed:   194,342,272 bp
Quality-trimmed:               2,950,460 bp (1.5%)
Total written (filtered):    189,867,653 bp (97.7%)

=== Adapter 1 ===

Sequence: AGATCGGAAGAGC; Type: regular 3'; Length: 13; Trimmed: 266796 times

Minimum overlap: 1
No. of allowed errors:
1-9 bp: 0; 10-13 bp: 1

Bases preceding removed adapters:
  A: 38.3%
  C: 20.6%
  G: 11.4%
  T: 28.9%
  none/other: 0.9%

Overview of removed sequences
length	count	expect	max.err	error counts
1	175910	193568.0	0	175910
2	55068	48392.0	0	55068
3	9453	12098.0	0	9453
4	3367	3024.5	0	3367
5	149	756.1	0	149
6	184	189.0	0	184
7	5455	47.3	0	5455
8	120	11.8	0	120
9	251	3.0	0	250 1
10	309	0.7	1	295 14
11	70	0.2	1	61 9
12	283	0.0	1	268 15
13	34	0.0	1	28 6
14	178	0.0	1	163 15
15	53	0.0	1	45 8
16	53	0.0	1	50 3
17	169	0.0	1	159 10
18	38	0.0	1	30 8
19	101	0.0	1	97 4
20	74	0.0	1	71 3
21	15	0.0	1	14 1
22	71	0.0	1	65 6
23	107	0.0	1	96 11
24	1067	0.0	1	1034 33
25	38	0.0	1	32 6
26	109	0.0	1	99 10
27	130	0.0	1	121 9
28	119	0.0	1	115 4
29	25	0.0	1	19 6
30	145	0.0	1	136 9
31	18	0.0	1	17 1
32	102	0.0	1	95 7
33	45	0.0	1	43 2
34	133	0.0	1	125 8
35	103	0.0	1	94 9
36	255	0.0	1	238 17
37	131	0.0	1	115 16
38	147	0.0	1	138 9
39	114	0.0	1	102 12
40	187	0.0	1	171 16
41	325	0.0	1	300 25
42	306	0.0	1	273 33
43	480	0.0	1	448 32
44	364	0.0	1	342 22
45	377	0.0	1	356 21
46	362	0.0	1	343 19
47	266	0.0	1	247 19
48	204	0.0	1	197 7
49	136	0.0	1	125 11
50	92	0.0	1	84 8
51	115	0.0	1	108 7
52	102	0.0	1	95 7
53	118	0.0	1	107 11
54	270	0.0	1	266 4
55	89	0.0	1	82 7
56	177	0.0	1	161 16
57	438	0.0	1	422 16
58	186	0.0	1	183 3
59	57	0.0	1	51 6
60	140	0.0	1	138 2
61	48	0.0	1	44 4
62	42	0.0	1	40 2
63	79	0.0	1	78 1
64	36	0.0	1	36
65	22	0.0	1	22
66	13	0.0	1	13
67	16	0.0	1	16
68	18	0.0	1	15 3
69	16	0.0	1	14 2
70	25	0.0	1	23 2
71	21	0.0	1	20 1
72	20	0.0	1	19 1
73	25	0.0	1	20 5
74	57	0.0	1	51 6
75	78	0.0	1	72 6
76	87	0.0	1	78 9
77	143	0.0	1	111 32
78	275	0.0	1	216 59
79	448	0.0	1	308 140
80	983	0.0	1	798 185
81	905	0.0	1	682 223
82	587	0.0	1	419 168
83	400	0.0	1	274 126
84	224	0.0	1	143 81
85	167	0.0	1	116 51
86	131	0.0	1	94 37
87	93	0.0	1	50 43
88	77	0.0	1	47 30
89	86	0.0	1	63 23
90	56	0.0	1	31 25
91	47	0.0	1	34 13
92	41	0.0	1	19 22
93	51	0.0	1	33 18
94	275	0.0	1	250 25
95	62	0.0	1	44 18
96	72	0.0	1	56 16
97	56	0.0	1	39 17
98	27	0.0	1	17 10
99	20	0.0	1	14 6
100	15	0.0	1	11 4
101	17	0.0	1	10 7
102	17	0.0	1	12 5
103	16	0.0	1	9 7
104	13	0.0	1	8 5
105	31	0.0	1	25 6
106	15	0.0	1	10 5
107	16	0.0	1	6 10
108	8	0.0	1	4 4
109	18	0.0	1	7 11
110	13	0.0	1	5 8
111	14	0.0	1	7 7
112	12	0.0	1	5 7
113	12	0.0	1	8 4
114	13	0.0	1	8 5
115	12	0.0	1	7 5
116	13	0.0	1	5 8
117	24	0.0	1	16 8
118	13	0.0	1	4 9
119	14	0.0	1	7 7
120	8	0.0	1	1 7
121	19	0.0	1	11 8
122	8	0.0	1	2 6
123	16	0.0	1	10 6
124	5	0.0	1	2 3
125	11	0.0	1	5 6
126	12	0.0	1	5 7
127	39	0.0	1	31 8
128	8	0.0	1	5 3
129	17	0.0	1	7 10
130	13	0.0	1	4 9
131	15	0.0	1	9 6
132	6	0.0	1	5 1
133	15	0.0	1	6 9
134	14	0.0	1	6 8
135	8	0.0	1	1 7
136	10	0.0	1	2 8
137	9	0.0	1	3 6
138	6	0.0	1	3 3
139	3	0.0	1	3
140	6	0.0	1	2 4
141	36	0.0	1	33 3
142	11	0.0	1	4 7
143	11	0.0	1	2 9
144	6	0.0	1	3 3
145	12	0.0	1	8 4
146	24	0.0	1	20 4
147	19	0.0	1	14 5
148	9	0.0	1	7 2
149	7	0.0	1	3 4
150	4	0.0	1	1 3
151	10	0.0	1	6 4
152	12	0.0	1	7 5
153	22	0.0	1	13 9
154	27	0.0	1	20 7
155	16	0.0	1	10 6
156	43	0.0	1	36 7
157	11	0.0	1	8 3
158	12	0.0	1	11 1
159	32	0.0	1	28 4
160	41	0.0	1	37 4
161	28	0.0	1	21 7
162	36	0.0	1	31 5
163	18	0.0	1	15 3
164	33	0.0	1	29 4
165	11	0.0	1	8 3
166	26	0.0	1	25 1
167	49	0.0	1	46 3
168	22	0.0	1	18 4
169	25	0.0	1	23 2
170	22	0.0	1	20 2
171	12	0.0	1	9 3
172	21	0.0	1	19 2
173	21	0.0	1	16 5
174	20	0.0	1	15 5
175	21	0.0	1	20 1
176	18	0.0	1	16 2
177	4	0.0	1	4
178	11	0.0	1	6 5
179	9	0.0	1	5 4
180	14	0.0	1	12 2
181	19	0.0	1	18 1
182	3	0.0	1	3
183	9	0.0	1	7 2
184	6	0.0	1	6
185	32	0.0	1	30 2
186	2	0.0	1	2
187	9	0.0	1	7 2
188	1	0.0	1	0 1
189	3	0.0	1	3
190	5	0.0	1	4 1
191	3	0.0	1	2 1
192	8	0.0	1	7 1
193	5	0.0	1	5
194	2	0.0	1	2
195	2	0.0	1	2
196	2	0.0	1	2
197	3	0.0	1	2 1
198	6	0.0	1	6
199	1	0.0	1	1
200	3	0.0	1	3
201	2	0.0	1	1 1
202	1	0.0	1	1
203	3	0.0	1	2 1
207	3	0.0	1	2 1
208	6	0.0	1	5 1
209	1	0.0	1	1
210	5	0.0	1	5
211	1	0.0	1	1
212	3	0.0	1	2 1
213	3	0.0	1	3
214	2	0.0	1	2
215	2	0.0	1	2
216	1	0.0	1	1
217	3	0.0	1	3
223	3	0.0	1	2 1
224	1	0.0	1	1
226	3	0.0	1	2 1
227	4	0.0	1	4
228	2	0.0	1	2
229	2	0.0	1	2
230	1	0.0	1	1
231	2	0.0	1	1 1
232	4	0.0	1	4
233	2	0.0	1	2
235	2	0.0	1	2
236	1	0.0	1	1
239	1	0.0	1	1
240	2	0.0	1	2
241	1	0.0	1	1
242	2	0.0	1	1 1
243	1	0.0	1	1
244	2	0.0	1	2
245	2	0.0	1	1 1
246	2	0.0	1	1 1
247	1	0.0	1	1
248	2	0.0	1	0 2
249	3	0.0	1	1 2
250	13	0.0	1	0 13
251	424	0.0	1	1 423

RUN STATISTICS FOR INPUT FILE: SC2227/host_removal/SC2227_R2.fastq.gz
=============================================
774272 sequences processed in total

Total number of sequences analysed for the sequence pair length validation: 774272

Number of sequence pairs removed because at least one read was shorter than the length cutoff (20 bp): 4426 (0.57%)
