quality	AA	AC	AG	AT	A.	CA	CC	CG	CT	C.	GA	GC	GG	GT	G.	TA	TC	TG	TT	T.	.A	.C	.G	.T	..
0	NA	NA	NA	NA	NA	NA	NA	NA	NA	NA	NA	NA	NA	NA	NA	NA	NA	NA	NA	NA	NA	NA	NA	NA	NA
1	NA	NA	NA	NA	NA	NA	NA	NA	NA	NA	NA	NA	NA	NA	NA	NA	NA	NA	NA	NA	NA	NA	NA	NA	NA
2	NA	NA	NA	NA	NA	NA	NA	NA	NA	NA	NA	NA	NA	NA	NA	NA	NA	NA	NA	NA	NA	NA	NA	NA	NA
3	NA	NA	NA	NA	NA	NA	NA	NA	NA	NA	NA	NA	NA	NA	NA	NA	NA	NA	NA	NA	NA	NA	NA	NA	NA
4	NA	NA	NA	NA	NA	NA	NA	NA	NA	NA	NA	NA	NA	NA	NA	NA	NA	NA	NA	NA	NA	NA	NA	NA	NA
5	NA	NA	NA	NA	NA	NA	NA	NA	NA	NA	NA	NA	NA	NA	NA	NA	NA	NA	NA	NA	NA	NA	NA	NA	NA
6	NA	NA	NA	NA	NA	NA	NA	NA	NA	NA	NA	NA	NA	NA	NA	NA	NA	NA	NA	NA	NA	NA	NA	NA	NA
7	NA	NA	NA	NA	NA	NA	NA	NA	NA	NA	NA	NA	NA	NA	NA	NA	NA	NA	NA	NA	NA	NA	NA	NA	NA
8	NA	NA	NA	NA	NA	NA	NA	NA	NA	NA	NA	NA	NA	NA	NA	NA	NA	NA	NA	NA	NA	NA	NA	NA	NA
9	NA	NA	NA	NA	NA	NA	NA	NA	NA	NA	NA	NA	NA	NA	NA	NA	NA	NA	NA	NA	NA	NA	NA	NA	NA
10	NA	NA	NA	NA	NA	NA	NA	NA	NA	NA	NA	NA	NA	NA	NA	NA	NA	NA	NA	NA	NA	NA	NA	NA	NA
11	0.970903	0.00882865	0.00646605	0.0138025	NA	0.0479382	0.9321	0.00480839	0.0151537	NA	0.016514	0.00638357	0.940813	0.0361504	0.000138773	0.0224719	0.00601926	0.0168539	0.954655	NA	3.14436e-05	3.14436e-05	NA	3.14436e-05	0.999906
12	0.97473	0.0137732	0.00405922	0.00739107	4.69274e-05	0.0313622	0.952274	0.00381303	0.0122653	0.000285978	0.0140188	0.00575606	0.949913	0.0301497	0.00016247	0.014387	0.00784127	0.0182395	0.959362	0.000170462	9.56147e-05	6.82962e-06	1.36592e-05	2.73185e-05	0.999857
13	0.966754	0.0161563	0.00645388	0.010576	5.97889e-05	0.0354026	0.948862	0.00457841	0.0110533	0.00010335	0.0106871	0.004435	0.961214	0.023525	0.000138594	0.0150177	0.010542	0.0211201	0.953164	0.000156267	9.80508e-05	3.19731e-05	3.41046e-05	3.30389e-05	0.999803
14	0.963626	0.0167549	0.00647114	0.0130027	0.000145012	0.0282559	0.954613	0.00449118	0.0124247	0.000215146	0.0175906	0.00709285	0.941992	0.0331999	0.000124874	0.0185588	0.0131419	0.0216676	0.946373	0.000259069	8.58304e-05	4.00542e-05	3.62395e-05	5.34056e-05	0.999784
15	0.976971	0.00804691	0.00489165	0.00999167	9.92221e-05	0.0124018	0.975286	0.00314254	0.00906846	0.00010101	0.0130609	0.00532553	0.95569	0.0257847	0.000138841	0.0257865	0.0132966	0.026927	0.933767	0.000222537	6.14716e-05	4.97627e-05	1.46361e-05	6.14716e-05	0.999813
16	0.964076	0.0119544	0.00921563	0.0146012	0.000152354	0.0181675	0.960444	0.00480257	0.0164353	0.000150623	0.0184862	0.00879842	0.94674	0.0258024	0.000173396	0.0191729	0.0141429	0.0190019	0.947454	0.00022804	0.000154484	5.80767e-05	5.80767e-05	9.87303e-05	0.999631
17	NA	NA	NA	NA	NA	NA	NA	NA	NA	NA	NA	NA	NA	NA	NA	NA	NA	NA	NA	NA	NA	NA	NA	NA	NA
18	NA	NA	NA	NA	NA	NA	NA	NA	NA	NA	NA	NA	NA	NA	NA	NA	NA	NA	NA	NA	NA	NA	NA	NA	NA
19	NA	NA	NA	NA	NA	NA	NA	NA	NA	NA	NA	NA	NA	NA	NA	NA	NA	NA	NA	NA	NA	NA	NA	NA	NA
20	0.994854	0.00158353	0.00197941	0.00158353	NA	0.00743679	0.991076	NA	0.00148736	NA	0.00159344	0.000682905	0.994764	0.00295925	NA	0.00204918	NA	0.00153689	0.996414	NA	NA	9.18611e-05	NA	NA	0.999908
21	0.996335	0.00183269	0.00102415	0.000727684	8.08538e-05	0.00801435	0.990522	0.000878284	0.000585523	NA	0.000988142	0.000272591	0.996695	0.00204443	NA	0.000898077	0.000934734	0.00214439	0.995986	3.66562e-05	4.72249e-05	6.74641e-06	NA	NA	0.999946
22	0.997061	0.00146956	0.000592982	0.000799237	7.73455e-05	0.00859655	0.989264	0.000505679	0.00159483	3.88984e-05	0.00189612	0.000743577	0.993457	0.00382942	7.43577e-05	0.00194671	0.00146635	0.00290742	0.993629	5.05638e-05	9.93466e-05	7.64205e-06	1.52841e-05	1.52841e-05	0.999862
23	0.996896	0.00128488	0.00115138	0.000634094	3.33734e-05	0.0068158	0.990912	0.000699056	0.00142308	0.000149798	0.00129614	0.000673994	0.995645	0.00235898	2.59229e-05	0.00100156	0.00102512	0.00168497	0.996265	2.3566e-05	6.27319e-05	NA	4.48085e-06	1.34425e-05	0.999919
24	0.998519	0.000822707	0.000370218	0.000287947	NA	0.00777128	0.990161	0.000784258	0.00121203	7.12962e-05	0.00105625	0.000726168	0.995775	0.00237655	6.60153e-05	0.000514948	0.00131598	0.00125876	0.99691	NA	3.39512e-05	1.13171e-05	1.13171e-05	1.13171e-05	0.999932
25	0.997166	0.00121472	0.00101226	0.000607358	NA	0.00584851	0.992154	0.000665684	0.00133137	NA	0.00236486	0.0011583	0.993533	0.00294402	NA	0.000936204	0.00111453	0.00133743	0.996612	NA	0.000107352	8.25784e-06	NA	8.25784e-06	0.999876
26	0.997075	0.000841582	0.00140264	0.000681281	NA	0.00804403	0.989627	0.000705617	0.00162292	NA	0.00189769	0.000990099	0.993729	0.00338284	NA	0.000481668	0.001275	0.000935003	0.997308	NA	6.94428e-05	NA	2.31476e-05	3.47214e-05	0.999873
27	0.996529	0.00109519	0.00113515	0.0012127	2.82024e-05	0.00132179	0.996558	0.000386865	0.00170507	2.86567e-05	0.00258174	0.00130136	0.990096	0.00600307	1.79912e-05	0.00108157	0.00133637	0.00368482	0.993837	6.05822e-05	5.71698e-05	1.1301e-05	1.86134e-05	3.3903e-05	0.999879
28	0.998236	0.00047322	0.00068832	0.00060228	NA	0.00040038	0.997548	0.000450428	0.00155147	5.00475e-05	0.00276432	0.000661548	0.994968	0.00158299	2.36267e-05	0.00069979	0.00139958	0.000777545	0.997123	NA	3.04863e-05	2.03242e-05	NA	3.04863e-05	0.999919
29	0.999548	NA	0.000451671	NA	NA	NA	1	NA	NA	NA	0.000392465	NA	0.999608	NA	NA	NA	0.000694444	0.000694444	0.998611	NA	NA	NA	NA	NA	1
30	0.997858	0.000470639	0.00098424	0.000671783	1.56229e-05	0.00170347	0.99674	0.000232425	0.00132394	NA	0.00161503	0.000506078	0.996662	0.00120574	1.10618e-05	0.000598396	0.00120572	0.000619236	0.997571	5.95419e-06	4.20363e-05	8.40727e-06	7.11384e-06	3.23356e-05	0.99991
31	0.998631	0.000270673	0.000776269	0.000309827	1.19164e-05	0.00155516	0.997391	0.00015166	0.000889398	1.28526e-05	0.000987507	0.000194105	0.997603	0.00120345	1.21315e-05	0.000299854	0.00101055	0.00067954	0.998008	1.9471e-06	3.69222e-05	5.35105e-06	5.88615e-06	2.88957e-05	0.999923
32	0.998651	0.000229019	0.00100938	0.000110269	NA	0.0059746	0.993419	0.00021814	0.000387804	NA	0.000257138	8.94394e-05	0.999273	0.000380118	NA	7.689e-05	0.000968813	0.000292182	0.998662	NA	3.15208e-05	2.42468e-06	2.42468e-06	9.69871e-06	0.999954
33	0.999096	0.00012653	0.000723027	5.4227e-05	NA	0.00517474	0.994442	0.000151673	0.000231971	NA	0.000311951	1.64185e-05	0.999425	0.000246277	NA	5.41724e-05	0.000902873	0.000550753	0.998488	4.51437e-06	2.38533e-05	1.70381e-06	3.40762e-06	3.40762e-06	0.999968
34	0.998857	0.000261314	0.000654938	0.000207563	1.90197e-05	0.000783775	0.998233	0.000118873	0.000853008	1.17566e-05	0.000881804	0.000226782	0.997436	0.00144243	1.2663e-05	0.000178312	0.000920824	0.000368512	0.99852	1.28019e-05	4.17054e-05	8.39194e-06	9.66345e-06	3.15334e-05	0.999909
35	0.99959	0.000136824	0.000199578	6.9955e-05	4.115e-06	5.09515e-05	0.999669	3.13548e-05	0.000245612	2.6129e-06	0.000370468	5.45552e-05	0.998613	0.000956618	5.0749e-06	5.1236e-05	0.000381009	0.000555211	0.999007	5.58938e-06	1.69357e-05	4.15404e-06	2.55634e-06	1.24621e-05	0.999964
36	0.999044	0.000174108	0.000642701	0.000125544	1.39493e-05	0.00141719	0.997755	0.000109142	0.00071025	8.26834e-06	0.000682266	0.000118099	0.998268	0.000917711	1.42922e-05	0.000108189	0.000829654	0.00023522	0.998823	4.25463e-06	4.42978e-05	7.51918e-06	4.57689e-06	3.18748e-05	0.999912
37	0.99913	0.000144459	0.000617297	9.29623e-05	1.53823e-05	0.00153849	0.997661	0.000119608	0.000675434	5.86314e-06	0.000538907	9.63993e-05	0.997498	0.00185482	1.16144e-05	6.19384e-05	0.000908643	0.000248392	0.998772	8.93956e-06	4.00143e-05	8.17045e-06	7.12296e-06	3.45673e-05	0.99991
38	0.99917	0.000146145	0.000598462	7.05661e-05	1.46531e-05	0.00110651	0.998205	0.000101213	0.000580577	6.83031e-06	0.000549362	8.21024e-05	0.99795	0.00139333	2.53552e-05	7.18515e-05	0.000874524	0.00022667	0.998815	1.15121e-05	4.23789e-05	9.90831e-06	6.08824e-06	3.7962e-05	0.999904
39	0.999174	0.00014087	0.00061059	5.72886e-05	1.76569e-05	0.00108574	0.998196	9.67093e-05	0.00061386	7.56744e-06	0.00051385	6.3623e-05	0.998086	0.00131565	2.10455e-05	5.24254e-05	0.000844356	0.000189038	0.998906	8.17778e-06	4.57939e-05	1.03587e-05	6.23397e-06	3.43103e-05	0.999903
40	0.999152	0.000157702	0.00060676	5.34023e-05	2.96843e-05	0.00046739	0.998745	7.86691e-05	0.00069536	1.35978e-05	0.000525316	5.3042e-05	0.998965	0.000422696	3.43892e-05	4.6769e-05	0.000574851	0.000171915	0.9992	6.86517e-06	4.53197e-05	1.5727e-05	8.21461e-06	4.12737e-05	0.999889
