quality	AA	AC	AG	AT	A.	CA	CC	CG	CT	C.	GA	GC	GG	GT	G.	TA	TC	TG	TT	T.	.A	.C	.G	.T	..
0	NA	NA	NA	NA	NA	NA	NA	NA	NA	NA	NA	NA	NA	NA	NA	NA	NA	NA	NA	NA	NA	NA	NA	NA	NA
1	NA	NA	NA	NA	NA	NA	NA	NA	NA	NA	NA	NA	NA	NA	NA	NA	NA	NA	NA	NA	NA	NA	NA	NA	NA
2	NA	NA	NA	NA	NA	NA	NA	NA	NA	NA	NA	NA	NA	NA	NA	NA	NA	NA	NA	NA	NA	NA	NA	NA	NA
3	NA	NA	NA	NA	NA	NA	NA	NA	NA	NA	NA	NA	NA	NA	NA	NA	NA	NA	NA	NA	NA	NA	NA	NA	NA
4	NA	NA	NA	NA	NA	NA	NA	NA	NA	NA	NA	NA	NA	NA	NA	NA	NA	NA	NA	NA	NA	NA	NA	NA	NA
5	NA	NA	NA	NA	NA	NA	NA	NA	NA	NA	NA	NA	NA	NA	NA	NA	NA	NA	NA	NA	NA	NA	NA	NA	NA
6	NA	NA	NA	NA	NA	NA	NA	NA	NA	NA	NA	NA	NA	NA	NA	NA	NA	NA	NA	NA	NA	NA	NA	NA	NA
7	NA	NA	NA	NA	NA	NA	NA	NA	NA	NA	NA	NA	NA	NA	NA	NA	NA	NA	NA	NA	NA	NA	NA	NA	NA
8	NA	NA	NA	NA	NA	NA	NA	NA	NA	NA	NA	NA	NA	NA	NA	NA	NA	NA	NA	NA	NA	NA	NA	NA	NA
9	NA	NA	NA	NA	NA	NA	NA	NA	NA	NA	NA	NA	NA	NA	NA	NA	NA	NA	NA	NA	NA	NA	NA	NA	NA
10	0.982143	0.00892857	0.00892857	NA	NA	0.0232558	0.976744	NA	NA	NA	0.0162602	NA	0.934959	0.0487805	NA	NA	NA	0.0285714	0.971429	NA	NA	NA	NA	NA	1
11	0.972311	0.0111394	0.00392531	0.0125893	3.53632e-05	0.0617441	0.917893	0.00486844	0.0154554	3.86384e-05	0.0180677	0.00542479	0.935149	0.0412912	6.72495e-05	0.021415	0.00526965	0.0151362	0.958067	0.00011212	3.71523e-05	3.71523e-05	1.85761e-05	3.71523e-05	0.99987
12	0.97322	0.0159604	0.00445326	0.00633198	3.47911e-05	0.0510091	0.931251	0.00421069	0.0134248	0.000103968	0.0114325	0.00454578	0.952138	0.0317933	9.07342e-05	0.0118846	0.0055149	0.0207599	0.961782	5.85446e-05	7.74675e-05	1.54935e-05	1.29113e-05	3.0987e-05	0.999863
13	0.96706	0.0180007	0.00612329	0.00872589	9.06544e-05	0.0440888	0.940806	0.00465725	0.0103622	8.6004e-05	0.00777396	0.0034505	0.96768	0.0210026	9.29776e-05	0.0124866	0.00854201	0.0228895	0.955949	0.000133344	7.13157e-05	2.50137e-05	1.64984e-05	2.55459e-05	0.999862
14	0.965803	0.0181954	0.00570511	0.0102215	7.54246e-05	0.0344332	0.950801	0.00400004	0.0106194	0.000146505	0.0120174	0.00532001	0.952104	0.0304874	7.10387e-05	0.014436	0.00970974	0.0231126	0.952556	0.000186041	5.7417e-05	2.82378e-05	2.35315e-05	3.9533e-05	0.999851
15	0.96697	0.0156203	0.00670435	0.0106308	7.47895e-05	0.0310095	0.949981	0.00603653	0.012856	0.000117072	0.011683	0.00468718	0.958897	0.0246725	5.98363e-05	0.0161687	0.00876002	0.0239984	0.950924	0.000149396	5.3165e-05	2.65825e-05	2.97098e-05	5.16013e-05	0.999839
16	0.967544	0.0142605	0.00688091	0.0112386	7.60067e-05	0.0274104	0.954695	0.00445969	0.0133437	9.13184e-05	0.0111972	0.00491877	0.959724	0.0240903	7.01397e-05	0.0194646	0.0116777	0.0278322	0.94093	9.58224e-05	8.05354e-05	2.28496e-05	2.43479e-05	5.8435e-05	0.999814
17	NA	NA	NA	NA	NA	NA	NA	NA	NA	NA	NA	NA	NA	NA	NA	NA	NA	NA	NA	NA	NA	NA	NA	NA	NA
18	1	NA	NA	NA	NA	NA	1	NA	NA	NA	NA	NA	1	NA	NA	NA	NA	NA	1	NA	NA	NA	NA	NA	1
19	1	NA	NA	NA	NA	NA	1	NA	NA	NA	NA	NA	1	NA	NA	NA	NA	NA	1	NA	NA	NA	NA	NA	1
20	0.996876	0.00156209	0.00117157	0.000390523	NA	0.0093944	0.987921	0.00100654	0.00167757	NA	0.00120234	0.000687049	0.994847	0.00326348	NA	0.000912242	0.000182448	0.00237183	0.996533	NA	6.50428e-05	NA	3.25214e-05	NA	0.999902
21	0.996152	0.00226021	0.000936663	0.000610867	4.07245e-05	0.0104781	0.987709	0.000585288	0.00119913	2.85506e-05	0.000907226	0.000293104	0.996664	0.00210756	2.79146e-05	0.000690592	0.00122005	0.0025245	0.995534	3.0693e-05	4.59489e-05	NA	8.10863e-06	1.08115e-05	0.999935
22	0.996544	0.00241072	0.000624464	0.000363061	5.80897e-05	0.00606319	0.992522	0.000269475	0.00110036	4.49125e-05	0.00107354	0.00027912	0.995341	0.00330649	NA	0.000783271	0.0011823	0.00274884	0.995256	2.95574e-05	8.35169e-05	4.39562e-06	1.75825e-05	1.31869e-05	0.999881
23	0.997351	0.00141985	0.000872531	0.000349012	7.9321e-06	0.00900081	0.989524	0.000242019	0.0012101	2.30494e-05	0.000718071	0.000309513	0.997128	0.00180756	3.71416e-05	0.000456894	0.000812256	0.00146657	0.997247	1.6922e-05	5.31294e-05	1.06259e-05	1.06259e-05	2.55021e-05	0.9999
24	0.997291	0.00146954	0.000964387	0.000252577	2.29616e-05	0.00775894	0.989942	0.000615789	0.00168316	NA	0.000848798	0.000385817	0.996913	0.00181334	3.85817e-05	0.000358093	0.00144942	0.00148353	0.996692	1.7052e-05	1.96884e-05	3.93768e-05	6.5628e-06	1.96884e-05	0.999915
25	0.997665	0.00121271	0.000724008	0.000380104	1.81002e-05	0.00399324	0.994345	0.000349773	0.00125335	5.82954e-05	0.00091109	0.000345586	0.996041	0.00257619	0.000125668	0.000501864	0.000903355	0.00119013	0.997376	2.86779e-05	4.18712e-05	5.2339e-06	2.09356e-05	3.14034e-05	0.999901
26	0.996468	0.00113947	0.0019371	0.000455789	NA	0.00616286	0.991817	0.000505153	0.00151546	NA	0.000579441	0.000347665	0.996871	0.00220188	NA	0.000377121	0.00113136	0.000838047	0.997612	4.19024e-05	6.6846e-05	1.67115e-05	1.67115e-05	6.6846e-05	0.999833
27	0.997237	0.00121941	0.00083137	0.000680704	3.14338e-05	0.00265951	0.995486	0.000368455	0.00145636	2.96859e-05	0.0015417	0.000610977	0.993426	0.00438943	3.15246e-05	0.00095114	0.00122785	0.00397005	0.993808	4.27079e-05	4.80951e-05	1.69566e-05	1.04823e-05	4.40871e-05	0.99988
28	0.998644	0.000321662	0.000574396	0.000390589	6.89275e-05	0.000736265	0.99835	0.000126942	0.000787042	NA	0.00161342	0.000297863	0.996264	0.00174994	7.44657e-05	0.000472657	0.0013707	0.000850782	0.997306	NA	5.95789e-05	5.41627e-06	NA	7.04115e-05	0.999865
29	0.998921	0.000119875	0.000839127	0.000119875	NA	0.00104149	0.998438	NA	0.000520743	NA	0.0007768	NA	0.999094	0.000129467	NA	NA	NA	0.000220119	0.99978	NA	NA	NA	2.93384e-05	NA	0.999971
30	0.998446	0.000504371	0.000772779	0.000266442	1.0815e-05	0.00152878	0.997191	0.000233389	0.00104007	6.26549e-06	0.00094137	0.000190602	0.997582	0.00127165	1.45498e-05	0.000355552	0.00096781	0.000606357	0.998063	7.3766e-06	3.65179e-05	3.98377e-06	2.32386e-06	2.25747e-05	0.999935
31	0.998789	0.000395332	0.000662706	0.000146101	6.68435e-06	0.00169439	0.9973	0.000156082	0.000834436	1.50078e-05	0.00070788	0.000131793	0.997732	0.0014144	1.3587e-05	0.000209411	0.000838692	0.000594728	0.998356	1.04706e-06	4.66643e-05	3.58956e-06	2.39304e-06	2.24348e-05	0.999925
32	0.998881	0.000297369	0.000750982	7.0562e-05	NA	0.00594622	0.993655	0.000101397	0.000289706	7.24265e-06	0.000208905	3.36943e-05	0.999542	0.000215644	NA	7.12261e-05	0.00105415	0.00035613	0.998514	4.74841e-06	3.43549e-05	NA	1.49369e-06	5.97477e-06	0.999958
33	0.998914	0.000315547	0.000738939	3.19541e-05	NA	0.0057697	0.993908	9.38163e-05	0.00021695	1.1727e-05	0.000224261	3.20372e-05	0.999589	0.000154847	NA	4.79007e-05	0.000989947	0.000389592	0.998569	3.19338e-06	3.36361e-05	1.15986e-06	1.15986e-06	3.47959e-06	0.999961
34	0.999	0.00028968	0.00058301	0.000116784	1.00362e-05	0.000731893	0.99839	9.76829e-05	0.000768342	1.23926e-05	0.000752167	0.000129147	0.997683	0.00142191	1.36286e-05	0.00013356	0.000819573	0.000501356	0.998544	1.01182e-06	4.28698e-05	4.81047e-06	2.12227e-06	2.88628e-05	0.999921
35	0.99941	0.00022652	0.000304631	5.2334e-05	6.24883e-06	0.000291343	0.999343	3.39235e-05	0.000328259	2.99325e-06	0.000372164	4.81735e-05	0.998621	0.000951191	7.55663e-06	6.55908e-05	0.000461164	0.000519317	0.99895	4.05717e-06	2.41477e-05	2.27808e-06	6.83425e-07	1.93637e-05	0.999954
36	0.999101	0.000193008	0.00061609	7.94739e-05	1.03516e-05	0.00118372	0.997988	0.000102606	0.00071878	6.4129e-06	0.000660657	9.02699e-05	0.998223	0.00101678	8.92779e-06	9.36501e-05	0.000802771	0.000218132	0.998879	6.16626e-06	4.32744e-05	6.96612e-06	1.7943e-06	3.19808e-05	0.999916
37	0.999143	0.000186073	0.000612507	5.07869e-05	7.88072e-06	0.00139723	0.997802	8.87493e-05	0.000702409	9.86104e-06	0.000552767	6.62089e-05	0.997784	0.00158747	1.00083e-05	5.4779e-05	0.00085364	0.000271405	0.998813	7.46987e-06	3.96776e-05	6.70414e-06	3.01002e-06	2.7227e-05	0.999923
38	0.999134	0.000190553	0.00061464	4.78531e-05	1.28945e-05	0.000949555	0.998352	7.97055e-05	0.000607236	1.10574e-05	0.000559601	7.66451e-05	0.998216	0.00113859	9.23434e-06	4.80071e-05	0.000829424	0.000204175	0.998912	6.07319e-06	4.33467e-05	4.78676e-06	1.59559e-06	3.11139e-05	0.999919
39	0.999171	0.000176936	0.000595076	4.37635e-05	1.31089e-05	0.000874315	0.998401	8.37247e-05	0.000630899	1.00211e-05	0.000546898	6.73847e-05	0.998398	0.000971775	1.5641e-05	3.82495e-05	0.000782331	0.000153624	0.99902	5.88454e-06	4.107e-05	5.25761e-06	2.22437e-06	3.04133e-05	0.999921
40	0.999133	0.000211175	0.000590682	3.54265e-05	2.93929e-05	0.000407493	0.99884	6.2791e-05	0.000673827	1.56572e-05	0.000512031	4.57188e-05	0.999029	0.000388563	2.4582e-05	3.44779e-05	0.000546438	0.000117964	0.999297	4.16651e-06	3.60452e-05	8.62168e-06	2.07252e-06	3.76701e-05	0.999916
