quality	AA	AC	AG	AT	A.	CA	CC	CG	CT	C.	GA	GC	GG	GT	G.	TA	TC	TG	TT	T.	.A	.C	.G	.T	..
0	NA	NA	NA	NA	NA	NA	NA	NA	NA	NA	NA	NA	NA	NA	NA	NA	NA	NA	NA	NA	NA	NA	NA	NA	NA
1	NA	NA	NA	NA	NA	NA	NA	NA	NA	NA	NA	NA	NA	NA	NA	NA	NA	NA	NA	NA	NA	NA	NA	NA	NA
2	NA	NA	NA	NA	NA	NA	NA	NA	NA	NA	NA	NA	NA	NA	NA	NA	NA	NA	NA	NA	NA	NA	NA	NA	NA
3	NA	NA	NA	NA	NA	NA	NA	NA	NA	NA	NA	NA	NA	NA	NA	NA	NA	NA	NA	NA	NA	NA	NA	NA	NA
4	NA	NA	NA	NA	NA	NA	NA	NA	NA	NA	NA	NA	NA	NA	NA	NA	NA	NA	NA	NA	NA	NA	NA	NA	NA
5	NA	NA	NA	NA	NA	NA	NA	NA	NA	NA	NA	NA	NA	NA	NA	NA	NA	NA	NA	NA	NA	NA	NA	NA	NA
6	NA	NA	NA	NA	NA	NA	NA	NA	NA	NA	NA	NA	NA	NA	NA	NA	NA	NA	NA	NA	NA	NA	NA	NA	NA
7	NA	NA	NA	NA	NA	NA	NA	NA	NA	NA	NA	NA	NA	NA	NA	NA	NA	NA	NA	NA	NA	NA	NA	NA	NA
8	NA	NA	NA	NA	NA	NA	NA	NA	NA	NA	NA	NA	NA	NA	NA	NA	NA	NA	NA	NA	NA	NA	NA	NA	NA
9	NA	NA	NA	NA	NA	NA	NA	NA	NA	NA	NA	NA	NA	NA	NA	NA	NA	NA	NA	NA	NA	NA	NA	NA	NA
10	NA	NA	NA	NA	NA	NA	NA	NA	NA	NA	NA	NA	NA	NA	NA	NA	NA	NA	NA	NA	NA	NA	NA	NA	NA
11	0.971361	0.0143885	0.00401217	0.00996126	0.000276702	0.0500289	0.929575	0.00731191	0.0130845	NA	0.019964	0.00766392	0.9297	0.0425773	9.46163e-05	0.0360094	0.0118064	0.027745	0.924439	NA	4.05186e-05	NA	NA	8.10373e-05	0.999878
12	0.96987	0.0141735	0.00647664	0.00935515	0.000125153	0.0383622	0.942076	0.0063937	0.0129991	0.00016937	0.0126052	0.00580664	0.949264	0.0322027	0.000120972	0.0130096	0.00863995	0.0255723	0.95253	0.000248274	6.83971e-05	2.56489e-05	1.70993e-05	9.4046e-05	0.999795
13	0.965697	0.016146	0.00675352	0.0112703	0.000132943	0.0312087	0.951267	0.00474581	0.0126197	0.000158706	0.00985892	0.00455172	0.963775	0.0216962	0.000118043	0.0154243	0.00947987	0.0227349	0.952213	0.000147811	5.32422e-05	3.0275e-05	2.60991e-05	5.01103e-05	0.99984
14	0.962788	0.016906	0.00715469	0.0129955	0.000155672	0.0278287	0.954357	0.00448372	0.013164	0.00016675	0.0182853	0.0068637	0.943142	0.0315391	0.000169805	0.0181021	0.0151773	0.0212353	0.945205	0.000280467	6.33695e-05	2.57438e-05	1.78227e-05	5.94089e-05	0.999834
15	0.977762	0.00852027	0.00500335	0.00858828	0.000126298	0.0118431	0.977247	0.00275316	0.00798644	0.00017065	0.0144712	0.00552029	0.953916	0.0259476	0.000145271	0.0249652	0.0169544	0.0242989	0.933559	0.00022211	5.47899e-05	2.13072e-05	5.78337e-05	6.39215e-05	0.999802
16	0.966201	0.0113061	0.00849074	0.013875	0.000126728	0.0179332	0.961633	0.0047657	0.0154942	0.000174218	0.0168579	0.00734323	0.951961	0.0237304	0.000106966	0.0186099	0.0128552	0.0184934	0.949778	0.000263144	9.45859e-05	5.2923e-05	3.71587e-05	9.34598e-05	0.999722
17	NA	NA	NA	NA	NA	NA	NA	NA	NA	NA	NA	NA	NA	NA	NA	NA	NA	NA	NA	NA	NA	NA	NA	NA	NA
18	NA	NA	NA	NA	NA	NA	NA	NA	NA	NA	NA	NA	NA	NA	NA	NA	NA	NA	NA	NA	NA	NA	NA	NA	NA
19	NA	NA	NA	NA	NA	NA	NA	NA	NA	NA	NA	NA	NA	NA	NA	NA	NA	NA	NA	NA	NA	NA	NA	NA	NA
20	0.997243	0.00118157	0.000787712	0.000787712	NA	0.00250627	0.997494	NA	NA	NA	0.000485084	NA	0.997332	0.00218288	NA	0.00122699	NA	0.00429448	0.994479	NA	0.000101338	NA	NA	NA	0.999899
21	0.996057	0.00188922	0.00112258	0.00084878	8.214e-05	0.00262009	0.99647	0.000291121	0.000618632	NA	0.00131629	0.000277114	0.996501	0.00190516	NA	0.00102928	0.000419335	0.00215386	0.996378	1.90607e-05	6.88369e-06	NA	2.06511e-05	NA	0.999972
22	0.996453	0.00181405	0.000649808	0.000974712	0.000108301	0.0040832	0.993535	0.000680533	0.0016588	4.25333e-05	0.00208356	0.000467004	0.994432	0.00301757	NA	0.00152755	0.000750829	0.00339167	0.994175	0.000155344	5.51794e-05	7.88277e-06	7.88277e-06	1.57655e-05	0.999913
23	0.996602	0.00138383	0.00120866	0.000753223	5.25504e-05	0.0020617	0.994975	0.000773136	0.00213901	5.15424e-05	0.00152631	0.000557225	0.995276	0.00259231	4.84543e-05	0.00131865	0.000332632	0.0018176	0.996495	3.56392e-05	1.80824e-05	1.35618e-05	NA	2.2603e-05	0.999946
24	0.998016	0.000948848	0.000517554	0.000431295	8.62589e-05	0.00221745	0.995773	0.000900838	0.00110872	NA	0.00140178	0.000467259	0.995661	0.00240304	6.67512e-05	0.000558298	0.000293841	0.00114598	0.997914	8.81523e-05	3.46452e-05	NA	NA	3.46452e-05	0.999931
25	0.997312	0.000937822	0.000812779	0.000812779	0.000125043	0.00226198	0.993728	0.000616903	0.00339297	NA	0.00230936	0.00050806	0.994827	0.00230936	4.61872e-05	0.00132608	0.000359615	0.00166322	0.996561	8.99038e-05	4.25423e-05	8.50847e-06	8.50847e-06	4.25423e-05	0.999898
26	0.997534	0.000835946	0.000626959	0.00091954	8.35946e-05	0.00218404	0.994394	0.000436808	0.00291206	7.28014e-05	0.00377815	0.000604504	0.992973	0.00249358	0.000151126	0.000440856	0.000385749	0.00135012	0.997768	5.5107e-05	4.5911e-05	1.14778e-05	3.44333e-05	2.29555e-05	0.999885
27	0.99678	0.000943851	0.00112352	0.0011167	3.63894e-05	0.00118266	0.996803	0.000365551	0.00162706	2.1503e-05	0.00244809	0.00110845	0.991364	0.00504503	3.4837e-05	0.00117186	0.00154923	0.00336209	0.993818	9.93099e-05	3.06456e-05	1.33242e-05	7.9945e-06	2.8647e-05	0.999919
28	0.997365	0.000568241	0.00087819	0.00103316	0.000154975	0.000395961	0.997872	9.89903e-05	0.00163334	NA	0.0026176	0.000497343	0.995629	0.00125645	NA	0.000746478	0.000653168	0.000653168	0.997854	9.33097e-05	5.6524e-05	NA	2.26096e-05	NA	0.999921
29	0.999493	NA	NA	NA	0.000506586	NA	0.999108	0.000892061	NA	NA	NA	NA	1	NA	NA	0.00143266	NA	NA	0.998567	NA	NA	NA	NA	NA	1
30	0.997799	0.000481113	0.000978604	0.000675605	6.55132e-05	0.000299532	0.998055	0.000151343	0.00147874	1.57649e-05	0.00173285	0.000399012	0.99701	0.000849325	8.55025e-06	0.000603376	0.00126362	0.000691829	0.997387	5.37037e-05	2.31229e-05	8.8411e-06	4.08051e-06	2.17627e-05	0.999942
31	0.998681	0.000267714	0.000724402	0.000290461	3.6745e-05	0.000195166	0.998562	0.000104267	0.00112555	1.33676e-05	0.00123437	0.000201895	0.997912	0.000633796	1.78894e-05	0.000263475	0.000788383	0.000614775	0.99829	4.28913e-05	2.28069e-05	3.3376e-06	5.56267e-06	2.5032e-05	0.999943
32	0.999117	0.000211877	0.000556178	7.94541e-05	3.53129e-05	0.000109871	0.998535	1.22079e-05	0.00134287	NA	0.000256351	0.000109865	0.999304	0.000329594	NA	7.79429e-05	0.000132503	0.000249417	0.999501	3.89715e-05	7.51868e-06	NA	2.50623e-06	1.00249e-05	0.99998
33	0.999241	0.000213135	0.000495226	5.01495e-05	NA	5.53659e-05	0.999013	4.61382e-05	0.000876626	9.22765e-06	0.000281718	3.63507e-05	0.999318	0.000363507	NA	5.63663e-05	0.000145613	0.000432142	0.999338	2.81832e-05	8.92593e-06	5.35556e-06	3.57037e-06	1.78519e-05	0.999964
34	0.99886	0.000216314	0.000681691	0.000181842	6.03266e-05	0.000141687	0.998796	6.19019e-05	0.000998684	1.3756e-06	0.00113773	0.000162876	0.998331	0.000360482	8.3833e-06	0.000192116	0.000748492	0.000414666	0.998589	5.61131e-05	1.56525e-05	6.10183e-06	4.51005e-06	1.85708e-05	0.999955
35	0.999475	0.000135481	0.000284614	7.56171e-05	2.94066e-05	2.53108e-05	0.999646	3.23416e-05	0.000296699	NA	0.00048497	3.66015e-05	0.999205	0.000268411	4.57519e-06	4.81101e-05	0.000379108	0.000499383	0.999007	6.63919e-05	9.91888e-06	2.39421e-06	2.39421e-06	9.23482e-06	0.999976
36	0.999012	0.000146127	0.000665015	0.000120761	5.62451e-05	5.43484e-05	0.998843	2.9804e-05	0.00106681	6.13611e-06	0.000834982	8.71773e-05	0.998911	0.00015356	1.27967e-05	0.000124961	0.000549701	0.000276469	0.998991	5.82722e-05	1.79201e-05	6.08935e-06	4.87148e-06	1.8442e-05	0.999953
37	0.999027	0.000115687	0.000736709	8.162e-05	3.90356e-05	3.61495e-05	0.998916	4.36287e-05	0.000994735	9.97228e-06	0.000816793	8.21699e-05	0.99896	0.000128774	1.22642e-05	7.15276e-05	0.000589765	0.000265867	0.999011	6.20806e-05	1.50863e-05	6.43387e-06	3.77158e-06	1.7083e-05	0.999958
38	0.998919	0.000120127	0.000853816	6.00633e-05	4.67159e-05	3.70148e-05	0.998931	4.17258e-05	0.000987286	3.36498e-06	0.000722333	4.8199e-05	0.999143	7.62065e-05	1.04214e-05	7.40083e-05	0.000518058	0.000218197	0.999114	7.52843e-05	1.82801e-05	8.11019e-06	4.24819e-06	1.75077e-05	0.999952
39	0.998994	0.000128741	0.00077723	5.03877e-05	4.9212e-05	2.61428e-05	0.998939	2.54438e-05	0.00100279	6.85026e-06	0.000654978	3.64394e-05	0.999258	4.08281e-05	1.02403e-05	5.24493e-05	0.000402032	0.000197479	0.999287	6.07935e-05	1.79033e-05	6.71694e-06	3.95866e-06	1.83886e-05	0.999953
40	0.999325	0.000121308	0.00045764	3.94636e-05	5.63591e-05	2.25537e-05	0.998877	2.63847e-05	0.0010654	8.58893e-06	0.000458578	3.29985e-05	0.999469	2.60586e-05	1.29953e-05	4.4242e-05	0.000254932	0.00021729	0.999436	4.73622e-05	2.41613e-05	7.64818e-06	4.34555e-06	2.01261e-05	0.999944
