quality	AA	AC	AG	AT	A.	CA	CC	CG	CT	C.	GA	GC	GG	GT	G.	TA	TC	TG	TT	T.	.A	.C	.G	.T	..
0	NA	NA	NA	NA	NA	NA	NA	NA	NA	NA	NA	NA	NA	NA	NA	NA	NA	NA	NA	NA	NA	NA	NA	NA	NA
1	NA	NA	NA	NA	NA	NA	NA	NA	NA	NA	NA	NA	NA	NA	NA	NA	NA	NA	NA	NA	NA	NA	NA	NA	NA
2	NA	NA	NA	NA	NA	NA	NA	NA	NA	NA	NA	NA	NA	NA	NA	NA	NA	NA	NA	NA	NA	NA	NA	NA	NA
3	NA	NA	NA	NA	NA	NA	NA	NA	NA	NA	NA	NA	NA	NA	NA	NA	NA	NA	NA	NA	NA	NA	NA	NA	NA
4	NA	NA	NA	NA	NA	NA	NA	NA	NA	NA	NA	NA	NA	NA	NA	NA	NA	NA	NA	NA	NA	NA	NA	NA	NA
5	NA	NA	NA	NA	NA	NA	NA	NA	NA	NA	NA	NA	NA	NA	NA	NA	NA	NA	NA	NA	NA	NA	NA	NA	NA
6	NA	NA	NA	NA	NA	NA	NA	NA	NA	NA	NA	NA	NA	NA	NA	NA	NA	NA	NA	NA	NA	NA	NA	NA	NA
7	NA	NA	NA	NA	NA	NA	NA	NA	NA	NA	NA	NA	NA	NA	NA	NA	NA	NA	NA	NA	NA	NA	NA	NA	NA
8	NA	NA	NA	NA	NA	NA	NA	NA	NA	NA	NA	NA	NA	NA	NA	NA	NA	NA	NA	NA	NA	NA	NA	NA	NA
9	NA	NA	NA	NA	NA	NA	NA	NA	NA	NA	NA	NA	NA	NA	NA	NA	NA	NA	NA	NA	NA	NA	NA	NA	NA
10	NA	NA	NA	NA	NA	NA	NA	NA	NA	NA	NA	NA	NA	NA	NA	NA	NA	NA	NA	NA	NA	NA	NA	NA	NA
11	0.975447	0.010101	0.003885	0.0104118	0.0001554	0.0466816	0.937487	0.00345038	0.0123808	NA	0.0180128	0.00852218	0.937246	0.0358319	0.000387372	0.0300158	0.00579252	0.0179042	0.945761	0.000526593	NA	NA	4.24232e-05	NA	0.999958
12	0.972195	0.0146086	0.00446063	0.00854955	0.00018586	0.033224	0.949609	0.00525605	0.0117658	0.000144662	0.0129106	0.00521443	0.953488	0.0282472	0.000139423	0.0147841	0.00819491	0.0246955	0.952215	0.000110742	4.92611e-05	NA	1.97044e-05	4.92611e-05	0.999882
13	0.965961	0.0162667	0.00703658	0.0105366	0.000199417	0.0293866	0.954214	0.00526819	0.0110049	0.000126639	0.00979997	0.00453745	0.964022	0.0215763	6.43196e-05	0.0154688	0.0106911	0.0233783	0.950262	0.000200114	3.74679e-05	2.06719e-05	1.93799e-05	6.33078e-05	0.999859
14	0.961236	0.0178016	0.00771747	0.0130241	0.000220499	0.0283215	0.952469	0.0053698	0.0136515	0.00018822	0.0164806	0.00713264	0.944757	0.0314214	0.000208615	0.0192445	0.0152432	0.0231125	0.942133	0.000266756	8.56979e-05	4.86394e-05	4.63232e-05	6.48525e-05	0.999754
15	0.975024	0.00835801	0.00605742	0.0103282	0.000232507	0.011592	0.976496	0.00304759	0.00869747	0.000166991	0.0145473	0.00555278	0.954106	0.0256784	0.00011515	0.0259048	0.016217	0.0253754	0.932115	0.000388219	6.24591e-05	3.67407e-05	2.20444e-05	4.77629e-05	0.999831
16	0.960874	0.0126838	0.0105167	0.0157008	0.000224811	0.0179988	0.95821	0.00585032	0.0177965	0.000144452	0.0183839	0.00880059	0.946788	0.0258913	0.000136127	0.0192644	0.0129602	0.0196273	0.947936	0.000212187	0.000103456	4.5171e-05	6.26566e-05	8.45135e-05	0.999704
17	NA	NA	NA	NA	NA	NA	NA	NA	NA	NA	NA	NA	NA	NA	NA	NA	NA	NA	NA	NA	NA	NA	NA	NA	NA
18	NA	NA	NA	NA	NA	NA	NA	NA	NA	NA	NA	NA	NA	NA	NA	NA	NA	NA	NA	NA	NA	NA	NA	NA	NA
19	NA	NA	NA	NA	NA	NA	NA	NA	NA	NA	NA	NA	NA	NA	NA	NA	NA	NA	NA	NA	NA	NA	NA	NA	NA
20	0.999008	0.000991572	NA	NA	NA	0.00456323	0.994785	NA	0.00065189	NA	0.00142328	NA	0.996869	0.00170794	NA	0.0015456	0.000772798	0.00850077	0.989181	NA	0.00011976	NA	NA	NA	0.99988
21	0.997092	0.00153565	0.00058812	0.00068614	9.802e-05	0.00270341	0.995901	0.000610447	0.000784861	NA	0.000533443	0.000533443	0.996389	0.00254411	NA	0.00120602	0.00060301	0.00236566	0.995779	4.63854e-05	NA	8.26856e-06	1.65371e-05	8.26856e-06	0.999967
22	0.996821	0.00183056	0.000802878	0.000513842	3.21151e-05	0.0035409	0.994233	0.000758764	0.00146694	NA	0.00195695	0.000434877	0.994086	0.00347902	4.34877e-05	0.00189573	0.00132701	0.00309637	0.993523	0.000157978	1.89611e-05	9.48056e-06	1.89611e-05	NA	0.999953
23	0.997078	0.00118168	0.00103128	0.000687521	2.1485e-05	0.00213498	0.996144	0.000892231	0.000796635	3.18654e-05	0.00104426	0.000522129	0.996345	0.00208852	NA	0.0013421	0.000573031	0.0016437	0.996411	3.01595e-05	1.69839e-05	NA	NA	5.09517e-05	0.999932
24	0.997039	0.00120428	0.00105374	0.000652316	5.01781e-05	0.00181771	0.996365	0.000519346	0.00129836	NA	0.000801218	0.000961461	0.996314	0.00192292	NA	0.000605047	0.000249137	0.00149482	0.99758	7.1182e-05	1.38845e-05	NA	4.16534e-05	1.38845e-05	0.999931
25	0.996706	0.000768499	0.0015004	0.00098807	3.65952e-05	0.00248	0.995102	0.000620001	0.001736	6.20001e-05	0.00169155	0.00110826	0.99405	0.00314979	NA	0.00200571	0.00153863	0.00151116	0.99478	0.000164853	2.06369e-05	3.09553e-05	1.03184e-05	4.12737e-05	0.999897
26	0.99648	0.000828157	0.0015528	0.000983437	0.00015528	0.00133105	0.997053	0.00019015	0.00142613	NA	0.001093	0.00149046	0.995131	0.00228537	NA	0.000569314	0.000853971	0.00131654	0.997047	0.000213493	4.41852e-05	1.47284e-05	4.41852e-05	2.94568e-05	0.999867
27	0.996084	0.00114399	0.00146372	0.00121439	9.38659e-05	0.00124883	0.996632	0.000536502	0.00156893	1.35253e-05	0.00270968	0.00131873	0.991023	0.0048987	4.9405e-05	0.001232	0.00150249	0.00323457	0.993865	0.000165934	3.26817e-05	1.67599e-05	1.17319e-05	4.52516e-05	0.999894
28	0.997124	0.000795399	0.00134606	0.00067303	6.11845e-05	0.000422425	0.997707	0.000181039	0.0016897	NA	0.00211158	0.000520244	0.995869	0.00143832	6.12051e-05	0.000952583	0.00518628	0.00084674	0.993014	NA	NA	NA	NA	2.66628e-05	0.999973
29	1	NA	NA	NA	NA	NA	0.998975	NA	0.00102459	NA	0.000758725	0.000252908	0.998735	0.000252908	NA	0.00110619	0.00110619	NA	0.997788	NA	NA	NA	NA	NA	1
30	0.99743	0.000598522	0.00118262	0.000730725	5.76888e-05	0.000295239	0.998174	0.000255145	0.00127208	3.64493e-06	0.00143972	0.000461238	0.997157	0.000935654	6.58911e-06	0.000652566	0.00141574	0.000549335	0.997316	6.63626e-05	2.05928e-05	7.12827e-06	7.9203e-07	2.37609e-05	0.999948
31	0.998388	0.000275	0.000954039	0.000317308	6.5577e-05	0.000231857	0.998723	0.000228681	0.000809912	6.35225e-06	0.00102495	0.000160427	0.998194	0.000600117	2.07961e-05	0.000313967	0.00096624	0.000567088	0.998097	5.59786e-05	2.18656e-05	4.63815e-06	3.97556e-06	2.65037e-05	0.999943
32	0.998935	0.000179287	0.000748787	8.43704e-05	5.27315e-05	5.65979e-05	0.999745	NA	0.000198093	NA	0.000222148	0.000124958	0.999431	0.000208264	1.38843e-05	5.66604e-05	0.000283302	0.000226642	0.999405	2.83302e-05	5.92745e-06	2.96373e-06	2.96373e-06	2.07461e-05	0.999967
33	0.999272	8.33934e-05	0.000583753	4.54873e-05	1.51624e-05	6.59167e-05	0.999659	4.39445e-05	0.000230708	NA	0.000262434	3.14921e-05	0.999507	0.00019945	NA	3.4459e-05	0.00021824	0.000384792	0.999345	1.72295e-05	6.44164e-06	6.44164e-06	2.14721e-06	2.36193e-05	0.999961
34	0.998316	0.000340046	0.0010518	0.000229761	6.22908e-05	0.000126098	0.998965	0.000185914	0.000714555	8.0832e-06	0.000907489	0.000179534	0.998474	0.000412368	2.66496e-05	0.000204701	0.000857257	0.000384521	0.998452	0.000101785	2.0369e-05	7.83424e-06	4.38717e-06	2.06824e-05	0.999947
35	0.999298	0.000251407	0.000337114	6.97083e-05	4.34248e-05	4.76067e-05	0.999683	6.18887e-05	0.000207883	NA	0.000376405	4.57789e-05	0.999393	0.000178029	6.78206e-06	5.33965e-05	0.000524877	0.000373776	0.998962	8.63433e-05	1.20533e-05	5.05461e-06	1.55526e-06	8.55395e-06	0.999973
36	0.99872	0.000209479	0.000875484	0.000119066	7.57692e-05	5.91443e-05	0.999075	0.000153979	0.000705652	6.11837e-06	0.000592536	9.69272e-05	0.999129	0.000169165	1.18873e-05	0.000125301	0.00085835	0.000201832	0.99873	8.40343e-05	1.88914e-05	6.83305e-06	4.82333e-06	2.1906e-05	0.999948
37	0.998543	0.000139146	0.00113622	0.000111152	7.08081e-05	6.07186e-05	0.999209	0.000203841	0.000520445	5.78272e-06	0.000455616	6.91182e-05	0.999334	0.000119899	2.11586e-05	7.69368e-05	0.000832958	0.000205688	0.998815	6.90861e-05	1.95496e-05	9.77482e-06	5.65911e-06	2.28937e-05	0.999942
38	0.998568	0.000172486	0.00113335	7.12442e-05	5.48393e-05	3.93562e-05	0.999277	0.000156668	0.000521469	5.29795e-06	0.000508345	7.26207e-05	0.99931	9.09592e-05	1.83386e-05	7.39839e-05	0.000780725	0.000181066	0.998862	0.000101728	2.09601e-05	1.06256e-05	3.78447e-06	1.99412e-05	0.999945
39	0.998464	0.000227783	0.00117424	6.25911e-05	7.15863e-05	3.33817e-05	0.999204	0.000196216	0.00055981	6.73904e-06	0.000441683	5.149e-05	0.999433	5.44663e-05	1.96436e-05	5.37761e-05	0.000685247	0.00014713	0.999029	8.50125e-05	2.1867e-05	8.59265e-06	5.39538e-06	2.13532e-05	0.999943
40	0.998809	0.000278373	0.000780732	6.15583e-05	7.03709e-05	3.2775e-05	0.998944	0.000172234	0.000842529	8.4923e-06	0.000506494	4.67296e-05	0.999368	4.56327e-05	3.29082e-05	4.05275e-05	0.000463927	0.000187053	0.999237	7.13148e-05	2.74891e-05	1.15785e-05	6.83583e-06	2.23489e-05	0.999932
