quality	AA	AC	AG	AT	A.	CA	CC	CG	CT	C.	GA	GC	GG	GT	G.	TA	TC	TG	TT	T.	.A	.C	.G	.T	..
0	NA	NA	NA	NA	NA	NA	NA	NA	NA	NA	NA	NA	NA	NA	NA	NA	NA	NA	NA	NA	NA	NA	NA	NA	NA
1	NA	NA	NA	NA	NA	NA	NA	NA	NA	NA	NA	NA	NA	NA	NA	NA	NA	NA	NA	NA	NA	NA	NA	NA	NA
2	NA	NA	NA	NA	NA	NA	NA	NA	NA	NA	NA	NA	NA	NA	NA	NA	NA	NA	NA	NA	NA	NA	NA	NA	NA
3	NA	NA	NA	NA	NA	NA	NA	NA	NA	NA	NA	NA	NA	NA	NA	NA	NA	NA	NA	NA	NA	NA	NA	NA	NA
4	NA	NA	NA	NA	NA	NA	NA	NA	NA	NA	NA	NA	NA	NA	NA	NA	NA	NA	NA	NA	NA	NA	NA	NA	NA
5	NA	NA	NA	NA	NA	NA	NA	NA	NA	NA	NA	NA	NA	NA	NA	NA	NA	NA	NA	NA	NA	NA	NA	NA	NA
6	NA	NA	NA	NA	NA	NA	NA	NA	NA	NA	NA	NA	NA	NA	NA	NA	NA	NA	NA	NA	NA	NA	NA	NA	NA
7	NA	NA	NA	NA	NA	NA	NA	NA	NA	NA	NA	NA	NA	NA	NA	NA	NA	NA	NA	NA	NA	NA	NA	NA	NA
8	NA	NA	NA	NA	NA	NA	NA	NA	NA	NA	NA	NA	NA	NA	NA	NA	NA	NA	NA	NA	NA	NA	NA	NA	NA
9	NA	NA	NA	NA	NA	NA	NA	NA	NA	NA	NA	NA	NA	NA	NA	NA	NA	NA	NA	NA	NA	NA	NA	NA	NA
10	1	NA	NA	NA	NA	NA	0.954545	NA	0.0454545	NA	0.00833333	0.0166667	0.95	0.025	NA	NA	NA	NA	1	NA	NA	NA	NA	NA	1
11	0.972804	0.0135979	0.00355262	0.00971865	0.000326677	0.0563466	0.920413	0.00533971	0.0178499	5.08544e-05	0.0190171	0.00489794	0.926722	0.0492256	0.000136814	0.019067	0.00503658	0.0201463	0.95575	NA	1.12344e-05	4.49378e-05	3.37033e-05	3.37033e-05	0.999876
12	0.97164	0.016487	0.00497743	0.00679539	0.000100301	0.056051	0.923928	0.00519883	0.0146669	0.000154932	0.0117527	0.00465942	0.9464	0.037089	9.86701e-05	0.0115388	0.00537827	0.0214153	0.961554	0.000114085	5.16949e-05	2.0678e-05	1.37853e-05	3.44633e-05	0.999879
13	0.967333	0.0177105	0.00598713	0.00883644	0.000132609	0.0416898	0.942635	0.00478676	0.0107834	0.000105203	0.00823268	0.00342589	0.96648	0.021789	7.22409e-05	0.0129123	0.00801417	0.0226507	0.956262	0.000160841	3.41891e-05	2.08611e-05	1.97022e-05	3.41891e-05	0.999891
14	0.965822	0.0185288	0.00575348	0.0097188	0.000176527	0.0357415	0.948177	0.00449635	0.0114303	0.000154531	0.0128485	0.00541254	0.951373	0.0302159	0.000149718	0.0148961	0.0101071	0.0214606	0.953327	0.000209143	2.70602e-05	3.64271e-05	1.97747e-05	5.93242e-05	0.999857
15	0.967809	0.0155841	0.00621186	0.0102744	0.000121089	0.0308215	0.949153	0.00575832	0.0141431	0.00012428	0.0119772	0.00541158	0.95666	0.0257484	0.000203308	0.0156948	0.00868351	0.022683	0.952755	0.000184103	6.2719e-05	2.68796e-05	4.65912e-05	3.94233e-05	0.999824
16	0.96649	0.0148089	0.00707737	0.0114885	0.000135527	0.0267908	0.954418	0.00507884	0.0136198	9.22662e-05	0.011331	0.00508253	0.958977	0.0245088	0.000101114	0.0185927	0.0118698	0.0262832	0.943103	0.000151288	4.69843e-05	2.24339e-05	2.45503e-05	3.17461e-05	0.999874
17	NA	NA	NA	NA	NA	NA	NA	NA	NA	NA	NA	NA	NA	NA	NA	NA	NA	NA	NA	NA	NA	NA	NA	NA	NA
18	1	NA	NA	NA	NA	NA	1	NA	NA	NA	NA	NA	1	NA	NA	NA	NA	NA	1	NA	NA	NA	NA	NA	1
19	1	NA	NA	NA	NA	NA	1	NA	NA	NA	NA	NA	1	NA	NA	NA	NA	NA	1	NA	NA	NA	NA	NA	1
20	0.99707	0.00246723	0.000154202	0.000308404	NA	0.00728008	0.990091	0.000606673	0.00202224	NA	0.00113578	0.000103252	0.994218	0.00443986	0.000103252	0.00088574	0.00044287	0.00287865	0.995793	NA	NA	NA	3.90335e-05	3.90335e-05	0.999922
21	0.996785	0.00209003	0.00052825	0.000493799	0.000103353	0.00512923	0.993355	0.0004996	0.000982547	3.33067e-05	0.0007712	0.000262208	0.996884	0.00206682	1.5424e-05	0.000571414	0.000519467	0.00223371	0.996649	2.59734e-05	1.83356e-05	6.11185e-06	6.11185e-06	1.83356e-05	0.999951
22	0.996328	0.00238186	0.000711249	0.000529302	4.9622e-05	0.00519578	0.992956	0.000589212	0.00123199	2.67824e-05	0.00100415	0.000159752	0.995481	0.00333196	2.28217e-05	0.000936027	0.00112969	0.00329223	0.994465	0.000177522	2.45723e-05	9.82893e-06	2.45723e-05	1.96579e-05	0.999921
23	0.997413	0.00149932	0.000685664	0.000365688	3.65688e-05	0.00392162	0.994882	0.000333755	0.000848294	1.39065e-05	0.00077508	0.000320723	0.997301	0.00159025	1.33634e-05	0.000480476	0.0008246	0.00144143	0.997176	7.7915e-05	2.1959e-05	1.70792e-05	9.75955e-06	2.1959e-05	0.999929
24	0.997732	0.00105863	0.000856984	0.000302465	5.04108e-05	0.00391529	0.994083	0.000355935	0.0016462	NA	0.000503187	0.000167729	0.996981	0.00234821	NA	0.000407257	0.000148093	0.00129582	0.99813	1.85117e-05	5.00129e-05	2.14341e-05	7.14469e-06	7.14469e-06	0.999914
25	0.997363	0.00108687	0.00112712	0.00036229	6.03816e-05	0.00352149	0.994994	0.000241671	0.00117383	6.90489e-05	0.00112071	0.000197772	0.996539	0.0020766	6.59239e-05	0.000552216	0.00167243	0.00149887	0.996166	0.000110443	3.48208e-05	5.80346e-06	2.32138e-05	2.90173e-05	0.999907
26	0.994576	0.0013045	0.00363886	0.000411946	6.86577e-05	0.00313516	0.99582	0.000580585	0.000464468	NA	0.000729661	0.00012161	0.997933	0.0012161	NA	0.000374024	0.00355323	0.00112207	0.994951	NA	7.5851e-05	NA	5.68882e-05	1.89627e-05	0.999848
27	0.996538	0.00142349	0.00130713	0.000667182	6.43663e-05	0.00244414	0.99561	0.00043048	0.00149342	2.24421e-05	0.00141032	0.000557078	0.995106	0.00289292	3.34952e-05	0.000936597	0.00104878	0.0033347	0.994565	0.000115273	2.88866e-05	1.4265e-05	1.31951e-05	2.46071e-05	0.999919
28	0.998555	0.000383481	0.000619469	0.000235988	0.00020649	0.000518224	0.99787	0.000201532	0.00138193	2.87902e-05	0.00155703	0.000249124	0.996761	0.00143246	NA	0.000557849	0.00161776	0.000669419	0.996988	0.000167355	2.65361e-05	1.32681e-05	NA	1.99021e-05	0.99994
29	0.999476	0.000393288	0.000131096	NA	NA	0.000909918	0.998635	NA	0.000454959	NA	0.000512864	8.54774e-05	0.998974	0.000427387	NA	NA	0.000306091	NA	0.999694	NA	NA	NA	NA	NA	1
30	0.998159	0.00052274	0.000975112	0.000284826	5.80823e-05	0.000448324	0.998256	0.000235009	0.00105573	5.42328e-06	0.000925895	0.000166661	0.998194	0.00070873	5.05034e-06	0.000372668	0.00102071	0.000648046	0.997888	7.09058e-05	1.70333e-05	3.40666e-06	3.02815e-06	1.55193e-05	0.999961
31	0.998444	0.000371334	0.000974206	0.000148534	6.22531e-05	0.000494831	0.998563	0.000175472	0.000765057	1.75472e-06	0.000599957	9.16825e-05	0.998827	0.000463238	1.76931e-05	0.000246906	0.000771125	0.000587466	0.998317	7.78423e-05	1.77247e-05	5.56069e-06	6.25577e-06	1.5987e-05	0.999954
32	0.998919	0.000264673	0.000711308	6.61682e-05	3.85981e-05	0.000416603	0.99932	4.25105e-05	0.000221055	NA	0.000145792	2.30197e-05	0.999632	0.000199504	NA	7.86184e-05	0.00068136	0.000277785	0.998926	3.66886e-05	NA	NA	1.67574e-06	5.02721e-06	0.999993
33	0.999296	0.000139865	0.000509831	3.60942e-05	1.80471e-05	0.000462066	0.9993	2.03853e-05	0.000210648	6.79509e-06	0.0002275	8.84721e-05	0.999469	0.000214861	NA	3.023e-05	0.000668838	0.000336308	0.99895	1.5115e-05	6.7537e-06	6.7537e-06	2.70148e-06	1.48581e-05	0.999969
34	0.998382	0.000420189	0.00102054	0.000116077	6.09275e-05	0.000189725	0.998872	0.000175196	0.000759754	3.41847e-06	0.000702022	9.03142e-05	0.998858	0.000343042	6.83049e-06	0.00013702	0.000731547	0.0004697	0.998582	8.01218e-05	2.06483e-05	3.76913e-06	4.91625e-06	1.5732e-05	0.999955
35	0.998777	0.000435544	0.00069848	4.91887e-05	4.02453e-05	0.000246865	0.999412	7.46616e-05	0.000264928	1.20422e-06	0.000343869	4.49581e-05	0.999409	0.000196843	4.86033e-06	7.1836e-05	0.000416649	0.000458154	0.998964	8.9396e-05	1.14491e-05	3.54376e-06	1.90818e-06	8.9957e-06	0.999974
36	0.998742	0.000213432	0.000888329	8.94161e-05	6.64789e-05	9.21152e-05	0.999068	0.000142873	0.000691804	5.63971e-06	0.000528019	5.74316e-05	0.999238	0.000161746	1.52369e-05	9.22129e-05	0.000717112	0.000225608	0.998881	8.37079e-05	2.10954e-05	4.44114e-06	3.70095e-06	1.283e-05	0.999958
37	0.99845	0.000150021	0.00128052	6.76365e-05	5.18716e-05	7.9626e-05	0.999045	0.00017804	0.000693372	3.57869e-06	0.000435466	4.94848e-05	0.999411	8.90727e-05	1.52953e-05	7.51659e-05	0.000754569	0.000257019	0.998836	7.71057e-05	1.69442e-05	4.79553e-06	5.27509e-06	1.59851e-05	0.999957
38	0.998402	0.00022126	0.00126023	5.64991e-05	5.95439e-05	4.88848e-05	0.999138	0.000153246	0.000653628	6.04194e-06	0.000508652	4.17018e-05	0.999359	7.90139e-05	1.20716e-05	5.99564e-05	0.000697675	0.000212913	0.99894	8.9594e-05	1.7311e-05	4.72118e-06	3.14746e-06	1.41635e-05	0.999961
39	0.998549	0.000249668	0.00108987	4.77153e-05	6.35141e-05	3.49584e-05	0.999067	0.000178041	0.000714503	5.32823e-06	0.000469014	3.24573e-05	0.999436	4.8492e-05	1.42243e-05	5.31109e-05	0.000608409	0.000168873	0.999086	8.36854e-05	1.77653e-05	5.01694e-06	4.04748e-06	1.53659e-05	0.999958
40	0.998853	0.000267899	0.000773048	4.51515e-05	6.08861e-05	2.93458e-05	0.998935	0.000153652	0.000873761	7.74977e-06	0.000498603	2.84882e-05	0.999424	3.14434e-05	1.77313e-05	4.64849e-05	0.000455881	0.000194181	0.999238	6.52107e-05	2.13137e-05	6.55485e-06	3.31917e-06	1.63871e-05	0.999952
