quality	AA	AC	AG	AT	A.	CA	CC	CG	CT	C.	GA	GC	GG	GT	G.	TA	TC	TG	TT	T.	.A	.C	.G	.T	..
0	NA	NA	NA	NA	NA	NA	NA	NA	NA	NA	NA	NA	NA	NA	NA	NA	NA	NA	NA	NA	NA	NA	NA	NA	NA
1	NA	NA	NA	NA	NA	NA	NA	NA	NA	NA	NA	NA	NA	NA	NA	NA	NA	NA	NA	NA	NA	NA	NA	NA	NA
2	NA	NA	NA	NA	NA	NA	NA	NA	NA	NA	NA	NA	NA	NA	NA	NA	NA	NA	NA	NA	NA	NA	NA	NA	NA
3	NA	NA	NA	NA	NA	NA	NA	NA	NA	NA	NA	NA	NA	NA	NA	NA	NA	NA	NA	NA	NA	NA	NA	NA	NA
4	NA	NA	NA	NA	NA	NA	NA	NA	NA	NA	NA	NA	NA	NA	NA	NA	NA	NA	NA	NA	NA	NA	NA	NA	NA
5	NA	NA	NA	NA	NA	NA	NA	NA	NA	NA	NA	NA	NA	NA	NA	NA	NA	NA	NA	NA	NA	NA	NA	NA	NA
6	NA	NA	NA	NA	NA	NA	NA	NA	NA	NA	NA	NA	NA	NA	NA	NA	NA	NA	NA	NA	NA	NA	NA	NA	NA
7	NA	NA	NA	NA	NA	NA	NA	NA	NA	NA	NA	NA	NA	NA	NA	NA	NA	NA	NA	NA	NA	NA	NA	NA	NA
8	NA	NA	NA	NA	NA	NA	NA	NA	NA	NA	NA	NA	NA	NA	NA	NA	NA	NA	NA	NA	NA	NA	NA	NA	NA
9	NA	NA	NA	NA	NA	NA	NA	NA	NA	NA	NA	NA	NA	NA	NA	NA	NA	NA	NA	NA	NA	NA	NA	NA	NA
10	1	NA	NA	NA	NA	0.047619	0.904762	0.047619	NA	NA	0.0285714	NA	0.961905	0.00952381	NA	NA	NA	NA	1	NA	NA	NA	NA	NA	1
11	0.976725	0.0132361	0.00370868	0.0061385	0.000191828	0.0686631	0.911186	0.00569083	0.014367	9.32923e-05	0.0241688	0.00578626	0.926336	0.043575	0.000133529	0.0195234	0.00861326	0.0278496	0.944014	NA	5.738e-05	NA	NA	3.82534e-05	0.999904
12	0.972046	0.0142384	0.00613454	0.00738933	0.000191704	0.0510132	0.930879	0.00657103	0.0113112	0.000225722	0.010833	0.00388381	0.954555	0.0306092	0.000119044	0.0112679	0.0057597	0.0272391	0.955658	7.54546e-05	5.87881e-05	3.4293e-05	3.4293e-05	5.87881e-05	0.999814
13	0.96787	0.01755	0.00562548	0.00883267	0.00012137	0.0364853	0.948964	0.0047904	0.00962686	0.000133578	0.00766274	0.00337422	0.969175	0.0196749	0.000113199	0.0118531	0.00777052	0.0240183	0.956229	0.00012915	5.21443e-05	2.93904e-05	2.465e-05	3.6027e-05	0.999858
14	0.965382	0.0179392	0.0058264	0.010659	0.000193078	0.0342212	0.951103	0.00355838	0.0109529	0.0001649	0.0133059	0.00553946	0.949003	0.0320075	0.000143675	0.0146387	0.0101097	0.019303	0.955656	0.000292925	6.36914e-05	4.73136e-05	2.1837e-05	5.09531e-05	0.999816
15	0.968097	0.0150843	0.00652974	0.0101724	0.000116257	0.0264861	0.954648	0.00482127	0.0139459	9.86449e-05	0.0130273	0.00622911	0.95598	0.0246929	7.11317e-05	0.014045	0.00950585	0.0230982	0.953137	0.000213756	7.26546e-05	1.16247e-05	1.74371e-05	6.97484e-05	0.999829
16	0.96526	0.0147372	0.00752962	0.0123632	0.000110365	0.0247658	0.957891	0.00477773	0.0124964	6.87938e-05	0.0116598	0.00568831	0.957172	0.0253944	8.53076e-05	0.0186284	0.01236	0.0292724	0.939576	0.000163168	5.3048e-05	2.50903e-05	3.36927e-05	3.29758e-05	0.999855
17	NA	NA	NA	NA	NA	NA	NA	NA	NA	NA	NA	NA	NA	NA	NA	NA	NA	NA	NA	NA	NA	NA	NA	NA	NA
18	1	NA	NA	NA	NA	NA	1	NA	NA	NA	NA	NA	1	NA	NA	NA	NA	NA	1	NA	NA	NA	NA	NA	1
19	1	NA	NA	NA	NA	NA	1	NA	NA	NA	NA	NA	1	NA	NA	NA	NA	NA	1	NA	NA	NA	NA	NA	1
20	0.996977	0.00207822	0.000377858	0.000377858	0.000188929	0.0104971	0.987651	0.00123495	0.000617475	NA	0.00148468	0.000269942	0.994601	0.00364422	NA	0.0015015	0.000900901	0.0036036	0.993694	0.0003003	5.19103e-05	5.19103e-05	NA	NA	0.999896
21	0.996893	0.00198409	0.000524099	0.000486664	0.000112307	0.00368959	0.995089	0.000317646	0.000879636	2.44343e-05	0.000939166	0.000211312	0.996689	0.0021366	2.34791e-05	0.000749584	0.000513604	0.00220711	0.996502	2.77624e-05	2.87213e-05	1.43607e-05	1.43607e-05	2.87213e-05	0.999914
22	0.996622	0.00214691	0.000858762	0.000314879	5.72508e-05	0.00491231	0.993619	0.000367276	0.00110183	NA	0.000997684	0.000106895	0.996294	0.0026011	NA	0.00078256	0.00150922	0.00254332	0.995137	2.79486e-05	4.97793e-05	8.29655e-06	8.29655e-06	4.97793e-05	0.999884
23	0.99796	0.00111561	0.000469732	0.000381657	7.33956e-05	0.00263959	0.995858	0.000324873	0.00115736	2.03046e-05	0.000683567	0.000214835	0.997442	0.00164056	1.95305e-05	0.000442809	0.000610092	0.00133827	0.99753	7.87216e-05	4.07225e-05	1.85102e-05	2.59143e-05	2.59143e-05	0.999889
24	0.998308	0.00105157	0.000457206	0.000182882	NA	0.0017008	0.996386	0.000354333	0.00134647	0.0002126	0.000780087	0.000141834	0.997234	0.00177292	7.0917e-05	0.000258849	0.000485343	0.00110011	0.998156	NA	1.23516e-05	1.23516e-05	NA	2.47033e-05	0.999951
25	0.997563	0.000997156	0.00121875	0.000184659	3.69317e-05	0.00288932	0.996108	0.000235863	0.000766555	NA	0.00147742	0.000263824	0.996623	0.00153018	0.00010553	0.000273149	0.000983338	0.0010926	0.997596	5.46299e-05	NA	2.00866e-05	1.00433e-05	1.00433e-05	0.99996
26	0.997842	0.000513927	0.00133621	0.000308356	NA	0.00159388	0.99729	0.000478164	0.000637552	NA	0.000513523	0.000342349	0.997604	0.00154057	NA	0.000216341	0.00122593	0.000937477	0.997476	0.000144227	8.40619e-05	NA	2.80206e-05	NA	0.999888
27	0.996493	0.00130684	0.00137509	0.000744756	8.02971e-05	0.00245451	0.995318	0.000640029	0.00154567	4.16019e-05	0.00137137	0.000654897	0.994612	0.00332766	3.35845e-05	0.0009834	0.00107492	0.00446274	0.993396	8.3198e-05	4.18368e-05	1.6047e-05	1.83394e-05	3.61057e-05	0.999888
28	0.999221	0.000129842	0.000346245	0.000259684	4.32807e-05	0.000431356	0.994	0.000117642	0.00541155	3.92141e-05	0.00128908	0.000345288	0.997169	0.001197	NA	0.000460745	0.00082934	0.000460745	0.998157	9.21489e-05	9.72195e-06	9.72195e-06	NA	4.86098e-05	0.999932
29	0.999055	0.000755858	NA	0.000188964	NA	0.000638366	0.998723	0.000319183	0.000319183	NA	0.000527357	NA	0.999209	0.000263678	NA	NA	NA	NA	1	NA	0.000114377	NA	NA	NA	0.999886
30	0.998076	0.000499197	0.000985405	0.000384141	5.56726e-05	0.000391163	0.998393	0.000306128	0.000907045	2.83452e-06	0.000761011	0.000151142	0.99829	0.000784875	1.3258e-05	0.00043211	0.000988868	0.000686944	0.997845	4.70889e-05	2.89146e-05	1.16889e-05	4.92163e-06	2.27625e-05	0.999932
31	0.998659	0.000333111	0.000773788	0.000187375	4.68437e-05	0.000419964	0.998336	0.00025251	0.000980801	1.0632e-05	0.000549378	0.000124053	0.998744	0.000572163	1.01268e-05	0.000246302	0.000688876	0.000631149	0.99837	6.34998e-05	2.23966e-05	8.19386e-06	6.55509e-06	1.6934e-05	0.999946
32	0.999467	0.000206209	0.000231985	7.73282e-05	1.7184e-05	0.00019996	0.999482	3.52871e-05	0.000282296	NA	0.000240613	8.86469e-05	0.999417	0.000253277	NA	9.82281e-05	0.000476029	0.000249348	0.999146	3.0224e-05	2.51941e-06	1.76358e-05	7.55822e-06	2.01552e-05	0.999952
33	0.999542	0.000201255	0.000194315	4.85787e-05	1.38796e-05	0.000437833	0.999333	9.95074e-06	0.000199015	1.99015e-05	0.000245151	NA	0.999588	0.000137285	2.94181e-05	4.30142e-05	0.000376374	0.000252709	0.999306	2.15071e-05	1.00456e-05	1.20547e-05	NA	8.03647e-06	0.99997
34	0.998615	0.000321511	0.000850069	0.000133823	7.91153e-05	0.000233019	0.998458	0.000289311	0.00101193	7.85459e-06	0.000512333	9.10295e-05	0.999045	0.000346612	4.66818e-06	0.000159634	0.000772033	0.000562921	0.998438	6.72145e-05	2.71198e-05	1.00731e-05	1.1881e-05	2.86695e-05	0.999922
35	0.998996	0.000285412	0.000633096	3.89198e-05	4.67038e-05	0.000239006	0.999102	0.000136575	0.000512155	1.02431e-05	0.000324528	6.62649e-05	0.999421	0.000180105	8.4955e-06	5.06304e-05	0.000399016	0.000584661	0.998898	6.75072e-05	1.27005e-05	8.73158e-06	9.52536e-06	1.46849e-05	0.999954
36	0.998819	0.000218952	0.000796132	0.000102786	6.32527e-05	8.77907e-05	0.9987	0.000232552	0.000969434	1.02734e-05	0.000412646	7.3593e-05	0.999344	0.000161204	8.76107e-06	0.000116201	0.000746909	0.000265303	0.998806	6.51008e-05	2.30887e-05	1.05981e-05	1.11658e-05	2.06284e-05	0.999935
37	0.998649	0.000171169	0.00106188	7.68674e-05	4.12073e-05	9.8219e-05	0.998859	0.000294657	0.000740625	7.96371e-06	0.000323525	6.71726e-05	0.999496	0.000100073	1.37087e-05	8.20679e-05	0.000674613	0.000301166	0.99889	5.19512e-05	2.84858e-05	9.08599e-06	8.84042e-06	2.382e-05	0.99993
38	0.998569	0.000205908	0.00108528	8.15376e-05	5.83148e-05	4.9252e-05	0.998745	0.000262942	0.000934199	8.73826e-06	0.000332691	5.22341e-05	0.99953	7.71457e-05	8.03601e-06	6.70573e-05	0.000704618	0.000263587	0.998901	6.34465e-05	2.57116e-05	1.03473e-05	1.03473e-05	2.38302e-05	0.99993
39	0.998779	0.000217986	0.000872759	6.70368e-05	6.33126e-05	4.26074e-05	0.998737	0.00028558	0.000924324	1.01009e-05	0.000308449	4.59743e-05	0.999583	5.01871e-05	1.2272e-05	6.16346e-05	0.000698198	0.000178784	0.999002	5.92304e-05	2.69185e-05	8.97282e-06	8.83316e-06	2.46491e-05	0.999931
40	0.998949	0.000230086	0.000701026	5.32314e-05	6.64517e-05	2.4297e-05	0.998727	0.00025342	0.000986118	9.53591e-06	0.000299588	3.69641e-05	0.999622	2.78721e-05	1.31163e-05	5.45284e-05	0.000642299	0.000208361	0.999051	4.3928e-05	3.00774e-05	9.79513e-06	8.43765e-06	2.39289e-05	0.999928
