quality	AA	AC	AG	AT	A.	CA	CC	CG	CT	C.	GA	GC	GG	GT	G.	TA	TC	TG	TT	T.	.A	.C	.G	.T	..
0	NA	NA	NA	NA	NA	NA	NA	NA	NA	NA	NA	NA	NA	NA	NA	NA	NA	NA	NA	NA	NA	NA	NA	NA	NA
1	NA	NA	NA	NA	NA	NA	NA	NA	NA	NA	NA	NA	NA	NA	NA	NA	NA	NA	NA	NA	NA	NA	NA	NA	NA
2	NA	NA	NA	NA	NA	NA	NA	NA	NA	NA	NA	NA	NA	NA	NA	NA	NA	NA	NA	NA	NA	NA	NA	NA	NA
3	NA	NA	NA	NA	NA	NA	NA	NA	NA	NA	NA	NA	NA	NA	NA	NA	NA	NA	NA	NA	NA	NA	NA	NA	NA
4	NA	NA	NA	NA	NA	NA	NA	NA	NA	NA	NA	NA	NA	NA	NA	NA	NA	NA	NA	NA	NA	NA	NA	NA	NA
5	NA	NA	NA	NA	NA	NA	NA	NA	NA	NA	NA	NA	NA	NA	NA	NA	NA	NA	NA	NA	NA	NA	NA	NA	NA
6	NA	NA	NA	NA	NA	NA	NA	NA	NA	NA	NA	NA	NA	NA	NA	NA	NA	NA	NA	NA	NA	NA	NA	NA	NA
7	NA	NA	NA	NA	NA	NA	NA	NA	NA	NA	NA	NA	NA	NA	NA	NA	NA	NA	NA	NA	NA	NA	NA	NA	NA
8	NA	NA	NA	NA	NA	NA	NA	NA	NA	NA	NA	NA	NA	NA	NA	NA	NA	NA	NA	NA	NA	NA	NA	NA	NA
9	NA	NA	NA	NA	NA	NA	NA	NA	NA	NA	NA	NA	NA	NA	NA	NA	NA	NA	NA	NA	NA	NA	NA	NA	NA
10	1	NA	NA	NA	NA	0.103448	0.896552	NA	NA	NA	0.00925926	NA	0.962963	0.0277778	NA	NA	NA	0.0526316	0.947368	NA	NA	NA	NA	NA	1
11	0.973612	0.014629	0.00370353	0.00800889	4.62942e-05	0.0620145	0.91553	0.0057445	0.0164502	0.000261114	0.0231311	0.00494282	0.920947	0.050785	0.000193836	0.0183701	0.00768203	0.0245491	0.948898	0.000501002	8.12656e-05	4.06328e-05	1.35443e-05	5.41771e-05	0.99981
12	0.973413	0.0137088	0.00540472	0.00740334	7.0374e-05	0.0546846	0.925773	0.00563358	0.0137343	0.000174835	0.0113318	0.00433958	0.948879	0.0352169	0.000232685	0.0113683	0.00522433	0.0247324	0.958538	0.000136968	5.78166e-05	3.08355e-05	3.469e-05	4.23988e-05	0.999834
13	0.967632	0.0176934	0.0057789	0.00882284	7.24747e-05	0.0371968	0.948522	0.00439452	0.00975864	0.000128285	0.00794125	0.00341754	0.967573	0.0209437	0.00012448	0.0123616	0.00740835	0.0224264	0.95767	0.000133504	4.23112e-05	2.29689e-05	3.3849e-05	3.08267e-05	0.99987
14	0.965906	0.0188847	0.00559317	0.00948455	0.000132035	0.0323341	0.953504	0.00367693	0.0104089	7.63754e-05	0.0140614	0.00627498	0.946386	0.0331104	0.000166777	0.014257	0.00953543	0.0199656	0.956062	0.000179914	4.21929e-05	2.81286e-05	3.75048e-05	5.1569e-05	0.999841
15	0.964846	0.0166592	0.00654803	0.0118389	0.000107565	0.0269634	0.955382	0.00469413	0.0128969	6.36492e-05	0.0133398	0.00671615	0.952307	0.0275712	6.60389e-05	0.0138109	0.0099741	0.0218867	0.954151	0.00017696	3.43166e-05	2.47842e-05	1.90648e-05	5.52879e-05	0.999867
16	0.96497	0.0152621	0.00732407	0.0123475	9.59793e-05	0.0249886	0.957778	0.0045822	0.012574	7.74395e-05	0.0124411	0.00575432	0.953689	0.0280495	6.64471e-05	0.017765	0.0118927	0.0268804	0.943366	9.58271e-05	4.53295e-05	2.26647e-05	2.58378e-05	4.35163e-05	0.999863
17	NA	NA	NA	NA	NA	NA	NA	NA	NA	NA	NA	NA	NA	NA	NA	NA	NA	NA	NA	NA	NA	NA	NA	NA	NA
18	1	NA	NA	NA	NA	NA	1	NA	NA	NA	NA	NA	1	NA	NA	NA	NA	NA	1	NA	NA	NA	NA	NA	1
19	1	NA	NA	NA	NA	0.0227273	0.977273	NA	NA	NA	NA	NA	1	NA	NA	NA	NA	NA	1	NA	NA	NA	NA	NA	1
20	0.997189	0.00218613	0.000156152	0.000312305	0.000156152	0.00948718	0.987949	0.00102564	0.00153846	NA	0.000877097	0.000438548	0.994737	0.00394694	NA	0.0011108	0.000833102	0.00499861	0.993057	NA	0.000130588	NA	4.35294e-05	4.35294e-05	0.999782
21	0.997184	0.00189333	0.000515272	0.000383459	2.39662e-05	0.00491233	0.993672	0.000366343	0.00103242	1.6652e-05	0.000782448	0.00038324	0.996711	0.00209185	3.19366e-05	0.000737233	0.00041632	0.00209027	0.996739	1.73467e-05	9.3387e-06	9.3387e-06	NA	9.3387e-06	0.999972
22	0.996383	0.00221738	0.000799709	0.000581607	1.81752e-05	0.00446688	0.994025	0.000638125	0.000870171	NA	0.0011462	0.000317035	0.99561	0.0028777	4.87745e-05	0.000989294	0.000759637	0.00245557	0.995778	1.7666e-05	1.06951e-05	5.34754e-06	5.34754e-06	3.74328e-05	0.999941
23	0.99773	0.00113955	0.000679901	0.000430923	1.91521e-05	0.00322401	0.995278	0.000328107	0.00114124	2.85311e-05	0.000686379	0.000288279	0.997103	0.00186695	5.49104e-05	0.000462523	0.00054721	0.00110093	0.99787	1.95432e-05	2.74508e-05	1.49732e-05	9.98211e-06	1.99642e-05	0.999928
24	0.99812	0.000940161	0.000497733	0.000359474	8.29554e-05	0.00332686	0.994455	0.000323445	0.00189446	NA	0.00117376	0.000187802	0.996526	0.00211278	NA	0.000502624	0.000140735	0.000965037	0.998351	4.02099e-05	3.88169e-05	1.55267e-05	7.76337e-06	3.10535e-05	0.999907
25	0.997942	0.000983307	0.000594558	0.000434484	4.57352e-05	0.00246773	0.996431	0.000341686	0.000721336	3.79651e-05	0.000972377	0.000468182	0.996615	0.00190874	3.6014e-05	0.000381825	0.00119754	0.000902496	0.997431	8.67784e-05	4.50433e-05	1.28695e-05	1.93043e-05	3.86085e-05	0.999884
26	0.995737	0.00132784	0.00237613	0.000559089	NA	0.00295623	0.996134	0.000113701	0.000795907	NA	0.00024423	0.000122115	0.997924	0.00170961	NA	0.000336538	0.00105769	0.000817308	0.997788	NA	9.60486e-05	1.92097e-05	1.92097e-05	1.92097e-05	0.999846
27	0.99684	0.00130717	0.00107822	0.000757184	1.79064e-05	0.00254561	0.995378	0.000571718	0.00147103	3.3385e-05	0.00158484	0.000771731	0.993747	0.00387305	2.33858e-05	0.00107369	0.000931584	0.00412844	0.993826	4.00002e-05	3.15137e-05	1.24589e-05	1.68561e-05	2.85822e-05	0.999911
28	0.998881	0.000310936	0.000279842	0.000497497	3.10936e-05	0.000414777	0.99682	0.000138259	0.00262692	NA	0.00141434	0.000450016	0.996657	0.00144648	3.2144e-05	0.000250799	0.00269609	0.000376199	0.996677	NA	2.73162e-05	6.82906e-06	6.82906e-06	4.09744e-05	0.999918
29	0.999569	0.000143699	0.000287398	NA	NA	NA	1	NA	NA	NA	0.00058887	NA	0.999117	0.000294435	NA	NA	NA	NA	1	NA	NA	NA	NA	NA	1
30	0.998416	0.000514079	0.000720893	0.000336811	1.18179e-05	0.000419957	0.998159	0.000276955	0.00113316	1.0861e-05	0.000809236	0.000287148	0.998028	0.000863185	1.2182e-05	0.000424339	0.000910777	0.000620984	0.998037	6.89982e-06	1.84508e-05	4.71084e-06	1.96285e-06	1.25622e-05	0.999962
31	0.998766	0.000407196	0.000646789	0.000173227	6.7491e-06	0.000476321	0.998357	0.000234734	0.000923514	8.56692e-06	0.000597832	0.000266068	0.998522	0.000586335	2.79207e-05	0.00019807	0.000645563	0.000592989	0.998554	9.78125e-06	1.22896e-05	2.45793e-06	3.86246e-06	1.29919e-05	0.999968
32	0.999154	0.000291552	0.000443159	0.000104959	5.83104e-06	0.000197615	0.999466	2.92764e-05	0.000307402	NA	0.000186159	4.46781e-05	0.999523	0.000215944	2.97854e-05	9.05314e-05	0.000419303	0.000190592	0.999295	4.76481e-06	1.5821e-06	1.5821e-06	3.16419e-06	4.74629e-06	0.999989
33	0.999421	0.00018672	0.000326759	6.06839e-05	4.66799e-06	0.000367012	0.999361	3.79668e-05	0.000227801	6.32779e-06	0.000243771	6.25055e-06	0.999525	0.000187516	3.75033e-05	4.15829e-05	0.000367316	0.000242567	0.999349	NA	2.59607e-06	1.29804e-06	3.89411e-06	3.89411e-06	0.999988
34	0.998801	0.000291505	0.000726104	0.000168626	1.27667e-05	0.000243815	0.998663	0.000231921	0.000853777	7.64576e-06	0.000691815	0.000244796	0.998699	0.00035351	1.06433e-05	0.000148155	0.000597325	0.000526187	0.998718	1.05825e-05	1.31941e-05	4.78285e-06	2.63882e-06	1.50083e-05	0.999964
35	0.999227	0.000208536	0.000502847	5.4298e-05	7.08235e-06	0.000282618	0.999227	0.000108433	0.000374901	6.92125e-06	0.000422737	0.00010451	0.999264	0.000201974	7.04562e-06	5.33859e-05	0.000314899	0.00054237	0.99908	9.28451e-06	1.1381e-05	2.5866e-06	4.13856e-06	9.82907e-06	0.999972
36	0.9991	0.000185608	0.00059005	0.000112281	1.18392e-05	9.595e-05	0.998886	0.000211333	0.000798571	7.89462e-06	0.00054	0.000195112	0.999081	0.0001756	8.03401e-06	9.99896e-05	0.000624605	0.000230373	0.999037	7.92869e-06	1.44987e-05	4.34961e-06	1.81234e-06	1.11157e-05	0.999968
37	0.998876	0.00016993	0.000847173	9.71029e-05	9.41304e-06	9.3479e-05	0.998948	0.000254471	0.000691571	1.21176e-05	0.000460866	0.000248903	0.99917	0.000106421	1.40722e-05	6.95604e-05	0.000546073	0.000255055	0.999123	6.6248e-06	1.65031e-05	3.11379e-06	3.73654e-06	1.08983e-05	0.999966
38	0.998929	0.000175647	0.000801171	8.34887e-05	1.02755e-05	6.05064e-05	0.998977	0.000216387	0.000735307	1.12809e-05	0.000482255	0.000204231	0.999227	7.06752e-05	1.55901e-05	6.32822e-05	0.000582845	0.000226193	0.999116	1.20074e-05	1.2415e-05	4.27076e-06	3.27756e-06	1.53946e-05	0.999965
39	0.999117	0.000182308	0.000607184	8.04921e-05	1.25178e-05	4.22227e-05	0.998948	0.000260653	0.000738297	1.07956e-05	0.000558505	0.000235614	0.999146	4.68866e-05	1.25188e-05	5.46951e-05	0.000555376	0.000151102	0.999232	7.25125e-06	1.54163e-05	4.24281e-06	3.28762e-06	1.35059e-05	0.999964
40	0.99929	0.000202703	0.000408469	8.19564e-05	1.72885e-05	2.57582e-05	0.998861	0.000210048	0.000888402	1.43195e-05	0.000515985	0.000228117	0.999221	2.02644e-05	1.48669e-05	4.66159e-05	0.000638874	0.000177763	0.999128	8.7002e-06	1.8786e-05	5.41806e-06	3.93274e-06	1.54271e-05	0.999956
