quality	AA	AC	AG	AT	A.	CA	CC	CG	CT	C.	GA	GC	GG	GT	G.	TA	TC	TG	TT	T.	.A	.C	.G	.T	..
0	NA	NA	NA	NA	NA	NA	NA	NA	NA	NA	NA	NA	NA	NA	NA	NA	NA	NA	NA	NA	NA	NA	NA	NA	NA
1	NA	NA	NA	NA	NA	NA	NA	NA	NA	NA	NA	NA	NA	NA	NA	NA	NA	NA	NA	NA	NA	NA	NA	NA	NA
2	NA	NA	NA	NA	NA	NA	NA	NA	NA	NA	NA	NA	NA	NA	NA	NA	NA	NA	NA	NA	NA	NA	NA	NA	NA
3	NA	NA	NA	NA	NA	NA	NA	NA	NA	NA	NA	NA	NA	NA	NA	NA	NA	NA	NA	NA	NA	NA	NA	NA	NA
4	NA	NA	NA	NA	NA	NA	NA	NA	NA	NA	NA	NA	NA	NA	NA	NA	NA	NA	NA	NA	NA	NA	NA	NA	NA
5	NA	NA	NA	NA	NA	NA	NA	NA	NA	NA	NA	NA	NA	NA	NA	NA	NA	NA	NA	NA	NA	NA	NA	NA	NA
6	NA	NA	NA	NA	NA	NA	NA	NA	NA	NA	NA	NA	NA	NA	NA	NA	NA	NA	NA	NA	NA	NA	NA	NA	NA
7	NA	NA	NA	NA	NA	NA	NA	NA	NA	NA	NA	NA	NA	NA	NA	NA	NA	NA	NA	NA	NA	NA	NA	NA	NA
8	NA	NA	NA	NA	NA	NA	NA	NA	NA	NA	NA	NA	NA	NA	NA	NA	NA	NA	NA	NA	NA	NA	NA	NA	NA
9	NA	NA	NA	NA	NA	NA	NA	NA	NA	NA	NA	NA	NA	NA	NA	NA	NA	NA	NA	NA	NA	NA	NA	NA	NA
10	NA	NA	NA	NA	NA	NA	NA	NA	NA	NA	NA	NA	NA	NA	NA	NA	NA	NA	NA	NA	NA	NA	NA	NA	NA
11	0.975604	0.00956234	0.00490376	0.00956234	0.000367782	0.0455591	0.933732	0.00352815	0.0170272	0.000153398	0.018358	0.00732745	0.935865	0.0383706	7.87898e-05	0.030608	0.00419287	0.0138365	0.951363	NA	6.72382e-05	3.36191e-05	3.36191e-05	3.36191e-05	0.999832
12	0.971888	0.0155169	0.0054571	0.00702808	0.000110244	0.0361125	0.944752	0.00510755	0.01374	0.000287749	0.013856	0.00560944	0.948264	0.0320923	0.000178787	0.0143273	0.00750289	0.0228679	0.955023	0.000279363	8.96707e-05	7.47256e-06	2.24177e-05	5.23079e-05	0.999828
13	0.965434	0.0161856	0.00690153	0.011359	0.000119773	0.030843	0.951258	0.00482969	0.0129442	0.000124992	0.0113314	0.00466982	0.961034	0.0228548	0.000110386	0.015134	0.00991162	0.022057	0.952722	0.000175117	3.69606e-05	2.97738e-05	4.00406e-05	4.2094e-05	0.999851
14	0.96246	0.0171916	0.00713815	0.013063	0.000147239	0.0291957	0.952845	0.00424568	0.0136075	0.000106586	0.0195372	0.0068999	0.942166	0.031221	0.000175634	0.0179977	0.0149305	0.0208584	0.945953	0.00026006	4.69512e-05	4.1317e-05	3.38048e-05	7.13658e-05	0.999807
15	0.978326	0.00774341	0.00505978	0.00880569	6.52273e-05	0.012208	0.975868	0.00255754	0.00919579	0.000170503	0.014724	0.00529044	0.954096	0.0257298	0.000159351	0.0286874	0.0158247	0.024627	0.93068	0.000180774	7.33428e-05	5.57405e-05	2.64034e-05	4.98731e-05	0.999795
16	0.965537	0.0115841	0.00851449	0.0142248	0.000139526	0.0178616	0.961798	0.00455176	0.0157167	7.2427e-05	0.0172224	0.00737098	0.950932	0.024388	8.64631e-05	0.0182257	0.0123778	0.0181613	0.951021	0.00021452	9.31587e-05	4.93853e-05	4.15286e-05	7.29556e-05	0.999743
17	NA	NA	NA	NA	NA	NA	NA	NA	NA	NA	NA	NA	NA	NA	NA	NA	NA	NA	NA	NA	NA	NA	NA	NA	NA
18	NA	NA	NA	NA	NA	NA	NA	NA	NA	NA	NA	NA	NA	NA	NA	NA	NA	NA	NA	NA	NA	NA	NA	NA	NA
19	NA	NA	NA	NA	NA	NA	NA	NA	NA	NA	NA	NA	NA	NA	NA	NA	NA	NA	NA	NA	NA	NA	NA	NA	NA
20	0.997744	0.00112824	0.000376081	0.000752162	NA	0.00499002	0.993014	0.000998004	0.000998004	NA	0.00215471	NA	0.995906	0.00193924	NA	0.00212879	0.000532198	0.00372539	0.993614	NA	NA	NA	NA	NA	1
21	0.996453	0.00149783	0.00136644	0.000630666	5.25555e-05	0.00277501	0.995624	0.000640387	0.000925004	3.55771e-05	0.00107027	0.000200676	0.996622	0.00210709	NA	0.00108332	0.00038559	0.00224009	0.996254	3.67229e-05	6.64456e-06	6.64456e-06	6.64456e-06	NA	0.99998
22	0.996127	0.00214029	0.000917268	0.000789869	2.54797e-05	0.00390311	0.994286	0.000321906	0.00148881	NA	0.00264522	0.00028597	0.993923	0.00310992	3.57462e-05	0.00169281	0.000821509	0.00306199	0.994299	0.000124471	1.51258e-05	3.02517e-05	3.02517e-05	2.26888e-05	0.999902
23	0.996713	0.00123685	0.00123685	0.000779384	3.38862e-05	0.0024554	0.993912	0.000826819	0.00278112	2.50551e-05	0.00276742	0.000529419	0.99408	0.00262303	NA	0.00118123	0.000561377	0.00215195	0.996094	1.16954e-05	1.77032e-05	1.32774e-05	4.4258e-06	8.85159e-06	0.999956
24	0.997538	0.00106689	0.000902749	0.000492409	NA	0.00115223	0.997153	0.000474448	0.00122001	NA	0.00157292	0.000377501	0.996099	0.00195042	NA	0.00054637	0.000402588	0.00135155	0.997671	2.87563e-05	NA	NA	1.11381e-05	1.11381e-05	0.999978
25	0.997214	0.00113847	0.000719036	0.000838876	8.98796e-05	0.00210569	0.994234	0.000701895	0.00290785	5.01354e-05	0.0032799	0.000554349	0.99344	0.00272555	NA	0.00118014	0.000467602	0.00122467	0.997039	8.9067e-05	8.34348e-06	1.6687e-05	1.6687e-05	2.50305e-05	0.999933
26	0.99638	0.00138284	0.00146419	0.000772766	NA	0.00213174	0.994884	0.00035529	0.00262915	NA	0.00551164	0.000725216	0.990645	0.00311843	NA	0.00057388	0.000245949	0.00101112	0.998142	2.73276e-05	7.8634e-05	1.12334e-05	NA	3.37003e-05	0.999876
27	0.996536	0.00119397	0.00106327	0.00115631	5.09484e-05	0.00129987	0.996628	0.000403774	0.00164343	2.47932e-05	0.00277161	0.00112313	0.991682	0.00437479	4.83068e-05	0.00123116	0.00149773	0.00335499	0.993834	8.24279e-05	3.56774e-05	1.4271e-05	1.23249e-05	2.85419e-05	0.999909
28	0.998683	0.000141057	0.000611247	0.000564228	NA	0.000450315	0.996648	0.000250175	0.00265186	NA	0.00260114	0.000656599	0.995126	0.00151523	0.000101015	0.00035692	0.00044615	0.00044615	0.998751	NA	1.08645e-05	NA	1.08645e-05	NA	0.999978
29	0.999105	NA	0.000895255	NA	NA	NA	1	NA	NA	NA	0.00105263	NA	0.998947	NA	NA	NA	NA	NA	1	NA	NA	NA	NA	NA	1
30	0.997593	0.000707309	0.00108246	0.000593983	2.34467e-05	0.000330237	0.997763	0.000177127	0.00171423	1.50108e-05	0.00202498	0.000382805	0.99668	0.000901533	1.10958e-05	0.000515223	0.00104243	0.000611078	0.99781	2.09684e-05	1.88729e-05	9.76187e-06	3.25396e-06	1.95237e-05	0.999949
31	0.998592	0.000349534	0.00072452	0.000312205	2.2058e-05	0.000153762	0.998426	7.2972e-05	0.00134477	2.60614e-06	0.0015961	0.000186909	0.997587	0.000622209	7.37797e-06	0.000351945	0.000756681	0.000719531	0.99815	2.15077e-05	1.45102e-05	5.91157e-06	6.44898e-06	1.77347e-05	0.999955
32	0.998798	0.00014494	0.00097195	7.67329e-05	8.52588e-06	7.27017e-05	0.998546	4.84678e-05	0.00133286	NA	0.000151501	2.33079e-05	0.999476	0.000349618	NA	6.8307e-05	9.86657e-05	0.000250459	0.99956	2.2769e-05	4.87951e-06	2.43976e-06	2.43976e-06	2.43976e-06	0.999988
33	0.998949	0.000190597	0.00078698	6.76311e-05	6.14828e-06	0.00010001	0.9985	NA	0.00140014	NA	0.000262957	3.39299e-05	0.999313	0.000390194	NA	2.75566e-05	0.000124005	0.00053276	0.999311	4.59276e-06	3.48193e-06	3.48193e-06	NA	5.2229e-06	0.999988
34	0.998505	0.000566208	0.000699482	0.000193703	3.55949e-05	0.000108774	0.998605	5.96931e-05	0.00121907	7.95908e-06	0.00152736	0.00016315	0.997913	0.000380683	1.61993e-05	0.000171521	0.000688822	0.000398696	0.998704	3.64939e-05	2.37436e-05	6.38268e-06	5.87207e-06	1.71056e-05	0.999947
35	0.999234	0.000361038	0.000337713	4.6651e-05	2.0283e-05	3.24556e-05	0.999621	1.62278e-05	0.000327261	2.70464e-06	0.000654486	5.02377e-05	0.999069	0.000219092	6.97746e-06	5.30978e-05	0.000381167	0.000499689	0.999009	5.68905e-05	7.21929e-06	5.90669e-06	3.2815e-06	1.27978e-05	0.999971
36	0.998844	0.00034066	0.000671843	0.000111623	3.21179e-05	5.47166e-05	0.99868	4.29315e-05	0.00121639	5.89256e-06	0.0011504	9.27991e-05	0.998573	0.00017026	1.38048e-05	0.000112901	0.000524806	0.000246894	0.999084	3.16372e-05	1.94919e-05	6.1641e-06	4.83132e-06	1.79925e-05	0.999952
37	0.998834	0.000238211	0.000819065	8.32716e-05	2.52545e-05	4.18749e-05	0.998811	3.46964e-05	0.00110789	4.78571e-06	0.00119038	5.8755e-05	0.998622	0.00011516	1.41012e-05	7.88975e-05	0.000569097	0.000263207	0.999045	4.3329e-05	1.44755e-05	8.3021e-06	3.19312e-06	1.72428e-05	0.999957
38	0.998726	0.000272876	0.000901487	6.69243e-05	3.26654e-05	3.08074e-05	0.998811	3.01655e-05	0.00112062	7.06002e-06	0.000975869	4.91356e-05	0.998877	8.0234e-05	1.80371e-05	6.30265e-05	0.000474935	0.000227709	0.999197	3.74093e-05	1.58583e-05	6.26956e-06	5.53197e-06	1.59812e-05	0.999956
39	0.998733	0.000346389	0.000837549	5.03445e-05	3.29206e-05	2.67075e-05	0.998797	2.64404e-05	0.00114361	6.27625e-06	0.000919619	2.80016e-05	0.99898	5.44828e-05	1.7992e-05	5.21312e-05	0.000375618	0.000217479	0.999319	3.52853e-05	1.65331e-05	6.8522e-06	3.87722e-06	1.73378e-05	0.999955
40	0.999203	0.000311826	0.000405921	4.15768e-05	3.7552e-05	2.56414e-05	0.998782	2.46371e-05	0.00116137	6.79439e-06	0.000565744	2.04353e-05	0.99935	3.61847e-05	2.76592e-05	4.29275e-05	0.00026409	0.000217232	0.999448	2.79315e-05	2.11825e-05	9.28891e-06	5.0191e-06	1.99337e-05	0.999945
