quality	AA	AC	AG	AT	A.	CA	CC	CG	CT	C.	GA	GC	GG	GT	G.	TA	TC	TG	TT	T.	.A	.C	.G	.T	..
0	NA	NA	NA	NA	NA	NA	NA	NA	NA	NA	NA	NA	NA	NA	NA	NA	NA	NA	NA	NA	NA	NA	NA	NA	NA
1	NA	NA	NA	NA	NA	NA	NA	NA	NA	NA	NA	NA	NA	NA	NA	NA	NA	NA	NA	NA	NA	NA	NA	NA	NA
2	NA	NA	NA	NA	NA	NA	NA	NA	NA	NA	NA	NA	NA	NA	NA	NA	NA	NA	NA	NA	NA	NA	NA	NA	NA
3	NA	NA	NA	NA	NA	NA	NA	NA	NA	NA	NA	NA	NA	NA	NA	NA	NA	NA	NA	NA	NA	NA	NA	NA	NA
4	NA	NA	NA	NA	NA	NA	NA	NA	NA	NA	NA	NA	NA	NA	NA	NA	NA	NA	NA	NA	NA	NA	NA	NA	NA
5	NA	NA	NA	NA	NA	NA	NA	NA	NA	NA	NA	NA	NA	NA	NA	NA	NA	NA	NA	NA	NA	NA	NA	NA	NA
6	NA	NA	NA	NA	NA	NA	NA	NA	NA	NA	NA	NA	NA	NA	NA	NA	NA	NA	NA	NA	NA	NA	NA	NA	NA
7	NA	NA	NA	NA	NA	NA	NA	NA	NA	NA	NA	NA	NA	NA	NA	NA	NA	NA	NA	NA	NA	NA	NA	NA	NA
8	NA	NA	NA	NA	NA	NA	NA	NA	NA	NA	NA	NA	NA	NA	NA	NA	NA	NA	NA	NA	NA	NA	NA	NA	NA
9	NA	NA	NA	NA	NA	NA	NA	NA	NA	NA	NA	NA	NA	NA	NA	NA	NA	NA	NA	NA	NA	NA	NA	NA	NA
10	0.971429	0.0285714	NA	NA	NA	NA	0.980769	0.0192308	NA	NA	0.00862069	NA	0.982759	0.00862069	NA	NA	NA	NA	1	NA	NA	NA	NA	NA	1
11	0.975466	0.0137843	0.0026691	0.00786106	0.000219378	0.0785518	0.894365	0.00631168	0.0204843	0.000286895	0.0237889	0.00564527	0.91175	0.058737	7.87712e-05	0.0203376	0.0131433	0.0246265	0.941478	0.000415053	4.44148e-05	1.11037e-05	2.22074e-05	6.66223e-05	0.999856
12	0.971397	0.0138672	0.00626332	0.00837307	9.88946e-05	0.0579417	0.921161	0.00686	0.0137922	0.000245516	0.011117	0.00453376	0.943616	0.0405554	0.000177447	0.0107867	0.00502188	0.0246278	0.959371	0.00019262	5.49998e-05	8.68417e-06	3.47367e-05	7.52628e-05	0.999826
13	0.966325	0.0180395	0.00562593	0.00986924	0.000140606	0.0401154	0.943821	0.00464486	0.0112951	0.000123725	0.00783493	0.00333118	0.96631	0.022417	0.000106598	0.011896	0.00706947	0.0231296	0.957732	0.000173115	3.57739e-05	2.64416e-05	2.74785e-05	4.35508e-05	0.999867
14	0.96493	0.0187423	0.00606964	0.0101119	0.000146595	0.0362483	0.947152	0.00447558	0.0119762	0.000147913	0.0133832	0.00550812	0.948629	0.0324036	7.56366e-05	0.0146208	0.00936097	0.0197242	0.956114	0.000180404	3.98387e-05	3.28669e-05	1.69314e-05	4.68105e-05	0.999864
15	0.967697	0.0157582	0.00629237	0.0101322	0.000120167	0.0304069	0.950336	0.00514029	0.0140183	9.81774e-05	0.0127932	0.00567033	0.956783	0.0246478	0.000106144	0.0152104	0.0099367	0.0236167	0.951121	0.000114958	4.69412e-05	1.78053e-05	2.42799e-05	6.47465e-05	0.999846
16	0.965325	0.0149128	0.0074711	0.0121808	0.000110211	0.0269419	0.953949	0.00511847	0.0139159	7.43224e-05	0.0112182	0.0049517	0.958049	0.0256968	8.4089e-05	0.0185825	0.0107359	0.0264406	0.944114	0.000127297	5.37364e-05	2.23575e-05	2.70643e-05	3.4909e-05	0.999862
17	NA	NA	NA	NA	NA	NA	NA	NA	NA	NA	NA	NA	NA	NA	NA	NA	NA	NA	NA	NA	NA	NA	NA	NA	NA
18	1	NA	NA	NA	NA	NA	1	NA	NA	NA	NA	NA	1	NA	NA	NA	NA	NA	1	NA	NA	NA	NA	NA	1
19	1	NA	NA	NA	NA	NA	1	NA	NA	NA	NA	NA	1	NA	NA	NA	NA	NA	1	NA	NA	NA	NA	NA	1
20	0.997952	0.00132514	0.000361402	0.000361402	NA	0.00820164	0.990398	0.00040008	0.0010002	NA	0.00177155	8.43597e-05	0.991986	0.00615826	NA	0.0025356	0.000585138	0.00448605	0.992393	NA	3.30469e-05	3.30469e-05	NA	3.30469e-05	0.999901
21	0.99651	0.00235827	0.000482135	0.000597428	5.2406e-05	0.00471267	0.993596	0.000512849	0.00116431	1.38608e-05	0.000859788	0.00031746	0.996243	0.00255291	2.6455e-05	0.000652633	0.000432559	0.00214762	0.996737	3.0355e-05	1.33588e-05	1.33588e-05	1.60306e-05	1.87023e-05	0.999939
22	0.996798	0.0019373	0.000464312	0.000704473	9.60646e-05	0.0058306	0.992544	0.000464384	0.00113516	2.57991e-05	0.00082593	0.000282025	0.996112	0.00275982	2.01446e-05	0.00108107	0.000784883	0.00288778	0.995157	8.88547e-05	2.29029e-05	NA	1.37417e-05	9.16116e-06	0.999954
23	0.998022	0.00121974	0.000337902	0.000395592	2.47245e-05	0.00322973	0.995394	0.000307052	0.00102351	4.54892e-05	0.000684158	0.00030407	0.997133	0.00182442	5.42982e-05	0.000480609	0.000398687	0.00129983	0.997783	3.82303e-05	2.89523e-05	1.44761e-05	2.06802e-05	2.48163e-05	0.999911
24	0.998058	0.00111648	0.000339798	0.000412611	7.28138e-05	0.00344921	0.995272	0.000348797	0.000891369	3.87552e-05	0.000571407	0.000152375	0.997372	0.00190469	NA	0.000270051	0.000432082	0.00126024	0.998002	3.60068e-05	4.04179e-05	1.34726e-05	NA	3.36816e-05	0.999912
25	0.998065	0.00112016	0.000427699	0.000305499	8.14664e-05	0.00344014	0.995348	0.000163816	0.00101566	3.27633e-05	0.000794024	0.000205858	0.996442	0.00249971	5.88166e-05	0.00028313	0.000581161	0.000983504	0.998093	5.96063e-05	2.76772e-05	1.66063e-05	5.53544e-06	2.21418e-05	0.999928
26	0.997977	0.00141026	0.000306579	0.000306579	NA	0.00243309	0.996631	0.000280741	0.000561482	9.35804e-05	0.000478698	9.57396e-05	0.997607	0.00181905	NA	0.000296046	0.000718968	0.00131106	0.997632	4.22922e-05	3.27536e-05	1.63768e-05	1.63768e-05	NA	0.999934
27	0.996388	0.00134294	0.00143466	0.000746202	8.83213e-05	0.00261764	0.995257	0.000617123	0.00148035	2.79663e-05	0.0013109	0.00054581	0.995237	0.00288271	2.40092e-05	0.000865232	0.000872788	0.00360167	0.994565	9.54022e-05	2.77128e-05	1.36934e-05	9.45495e-06	2.64086e-05	0.999923
28	0.999263	0.000245519	0.000190959	0.000272799	2.72799e-05	0.000416871	0.993526	7.35655e-05	0.00598333	NA	0.00137424	0.000274848	0.996673	0.00166356	1.44657e-05	0.000396152	0.000226372	0.000509338	0.998868	NA	1.82734e-05	NA	1.21823e-05	1.82734e-05	0.999951
29	0.999656	0.000114771	NA	NA	0.000229542	0.00065703	0.999343	NA	NA	NA	0.000808916	NA	0.998652	0.000539277	NA	0.000743494	NA	NA	0.999257	NA	3.69549e-05	3.69549e-05	NA	NA	0.999926
30	0.998229	0.000449653	0.000845092	0.000425204	5.10244e-05	0.000499956	0.998171	0.000291921	0.0010234	1.34216e-05	0.000691581	0.000176807	0.998368	0.000755733	7.82332e-06	0.000351168	0.000800051	0.000601565	0.998209	3.81704e-05	1.66446e-05	3.5414e-06	6.02038e-06	1.34573e-05	0.99996
31	0.998571	0.000365531	0.000750516	0.000264165	4.9147e-05	0.000465612	0.998308	0.000317247	0.000902813	6.31338e-06	0.000515836	0.000102278	0.998853	0.000518801	1.0376e-05	0.000199484	0.000458032	0.000619625	0.998679	4.34629e-05	1.40653e-05	6.07363e-06	3.83598e-06	1.43849e-05	0.999962
32	0.999591	0.000212212	0.000101053	7.57901e-05	2.02107e-05	0.000355507	0.999359	8.36488e-05	0.000202151	NA	0.000246692	2.74102e-05	0.999486	0.000232987	6.85255e-06	6.87578e-05	0.00020169	0.000233777	0.999464	3.2087e-05	1.02713e-05	5.86929e-06	5.86929e-06	8.80394e-06	0.999969
33	0.999686	0.000195854	8.1606e-05	2.44818e-05	1.22409e-05	0.000451307	0.999354	5.14148e-05	0.000137106	5.71275e-06	0.000197239	2.8177e-05	0.999594	0.000180332	NA	6.5773e-05	0.00017101	0.000200608	0.99953	3.28865e-05	7.08203e-06	1.18034e-06	1.18034e-06	8.26237e-06	0.999982
34	0.998457	0.000359828	0.000885465	0.000225202	7.22627e-05	0.000193275	0.998544	0.00028677	0.000969517	6.28536e-06	0.000461687	8.80068e-05	0.999098	0.000340153	1.18739e-05	0.000133865	0.000584382	0.000499977	0.998717	6.50508e-05	1.73448e-05	6.08589e-06	6.39018e-06	1.56712e-05	0.999955
35	0.998773	0.000281492	0.000766148	0.000119124	6.0378e-05	0.000258393	0.999101	0.000144656	0.000493596	2.20849e-06	0.000342312	5.0959e-05	0.999447	0.000147338	1.21859e-05	6.0385e-05	0.000326661	0.000499086	0.999073	4.07417e-05	1.04633e-05	3.73689e-06	4.48427e-06	1.04633e-05	0.999971
36	0.998843	0.000205967	0.000708379	0.000187209	5.55375e-05	8.96218e-05	0.998782	0.000240324	0.000877952	9.70428e-06	0.000344595	6.29962e-05	0.999431	0.000151837	9.1533e-06	9.62414e-05	0.000551426	0.000267245	0.999037	4.79142e-05	1.72641e-05	4.23027e-06	5.83091e-06	1.48631e-05	0.999958
37	0.998562	0.000175687	0.0010327	0.000187114	4.28505e-05	9.41573e-05	0.998933	0.000289777	0.000680205	3.2468e-06	0.000307808	5.37837e-05	0.999527	9.68106e-05	1.48939e-05	8.47058e-05	0.000484805	0.000290613	0.999084	5.63203e-05	1.43538e-05	5.91911e-06	5.32719e-06	1.73134e-05	0.999957
38	0.998573	0.000184313	0.00103533	0.000162704	4.51249e-05	5.19251e-05	0.998722	0.000295075	0.000921671	8.98705e-06	0.000319284	4.1799e-05	0.999559	6.84899e-05	1.15829e-05	7.35555e-05	0.000493646	0.000237153	0.999128	6.72145e-05	1.83737e-05	5.24962e-06	4.66633e-06	1.51656e-05	0.999957
39	0.998747	0.000230116	0.000806708	0.00015782	5.82536e-05	3.53772e-05	0.998734	0.000319928	0.000901411	9.31599e-06	0.000284379	2.84971e-05	0.999632	4.45784e-05	1.09968e-05	6.03325e-05	0.000493217	0.000180229	0.99921	5.65574e-05	1.8327e-05	6.13138e-06	5.79572e-06	1.61788e-05	0.999954
40	0.998973	0.000210833	0.000609959	0.000138418	6.78701e-05	2.35558e-05	0.99867	0.000278975	0.00101419	1.32097e-05	0.000263375	2.50174e-05	0.999674	2.32077e-05	1.47975e-05	5.68629e-05	0.000472046	0.000216586	0.999203	5.10679e-05	2.33755e-05	7.7603e-06	5.5647e-06	1.96089e-05	0.999944
