quality	AA	AC	AG	AT	A.	CA	CC	CG	CT	C.	GA	GC	GG	GT	G.	TA	TC	TG	TT	T.	.A	.C	.G	.T	..
0	NA	NA	NA	NA	NA	NA	NA	NA	NA	NA	NA	NA	NA	NA	NA	NA	NA	NA	NA	NA	NA	NA	NA	NA	NA
1	NA	NA	NA	NA	NA	NA	NA	NA	NA	NA	NA	NA	NA	NA	NA	NA	NA	NA	NA	NA	NA	NA	NA	NA	NA
2	NA	NA	NA	NA	NA	NA	NA	NA	NA	NA	NA	NA	NA	NA	NA	NA	NA	NA	NA	NA	NA	NA	NA	NA	NA
3	NA	NA	NA	NA	NA	NA	NA	NA	NA	NA	NA	NA	NA	NA	NA	NA	NA	NA	NA	NA	NA	NA	NA	NA	NA
4	NA	NA	NA	NA	NA	NA	NA	NA	NA	NA	NA	NA	NA	NA	NA	NA	NA	NA	NA	NA	NA	NA	NA	NA	NA
5	NA	NA	NA	NA	NA	NA	NA	NA	NA	NA	NA	NA	NA	NA	NA	NA	NA	NA	NA	NA	NA	NA	NA	NA	NA
6	NA	NA	NA	NA	NA	NA	NA	NA	NA	NA	NA	NA	NA	NA	NA	NA	NA	NA	NA	NA	NA	NA	NA	NA	NA
7	NA	NA	NA	NA	NA	NA	NA	NA	NA	NA	NA	NA	NA	NA	NA	NA	NA	NA	NA	NA	NA	NA	NA	NA	NA
8	NA	NA	NA	NA	NA	NA	NA	NA	NA	NA	NA	NA	NA	NA	NA	NA	NA	NA	NA	NA	NA	NA	NA	NA	NA
9	NA	NA	NA	NA	NA	NA	NA	NA	NA	NA	NA	NA	NA	NA	NA	NA	NA	NA	NA	NA	NA	NA	NA	NA	NA
10	NA	NA	NA	NA	NA	NA	NA	NA	NA	NA	NA	NA	NA	NA	NA	NA	NA	NA	NA	NA	NA	NA	NA	NA	NA
11	0.973067	0.0127425	0.00593687	0.00810889	0.000144802	0.0658399	0.910936	0.00383315	0.0189402	0.000450958	0.0189156	0.0079911	0.936274	0.0367186	0.000101153	0.0334044	0.0255864	0.0220327	0.918977	NA	0.000132591	NA	NA	NA	0.999867
12	0.972029	0.0127054	0.00689001	0.00818584	0.000189633	0.0361978	0.945064	0.00598481	0.0125887	0.000165098	0.0119357	0.00523454	0.953904	0.0287223	0.000203064	0.0133229	0.00842476	0.026107	0.952096	4.89812e-05	5.80633e-05	4.14738e-05	2.48843e-05	4.14738e-05	0.999834
13	0.966001	0.0157028	0.00694794	0.0111968	0.000151206	0.0287434	0.954495	0.00533469	0.0113145	0.000112191	0.00841013	0.00447684	0.966686	0.0203138	0.00011365	0.0136243	0.00948336	0.0252668	0.951435	0.000190643	4.48087e-05	2.98725e-05	3.10214e-05	3.56172e-05	0.999859
14	0.961822	0.0172449	0.00792658	0.0128012	0.000204876	0.0286216	0.952043	0.0046485	0.0145067	0.00018001	0.0190109	0.00719009	0.940956	0.0326143	0.000229047	0.0176165	0.0133289	0.0220321	0.946794	0.000228548	8.30412e-05	4.48871e-05	3.59097e-05	7.63081e-05	0.99976
15	0.976981	0.00960459	0.00522317	0.00808297	0.000107917	0.0119816	0.976025	0.00318001	0.0085634	0.000250113	0.0147586	0.0064707	0.951316	0.0273685	8.59486e-05	0.0221365	0.018007	0.0259613	0.933641	0.000253859	6.68094e-05	5.01071e-05	1.67024e-05	4.00856e-05	0.999826
16	0.961108	0.0123998	0.0103359	0.0159546	0.00020217	0.0185382	0.957341	0.00588567	0.0180494	0.000185863	0.0185969	0.00833024	0.947585	0.0253428	0.0001446	0.0195579	0.0130489	0.0201918	0.94698	0.000221605	0.000111524	5.44019e-05	5.30419e-05	9.24833e-05	0.999689
17	NA	NA	NA	NA	NA	NA	NA	NA	NA	NA	NA	NA	NA	NA	NA	NA	NA	NA	NA	NA	NA	NA	NA	NA	NA
18	NA	NA	NA	NA	NA	NA	NA	NA	NA	NA	NA	NA	NA	NA	NA	NA	NA	NA	NA	NA	NA	NA	NA	NA	NA
19	NA	NA	NA	NA	NA	NA	NA	NA	NA	NA	NA	NA	NA	NA	NA	NA	NA	NA	NA	NA	NA	NA	NA	NA	NA
20	0.997593	0.00160449	NA	0.000401123	0.000401123	0.00379987	0.995567	NA	0.000633312	NA	0.00223992	0.00024888	0.993529	0.00398208	NA	0.00118343	0.00236686	0.00710059	0.988757	0.000591716	0.000204855	NA	NA	NA	0.999795
21	0.996871	0.00174868	0.000521536	0.000828322	3.06786e-05	0.00229444	0.996239	0.000338524	0.00112841	NA	0.000460079	0.000389298	0.99731	0.00184032	NA	0.00137632	0.000688159	0.00223131	0.995683	2.08533e-05	7.40006e-06	7.40006e-06	NA	7.40006e-06	0.999978
22	0.996619	0.00149593	0.000897559	0.000897559	8.97559e-05	0.00322948	0.994681	0.000569909	0.00151976	NA	0.00168906	0.000450417	0.994595	0.00326552	NA	0.00158387	0.0012383	0.00391649	0.993233	2.87977e-05	1.72712e-05	8.63558e-06	1.72712e-05	3.45423e-05	0.999922
23	0.997288	0.00123981	0.000464927	0.00098797	1.9372e-05	0.00189091	0.995978	0.000905508	0.00119847	2.66326e-05	0.000889065	0.000469228	0.996123	0.00249432	2.46962e-05	0.0013228	0.000546928	0.00186973	0.996197	6.35962e-05	9.6134e-06	4.8067e-06	NA	4.8067e-06	0.999981
24	0.998183	0.000813086	0.000478286	0.000526114	NA	0.0021059	0.995863	0.000526474	0.00150421	NA	0.00111343	0.000487126	0.996381	0.0019485	6.95894e-05	0.000266542	0.000399813	0.00179916	0.997401	0.000133271	3.82146e-05	1.27382e-05	NA	1.27382e-05	0.999936
25	0.997623	0.00099319	0.000603008	0.000780363	NA	0.00185456	0.996178	0.000730583	0.00118017	5.61987e-05	0.00163998	0.000434112	0.995514	0.0023635	4.82346e-05	0.00135162	0.000650781	0.00160192	0.996371	2.503e-05	1.87586e-05	1.87586e-05	2.81378e-05	6.5655e-05	0.999869
26	0.997676	0.000790257	0.000557828	0.000836742	0.000139457	0.00261656	0.995877	0.000317158	0.00118934	NA	0.00110271	0.000708885	0.995038	0.00299307	0.00015753	0.000465102	0.000527115	0.00117826	0.997705	0.000124027	3.79574e-05	1.26525e-05	2.53049e-05	5.06098e-05	0.999873
27	0.995902	0.00107428	0.00157239	0.00141353	3.76942e-05	0.00165937	0.996032	0.000619664	0.00165105	3.74294e-05	0.00251499	0.00133251	0.990805	0.00533006	1.78621e-05	0.00110526	0.00129263	0.00357683	0.993916	0.000109473	3.81065e-05	1.32206e-05	1.55537e-05	3.73288e-05	0.999896
28	0.998043	0.000503187	0.000782735	0.000615006	5.59097e-05	0.000447383	0.99493	0.000149128	0.00447383	NA	0.00282239	0.000733821	0.99523	0.00121363	NA	0.0006469	0.000539084	0.0012938	0.99752	NA	4.83892e-05	1.20973e-05	NA	3.62919e-05	0.999903
29	1	NA	NA	NA	NA	NA	1	NA	NA	NA	0.000302115	NA	0.999698	NA	NA	NA	NA	NA	1	NA	0.000142126	NA	NA	NA	0.999858
30	0.997693	0.000493895	0.000967768	0.000807586	3.78208e-05	0.000292965	0.998182	0.000316537	0.00120217	6.73482e-06	0.00129075	0.000429257	0.997365	0.000900248	1.49048e-05	0.00061188	0.00116907	0.000618717	0.997542	5.81115e-05	1.74978e-05	8.01981e-06	4.37444e-06	1.82268e-05	0.999952
31	0.998501	0.000268286	0.000830132	0.000363547	3.6938e-05	0.000199365	0.998584	0.000260042	0.000947708	8.66807e-06	0.000830477	0.00020559	0.998339	0.000605951	1.8936e-05	0.000364191	0.000719445	0.000563044	0.998289	6.47948e-05	2.06245e-05	3.03301e-06	2.42641e-06	2.48707e-05	0.999949
32	0.999594	0.000101541	0.000166157	0.000101541	3.69239e-05	9.38449e-05	0.999648	1.17306e-05	0.000246343	NA	0.00034459	9.84543e-05	0.999237	0.00030767	1.23068e-05	0.000143152	0.00023578	0.000227359	0.999368	2.52621e-05	7.77089e-06	2.5903e-06	NA	1.03612e-05	0.999979
33	0.999694	9.97599e-05	0.000126363	5.98559e-05	1.9952e-05	0.000103065	0.999635	2.81086e-05	0.000234238	NA	0.000166702	6.48286e-05	0.999315	0.0004538	NA	7.97007e-05	0.000174345	0.000348691	0.999362	3.48691e-05	1.12238e-05	5.61191e-06	5.61191e-06	1.30945e-05	0.999964
34	0.998422	0.000289689	0.000912756	0.000294438	8.07329e-05	0.000114592	0.998708	0.000264901	0.000909294	2.97641e-06	0.000794177	0.000157048	0.998681	0.000363891	3.83043e-06	0.000212802	0.000776779	0.00040359	0.998528	7.86214e-05	2.40114e-05	8.38953e-06	5.78588e-06	1.9672e-05	0.999942
35	0.999277	0.000156381	0.000442727	8.34736e-05	4.01519e-05	2.90765e-05	0.999549	8.2868e-05	0.00033438	4.36147e-06	0.000343299	8.07762e-05	0.999299	0.000267183	9.32033e-06	5.22645e-05	0.000398645	0.000409918	0.999097	4.20166e-05	1.31094e-05	3.18876e-06	3.89737e-06	1.3818e-05	0.999966
36	0.998768	0.000184489	0.000746827	0.000238299	6.26791e-05	6.06048e-05	0.998905	0.000198343	0.00082643	9.18255e-06	0.000476873	9.45452e-05	0.999282	0.000133524	1.32695e-05	0.00013633	0.000632076	0.000218266	0.998955	5.7837e-05	2.15209e-05	6.62183e-06	4.41455e-06	1.91297e-05	0.999948
37	0.9987	0.000149117	0.000919808	0.000192483	3.88008e-05	4.68955e-05	0.999041	0.000321755	0.000588799	1.30265e-06	0.000367647	8.35561e-05	0.999419	0.000116979	1.28548e-05	9.82279e-05	0.000554442	0.000208098	0.999084	5.52987e-05	2.03174e-05	6.85123e-06	6.85123e-06	1.6065e-05	0.99995
38	0.998646	0.000179375	0.000931269	0.000190695	5.22451e-05	3.22518e-05	0.998936	0.000233311	0.000788453	9.60691e-06	0.000318721	6.08042e-05	0.999546	6.54815e-05	8.68632e-06	6.79964e-05	0.000540369	0.00020489	0.999127	5.98909e-05	1.94133e-05	8.43473e-06	4.81984e-06	2.0886e-05	0.999946
39	0.998671	0.000171327	0.000938008	0.000159714	5.97088e-05	2.28369e-05	0.998903	0.000300263	0.000767855	6.06164e-06	0.000296394	3.45748e-05	0.999616	4.24389e-05	1.0847e-05	5.21147e-05	0.000531981	0.000166357	0.99919	5.9419e-05	2.33618e-05	8.24997e-06	5.21189e-06	2.04023e-05	0.999943
40	0.998874	0.000232041	0.000646894	0.000181305	6.58389e-05	1.80834e-05	0.998805	0.000243559	0.000924162	8.95216e-06	0.000257957	2.9224e-05	0.999676	2.22342e-05	1.44456e-05	4.19626e-05	0.000413414	0.000218448	0.999275	5.14179e-05	2.86987e-05	1.0644e-05	6.28466e-06	2.39398e-05	0.99993
