quality	AA	AC	AG	AT	A.	CA	CC	CG	CT	C.	GA	GC	GG	GT	G.	TA	TC	TG	TT	T.	.A	.C	.G	.T	..
0	NA	NA	NA	NA	NA	NA	NA	NA	NA	NA	NA	NA	NA	NA	NA	NA	NA	NA	NA	NA	NA	NA	NA	NA	NA
1	NA	NA	NA	NA	NA	NA	NA	NA	NA	NA	NA	NA	NA	NA	NA	NA	NA	NA	NA	NA	NA	NA	NA	NA	NA
2	NA	NA	NA	NA	NA	NA	NA	NA	NA	NA	NA	NA	NA	NA	NA	NA	NA	NA	NA	NA	NA	NA	NA	NA	NA
3	NA	NA	NA	NA	NA	NA	NA	NA	NA	NA	NA	NA	NA	NA	NA	NA	NA	NA	NA	NA	NA	NA	NA	NA	NA
4	NA	NA	NA	NA	NA	NA	NA	NA	NA	NA	NA	NA	NA	NA	NA	NA	NA	NA	NA	NA	NA	NA	NA	NA	NA
5	NA	NA	NA	NA	NA	NA	NA	NA	NA	NA	NA	NA	NA	NA	NA	NA	NA	NA	NA	NA	NA	NA	NA	NA	NA
6	NA	NA	NA	NA	NA	NA	NA	NA	NA	NA	NA	NA	NA	NA	NA	NA	NA	NA	NA	NA	NA	NA	NA	NA	NA
7	NA	NA	NA	NA	NA	NA	NA	NA	NA	NA	NA	NA	NA	NA	NA	NA	NA	NA	NA	NA	NA	NA	NA	NA	NA
8	NA	NA	NA	NA	NA	NA	NA	NA	NA	NA	NA	NA	NA	NA	NA	NA	NA	NA	NA	NA	NA	NA	NA	NA	NA
9	NA	NA	NA	NA	NA	NA	NA	NA	NA	NA	NA	NA	NA	NA	NA	NA	NA	NA	NA	NA	NA	NA	NA	NA	NA
10	1	NA	NA	NA	NA	0.0833333	0.875	NA	0.0416667	NA	NA	NA	0.985075	0.0149254	NA	NA	NA	NA	1	NA	NA	NA	NA	NA	1
11	0.974429	0.0138974	0.00333537	0.00822725	0.000111179	0.0739931	0.903977	0.00563357	0.016228	0.000168166	0.0258925	0.00624055	0.918369	0.0492655	0.000232567	0.0174952	0.00896096	0.0258161	0.947728	NA	3.31625e-05	1.65813e-05	1.65813e-05	4.97438e-05	0.999884
12	0.972061	0.013508	0.00586909	0.00851624	4.53796e-05	0.0487785	0.933377	0.00533064	0.012349	0.000164653	0.0117884	0.00450125	0.949222	0.0343075	0.000180566	0.011198	0.00579135	0.0245626	0.958367	8.09979e-05	3.72617e-05	1.24206e-05	3.31215e-05	4.55421e-05	0.999872
13	0.96661	0.0178612	0.00638671	0.00900425	0.000137507	0.0350543	0.951336	0.0042807	0.00925136	7.78984e-05	0.00776673	0.00341092	0.968189	0.0205263	0.000107374	0.0114197	0.00782438	0.022148	0.958481	0.000126757	3.07003e-05	2.30252e-05	2.53278e-05	3.30028e-05	0.999888
14	0.965391	0.0187853	0.00617371	0.00951761	0.000132058	0.0317998	0.953484	0.00380163	0.0107287	0.000186287	0.0148797	0.00608896	0.94484	0.0340849	0.000106474	0.0141705	0.00976482	0.0188068	0.957052	0.000205641	6.29247e-05	4.19498e-05	1.94767e-05	4.64445e-05	0.999829
15	0.965002	0.017036	0.00678029	0.0111083	7.3081e-05	0.0262959	0.955982	0.00445449	0.0131719	9.57955e-05	0.0140226	0.0072035	0.951397	0.0272346	0.000142064	0.0143933	0.0101428	0.0210511	0.954272	0.000141012	3.53031e-05	3.29495e-05	1.88283e-05	4.70708e-05	0.999866
16	0.962733	0.0156103	0.00811697	0.0134054	0.000133907	0.0245021	0.957827	0.00470329	0.0128743	9.3352e-05	0.0128324	0.00615798	0.951778	0.0291389	9.31317e-05	0.0174942	0.0123086	0.0281109	0.941911	0.000175534	5.70329e-05	3.28371e-05	3.05328e-05	4.72394e-05	0.999832
17	NA	NA	NA	NA	NA	NA	NA	NA	NA	NA	NA	NA	NA	NA	NA	NA	NA	NA	NA	NA	NA	NA	NA	NA	NA
18	1	NA	NA	NA	NA	NA	1	NA	NA	NA	NA	NA	1	NA	NA	NA	NA	NA	1	NA	NA	NA	NA	NA	1
19	1	NA	NA	NA	NA	NA	1	NA	NA	NA	NA	NA	1	NA	NA	NA	NA	NA	1	NA	NA	NA	NA	NA	1
20	0.997681	0.00132494	0.000165618	0.000496853	0.000331236	0.0085659	0.9895	0.000828958	0.00110528	NA	0.00223214	0.000352444	0.992011	0.00540414	NA	0.00226529	0.000503398	0.00201359	0.995218	NA	NA	NA	9.04118e-05	NA	0.99991
21	0.996625	0.00231101	0.000304081	0.000684182	7.60202e-05	0.00374347	0.994661	0.000453157	0.00114274	NA	0.00068055	0.000252776	0.996967	0.00209998	NA	0.000649151	0.000594138	0.00201347	0.996721	2.20051e-05	2.70707e-05	1.5469e-05	1.16017e-05	1.93362e-05	0.999927
22	0.995594	0.00179439	0.00204425	0.000476991	9.08554e-05	0.00431798	0.994058	0.000295247	0.00118099	0.000147623	0.00112613	0.000296349	0.995881	0.00269678	NA	0.00140237	0.000890393	0.00278248	0.994858	6.67794e-05	6.67789e-06	NA	2.67115e-05	2.00337e-05	0.999947
23	0.996998	0.00145261	0.00111367	0.000387362	4.84203e-05	0.00257638	0.995828	0.000299192	0.00124663	4.98654e-05	0.000502073	0.000469681	0.997376	0.00165198	NA	0.000503211	0.00072686	0.00103837	0.997724	7.98748e-06	1.21395e-05	6.06977e-06	2.12442e-05	4.55232e-05	0.999915
24	0.997724	0.000844285	0.00106453	0.000330372	3.6708e-05	0.00285948	0.995798	0.00017507	0.00116713	NA	0.000873719	0.00029124	0.996796	0.00203868	NA	0.000318835	0.000371974	0.000983075	0.9983	2.65696e-05	2.01741e-05	NA	3.02612e-05	1.00871e-05	0.999939
25	0.996191	0.00103339	0.00203726	0.000649562	8.85766e-05	0.00249316	0.995698	0.000293312	0.00146656	4.88854e-05	0.00103171	0.000358857	0.996681	0.00183914	8.97143e-05	0.000357542	0.000960894	0.00109497	0.997497	8.93855e-05	3.29671e-05	1.64836e-05	4.94507e-05	3.29671e-05	0.999868
26	0.990804	0.000681199	0.00800409	0.00025545	0.00025545	0.00192018	0.99712	NA	0.000960088	NA	0.000435098	0.000145033	0.99855	0.000870196	NA	0.000530004	0.0032978	0.000765562	0.995348	5.88893e-05	9.3251e-05	4.66255e-05	2.33127e-05	6.99382e-05	0.999767
27	0.996082	0.00135979	0.00168202	0.000808785	6.76673e-05	0.00266158	0.99513	0.000636408	0.0015382	3.34951e-05	0.00171042	0.000716464	0.994075	0.00346405	3.41174e-05	0.000934641	0.000879196	0.00444747	0.99367	6.8646e-05	3.35529e-05	1.70063e-05	1.33292e-05	2.75777e-05	0.999909
28	0.998733	0.000361899	0.000579039	0.000253329	7.23798e-05	0.000435757	0.992063	0.000280129	0.00722112	NA	0.00154679	0.000406032	0.996732	0.00131477	NA	0.00030012	0.00052521	0.00067527	0.998424	7.503e-05	1.60317e-05	2.40475e-05	NA	1.60317e-05	0.999944
29	0.999205	0.000477175	0.000159058	NA	0.000159058	0.000621891	0.999378	NA	NA	NA	0.000359755	NA	0.99952	0.000119918	NA	0.000501505	NA	NA	0.999498	NA	NA	NA	NA	NA	1
30	0.997734	0.000531407	0.00133222	0.000362659	3.99665e-05	0.000442533	0.998282	0.000289935	0.000980984	4.35993e-06	0.000844019	0.000196582	0.998071	0.000888891	NA	0.000399706	0.00123084	0.000642913	0.997678	4.86414e-05	2.12522e-05	5.79605e-06	5.79605e-06	1.15921e-05	0.999956
31	0.998202	0.000390614	0.00118985	0.000189766	2.77031e-05	0.000478027	0.998217	0.000287227	0.0010176	NA	0.000555484	0.000120757	0.998748	0.000565547	1.00631e-05	0.000235203	0.000739848	0.000604383	0.998386	3.42384e-05	1.49855e-05	7.70685e-06	8.99133e-06	1.41292e-05	0.999954
32	0.999415	0.000243945	0.000230005	9.06081e-05	2.09096e-05	0.000257938	0.999415	2.57938e-05	0.000300928	NA	0.000251322	6.76636e-05	0.999401	0.000251322	2.89987e-05	6.87065e-05	0.000767222	0.000234747	0.998895	3.43532e-05	5.75871e-06	3.83914e-06	1.91957e-06	5.75871e-06	0.999983
33	0.999532	0.000239376	0.000133605	8.907e-05	5.56687e-06	0.000434365	0.999383	7.62044e-06	0.00017527	NA	0.000174476	6.82734e-05	0.99956	0.000182062	1.51719e-05	5.44621e-05	0.000712197	0.000217848	0.999007	8.37879e-06	9.39207e-06	1.56534e-06	3.13069e-06	1.56534e-06	0.999984
34	0.998151	0.000334333	0.00135448	0.00011606	4.4182e-05	0.000216221	0.998374	0.00028322	0.00111867	8.12099e-06	0.0006565	0.000107108	0.998854	0.000370262	1.20035e-05	0.000153882	0.00063063	0.000589643	0.998579	4.674e-05	1.81243e-05	5.84007e-06	5.03454e-06	1.63119e-05	0.999955
35	0.998693	0.000263776	0.000969401	3.99949e-05	3.33291e-05	0.000265522	0.999122	0.000100899	0.000507148	3.98284e-06	0.000439048	5.47182e-05	0.999323	0.000178486	5.21126e-06	6.74172e-05	0.000282598	0.000549496	0.999053	4.70997e-05	8.52622e-06	5.78565e-06	4.56762e-06	7.30819e-06	0.999974
36	0.99855	0.000223443	0.00109703	9.52919e-05	3.37981e-05	0.000100962	0.998592	0.000284986	0.00101249	9.30857e-06	0.000416308	5.81054e-05	0.999352	0.000161328	1.23047e-05	0.000102238	0.000762528	0.000227907	0.998858	4.95217e-05	1.71852e-05	5.53421e-06	5.82548e-06	1.3253e-05	0.999958
37	0.998211	0.000178364	0.00150942	7.76552e-05	2.36606e-05	9.79247e-05	0.99879	0.000302955	0.000802779	6.12029e-06	0.000308456	4.63211e-05	0.999529	0.000102117	1.36858e-05	8.88598e-05	0.000666162	0.000319895	0.998895	2.9811e-05	1.48442e-05	6.01285e-06	4.88544e-06	1.65353e-05	0.999958
38	0.998281	0.000197103	0.00141634	6.31041e-05	4.20694e-05	6.44115e-05	0.998601	0.000248782	0.00107609	1.00458e-05	0.00032865	4.32114e-05	0.999551	6.75559e-05	9.73779e-06	6.73368e-05	0.000731804	0.000227552	0.998927	4.60522e-05	1.74426e-05	7.89632e-06	5.53921e-06	1.39069e-05	0.999955
39	0.998551	0.000205118	0.00114752	5.09337e-05	4.54858e-05	3.7165e-05	0.998646	0.000298009	0.00100993	8.94714e-06	0.000342807	3.59559e-05	0.999565	4.31743e-05	1.29387e-05	5.52219e-05	0.000674971	0.000171091	0.99906	3.8623e-05	1.58642e-05	6.98439e-06	6.43914e-06	1.49295e-05	0.999956
40	0.998641	0.000230751	0.00103335	4.44932e-05	5.07529e-05	2.51121e-05	0.998499	0.00033209	0.00113078	1.34793e-05	0.000298775	3.32434e-05	0.999625	2.59714e-05	1.7245e-05	5.6302e-05	0.000572434	0.000196253	0.999137	3.84879e-05	2.07943e-05	8.14582e-06	6.55776e-06	1.70203e-05	0.999947
