
SUMMARISING RUN PARAMETERS
==========================
Input filename: SC2232/host_removal/SC2232_R2.fastq.gz
Trimming mode: paired-end
Trim Galore version: 0.6.4_dev
Cutadapt version: 4.1
Python version: could not detect
Number of cores used for trimming: 2
Quality Phred score cutoff: 20
Quality encoding type selected: ASCII+33
Using Illumina adapter for trimming (count: 26405). Second best hit was smallRNA (count: 0)
Adapter sequence: 'AGATCGGAAGAGC' (Illumina TruSeq, Sanger iPCR; auto-detected)
Maximum trimming error rate: 0.1 (default)
Minimum required adapter overlap (stringency): 1 bp
Minimum required sequence length for both reads before a sequence pair gets removed: 20 bp
Running FastQC on the data once trimming has completed
Output file will be GZIP compressed


This is cutadapt 4.1 with Python 3.9.13
Command line parameters: -j 2 -e 0.1 -q 20 -O 1 -a AGATCGGAAGAGC SC2232/host_removal/SC2232_R2.fastq.gz
Processing single-end reads on 2 cores ...
Finished in 36.11 s (39 µs/read; 1.54 M reads/minute).

=== Summary ===

Total reads processed:                 928,024
Reads with adapters:                   323,751 (34.9%)
Reads written (passing filters):       928,024 (100.0%)

Total basepairs processed:   232,934,024 bp
Quality-trimmed:               5,089,822 bp (2.2%)
Total written (filtered):    225,715,177 bp (96.9%)

=== Adapter 1 ===

Sequence: AGATCGGAAGAGC; Type: regular 3'; Length: 13; Trimmed: 323751 times

Minimum overlap: 1
No. of allowed errors:
1-9 bp: 0; 10-13 bp: 1

Bases preceding removed adapters:
  A: 37.4%
  C: 15.4%
  G: 11.5%
  T: 35.1%
  none/other: 0.6%

Overview of removed sequences
length	count	expect	max.err	error counts
1	210708	232006.0	0	210708
2	63747	58001.5	0	63747
3	6501	14500.4	0	6501
4	1314	3625.1	0	1314
5	308	906.3	0	308
6	428	226.6	0	428
7	12305	56.6	0	12305
8	228	14.2	0	228
9	498	3.5	0	498
10	553	0.9	1	510 43
11	108	0.2	1	97 11
12	329	0.1	1	311 18
13	47	0.0	1	42 5
14	217	0.0	1	198 19
15	60	0.0	1	54 6
16	80	0.0	1	75 5
17	179	0.0	1	167 12
18	47	0.0	1	41 6
19	172	0.0	1	161 11
20	268	0.0	1	253 15
21	115	0.0	1	102 13
22	982	0.0	1	926 56
23	262	0.0	1	235 27
24	2372	0.0	1	2275 97
25	108	0.0	1	96 12
26	309	0.0	1	285 24
27	239	0.0	1	214 25
28	614	0.0	1	589 25
29	78	0.0	1	60 18
30	315	0.0	1	294 21
31	50	0.0	1	44 6
32	174	0.0	1	161 13
33	70	0.0	1	60 10
34	140	0.0	1	126 14
35	134	0.0	1	121 13
36	1228	0.0	1	1186 42
37	548	0.0	1	521 27
38	261	0.0	1	232 29
39	161	0.0	1	151 10
40	259	0.0	1	240 19
41	362	0.0	1	327 35
42	394	0.0	1	345 49
43	688	0.0	1	656 32
44	569	0.0	1	526 43
45	675	0.0	1	648 27
46	553	0.0	1	531 22
47	410	0.0	1	384 26
48	330	0.0	1	320 10
49	210	0.0	1	201 9
50	152	0.0	1	147 5
51	200	0.0	1	197 3
52	117	0.0	1	110 7
53	157	0.0	1	148 9
54	381	0.0	1	370 11
55	151	0.0	1	145 6
56	339	0.0	1	319 20
57	643	0.0	1	629 14
58	372	0.0	1	367 5
59	84	0.0	1	80 4
60	189	0.0	1	180 9
61	76	0.0	1	75 1
62	40	0.0	1	37 3
63	99	0.0	1	97 2
64	43	0.0	1	41 2
65	22	0.0	1	22
66	21	0.0	1	18 3
67	16	0.0	1	14 2
68	13	0.0	1	13
69	20	0.0	1	19 1
70	22	0.0	1	22
71	14	0.0	1	14
72	25	0.0	1	22 3
73	24	0.0	1	20 4
74	46	0.0	1	37 9
75	82	0.0	1	77 5
76	92	0.0	1	84 8
77	145	0.0	1	120 25
78	302	0.0	1	261 41
79	530	0.0	1	419 111
80	1108	0.0	1	905 203
81	1069	0.0	1	911 158
82	774	0.0	1	585 189
83	610	0.0	1	499 111
84	364	0.0	1	278 86
85	281	0.0	1	240 41
86	204	0.0	1	157 47
87	132	0.0	1	101 31
88	120	0.0	1	85 35
89	101	0.0	1	66 35
90	70	0.0	1	49 21
91	91	0.0	1	69 22
92	72	0.0	1	51 21
93	105	0.0	1	87 18
94	710	0.0	1	675 35
95	87	0.0	1	72 15
96	89	0.0	1	74 15
97	53	0.0	1	40 13
98	49	0.0	1	37 12
99	45	0.0	1	33 12
100	31	0.0	1	23 8
101	24	0.0	1	18 6
102	15	0.0	1	11 4
103	24	0.0	1	19 5
104	22	0.0	1	16 6
105	39	0.0	1	34 5
106	20	0.0	1	15 5
107	28	0.0	1	23 5
108	24	0.0	1	18 6
109	21	0.0	1	11 10
110	27	0.0	1	16 11
111	180	0.0	1	148 32
112	37	0.0	1	27 10
113	39	0.0	1	31 8
114	37	0.0	1	23 14
115	23	0.0	1	15 8
116	22	0.0	1	16 6
117	13	0.0	1	11 2
118	16	0.0	1	9 7
119	16	0.0	1	13 3
120	11	0.0	1	7 4
121	11	0.0	1	5 6
122	8	0.0	1	4 4
123	18	0.0	1	10 8
124	12	0.0	1	8 4
125	10	0.0	1	3 7
126	13	0.0	1	5 8
127	29	0.0	1	25 4
128	14	0.0	1	8 6
129	20	0.0	1	14 6
130	16	0.0	1	5 11
131	6	0.0	1	4 2
132	11	0.0	1	6 5
133	16	0.0	1	11 5
134	25	0.0	1	20 5
135	11	0.0	1	8 3
136	21	0.0	1	13 8
137	8	0.0	1	2 6
138	7	0.0	1	2 5
139	8	0.0	1	4 4
140	7	0.0	1	4 3
141	6	0.0	1	4 2
142	11	0.0	1	2 9
143	14	0.0	1	8 6
144	6	0.0	1	4 2
145	12	0.0	1	9 3
146	7	0.0	1	2 5
147	17	0.0	1	15 2
148	9	0.0	1	5 4
149	16	0.0	1	12 4
150	7	0.0	1	2 5
151	21	0.0	1	13 8
152	12	0.0	1	10 2
153	24	0.0	1	18 6
154	36	0.0	1	24 12
155	18	0.0	1	12 6
156	53	0.0	1	44 9
157	16	0.0	1	14 2
158	10	0.0	1	7 3
159	13	0.0	1	7 6
160	20	0.0	1	13 7
161	17	0.0	1	15 2
162	17	0.0	1	15 2
163	17	0.0	1	14 3
164	9	0.0	1	4 5
165	13	0.0	1	11 2
166	29	0.0	1	27 2
167	18	0.0	1	14 4
168	26	0.0	1	23 3
169	8	0.0	1	8
170	7	0.0	1	4 3
171	6	0.0	1	3 3
172	19	0.0	1	18 1
173	11	0.0	1	11
174	9	0.0	1	6 3
175	32	0.0	1	32
176	18	0.0	1	17 1
177	11	0.0	1	9 2
178	10	0.0	1	10
179	1	0.0	1	1
180	8	0.0	1	6 2
181	27	0.0	1	24 3
182	4	0.0	1	3 1
183	5	0.0	1	3 2
184	4	0.0	1	3 1
185	19	0.0	1	17 2
186	4	0.0	1	3 1
187	10	0.0	1	9 1
188	14	0.0	1	13 1
189	15	0.0	1	14 1
190	16	0.0	1	16
191	13	0.0	1	12 1
192	7	0.0	1	7
193	28	0.0	1	27 1
194	10	0.0	1	10
195	7	0.0	1	7
196	7	0.0	1	7
197	10	0.0	1	10
198	7	0.0	1	7
199	8	0.0	1	8
200	20	0.0	1	20
201	11	0.0	1	9 2
202	19	0.0	1	19
203	28	0.0	1	28
204	8	0.0	1	7 1
205	26	0.0	1	25 1
206	23	0.0	1	23
207	18	0.0	1	17 1
208	32	0.0	1	30 2
209	39	0.0	1	36 3
210	28	0.0	1	28
211	34	0.0	1	34
212	18	0.0	1	17 1
213	20	0.0	1	19 1
214	15	0.0	1	13 2
215	25	0.0	1	23 2
216	3	0.0	1	3
217	16	0.0	1	14 2
218	2	0.0	1	1 1
219	2	0.0	1	2
224	1	0.0	1	1
226	1	0.0	1	1
231	1	0.0	1	1
233	1	0.0	1	1
235	1	0.0	1	1
238	1	0.0	1	0 1
239	1	0.0	1	1
240	1	0.0	1	0 1
244	2	0.0	1	1 1
245	1	0.0	1	0 1
246	1	0.0	1	0 1
247	2	0.0	1	0 2
248	1	0.0	1	0 1
249	2	0.0	1	0 2
250	11	0.0	1	0 11
251	309	0.0	1	0 309

RUN STATISTICS FOR INPUT FILE: SC2232/host_removal/SC2232_R2.fastq.gz
=============================================
928024 sequences processed in total

Total number of sequences analysed for the sequence pair length validation: 928024

Number of sequence pairs removed because at least one read was shorter than the length cutoff (20 bp): 4226 (0.46%)
