quality	AA	AC	AG	AT	A.	CA	CC	CG	CT	C.	GA	GC	GG	GT	G.	TA	TC	TG	TT	T.	.A	.C	.G	.T	..
0	NA	NA	NA	NA	NA	NA	NA	NA	NA	NA	NA	NA	NA	NA	NA	NA	NA	NA	NA	NA	NA	NA	NA	NA	NA
1	NA	NA	NA	NA	NA	NA	NA	NA	NA	NA	NA	NA	NA	NA	NA	NA	NA	NA	NA	NA	NA	NA	NA	NA	NA
2	NA	NA	NA	NA	NA	NA	NA	NA	NA	NA	NA	NA	NA	NA	NA	NA	NA	NA	NA	NA	NA	NA	NA	NA	NA
3	NA	NA	NA	NA	NA	NA	NA	NA	NA	NA	NA	NA	NA	NA	NA	NA	NA	NA	NA	NA	NA	NA	NA	NA	NA
4	NA	NA	NA	NA	NA	NA	NA	NA	NA	NA	NA	NA	NA	NA	NA	NA	NA	NA	NA	NA	NA	NA	NA	NA	NA
5	NA	NA	NA	NA	NA	NA	NA	NA	NA	NA	NA	NA	NA	NA	NA	NA	NA	NA	NA	NA	NA	NA	NA	NA	NA
6	NA	NA	NA	NA	NA	NA	NA	NA	NA	NA	NA	NA	NA	NA	NA	NA	NA	NA	NA	NA	NA	NA	NA	NA	NA
7	NA	NA	NA	NA	NA	NA	NA	NA	NA	NA	NA	NA	NA	NA	NA	NA	NA	NA	NA	NA	NA	NA	NA	NA	NA
8	NA	NA	NA	NA	NA	NA	NA	NA	NA	NA	NA	NA	NA	NA	NA	NA	NA	NA	NA	NA	NA	NA	NA	NA	NA
9	NA	NA	NA	NA	NA	NA	NA	NA	NA	NA	NA	NA	NA	NA	NA	NA	NA	NA	NA	NA	NA	NA	NA	NA	NA
10	0.980392	0.0196078	NA	NA	NA	NA	1	NA	NA	NA	0.0204082	NA	0.969388	0.0102041	NA	NA	NA	NA	1	NA	NA	NA	NA	NA	1
11	0.974909	0.014537	0.00325918	0.00713916	0.000155199	0.0685472	0.910924	0.0056704	0.0145708	0.000287109	0.0213332	0.00615174	0.922222	0.0501133	0.000179876	0.0175614	0.00758332	0.02275	0.952105	NA	1.51414e-05	NA	1.51414e-05	6.05657e-05	0.999909
12	0.972824	0.0134056	0.00616247	0.00759357	1.4603e-05	0.053527	0.928437	0.00523634	0.0126796	0.000120376	0.0111158	0.00466305	0.947964	0.0360748	0.000182626	0.0103567	0.00629162	0.025432	0.957736	0.000183846	4.41204e-05	8.02188e-06	1.20328e-05	8.82407e-05	0.999848
13	0.968138	0.0175051	0.00532802	0.00890467	0.000124644	0.0358789	0.950052	0.00427518	0.00968605	0.000107695	0.00743163	0.00320538	0.968114	0.0211685	8.06774e-05	0.0124933	0.00853218	0.022258	0.956543	0.000173204	4.53367e-05	2.13349e-05	2.80021e-05	3.80028e-05	0.999867
14	0.962203	0.0190945	0.00875881	0.00973928	0.000204263	0.0319728	0.952825	0.00437042	0.0106799	0.000151962	0.0131498	0.00574802	0.949698	0.031192	0.000212464	0.0145859	0.0101877	0.019762	0.955317	0.000147886	6.00747e-05	4.17911e-05	2.48135e-05	4.96269e-05	0.999824
15	0.966697	0.0152953	0.00712944	0.0107742	0.000104333	0.0281314	0.954625	0.00467653	0.0124316	0.000135421	0.0141661	0.00651052	0.951505	0.0277596	5.87195e-05	0.0144435	0.00912593	0.0206386	0.955564	0.000228148	8.5676e-05	1.46276e-05	3.13449e-05	4.59725e-05	0.999822
16	0.965466	0.0147454	0.00735464	0.0123378	9.58003e-05	0.0257592	0.956774	0.00436556	0.0130045	9.70125e-05	0.0118837	0.00541607	0.956338	0.0262611	0.000100608	0.0189995	0.0122251	0.0279475	0.940664	0.00016432	7.14524e-05	2.59827e-05	2.89807e-05	3.49767e-05	0.999839
17	NA	NA	NA	NA	NA	NA	NA	NA	NA	NA	NA	NA	NA	NA	NA	NA	NA	NA	NA	NA	NA	NA	NA	NA	NA
18	1	NA	NA	NA	NA	NA	1	NA	NA	NA	NA	NA	1	NA	NA	NA	NA	NA	1	NA	NA	NA	NA	NA	1
19	1	NA	NA	NA	NA	NA	1	NA	NA	NA	NA	NA	1	NA	NA	NA	NA	NA	1	NA	NA	NA	NA	NA	1
20	0.99717	0.00166472	0.000499417	0.00066589	NA	0.00535475	0.993307	0.000803213	0.000535475	NA	0.00104493	0.000232207	0.994891	0.00371531	0.000116104	0.00104794	0.00157192	0.00419177	0.993188	NA	9.03791e-05	NA	NA	4.51896e-05	0.999864
21	0.996991	0.00199256	0.000448655	0.000541026	2.63915e-05	0.00440529	0.994191	0.000284212	0.00110132	1.77633e-05	0.000773515	0.000360974	0.994414	0.00443482	1.71892e-05	0.00081983	0.000540123	0.00210262	0.996489	4.82253e-05	6.80846e-06	1.02127e-05	1.36169e-05	1.02127e-05	0.999959
22	0.996502	0.00233194	0.000542779	0.000603088	2.01029e-05	0.00430301	0.994059	0.000449568	0.00118814	NA	0.00104698	0.000456376	0.995866	0.00260403	2.68456e-05	0.00112696	0.000893794	0.00264252	0.995337	NA	3.53901e-05	2.35934e-05	3.53901e-05	5.89835e-06	0.9999
23	0.997543	0.0014087	0.000582547	0.000434262	3.17753e-05	0.00275126	0.99582	0.000197604	0.00118563	4.5601e-05	0.000602604	0.000323349	0.994826	0.00418884	5.87907e-05	0.000392325	0.00092018	0.00112704	0.997539	2.13995e-05	1.62914e-05	1.62914e-05	1.90066e-05	2.71523e-05	0.999921
24	0.998505	0.000903089	0.000280269	0.000249128	6.2282e-05	0.00304971	0.995171	0.000304971	0.0014232	5.08285e-05	0.000843547	0.000396963	0.996675	0.00203444	4.96204e-05	0.000356864	0.000535296	0.000825248	0.998238	4.4608e-05	1.71325e-05	1.71325e-05	2.56988e-05	1.71325e-05	0.999923
25	0.99724	0.00162038	0.000810188	0.000329139	NA	0.00251588	0.996205	0.000170568	0.000980768	0.000127926	0.000880705	0.000560448	0.996918	0.00164131	NA	0.000351762	0.00181744	0.000898947	0.996912	1.95423e-05	3.59567e-05	NA	2.1574e-05	7.19135e-06	0.999935
26	0.99609	0.00132937	0.00211135	0.000234595	0.000234595	0.00298285	0.996396	0.000124285	0.000497141	NA	0.00040016	0.000133387	0.997199	0.00226757	NA	0.000432479	0.00324359	0.000702779	0.995513	0.00010812	4.27314e-05	4.27314e-05	NA	0.000106828	0.999808
27	0.99592	0.00129662	0.00198974	0.000742125	5.18088e-05	0.00280078	0.995358	0.00033272	0.00147217	3.64625e-05	0.00152675	0.000630874	0.994718	0.00309306	3.16426e-05	0.000973773	0.000869316	0.00412374	0.993938	9.51721e-05	3.05819e-05	1.36814e-05	1.1267e-05	2.73627e-05	0.999917
28	0.997942	0.000261335	0.00140468	0.000294002	9.80008e-05	0.000423101	0.996917	9.06646e-05	0.00256883	NA	0.00161796	0.000413095	0.996213	0.00170402	5.16369e-05	0.000496877	0.000496877	0.000780806	0.998154	7.09824e-05	2.94516e-05	NA	NA	2.20887e-05	0.999948
29	0.999357	NA	NA	NA	0.000643397	0.00170116	0.998015	NA	0.000283527	NA	0.000324044	0.000108015	0.999352	0.000216029	NA	NA	NA	NA	1	NA	4.77897e-05	NA	NA	NA	0.999952
30	0.99791	0.000545783	0.00117285	0.00033676	3.48372e-05	0.000679686	0.998141	0.000140693	0.00102845	9.90796e-06	0.000771151	0.000177814	0.997857	0.0011848	9.35863e-06	0.000388072	0.00128406	0.000589718	0.997696	4.1851e-05	1.5429e-05	6.00015e-06	4.28582e-06	1.24289e-05	0.999962
31	0.998259	0.000425565	0.00110985	0.000164423	4.11057e-05	0.000601067	0.998479	6.7832e-05	0.000844131	7.53689e-06	0.000543621	0.000118023	0.998503	0.000829738	5.36468e-06	0.000233993	0.000752789	0.000621753	0.998358	3.34276e-05	1.60754e-05	4.97572e-06	3.82748e-06	1.33962e-05	0.999962
32	0.999546	0.000191103	0.000197075	5.97197e-05	5.97197e-06	0.000269129	0.999386	2.52309e-05	0.000319591	NA	0.000221911	4.43821e-05	0.997941	0.00178416	8.87642e-06	4.71118e-05	0.00106263	0.000183213	0.998686	2.09386e-05	1.76419e-06	5.29257e-06	5.29257e-06	1.05851e-05	0.999977
33	0.999589	0.000222626	0.000133575	3.46307e-05	1.9789e-05	0.000465123	0.999215	4.36053e-05	0.000276167	NA	0.000263633	6.24393e-05	0.997933	0.00173442	6.9377e-06	6.46346e-05	0.00100374	0.00016729	0.99873	3.42183e-05	7.18332e-06	4.30999e-06	1.43666e-06	5.74666e-06	0.999981
34	0.99816	0.000402083	0.00124958	0.000135761	5.25712e-05	0.000358492	0.998836	6.58455e-05	0.000738018	1.82904e-06	0.000546444	0.000102561	0.998886	0.000457831	7.38437e-06	0.00014266	0.000653538	0.000611126	0.998534	5.84778e-05	1.98674e-05	6.80146e-06	6.08552e-06	1.57508e-05	0.999951
35	0.998728	0.000297948	0.000892049	4.84614e-05	3.3205e-05	0.000293794	0.999376	3.30371e-05	0.000291434	5.89948e-06	0.00027534	3.95003e-05	0.99952	0.000159163	5.80887e-06	5.36833e-05	0.000257029	0.000573435	0.999065	5.04298e-05	1.17065e-05	3.81142e-06	2.72244e-06	8.98406e-06	0.999973
36	0.998615	0.000292662	0.000962256	9.38179e-05	3.61157e-05	0.000237581	0.999052	4.29599e-05	0.000654813	1.30182e-05	0.000391138	5.99867e-05	0.999136	0.000402768	9.79374e-06	0.000105203	0.00078254	0.000257484	0.998808	4.70773e-05	1.67118e-05	5.22243e-06	6.13635e-06	1.31866e-05	0.999959
37	0.998433	0.000238066	0.00120806	7.46978e-05	4.62159e-05	0.000239837	0.999191	2.77803e-05	0.00053153	1.01861e-05	0.000292738	5.31403e-05	0.999184	0.000462414	7.45828e-06	6.83126e-05	0.000686208	0.00030715	0.998886	5.23901e-05	1.84587e-05	5.36979e-06	7.38346e-06	1.76196e-05	0.999951
38	0.998486	0.000274682	0.00113119	7.18989e-05	3.59494e-05	0.000207001	0.999136	2.47084e-05	0.000620455	1.20797e-05	0.000310202	4.22753e-05	0.99935	0.00028824	8.78447e-06	6.38184e-05	0.000680963	0.000241949	0.998965	4.87404e-05	1.62427e-05	6.09102e-06	5.343e-06	1.73113e-05	0.999955
39	0.998684	0.000286311	0.000923762	5.84324e-05	4.75885e-05	0.000206322	0.999188	2.25308e-05	0.000571498	1.15186e-05	0.000316367	3.40703e-05	0.999417	0.000222518	1.04832e-05	5.77741e-05	0.000596654	0.000192679	0.999107	4.58055e-05	1.72742e-05	6.36542e-06	5.98681e-06	1.56651e-05	0.999955
40	0.999025	0.0002896	0.000573491	5.52443e-05	5.61669e-05	0.000215081	0.999135	1.95449e-05	0.000613428	1.64773e-05	0.000287977	2.50976e-05	0.999584	9.04703e-05	1.24992e-05	4.86011e-05	0.000492177	0.000229944	0.999187	4.27151e-05	2.06856e-05	6.97169e-06	5.82445e-06	1.67497e-05	0.99995
