quality	AA	AC	AG	AT	A.	CA	CC	CG	CT	C.	GA	GC	GG	GT	G.	TA	TC	TG	TT	T.	.A	.C	.G	.T	..
0	NA	NA	NA	NA	NA	NA	NA	NA	NA	NA	NA	NA	NA	NA	NA	NA	NA	NA	NA	NA	NA	NA	NA	NA	NA
1	NA	NA	NA	NA	NA	NA	NA	NA	NA	NA	NA	NA	NA	NA	NA	NA	NA	NA	NA	NA	NA	NA	NA	NA	NA
2	NA	NA	NA	NA	NA	NA	NA	NA	NA	NA	NA	NA	NA	NA	NA	NA	NA	NA	NA	NA	NA	NA	NA	NA	NA
3	NA	NA	NA	NA	NA	NA	NA	NA	NA	NA	NA	NA	NA	NA	NA	NA	NA	NA	NA	NA	NA	NA	NA	NA	NA
4	NA	NA	NA	NA	NA	NA	NA	NA	NA	NA	NA	NA	NA	NA	NA	NA	NA	NA	NA	NA	NA	NA	NA	NA	NA
5	NA	NA	NA	NA	NA	NA	NA	NA	NA	NA	NA	NA	NA	NA	NA	NA	NA	NA	NA	NA	NA	NA	NA	NA	NA
6	NA	NA	NA	NA	NA	NA	NA	NA	NA	NA	NA	NA	NA	NA	NA	NA	NA	NA	NA	NA	NA	NA	NA	NA	NA
7	NA	NA	NA	NA	NA	NA	NA	NA	NA	NA	NA	NA	NA	NA	NA	NA	NA	NA	NA	NA	NA	NA	NA	NA	NA
8	NA	NA	NA	NA	NA	NA	NA	NA	NA	NA	NA	NA	NA	NA	NA	NA	NA	NA	NA	NA	NA	NA	NA	NA	NA
9	NA	NA	NA	NA	NA	NA	NA	NA	NA	NA	NA	NA	NA	NA	NA	NA	NA	NA	NA	NA	NA	NA	NA	NA	NA
10	NA	NA	NA	NA	NA	NA	NA	NA	NA	NA	NA	NA	NA	NA	NA	NA	NA	NA	NA	NA	NA	NA	NA	NA	NA
11	0.9732	0.0145893	0.003013	0.00903901	0.000158579	0.0530954	0.925755	0.00528751	0.0154219	0.000440626	0.0210395	0.00697844	0.932819	0.0390584	0.000104156	0.0299252	0.00997506	0.0280549	0.932045	NA	0.00013611	NA	NA	4.537e-05	0.999819
12	0.970371	0.0136052	0.00648347	0.00943967	0.000100779	0.0372582	0.945684	0.00493783	0.0120752	4.48893e-05	0.0126891	0.00555781	0.950081	0.031545	0.000126891	0.0132984	0.00769066	0.0253685	0.953429	0.00021363	5.44786e-05	NA	3.63191e-05	6.35584e-05	0.999846
13	0.965445	0.0163078	0.0065808	0.0115362	0.000129742	0.0301094	0.952937	0.0048905	0.0119864	7.71894e-05	0.00893143	0.00440224	0.96369	0.0228795	9.64736e-05	0.0145606	0.00994237	0.0225102	0.952858	0.000129122	4.95588e-05	2.92847e-05	2.14004e-05	4.05481e-05	0.999859
14	0.959105	0.0168875	0.0105496	0.0132796	0.000178341	0.0285109	0.952942	0.00497177	0.0134831	9.20697e-05	0.0178604	0.00664214	0.943107	0.0322356	0.000154468	0.0176339	0.0133377	0.021129	0.947635	0.000264112	6.73189e-05	4.34315e-05	3.90884e-05	6.51473e-05	0.999785
15	0.977314	0.00793486	0.005687	0.00895003	0.000113947	0.0121378	0.976899	0.00247977	0.00840037	8.30545e-05	0.0142413	0.00616434	0.952781	0.0267162	9.746e-05	0.0218454	0.0165051	0.0242345	0.937196	0.00021861	5.19735e-05	3.24835e-05	2.92351e-05	6.17186e-05	0.999825
16	0.964859	0.0114616	0.00898186	0.0145621	0.000135462	0.0189838	0.960297	0.00449211	0.0160547	0.0001723	0.0167888	0.00755526	0.950557	0.0249887	0.000110338	0.0175654	0.0121344	0.0184167	0.95172	0.000163725	8.84833e-05	4.54706e-05	5.03863e-05	7.61939e-05	0.999739
17	NA	NA	NA	NA	NA	NA	NA	NA	NA	NA	NA	NA	NA	NA	NA	NA	NA	NA	NA	NA	NA	NA	NA	NA	NA
18	NA	NA	NA	NA	NA	NA	NA	NA	NA	NA	NA	NA	NA	NA	NA	NA	NA	NA	NA	NA	NA	NA	NA	NA	NA
19	NA	NA	NA	NA	NA	NA	NA	NA	NA	NA	NA	NA	NA	NA	NA	NA	NA	NA	NA	NA	NA	NA	NA	NA	NA
20	0.996078	0.00174292	NA	0.00130719	0.00087146	0.00400267	0.993996	0.000667111	0.00133422	NA	0.00207308	0.00103654	0.993781	0.00310961	NA	0.00439802	0.000549753	0.00494777	0.989555	0.000549753	NA	NA	NA	NA	1
21	0.997499	0.00125052	0.000476389	0.000744358	2.97743e-05	0.00245606	0.996009	0.000460511	0.00107453	NA	0.000853242	0.00059356	0.995585	0.0029307	3.70975e-05	0.00113857	0.000476131	0.00209084	0.996253	4.14027e-05	1.48357e-05	7.41785e-06	7.41785e-06	2.22535e-05	0.999948
22	0.996492	0.00175418	0.000613963	0.000964799	0.000175418	0.00349506	0.994206	0.000597839	0.00160957	9.19752e-05	0.0023553	0.00050195	0.993745	0.00339781	NA	0.00148185	0.000950623	0.00301963	0.994492	5.5919e-05	3.40289e-05	NA	2.55217e-05	1.70145e-05	0.999923
23	0.997181	0.00137156	0.000704829	0.00068578	5.71483e-05	0.00225378	0.996171	0.000787466	0.000760312	2.7154e-05	0.0010798	0.000514192	0.994652	0.00372789	2.57096e-05	0.00119993	0.00112334	0.00168501	0.995966	2.55304e-05	1.45329e-05	4.8443e-06	2.42215e-05	4.8443e-06	0.999952
24	0.998299	0.000781465	0.000413717	0.000505654	NA	0.00192237	0.99586	0.00103512	0.00118299	NA	0.000707164	0.000565731	0.996888	0.00183863	NA	0.000697881	0.000285497	0.00161781	0.997304	9.51656e-05	1.23573e-05	1.23573e-05	1.23573e-05	2.47145e-05	0.999938
25	0.996925	0.00153762	0.000854234	0.000683387	NA	0.00271558	0.995677	0.000775881	0.000720461	0.00011084	0.0013834	0.000543478	0.99501	0.00306324	NA	0.00109796	0.00175674	0.00117116	0.99595	2.43992e-05	1.84322e-05	4.60804e-05	1.84322e-05	2.76482e-05	0.999889
26	0.996652	0.00133917	0.000982055	0.000848139	0.000178555	0.00201301	0.996826	0.000154847	0.0010065	NA	0.00118353	0.000789017	0.995818	0.00220925	NA	0.000298338	0.000895015	0.00134252	0.997404	5.96677e-05	4.90942e-05	1.22736e-05	2.45471e-05	2.45471e-05	0.99989
27	0.995437	0.00107867	0.00221572	0.00119542	7.36035e-05	0.0013484	0.99671	0.000353808	0.00157248	1.57248e-05	0.00234983	0.00121554	0.992033	0.00437799	2.37014e-05	0.000969716	0.00126005	0.00344143	0.994217	0.000112263	3.55873e-05	1.74305e-05	1.08941e-05	3.63136e-05	0.9999
28	0.997241	0.000496552	0.00137931	0.000882759	NA	0.000468482	0.996564	0.000208214	0.00275884	NA	0.00294517	0.000461987	0.995207	0.00135709	2.88742e-05	0.00061722	0.00380619	0.0010287	0.994548	NA	1.22469e-05	NA	NA	NA	0.999988
29	0.99942	0.000580046	NA	NA	NA	NA	1	NA	NA	NA	0.00087668	NA	0.999123	NA	NA	NA	NA	NA	1	NA	NA	NA	NA	NA	1
30	0.997428	0.000543909	0.00133665	0.000656214	3.5233e-05	0.000426374	0.998193	0.000159044	0.00121483	6.76785e-06	0.00144868	0.000443161	0.996858	0.00124391	6.11256e-06	0.000512251	0.00157773	0.000645437	0.997234	3.07351e-05	2.12161e-05	1.6095e-05	6.58431e-06	1.97529e-05	0.999936
31	0.998301	0.000320135	0.00107027	0.000257624	5.11459e-05	0.000295321	0.998847	8.8883e-05	0.000765541	2.86719e-06	0.000750636	0.000217576	0.998099	0.000924697	8.15909e-06	0.000285749	0.000959768	0.000634756	0.998074	4.58071e-05	2.09203e-05	9.56354e-06	7.77038e-06	1.31499e-05	0.999949
32	0.999657	0.000133351	0.000142876	6.66756e-05	NA	5.09171e-05	0.999707	3.81879e-05	0.000203669	NA	0.000335315	0.000116071	0.997949	0.0015992	NA	0.000108123	0.000898256	0.00020793	0.998769	1.66344e-05	2.674e-06	8.02201e-06	8.02201e-06	5.34801e-06	0.999976
33	0.999651	6.83359e-05	0.00017084	8.20031e-05	2.73344e-05	7.83124e-05	0.999657	3.91562e-05	0.000225148	NA	0.000231428	NA	0.998255	0.00150428	9.64283e-06	4.9583e-05	0.000669371	0.000361956	0.998914	4.9583e-06	1.91458e-06	1.91458e-06	5.74375e-06	9.57291e-06	0.999981
34	0.998058	0.000381344	0.00129006	0.000198113	7.25483e-05	0.000229165	0.998944	6.20962e-05	0.000755504	8.87088e-06	0.00074202	0.000184863	0.998588	0.000476279	8.9864e-06	0.000208045	0.000871126	0.000370997	0.998491	5.84167e-05	2.28504e-05	7.99763e-06	5.71259e-06	1.85659e-05	0.999945
35	0.999103	0.000175401	0.000635265	5.17207e-05	3.48552e-05	4.96167e-05	0.999732	1.80425e-05	0.000199971	NA	0.00037465	6.64963e-05	0.999322	0.000231926	4.86558e-06	4.54349e-05	0.000414077	0.000413044	0.999076	5.16305e-05	8.40971e-06	4.38768e-06	2.19384e-06	1.13348e-05	0.999974
36	0.998571	0.000249814	0.000993928	0.000135562	4.9726e-05	0.000174566	0.999099	4.41107e-05	0.000672923	9.38526e-06	0.000481541	8.26716e-05	0.998972	0.000455972	7.67056e-06	0.000116882	0.000896093	0.000217066	0.998714	5.63537e-05	1.82688e-05	6.15175e-06	7.64309e-06	2.06923e-05	0.999947
37	0.998492	0.000206365	0.00118545	7.56672e-05	4.05087e-05	0.000188989	0.999245	4.2589e-05	0.00051373	9.31634e-06	0.000334697	6.66779e-05	0.99912	0.000471975	6.53705e-06	7.90273e-05	0.000824349	0.000213881	0.998837	4.56763e-05	1.80823e-05	1.02308e-05	4.7585e-06	2.04616e-05	0.999946
38	0.99858	0.000225049	0.00107287	7.45724e-05	4.79394e-05	0.000161398	0.999217	2.98621e-05	0.000585867	5.68803e-06	0.000352498	6.5226e-05	0.999233	0.000339314	9.71452e-06	7.72331e-05	0.000806606	0.000199252	0.998866	5.1184e-05	1.9349e-05	7.41025e-06	6.03798e-06	1.88001e-05	0.999948
39	0.99864	0.000244343	0.00101062	5.50532e-05	4.98696e-05	0.00015881	0.999228	3.27703e-05	0.000575333	4.74502e-06	0.000295963	4.11138e-05	0.999399	0.000252315	1.15457e-05	5.74167e-05	0.000700518	0.000190966	0.999004	4.75932e-05	2.02514e-05	8.06255e-06	5.78223e-06	1.80796e-05	0.999948
40	0.999044	0.000250471	0.000603602	4.3763e-05	5.80985e-05	0.000245025	0.999093	3.15602e-05	0.000621048	9.12739e-06	0.000259522	3.18389e-05	0.999581	0.000113912	1.42214e-05	4.755e-05	0.000518956	0.000267208	0.999122	4.45834e-05	2.76245e-05	9.17372e-06	6.36992e-06	2.01176e-05	0.999937
