
SUMMARISING RUN PARAMETERS
==========================
Input filename: SC2269/host_removal/SC2269_R1.fastq.gz
Trimming mode: paired-end
Trim Galore version: 0.6.4_dev
Cutadapt version: 4.1
Python version: could not detect
Number of cores used for trimming: 2
Quality Phred score cutoff: 20
Quality encoding type selected: ASCII+33
Using Illumina adapter for trimming (count: 25548). Second best hit was Nextera (count: 0)
Adapter sequence: 'AGATCGGAAGAGC' (Illumina TruSeq, Sanger iPCR; auto-detected)
Maximum trimming error rate: 0.1 (default)
Minimum required adapter overlap (stringency): 1 bp
Minimum required sequence length for both reads before a sequence pair gets removed: 20 bp
Running FastQC on the data once trimming has completed
Output file will be GZIP compressed


This is cutadapt 4.1 with Python 3.9.13
Command line parameters: -j 2 -e 0.1 -q 20 -O 1 -a AGATCGGAAGAGC SC2269/host_removal/SC2269_R1.fastq.gz
Processing single-end reads on 2 cores ...
Finished in 25.64 s (38 µs/read; 1.57 M reads/minute).

=== Summary ===

Total reads processed:                 672,045
Reads with adapters:                   250,277 (37.2%)
Reads written (passing filters):       672,045 (100.0%)

Total basepairs processed:   168,683,295 bp
Quality-trimmed:               2,863,490 bp (1.7%)
Total written (filtered):    162,971,799 bp (96.6%)

=== Adapter 1 ===

Sequence: AGATCGGAAGAGC; Type: regular 3'; Length: 13; Trimmed: 250277 times

Minimum overlap: 1
No. of allowed errors:
1-9 bp: 0; 10-13 bp: 1

Bases preceding removed adapters:
  A: 33.3%
  C: 16.1%
  G: 9.6%
  T: 39.4%
  none/other: 1.5%

Overview of removed sequences
length	count	expect	max.err	error counts
1	152995	168011.2	0	152995
2	54853	42002.8	0	54853
3	3600	10500.7	0	3600
4	632	2625.2	0	632
5	132	656.3	0	132
6	192	164.1	0	192
7	6495	41.0	0	6495
8	252	10.3	0	252
9	320	2.6	0	318 2
10	189	0.6	1	175 14
11	75	0.2	1	66 9
12	126	0.0	1	116 10
13	134	0.0	1	114 20
14	77	0.0	1	60 17
15	84	0.0	1	72 12
16	49	0.0	1	39 10
17	63	0.0	1	52 11
18	87	0.0	1	84 3
19	88	0.0	1	77 11
20	411	0.0	1	384 27
21	402	0.0	1	386 16
22	129	0.0	1	114 15
23	86	0.0	1	78 8
24	391	0.0	1	379 12
25	166	0.0	1	145 21
26	96	0.0	1	75 21
27	189	0.0	1	155 34
28	2254	0.0	1	2177 77
29	647	0.0	1	603 44
30	286	0.0	1	262 24
31	75	0.0	1	60 15
32	141	0.0	1	116 25
33	42	0.0	1	31 11
34	237	0.0	1	216 21
35	45	0.0	1	35 10
36	97	0.0	1	85 12
37	1615	0.0	1	1551 64
38	116	0.0	1	98 18
39	160	0.0	1	140 20
40	34	0.0	1	24 10
41	96	0.0	1	82 14
42	69	0.0	1	62 7
43	149	0.0	1	134 15
44	35	0.0	1	29 6
45	36	0.0	1	34 2
46	27	0.0	1	19 8
47	55	0.0	1	44 11
48	49	0.0	1	38 11
49	87	0.0	1	76 11
50	64	0.0	1	55 9
51	188	0.0	1	172 16
52	61	0.0	1	51 10
53	57	0.0	1	50 7
54	107	0.0	1	86 21
55	88	0.0	1	77 11
56	32	0.0	1	31 1
57	65	0.0	1	57 8
58	40	0.0	1	35 5
59	42	0.0	1	38 4
60	45	0.0	1	38 7
61	36	0.0	1	31 5
62	47	0.0	1	40 7
63	60	0.0	1	51 9
64	40	0.0	1	32 8
65	58	0.0	1	53 5
66	85	0.0	1	71 14
67	39	0.0	1	31 8
68	76	0.0	1	68 8
69	73	0.0	1	53 20
70	134	0.0	1	120 14
71	140	0.0	1	120 20
72	207	0.0	1	183 24
73	326	0.0	1	257 69
74	630	0.0	1	483 147
75	1247	0.0	1	918 329
76	2916	0.0	1	2515 401
77	2269	0.0	1	1949 320
78	1298	0.0	1	1075 223
79	857	0.0	1	732 125
80	586	0.0	1	484 102
81	420	0.0	1	349 71
82	302	0.0	1	242 60
83	262	0.0	1	206 56
84	181	0.0	1	131 50
85	208	0.0	1	171 37
86	190	0.0	1	154 36
87	140	0.0	1	118 22
88	132	0.0	1	98 34
89	142	0.0	1	118 24
90	103	0.0	1	79 24
91	126	0.0	1	105 21
92	112	0.0	1	93 19
93	145	0.0	1	129 16
94	860	0.0	1	833 27
95	146	0.0	1	127 19
96	101	0.0	1	81 20
97	83	0.0	1	70 13
98	78	0.0	1	65 13
99	54	0.0	1	39 15
100	55	0.0	1	47 8
101	63	0.0	1	52 11
102	118	0.0	1	107 11
103	65	0.0	1	54 11
104	43	0.0	1	39 4
105	60	0.0	1	45 15
106	74	0.0	1	58 16
107	64	0.0	1	58 6
108	55	0.0	1	38 17
109	56	0.0	1	43 13
110	47	0.0	1	39 8
111	52	0.0	1	40 12
112	50	0.0	1	40 10
113	52	0.0	1	41 11
114	61	0.0	1	50 11
115	53	0.0	1	37 16
116	54	0.0	1	36 18
117	41	0.0	1	29 12
118	38	0.0	1	22 16
119	25	0.0	1	16 9
120	34	0.0	1	25 9
121	29	0.0	1	19 10
122	32	0.0	1	29 3
123	37	0.0	1	25 12
124	40	0.0	1	28 12
125	31	0.0	1	25 6
126	43	0.0	1	31 12
127	67	0.0	1	52 15
128	42	0.0	1	29 13
129	55	0.0	1	32 23
130	30	0.0	1	22 8
131	32	0.0	1	22 10
132	30	0.0	1	14 16
133	51	0.0	1	32 19
134	49	0.0	1	31 18
135	33	0.0	1	26 7
136	41	0.0	1	22 19
137	27	0.0	1	16 11
138	27	0.0	1	15 12
139	34	0.0	1	27 7
140	36	0.0	1	23 13
141	23	0.0	1	13 10
142	28	0.0	1	12 16
143	25	0.0	1	9 16
144	26	0.0	1	12 14
145	35	0.0	1	20 15
146	31	0.0	1	25 6
147	46	0.0	1	34 12
148	34	0.0	1	20 14
149	30	0.0	1	25 5
150	16	0.0	1	10 6
151	19	0.0	1	12 7
152	25	0.0	1	14 11
153	23	0.0	1	15 8
154	56	0.0	1	47 9
155	19	0.0	1	11 8
156	65	0.0	1	55 10
157	24	0.0	1	15 9
158	22	0.0	1	14 8
159	30	0.0	1	17 13
160	28	0.0	1	20 8
161	30	0.0	1	19 11
162	25	0.0	1	15 10
163	18	0.0	1	9 9
164	26	0.0	1	18 8
165	30	0.0	1	19 11
166	29	0.0	1	16 13
167	44	0.0	1	30 14
168	35	0.0	1	28 7
169	32	0.0	1	19 13
170	25	0.0	1	14 11
171	17	0.0	1	10 7
172	36	0.0	1	27 9
173	17	0.0	1	11 6
174	24	0.0	1	16 8
175	45	0.0	1	30 15
176	18	0.0	1	10 8
177	16	0.0	1	7 9
178	10	0.0	1	5 5
179	20	0.0	1	14 6
180	18	0.0	1	10 8
181	30	0.0	1	23 7
182	18	0.0	1	12 6
183	15	0.0	1	8 7
184	25	0.0	1	17 8
185	29	0.0	1	23 6
186	17	0.0	1	12 5
187	33	0.0	1	26 7
188	23	0.0	1	17 6
189	58	0.0	1	49 9
190	68	0.0	1	61 7
191	45	0.0	1	38 7
192	51	0.0	1	47 4
193	46	0.0	1	41 5
194	16	0.0	1	16
195	28	0.0	1	23 5
196	32	0.0	1	25 7
197	38	0.0	1	34 4
198	25	0.0	1	23 2
199	53	0.0	1	46 7
200	51	0.0	1	46 5
201	43	0.0	1	37 6
202	52	0.0	1	49 3
203	113	0.0	1	103 10
204	53	0.0	1	49 4
205	84	0.0	1	82 2
206	97	0.0	1	94 3
207	97	0.0	1	93 4
208	91	0.0	1	87 4
209	151	0.0	1	144 7
210	97	0.0	1	95 2
211	73	0.0	1	70 3
212	50	0.0	1	49 1
213	42	0.0	1	40 2
214	50	0.0	1	46 4
215	33	0.0	1	32 1
216	12	0.0	1	12
217	17	0.0	1	15 2
218	12	0.0	1	10 2
219	1	0.0	1	0 1
220	3	0.0	1	1 2
221	5	0.0	1	5
222	7	0.0	1	6 1
223	5	0.0	1	3 2
224	1	0.0	1	0 1
225	4	0.0	1	1 3
226	1	0.0	1	1
227	5	0.0	1	3 2
228	5	0.0	1	3 2
229	4	0.0	1	3 1
230	3	0.0	1	1 2
231	3	0.0	1	2 1
232	4	0.0	1	2 2
233	2	0.0	1	2
234	2	0.0	1	1 1
235	2	0.0	1	1 1
238	3	0.0	1	1 2
239	5	0.0	1	2 3
240	5	0.0	1	3 2
241	2	0.0	1	0 2
242	1	0.0	1	0 1
243	4	0.0	1	1 3
244	2	0.0	1	0 2
245	6	0.0	1	0 6
246	7	0.0	1	0 7
247	8	0.0	1	0 8
248	14	0.0	1	0 14
249	17	0.0	1	0 17
250	53	0.0	1	0 53
251	816	0.0	1	0 816

RUN STATISTICS FOR INPUT FILE: SC2269/host_removal/SC2269_R1.fastq.gz
=============================================
672045 sequences processed in total

