
SUMMARISING RUN PARAMETERS
==========================
Input filename: Plate3BLANK3/host_removal/Plate3BLANK3_R1.fastq.gz
Trimming mode: paired-end
Trim Galore version: 0.6.4_dev
Cutadapt version: 4.1
Python version: could not detect
Number of cores used for trimming: 2
Quality Phred score cutoff: 20
Quality encoding type selected: ASCII+33
Using Illumina adapter for trimming (count: 31958). Second best hit was Nextera (count: 0)
Adapter sequence: 'AGATCGGAAGAGC' (Illumina TruSeq, Sanger iPCR; auto-detected)
Maximum trimming error rate: 0.1 (default)
Minimum required adapter overlap (stringency): 1 bp
Minimum required sequence length for both reads before a sequence pair gets removed: 20 bp
Running FastQC on the data once trimming has completed
Output file will be GZIP compressed


This is cutadapt 4.1 with Python 3.9.13
Command line parameters: -j 2 -e 0.1 -q 20 -O 1 -a AGATCGGAAGAGC Plate3BLANK3/host_removal/Plate3BLANK3_R1.fastq.gz
Processing single-end reads on 2 cores ...
Finished in 1.61 s (14 µs/read; 4.15 M reads/minute).

=== Summary ===

Total reads processed:                 111,635
Reads with adapters:                    63,463 (56.8%)
Reads written (passing filters):       111,635 (100.0%)

Total basepairs processed:    28,020,385 bp
Quality-trimmed:               6,747,260 bp (24.1%)
Total written (filtered):     18,284,804 bp (65.3%)

=== Adapter 1 ===

Sequence: AGATCGGAAGAGC; Type: regular 3'; Length: 13; Trimmed: 63463 times

Minimum overlap: 1
No. of allowed errors:
1-9 bp: 0; 10-13 bp: 1

Bases preceding removed adapters:
  A: 15.1%
  C: 31.2%
  G: 23.2%
  T: 30.2%
  none/other: 0.4%

Overview of removed sequences
length	count	expect	max.err	error counts
1	19667	27908.8	0	19667
2	3969	6977.2	0	3969
3	1710	1744.3	0	1710
4	420	436.1	0	420
5	128	109.0	0	128
6	74	27.3	0	74
7	75	6.8	0	75
8	45	1.7	0	45
9	137	0.4	0	135 2
10	110	0.1	1	67 43
11	118	0.0	1	59 59
12	103	0.0	1	52 51
13	79	0.0	1	28 51
14	74	0.0	1	40 34
15	89	0.0	1	38 51
16	95	0.0	1	55 40
17	116	0.0	1	65 51
18	96	0.0	1	58 38
19	47	0.0	1	29 18
20	67	0.0	1	41 26
21	41	0.0	1	19 22
22	62	0.0	1	32 30
23	54	0.0	1	32 22
24	126	0.0	1	76 50
25	223	0.0	1	122 101
26	124	0.0	1	55 69
27	244	0.0	1	113 131
28	240	0.0	1	114 126
29	227	0.0	1	128 99
30	110	0.0	1	63 47
31	112	0.0	1	68 44
32	164	0.0	1	91 73
33	140	0.0	1	69 71
34	225	0.0	1	119 106
35	173	0.0	1	103 70
36	315	0.0	1	178 137
37	151	0.0	1	99 52
38	228	0.0	1	145 83
39	386	0.0	1	254 132
40	326	0.0	1	209 117
41	289	0.0	1	192 97
42	343	0.0	1	235 108
43	514	0.0	1	337 177
44	137	0.0	1	81 56
45	151	0.0	1	92 59
46	141	0.0	1	73 68
47	377	0.0	1	217 160
48	176	0.0	1	111 65
49	207	0.0	1	129 78
50	233	0.0	1	165 68
51	230	0.0	1	151 79
52	264	0.0	1	180 84
53	333	0.0	1	229 104
54	633	0.0	1	417 216
55	311	0.0	1	227 84
56	235	0.0	1	169 66
57	257	0.0	1	199 58
58	155	0.0	1	125 30
59	119	0.0	1	102 17
60	192	0.0	1	156 36
61	122	0.0	1	89 33
62	193	0.0	1	151 42
63	240	0.0	1	198 42
64	172	0.0	1	139 33
65	212	0.0	1	152 60
66	386	0.0	1	301 85
67	258	0.0	1	161 97
68	368	0.0	1	254 114
69	486	0.0	1	353 133
70	346	0.0	1	288 58
71	470	0.0	1	401 69
72	719	0.0	1	599 120
73	1090	0.0	1	887 203
74	1392	0.0	1	1195 197
75	1859	0.0	1	1637 222
76	3405	0.0	1	3187 218
77	2443	0.0	1	2362 81
78	1431	0.0	1	1375 56
79	859	0.0	1	819 40
80	592	0.0	1	577 15
81	462	0.0	1	435 27
82	328	0.0	1	316 12
83	287	0.0	1	271 16
84	220	0.0	1	202 18
85	213	0.0	1	198 15
86	307	0.0	1	262 45
87	315	0.0	1	270 45
88	235	0.0	1	202 33
89	241	0.0	1	211 30
90	131	0.0	1	122 9
91	128	0.0	1	116 12
92	107	0.0	1	98 9
93	213	0.0	1	180 33
94	234	0.0	1	183 51
95	181	0.0	1	141 40
96	196	0.0	1	151 45
97	84	0.0	1	71 13
98	59	0.0	1	52 7
99	64	0.0	1	59 5
100	69	0.0	1	61 8
101	71	0.0	1	63 8
102	49	0.0	1	46 3
103	39	0.0	1	36 3
104	50	0.0	1	47 3
105	68	0.0	1	61 7
106	109	0.0	1	89 20
107	188	0.0	1	166 22
108	139	0.0	1	115 24
109	146	0.0	1	127 19
110	66	0.0	1	58 8
111	46	0.0	1	42 4
112	58	0.0	1	52 6
113	136	0.0	1	118 18
114	196	0.0	1	167 29
115	136	0.0	1	114 22
116	136	0.0	1	126 10
117	63	0.0	1	54 9
118	38	0.0	1	34 4
119	31	0.0	1	28 3
120	40	0.0	1	36 4
121	31	0.0	1	27 4
122	35	0.0	1	33 2
123	26	0.0	1	19 7
124	33	0.0	1	32 1
125	35	0.0	1	32 3
126	80	0.0	1	74 6
127	149	0.0	1	140 9
128	97	0.0	1	79 18
129	116	0.0	1	101 15
130	42	0.0	1	39 3
131	36	0.0	1	33 3
132	35	0.0	1	30 5
133	66	0.0	1	62 4
134	133	0.0	1	127 6
135	67	0.0	1	62 5
136	118	0.0	1	106 12
137	49	0.0	1	46 3
138	27	0.0	1	24 3
139	26	0.0	1	26
140	26	0.0	1	22 4
141	16	0.0	1	14 2
142	23	0.0	1	21 2
143	9	0.0	1	9
144	15	0.0	1	15
145	26	0.0	1	25 1
146	34	0.0	1	30 4
147	137	0.0	1	135 2
148	53	0.0	1	50 3
149	97	0.0	1	90 7
150	22	0.0	1	21 1
151	24	0.0	1	22 2
152	21	0.0	1	17 4
153	25	0.0	1	23 2
154	123	0.0	1	115 8
155	45	0.0	1	41 4
156	115	0.0	1	109 6
157	18	0.0	1	18
158	24	0.0	1	24
159	22	0.0	1	21 1
160	30	0.0	1	30
161	17	0.0	1	17
162	15	0.0	1	15
163	16	0.0	1	16
164	17	0.0	1	15 2
165	21	0.0	1	20 1
166	28	0.0	1	28
167	81	0.0	1	80 1
168	46	0.0	1	46
169	48	0.0	1	44 4
170	45	0.0	1	43 2
171	18	0.0	1	17 1
172	34	0.0	1	33 1
173	21	0.0	1	20 1
174	34	0.0	1	34
175	31	0.0	1	28 3
176	39	0.0	1	36 3
177	15	0.0	1	15
178	12	0.0	1	11 1
179	17	0.0	1	17
180	16	0.0	1	15 1
181	12	0.0	1	10 2
182	35	0.0	1	33 2
183	16	0.0	1	16
184	47	0.0	1	45 2
185	19	0.0	1	18 1
186	27	0.0	1	27
187	35	0.0	1	34 1
188	47	0.0	1	45 2
189	100	0.0	1	95 5
190	90	0.0	1	88 2
191	72	0.0	1	69 3
192	39	0.0	1	38 1
193	34	0.0	1	34
194	29	0.0	1	27 2
195	33	0.0	1	32 1
196	22	0.0	1	22
197	43	0.0	1	42 1
198	54	0.0	1	51 3
199	46	0.0	1	43 3
200	48	0.0	1	47 1
201	25	0.0	1	24 1
202	58	0.0	1	55 3
203	64	0.0	1	62 2
204	35	0.0	1	33 2
205	48	0.0	1	48
206	80	0.0	1	78 2
207	60	0.0	1	60
208	75	0.0	1	71 4
209	63	0.0	1	62 1
210	58	0.0	1	57 1
211	30	0.0	1	29 1
212	23	0.0	1	23
213	18	0.0	1	18
214	22	0.0	1	21 1
215	53	0.0	1	53
216	9	0.0	1	7 2
217	33	0.0	1	30 3
218	5	0.0	1	5
219	2	0.0	1	2
220	4	0.0	1	3 1
221	2	0.0	1	1 1
222	1	0.0	1	1
223	1	0.0	1	1
234	1	0.0	1	0 1
246	1	0.0	1	0 1
250	3	0.0	1	0 3
251	55	0.0	1	0 55

RUN STATISTICS FOR INPUT FILE: Plate3BLANK3/host_removal/Plate3BLANK3_R1.fastq.gz
=============================================
111635 sequences processed in total

