quality	AA	AC	AG	AT	A.	CA	CC	CG	CT	C.	GA	GC	GG	GT	G.	TA	TC	TG	TT	T.	.A	.C	.G	.T	..
0	NA	NA	NA	NA	NA	NA	NA	NA	NA	NA	NA	NA	NA	NA	NA	NA	NA	NA	NA	NA	NA	NA	NA	NA	NA
1	NA	NA	NA	NA	NA	NA	NA	NA	NA	NA	NA	NA	NA	NA	NA	NA	NA	NA	NA	NA	NA	NA	NA	NA	NA
2	NA	NA	NA	NA	NA	NA	NA	NA	NA	NA	NA	NA	NA	NA	NA	NA	NA	NA	NA	NA	NA	NA	NA	NA	NA
3	NA	NA	NA	NA	NA	NA	NA	NA	NA	NA	NA	NA	NA	NA	NA	NA	NA	NA	NA	NA	NA	NA	NA	NA	NA
4	NA	NA	NA	NA	NA	NA	NA	NA	NA	NA	NA	NA	NA	NA	NA	NA	NA	NA	NA	NA	NA	NA	NA	NA	NA
5	NA	NA	NA	NA	NA	NA	NA	NA	NA	NA	NA	NA	NA	NA	NA	NA	NA	NA	NA	NA	NA	NA	NA	NA	NA
6	NA	NA	NA	NA	NA	NA	NA	NA	NA	NA	NA	NA	NA	NA	NA	NA	NA	NA	NA	NA	NA	NA	NA	NA	NA
7	NA	NA	NA	NA	NA	NA	NA	NA	NA	NA	NA	NA	NA	NA	NA	NA	NA	NA	NA	NA	NA	NA	NA	NA	NA
8	NA	NA	NA	NA	NA	NA	NA	NA	NA	NA	NA	NA	NA	NA	NA	NA	NA	NA	NA	NA	NA	NA	NA	NA	NA
9	NA	NA	NA	NA	NA	NA	NA	NA	NA	NA	NA	NA	NA	NA	NA	NA	NA	NA	NA	NA	NA	NA	NA	NA	NA
10	NA	NA	NA	NA	NA	NA	NA	NA	NA	NA	NA	NA	NA	NA	NA	NA	NA	NA	NA	NA	NA	NA	NA	NA	NA
11	0.98172	0.00570342	0.00292483	0.00935946	0.000292483	0.0566077	0.924455	0.00699876	0.0119391	NA	0.013738	0.00556703	0.948729	0.0319655	NA	0.0340681	0.00534402	0.0133601	0.947228	NA	8.22098e-05	NA	NA	4.11049e-05	0.999877
12	0.974257	0.0144782	0.00442294	0.00632343	0.000518314	0.0358639	0.950325	0.00382119	0.00989826	9.20768e-05	0.0137407	0.00600542	0.953262	0.0269265	6.52763e-05	0.0161435	0.00914971	0.0218752	0.952674	0.000157754	4.98624e-05	NA	1.9945e-05	3.98899e-05	0.99989
13	0.964848	0.0170557	0.00660205	0.0113874	0.000106567	0.0309656	0.951311	0.00476751	0.012832	0.000123831	0.0105006	0.00463612	0.961413	0.023355	9.51e-05	0.0159461	0.0102778	0.0218321	0.951823	0.000120987	4.21175e-05	2.26786e-05	0.0003337	8.42349e-05	0.999517
14	0.961009	0.0183916	0.00769312	0.0127226	0.000184004	0.0296688	0.952893	0.00443253	0.012688	0.000317517	0.0163703	0.00753533	0.94614	0.0297165	0.000237432	0.0195798	0.0140268	0.0224525	0.943773	0.000168273	5.90531e-05	6.18652e-05	4.21808e-05	6.46772e-05	0.999772
15	0.973851	0.00857581	0.00649956	0.0108477	0.000225679	0.0126913	0.97505	0.00359754	0.0084942	0.000166553	0.0115473	0.00558569	0.962323	0.0204495	9.399e-05	0.0294515	0.0171085	0.0283353	0.924525	0.000579586	5.56969e-05	3.85594e-05	2.57063e-05	2.99907e-05	0.99985
16	0.964334	0.0122054	0.00859537	0.0147031	0.000161795	0.0188	0.961554	0.00445641	0.0150863	0.000103823	0.0163716	0.00726264	0.953498	0.0227685	9.95932e-05	0.0177323	0.0125187	0.0182753	0.951184	0.000289986	0.000110557	8.12921e-05	4.38977e-05	7.80404e-05	0.999686
17	NA	NA	NA	NA	NA	NA	NA	NA	NA	NA	NA	NA	NA	NA	NA	NA	NA	NA	NA	NA	NA	NA	NA	NA	NA
18	NA	NA	NA	NA	NA	NA	NA	NA	NA	NA	NA	NA	NA	NA	NA	NA	NA	NA	NA	NA	NA	NA	NA	NA	NA
19	NA	NA	NA	NA	NA	NA	NA	NA	NA	NA	NA	NA	NA	NA	NA	NA	NA	NA	NA	NA	NA	NA	NA	NA	NA
20	0.998133	0.000933271	0.000466636	0.000466636	NA	0.00487465	0.995125	NA	NA	NA	0.000308071	0.000308071	0.997535	0.00184843	NA	0.00394737	NA	0.000657895	0.995395	NA	0.000119847	NA	NA	NA	0.99988
21	0.997221	0.00151212	0.000694757	0.000572153	NA	0.0025325	0.995104	0.000562778	0.00180089	NA	0.00106147	0.000192994	0.997202	0.00154395	NA	0.00102351	0.000497925	0.00237898	0.996044	5.5325e-05	NA	NA	0.000223384	1.01538e-05	0.999766
22	0.997066	0.00156244	0.000533516	0.000762166	7.62166e-05	0.00397028	0.993477	0.000226873	0.00232545	NA	0.00216126	0.000665004	0.994015	0.00315877	NA	0.0014358	0.00086904	0.00219149	0.995504	NA	1.13225e-05	1.13225e-05	6.79348e-05	3.39674e-05	0.999875
23	0.997273	0.0011977	0.00078997	0.000688038	5.09658e-05	0.00229244	0.994918	0.00126084	0.00149009	3.82073e-05	0.00149771	0.000472962	0.995467	0.00256188	NA	0.00106917	0.00059801	0.00190276	0.996412	1.81215e-05	2.74529e-05	6.86323e-06	6.86323e-05	6.86323e-05	0.999828
24	0.997747	0.00112669	0.000563345	0.000563345	NA	0.00213767	0.994228	0.000534416	0.00309962	NA	0.001001	0.000600601	0.995996	0.0024024	NA	0.000504265	0.000420221	0.00155482	0.997479	4.20221e-05	3.38822e-05	NA	0.000203293	8.47056e-05	0.999678
25	0.996525	0.00120278	0.000757306	0.00124733	0.000267284	0.00326119	0.993626	0.000963534	0.0020753	7.4118e-05	0.00236641	0.000839695	0.994427	0.00236641	NA	0.000753528	0.000959035	0.00143855	0.996815	3.42513e-05	2.55738e-05	NA	1.27869e-05	7.67214e-05	0.999885
26	0.997726	0.000821122	0.00126326	0.00018949	NA	0.00281405	0.994597	0.00101306	0.0014633	0.000112562	0.000949668	0.001221	0.995116	0.00271334	NA	0.00053095	0.000707933	0.00119464	0.997566	NA	5.48817e-05	NA	5.48817e-05	0.000109763	0.99978
27	0.996555	0.00105275	0.00104263	0.00127545	7.42323e-05	0.00163785	0.996315	0.000429435	0.00160789	9.98687e-06	0.00249272	0.0013217	0.992591	0.00356042	3.44418e-05	0.00115864	0.00103833	0.00312806	0.994379	0.000295545	3.52711e-05	4.28973e-05	2.38319e-05	3.24113e-05	0.999866
28	0.99811	0.000314921	0.000692826	0.00075581	0.000125968	0.000440496	0.995668	0.000220248	0.0036708	NA	0.00253109	0.000550237	0.995671	0.00121052	3.66824e-05	0.000592698	0.000829777	0.000474158	0.998103	NA	NA	NA	1.53525e-05	NA	0.999985
29	1	NA	NA	NA	NA	NA	1	NA	NA	NA	0.000527565	NA	0.999472	NA	NA	NA	NA	NA	1	NA	NA	NA	NA	NA	1
30	0.998051	0.000470632	0.000817573	0.00062751	3.31856e-05	0.000450055	0.997781	0.000249535	0.00151504	4.45599e-06	0.00152664	0.000445613	0.997227	0.0007922	8.25208e-06	0.000546093	0.000992896	0.000595738	0.997838	2.7079e-05	1.67162e-05	2.65493e-05	8.65311e-05	2.16328e-05	0.999849
31	0.998828	0.00024901	0.000610729	0.000296191	1.57269e-05	0.000255216	0.998473	0.000143076	0.00111754	1.16007e-05	0.000917484	0.000259054	0.998233	0.000582872	7.19595e-06	0.000327506	0.000604854	0.000604854	0.998365	9.73667e-05	2.42693e-05	1.94155e-05	4.69207e-05	2.99322e-05	0.999879
32	0.999105	9.7935e-05	0.000643573	0.000153898	NA	5.78414e-05	0.998515	0.000366329	0.00106042	NA	0.000259426	5.18852e-05	0.999412	0.000276721	NA	7.22761e-05	0.000373426	0.000373426	0.999181	NA	NA	NA	0.000154169	8.09389e-05	0.999765
33	0.999256	0.000106236	0.000589127	4.82891e-05	NA	4.33915e-05	0.999147	0.000202494	0.000607481	NA	0.000253068	6.32671e-05	0.999418	0.000265722	NA	5.72914e-05	0.000293618	0.000673174	0.998976	NA	2.69746e-06	NA	8.09238e-05	8.90162e-05	0.999827
34	0.998865	0.00023668	0.000530314	0.000273384	9.49249e-05	0.000215799	0.99874	0.000116648	0.000919575	7.77653e-06	0.00101227	0.000335083	0.998274	0.000366662	1.22805e-05	0.000193421	0.000624474	0.000281842	0.998755	0.000145066	2.12014e-05	5.24253e-05	3.66206e-05	2.62126e-05	0.999864
35	0.999583	5.05582e-05	0.000134295	0.000178534	5.37181e-05	8.13135e-05	0.999558	1.66797e-05	0.000341934	2.08496e-06	0.000414628	8.88489e-05	0.999307	0.000181647	7.89768e-06	7.84203e-05	0.000259067	0.000471922	0.999062	0.000128833	7.35637e-06	3.53106e-05	6.37552e-06	1.32415e-05	0.999938
36	0.999103	0.000137662	0.00054741	0.000160336	5.18258e-05	0.00015657	0.998812	0.000109852	0.000915432	6.31332e-06	0.000705888	0.00019634	0.998915	0.000168291	1.40243e-05	0.00014359	0.000595944	0.000176437	0.999004	7.9772e-05	2.28141e-05	3.16863e-05	5.06981e-05	2.71235e-05	0.999868
37	0.999145	0.000104593	0.000507274	0.000218598	2.40563e-05	0.00015147	0.999035	0.000115405	0.000690629	7.21283e-06	0.000642331	0.000229274	0.999014	9.82602e-05	1.63767e-05	0.000102768	0.000550054	0.000169323	0.999034	0.000143875	2.24051e-05	2.46781e-05	4.6109e-05	2.85746e-05	0.999878
38	0.99922	8.97373e-05	0.000481429	0.000164923	4.3656e-05	0.000135677	0.999106	7.79422e-05	0.000668764	1.1547e-05	0.000592049	0.000187261	0.999105	0.000104034	1.13492e-05	8.17737e-05	0.000563193	0.000141413	0.999072	0.000142028	2.17916e-05	4.32106e-05	3.29667e-05	2.98004e-05	0.999872
39	0.999303	9.41018e-05	0.000458548	9.28813e-05	5.13837e-05	0.000152576	0.999113	8.21717e-05	0.000645008	7.57894e-06	0.000602194	0.000195026	0.999121	6.78935e-05	1.42326e-05	8.10751e-05	0.000569816	0.000117376	0.999108	0.000123674	2.41487e-05	4.56797e-05	3.02688e-05	2.70981e-05	0.999873
40	0.99941	5.62166e-05	0.000384868	9.0344e-05	5.90216e-05	0.000151298	0.999273	5.39981e-05	0.000510567	1.10412e-05	0.000690227	0.00015549	0.999068	6.72131e-05	1.9149e-05	7.69194e-05	0.000475104	9.46658e-05	0.999256	9.7605e-05	3.77591e-05	5.87208e-05	2.12242e-05	2.30614e-05	0.999859
