quality	AA	AC	AG	AT	A.	CA	CC	CG	CT	C.	GA	GC	GG	GT	G.	TA	TC	TG	TT	T.	.A	.C	.G	.T	..
0	NA	NA	NA	NA	NA	NA	NA	NA	NA	NA	NA	NA	NA	NA	NA	NA	NA	NA	NA	NA	NA	NA	NA	NA	NA
1	NA	NA	NA	NA	NA	NA	NA	NA	NA	NA	NA	NA	NA	NA	NA	NA	NA	NA	NA	NA	NA	NA	NA	NA	NA
2	NA	NA	NA	NA	NA	NA	NA	NA	NA	NA	NA	NA	NA	NA	NA	NA	NA	NA	NA	NA	NA	NA	NA	NA	NA
3	NA	NA	NA	NA	NA	NA	NA	NA	NA	NA	NA	NA	NA	NA	NA	NA	NA	NA	NA	NA	NA	NA	NA	NA	NA
4	NA	NA	NA	NA	NA	NA	NA	NA	NA	NA	NA	NA	NA	NA	NA	NA	NA	NA	NA	NA	NA	NA	NA	NA	NA
5	NA	NA	NA	NA	NA	NA	NA	NA	NA	NA	NA	NA	NA	NA	NA	NA	NA	NA	NA	NA	NA	NA	NA	NA	NA
6	NA	NA	NA	NA	NA	NA	NA	NA	NA	NA	NA	NA	NA	NA	NA	NA	NA	NA	NA	NA	NA	NA	NA	NA	NA
7	NA	NA	NA	NA	NA	NA	NA	NA	NA	NA	NA	NA	NA	NA	NA	NA	NA	NA	NA	NA	NA	NA	NA	NA	NA
8	NA	NA	NA	NA	NA	NA	NA	NA	NA	NA	NA	NA	NA	NA	NA	NA	NA	NA	NA	NA	NA	NA	NA	NA	NA
9	NA	NA	NA	NA	NA	NA	NA	NA	NA	NA	NA	NA	NA	NA	NA	NA	NA	NA	NA	NA	NA	NA	NA	NA	NA
10	0.985915	0.0140845	NA	NA	NA	0.0697674	0.906977	NA	0.0232558	NA	0.0390625	NA	0.945312	0.015625	NA	NA	NA	0.0294118	0.970588	NA	NA	NA	NA	NA	1
11	0.974115	0.0128477	0.00371409	0.00920943	0.000113697	0.0639335	0.912035	0.00597045	0.0178616	0.000199015	0.0215763	0.00533634	0.921571	0.0513623	0.000153933	0.0159817	0.00532725	0.0182648	0.960317	0.000108719	6.34109e-05	1.05685e-05	4.22739e-05	8.45478e-05	0.999799
12	0.973274	0.0142664	0.00490599	0.00747188	8.21085e-05	0.0487652	0.932319	0.00519549	0.0135389	0.000181076	0.0120916	0.00425684	0.945762	0.0377519	0.000137613	0.0103065	0.00514018	0.0230917	0.961331	0.000130461	3.9485e-05	1.41018e-05	1.69221e-05	4.23054e-05	0.999887
13	0.969305	0.0165349	0.00494958	0.00909487	0.000115606	0.0375184	0.945393	0.00438058	0.0125935	0.000114997	0.00808629	0.00340648	0.966671	0.0216946	0.000141201	0.0118299	0.00672179	0.0212373	0.9601	0.000111088	4.18365e-05	3.07154e-05	2.43605e-05	3.38928e-05	0.999869
14	0.967287	0.0175257	0.00519326	0.0098538	0.000140358	0.033722	0.95055	0.00416309	0.0114319	0.000132764	0.0138507	0.00585389	0.947389	0.0327757	0.000130667	0.0139958	0.0088304	0.0196286	0.957336	0.000209076	6.51606e-05	3.20791e-05	3.20791e-05	4.91211e-05	0.999822
15	0.967038	0.0162087	0.00602949	0.010597	0.000126416	0.0303479	0.948598	0.00616157	0.0147177	0.000175211	0.0141337	0.00685648	0.949566	0.0293134	0.000130762	0.0141625	0.00910022	0.0199863	0.956613	0.000137882	6.83377e-05	2.60334e-05	2.76605e-05	4.55585e-05	0.999832
16	0.965148	0.0149153	0.00706416	0.0127595	0.000113136	0.024838	0.957305	0.0044299	0.0133419	8.50417e-05	0.0133069	0.00578462	0.95318	0.0276304	9.78168e-05	0.0189144	0.0123641	0.0269288	0.941625	0.000167295	5.35128e-05	3.42325e-05	2.63629e-05	4.68237e-05	0.999839
17	NA	NA	NA	NA	NA	NA	NA	NA	NA	NA	NA	NA	NA	NA	NA	NA	NA	NA	NA	NA	NA	NA	NA	NA	NA
18	1	NA	NA	NA	NA	NA	1	NA	NA	NA	NA	NA	1	NA	NA	NA	NA	NA	1	NA	NA	NA	NA	NA	1
19	1	NA	NA	NA	NA	NA	1	NA	NA	NA	NA	NA	1	NA	NA	NA	NA	NA	1	NA	NA	NA	NA	NA	1
20	0.996673	0.00166347	0.000639795	0.000767754	0.000255918	0.0067845	0.991252	0.000535619	0.00142832	NA	0.00160681	0.000321363	0.993733	0.00425805	8.03406e-05	0.0028834	NA	0.00522617	0.99189	NA	3.1956e-05	NA	NA	NA	0.999968
21	0.997289	0.00182491	0.000390299	0.000485237	1.05486e-05	0.00450171	0.991862	0.000447285	0.00317428	1.44286e-05	0.000817171	0.000149815	0.99684	0.00219274	NA	0.000676346	0.000338173	0.00302818	0.995919	3.84287e-05	1.08926e-05	2.72316e-06	8.16947e-06	8.16947e-06	0.99997
22	0.996502	0.00234185	0.000440998	0.000638686	7.60341e-05	0.00471192	0.993618	0.000573409	0.00109696	NA	0.0013376	0.000292599	0.995047	0.00328129	4.17999e-05	0.00104181	0.000416722	0.00303612	0.995431	7.44147e-05	2.71708e-05	2.71708e-05	9.05695e-06	2.71708e-05	0.999909
23	0.997934	0.00120663	0.000363642	0.000471082	2.47938e-05	0.00311152	0.993044	0.000312354	0.00350797	2.40272e-05	0.000746691	0.000248897	0.99707	0.00187804	5.65675e-05	0.000408152	0.000272101	0.0023412	0.996922	5.66877e-05	2.13477e-05	8.53907e-06	2.13477e-06	3.84258e-05	0.99993
24	0.997997	0.00118266	0.000337903	0.000434447	4.82719e-05	0.00301267	0.994181	0.000577772	0.00210474	0.000123808	0.000817327	0.000222907	0.996842	0.00211762	NA	0.000475855	0.000229115	0.00100458	0.99829	NA	6.69936e-06	1.33987e-05	6.69936e-06	2.67974e-05	0.999946
25	0.998089	0.00125558	0.000262359	0.000281099	0.00011244	0.00275986	0.995347	0.000288823	0.00160457	NA	0.000978532	0.00047444	0.996501	0.00198672	5.93049e-05	0.000352335	0.000352335	0.00104232	0.998224	2.93612e-05	1.61027e-05	5.36757e-06	3.22054e-05	2.14703e-05	0.999925
26	0.997395	0.00209501	0.000339732	0.000169866	NA	0.00230097	0.995122	9.20387e-05	0.00248504	NA	0.00062272	0.00017792	0.99742	0.0017792	NA	0.000349392	0.000310571	0.00104818	0.998253	3.88214e-05	6.10902e-05	3.05451e-05	4.58176e-05	9.16352e-05	0.999771
27	0.996919	0.00142897	0.000823757	0.000758753	6.9487e-05	0.00263769	0.995652	0.000355807	0.00131975	3.44915e-05	0.00191063	0.000663028	0.993962	0.00343975	2.46136e-05	0.00125955	0.000862329	0.00406854	0.993711	9.81587e-05	2.7718e-05	1.11509e-05	1.14695e-05	3.09039e-05	0.999919
28	0.998645	0.000492866	0.000394293	0.000468222	NA	0.00065881	0.997902	9.76014e-05	0.00131762	2.44004e-05	0.00192106	0.000238477	0.99588	0.00193431	2.64974e-05	0.000377858	0.000188929	0.000614019	0.998819	NA	1.12255e-05	1.12255e-05	NA	2.80639e-05	0.999949
29	0.999634	0.000365586	NA	NA	NA	0.000414938	0.998963	0.000207469	0.000414938	NA	0.000355568	7.11136e-05	0.99936	0.000213341	NA	NA	NA	0.000770812	0.999229	NA	NA	NA	NA	NA	1
30	0.998323	0.000713009	0.000569201	0.000351979	4.32432e-05	0.000444851	0.997986	0.000148284	0.00140791	1.2487e-05	0.00114195	0.000203707	0.997698	0.000945676	1.04084e-05	0.00043212	0.000633206	0.000922712	0.997963	4.84887e-05	1.8663e-05	4.66576e-06	1.99961e-06	1.3664e-05	0.999961
31	0.9988	0.000509502	0.000421099	0.000231937	3.7072e-05	0.000467415	0.998319	8.01282e-05	0.00112921	4.45157e-06	0.000973121	0.000117277	0.998189	0.000710644	9.7731e-06	0.000250004	0.000426355	0.000865159	0.998422	3.63076e-05	1.43485e-05	4.48392e-06	4.78284e-06	1.46475e-05	0.999962
32	0.999379	0.00041417	0.000139662	2.88956e-05	3.85275e-05	0.000275064	0.997193	2.11588e-05	0.00251084	NA	0.000175695	4.73024e-05	0.999568	0.000202725	6.75749e-06	6.0229e-05	9.46456e-05	0.0012347	0.998598	1.29062e-05	7.11632e-06	8.53959e-06	4.26979e-06	NA	0.99998
33	0.999416	0.000440011	8.56658e-05	3.50451e-05	2.33634e-05	0.000381719	0.997611	3.47017e-05	0.00197222	NA	0.000204846	2.10098e-05	0.999643	0.000126059	5.25246e-06	3.43175e-05	7.79944e-05	0.00109192	0.998768	2.8078e-05	1.47371e-05	2.26724e-06	4.53448e-06	6.80173e-06	0.999972
34	0.998833	0.000493856	0.000462421	0.000168112	4.28252e-05	0.000209619	0.998898	6.57771e-05	0.000825466	7.22825e-07	0.000968322	9.01963e-05	0.998476	0.000456136	9.66389e-06	0.000164939	0.00045595	0.000600458	0.998722	5.68068e-05	1.55871e-05	4.0723e-06	3.37018e-06	9.97011e-06	0.999967
35	0.999324	0.000376259	0.000198103	7.63524e-05	2.54508e-05	0.000242224	0.999536	1.45698e-05	0.000204888	1.82123e-06	0.000515555	3.63817e-05	0.999217	0.000223614	7.09886e-06	5.87587e-05	0.000200433	0.000549068	0.999157	3.46024e-05	1.23045e-05	1.90932e-06	3.39435e-06	9.75875e-06	0.999973
36	0.999069	0.000344429	0.000429804	0.000116982	4.00803e-05	7.62809e-05	0.99897	4.3516e-05	0.000903596	6.14343e-06	0.000886247	5.10001e-05	0.998811	0.000243453	8.17926e-06	0.000120775	0.000421968	0.000427932	0.998973	5.62873e-05	1.61552e-05	3.78317e-06	3.57867e-06	1.38035e-05	0.999963
37	0.999074	0.00030932	0.000450808	0.000130441	3.52659e-05	8.69732e-05	0.998968	2.41186e-05	0.000911391	9.50127e-06	0.000760805	4.44106e-05	0.998993	0.000194387	7.28043e-06	8.45275e-05	0.000388021	0.000444373	0.999031	5.1924e-05	1.12178e-05	3.56332e-06	4.35516e-06	1.5441e-05	0.999965
38	0.999085	0.000338639	0.000437546	9.80848e-05	4.0823e-05	5.48842e-05	0.999196	2.33366e-05	0.000722138	3.88943e-06	0.000848173	4.55915e-05	0.998928	0.000166022	1.24731e-05	7.20291e-05	0.000409717	0.000327554	0.999134	5.66921e-05	1.72577e-05	5.86427e-06	3.01591e-06	1.33203e-05	0.999961
39	0.999052	0.000328706	0.000492812	8.10026e-05	4.49808e-05	3.69509e-05	0.999252	2.23493e-05	0.000681506	7.15179e-06	0.00087963	2.84695e-05	0.998951	0.000130258	1.05298e-05	6.00491e-05	0.000413056	0.000204517	0.999267	5.50353e-05	1.51365e-05	4.62296e-06	3.13168e-06	1.62363e-05	0.999961
40	0.999097	0.000282947	0.000513656	5.53265e-05	5.09658e-05	2.2435e-05	0.999422	1.77582e-05	0.000530036	7.9302e-06	0.00093172	2.5536e-05	0.998909	0.000119295	1.44069e-05	4.94151e-05	0.00043929	9.03528e-05	0.999372	4.88002e-05	1.78584e-05	4.86045e-06	3.33209e-06	1.70322e-05	0.999957
