
SUMMARISING RUN PARAMETERS
==========================
Input filename: SC2185/host_removal/SC2185_R1.fastq.gz
Trimming mode: paired-end
Trim Galore version: 0.6.4_dev
Cutadapt version: 4.1
Python version: could not detect
Number of cores used for trimming: 2
Quality Phred score cutoff: 20
Quality encoding type selected: ASCII+33
Using Illumina adapter for trimming (count: 5826). Second best hit was Nextera (count: 0)
Adapter sequence: 'AGATCGGAAGAGC' (Illumina TruSeq, Sanger iPCR; auto-detected)
Maximum trimming error rate: 0.1 (default)
Minimum required adapter overlap (stringency): 1 bp
Minimum required sequence length for both reads before a sequence pair gets removed: 20 bp
Running FastQC on the data once trimming has completed
Output file will be GZIP compressed


This is cutadapt 4.1 with Python 3.9.13
Command line parameters: -j 2 -e 0.1 -q 20 -O 1 -a AGATCGGAAGAGC SC2185/host_removal/SC2185_R1.fastq.gz
Processing single-end reads on 2 cores ...
Finished in 33.42 s (43 µs/read; 1.39 M reads/minute).

=== Summary ===

Total reads processed:                 772,538
Reads with adapters:                   256,981 (33.3%)
Reads written (passing filters):       772,538 (100.0%)

Total basepairs processed:   193,907,038 bp
Quality-trimmed:               1,243,054 bp (0.6%)
Total written (filtered):    191,914,191 bp (99.0%)

=== Adapter 1 ===

Sequence: AGATCGGAAGAGC; Type: regular 3'; Length: 13; Trimmed: 256981 times

Minimum overlap: 1
No. of allowed errors:
1-9 bp: 0; 10-13 bp: 1

Bases preceding removed adapters:
  A: 36.5%
  C: 17.5%
  G: 10.4%
  T: 35.3%
  none/other: 0.1%

Overview of removed sequences
length	count	expect	max.err	error counts
1	179558	193134.5	0	179558
2	60553	48283.6	0	60553
3	4973	12070.9	0	4973
4	834	3017.7	0	834
5	111	754.4	0	111
6	124	188.6	0	124
7	3660	47.2	0	3660
8	124	11.8	0	124
9	255	2.9	0	255
10	151	0.7	1	140 11
11	58	0.2	1	52 6
12	81	0.0	1	80 1
13	55	0.0	1	50 5
14	40	0.0	1	35 5
15	37	0.0	1	31 6
16	32	0.0	1	29 3
17	49	0.0	1	43 6
18	55	0.0	1	44 11
19	29	0.0	1	26 3
20	176	0.0	1	168 8
21	121	0.0	1	118 3
22	72	0.0	1	68 4
23	64	0.0	1	62 2
24	371	0.0	1	361 10
25	123	0.0	1	112 11
26	40	0.0	1	34 6
27	52	0.0	1	42 10
28	63	0.0	1	54 9
29	39	0.0	1	32 7
30	51	0.0	1	49 2
31	42	0.0	1	39 3
32	73	0.0	1	64 9
33	44	0.0	1	37 7
34	151	0.0	1	138 13
35	49	0.0	1	39 10
36	182	0.0	1	164 18
37	247	0.0	1	238 9
38	133	0.0	1	119 14
39	41	0.0	1	32 9
40	108	0.0	1	100 8
41	55	0.0	1	49 6
42	47	0.0	1	44 3
43	136	0.0	1	128 8
44	34	0.0	1	31 3
45	44	0.0	1	42 2
46	82	0.0	1	76 6
47	50	0.0	1	36 14
48	16	0.0	1	12 4
49	25	0.0	1	20 5
50	16	0.0	1	14 2
51	19	0.0	1	17 2
52	33	0.0	1	22 11
53	26	0.0	1	21 5
54	54	0.0	1	39 15
55	50	0.0	1	43 7
56	24	0.0	1	22 2
57	28	0.0	1	26 2
58	16	0.0	1	14 2
59	40	0.0	1	37 3
60	11	0.0	1	10 1
61	22	0.0	1	21 1
62	14	0.0	1	13 1
63	17	0.0	1	14 3
64	12	0.0	1	11 1
65	16	0.0	1	12 4
66	36	0.0	1	33 3
67	16	0.0	1	13 3
68	27	0.0	1	21 6
69	63	0.0	1	54 9
70	32	0.0	1	29 3
71	30	0.0	1	27 3
72	65	0.0	1	57 8
73	89	0.0	1	76 13
74	136	0.0	1	121 15
75	262	0.0	1	230 32
76	544	0.0	1	505 39
77	375	0.0	1	348 27
78	186	0.0	1	155 31
79	95	0.0	1	79 16
80	60	0.0	1	53 7
81	40	0.0	1	30 10
82	28	0.0	1	18 10
83	25	0.0	1	19 6
84	13	0.0	1	10 3
85	15	0.0	1	12 3
86	16	0.0	1	10 6
87	19	0.0	1	13 6
88	17	0.0	1	9 8
89	24	0.0	1	19 5
90	12	0.0	1	11 1
91	12	0.0	1	9 3
92	16	0.0	1	11 5
93	36	0.0	1	30 6
94	209	0.0	1	196 13
95	33	0.0	1	28 5
96	16	0.0	1	14 2
97	6	0.0	1	6
98	13	0.0	1	10 3
99	3	0.0	1	2 1
100	8	0.0	1	8
101	5	0.0	1	5
102	18	0.0	1	17 1
103	11	0.0	1	10 1
104	3	0.0	1	3
105	3	0.0	1	2 1
106	4	0.0	1	2 2
107	10	0.0	1	9 1
108	8	0.0	1	8
109	12	0.0	1	11 1
110	4	0.0	1	2 2
111	17	0.0	1	16 1
112	7	0.0	1	4 3
113	10	0.0	1	8 2
114	12	0.0	1	8 4
115	8	0.0	1	4 4
116	8	0.0	1	8
117	3	0.0	1	3
118	5	0.0	1	5
119	4	0.0	1	3 1
120	3	0.0	1	2 1
121	2	0.0	1	0 2
122	3	0.0	1	2 1
123	3	0.0	1	2 1
124	3	0.0	1	1 2
125	5	0.0	1	3 2
126	2	0.0	1	1 1
127	26	0.0	1	23 3
128	7	0.0	1	6 1
129	5	0.0	1	4 1
130	6	0.0	1	4 2
131	1	0.0	1	0 1
132	2	0.0	1	0 2
133	3	0.0	1	2 1
134	5	0.0	1	3 2
135	6	0.0	1	4 2
136	3	0.0	1	3
137	3	0.0	1	2 1
138	1	0.0	1	0 1
139	3	0.0	1	1 2
140	2	0.0	1	2
141	3	0.0	1	1 2
142	1	0.0	1	0 1
143	5	0.0	1	3 2
144	2	0.0	1	1 1
145	1	0.0	1	0 1
146	3	0.0	1	1 2
147	4	0.0	1	2 2
148	3	0.0	1	2 1
149	7	0.0	1	4 3
150	2	0.0	1	2
151	2	0.0	1	0 2
152	2	0.0	1	2
153	4	0.0	1	3 1
154	2	0.0	1	2
155	1	0.0	1	0 1
156	6	0.0	1	6
157	4	0.0	1	3 1
158	2	0.0	1	1 1
160	1	0.0	1	0 1
161	3	0.0	1	2 1
162	1	0.0	1	0 1
164	3	0.0	1	2 1
165	1	0.0	1	1
166	3	0.0	1	2 1
167	3	0.0	1	2 1
169	3	0.0	1	2 1
170	1	0.0	1	1
172	2	0.0	1	2
173	3	0.0	1	2 1
174	2	0.0	1	2
175	8	0.0	1	7 1
176	3	0.0	1	1 2
177	4	0.0	1	4
178	4	0.0	1	2 2
181	1	0.0	1	1
182	2	0.0	1	1 1
184	2	0.0	1	0 2
185	2	0.0	1	1 1
186	1	0.0	1	0 1
187	2	0.0	1	2
188	2	0.0	1	2
189	1	0.0	1	1
190	1	0.0	1	1
191	1	0.0	1	1
192	1	0.0	1	1
193	1	0.0	1	1
195	2	0.0	1	2
197	3	0.0	1	3
198	2	0.0	1	1 1
199	2	0.0	1	2
200	1	0.0	1	1
201	1	0.0	1	1
202	2	0.0	1	1 1
203	2	0.0	1	2
204	2	0.0	1	1 1
205	2	0.0	1	2
207	3	0.0	1	3
208	2	0.0	1	2
209	3	0.0	1	3
210	3	0.0	1	3
211	1	0.0	1	1
212	2	0.0	1	1 1
213	2	0.0	1	2
214	2	0.0	1	2
215	3	0.0	1	2 1
216	2	0.0	1	2
217	1	0.0	1	1
219	1	0.0	1	0 1
220	1	0.0	1	0 1
223	1	0.0	1	1
224	1	0.0	1	0 1
231	2	0.0	1	1 1
235	1	0.0	1	0 1
243	1	0.0	1	0 1
246	1	0.0	1	0 1
248	1	0.0	1	0 1
249	1	0.0	1	0 1
250	1	0.0	1	0 1
251	79	0.0	1	0 79

RUN STATISTICS FOR INPUT FILE: SC2185/host_removal/SC2185_R1.fastq.gz
=============================================
772538 sequences processed in total

