quality	AA	AC	AG	AT	A.	CA	CC	CG	CT	C.	GA	GC	GG	GT	G.	TA	TC	TG	TT	T.	.A	.C	.G	.T	..
0	NA	NA	NA	NA	NA	NA	NA	NA	NA	NA	NA	NA	NA	NA	NA	NA	NA	NA	NA	NA	NA	NA	NA	NA	NA
1	NA	NA	NA	NA	NA	NA	NA	NA	NA	NA	NA	NA	NA	NA	NA	NA	NA	NA	NA	NA	NA	NA	NA	NA	NA
2	NA	NA	NA	NA	NA	NA	NA	NA	NA	NA	NA	NA	NA	NA	NA	NA	NA	NA	NA	NA	NA	NA	NA	NA	NA
3	NA	NA	NA	NA	NA	NA	NA	NA	NA	NA	NA	NA	NA	NA	NA	NA	NA	NA	NA	NA	NA	NA	NA	NA	NA
4	NA	NA	NA	NA	NA	NA	NA	NA	NA	NA	NA	NA	NA	NA	NA	NA	NA	NA	NA	NA	NA	NA	NA	NA	NA
5	NA	NA	NA	NA	NA	NA	NA	NA	NA	NA	NA	NA	NA	NA	NA	NA	NA	NA	NA	NA	NA	NA	NA	NA	NA
6	NA	NA	NA	NA	NA	NA	NA	NA	NA	NA	NA	NA	NA	NA	NA	NA	NA	NA	NA	NA	NA	NA	NA	NA	NA
7	NA	NA	NA	NA	NA	NA	NA	NA	NA	NA	NA	NA	NA	NA	NA	NA	NA	NA	NA	NA	NA	NA	NA	NA	NA
8	NA	NA	NA	NA	NA	NA	NA	NA	NA	NA	NA	NA	NA	NA	NA	NA	NA	NA	NA	NA	NA	NA	NA	NA	NA
9	NA	NA	NA	NA	NA	NA	NA	NA	NA	NA	NA	NA	NA	NA	NA	NA	NA	NA	NA	NA	NA	NA	NA	NA	NA
10	NA	NA	NA	NA	NA	NA	NA	NA	NA	NA	NA	NA	NA	NA	NA	NA	NA	NA	NA	NA	NA	NA	NA	NA	NA
11	0.975218	0.00847789	0.00299987	0.0130429	0.000260858	0.0502876	0.929663	0.00690222	0.0131471	NA	0.0212434	0.00638788	0.939835	0.0324593	7.42776e-05	0.0425351	0.0102084	0.015738	0.931519	NA	NA	6.76659e-05	0.000101499	NA	0.999831
12	0.971594	0.0149996	0.00508228	0.00821406	0.000109887	0.0357236	0.949373	0.00404419	0.0106722	0.000187231	0.0145582	0.00566152	0.950821	0.0288243	0.000134798	0.0145955	0.00832958	0.0235254	0.953437	0.000112562	5.23909e-05	0.000209564	NA	4.49065e-05	0.999693
13	0.966234	0.0157734	0.00696916	0.0108383	0.000185529	0.0299952	0.953917	0.00501167	0.0109049	0.000170974	0.0100014	0.00445737	0.964271	0.0211448	0.000125772	0.0179209	0.0110625	0.0238751	0.946883	0.000258334	6.72947e-05	4.77575e-05	3.47327e-05	7.48925e-05	0.999775
14	0.960242	0.0179188	0.00863422	0.013002	0.000202877	0.02828	0.953837	0.00478202	0.0129552	0.00014595	0.0172301	0.00705432	0.945155	0.0302872	0.000273231	0.0205785	0.0173163	0.023377	0.938349	0.000378794	8.05462e-05	6.18145e-05	6.18145e-05	6.18145e-05	0.999734
15	0.976092	0.00876626	0.00570979	0.00927254	0.000159386	0.0118554	0.97616	0.00307722	0.00884296	6.47836e-05	0.0136858	0.00564972	0.955883	0.0246283	0.000152971	0.0277713	0.016723	0.0263356	0.928705	0.000464906	0.000108506	4.56869e-05	5.42532e-05	7.13857e-05	0.99972
16	0.964377	0.01198	0.00931245	0.0141154	0.000214903	0.0173757	0.96147	0.0050507	0.015935	0.000168538	0.0176385	0.00789499	0.950238	0.0240685	0.000159818	0.0188637	0.0134559	0.0198527	0.947492	0.000335335	0.000121165	6.55846e-05	5.66918e-05	6.4473e-05	0.999692
17	NA	NA	NA	NA	NA	NA	NA	NA	NA	NA	NA	NA	NA	NA	NA	NA	NA	NA	NA	NA	NA	NA	NA	NA	NA
18	NA	NA	NA	NA	NA	NA	NA	NA	NA	NA	NA	NA	NA	NA	NA	NA	NA	NA	NA	NA	NA	NA	NA	NA	NA
19	NA	NA	NA	NA	NA	NA	NA	NA	NA	NA	NA	NA	NA	NA	NA	NA	NA	NA	NA	NA	NA	NA	NA	NA	NA
20	0.996813	0.00239044	0.000398406	0.000398406	NA	0.00540275	0.992141	NA	0.0024558	NA	0.00158014	0.000677201	0.995711	0.0020316	NA	0.00434573	NA	0.00193143	0.993723	NA	NA	NA	NA	NA	1
21	0.996996	0.00159872	0.000578847	0.000799361	2.75642e-05	0.00290653	0.995892	0.000348783	0.000852581	NA	0.000912921	0.000456461	0.997121	0.00150983	NA	0.00100944	0.000654267	0.00233667	0.995981	1.86933e-05	2.77894e-05	5.55787e-05	6.94734e-06	6.94734e-06	0.999903
22	0.99668	0.00165977	0.000922096	0.000579603	0.000158074	0.00398846	0.993848	0.000678887	0.00148506	NA	0.00170136	0.000470588	0.993955	0.0038371	3.61991e-05	0.00175276	0.00110836	0.00306733	0.993943	0.000128879	3.1296e-05	1.5648e-05	1.5648e-05	4.69439e-05	0.99989
23	0.996739	0.00119044	0.00125945	0.000793623	1.72527e-05	0.00227082	0.996269	0.00037847	0.00108134	NA	0.000885605	0.000455454	0.996205	0.00242909	2.5303e-05	0.00123611	0.00094526	0.00190264	0.995892	2.42374e-05	2.30867e-05	6.46427e-05	9.23468e-06	3.23214e-05	0.999871
24	0.997715	0.00101549	0.000550055	0.000676991	4.23119e-05	0.00115042	0.997124	0.000575209	0.00115042	NA	0.000727177	0.000462749	0.996562	0.00218153	6.6107e-05	0.000642411	0.000379606	0.00157683	0.997343	5.8401e-05	1.15226e-05	2.30452e-05	3.45678e-05	3.45678e-05	0.999896
25	0.996561	0.000802338	0.00149006	0.000974268	0.00017193	0.00262427	0.995626	0.00041165	0.00133786	NA	0.00186451	0.000812736	0.994932	0.00234259	4.7808e-05	0.00137272	0.000892265	0.00148711	0.996156	9.15143e-05	5.04974e-05	1.68325e-05	8.41623e-06	0.00013466	0.99979
26	0.997009	0.000638035	0.00171472	0.000638035	NA	0.00287552	0.995762	0.000227015	0.00113507	NA	0.00104267	0.000802053	0.995428	0.00272698	NA	0.000482845	0.000795274	0.00102249	0.997643	5.68053e-05	5.82445e-05	1.16489e-05	2.32978e-05	0.000116489	0.99979
27	0.995471	0.00131084	0.00204136	0.00108326	9.33063e-05	0.00126724	0.996448	0.000541614	0.00172553	1.73594e-05	0.00284961	0.0011858	0.991476	0.00445825	3.06409e-05	0.00131651	0.00162649	0.00360749	0.993261	0.000188837	4.97127e-05	2.8781e-05	2.48563e-05	4.97127e-05	0.999847
28	0.997071	0.000472367	0.00122815	0.00099197	0.000236183	0.000647991	0.997607	0.000249227	0.00149536	NA	0.0035929	0.000449113	0.994685	0.00124754	2.49507e-05	0.00117381	0.00201224	0.00050306	0.996227	8.38434e-05	0.000107488	NA	NA	2.14975e-05	0.999871
29	0.999462	NA	NA	NA	0.000537924	0.000856898	0.998286	NA	0.000856898	NA	0.000656886	NA	0.999124	0.000218962	NA	NA	NA	NA	1	NA	NA	NA	NA	0.000112057	0.999888
30	0.996909	0.000601514	0.00169443	0.000729973	6.5249e-05	0.000293223	0.997864	0.000262358	0.00157723	3.08656e-06	0.00166204	0.000424775	0.996995	0.000912268	5.70168e-06	0.000613186	0.00173684	0.000768817	0.996785	9.64911e-05	3.23649e-05	2.02281e-05	9.43976e-06	3.43877e-05	0.999904
31	0.997892	0.000333082	0.00146486	0.000247632	6.27799e-05	0.000219077	0.998345	0.00025339	0.00118249	NA	0.00121621	0.000175898	0.99803	0.000567901	1.00513e-05	0.000336766	0.00105063	0.000673531	0.997852	8.67121e-05	3.14204e-05	2.64593e-05	1.15759e-05	3.47278e-05	0.999896
32	0.999343	0.000113874	0.000411699	9.63551e-05	3.50382e-05	0.000136678	0.999441	3.72759e-05	0.000385184	NA	0.000282809	4.71348e-05	0.999399	0.000259241	1.17837e-05	5.76307e-05	0.00036225	0.000502211	0.99907	8.23296e-06	1.27185e-05	1.52622e-05	NA	4.57865e-05	0.999926
33	0.999514	4.3654e-05	0.000361704	6.85991e-05	1.24726e-05	9.65326e-05	0.999401	2.89598e-05	0.000473009	NA	0.000219429	7.02173e-05	0.99935	0.000351087	8.77717e-06	8.34106e-05	0.000255138	0.000682004	0.998965	1.47195e-05	1.64037e-05	3.64527e-05	3.64527e-06	2.36943e-05	0.99992
34	0.997374	0.000587438	0.00173162	0.000224233	8.27018e-05	0.00011674	0.998571	0.00026971	0.00102785	1.47603e-05	0.00125357	0.000186957	0.998171	0.000375113	1.31829e-05	0.000204601	0.00104741	0.000655098	0.997942	0.000151104	3.59377e-05	2.01986e-05	1.46899e-05	3.82986e-05	0.999891
35	0.998504	0.000504089	0.000886466	5.07132e-05	5.47702e-05	4.80091e-05	0.999599	8.66831e-05	0.000266717	NA	0.000523574	6.58043e-05	0.999182	0.000226024	2.86106e-06	4.98463e-05	0.000545318	0.00071978	0.998577	0.000107668	1.76733e-05	8.33645e-06	1.46721e-05	2.30086e-05	0.999936
36	0.998027	0.000281573	0.00146953	0.000128781	9.33119e-05	6.53654e-05	0.998843	0.000199582	0.000888098	4.35769e-06	0.000941417	0.000104425	0.998771	0.000170587	1.27542e-05	0.000115258	0.000947822	0.000362516	0.998466	0.000108819	3.8209e-05	1.93638e-05	1.40042e-05	3.16391e-05	0.999897
37	0.997619	0.000185098	0.00203468	8.97446e-05	7.15153e-05	7.32034e-05	0.998722	0.00025311	0.000947923	3.72221e-06	0.00063628	7.63044e-05	0.999167	9.9688e-05	2.09222e-05	8.73638e-05	0.00101102	0.000328114	0.998451	0.000122709	3.34658e-05	2.3338e-05	1.10085e-05	4.0291e-05	0.999892
38	0.997518	0.000275655	0.00206884	7.16785e-05	6.59442e-05	4.26317e-05	0.998812	0.000233808	0.000907255	4.66284e-06	0.000801808	7.38934e-05	0.999033	7.13006e-05	2.00938e-05	8.42437e-05	0.000845385	0.000348348	0.998593	0.000128893	3.29701e-05	2.20225e-05	1.24752e-05	3.70436e-05	0.999895
39	0.997515	0.000366824	0.00197764	6.38956e-05	7.67406e-05	3.89963e-05	0.998852	0.000304088	0.000799009	5.66968e-06	0.000693539	5.60222e-05	0.999174	5.94575e-05	1.73087e-05	6.62265e-05	0.000769883	0.00036448	0.998672	0.000127064	3.56399e-05	2.19225e-05	1.86505e-05	3.85847e-05	0.999885
40	0.998405	0.000461053	0.00100325	6.32848e-05	6.69124e-05	4.07481e-05	0.998973	0.000232222	0.000744476	9.45404e-06	0.000779585	5.59824e-05	0.999093	4.46006e-05	2.7131e-05	6.41771e-05	0.000549168	0.000505169	0.998789	9.21802e-05	3.90752e-05	2.43079e-05	2.27218e-05	3.90392e-05	0.999875
