quality	AA	AC	AG	AT	A.	CA	CC	CG	CT	C.	GA	GC	GG	GT	G.	TA	TC	TG	TT	T.	.A	.C	.G	.T	..
0	NA	NA	NA	NA	NA	NA	NA	NA	NA	NA	NA	NA	NA	NA	NA	NA	NA	NA	NA	NA	NA	NA	NA	NA	NA
1	NA	NA	NA	NA	NA	NA	NA	NA	NA	NA	NA	NA	NA	NA	NA	NA	NA	NA	NA	NA	NA	NA	NA	NA	NA
2	NA	NA	NA	NA	NA	NA	NA	NA	NA	NA	NA	NA	NA	NA	NA	NA	NA	NA	NA	NA	NA	NA	NA	NA	NA
3	NA	NA	NA	NA	NA	NA	NA	NA	NA	NA	NA	NA	NA	NA	NA	NA	NA	NA	NA	NA	NA	NA	NA	NA	NA
4	NA	NA	NA	NA	NA	NA	NA	NA	NA	NA	NA	NA	NA	NA	NA	NA	NA	NA	NA	NA	NA	NA	NA	NA	NA
5	NA	NA	NA	NA	NA	NA	NA	NA	NA	NA	NA	NA	NA	NA	NA	NA	NA	NA	NA	NA	NA	NA	NA	NA	NA
6	NA	NA	NA	NA	NA	NA	NA	NA	NA	NA	NA	NA	NA	NA	NA	NA	NA	NA	NA	NA	NA	NA	NA	NA	NA
7	NA	NA	NA	NA	NA	NA	NA	NA	NA	NA	NA	NA	NA	NA	NA	NA	NA	NA	NA	NA	NA	NA	NA	NA	NA
8	NA	NA	NA	NA	NA	NA	NA	NA	NA	NA	NA	NA	NA	NA	NA	NA	NA	NA	NA	NA	NA	NA	NA	NA	NA
9	NA	NA	NA	NA	NA	NA	NA	NA	NA	NA	NA	NA	NA	NA	NA	NA	NA	NA	NA	NA	NA	NA	NA	NA	NA
10	0.980198	0.00990099	NA	0.00990099	NA	NA	1	NA	NA	NA	0.0162602	NA	0.934959	0.0487805	NA	NA	NA	NA	1	NA	NA	NA	NA	NA	1
11	0.975192	0.0118953	0.00344919	0.0093305	0.000132661	0.0593052	0.923932	0.00442576	0.0122815	5.5322e-05	0.0220837	0.00476314	0.930083	0.0429549	0.00011547	0.0300353	0.00610344	0.0178285	0.945551	0.00048185	3.67972e-05	1.22657e-05	2.45314e-05	6.13286e-05	0.999865
12	0.971617	0.0156215	0.00500139	0.00760916	0.000151175	0.0457447	0.936542	0.00472135	0.0128001	0.000192351	0.0119282	0.00475317	0.950227	0.0329214	0.000169756	0.01154	0.00579264	0.0235628	0.959044	6.034e-05	5.17388e-05	0.000200057	1.3797e-05	4.82895e-05	0.999686
13	0.968376	0.0168657	0.0058794	0.0087475	0.000131102	0.0373847	0.948017	0.00456979	0.009917	0.00011106	0.00841054	0.00310811	0.968064	0.0203084	0.000108784	0.0145681	0.00836194	0.0223929	0.954457	0.000220179	6.31522e-05	3.12506e-05	2.99485e-05	5.01311e-05	0.999826
14	0.964094	0.0193788	0.0067921	0.0095257	0.000209398	0.0314451	0.953797	0.003981	0.0106644	0.000112822	0.0141663	0.00610712	0.950041	0.0294443	0.000240801	0.0160907	0.0134426	0.0229008	0.947334	0.000231769	8.27029e-05	5.67106e-05	4.25329e-05	5.67106e-05	0.999761
15	0.965805	0.0164013	0.00642762	0.0112004	0.000166121	0.0288568	0.952334	0.00495477	0.0137508	0.000103584	0.0144326	0.00631222	0.950462	0.0286417	0.00015123	0.017533	0.0106358	0.0214519	0.950121	0.000258645	9.54796e-05	3.05535e-05	3.81918e-05	7.25645e-05	0.999763
16	0.96471	0.0147926	0.00801664	0.0123245	0.000156358	0.0251502	0.956894	0.00466633	0.013187	0.000102934	0.0123121	0.00545529	0.955595	0.0265049	0.000132388	0.0202786	0.012497	0.0281607	0.938831	0.000232389	6.65031e-05	4.12132e-05	3.60615e-05	5.10481e-05	0.999805
17	NA	NA	NA	NA	NA	NA	NA	NA	NA	NA	NA	NA	NA	NA	NA	NA	NA	NA	NA	NA	NA	NA	NA	NA	NA
18	1	NA	NA	NA	NA	NA	1	NA	NA	NA	NA	NA	1	NA	NA	NA	NA	NA	1	NA	NA	NA	NA	NA	1
19	1	NA	NA	NA	NA	NA	1	NA	NA	NA	NA	NA	1	NA	NA	NA	NA	NA	1	NA	NA	NA	NA	NA	1
20	0.995669	0.00238949	0.000448029	0.000896057	0.000597372	0.00766839	0.990052	0.000829016	0.00145078	NA	0.00145349	0.000415282	0.99512	0.0030108	NA	0.0025528	0.000464145	0.00394523	0.993038	NA	3.95695e-05	3.95695e-05	NA	NA	0.999921
21	0.997079	0.00202324	0.000366713	0.00048052	5.0581e-05	0.00407208	0.994491	0.000423791	0.000994988	1.84257e-05	0.00122706	0.000184899	0.99642	0.00211793	5.04269e-05	0.000946604	0.000441136	0.00263763	0.995938	3.67613e-05	2.32228e-05	3.98105e-05	3.31754e-06	1.65877e-05	0.999917
22	0.99666	0.00178622	0.00087525	0.000482281	0.000196485	0.00495436	0.993304	0.000390344	0.00129114	6.00528e-05	0.00127606	0.000433862	0.994947	0.00321568	0.000127606	0.000970717	0.000772978	0.00305596	0.995003	0.000197739	1.63087e-05	1.63087e-05	1.08725e-05	5.43623e-05	0.999902
23	0.997386	0.00121729	0.000937908	0.000419065	3.9911e-05	0.00313796	0.99501	0.000352064	0.00143887	6.12286e-05	0.000911698	0.000235277	0.997	0.0018234	2.94096e-05	0.000509575	0.000743704	0.00158381	0.997135	2.75446e-05	1.85111e-05	4.49556e-05	1.58667e-05	4.23111e-05	0.999878
24	0.997666	0.00100039	0.000750292	0.000527983	5.55772e-05	0.00251623	0.995269	0.000603895	0.00156006	5.03246e-05	0.000828348	0.000368155	0.996641	0.00216291	NA	0.000386989	0.000203678	0.000998024	0.998411	NA	2.36969e-05	NA	1.57979e-05	3.94948e-05	0.999921
25	0.997037	0.000965717	0.00140468	0.000482859	0.000109741	0.00272229	0.995322	0.000383421	0.00157203	NA	0.00130102	0.00037172	0.996506	0.00182143	NA	0.000542888	0.00119085	0.00122588	0.99683	0.00021015	3.21446e-05	6.42893e-06	1.28579e-05	8.3576e-05	0.999865
26	0.995543	0.00109702	0.0030168	0.000274254	6.85636e-05	0.00159197	0.996816	0.000612295	0.000979672	NA	0.000893085	0.000255167	0.997321	0.001531	NA	0.000388368	0.00237876	0.000679645	0.996505	4.8546e-05	1.95714e-05	NA	1.95714e-05	9.78569e-05	0.999863
27	0.995174	0.00174435	0.00228479	0.000711871	8.50582e-05	0.0026625	0.995156	0.000522879	0.00163138	2.71897e-05	0.00191179	0.000625507	0.994426	0.00302174	1.48488e-05	0.00113343	0.00121938	0.00425009	0.993247	0.000150408	4.33816e-05	2.09429e-05	2.58046e-05	3.51541e-05	0.999875
28	0.998151	0.000693561	0.000606866	0.000231187	0.000317882	0.000499735	0.998177	8.81886e-05	0.00120524	2.93962e-05	0.00260793	0.000279421	0.995762	0.00133501	1.55234e-05	0.000515966	0.00120392	0.000573296	0.997707	NA	6.65819e-05	1.99746e-05	NA	6.65819e-06	0.999907
29	0.999248	NA	0.000300842	NA	0.000451264	0.000734934	0.998775	NA	0.000489956	NA	0.000339156	NA	0.998983	0.000678311	NA	0.000296121	NA	0.000592242	0.999112	NA	NA	NA	NA	NA	1
30	0.997523	0.000675875	0.00140858	0.000309524	8.34264e-05	0.000488713	0.99792	0.000264017	0.00132196	5.61739e-06	0.00115662	0.000189201	0.997739	0.000903167	1.24944e-05	0.000406364	0.00123479	0.000781334	0.997487	9.06906e-05	3.09573e-05	2.45246e-05	9.24698e-06	2.93491e-05	0.999906
31	0.997974	0.000411548	0.00136318	0.000184915	6.65241e-05	0.000500627	0.998201	0.000256505	0.00103663	5.307e-06	0.000926599	0.000111658	0.998377	0.000574958	9.99927e-06	0.000234748	0.000851269	0.000656058	0.998195	6.30112e-05	3.38851e-05	2.38979e-05	8.20376e-06	2.71081e-05	0.999907
32	0.99919	0.000254432	0.000474169	5.78255e-05	2.31302e-05	0.000295342	0.99932	2.68492e-05	0.00034904	8.94975e-06	0.000258409	5.00146e-05	0.999458	0.000233401	NA	7.98871e-05	0.000692355	0.0003302	0.998892	5.32581e-06	1.58585e-05	3.52411e-06	8.81028e-06	4.58134e-05	0.999926
33	0.999509	0.000109048	0.000340776	1.81747e-05	2.27184e-05	0.000427573	0.999252	2.13786e-05	0.000299301	NA	0.000229728	3.19067e-05	0.999611	0.000127627	NA	6.75866e-05	0.000506899	0.000484371	0.99893	1.12644e-05	1.37243e-05	2.19589e-05	4.11729e-06	1.64692e-05	0.999944
34	0.997375	0.000708779	0.00169923	0.000136241	8.05554e-05	0.000236898	0.998531	0.000262648	0.000967333	2.57498e-06	0.000990012	0.000132002	0.998511	0.000354851	1.24237e-05	0.000147619	0.000838881	0.000798567	0.998093	0.000121534	3.61489e-05	1.75724e-05	1.05434e-05	3.31365e-05	0.999903
35	0.997696	0.000767788	0.00143447	5.83651e-05	4.35683e-05	0.000258057	0.999253	0.000114461	0.000372517	2.0811e-06	0.000570643	6.0507e-05	0.999222	0.000143965	3.12967e-06	4.88886e-05	0.000422925	0.000909482	0.998499	0.000119505	2.2648e-05	5.9731e-06	1.07018e-05	2.09058e-05	0.99994
36	0.998161	0.00033659	0.00132824	9.67745e-05	7.71112e-05	8.92761e-05	0.998812	0.000208106	0.000889067	1.84709e-06	0.000880368	7.62524e-05	0.998862	0.000176767	4.62136e-06	9.59436e-05	0.000821098	0.000363693	0.998613	0.000106654	3.29842e-05	2.00349e-05	1.11169e-05	2.88307e-05	0.999907
37	0.997389	0.000237789	0.00223021	7.40901e-05	6.9084e-05	8.33589e-05	0.998779	0.000260606	0.000873952	2.63238e-06	0.00059578	6.70804e-05	0.999213	0.000114743	9.70901e-06	8.44219e-05	0.000842796	0.000355236	0.99861	0.000107187	3.01125e-05	2.03887e-05	8.62599e-06	2.76032e-05	0.999913
38	0.997407	0.000334683	0.00212385	5.93273e-05	7.51264e-05	6.25145e-05	0.998864	0.000218026	0.000852471	3.09989e-06	0.000774492	5.53948e-05	0.99908	8.38688e-05	6.2125e-06	5.81796e-05	0.000773788	0.000319018	0.998731	0.000117975	2.80372e-05	1.97851e-05	1.02405e-05	2.88326e-05	0.999913
39	0.997882	0.000467237	0.00152489	5.32992e-05	7.24898e-05	4.80992e-05	0.998912	0.000266086	0.000769469	4.26496e-06	0.00074629	5.42246e-05	0.999137	5.29391e-05	9.46593e-06	4.99054e-05	0.000736718	0.00036161	0.998732	0.000120059	3.08431e-05	1.84354e-05	1.55755e-05	3.1437e-05	0.999904
40	0.998394	0.000506363	0.000980619	5.21804e-05	6.72488e-05	3.35304e-05	0.999026	0.000240809	0.000695796	3.36908e-06	0.000826439	5.29908e-05	0.999071	3.15767e-05	1.8329e-05	5.129e-05	0.000547297	0.000492751	0.998825	8.34481e-05	3.28931e-05	1.82883e-05	1.75128e-05	3.75459e-05	0.999894
