
SUMMARISING RUN PARAMETERS
==========================
Input filename: SC2281/host_removal/SC2281_R2.fastq.gz
Trimming mode: paired-end
Trim Galore version: 0.6.4_dev
Cutadapt version: 4.1
Python version: could not detect
Number of cores used for trimming: 2
Quality Phred score cutoff: 20
Quality encoding type selected: ASCII+33
Using Illumina adapter for trimming (count: 13251). Second best hit was smallRNA (count: 0)
Adapter sequence: 'AGATCGGAAGAGC' (Illumina TruSeq, Sanger iPCR; auto-detected)
Maximum trimming error rate: 0.1 (default)
Minimum required adapter overlap (stringency): 1 bp
Minimum required sequence length for both reads before a sequence pair gets removed: 20 bp
Running FastQC on the data once trimming has completed
Output file will be GZIP compressed


This is cutadapt 4.1 with Python 3.9.13
Command line parameters: -j 2 -e 0.1 -q 20 -O 1 -a AGATCGGAAGAGC SC2281/host_removal/SC2281_R2.fastq.gz
Processing single-end reads on 2 cores ...
Finished in 27.84 s (39 µs/read; 1.53 M reads/minute).

=== Summary ===

Total reads processed:                 708,151
Reads with adapters:                   239,986 (33.9%)
Reads written (passing filters):       708,151 (100.0%)

Total basepairs processed:   177,745,901 bp
Quality-trimmed:               2,786,729 bp (1.6%)
Total written (filtered):    173,588,128 bp (97.7%)

=== Adapter 1 ===

Sequence: AGATCGGAAGAGC; Type: regular 3'; Length: 13; Trimmed: 239986 times

Minimum overlap: 1
No. of allowed errors:
1-9 bp: 0; 10-13 bp: 1

Bases preceding removed adapters:
  A: 38.2%
  C: 18.3%
  G: 12.3%
  T: 30.2%
  none/other: 1.1%

Overview of removed sequences
length	count	expect	max.err	error counts
1	162504	177037.8	0	162504
2	49027	44259.4	0	49027
3	6521	11064.9	0	6521
4	1617	2766.2	0	1617
5	202	691.6	0	202
6	137	172.9	0	137
7	4059	43.2	0	4059
8	78	10.8	0	78
9	244	2.7	0	243 1
10	216	0.7	1	203 13
11	62	0.2	1	58 4
12	203	0.0	1	193 10
13	48	0.0	1	43 5
14	145	0.0	1	137 8
15	35	0.0	1	29 6
16	58	0.0	1	53 5
17	114	0.0	1	103 11
18	24	0.0	1	19 5
19	86	0.0	1	76 10
20	52	0.0	1	45 7
21	17	0.0	1	15 2
22	64	0.0	1	61 3
23	90	0.0	1	83 7
24	672	0.0	1	645 27
25	47	0.0	1	38 9
26	107	0.0	1	97 10
27	91	0.0	1	88 3
28	199	0.0	1	193 6
29	55	0.0	1	53 2
30	266	0.0	1	256 10
31	29	0.0	1	26 3
32	137	0.0	1	125 12
33	79	0.0	1	77 2
34	46	0.0	1	41 5
35	79	0.0	1	74 5
36	153	0.0	1	138 15
37	232	0.0	1	216 16
38	126	0.0	1	120 6
39	140	0.0	1	128 12
40	242	0.0	1	234 8
41	240	0.0	1	224 16
42	410	0.0	1	378 32
43	465	0.0	1	432 33
44	544	0.0	1	505 39
45	636	0.0	1	601 35
46	302	0.0	1	287 15
47	322	0.0	1	312 10
48	183	0.0	1	176 7
49	145	0.0	1	136 9
50	79	0.0	1	69 10
51	84	0.0	1	79 5
52	61	0.0	1	51 10
53	126	0.0	1	98 28
54	280	0.0	1	272 8
55	78	0.0	1	63 15
56	178	0.0	1	151 27
57	443	0.0	1	424 19
58	215	0.0	1	208 7
59	42	0.0	1	38 4
60	107	0.0	1	100 7
61	39	0.0	1	37 2
62	32	0.0	1	27 5
63	54	0.0	1	52 2
64	33	0.0	1	32 1
65	16	0.0	1	15 1
66	21	0.0	1	17 4
67	7	0.0	1	7
68	10	0.0	1	9 1
69	14	0.0	1	11 3
70	28	0.0	1	28
71	8	0.0	1	7 1
72	16	0.0	1	16
73	29	0.0	1	25 4
74	35	0.0	1	35
75	66	0.0	1	55 11
76	99	0.0	1	74 25
77	156	0.0	1	109 47
78	271	0.0	1	191 80
79	500	0.0	1	302 198
80	784	0.0	1	559 225
81	812	0.0	1	571 241
82	514	0.0	1	337 177
83	252	0.0	1	157 95
84	230	0.0	1	136 94
85	130	0.0	1	80 50
86	105	0.0	1	54 51
87	71	0.0	1	42 29
88	69	0.0	1	37 32
89	82	0.0	1	62 20
90	40	0.0	1	25 15
91	40	0.0	1	19 21
92	25	0.0	1	12 13
93	30	0.0	1	16 14
94	203	0.0	1	186 17
95	42	0.0	1	34 8
96	43	0.0	1	35 8
97	54	0.0	1	46 8
98	18	0.0	1	12 6
99	17	0.0	1	11 6
100	18	0.0	1	11 7
101	11	0.0	1	6 5
102	10	0.0	1	7 3
103	13	0.0	1	10 3
104	12	0.0	1	4 8
105	27	0.0	1	19 8
106	15	0.0	1	5 10
107	23	0.0	1	14 9
108	19	0.0	1	10 9
109	9	0.0	1	2 7
110	8	0.0	1	3 5
111	15	0.0	1	9 6
112	9	0.0	1	2 7
113	16	0.0	1	10 6
114	14	0.0	1	7 7
115	15	0.0	1	6 9
116	8	0.0	1	2 6
117	22	0.0	1	12 10
118	9	0.0	1	4 5
119	9	0.0	1	2 7
120	5	0.0	1	1 4
121	8	0.0	1	2 6
122	15	0.0	1	8 7
123	16	0.0	1	11 5
124	8	0.0	1	2 6
125	8	0.0	1	3 5
126	15	0.0	1	9 6
127	50	0.0	1	41 9
128	7	0.0	1	2 5
129	13	0.0	1	5 8
130	12	0.0	1	3 9
131	15	0.0	1	10 5
132	6	0.0	1	0 6
133	14	0.0	1	6 8
134	14	0.0	1	6 8
135	5	0.0	1	1 4
136	9	0.0	1	3 6
137	6	0.0	1	0 6
138	8	0.0	1	2 6
139	8	0.0	1	4 4
140	7	0.0	1	4 3
141	20	0.0	1	18 2
142	6	0.0	1	3 3
143	10	0.0	1	2 8
144	7	0.0	1	0 7
145	8	0.0	1	5 3
146	9	0.0	1	7 2
147	14	0.0	1	8 6
148	5	0.0	1	1 4
149	10	0.0	1	4 6
150	6	0.0	1	1 5
151	12	0.0	1	10 2
152	10	0.0	1	5 5
153	22	0.0	1	14 8
154	20	0.0	1	13 7
155	14	0.0	1	10 4
156	34	0.0	1	31 3
157	25	0.0	1	21 4
158	14	0.0	1	10 4
159	14	0.0	1	11 3
160	32	0.0	1	27 5
161	22	0.0	1	19 3
162	24	0.0	1	18 6
163	15	0.0	1	13 2
164	23	0.0	1	15 8
165	11	0.0	1	7 4
166	23	0.0	1	17 6
167	21	0.0	1	19 2
168	26	0.0	1	21 5
169	18	0.0	1	15 3
170	17	0.0	1	14 3
171	5	0.0	1	2 3
172	22	0.0	1	21 1
173	10	0.0	1	8 2
174	15	0.0	1	13 2
175	13	0.0	1	11 2
176	13	0.0	1	11 2
177	6	0.0	1	3 3
178	5	0.0	1	5
179	12	0.0	1	11 1
180	11	0.0	1	10 1
181	9	0.0	1	9
182	4	0.0	1	4
183	4	0.0	1	3 1
184	4	0.0	1	3 1
185	44	0.0	1	43 1
186	6	0.0	1	6
187	3	0.0	1	2 1
188	3	0.0	1	2 1
189	3	0.0	1	2 1
190	8	0.0	1	7 1
191	5	0.0	1	4 1
192	9	0.0	1	9
193	7	0.0	1	6 1
194	1	0.0	1	0 1
195	5	0.0	1	3 2
196	2	0.0	1	2
197	3	0.0	1	2 1
198	8	0.0	1	5 3
199	3	0.0	1	3
200	6	0.0	1	6
201	1	0.0	1	1
202	2	0.0	1	2
203	2	0.0	1	2
204	2	0.0	1	1 1
205	1	0.0	1	1
206	2	0.0	1	1 1
207	2	0.0	1	2
208	3	0.0	1	3
209	2	0.0	1	2
210	2	0.0	1	2
212	4	0.0	1	3 1
214	1	0.0	1	1
215	2	0.0	1	2
216	1	0.0	1	1
217	2	0.0	1	2
219	1	0.0	1	1
221	1	0.0	1	1
222	1	0.0	1	1
229	2	0.0	1	2
230	1	0.0	1	1
231	2	0.0	1	1 1
235	1	0.0	1	1
240	1	0.0	1	1
241	1	0.0	1	1
242	1	0.0	1	0 1
246	1	0.0	1	0 1
247	2	0.0	1	1 1
248	4	0.0	1	0 4
249	4	0.0	1	0 4
250	5	0.0	1	0 5
251	419	0.0	1	0 419

RUN STATISTICS FOR INPUT FILE: SC2281/host_removal/SC2281_R2.fastq.gz
=============================================
708151 sequences processed in total

Total number of sequences analysed for the sequence pair length validation: 708151

Number of sequence pairs removed because at least one read was shorter than the length cutoff (20 bp): 4428 (0.63%)
