
SUMMARISING RUN PARAMETERS
==========================
Input filename: SC2190/host_removal/SC2190_R1.fastq.gz
Trimming mode: paired-end
Trim Galore version: 0.6.4_dev
Cutadapt version: 4.1
Python version: could not detect
Number of cores used for trimming: 2
Quality Phred score cutoff: 20
Quality encoding type selected: ASCII+33
Using Illumina adapter for trimming (count: 3048). Second best hit was Nextera (count: 0)
Adapter sequence: 'AGATCGGAAGAGC' (Illumina TruSeq, Sanger iPCR; auto-detected)
Maximum trimming error rate: 0.1 (default)
Minimum required adapter overlap (stringency): 1 bp
Minimum required sequence length for both reads before a sequence pair gets removed: 20 bp
Running FastQC on the data once trimming has completed
Output file will be GZIP compressed


This is cutadapt 4.1 with Python 3.9.13
Command line parameters: -j 2 -e 0.1 -q 20 -O 1 -a AGATCGGAAGAGC SC2190/host_removal/SC2190_R1.fastq.gz
Processing single-end reads on 2 cores ...
Finished in 22.39 s (33 µs/read; 1.80 M reads/minute).

=== Summary ===

Total reads processed:                 671,336
Reads with adapters:                   222,966 (33.2%)
Reads written (passing filters):       671,336 (100.0%)

Total basepairs processed:   168,505,336 bp
Quality-trimmed:               1,237,123 bp (0.7%)
Total written (filtered):    166,531,850 bp (98.8%)

=== Adapter 1 ===

Sequence: AGATCGGAAGAGC; Type: regular 3'; Length: 13; Trimmed: 222966 times

Minimum overlap: 1
No. of allowed errors:
1-9 bp: 0; 10-13 bp: 1

Bases preceding removed adapters:
  A: 38.3%
  C: 16.7%
  G: 9.7%
  T: 34.5%
  none/other: 0.8%

Overview of removed sequences
length	count	expect	max.err	error counts
1	149293	167834.0	0	149293
2	57887	41958.5	0	57887
3	5340	10489.6	0	5340
4	970	2622.4	0	970
5	80	655.6	0	80
6	104	163.9	0	104
7	3791	41.0	0	3791
8	77	10.2	0	77
9	125	2.6	0	125
10	143	0.6	1	137 6
11	30	0.2	1	29 1
12	48	0.0	1	44 4
13	39	0.0	1	36 3
14	33	0.0	1	30 3
15	45	0.0	1	44 1
16	8	0.0	1	5 3
17	19	0.0	1	12 7
18	21	0.0	1	13 8
19	14	0.0	1	12 2
20	34	0.0	1	32 2
21	46	0.0	1	41 5
22	64	0.0	1	58 6
23	69	0.0	1	65 4
24	101	0.0	1	95 6
25	41	0.0	1	37 4
26	13	0.0	1	12 1
27	29	0.0	1	28 1
28	51	0.0	1	44 7
29	34	0.0	1	30 4
30	27	0.0	1	21 6
31	31	0.0	1	27 4
32	32	0.0	1	25 7
33	12	0.0	1	6 6
34	33	0.0	1	26 7
35	30	0.0	1	25 5
36	169	0.0	1	161 8
37	577	0.0	1	559 18
38	104	0.0	1	84 20
39	61	0.0	1	52 9
40	38	0.0	1	35 3
41	44	0.0	1	38 6
42	41	0.0	1	38 3
43	32	0.0	1	29 3
44	17	0.0	1	17
45	24	0.0	1	20 4
46	13	0.0	1	12 1
47	23	0.0	1	18 5
48	6	0.0	1	3 3
49	24	0.0	1	24
50	14	0.0	1	10 4
51	21	0.0	1	17 4
52	20	0.0	1	13 7
53	21	0.0	1	15 6
54	52	0.0	1	46 6
55	31	0.0	1	28 3
56	12	0.0	1	11 1
57	36	0.0	1	35 1
58	22	0.0	1	21 1
59	27	0.0	1	27
60	7	0.0	1	6 1
61	11	0.0	1	9 2
62	9	0.0	1	7 2
63	14	0.0	1	13 1
64	6	0.0	1	6
65	10	0.0	1	9 1
66	13	0.0	1	13
67	6	0.0	1	6
68	8	0.0	1	6 2
69	8	0.0	1	7 1
70	12	0.0	1	8 4
71	23	0.0	1	13 10
72	33	0.0	1	20 13
73	48	0.0	1	26 22
74	114	0.0	1	60 54
75	183	0.0	1	74 109
76	316	0.0	1	160 156
77	266	0.0	1	108 158
78	148	0.0	1	55 93
79	94	0.0	1	30 64
80	69	0.0	1	17 52
81	54	0.0	1	11 43
82	32	0.0	1	13 19
83	36	0.0	1	10 26
84	28	0.0	1	10 18
85	17	0.0	1	2 15
86	18	0.0	1	7 11
87	17	0.0	1	8 9
88	18	0.0	1	5 13
89	16	0.0	1	4 12
90	7	0.0	1	0 7
91	13	0.0	1	4 9
92	13	0.0	1	6 7
93	12	0.0	1	7 5
94	36	0.0	1	28 8
95	20	0.0	1	7 13
96	15	0.0	1	7 8
97	5	0.0	1	0 5
98	6	0.0	1	1 5
99	10	0.0	1	3 7
100	4	0.0	1	0 4
101	8	0.0	1	5 3
102	5	0.0	1	1 4
103	7	0.0	1	1 6
104	6	0.0	1	1 5
105	5	0.0	1	2 3
106	2	0.0	1	0 2
107	8	0.0	1	3 5
108	10	0.0	1	1 9
109	5	0.0	1	3 2
110	2	0.0	1	0 2
111	14	0.0	1	6 8
112	10	0.0	1	5 5
113	10	0.0	1	3 7
114	6	0.0	1	4 2
115	7	0.0	1	2 5
116	7	0.0	1	1 6
117	7	0.0	1	3 4
118	5	0.0	1	1 4
119	3	0.0	1	0 3
120	8	0.0	1	2 6
121	4	0.0	1	0 4
122	8	0.0	1	1 7
123	8	0.0	1	3 5
124	3	0.0	1	0 3
125	5	0.0	1	3 2
126	7	0.0	1	1 6
127	9	0.0	1	3 6
128	6	0.0	1	0 6
129	3	0.0	1	0 3
130	7	0.0	1	1 6
131	3	0.0	1	0 3
132	8	0.0	1	0 8
133	5	0.0	1	1 4
134	10	0.0	1	3 7
135	9	0.0	1	2 7
136	5	0.0	1	1 4
137	8	0.0	1	1 7
138	3	0.0	1	1 2
139	4	0.0	1	0 4
140	8	0.0	1	3 5
141	6	0.0	1	1 5
142	7	0.0	1	0 7
143	4	0.0	1	1 3
144	2	0.0	1	0 2
145	5	0.0	1	0 5
146	9	0.0	1	2 7
147	5	0.0	1	2 3
148	4	0.0	1	0 4
149	6	0.0	1	0 6
150	9	0.0	1	3 6
151	5	0.0	1	0 5
152	8	0.0	1	0 8
153	10	0.0	1	2 8
154	13	0.0	1	4 9
155	4	0.0	1	0 4
156	12	0.0	1	8 4
157	7	0.0	1	4 3
158	3	0.0	1	1 2
159	4	0.0	1	1 3
160	6	0.0	1	1 5
161	8	0.0	1	2 6
162	10	0.0	1	4 6
163	7	0.0	1	0 7
164	8	0.0	1	2 6
165	6	0.0	1	1 5
166	6	0.0	1	1 5
168	2	0.0	1	0 2
169	8	0.0	1	0 8
170	6	0.0	1	1 5
171	4	0.0	1	0 4
172	7	0.0	1	3 4
173	6	0.0	1	1 5
174	5	0.0	1	0 5
175	4	0.0	1	3 1
176	10	0.0	1	2 8
177	5	0.0	1	1 4
178	4	0.0	1	0 4
179	5	0.0	1	0 5
180	3	0.0	1	0 3
181	3	0.0	1	3
182	4	0.0	1	0 4
183	5	0.0	1	0 5
184	1	0.0	1	0 1
185	1	0.0	1	0 1
186	5	0.0	1	0 5
187	5	0.0	1	0 5
188	5	0.0	1	1 4
189	3	0.0	1	0 3
190	3	0.0	1	1 2
191	1	0.0	1	0 1
192	4	0.0	1	1 3
193	1	0.0	1	1
195	2	0.0	1	1 1
198	2	0.0	1	0 2
199	1	0.0	1	0 1
201	2	0.0	1	0 2
202	3	0.0	1	1 2
203	1	0.0	1	0 1
205	3	0.0	1	1 2
206	1	0.0	1	0 1
207	1	0.0	1	0 1
208	4	0.0	1	1 3
209	1	0.0	1	1
213	3	0.0	1	0 3
214	3	0.0	1	1 2
215	4	0.0	1	2 2
217	2	0.0	1	2
218	1	0.0	1	0 1
219	1	0.0	1	0 1
220	1	0.0	1	0 1
221	3	0.0	1	0 3
222	3	0.0	1	0 3
223	1	0.0	1	0 1
224	2	0.0	1	0 2
226	1	0.0	1	0 1
228	1	0.0	1	0 1
230	2	0.0	1	0 2
231	1	0.0	1	0 1
232	2	0.0	1	0 2
233	2	0.0	1	0 2
239	1	0.0	1	0 1
240	3	0.0	1	0 3
242	2	0.0	1	0 2
243	3	0.0	1	0 3
244	3	0.0	1	0 3
245	4	0.0	1	0 4
246	1	0.0	1	0 1
247	5	0.0	1	1 4
248	4	0.0	1	0 4
249	5	0.0	1	0 5
250	18	0.0	1	0 18
251	403	0.0	1	0 403

RUN STATISTICS FOR INPUT FILE: SC2190/host_removal/SC2190_R1.fastq.gz
=============================================
671336 sequences processed in total

