quality	AA	AC	AG	AT	A.	CA	CC	CG	CT	C.	GA	GC	GG	GT	G.	TA	TC	TG	TT	T.	.A	.C	.G	.T	..
0	NA	NA	NA	NA	NA	NA	NA	NA	NA	NA	NA	NA	NA	NA	NA	NA	NA	NA	NA	NA	NA	NA	NA	NA	NA
1	NA	NA	NA	NA	NA	NA	NA	NA	NA	NA	NA	NA	NA	NA	NA	NA	NA	NA	NA	NA	NA	NA	NA	NA	NA
2	NA	NA	NA	NA	NA	NA	NA	NA	NA	NA	NA	NA	NA	NA	NA	NA	NA	NA	NA	NA	NA	NA	NA	NA	NA
3	NA	NA	NA	NA	NA	NA	NA	NA	NA	NA	NA	NA	NA	NA	NA	NA	NA	NA	NA	NA	NA	NA	NA	NA	NA
4	NA	NA	NA	NA	NA	NA	NA	NA	NA	NA	NA	NA	NA	NA	NA	NA	NA	NA	NA	NA	NA	NA	NA	NA	NA
5	NA	NA	NA	NA	NA	NA	NA	NA	NA	NA	NA	NA	NA	NA	NA	NA	NA	NA	NA	NA	NA	NA	NA	NA	NA
6	NA	NA	NA	NA	NA	NA	NA	NA	NA	NA	NA	NA	NA	NA	NA	NA	NA	NA	NA	NA	NA	NA	NA	NA	NA
7	NA	NA	NA	NA	NA	NA	NA	NA	NA	NA	NA	NA	NA	NA	NA	NA	NA	NA	NA	NA	NA	NA	NA	NA	NA
8	NA	NA	NA	NA	NA	NA	NA	NA	NA	NA	NA	NA	NA	NA	NA	NA	NA	NA	NA	NA	NA	NA	NA	NA	NA
9	NA	NA	NA	NA	NA	NA	NA	NA	NA	NA	NA	NA	NA	NA	NA	NA	NA	NA	NA	NA	NA	NA	NA	NA	NA
10	NA	NA	NA	NA	NA	NA	NA	NA	NA	NA	NA	NA	NA	NA	NA	NA	NA	NA	NA	NA	NA	NA	NA	NA	NA
11	0.978125	0.00891544	0.00367647	0.00928309	NA	0.0503844	0.931756	0.00520402	0.0126552	NA	0.0168278	0.00721193	0.941758	0.0339835	0.000218543	0.0220659	0.0067157	0.0207867	0.950432	NA	NA	NA	2.45351e-05	NA	0.999975
12	0.972403	0.0145082	0.00518431	0.0077469	0.000157698	0.0344962	0.948334	0.00534118	0.0117767	5.21091e-05	0.0134157	0.00578851	0.953368	0.0273082	0.000119175	0.0135615	0.00780814	0.0206358	0.957936	5.87078e-05	4.949e-05	1.09978e-05	2.74944e-05	4.949e-05	0.999863
13	0.966453	0.0159659	0.00694481	0.0104917	0.000144183	0.0303555	0.954025	0.00475697	0.0107646	9.82378e-05	0.00950937	0.00460165	0.96451	0.021302	7.73977e-05	0.0153192	0.0101487	0.0237284	0.950686	0.00011717	6.55242e-05	4.00854e-05	4.08563e-05	5.39611e-05	0.9998
14	0.961099	0.0177641	0.00828625	0.0126441	0.000206314	0.0299862	0.951894	0.00474268	0.0131424	0.000234912	0.0157926	0.00637295	0.948765	0.0288808	0.000188279	0.0188199	0.0151544	0.0227764	0.942936	0.000313385	0.000112218	5.87808e-05	5.61089e-05	6.81323e-05	0.999705
15	0.975879	0.00849752	0.00560269	0.00982028	0.000200838	0.0121178	0.975647	0.00261519	0.00950264	0.000117801	0.0135017	0.00529721	0.956405	0.0245989	0.000196733	0.0259506	0.0152391	0.0268718	0.931615	0.000323403	0.000110012	3.94382e-05	3.11354e-05	6.22708e-05	0.999757
16	0.963332	0.0121577	0.00965787	0.0147124	0.000139572	0.0179626	0.961288	0.00476166	0.0157865	0.000200744	0.0169386	0.00803042	0.950357	0.0245359	0.000137993	0.0187676	0.0131179	0.0185264	0.949304	0.000284499	0.000124046	6.9725e-05	7.05358e-05	9.08047e-05	0.999645
17	NA	NA	NA	NA	NA	NA	NA	NA	NA	NA	NA	NA	NA	NA	NA	NA	NA	NA	NA	NA	NA	NA	NA	NA	NA
18	NA	NA	NA	NA	NA	NA	NA	NA	NA	NA	NA	NA	NA	NA	NA	NA	NA	NA	NA	NA	NA	NA	NA	NA	NA
19	NA	NA	NA	NA	NA	NA	NA	NA	NA	NA	NA	NA	NA	NA	NA	NA	NA	NA	NA	NA	NA	NA	NA	NA	NA
20	0.998059	0.000831716	0.000554477	0.000554477	NA	0.004814	0.992998	NA	0.00218818	NA	0.0012429	0.000355114	0.995206	0.00319602	NA	0.00258732	NA	0.0043122	0.9931	NA	NA	NA	NA	7.23327e-05	0.999928
21	0.997622	0.00123823	0.000471707	0.000609289	5.89634e-05	0.00268637	0.996332	0.000232474	0.000749083	NA	0.000733991	0.000455581	0.997191	0.00161984	NA	0.000949263	0.000605327	0.00247634	0.995969	NA	1.98501e-05	9.92507e-06	1.48876e-05	1.98501e-05	0.999935
22	0.996405	0.00162075	0.000968721	0.000950092	5.58878e-05	0.00408367	0.993654	0.000440684	0.00182149	NA	0.00178548	0.000525141	0.994775	0.00288828	2.62571e-05	0.00208506	0.000793431	0.00308147	0.993985	5.53557e-05	2.22315e-05	1.11157e-05	3.33472e-05	2.22315e-05	0.999911
23	0.997275	0.000995359	0.000908265	0.000783845	3.7326e-05	0.00218761	0.99626	0.000579623	0.000953574	1.86975e-05	0.00114724	0.000564217	0.996032	0.00223806	1.88072e-05	0.00131944	0.000606228	0.00172062	0.996318	3.56605e-05	5.01758e-05	1.00352e-05	2.34154e-05	3.01055e-05	0.999886
24	0.99801	0.000772109	0.000712716	0.000475144	2.96965e-05	0.00235837	0.99636	0.00046142	0.000820302	NA	0.00121512	0.000373884	0.996355	0.00200963	4.67355e-05	0.00088404	0.000582173	0.0015309	0.99696	4.31239e-05	8.27328e-06	NA	8.27328e-06	3.30931e-05	0.99995
25	0.996484	0.000614277	0.00203347	0.000741368	0.000127092	0.00274566	0.995592	0.000397399	0.00126445	NA	0.00231084	0.000595217	0.994293	0.00280102	NA	0.00141694	0.000879479	0.0013355	0.99627	9.77199e-05	5.46242e-05	1.21387e-05	3.03468e-05	2.42774e-05	0.999879
26	0.996969	0.00074292	0.00136697	0.000802354	0.000118867	0.00272732	0.995691	0.000327279	0.00125457	NA	0.00129702	0.00100224	0.994222	0.00347836	NA	0.000626269	0.000647864	0.00140371	0.997279	4.31909e-05	6.07829e-05	2.60498e-05	3.47331e-05	2.60498e-05	0.999852
27	0.995794	0.00126894	0.00171593	0.00116578	5.56694e-05	0.00141347	0.996514	0.000479709	0.00156996	2.30876e-05	0.002393	0.00126842	0.99172	0.00458768	3.05119e-05	0.00115672	0.00182044	0.00371094	0.99315	0.000161788	4.58943e-05	3.83241e-05	2.7442e-05	4.40018e-05	0.999844
28	0.997086	0.000485673	0.00145702	0.000867273	0.000104073	0.00029212	0.998247	0.000255605	0.001205	NA	0.00221113	0.000606277	0.995542	0.00158702	5.3495e-05	0.00085922	0.00284204	0.000396563	0.995902	NA	6.28249e-05	7.85312e-06	NA	4.71187e-05	0.999882
29	1	NA	NA	NA	NA	0.00125628	0.998744	NA	NA	NA	0.000788395	0.000157679	0.999054	NA	NA	NA	NA	NA	1	NA	0.00015819	NA	NA	NA	0.999842
30	0.997175	0.00066841	0.00139848	0.000718856	3.92358e-05	0.000322041	0.998164	0.000245263	0.00126684	2.13272e-06	0.00140652	0.000382713	0.997263	0.000936384	1.16562e-05	0.000667074	0.00156655	0.000641252	0.997099	2.58222e-05	3.8935e-05	1.76135e-05	2.13216e-05	2.82743e-05	0.999894
31	0.998223	0.000299618	0.00113392	0.000326413	1.70514e-05	0.000202028	0.998786	0.000170519	0.000835913	5.5604e-06	0.000789111	0.000193393	0.99841	0.000592265	1.55405e-05	0.000307543	0.00114872	0.000644577	0.997858	4.07249e-05	3.49192e-05	1.95701e-05	2.14887e-05	2.60934e-05	0.999898
32	0.999098	0.000185313	0.000580648	0.000123542	1.23542e-05	0.000192215	0.999554	NA	0.000253375	NA	0.000323918	9.13614e-05	0.999327	0.000257473	NA	8.65651e-05	0.000242382	0.000248153	0.999417	5.77101e-06	2.14496e-05	8.93733e-06	1.96621e-05	1.60872e-05	0.999934
33	0.999339	0.000119865	0.000421748	6.65918e-05	5.32734e-05	0.000104316	0.999583	8.47568e-05	0.000228191	NA	0.000269596	6.26967e-05	0.999367	0.000300944	NA	8.56731e-05	0.0001782	0.000442073	0.999287	6.85385e-06	1.66095e-05	1.02212e-05	1.78871e-05	1.78871e-05	0.999937
34	0.99781	0.000644277	0.00128208	0.000224173	3.94215e-05	0.000126221	0.998964	0.00017426	0.000730009	5.65168e-06	0.000785343	0.000185417	0.998606	0.000389787	3.37871e-05	0.000220855	0.00113639	0.000397145	0.998158	8.71622e-05	4.05923e-05	2.45738e-05	2.27535e-05	3.49494e-05	0.999877
35	0.998629	0.000619286	0.000644431	7.1843e-05	3.5203e-05	4.0791e-05	0.999718	6.16608e-05	0.000176445	2.84588e-06	0.00039017	7.29744e-05	0.999305	0.000214058	1.75139e-05	6.61659e-05	0.000641608	0.000537347	0.998687	6.75025e-05	1.73747e-05	1.18148e-05	9.49818e-06	1.64481e-05	0.999945
36	0.998288	0.000339737	0.00117418	0.000157203	4.13496e-05	7.28802e-05	0.999156	0.000163084	0.000599769	8.36331e-06	0.000515454	0.000107949	0.999191	0.00016786	1.72718e-05	0.000143247	0.00111865	0.000216413	0.998475	4.67205e-05	3.303e-05	2.37109e-05	2.61881e-05	3.51534e-05	0.999882
37	0.998053	0.000226488	0.00155183	0.000133878	3.50289e-05	5.42269e-05	0.999255	0.00016607	0.000520239	4.23648e-06	0.000420264	8.27159e-05	0.999339	0.000141202	1.67103e-05	9.84077e-05	0.000937173	0.000226706	0.998664	7.40357e-05	2.93964e-05	2.45724e-05	2.48739e-05	2.96979e-05	0.999891
38	0.997902	0.000332483	0.00161412	0.000115176	3.58016e-05	4.59068e-05	0.999338	0.00013322	0.00047392	9.00133e-06	0.000386466	6.1712e-05	0.999421	0.000104604	2.62604e-05	8.87345e-05	0.000956552	0.000199006	0.998691	6.51868e-05	3.33082e-05	2.5542e-05	2.14864e-05	3.45162e-05	0.999885
39	0.997791	0.000441971	0.00162964	9.6702e-05	4.08717e-05	4.54979e-05	0.999295	0.000171177	0.000480246	7.83161e-06	0.00035961	4.72422e-05	0.9995	6.45021e-05	2.86478e-05	6.89081e-05	0.000894062	0.000159641	0.998827	5.0677e-05	3.49495e-05	2.53159e-05	2.3413e-05	3.51874e-05	0.999881
40	0.998375	0.000531325	0.000955665	9.19158e-05	4.59183e-05	4.50906e-05	0.999292	0.000138784	0.000512063	1.20295e-05	0.000340934	4.81135e-05	0.999507	6.12435e-05	4.25945e-05	5.62874e-05	0.000657563	0.000183269	0.999065	3.74734e-05	3.95848e-05	3.13965e-05	2.40319e-05	3.93264e-05	0.999866
