quality	AA	AC	AG	AT	A.	CA	CC	CG	CT	C.	GA	GC	GG	GT	G.	TA	TC	TG	TT	T.	.A	.C	.G	.T	..
0	NA	NA	NA	NA	NA	NA	NA	NA	NA	NA	NA	NA	NA	NA	NA	NA	NA	NA	NA	NA	NA	NA	NA	NA	NA
1	NA	NA	NA	NA	NA	NA	NA	NA	NA	NA	NA	NA	NA	NA	NA	NA	NA	NA	NA	NA	NA	NA	NA	NA	NA
2	NA	NA	NA	NA	NA	NA	NA	NA	NA	NA	NA	NA	NA	NA	NA	NA	NA	NA	NA	NA	NA	NA	NA	NA	NA
3	NA	NA	NA	NA	NA	NA	NA	NA	NA	NA	NA	NA	NA	NA	NA	NA	NA	NA	NA	NA	NA	NA	NA	NA	NA
4	NA	NA	NA	NA	NA	NA	NA	NA	NA	NA	NA	NA	NA	NA	NA	NA	NA	NA	NA	NA	NA	NA	NA	NA	NA
5	NA	NA	NA	NA	NA	NA	NA	NA	NA	NA	NA	NA	NA	NA	NA	NA	NA	NA	NA	NA	NA	NA	NA	NA	NA
6	NA	NA	NA	NA	NA	NA	NA	NA	NA	NA	NA	NA	NA	NA	NA	NA	NA	NA	NA	NA	NA	NA	NA	NA	NA
7	NA	NA	NA	NA	NA	NA	NA	NA	NA	NA	NA	NA	NA	NA	NA	NA	NA	NA	NA	NA	NA	NA	NA	NA	NA
8	NA	NA	NA	NA	NA	NA	NA	NA	NA	NA	NA	NA	NA	NA	NA	NA	NA	NA	NA	NA	NA	NA	NA	NA	NA
9	NA	NA	NA	NA	NA	NA	NA	NA	NA	NA	NA	NA	NA	NA	NA	NA	NA	NA	NA	NA	NA	NA	NA	NA	NA
10	NA	NA	NA	NA	NA	NA	NA	NA	NA	NA	NA	NA	NA	NA	NA	NA	NA	NA	NA	NA	NA	NA	NA	NA	NA
11	0.976128	0.00904731	0.00337911	0.0111184	0.000327011	0.0507742	0.925513	0.00557958	0.0179941	0.000139489	0.0174983	0.00738209	0.940943	0.0340396	0.000136705	0.0240921	0.00934915	0.0204962	0.946063	NA	2.96367e-05	2.96367e-05	NA	NA	0.999941
12	0.972296	0.0134026	0.00582722	0.00840091	7.28403e-05	0.0348542	0.948008	0.00430854	0.0127006	0.000128613	0.0142099	0.005487	0.949491	0.030691	0.000120593	0.0141394	0.00728392	0.0239941	0.954544	3.89514e-05	4.74194e-05	1.35484e-05	1.35484e-05	3.3871e-05	0.999892
13	0.965487	0.0160701	0.0070848	0.0112035	0.000154629	0.0297829	0.952212	0.00546639	0.0124121	0.000126922	0.00987347	0.00442533	0.963109	0.0225226	7.01123e-05	0.015071	0.0101208	0.0230286	0.951569	0.000210214	5.97801e-05	3.74741e-05	2.85517e-05	5.08577e-05	0.999823
14	0.963318	0.0161957	0.00749882	0.0127771	0.000210528	0.0296461	0.951947	0.00474338	0.0134899	0.000173723	0.0169125	0.00737496	0.945409	0.0301029	0.000201009	0.018308	0.014481	0.0215179	0.94549	0.000203495	8.11989e-05	5.25405e-05	4.13955e-05	8.75675e-05	0.999737
15	0.976721	0.00838603	0.00549209	0.00932936	7.19488e-05	0.0120914	0.975558	0.00311079	0.00914722	9.25832e-05	0.0137297	0.00586588	0.957402	0.0228914	0.000110999	0.0268563	0.0148572	0.0259114	0.931891	0.000484216	7.29632e-05	2.91853e-05	3.89137e-05	4.13458e-05	0.999818
16	0.964125	0.0117339	0.00912287	0.0148557	0.000162654	0.0174844	0.962408	0.00446527	0.015532	0.000110254	0.0166478	0.00769652	0.951846	0.0236772	0.000132546	0.0178712	0.0130269	0.0188585	0.950055	0.00018823	0.000108823	6.0457e-05	4.3715e-05	8.37096e-05	0.999703
17	NA	NA	NA	NA	NA	NA	NA	NA	NA	NA	NA	NA	NA	NA	NA	NA	NA	NA	NA	NA	NA	NA	NA	NA	NA
18	NA	NA	NA	NA	NA	NA	NA	NA	NA	NA	NA	NA	NA	NA	NA	NA	NA	NA	NA	NA	NA	NA	NA	NA	NA
19	NA	NA	NA	NA	NA	NA	NA	NA	NA	NA	NA	NA	NA	NA	NA	NA	NA	NA	NA	NA	NA	NA	NA	NA	NA
20	0.998203	0.000299581	NA	0.0014979	NA	0.00470085	0.992308	NA	0.00299145	NA	0.00117578	0.000195963	0.997257	0.00137174	NA	0.00150754	NA	0.0040201	0.994472	NA	NA	7.83024e-05	NA	7.83024e-05	0.999843
21	0.997141	0.00152175	0.000553365	0.000691706	9.22275e-05	0.00206567	0.996516	0.000308309	0.00107908	3.08309e-05	0.000820513	0.000263736	0.996484	0.00240293	2.9304e-05	0.00130266	0.000602478	0.00224708	0.995783	6.51328e-05	2.92456e-05	1.75473e-05	5.84912e-06	2.33965e-05	0.999924
22	0.99648	0.00165897	0.000986414	0.000762229	0.000112093	0.00414852	0.993259	0.000864274	0.00169398	3.4571e-05	0.00211015	0.00066319	0.994272	0.00292406	3.0145e-05	0.00168645	0.000832275	0.00341671	0.993955	0.00010951	3.94104e-05	6.5684e-06	1.31368e-05	3.2842e-05	0.999908
23	0.996312	0.0012784	0.00170453	0.000646545	5.87769e-05	0.00213331	0.995559	0.0012408	0.00106666	NA	0.00123184	0.000501086	0.996346	0.00187907	4.17571e-05	0.00106261	0.000961412	0.00198354	0.995972	2.02403e-05	3.45855e-05	7.68566e-06	2.68998e-05	3.45855e-05	0.999896
24	0.997472	0.00106819	0.000818942	0.000605305	3.56062e-05	0.00229399	0.995835	0.000422578	0.00144884	NA	0.00130969	0.000545703	0.995798	0.00234652	NA	0.000378941	0.000303153	0.00113682	0.998105	7.57882e-05	2.92797e-05	9.75991e-06	3.90396e-05	6.83193e-05	0.999854
25	0.996308	0.000897436	0.00164103	0.001	0.000153846	0.00267164	0.994529	0.00139943	0.00135702	4.2407e-05	0.00173748	0.000631812	0.994906	0.00260622	0.000118465	0.00129281	0.000918084	0.00174249	0.995934	0.000112418	2.12537e-05	2.12537e-05	7.08456e-06	2.83382e-05	0.999922
26	0.99529	0.000814476	0.0029392	0.0008853	7.0824e-05	0.00193956	0.995433	0.00156416	0.00106363	NA	0.00104899	0.000987289	0.995372	0.00259163	NA	0.000468626	0.00091382	0.00140588	0.997165	4.68626e-05	6.79697e-05	NA	2.91299e-05	5.82598e-05	0.999845
27	0.996195	0.00111055	0.00144237	0.00118919	6.32955e-05	0.00141784	0.996519	0.0004588	0.00159248	1.184e-05	0.00261466	0.00132128	0.991999	0.00405006	1.52163e-05	0.00115632	0.00148369	0.00363114	0.993606	0.000123141	4.573e-05	2.58953e-05	1.98347e-05	4.95867e-05	0.999859
28	0.997801	0.000824661	0.000589044	0.000706853	7.85392e-05	0.000653515	0.998203	4.08447e-05	0.00110281	NA	0.00378466	0.000616601	0.99411	0.00146709	2.12621e-05	0.000654641	0.00116381	0.000363689	0.997818	NA	9.03424e-06	2.71027e-05	1.80685e-05	9.03424e-06	0.999937
29	0.999598	NA	NA	NA	0.000402091	NA	0.99932	0.00067981	NA	NA	0.000374672	NA	0.999625	NA	NA	NA	NA	NA	1	NA	NA	NA	NA	9.49037e-05	0.999905
30	0.99723	0.000568189	0.00154271	0.000598537	6.06967e-05	0.000390825	0.997901	0.000436506	0.00126638	5.07565e-06	0.0014351	0.000588579	0.997085	0.000884041	7.03481e-06	0.000635355	0.00154483	0.000760889	0.997	5.8924e-05	2.66633e-05	1.27762e-05	9.44324e-06	3.44401e-05	0.999917
31	0.99805	0.000422849	0.00115521	0.00031968	5.23112e-05	0.000346506	0.99839	0.000322383	0.000932058	8.77231e-06	0.00111497	0.000322972	0.997931	0.000610972	2.05714e-05	0.000342072	0.00101951	0.000721035	0.997859	5.86889e-05	2.46419e-05	1.04956e-05	1.41463e-05	2.92052e-05	0.999922
32	0.998069	0.000203612	0.00159873	0.000105577	2.26236e-05	0.000152207	0.998752	0.000781329	0.000304414	1.01471e-05	0.000292025	6.81391e-05	0.999377	0.000262822	NA	0.000127916	0.00061265	0.000868482	0.998377	1.34648e-05	1.47557e-05	8.43183e-06	8.43183e-06	1.68637e-05	0.999952
33	0.998091	0.000123328	0.00165688	9.11553e-05	3.75345e-05	0.000110235	0.999008	0.000629916	0.000251967	NA	0.000163876	4.98753e-05	0.999416	0.000370502	NA	5.28597e-05	0.000524531	0.000792896	0.998585	4.47274e-05	9.0504e-06	3.0168e-06	4.5252e-06	2.11176e-05	0.999962
34	0.998257	0.000347977	0.00111268	0.000219701	6.23666e-05	0.000301305	0.998626	0.000227379	0.000834469	1.12009e-05	0.00102568	0.000363571	0.998172	0.000419732	1.87204e-05	0.000201003	0.000972949	0.000456754	0.998282	8.75967e-05	2.76627e-05	1.39403e-05	1.19799e-05	3.41972e-05	0.999912
35	0.999444	9.0432e-05	0.000360875	5.63067e-05	4.86285e-05	8.63085e-05	0.999672	3.97473e-05	0.000201008	1.13564e-06	0.000470504	0.000109586	0.999208	0.000203686	8.33804e-06	6.67681e-05	0.000466572	0.000505989	0.998852	0.000108599	1.05702e-05	1.05702e-05	5.00693e-06	1.78024e-05	0.999956
36	0.998399	0.000268421	0.00112384	0.000151834	5.69378e-05	0.000235215	0.998787	0.000294019	0.000678395	5.73696e-06	0.000825202	0.00029676	0.998702	0.000158793	1.69205e-05	0.000137715	0.000967195	0.000327007	0.998497	7.07185e-05	2.87678e-05	1.45263e-05	1.25325e-05	3.21858e-05	0.999912
37	0.998508	0.000246926	0.00111029	8.17251e-05	5.31213e-05	0.000260933	0.998803	0.000275258	0.000653866	7.16285e-06	0.000558013	0.000305555	0.998983	0.00014326	1.00182e-05	9.99212e-05	0.000931488	0.000321968	0.998548	9.8811e-05	2.80653e-05	1.8042e-05	1.2757e-05	2.8612e-05	0.999913
38	0.998548	0.000217159	0.00110687	8.42809e-05	4.41795e-05	0.0002069	0.998958	0.000250027	0.000574844	9.82639e-06	0.000720714	0.000259204	0.998902	0.00010326	1.47515e-05	8.1981e-05	0.000926211	0.00029862	0.998607	8.65161e-05	2.68484e-05	1.56266e-05	1.38437e-05	3.10434e-05	0.999913
39	0.998582	0.000216165	0.00106524	7.16448e-05	6.47401e-05	0.000229032	0.998879	0.000259335	0.000623197	9.64702e-06	0.000756737	0.000271591	0.998869	8.14666e-05	2.09578e-05	6.94073e-05	0.000874532	0.000236179	0.998747	7.27804e-05	2.81476e-05	1.56214e-05	1.29832e-05	3.02872e-05	0.999913
40	0.998738	0.000171842	0.000953725	6.96736e-05	6.70249e-05	0.000219563	0.998919	0.000176335	0.000674238	1.08559e-05	0.000898764	0.000203086	0.998797	7.47983e-05	2.6583e-05	6.58979e-05	0.000698657	0.000202539	0.998979	5.41179e-05	3.41183e-05	1.93738e-05	1.31194e-05	3.30448e-05	0.9999
