quality	AA	AC	AG	AT	A.	CA	CC	CG	CT	C.	GA	GC	GG	GT	G.	TA	TC	TG	TT	T.	.A	.C	.G	.T	..
0	NA	NA	NA	NA	NA	NA	NA	NA	NA	NA	NA	NA	NA	NA	NA	NA	NA	NA	NA	NA	NA	NA	NA	NA	NA
1	NA	NA	NA	NA	NA	NA	NA	NA	NA	NA	NA	NA	NA	NA	NA	NA	NA	NA	NA	NA	NA	NA	NA	NA	NA
2	NA	NA	NA	NA	NA	NA	NA	NA	NA	NA	NA	NA	NA	NA	NA	NA	NA	NA	NA	NA	NA	NA	NA	NA	NA
3	NA	NA	NA	NA	NA	NA	NA	NA	NA	NA	NA	NA	NA	NA	NA	NA	NA	NA	NA	NA	NA	NA	NA	NA	NA
4	NA	NA	NA	NA	NA	NA	NA	NA	NA	NA	NA	NA	NA	NA	NA	NA	NA	NA	NA	NA	NA	NA	NA	NA	NA
5	NA	NA	NA	NA	NA	NA	NA	NA	NA	NA	NA	NA	NA	NA	NA	NA	NA	NA	NA	NA	NA	NA	NA	NA	NA
6	NA	NA	NA	NA	NA	NA	NA	NA	NA	NA	NA	NA	NA	NA	NA	NA	NA	NA	NA	NA	NA	NA	NA	NA	NA
7	NA	NA	NA	NA	NA	NA	NA	NA	NA	NA	NA	NA	NA	NA	NA	NA	NA	NA	NA	NA	NA	NA	NA	NA	NA
8	NA	NA	NA	NA	NA	NA	NA	NA	NA	NA	NA	NA	NA	NA	NA	NA	NA	NA	NA	NA	NA	NA	NA	NA	NA
9	NA	NA	NA	NA	NA	NA	NA	NA	NA	NA	NA	NA	NA	NA	NA	NA	NA	NA	NA	NA	NA	NA	NA	NA	NA
10	1	NA	NA	NA	NA	0.105263	0.894737	NA	NA	NA	0.00746269	NA	0.992537	NA	NA	NA	NA	0.047619	0.952381	NA	NA	NA	NA	NA	1
11	0.975907	0.0116297	0.00348511	0.00863702	0.000340935	0.058098	0.92333	0.00419068	0.014334	4.76213e-05	0.0198844	0.00572854	0.932301	0.0419584	0.000127301	0.0237852	0.007289	0.0194373	0.949361	0.000127877	4.23446e-05	1.05862e-05	NA	4.23446e-05	0.999905
12	0.973068	0.0151182	0.00560092	0.00615886	5.36486e-05	0.0445738	0.939312	0.00454227	0.0113631	0.000208498	0.0114559	0.00405528	0.953379	0.0310127	9.72488e-05	0.0112852	0.0071787	0.0240988	0.957298	0.000138942	3.66212e-05	2.44141e-05	2.13624e-05	5.188e-05	0.999866
13	0.968418	0.0173719	0.0061778	0.00790198	0.000129972	0.0363832	0.949326	0.00481408	0.00934004	0.000136198	0.00744531	0.00324533	0.970376	0.0188563	7.72697e-05	0.0126638	0.00796851	0.023043	0.956152	0.000172919	4.94295e-05	3.5079e-05	2.60435e-05	3.66735e-05	0.999853
14	0.966225	0.0187381	0.0059418	0.00897879	0.000116444	0.0324299	0.953699	0.00398181	0.00972712	0.000162428	0.0136245	0.00634771	0.951968	0.0278879	0.000172355	0.0149634	0.0116525	0.0222971	0.950894	0.000192993	6.77422e-05	3.28749e-05	3.18787e-05	5.57877e-05	0.999812
15	0.967249	0.0155691	0.0071184	0.00988758	0.000176171	0.0302253	0.95202	0.00517442	0.0124564	0.000123547	0.0148571	0.00608086	0.952695	0.0262634	0.00010325	0.0167904	0.00974481	0.0233498	0.949876	0.000239448	9.03124e-05	2.79148e-05	3.6125e-05	6.40397e-05	0.999782
16	0.966333	0.0145825	0.00793919	0.0110131	0.000132157	0.0255631	0.956926	0.00447591	0.0129251	0.000109779	0.0123319	0.00562314	0.957311	0.0246525	8.13303e-05	0.0208836	0.0131306	0.0298519	0.93593	0.000204349	6.12365e-05	4.21498e-05	3.65828e-05	5.72601e-05	0.999803
17	NA	NA	NA	NA	NA	NA	NA	NA	NA	NA	NA	NA	NA	NA	NA	NA	NA	NA	NA	NA	NA	NA	NA	NA	NA
18	1	NA	NA	NA	NA	NA	1	NA	NA	NA	NA	NA	0.970588	0.0294118	NA	NA	NA	NA	1	NA	NA	NA	NA	NA	1
19	1	NA	NA	NA	NA	NA	1	NA	NA	NA	0.00990099	NA	0.990099	NA	NA	0.0119048	NA	NA	0.988095	NA	NA	NA	NA	NA	1
20	0.997873	0.00137603	0.000125094	0.000625469	NA	0.00653832	0.991645	0.00108972	0.00054486	0.00018162	0.00147595	0.000434103	0.993923	0.00416739	NA	0.00291121	NA	0.00374298	0.993346	NA	6.70623e-05	3.35312e-05	NA	3.35312e-05	0.999866
21	0.996801	0.00196124	0.000755129	0.000409028	7.34153e-05	0.00409562	0.994307	0.00062451	0.00095855	1.45235e-05	0.000863925	0.000329114	0.99675	0.00204325	1.37131e-05	0.000664343	0.000586185	0.00224313	0.996475	3.12632e-05	3.84028e-05	1.37153e-05	1.92014e-05	2.19444e-05	0.999907
22	0.996577	0.00192184	0.000960918	0.000420401	0.000120115	0.00457299	0.993213	0.00121622	0.000948651	4.86488e-05	0.0012671	0.000386573	0.995533	0.00277044	4.29526e-05	0.000988112	0.00109619	0.00321136	0.994519	0.000185271	4.11135e-05	2.28409e-05	3.65454e-05	4.56817e-05	0.999854
23	0.997024	0.00146343	0.00107483	0.000396861	4.13397e-05	0.00279712	0.995305	0.000616105	0.00121989	6.16105e-05	0.000690197	0.000154699	0.997346	0.00177309	3.56998e-05	0.000495491	0.000734493	0.00151562	0.997208	4.66345e-05	1.75009e-05	1.31257e-05	1.75009e-05	1.96885e-05	0.999932
24	0.996922	0.00138638	0.00124539	0.000399464	4.69958e-05	0.00241972	0.994709	0.0010253	0.00180454	4.10122e-05	0.000828402	0.000394477	0.996844	0.00193294	NA	0.000438496	0.000631435	0.00152597	0.997281	0.000122779	3.35105e-05	2.01063e-05	1.34042e-05	3.35105e-05	0.999899
25	0.997833	0.000941974	0.000904295	0.000244913	7.5358e-05	0.00283688	0.995461	0.000788022	0.000914106	NA	0.00112771	0.000313254	0.996304	0.0022241	3.13254e-05	0.000298405	0.00107426	0.00126822	0.997285	7.46013e-05	5.44508e-05	3.26705e-05	2.72254e-05	3.81156e-05	0.999848
26	0.995492	0.000761124	0.00339578	0.000351288	NA	0.00243038	0.994734	0.00222785	0.000607595	NA	0.000775881	0.000554201	0.996342	0.00232764	NA	0.000630252	0.00214286	0.00176471	0.995294	0.000168067	5.02513e-05	1.67504e-05	3.35008e-05	3.35008e-05	0.999866
27	0.996417	0.00147932	0.00130495	0.000719668	7.88525e-05	0.00298934	0.995206	0.000401338	0.00138039	2.33964e-05	0.0019607	0.000991401	0.993883	0.00315101	1.4208e-05	0.0010528	0.00143993	0.00425276	0.993097	0.000157684	3.89423e-05	2.22067e-05	1.80229e-05	4.44135e-05	0.999876
28	0.998758	0.000405902	0.000405902	0.000334272	9.55064e-05	0.00045782	0.998627	2.40958e-05	0.000891545	NA	0.00279724	0.000254294	0.995639	0.0012969	1.27147e-05	0.000522521	0.000522521	0.000731529	0.998223	NA	2.20893e-05	1.10447e-05	1.10447e-05	5.52233e-06	0.99995
29	0.999272	0.000485084	NA	NA	0.000242542	0.00117925	0.998428	NA	0.000393082	NA	0.000560224	NA	0.99923	0.000210084	NA	NA	NA	0.000280112	0.99972	NA	NA	NA	NA	NA	1
30	0.997485	0.000625274	0.00154215	0.000293556	5.38186e-05	0.000602672	0.997817	0.000415004	0.0011611	4.57725e-06	0.000979295	0.000318447	0.997899	0.000797527	5.63623e-06	0.000486362	0.00135265	0.000839676	0.99725	7.09586e-05	2.25916e-05	1.21143e-05	1.17869e-05	2.32464e-05	0.99993
31	0.9981	0.000510419	0.00117107	0.000177294	4.10575e-05	0.000694706	0.998146	0.000276138	0.000872016	1.16269e-05	0.000870265	0.000316706	0.998231	0.000573861	8.12067e-06	0.000241323	0.00100445	0.000826637	0.99788	4.76295e-05	2.36794e-05	9.47174e-06	1.18397e-05	2.57513e-05	0.999929
32	0.998431	0.000256074	0.00120587	6.98383e-05	3.72471e-05	0.000307514	0.998667	0.0007517	0.000273345	NA	0.000242745	7.28235e-05	0.999521	0.000157784	6.06862e-06	8.23288e-05	0.00084062	0.000719294	0.99834	1.73324e-05	5.51052e-06	8.26578e-06	9.64341e-06	1.37763e-05	0.999963
33	0.998315	0.000263659	0.00134122	7.26017e-05	7.64228e-06	0.000547224	0.998495	0.000644128	0.000307813	5.70025e-06	0.000225985	2.56801e-05	0.999569	0.000179761	NA	8.98665e-05	0.000622868	0.000687943	0.998571	2.78896e-05	6.74456e-06	2.24819e-06	1.34891e-05	1.46132e-05	0.999963
34	0.998306	0.00041028	0.00109082	0.000129796	6.26756e-05	0.000414312	0.998652	0.000188388	0.000739388	5.66581e-06	0.000935838	0.000328519	0.998351	0.000374461	1.00695e-05	0.000175574	0.00102014	0.000597859	0.998126	8.02191e-05	2.55037e-05	1.05341e-05	9.7025e-06	2.92461e-05	0.999925
35	0.9992	0.000239934	0.000465347	5.04759e-05	4.42529e-05	0.000396366	0.999316	3.70182e-05	0.00024739	3.61154e-06	0.000510752	0.000153135	0.999153	0.000178358	4.50399e-06	5.30956e-05	0.000508833	0.00057457	0.998781	8.21717e-05	1.20137e-05	8.00915e-06	9.06299e-06	1.96013e-05	0.999951
36	0.998358	0.00030132	0.00118631	0.000107185	4.67947e-05	0.000292232	0.998784	0.000282692	0.000633673	7.53177e-06	0.000829117	0.00025773	0.998699	0.000201803	1.21175e-05	0.000117236	0.00100265	0.000350591	0.998463	6.62476e-05	2.30385e-05	1.06177e-05	9.8164e-06	2.29383e-05	0.999934
37	0.998392	0.000316913	0.00115432	8.69552e-05	4.94532e-05	0.00034226	0.998731	0.00028988	0.000631422	5.02268e-06	0.000620261	0.000335586	0.998896	0.000144847	2.86826e-06	8.63211e-05	0.000946747	0.000377506	0.99851	7.95586e-05	2.47221e-05	1.3073e-05	1.02254e-05	2.43338e-05	0.999928
38	0.998509	0.000262814	0.00110313	7.17248e-05	5.31981e-05	0.000235396	0.99891	0.000258299	0.000589549	6.78618e-06	0.000758135	0.000248124	0.998887	9.54966e-05	1.16764e-05	6.72644e-05	0.000885737	0.000303766	0.998671	7.21074e-05	2.44969e-05	1.3065e-05	1.06153e-05	2.62117e-05	0.999926
39	0.998554	0.000256842	0.0010661	6.63855e-05	5.6672e-05	0.000274137	0.998877	0.000233331	0.000608227	7.73579e-06	0.000815912	0.000270546	0.998827	7.6471e-05	1.01645e-05	5.52938e-05	0.000830641	0.000214888	0.998825	7.38186e-05	2.34119e-05	1.19946e-05	1.05877e-05	2.60453e-05	0.999928
40	0.998811	0.000160983	0.000900499	6.30182e-05	6.49572e-05	0.000180352	0.999006	0.00015454	0.000648911	9.81104e-06	0.000997596	0.000146009	0.99878	6.13996e-05	1.54241e-05	4.8871e-05	0.000599117	0.000146321	0.999148	5.74119e-05	2.77309e-05	1.28765e-05	9.66402e-06	2.9523e-05	0.99992
