quality	AA	AC	AG	AT	A.	CA	CC	CG	CT	C.	GA	GC	GG	GT	G.	TA	TC	TG	TT	T.	.A	.C	.G	.T	..
0	NA	NA	NA	NA	NA	NA	NA	NA	NA	NA	NA	NA	NA	NA	NA	NA	NA	NA	NA	NA	NA	NA	NA	NA	NA
1	NA	NA	NA	NA	NA	NA	NA	NA	NA	NA	NA	NA	NA	NA	NA	NA	NA	NA	NA	NA	NA	NA	NA	NA	NA
2	NA	NA	NA	NA	NA	NA	NA	NA	NA	NA	NA	NA	NA	NA	NA	NA	NA	NA	NA	NA	NA	NA	NA	NA	NA
3	NA	NA	NA	NA	NA	NA	NA	NA	NA	NA	NA	NA	NA	NA	NA	NA	NA	NA	NA	NA	NA	NA	NA	NA	NA
4	NA	NA	NA	NA	NA	NA	NA	NA	NA	NA	NA	NA	NA	NA	NA	NA	NA	NA	NA	NA	NA	NA	NA	NA	NA
5	NA	NA	NA	NA	NA	NA	NA	NA	NA	NA	NA	NA	NA	NA	NA	NA	NA	NA	NA	NA	NA	NA	NA	NA	NA
6	NA	NA	NA	NA	NA	NA	NA	NA	NA	NA	NA	NA	NA	NA	NA	NA	NA	NA	NA	NA	NA	NA	NA	NA	NA
7	NA	NA	NA	NA	NA	NA	NA	NA	NA	NA	NA	NA	NA	NA	NA	NA	NA	NA	NA	NA	NA	NA	NA	NA	NA
8	NA	NA	NA	NA	NA	NA	NA	NA	NA	NA	NA	NA	NA	NA	NA	NA	NA	NA	NA	NA	NA	NA	NA	NA	NA
9	NA	NA	NA	NA	NA	NA	NA	NA	NA	NA	NA	NA	NA	NA	NA	NA	NA	NA	NA	NA	NA	NA	NA	NA	NA
10	0.973214	NA	NA	0.0267857	NA	NA	1	NA	NA	NA	0.014218	0.00947867	0.92891	0.0473934	NA	NA	NA	0.0196078	0.980392	NA	NA	NA	NA	NA	1
11	0.97438	0.0125506	0.00391557	0.00881651	0.000337102	0.0710595	0.90399	0.0059516	0.0189666	3.27011e-05	0.02163	0.00571826	0.921486	0.0510832	8.28734e-05	0.0229198	0.00747384	0.0216741	0.947766	0.000166085	4.24085e-05	3.53404e-05	2.12043e-05	4.94766e-05	0.999852
12	0.970749	0.0156239	0.00566865	0.00787869	8.01223e-05	0.0543365	0.925731	0.00555629	0.0142539	0.000122635	0.0118105	0.00433296	0.945835	0.0378814	0.000140166	0.0112306	0.00547616	0.0230537	0.960168	7.18184e-05	5.65083e-05	1.31853e-05	1.31853e-05	3.57886e-05	0.999881
13	0.966807	0.0174736	0.00644774	0.00915949	0.000111792	0.0408863	0.943984	0.00459677	0.0104016	0.000131534	0.00860211	0.00326734	0.96559	0.0224579	8.2697e-05	0.0124539	0.00767717	0.0223323	0.957389	0.00014793	3.55846e-05	2.90836e-05	2.49777e-05	2.63463e-05	0.999884
14	0.964185	0.0191541	0.00638272	0.0101332	0.000145243	0.0359011	0.947747	0.0044175	0.0118275	0.000106875	0.0137355	0.00568348	0.949418	0.0310403	0.000123078	0.0145968	0.0110083	0.0209866	0.953199	0.000209585	4.69992e-05	3.44661e-05	2.50663e-05	5.70257e-05	0.999836
15	0.965738	0.0159094	0.00731966	0.0109079	0.000125214	0.0306669	0.948668	0.00541595	0.0151412	0.00010785	0.0134323	0.00607653	0.951897	0.0284783	0.000116297	0.0155373	0.00957428	0.0214404	0.953247	0.000201338	5.12075e-05	4.28471e-05	3.23966e-05	4.1802e-05	0.999832
16	0.965552	0.014882	0.00768504	0.01177	0.000110469	0.0266591	0.95503	0.00496872	0.0132462	9.58155e-05	0.0115121	0.00524022	0.957332	0.025823	9.30072e-05	0.018904	0.0118496	0.0268386	0.942249	0.000158266	5.40738e-05	2.36416e-05	2.2887e-05	3.82289e-05	0.999861
17	NA	NA	NA	NA	NA	NA	NA	NA	NA	NA	NA	NA	NA	NA	NA	NA	NA	NA	NA	NA	NA	NA	NA	NA	NA
18	1	NA	NA	NA	NA	NA	1	NA	NA	NA	NA	NA	1	NA	NA	NA	NA	NA	1	NA	NA	NA	NA	NA	1
19	1	NA	NA	NA	NA	NA	1	NA	NA	NA	NA	NA	0.992958	0.00704225	NA	NA	NA	0.00900901	0.990991	NA	NA	NA	NA	NA	1
20	0.997711	0.00130826	0.000327065	0.000572363	8.17661e-05	0.00954946	0.987145	0.000857003	0.00232615	0.000122429	0.000979645	0.000108849	0.994558	0.00429955	5.44247e-05	0.00202456	0.000674855	0.00485896	0.992442	NA	NA	NA	NA	2.16591e-05	0.999978
21	0.996818	0.00209421	0.000451693	0.000588569	4.79068e-05	0.00482688	0.99375	0.000451919	0.000942299	2.88459e-05	0.000864896	0.000297308	0.996712	0.00211719	9.00933e-06	0.000738575	0.00035917	0.0022309	0.996636	3.54111e-05	2.152e-05	7.17332e-06	5.37999e-06	1.614e-05	0.99995
22	0.996237	0.00210152	0.00101655	0.000527823	0.000117294	0.00573669	0.992574	0.000350575	0.00130669	3.18705e-05	0.00109599	0.000360876	0.995736	0.00278008	2.67315e-05	0.00103669	0.000931099	0.00267811	0.995249	0.000105589	2.61696e-05	1.45387e-05	2.03542e-05	1.16309e-05	0.999927
23	0.997075	0.00129176	0.00117432	0.00044304	1.60135e-05	0.00355344	0.995191	0.00020531	0.00101865	3.15861e-05	0.000643669	0.000209567	0.997118	0.00201334	1.49691e-05	0.000362262	0.000567178	0.00135391	0.997676	4.02513e-05	1.52854e-05	9.72706e-06	9.72706e-06	1.6675e-05	0.999949
24	0.997708	0.00110804	0.000834826	0.000303573	4.5536e-05	0.00352674	0.994749	0.00039186	0.00128008	5.2248e-05	0.00114468	0.000405409	0.996518	0.00190781	2.38476e-05	0.000419354	0.000476023	0.00129206	0.997756	5.66694e-05	2.56172e-05	1.28086e-05	2.13476e-05	1.28086e-05	0.999927
25	0.996984	0.000957453	0.00160373	0.000394949	5.98408e-05	0.00356104	0.995035	0.000284883	0.00103779	8.13951e-05	0.000772535	0.000131896	0.996533	0.00248719	7.53693e-05	0.000397692	0.0013873	0.00108209	0.997077	5.54918e-05	3.40387e-05	3.40387e-05	2.38271e-05	3.40387e-05	0.999874
26	0.995082	0.000794371	0.00370707	0.000416099	NA	0.00285506	0.995748	0.000364476	0.00103268	NA	0.0007723	0.000257433	0.997104	0.00186639	NA	0.00025601	0.00317452	0.00110084	0.995392	7.68029e-05	3.0797e-05	1.02657e-05	3.0797e-05	2.05314e-05	0.999908
27	0.995976	0.00148088	0.00183021	0.000660911	5.15656e-05	0.00266307	0.995511	0.000489159	0.00130957	2.73074e-05	0.00140681	0.000527042	0.994794	0.0032489	2.34468e-05	0.00106567	0.00134138	0.00377301	0.993734	8.63087e-05	2.82773e-05	9.98022e-06	1.35149e-05	2.80694e-05	0.99992
28	0.99678	0.000533956	0.00233606	0.000333723	1.66861e-05	0.000571611	0.998016	5.04363e-05	0.00134497	1.68121e-05	0.00107186	0.000301183	0.997041	0.00157678	8.85834e-06	0.000139072	0.00156456	0.000625826	0.997566	0.000104304	1.91574e-05	7.66295e-06	NA	3.83148e-06	0.999969
29	0.999564	NA	0.000174398	8.71992e-05	0.000174398	0.00107247	0.998315	NA	0.000612839	NA	0.000412946	5.16182e-05	0.999226	0.000309709	NA	0.000358873	0.000179437	0.000179437	0.999282	NA	NA	NA	NA	2.3291e-05	0.999977
30	0.997658	0.000535088	0.00146679	0.000289727	5.04165e-05	0.000408346	0.998399	0.000243519	0.000943236	6.3804e-06	0.000793212	0.000171695	0.998192	0.000834378	9.03659e-06	0.000337865	0.00130983	0.000560527	0.997744	4.74367e-05	2.06945e-05	6.74822e-06	4.72375e-06	1.70955e-05	0.999951
31	0.998056	0.000379385	0.00136892	0.000155796	3.97637e-05	0.000497261	0.998557	0.000251675	0.000691091	3.04446e-06	0.000533558	0.000113381	0.998769	0.000576434	7.62226e-06	0.000215123	0.000897872	0.000611513	0.998232	4.37298e-05	1.93849e-05	7.5499e-06	3.46887e-06	1.1835e-05	0.999958
32	0.999221	0.000255148	0.000476276	4.42257e-05	3.40197e-06	0.000351549	0.999373	2.8504e-05	0.000237533	9.50132e-06	0.000334464	6.03893e-05	0.999405	0.000195104	4.64533e-06	7.71394e-05	0.000863368	0.000178014	0.998852	2.9669e-05	1.95978e-06	1.95978e-06	1.95978e-06	3.91956e-06	0.99999
33	0.999221	0.000267785	0.00042627	6.558e-05	1.91275e-05	0.000405033	0.99928	3.53913e-05	0.000267401	1.17971e-05	0.000281875	5.12499e-05	0.999495	0.000168393	3.66071e-06	5.35326e-05	0.000843674	0.000237685	0.998837	2.7837e-05	1.17237e-05	6.25262e-06	2.34473e-06	4.68946e-06	0.999975
34	0.997811	0.000481325	0.00154665	0.000111386	4.91593e-05	0.000207015	0.998926	0.00023046	0.000630522	5.98597e-06	0.000556382	9.0224e-05	0.998973	0.000372838	7.51867e-06	0.000128221	0.000939039	0.000513564	0.998363	5.61179e-05	1.86529e-05	6.24968e-06	4.13441e-06	1.53838e-05	0.999956
35	0.998296	0.000535837	0.0010798	5.23139e-05	3.55531e-05	0.000222058	0.999434	9.56558e-05	0.000245289	3.41628e-06	0.000361844	4.58115e-05	0.999406	0.000181254	4.64754e-06	4.9364e-05	0.00049646	0.00053172	0.998872	5.03042e-05	8.70833e-06	4.04315e-06	2.79911e-06	1.15074e-05	0.999973
36	0.998255	0.00025745	0.0013635	8.03814e-05	4.36356e-05	8.43147e-05	0.999183	0.000188981	0.000538596	5.08795e-06	0.000437164	5.09119e-05	0.999328	0.000176155	7.46708e-06	8.07706e-05	0.000973181	0.000215039	0.998664	6.66095e-05	1.82526e-05	4.61725e-06	4.6894e-06	1.40682e-05	0.999958
37	0.997937	0.000221551	0.00173991	6.05315e-05	4.05531e-05	8.6885e-05	0.999178	0.00022497	0.000503209	7.24041e-06	0.000376619	4.29387e-05	0.999456	0.00011847	6.20801e-06	6.2537e-05	0.000939746	0.000256064	0.998697	4.50717e-05	1.54177e-05	6.03705e-06	3.62223e-06	1.61607e-05	0.999959
38	0.997967	0.000248323	0.00168804	5.89544e-05	3.7715e-05	4.72059e-05	0.99928	0.000197695	0.000470159	5.38591e-06	0.000380573	3.67385e-05	0.999496	7.72451e-05	9.42013e-06	4.97453e-05	0.000909037	0.000196415	0.99879	5.46804e-05	1.70316e-05	5.23113e-06	5.29195e-06	1.19829e-05	0.99996
39	0.998186	0.000317018	0.00140394	4.47789e-05	4.80204e-05	3.74048e-05	0.999268	0.000225993	0.000461822	6.33348e-06	0.000366159	3.21502e-05	0.999547	4.56135e-05	8.68129e-06	4.25316e-05	0.000824852	0.00014005	0.998942	5.06473e-05	1.64039e-05	6.01708e-06	4.77458e-06	1.54964e-05	0.999957
40	0.998584	0.000311874	0.00101119	3.9134e-05	5.36981e-05	2.483e-05	0.999299	0.000182985	0.000485476	7.51208e-06	0.000326824	2.46291e-05	0.999609	2.54761e-05	1.39435e-05	3.78812e-05	0.00063	0.000151451	0.999132	4.8873e-05	1.82388e-05	7.34682e-06	5.18942e-06	1.70026e-05	0.999952
