quality	AA	AC	AG	AT	A.	CA	CC	CG	CT	C.	GA	GC	GG	GT	G.	TA	TC	TG	TT	T.	.A	.C	.G	.T	..
0	NA	NA	NA	NA	NA	NA	NA	NA	NA	NA	NA	NA	NA	NA	NA	NA	NA	NA	NA	NA	NA	NA	NA	NA	NA
1	NA	NA	NA	NA	NA	NA	NA	NA	NA	NA	NA	NA	NA	NA	NA	NA	NA	NA	NA	NA	NA	NA	NA	NA	NA
2	NA	NA	NA	NA	NA	NA	NA	NA	NA	NA	NA	NA	NA	NA	NA	NA	NA	NA	NA	NA	NA	NA	NA	NA	NA
3	NA	NA	NA	NA	NA	NA	NA	NA	NA	NA	NA	NA	NA	NA	NA	NA	NA	NA	NA	NA	NA	NA	NA	NA	NA
4	NA	NA	NA	NA	NA	NA	NA	NA	NA	NA	NA	NA	NA	NA	NA	NA	NA	NA	NA	NA	NA	NA	NA	NA	NA
5	NA	NA	NA	NA	NA	NA	NA	NA	NA	NA	NA	NA	NA	NA	NA	NA	NA	NA	NA	NA	NA	NA	NA	NA	NA
6	NA	NA	NA	NA	NA	NA	NA	NA	NA	NA	NA	NA	NA	NA	NA	NA	NA	NA	NA	NA	NA	NA	NA	NA	NA
7	NA	NA	NA	NA	NA	NA	NA	NA	NA	NA	NA	NA	NA	NA	NA	NA	NA	NA	NA	NA	NA	NA	NA	NA	NA
8	NA	NA	NA	NA	NA	NA	NA	NA	NA	NA	NA	NA	NA	NA	NA	NA	NA	NA	NA	NA	NA	NA	NA	NA	NA
9	NA	NA	NA	NA	NA	NA	NA	NA	NA	NA	NA	NA	NA	NA	NA	NA	NA	NA	NA	NA	NA	NA	NA	NA	NA
10	NA	NA	NA	NA	NA	NA	NA	NA	NA	NA	NA	NA	NA	NA	NA	NA	NA	NA	NA	NA	NA	NA	NA	NA	NA
11	0.977476	0.00996764	0.00297735	0.00919094	0.00038835	0.0509612	0.927276	0.00507798	0.0165034	0.000181357	0.0206054	0.00771644	0.933944	0.0377342	NA	0.0237258	0.00702988	0.0184534	0.950351	0.000439367	NA	NA	NA	0.000109886	0.99989
12	0.972922	0.0139458	0.00549975	0.00760424	2.80599e-05	0.0374942	0.945171	0.00483671	0.012382	0.000116081	0.0129659	0.00487989	0.951201	0.0308588	9.42974e-05	0.0135398	0.00803927	0.0221291	0.955996	0.000296183	5.49123e-05	3.13785e-05	2.35338e-05	2.35338e-05	0.999867
13	0.966685	0.015737	0.0071162	0.0102886	0.000173735	0.0287809	0.954758	0.00476571	0.0115678	0.000127939	0.00968427	0.00440194	0.963641	0.0221666	0.000106254	0.0145241	0.0101861	0.0225726	0.9525	0.000217527	5.70422e-05	4.05878e-05	2.96181e-05	4.82665e-05	0.999824
14	0.963641	0.0166796	0.00706197	0.0124502	0.000167376	0.028525	0.952948	0.00491505	0.0134351	0.000177296	0.0174808	0.00653507	0.943858	0.0318832	0.00024304	0.0175163	0.01433	0.0210511	0.946787	0.000315311	8.60314e-05	5.73542e-05	5.32575e-05	4.50641e-05	0.999758
15	0.977394	0.00788213	0.00514938	0.00945243	0.000122362	0.0118207	0.976979	0.00300785	0.00811067	8.1926e-05	0.0151615	0.00622217	0.950645	0.0278456	0.000125585	0.0262044	0.0156781	0.0248682	0.932967	0.000282087	8.15627e-05	4.07814e-05	5.01925e-05	6.90146e-05	0.999758
16	0.962128	0.012683	0.00955157	0.0154367	0.00020063	0.0180458	0.959562	0.00541565	0.0168039	0.00017284	0.0192429	0.00887569	0.945297	0.0264061	0.000178005	0.0197474	0.0143896	0.0193155	0.946261	0.000286335	0.000114289	5.3934e-05	7.1912e-05	9.75948e-05	0.999662
17	NA	NA	NA	NA	NA	NA	NA	NA	NA	NA	NA	NA	NA	NA	NA	NA	NA	NA	NA	NA	NA	NA	NA	NA	NA
18	NA	NA	NA	NA	NA	NA	NA	NA	NA	NA	NA	NA	NA	NA	NA	NA	NA	NA	NA	NA	NA	NA	NA	NA	NA
19	NA	NA	NA	NA	NA	NA	NA	NA	NA	NA	NA	NA	NA	NA	NA	NA	NA	NA	NA	NA	NA	NA	NA	NA	NA
20	0.999249	0.000375657	NA	0.000375657	NA	0.00594943	0.992563	0.000495786	0.000991572	NA	0.00225632	NA	0.993908	0.00383574	NA	0.00285388	0.000570776	0.00285388	0.993721	NA	NA	NA	NA	NA	1
21	0.997166	0.00105908	0.000858713	0.000915961	NA	0.00223389	0.99624	0.00026062	0.00122864	3.72315e-05	0.00093	0.000465	0.99696	0.00164538	NA	0.00121257	0.000625843	0.00191665	0.996245	NA	2.84119e-05	NA	7.10298e-06	2.13089e-05	0.999943
22	0.99614	0.00173716	0.00113054	0.000882369	0.000110296	0.00364267	0.994449	0.000477016	0.00130095	0.000130095	0.00213589	0.000810164	0.994071	0.00294605	3.68256e-05	0.00193882	0.0015349	0.00325829	0.993214	5.38561e-05	2.42789e-05	8.09297e-06	1.61859e-05	4.04649e-05	0.999911
23	0.996283	0.00125698	0.00152633	0.000879887	5.38706e-05	0.00206191	0.996167	0.000660869	0.00103096	7.93042e-05	0.00106329	0.000506329	0.995595	0.00283544	NA	0.00138285	0.00108386	0.0016071	0.995876	4.98324e-05	3.75277e-05	1.87638e-05	2.34548e-05	2.34548e-05	0.999897
24	0.99766	0.00119184	0.000794562	0.000264854	8.82846e-05	0.00130719	0.996732	0.000726216	0.00116195	7.26216e-05	0.00126372	0.00046558	0.995876	0.00239441	NA	0.000305465	0.00061093	0.0013135	0.99774	3.05465e-05	1.1883e-05	NA	3.56489e-05	2.3766e-05	0.999929
25	0.996206	0.000860722	0.00210399	0.000637572	0.000191272	0.00219527	0.995505	0.000836295	0.00141125	5.22685e-05	0.00167834	0.000911096	0.994869	0.00254148	NA	0.00118878	0.00170159	0.00125871	0.995851	NA	5.2538e-05	5.2538e-05	2.6269e-05	1.75127e-05	0.999851
26	0.996155	0.000734405	0.00216001	0.000907206	4.32003e-05	0.00208784	0.996123	0.000447394	0.00126762	7.45657e-05	0.000950044	0.000791703	0.995804	0.00245428	NA	0.000409884	0.000644104	0.00102471	0.997863	5.85549e-05	4.80371e-05	2.40185e-05	3.60278e-05	8.40649e-05	0.999808
27	0.996224	0.00109366	0.00135634	0.00124268	8.33508e-05	0.00141422	0.996159	0.00064999	0.00176482	1.1818e-05	0.00269588	0.00134129	0.990827	0.00510554	2.99543e-05	0.00132221	0.00153283	0.00373651	0.993293	0.00011506	5.31677e-05	1.82081e-05	2.03931e-05	5.1711e-05	0.999857
28	0.997655	0.000382903	0.00134016	0.000622218	NA	0.000398545	0.997061	0.000199273	0.00229164	4.98182e-05	0.00270093	0.00060312	0.99486	0.00180936	2.62226e-05	0.000529568	0.00856134	0.000529568	0.990291	8.82613e-05	1.10607e-05	NA	NA	5.53036e-05	0.999934
29	0.99905	NA	0.000474834	NA	0.000474834	NA	1	NA	NA	NA	0.000218341	NA	0.999563	0.000218341	NA	NA	NA	0.00100503	0.998995	NA	NA	NA	NA	NA	1
30	0.99744	0.000524368	0.00133755	0.00064317	5.53044e-05	0.000330824	0.998171	0.000274646	0.0012203	3.12098e-06	0.00149643	0.000443807	0.997095	0.000950203	1.42246e-05	0.000722089	0.00129914	0.000703573	0.997232	4.32019e-05	2.83511e-05	1.08004e-05	1.08004e-05	2.97012e-05	0.99992
31	0.998242	0.000290577	0.00109553	0.000315845	5.59496e-05	0.000212821	0.99866	0.000218278	0.000900397	8.18543e-06	0.00096191	0.00022436	0.998184	0.000618924	1.03154e-05	0.000270561	0.00106159	0.000669174	0.997935	6.40259e-05	2.32659e-05	1.75913e-05	1.07817e-05	3.46151e-05	0.999914
32	0.998922	0.000132488	0.000847922	7.06601e-05	2.64976e-05	0.000106226	0.999528	4.72116e-05	0.000318678	NA	0.000362921	5.85357e-05	0.999239	0.0003278	1.17071e-05	0.000132384	0.000249194	0.000303705	0.99926	5.45112e-05	1.73246e-05	2.47494e-06	2.47494e-06	1.48496e-05	0.999963
33	0.999095	0.000119421	0.000703955	5.65678e-05	2.51413e-05	0.00010043	0.999708	2.739e-05	0.00016434	NA	0.000244207	2.6165e-05	0.999407	0.000322702	NA	9.92223e-05	0.000288217	0.000321291	0.999272	1.88995e-05	1.06919e-05	1.78199e-06	3.56398e-06	1.24739e-05	0.999971
34	0.998235	0.000345232	0.00108027	0.000277059	6.20543e-05	0.000143622	0.998838	0.000274694	0.000736236	6.97194e-06	0.000837937	0.000193743	0.998587	0.000368111	1.33198e-05	0.000225408	0.00110962	0.000406314	0.998168	9.0937e-05	2.79984e-05	1.66914e-05	1.13071e-05	3.20367e-05	0.999912
35	0.999279	0.00023638	0.000390278	6.337e-05	3.1182e-05	3.81995e-05	0.999701	4.77494e-05	0.000208733	4.09281e-06	0.000419171	6.98618e-05	0.999264	0.0002381	8.5545e-06	5.87198e-05	0.000641105	0.000467834	0.998757	7.50844e-05	1.46336e-05	7.64937e-06	8.9797e-06	1.72942e-05	0.999951
36	0.998675	0.000185931	0.000930736	0.000159987	4.81043e-05	6.4405e-05	0.998981	0.00023701	0.000713607	4.29367e-06	0.000597696	9.41682e-05	0.999123	0.000162654	2.25692e-05	0.000129215	0.00104258	0.000224859	0.998536	6.71409e-05	2.92688e-05	1.19117e-05	1.15714e-05	2.39936e-05	0.999923
37	0.998546	0.00011138	0.00116984	0.000123989	4.83348e-05	6.71818e-05	0.999002	0.000284607	0.000641281	4.88595e-06	0.000467324	9.17957e-05	0.99932	0.000106102	1.43058e-05	8.73981e-05	0.000875982	0.000227502	0.998726	8.33951e-05	3.22973e-05	1.20024e-05	1.09113e-05	3.0988e-05	0.999914
38	0.998486	0.000195149	0.00115206	0.000102183	6.4916e-05	4.99676e-05	0.999051	0.000316461	0.000577189	5.76549e-06	0.000409641	6.5592e-05	0.999408	0.000100244	1.67074e-05	9.1902e-05	0.00095405	0.000226252	0.998643	8.44839e-05	2.7295e-05	1.28447e-05	1.13626e-05	2.80361e-05	0.99992
39	0.998477	0.000210922	0.00114427	0.000106338	6.14257e-05	3.32219e-05	0.999051	0.000324573	0.000584548	6.32799e-06	0.000453314	4.50692e-05	0.999424	5.66799e-05	2.0974e-05	7.35109e-05	0.000885002	0.000173691	0.99879	7.77418e-05	3.16777e-05	1.45331e-05	1.08817e-05	3.02752e-05	0.999913
40	0.998847	0.000283546	0.000676758	0.000128393	6.47409e-05	3.37742e-05	0.998888	0.000360731	0.000708519	8.9686e-06	0.000466932	3.89683e-05	0.999416	5.28543e-05	2.55202e-05	5.94771e-05	0.000683542	0.000218317	0.998968	7.09947e-05	3.48196e-05	1.75531e-05	1.16256e-05	3.10475e-05	0.999905
