quality	AA	AC	AG	AT	A.	CA	CC	CG	CT	C.	GA	GC	GG	GT	G.	TA	TC	TG	TT	T.	.A	.C	.G	.T	..
0	NA	NA	NA	NA	NA	NA	NA	NA	NA	NA	NA	NA	NA	NA	NA	NA	NA	NA	NA	NA	NA	NA	NA	NA	NA
1	NA	NA	NA	NA	NA	NA	NA	NA	NA	NA	NA	NA	NA	NA	NA	NA	NA	NA	NA	NA	NA	NA	NA	NA	NA
2	NA	NA	NA	NA	NA	NA	NA	NA	NA	NA	NA	NA	NA	NA	NA	NA	NA	NA	NA	NA	NA	NA	NA	NA	NA
3	NA	NA	NA	NA	NA	NA	NA	NA	NA	NA	NA	NA	NA	NA	NA	NA	NA	NA	NA	NA	NA	NA	NA	NA	NA
4	NA	NA	NA	NA	NA	NA	NA	NA	NA	NA	NA	NA	NA	NA	NA	NA	NA	NA	NA	NA	NA	NA	NA	NA	NA
5	NA	NA	NA	NA	NA	NA	NA	NA	NA	NA	NA	NA	NA	NA	NA	NA	NA	NA	NA	NA	NA	NA	NA	NA	NA
6	NA	NA	NA	NA	NA	NA	NA	NA	NA	NA	NA	NA	NA	NA	NA	NA	NA	NA	NA	NA	NA	NA	NA	NA	NA
7	NA	NA	NA	NA	NA	NA	NA	NA	NA	NA	NA	NA	NA	NA	NA	NA	NA	NA	NA	NA	NA	NA	NA	NA	NA
8	NA	NA	NA	NA	NA	NA	NA	NA	NA	NA	NA	NA	NA	NA	NA	NA	NA	NA	NA	NA	NA	NA	NA	NA	NA
9	NA	NA	NA	NA	NA	NA	NA	NA	NA	NA	NA	NA	NA	NA	NA	NA	NA	NA	NA	NA	NA	NA	NA	NA	NA
10	0.987805	0.0121951	NA	NA	NA	0.0322581	0.967742	NA	NA	NA	0.0153846	NA	0.923077	0.0615385	NA	NA	0.0333333	0.0333333	0.933333	NA	NA	NA	NA	NA	1
11	0.973078	0.0142555	0.00427664	0.00822744	0.00016292	0.0679766	0.907066	0.00580154	0.0191013	5.47315e-05	0.0218413	0.00513914	0.916598	0.0563939	2.73358e-05	0.0210779	0.00800427	0.0200107	0.950774	0.000133404	3.45348e-05	1.15116e-05	1.15116e-05	5.75579e-05	0.999885
12	0.970376	0.0157042	0.00557287	0.00822487	0.000122212	0.0562814	0.922363	0.00563628	0.0155242	0.000195478	0.0127521	0.00443824	0.94247	0.0401838	0.000156276	0.0112458	0.00535591	0.0238896	0.959367	0.000141358	5.95073e-05	2.64477e-05	2.64477e-05	6.61192e-05	0.999821
13	0.965372	0.0181942	0.00706317	0.00924353	0.000127174	0.0423847	0.940671	0.00540504	0.0113948	0.00014485	0.0081966	0.00338827	0.965651	0.0226522	0.000112177	0.0122758	0.00684372	0.0221552	0.958573	0.000152555	5.10723e-05	2.81962e-05	3.19202e-05	4.57523e-05	0.999843
14	0.965057	0.0190109	0.00556247	0.0102595	0.000109744	0.0368194	0.946868	0.00456273	0.0115726	0.000177466	0.0134942	0.00585926	0.947035	0.033454	0.000157061	0.0142702	0.00988522	0.0202719	0.9554	0.00017251	5.04365e-05	2.76906e-05	3.26354e-05	4.35139e-05	0.999846
15	0.965634	0.0156871	0.00729582	0.0112551	0.000127899	0.0324763	0.946304	0.00615734	0.0149557	0.000106555	0.0127969	0.00592595	0.953384	0.0278024	9.10809e-05	0.014823	0.00906682	0.0219143	0.954005	0.000190737	6.93197e-05	3.79608e-05	2.47571e-05	4.45627e-05	0.999823
16	0.965179	0.0154566	0.00699347	0.0122713	9.912e-05	0.0274265	0.954127	0.00473709	0.0136101	9.92162e-05	0.0115658	0.00542369	0.956058	0.0268488	0.000104005	0.0176584	0.0112261	0.0258299	0.945131	0.0001545	5.87111e-05	2.97469e-05	2.81813e-05	4.30548e-05	0.99984
17	NA	NA	NA	NA	NA	NA	NA	NA	NA	NA	NA	NA	NA	NA	NA	NA	NA	NA	NA	NA	NA	NA	NA	NA	NA
18	1	NA	NA	NA	NA	NA	1	NA	NA	NA	NA	NA	0.964286	0.0357143	NA	NA	NA	NA	1	NA	NA	NA	NA	NA	1
19	1	NA	NA	NA	NA	0.0151515	0.984848	NA	NA	NA	NA	NA	0.987654	0.0123457	NA	NA	NA	NA	1	NA	NA	NA	NA	NA	1
20	0.997212	0.0022007	0.000293427	0.000146714	0.000146714	0.00782818	0.989362	0.00080289	0.00200723	NA	0.00158935	NA	0.993543	0.00476805	9.93345e-05	0.00208575	0.000695249	0.00254925	0.99467	NA	NA	NA	7.64263e-05	3.82132e-05	0.999885
21	0.996029	0.00223507	0.00118264	0.000531644	2.16997e-05	0.00549293	0.993175	0.000423697	0.000862526	4.53961e-05	0.000964895	0.000326361	0.996013	0.00265346	4.25689e-05	0.000636652	0.000314396	0.00213789	0.996864	4.71594e-05	8.43168e-06	1.40528e-05	1.12422e-05	2.24845e-05	0.999944
22	0.995571	0.00237864	0.00142406	0.000594661	3.12979e-05	0.00525537	0.992678	0.000918414	0.00104597	0.000102046	0.0012577	0.000319754	0.995118	0.0032615	4.26339e-05	0.000866992	0.00088194	0.0027953	0.995336	0.000119585	3.69154e-05	1.38433e-05	1.84577e-05	4.61442e-05	0.999885
23	0.997198	0.00139247	0.00103368	0.000316083	5.97994e-05	0.00360588	0.994289	0.000706046	0.00138688	1.2608e-05	0.000704405	0.000218608	0.996915	0.00212536	3.64347e-05	0.000491128	0.000387124	0.00148494	0.997602	3.46679e-05	3.10045e-05	6.64383e-06	1.55023e-05	3.76484e-05	0.999909
24	0.996817	0.00115741	0.00168789	0.000289352	4.82253e-05	0.00364949	0.994485	0.000810997	0.0010543	NA	0.000961649	0.000153864	0.996923	0.00196176	NA	0.000277436	0.000121378	0.0011791	0.998353	6.93589e-05	2.67117e-05	4.00676e-05	4.00676e-05	4.67455e-05	0.999846
25	0.997171	0.00118196	0.00122072	0.000368153	5.81294e-05	0.00388733	0.994564	0.000790644	0.000724757	3.29435e-05	0.000863292	0.000431646	0.996608	0.0020349	6.16637e-05	0.000438641	0.000687205	0.00108198	0.997719	7.31069e-05	5.47417e-05	4.92676e-05	2.18967e-05	4.92676e-05	0.999825
26	0.995241	0.000988936	0.00339947	0.000309043	6.18085e-05	0.00351421	0.992972	0.0027907	0.000723514	NA	0.000927644	0.000103072	0.997011	0.00185529	0.000103072	0.000211327	0.000507185	0.000507185	0.998774	NA	6.75973e-05	3.37986e-05	6.75973e-05	0.000118295	0.999713
27	0.997199	0.00128272	0.000733151	0.00070775	7.7356e-05	0.00270827	0.995591	0.000341618	0.00133421	2.46724e-05	0.00143593	0.000760963	0.994725	0.00305846	1.94703e-05	0.000977136	0.00130129	0.00364698	0.993972	0.000102758	3.51535e-05	1.51127e-05	1.7741e-05	3.18682e-05	0.9999
28	0.998723	0.000312181	0.000425701	0.000397321	0.0001419	0.00061167	0.998484	0.000239349	0.000664858	NA	0.00135689	0.000243936	0.996722	0.00167706	NA	0.000502906	0.00301743	0.000502906	0.995977	NA	6.40357e-06	6.40357e-06	1.28071e-05	2.56143e-05	0.999949
29	0.999459	0.000135227	NA	NA	0.00040568	0.000743863	0.99876	NA	0.000495909	NA	0.00100576	NA	0.998446	0.000548597	NA	NA	0.000421941	NA	0.999578	NA	NA	NA	NA	NA	1
30	0.998251	0.000505285	0.000936107	0.000256366	5.10604e-05	0.000462171	0.998138	0.000347907	0.00104372	8.52714e-06	0.000730093	0.000272375	0.998077	0.00090899	1.12818e-05	0.000375822	0.000699911	0.000655787	0.998227	4.10818e-05	2.21683e-05	1.3587e-05	1.00115e-05	2.35985e-05	0.999931
31	0.998591	0.000412626	0.000780446	0.000167759	4.79312e-05	0.000563349	0.998358	0.000253507	0.0008152	9.94146e-06	0.000533748	0.00022853	0.998612	0.000618105	7.66879e-06	0.000213471	0.000729173	0.000605584	0.998397	5.50531e-05	2.13088e-05	1.01627e-05	6.55655e-06	2.39314e-05	0.999938
32	0.99819	0.000282833	0.00142445	7.19939e-05	3.08545e-05	0.000378656	0.998604	0.000804645	0.000205106	7.88868e-06	0.000232653	6.54336e-05	0.999447	0.000225382	2.90816e-05	8.02383e-05	0.000141597	0.000207675	0.999547	2.35995e-05	4.6402e-06	1.54673e-05	4.6402e-06	2.93879e-05	0.999946
33	0.998248	0.000253319	0.00141687	5.15225e-05	3.00548e-05	0.000660129	0.99843	0.000685766	0.000224316	NA	0.000239401	5.38651e-05	0.999509	0.000197505	NA	5.13926e-05	0.000137047	0.00027752	0.99951	2.39832e-05	1.13301e-05	5.0356e-06	1.38479e-05	3.02136e-05	0.99994
34	0.998923	0.000271583	0.000628191	0.000127039	5.00152e-05	0.000231567	0.998914	0.000167019	0.000676951	1.04891e-05	0.000540693	0.00026028	0.998788	0.00039761	1.36611e-05	0.000161709	0.000775774	0.000532942	0.998452	7.78997e-05	2.43883e-05	1.17311e-05	1.01875e-05	2.23817e-05	0.999931
35	0.999477	0.000160472	0.000272976	4.7095e-05	4.27343e-05	0.00027909	0.999426	5.01223e-05	0.000241499	3.41743e-06	0.000357156	0.00015026	0.999288	0.000196493	8.0909e-06	5.09856e-05	0.00049411	0.000493361	0.998902	5.99831e-05	1.83988e-05	4.40534e-06	7.515e-06	1.503e-05	0.999955
36	0.998992	0.000209914	0.000654349	9.65677e-05	4.69789e-05	9.81894e-05	0.999018	0.00024015	0.000636457	7.09803e-06	0.00043221	0.000304892	0.999067	0.000184834	1.06098e-05	8.86713e-05	0.000762908	0.000282326	0.998813	5.31191e-05	2.37373e-05	9.12074e-06	9.58847e-06	2.50236e-05	0.999933
37	0.998986	0.000178199	0.000715218	7.79621e-05	4.26128e-05	8.34632e-05	0.999106	0.00025039	0.00055052	9.27369e-06	0.000356965	8.24419e-05	0.999393	0.000154685	1.27487e-05	6.80715e-05	0.000563632	0.000286354	0.999024	5.76339e-05	2.26249e-05	9.95497e-06	9.6533e-06	2.69991e-05	0.999931
38	0.999096	0.000183021	0.000604358	6.88755e-05	4.81805e-05	6.53183e-05	0.999181	0.000201139	0.000546911	5.18399e-06	0.000336904	0.000195656	0.999373	8.47492e-05	9.41658e-06	5.77158e-05	0.00063295	0.000267737	0.998975	6.66939e-05	2.45791e-05	1.02496e-05	1.04486e-05	2.57732e-05	0.999929
39	0.999171	0.000159204	0.000551957	6.42953e-05	5.38607e-05	4.91295e-05	0.999199	0.000196891	0.000546395	8.20898e-06	0.000334221	0.000200286	0.999393	6.24043e-05	9.98962e-06	5.40912e-05	0.000614875	0.000221028	0.999048	6.19108e-05	2.36373e-05	9.92813e-06	8.46675e-06	2.5377e-05	0.999933
40	0.999315	0.000147847	0.000422677	5.74777e-05	5.68797e-05	2.89062e-05	0.999218	0.000106793	0.000633127	1.28472e-05	0.000326814	0.000122498	0.999504	3.41482e-05	1.29488e-05	4.84717e-05	0.000416909	0.000335084	0.999148	5.12619e-05	2.6662e-05	1.13568e-05	9.03659e-06	2.47896e-05	0.999928
