quality	AA	AC	AG	AT	A.	CA	CC	CG	CT	C.	GA	GC	GG	GT	G.	TA	TC	TG	TT	T.	.A	.C	.G	.T	..
0	NA	NA	NA	NA	NA	NA	NA	NA	NA	NA	NA	NA	NA	NA	NA	NA	NA	NA	NA	NA	NA	NA	NA	NA	NA
1	NA	NA	NA	NA	NA	NA	NA	NA	NA	NA	NA	NA	NA	NA	NA	NA	NA	NA	NA	NA	NA	NA	NA	NA	NA
2	NA	NA	NA	NA	NA	NA	NA	NA	NA	NA	NA	NA	NA	NA	NA	NA	NA	NA	NA	NA	NA	NA	NA	NA	NA
3	NA	NA	NA	NA	NA	NA	NA	NA	NA	NA	NA	NA	NA	NA	NA	NA	NA	NA	NA	NA	NA	NA	NA	NA	NA
4	NA	NA	NA	NA	NA	NA	NA	NA	NA	NA	NA	NA	NA	NA	NA	NA	NA	NA	NA	NA	NA	NA	NA	NA	NA
5	NA	NA	NA	NA	NA	NA	NA	NA	NA	NA	NA	NA	NA	NA	NA	NA	NA	NA	NA	NA	NA	NA	NA	NA	NA
6	NA	NA	NA	NA	NA	NA	NA	NA	NA	NA	NA	NA	NA	NA	NA	NA	NA	NA	NA	NA	NA	NA	NA	NA	NA
7	NA	NA	NA	NA	NA	NA	NA	NA	NA	NA	NA	NA	NA	NA	NA	NA	NA	NA	NA	NA	NA	NA	NA	NA	NA
8	NA	NA	NA	NA	NA	NA	NA	NA	NA	NA	NA	NA	NA	NA	NA	NA	NA	NA	NA	NA	NA	NA	NA	NA	NA
9	NA	NA	NA	NA	NA	NA	NA	NA	NA	NA	NA	NA	NA	NA	NA	NA	NA	NA	NA	NA	NA	NA	NA	NA	NA
10	NA	NA	NA	NA	NA	NA	NA	NA	NA	NA	NA	NA	NA	NA	NA	NA	NA	NA	NA	NA	NA	NA	NA	NA	NA
11	0.980386	0.00925781	0.00235368	0.0078456	0.000156912	0.0509639	0.927986	0.00531797	0.0157323	NA	0.019593	0.00876813	0.932345	0.0392942	NA	0.027027	0.00982801	0.0288698	0.933661	0.000614251	NA	NA	NA	NA	1
12	0.972939	0.0131847	0.00626457	0.00743007	0.00018211	0.0356444	0.94734	0.0048406	0.012126	4.8895e-05	0.0128596	0.0058738	0.949588	0.0314505	0.000228109	0.0127485	0.00797484	0.0232506	0.955801	0.000224643	4.96579e-05	4.96579e-05	9.93157e-06	6.9521e-05	0.999821
13	0.967602	0.0149821	0.00713176	0.0101452	0.000139081	0.0301667	0.953189	0.0052276	0.0112829	0.000133885	0.0098794	0.00451984	0.964067	0.0214044	0.000129621	0.0153853	0.00931637	0.0228507	0.952258	0.000189357	5.79286e-05	4.43709e-05	2.83481e-05	7.39515e-05	0.999795
14	0.964023	0.0164501	0.00661358	0.0127824	0.000131251	0.0287642	0.953181	0.00435889	0.0135303	0.000165948	0.0192349	0.00708059	0.941338	0.03212	0.000226414	0.0177995	0.0141891	0.0210545	0.946742	0.000215128	8.34477e-05	3.94059e-05	3.24519e-05	8.11297e-05	0.999764
15	0.97814	0.00746527	0.00544552	0.00878201	0.000167383	0.0121184	0.9761	0.00288468	0.00876188	0.000134798	0.0149767	0.00592696	0.954305	0.0246893	0.000101969	0.0279936	0.0176058	0.0246171	0.929525	0.000258402	6.35775e-05	2.11925e-05	3.53208e-05	7.06417e-05	0.999809
16	0.963087	0.0119461	0.00911752	0.0156773	0.000171948	0.0185071	0.958719	0.00514047	0.017469	0.000164667	0.0191991	0.00882916	0.945685	0.0261391	0.000147376	0.0203139	0.0134529	0.0206099	0.94537	0.000252915	0.000106108	6.22499e-05	7.21533e-05	9.47897e-05	0.999665
17	NA	NA	NA	NA	NA	NA	NA	NA	NA	NA	NA	NA	NA	NA	NA	NA	NA	NA	NA	NA	NA	NA	NA	NA	NA
18	NA	NA	NA	NA	NA	NA	NA	NA	NA	NA	NA	NA	NA	NA	NA	NA	NA	NA	NA	NA	NA	NA	NA	NA	NA
19	NA	NA	NA	NA	NA	NA	NA	NA	NA	NA	NA	NA	NA	NA	NA	NA	NA	NA	NA	NA	NA	NA	NA	NA	NA
20	0.998146	0.000927214	0.000463607	NA	0.000463607	0.00464499	0.994028	NA	0.00132714	NA	0.0008726	0.0008726	0.995346	0.00290867	NA	0.0014556	0.000727802	0.00436681	0.99345	NA	NA	NA	NA	NA	1
21	0.996778	0.00169075	0.000797524	0.000701822	3.1901e-05	0.00337767	0.994807	0.000464429	0.00135107	NA	0.00100802	0.000483851	0.996411	0.00205637	4.0321e-05	0.00135957	0.000534914	0.00222881	0.99581	6.68643e-05	1.6048e-05	1.6048e-05	1.6048e-05	8.02401e-06	0.999944
22	0.99559	0.00188121	0.00160365	0.000801826	0.000123358	0.00450517	0.993366	0.000940641	0.00108916	9.90148e-05	0.00196221	0.000682507	0.994028	0.00332722	NA	0.00164049	0.0011848	0.0023696	0.994684	0.000121518	9.18265e-06	2.7548e-05	2.7548e-05	3.67306e-05	0.999899
23	0.996555	0.00124343	0.00138611	0.000815361	NA	0.00213226	0.995492	0.00106613	0.00127936	3.04609e-05	0.00105739	0.000499324	0.996123	0.00229102	2.9372e-05	0.0013944	0.000512229	0.0015936	0.996486	1.42286e-05	1.61214e-05	1.07476e-05	1.61214e-05	6.44856e-05	0.999893
24	0.997399	0.000850468	0.00115063	0.00040022	0.00020011	0.00228032	0.995847	0.000732959	0.00114016	NA	0.00110028	0.000392958	0.996935	0.00157183	NA	0.000483209	0.000379664	0.00158769	0.997377	0.000172574	1.3527e-05	1.3527e-05	1.3527e-05	5.41082e-05	0.999905
25	0.996687	0.000764498	0.00196585	0.000473261	0.000109214	0.00286149	0.994399	0.00133942	0.00121766	0.000182648	0.00202122	0.000449161	0.994329	0.00314412	5.61451e-05	0.00124635	0.000769027	0.00132591	0.996632	2.65182e-05	NA	1.00676e-05	NA	5.03378e-05	0.99994
26	0.995849	0.000790748	0.00252051	0.000691905	0.000148265	0.002099	0.995365	0.000787126	0.00174917	NA	0.00175796	0.000647668	0.994726	0.00277572	9.25241e-05	0.000469468	0.00117367	0.00114014	0.99715	6.70668e-05	8.30565e-05	5.5371e-05	4.15282e-05	0.000193798	0.999626
27	0.996872	0.000901999	0.00103522	0.00112125	6.93845e-05	0.00123581	0.996626	0.000433849	0.00167843	2.62939e-05	0.00251167	0.00137701	0.991114	0.00498662	1.10161e-05	0.0011283	0.00147066	0.00378109	0.993502	0.000118428	4.49847e-05	1.76726e-05	2.00825e-05	4.25748e-05	0.999875
28	0.998203	0.000579542	0.000579542	0.000579542	5.79542e-05	0.000402484	0.998275	0.000172493	0.00114995	NA	0.00318667	0.00061282	0.994423	0.00177718	NA	0.000536826	0.00418725	0.000966287	0.99431	NA	5.22978e-05	1.30745e-05	1.30745e-05	1.30745e-05	0.999908
29	0.999442	NA	NA	NA	0.000558036	NA	0.998988	NA	0.00101215	NA	NA	NA	1	NA	NA	NA	NA	NA	1	NA	NA	NA	NA	NA	1
30	0.997783	0.000458969	0.00109235	0.000621903	4.36021e-05	0.000379543	0.998016	0.000354479	0.00123889	1.07418e-05	0.00141257	0.000556662	0.997017	0.0010007	1.28708e-05	0.0006591	0.000949671	0.000666187	0.997672	5.31532e-05	3.21712e-05	8.42579e-06	1.45536e-05	3.21712e-05	0.999913
31	0.998602	0.000292191	0.000785893	0.000286146	3.42569e-05	0.000251891	0.998604	0.000279879	0.000864514	NA	0.000969249	0.000282334	0.998079	0.000660719	8.73197e-06	0.000298252	0.000883106	0.000657087	0.998115	4.66019e-05	2.74855e-05	1.21448e-05	8.94878e-06	3.13207e-05	0.99992
32	0.997967	0.000203299	0.00176193	5.80855e-05	9.68092e-06	0.000206265	0.998762	0.000742554	0.000288771	NA	0.000243896	8.12986e-05	0.999363	0.000298095	1.35498e-05	7.9634e-05	0.000221206	0.000194661	0.999504	NA	1.68045e-05	8.40226e-06	2.80075e-06	2.52068e-05	0.999947
33	0.998553	8.67961e-05	0.00130194	5.06311e-05	7.23301e-06	7.4503e-05	0.999244	0.000478948	0.000202222	NA	0.000283653	3.03914e-05	0.999342	0.000344436	NA	5.40476e-05	0.000129714	0.000410762	0.9994	5.40476e-06	1.63699e-05	8.18496e-06	4.09248e-06	1.63699e-05	0.999955
34	0.998869	0.000228679	0.000621812	0.00022284	5.7413e-05	0.000126223	0.998921	0.000176712	0.000771537	4.73335e-06	0.000805404	0.00037267	0.998441	0.000374035	6.82545e-06	0.000227289	0.000875605	0.000419944	0.998389	8.76687e-05	3.10811e-05	1.17686e-05	9.95802e-06	3.22881e-05	0.999915
35	0.999714	5.94613e-05	0.000148653	5.03134e-05	2.74437e-05	3.51159e-05	0.999707	4.1223e-05	0.000216802	NA	0.000337914	0.000118106	0.999329	0.000211607	3.28072e-06	5.62853e-05	0.000426918	0.000489576	0.998971	5.62853e-05	9.37569e-06	9.00066e-06	4.50033e-06	1.53761e-05	0.999962
36	0.998966	0.00015757	0.000695379	0.000137494	4.3195e-05	6.64051e-05	0.998974	0.000245113	0.000705066	9.76546e-06	0.000500694	0.000367352	0.998958	0.000166898	7.06446e-06	0.000113105	0.000850435	0.000283478	0.998692	6.08476e-05	2.81017e-05	1.36659e-05	7.50663e-06	2.69469e-05	0.999924
37	0.999032	0.000128979	0.000694921	0.00010162	4.22112e-05	6.25989e-05	0.999106	0.000221183	0.000600949	9.7376e-06	0.000429329	0.000128259	0.999332	0.000103957	6.75046e-06	9.80362e-05	0.000619649	0.000268664	0.998947	6.66048e-05	2.70016e-05	9.57331e-06	9.81878e-06	3.04382e-05	0.999923
38	0.999097	0.000138591	0.000631308	7.69449e-05	5.57963e-05	4.0189e-05	0.999181	0.000203868	0.000568491	6.57638e-06	0.000417547	0.000210875	0.999296	6.7256e-05	8.40699e-06	7.26667e-05	0.000685937	0.000242068	0.998929	7.08154e-05	2.57777e-05	1.17045e-05	9.75373e-06	2.60564e-05	0.999927
39	0.999177	0.000131534	0.000581539	5.7725e-05	5.25422e-05	3.27952e-05	0.999204	0.000203061	0.000553325	6.73874e-06	0.000334704	0.000232142	0.999372	5.26246e-05	8.91223e-06	6.62227e-05	0.000680472	0.000222404	0.998964	6.69829e-05	2.73352e-05	1.15597e-05	1.03357e-05	2.57576e-05	0.999925
40	0.999311	0.000122075	0.00045688	4.84156e-05	6.15557e-05	2.7428e-05	0.999178	0.00013714	0.00064801	9.12155e-06	0.000303466	0.000164902	0.999482	3.66216e-05	1.27863e-05	5.80587e-05	0.000491607	0.000306486	0.999091	5.26068e-05	3.37701e-05	1.39874e-05	1.01703e-05	2.86089e-05	0.999913
