quality	AA	AC	AG	AT	A.	CA	CC	CG	CT	C.	GA	GC	GG	GT	G.	TA	TC	TG	TT	T.	.A	.C	.G	.T	..
0	NA	NA	NA	NA	NA	NA	NA	NA	NA	NA	NA	NA	NA	NA	NA	NA	NA	NA	NA	NA	NA	NA	NA	NA	NA
1	NA	NA	NA	NA	NA	NA	NA	NA	NA	NA	NA	NA	NA	NA	NA	NA	NA	NA	NA	NA	NA	NA	NA	NA	NA
2	NA	NA	NA	NA	NA	NA	NA	NA	NA	NA	NA	NA	NA	NA	NA	NA	NA	NA	NA	NA	NA	NA	NA	NA	NA
3	NA	NA	NA	NA	NA	NA	NA	NA	NA	NA	NA	NA	NA	NA	NA	NA	NA	NA	NA	NA	NA	NA	NA	NA	NA
4	NA	NA	NA	NA	NA	NA	NA	NA	NA	NA	NA	NA	NA	NA	NA	NA	NA	NA	NA	NA	NA	NA	NA	NA	NA
5	NA	NA	NA	NA	NA	NA	NA	NA	NA	NA	NA	NA	NA	NA	NA	NA	NA	NA	NA	NA	NA	NA	NA	NA	NA
6	NA	NA	NA	NA	NA	NA	NA	NA	NA	NA	NA	NA	NA	NA	NA	NA	NA	NA	NA	NA	NA	NA	NA	NA	NA
7	NA	NA	NA	NA	NA	NA	NA	NA	NA	NA	NA	NA	NA	NA	NA	NA	NA	NA	NA	NA	NA	NA	NA	NA	NA
8	NA	NA	NA	NA	NA	NA	NA	NA	NA	NA	NA	NA	NA	NA	NA	NA	NA	NA	NA	NA	NA	NA	NA	NA	NA
9	NA	NA	NA	NA	NA	NA	NA	NA	NA	NA	NA	NA	NA	NA	NA	NA	NA	NA	NA	NA	NA	NA	NA	NA	NA
10	NA	NA	NA	NA	NA	NA	NA	NA	NA	NA	NA	NA	NA	NA	NA	NA	NA	NA	NA	NA	NA	NA	NA	NA	NA
11	0.973194	0.0134028	0.00372301	0.00912137	0.000558451	0.0612066	0.914019	0.00641212	0.018362	NA	0.0217479	0.0072493	0.927104	0.04363	0.000268492	0.0262267	0.0169205	0.0270728	0.928934	0.000846024	5.74449e-05	5.74449e-05	5.74449e-05	NA	0.999828
12	0.971786	0.0127778	0.00559524	0.00980159	3.96825e-05	0.0410641	0.939618	0.00564763	0.0136177	5.27816e-05	0.0138943	0.00527025	0.952927	0.0278485	5.98892e-05	0.0154574	0.00769716	0.0240379	0.952681	0.000126183	4.28458e-05	2.14229e-05	2.14229e-05	3.21344e-05	0.999882
13	0.965132	0.0166889	0.00683065	0.0112188	0.000130019	0.0304989	0.95305	0.00482661	0.0115268	9.75073e-05	0.00955916	0.00444537	0.964229	0.0216622	0.000103833	0.0150297	0.0100755	0.0234853	0.951242	0.000166997	4.18844e-05	2.16643e-05	3.03301e-05	4.18844e-05	0.999864
14	0.961757	0.0167788	0.00779835	0.0134877	0.000178588	0.0292572	0.950566	0.00513855	0.0147652	0.000273189	0.0173663	0.0063352	0.944438	0.0317253	0.000135578	0.0189207	0.0119187	0.0216425	0.94731	0.000208523	5.72988e-05	3.54707e-05	3.27422e-05	7.36698e-05	0.999801
15	0.977906	0.00803191	0.00486985	0.00912596	6.67103e-05	0.0126588	0.974622	0.00295979	0.00966866	9.10705e-05	0.0138516	0.00613451	0.956229	0.0236638	0.00012058	0.0235872	0.01872	0.0259792	0.931547	0.0001664	7.06279e-05	2.49275e-05	3.73913e-05	5.40096e-05	0.999813
16	0.965653	0.011446	0.00897586	0.0137895	0.000135927	0.017963	0.961124	0.00483621	0.0159137	0.000163018	0.0173356	0.00713647	0.952082	0.0233081	0.000138219	0.0181944	0.012539	0.0189839	0.95002	0.000263178	7.53694e-05	4.30682e-05	5.53735e-05	7.99839e-05	0.999746
17	NA	NA	NA	NA	NA	NA	NA	NA	NA	NA	NA	NA	NA	NA	NA	NA	NA	NA	NA	NA	NA	NA	NA	NA	NA
18	NA	NA	NA	NA	NA	NA	NA	NA	NA	NA	NA	NA	NA	NA	NA	NA	NA	NA	NA	NA	NA	NA	NA	NA	NA
19	NA	NA	NA	NA	NA	NA	NA	NA	NA	NA	NA	NA	NA	NA	NA	NA	NA	NA	NA	NA	NA	NA	NA	NA	NA
20	0.995225	0.00106101	0.00159151	0.000530504	0.00159151	0.00257954	0.994841	0.000859845	0.00171969	NA	0.000323206	0.000646412	0.995152	0.00387847	NA	0.00253165	0.00126582	0.000632911	0.99557	NA	NA	NA	NA	NA	1
21	0.997384	0.00130784	0.000653922	0.00057699	7.6932e-05	0.00170156	0.996975	0.000283594	0.000992579	4.72657e-05	0.000840218	0.000326752	0.996779	0.00205387	NA	0.00142034	0.000955997	0.00264948	0.994947	2.73142e-05	1.90476e-05	9.52381e-06	NA	9.52381e-06	0.999962
22	0.997066	0.00172351	0.000366703	0.000770077	7.33407e-05	0.00452196	0.993775	0.000528541	0.00117454	NA	0.00129758	0.000720877	0.994089	0.00389273	NA	0.00128388	0.000927247	0.00338802	0.994401	NA	4.2965e-05	NA	1.07413e-05	3.22238e-05	0.999914
23	0.997286	0.00124704	0.000562388	0.000831357	7.3355e-05	0.00246455	0.995105	0.00101283	0.0013842	3.3761e-05	0.00105888	0.000481309	0.995572	0.00285577	3.20873e-05	0.000852641	0.000721465	0.00183646	0.99654	4.91908e-05	1.84612e-05	6.15373e-06	1.84612e-05	2.46149e-05	0.999932
24	0.997754	0.00100491	0.000413785	0.00082757	NA	0.00184706	0.996491	0.000554119	0.00110824	NA	0.00119168	0.000733339	0.996517	0.00155835	NA	0.000826788	0.000620091	0.00111616	0.997396	4.13394e-05	1.59167e-05	NA	1.59167e-05	1.59167e-05	0.999952
25	0.997341	0.000915352	0.000871764	0.000697411	0.000174353	0.00223245	0.995117	0.000906935	0.0017441	NA	0.00131658	0.00131658	0.995272	0.00203471	5.98444e-05	0.00116316	0.000817353	0.00113172	0.996825	6.28733e-05	3.49838e-05	1.16613e-05	NA	1.16613e-05	0.999942
26	0.997494	0.000874228	0.000815946	0.000757664	5.82819e-05	0.00109246	0.99712	0.000496574	0.00119178	9.93147e-05	0.000615385	0.000717949	0.996615	0.00205128	NA	0.000347035	0.000539832	0.00100254	0.998033	7.71188e-05	4.77046e-05	3.18031e-05	3.18031e-05	3.18031e-05	0.999857
27	0.996212	0.00119324	0.00133399	0.00118684	7.35776e-05	0.00130444	0.996318	0.000571001	0.00178192	2.46121e-05	0.00250897	0.00116826	0.992068	0.00422903	2.58656e-05	0.00107136	0.00104181	0.00366479	0.994124	9.85159e-05	4.12584e-05	2.65887e-05	1.37528e-05	3.85078e-05	0.99988
28	0.998051	0.000674562	0.000299805	0.000974367	NA	0.00024702	0.993824	6.17551e-05	0.00586673	NA	0.00293512	0.00106732	0.99474	0.00125791	NA	0.00113193	0.000880392	0.00012577	0.997862	NA	1.57025e-05	NA	NA	4.71076e-05	0.999937
29	1	NA	NA	NA	NA	0.00113636	0.998864	NA	NA	NA	0.00040404	NA	0.999596	NA	NA	NA	NA	NA	1	NA	NA	NA	NA	NA	1
30	0.997834	0.000522545	0.000964053	0.000631525	4.75041e-05	0.000330791	0.99812	0.000239389	0.00129705	1.30576e-05	0.00136369	0.000293598	0.997404	0.000919427	1.93157e-05	0.0006177	0.00106455	0.000722841	0.997547	4.81894e-05	2.23758e-05	5.59395e-06	6.52628e-06	2.14435e-05	0.999944
31	0.998626	0.000304734	0.000764254	0.000263619	4.11149e-05	0.00019032	0.998371	0.0003294	0.00110898	NA	0.000827521	0.000187757	0.998401	0.000573702	1.04309e-05	0.000301146	0.000686726	0.000689541	0.9983	2.25156e-05	1.60584e-05	6.11748e-06	5.35279e-06	1.91171e-05	0.999953
32	0.999622	0.000109835	0.000146447	0.000122039	NA	0.000129469	0.999514	1.61836e-05	0.000339855	NA	0.000266383	6.65956e-05	0.999384	0.000283031	NA	7.66334e-05	0.000251795	0.000240848	0.999398	3.28429e-05	6.89484e-06	3.44742e-06	6.89484e-06	6.89484e-06	0.999976
33	0.999569	0.000193405	0.000140658	7.03291e-05	2.63734e-05	7.42574e-05	0.999629	NA	0.00029703	NA	0.000250282	3.75422e-05	0.999324	0.000387936	NA	7.17646e-05	0.000313154	0.000463208	0.9991	5.21924e-05	4.93418e-06	2.46709e-06	4.93418e-06	1.48025e-05	0.999973
34	0.998493	0.000331551	0.000911169	0.000194399	7.03652e-05	0.000124521	0.998445	0.000316963	0.0011056	7.54673e-06	0.000723386	0.000167314	0.998752	0.000341189	1.64033e-05	0.000207179	0.000660874	0.000499589	0.998569	6.29403e-05	2.48432e-05	7.30683e-06	7.30683e-06	2.84966e-05	0.999932
35	0.999278	0.000164606	0.000444724	6.49759e-05	4.7649e-05	3.41111e-05	0.999458	8.90678e-05	0.000413123	5.68518e-06	0.000371146	6.18577e-05	0.999294	0.000268761	4.26605e-06	5.82849e-05	0.0002901	0.000529863	0.999081	4.10644e-05	1.12772e-05	4.69883e-06	6.57837e-06	1.69158e-05	0.999961
36	0.998914	0.000238188	0.000670285	0.000123675	5.4203e-05	6.6133e-05	0.998667	0.0002489	0.000994399	2.40483e-05	0.00045931	8.74876e-05	0.999301	0.000142167	9.84236e-06	0.000134069	0.000581859	0.000320872	0.998899	6.43531e-05	2.39604e-05	9.34457e-06	5.27129e-06	1.84495e-05	0.999943
37	0.998748	0.000214987	0.000891507	9.2701e-05	5.32538e-05	3.74365e-05	0.998875	0.000333526	0.000741924	1.19116e-05	0.000369184	8.46753e-05	0.999423	0.000110078	1.3548e-05	8.80362e-05	0.000486072	0.000292205	0.99906	7.39879e-05	2.20931e-05	1.28877e-05	7.05753e-06	2.33205e-05	0.999935
38	0.99879	0.000222551	0.000866566	6.39979e-05	5.70792e-05	2.74812e-05	0.998748	0.00027298	0.000935276	1.64887e-05	0.000333745	5.92128e-05	0.999511	8.25391e-05	1.34575e-05	8.19501e-05	0.000531201	0.000278276	0.999037	7.13378e-05	2.39556e-05	1.02921e-05	8.34011e-06	1.72126e-05	0.99994
39	0.99876	0.00023453	0.000899769	5.05553e-05	5.50879e-05	2.9263e-05	0.998606	0.000359327	0.000994942	1.08311e-05	0.000299957	4.80442e-05	0.999595	4.40253e-05	1.33355e-05	6.32723e-05	0.000453196	0.000259329	0.999166	5.86747e-05	2.45882e-05	9.51913e-06	6.14704e-06	1.99515e-05	0.99994
40	0.998977	0.000275477	0.000640027	4.35456e-05	6.39697e-05	2.41704e-05	0.998557	0.00026695	0.00113675	1.48168e-05	0.000274956	4.03368e-05	0.99964	2.84948e-05	1.65603e-05	5.95649e-05	0.000397027	0.00032481	0.999173	4.60447e-05	2.97362e-05	1.30685e-05	8.71232e-06	2.43709e-05	0.999924
