quality	AA	AC	AG	AT	A.	CA	CC	CG	CT	C.	GA	GC	GG	GT	G.	TA	TC	TG	TT	T.	.A	.C	.G	.T	..
0	NA	NA	NA	NA	NA	NA	NA	NA	NA	NA	NA	NA	NA	NA	NA	NA	NA	NA	NA	NA	NA	NA	NA	NA	NA
1	NA	NA	NA	NA	NA	NA	NA	NA	NA	NA	NA	NA	NA	NA	NA	NA	NA	NA	NA	NA	NA	NA	NA	NA	NA
2	NA	NA	NA	NA	NA	NA	NA	NA	NA	NA	NA	NA	NA	NA	NA	NA	NA	NA	NA	NA	NA	NA	NA	NA	NA
3	NA	NA	NA	NA	NA	NA	NA	NA	NA	NA	NA	NA	NA	NA	NA	NA	NA	NA	NA	NA	NA	NA	NA	NA	NA
4	NA	NA	NA	NA	NA	NA	NA	NA	NA	NA	NA	NA	NA	NA	NA	NA	NA	NA	NA	NA	NA	NA	NA	NA	NA
5	NA	NA	NA	NA	NA	NA	NA	NA	NA	NA	NA	NA	NA	NA	NA	NA	NA	NA	NA	NA	NA	NA	NA	NA	NA
6	NA	NA	NA	NA	NA	NA	NA	NA	NA	NA	NA	NA	NA	NA	NA	NA	NA	NA	NA	NA	NA	NA	NA	NA	NA
7	NA	NA	NA	NA	NA	NA	NA	NA	NA	NA	NA	NA	NA	NA	NA	NA	NA	NA	NA	NA	NA	NA	NA	NA	NA
8	NA	NA	NA	NA	NA	NA	NA	NA	NA	NA	NA	NA	NA	NA	NA	NA	NA	NA	NA	NA	NA	NA	NA	NA	NA
9	NA	NA	NA	NA	NA	NA	NA	NA	NA	NA	NA	NA	NA	NA	NA	NA	NA	NA	NA	NA	NA	NA	NA	NA	NA
10	0.974359	0.025641	NA	NA	NA	NA	0.956522	NA	0.0434783	NA	NA	NA	0.922078	0.0779221	NA	NA	NA	NA	1	NA	NA	NA	NA	NA	1
11	0.974225	0.014305	0.00405954	0.00695921	0.00045106	0.0712391	0.907733	0.00471652	0.0163113	NA	0.0233795	0.00564655	0.916982	0.0538523	0.000139997	0.0172896	0.00940758	0.0185609	0.954488	0.000254259	3.92034e-05	1.96017e-05	3.92034e-05	0.000156814	0.999745
12	0.973606	0.0132513	0.00546389	0.00764218	3.63049e-05	0.0514618	0.9314	0.00430877	0.0126829	0.00014606	0.0119197	0.00407949	0.949341	0.0345163	0.000143419	0.0102331	0.00494352	0.0233829	0.961268	0.000173023	2.00717e-05	2.00717e-05	2.00717e-05	3.01075e-05	0.99991
13	0.967913	0.0179054	0.00528506	0.0088161	8.05123e-05	0.0360821	0.950288	0.00417225	0.00931307	0.000144626	0.00795984	0.00378817	0.967219	0.0208925	0.000140618	0.0115441	0.00743668	0.0214236	0.95943	0.000165786	3.70767e-05	2.44164e-05	1.80862e-05	3.88853e-05	0.999882
14	0.965111	0.0191909	0.00623979	0.00932678	0.000131595	0.0333363	0.951169	0.00404746	0.011292	0.000155357	0.0146275	0.00569021	0.947551	0.0319301	0.000201013	0.0137524	0.00953703	0.0190813	0.957456	0.000173532	5.06908e-05	4.71949e-05	2.27235e-05	4.1951e-05	0.999837
15	0.966788	0.0164851	0.00604608	0.0106526	2.78621e-05	0.0273902	0.953465	0.00456895	0.0143998	0.00017618	0.0148693	0.00699903	0.950899	0.0270955	0.000137044	0.0148745	0.0100345	0.0219512	0.952932	0.000207778	6.44225e-05	1.96069e-05	3.08108e-05	4.76166e-05	0.999838
16	0.96428	0.0152033	0.00762982	0.012756	0.000131333	0.0256674	0.956778	0.00475345	0.0126952	0.000106276	0.0133012	0.00633083	0.952874	0.0274002	9.36705e-05	0.0184622	0.012319	0.0281395	0.940903	0.00017595	5.00991e-05	2.87235e-05	3.00595e-05	5.27711e-05	0.999838
17	NA	NA	NA	NA	NA	NA	NA	NA	NA	NA	NA	NA	NA	NA	NA	NA	NA	NA	NA	NA	NA	NA	NA	NA	NA
18	1	NA	NA	NA	NA	NA	1	NA	NA	NA	NA	NA	1	NA	NA	NA	NA	NA	1	NA	NA	NA	NA	NA	1
19	1	NA	NA	NA	NA	NA	1	NA	NA	NA	NA	NA	1	NA	NA	NA	NA	NA	1	NA	NA	NA	NA	NA	1
20	0.997659	0.00127687	0.000425622	0.000425622	0.000212811	0.00547383	0.992816	NA	0.00171057	NA	0.00195931	0.000150716	0.993971	0.00391861	NA	0.000613309	0.000919963	0.00275989	0.995094	0.000613309	5.72082e-05	NA	NA	5.72082e-05	0.999886
21	0.996865	0.00206608	0.000569953	0.000480898	1.7811e-05	0.00450724	0.993975	0.000373657	0.00109762	4.67071e-05	0.000780999	0.000252676	0.996853	0.00211329	NA	0.000665623	0.000417646	0.00211433	0.996737	6.52571e-05	1.82743e-05	2.28428e-05	2.28428e-05	1.82743e-05	0.999918
22	0.99639	0.00219251	0.000614973	0.000668449	0.00013369	0.0036711	0.994869	0.000486532	0.000884603	8.84603e-05	0.00123951	0.000424974	0.995821	0.00251443	NA	0.000473335	0.000815189	0.00228779	0.996371	5.25928e-05	3.16932e-05	7.9233e-06	7.9233e-06	NA	0.999952
23	0.997717	0.00123368	0.000467946	0.000538847	4.25405e-05	0.00285184	0.995712	0.000259259	0.00117663	NA	0.000522699	0.000387184	0.997193	0.00185848	3.87184e-05	0.000354685	0.000393029	0.0011695	0.998035	4.79304e-05	2.53187e-05	1.44679e-05	1.44679e-05	2.53187e-05	0.99992
24	0.998157	0.00115721	0.000557175	0.000128579	NA	0.00302196	0.995769	0.000402928	0.000805856	NA	0.000771334	0.000210364	0.997125	0.00189328	NA	0.000432112	0.000462977	0.000895089	0.998148	6.17303e-05	NA	1.17848e-05	NA	2.35696e-05	0.999965
25	0.997653	0.00138041	0.000586672	0.000276081	0.00010353	0.0023322	0.996416	0.000284414	0.000910125	5.68828e-05	0.000839322	0.000419661	0.996538	0.00215076	5.24576e-05	0.000237762	0.000686868	0.000818958	0.998098	0.000158508	2.9006e-05	NA	NA	NA	0.999971
26	0.997455	0.00137858	0.000530223	0.000530223	0.000106045	0.00161708	0.997089	0.000161708	0.000970246	0.000161708	0.0008726	0.00034904	0.997731	0.00104712	NA	0.000292227	0.000803624	0.000803624	0.998027	7.30567e-05	5.71216e-05	NA	NA	NA	0.999943
27	0.996046	0.00159107	0.00147169	0.000813255	7.83411e-05	0.0028161	0.994886	0.00062647	0.00165352	1.80713e-05	0.00151213	0.000646913	0.994558	0.00325054	3.19463e-05	0.000883126	0.000768675	0.00441718	0.993838	9.27978e-05	3.54096e-05	2.09238e-05	1.77048e-05	2.9508e-05	0.999896
28	0.998881	0.000313241	0.00035799	0.00035799	8.94975e-05	0.000564122	0.991613	0.000150432	0.00767206	NA	0.00165657	0.000615297	0.996379	0.00132526	2.36653e-05	0.000689536	0.0011205	0.00086192	0.997328	NA	NA	NA	NA	2.92008e-05	0.999971
29	0.99803	0.000591133	NA	NA	0.00137931	0.00221729	0.997044	0.000369549	0.000369549	NA	0.000450857	NA	0.998798	0.000751428	NA	NA	NA	0.000724113	0.999276	NA	NA	NA	NA	6.34639e-05	0.999937
30	0.998196	0.000543482	0.000886373	0.000308602	6.51493e-05	0.00041669	0.998186	0.000335448	0.00104303	1.83448e-05	0.000814483	0.000214864	0.998139	0.000816981	1.49905e-05	0.000430536	0.000850941	0.000736976	0.997946	3.54559e-05	1.70924e-05	6.26723e-06	3.98824e-06	8.54622e-06	0.999964
31	0.998593	0.0004561	0.000726559	0.000174438	4.96109e-05	0.00046722	0.998057	0.000266983	0.00119154	1.73045e-05	0.000591526	0.000106902	0.9988	0.000498878	2.37561e-06	0.000235049	0.000487905	0.000740761	0.998481	5.52009e-05	1.97757e-05	8.11309e-06	5.57775e-06	1.36908e-05	0.999953
32	0.99957	0.00020296	0.000170486	3.24736e-05	2.43552e-05	0.000283187	0.999366	4.53099e-05	0.000283187	2.26549e-05	0.000302301	2.32539e-05	0.999454	0.000209285	1.1627e-05	6.30884e-05	0.000266373	0.000182255	0.999467	2.10295e-05	2.36755e-06	2.36755e-06	4.7351e-06	4.7351e-06	0.999986
33	0.999586	0.000232832	0.000129351	3.88053e-05	1.29351e-05	0.000365316	0.999335	3.74683e-05	0.000234177	2.81012e-05	0.000193655	9.22169e-05	0.999382	0.000313537	1.84434e-05	1.52126e-05	0.000273827	0.000228189	0.999462	2.02835e-05	1.13487e-05	3.7829e-06	5.67435e-06	9.45725e-06	0.99997
34	0.998479	0.00039638	0.000923342	0.000137536	6.41317e-05	0.000238368	0.998255	0.000278297	0.00121725	1.08899e-05	0.000553313	9.49473e-05	0.999005	0.000338318	8.73078e-06	0.000161623	0.0005567	0.000642215	0.998577	6.24257e-05	1.69186e-05	6.19556e-06	6.91043e-06	1.95398e-05	0.99995
35	0.99889	0.000292343	0.000723346	4.85312e-05	4.62202e-05	0.000243265	0.999125	7.70591e-05	0.000553012	1.51096e-06	0.000311659	4.78289e-05	0.999486	0.000148115	6.17147e-06	5.23342e-05	0.000222153	0.000635486	0.999038	5.23342e-05	1.31285e-05	3.19341e-06	3.90306e-06	7.4513e-06	0.999972
36	0.998864	0.000289291	0.000700678	0.000102297	4.34486e-05	7.59337e-05	0.998605	0.000238039	0.00106734	1.3651e-05	0.000407903	6.63652e-05	0.999362	0.000148108	1.53773e-05	0.000115586	0.000544904	0.000332785	0.998952	5.46174e-05	1.98305e-05	5.34562e-06	6.03537e-06	1.70715e-05	0.999952
37	0.998547	0.000283443	0.00105615	6.83681e-05	4.48666e-05	9.36102e-05	0.998801	0.000263811	0.000835197	6.07858e-06	0.00026996	3.73217e-05	0.999575	0.000108233	9.95245e-06	8.73733e-05	0.000469632	0.000349493	0.999044	4.91475e-05	1.64644e-05	5.56229e-06	8.67718e-06	1.86893e-05	0.999951
38	0.998577	0.000276659	0.00102221	7.52438e-05	4.9092e-05	7.0833e-05	0.998575	0.00024398	0.00110113	8.58582e-06	0.000336396	4.91934e-05	0.99952	7.81307e-05	1.59155e-05	6.7902e-05	0.000470695	0.000333967	0.999066	6.09732e-05	1.47414e-05	7.1601e-06	5.05419e-06	1.68473e-05	0.999956
39	0.998874	0.000290625	0.000719044	5.58541e-05	6.0662e-05	4.28191e-05	0.998613	0.00027857	0.00105161	1.36168e-05	0.000301127	3.98574e-05	0.999599	4.76662e-05	1.26893e-05	5.72092e-05	0.000441562	0.000246781	0.999208	4.679e-05	1.86868e-05	7.13496e-06	5.74503e-06	1.75749e-05	0.999951
40	0.998967	0.000281367	0.000640064	5.31186e-05	5.82543e-05	3.04823e-05	0.998446	0.000310986	0.00119563	1.67268e-05	0.000290091	3.10633e-05	0.999637	2.3548e-05	1.8162e-05	5.89806e-05	0.000398368	0.000273016	0.999223	4.6545e-05	2.3838e-05	8.75772e-06	7.68534e-06	1.90346e-05	0.999941
