quality	AA	AC	AG	AT	A.	CA	CC	CG	CT	C.	GA	GC	GG	GT	G.	TA	TC	TG	TT	T.	.A	.C	.G	.T	..
0	NA	NA	NA	NA	NA	NA	NA	NA	NA	NA	NA	NA	NA	NA	NA	NA	NA	NA	NA	NA	NA	NA	NA	NA	NA
1	NA	NA	NA	NA	NA	NA	NA	NA	NA	NA	NA	NA	NA	NA	NA	NA	NA	NA	NA	NA	NA	NA	NA	NA	NA
2	NA	NA	NA	NA	NA	NA	NA	NA	NA	NA	NA	NA	NA	NA	NA	NA	NA	NA	NA	NA	NA	NA	NA	NA	NA
3	NA	NA	NA	NA	NA	NA	NA	NA	NA	NA	NA	NA	NA	NA	NA	NA	NA	NA	NA	NA	NA	NA	NA	NA	NA
4	NA	NA	NA	NA	NA	NA	NA	NA	NA	NA	NA	NA	NA	NA	NA	NA	NA	NA	NA	NA	NA	NA	NA	NA	NA
5	NA	NA	NA	NA	NA	NA	NA	NA	NA	NA	NA	NA	NA	NA	NA	NA	NA	NA	NA	NA	NA	NA	NA	NA	NA
6	NA	NA	NA	NA	NA	NA	NA	NA	NA	NA	NA	NA	NA	NA	NA	NA	NA	NA	NA	NA	NA	NA	NA	NA	NA
7	NA	NA	NA	NA	NA	NA	NA	NA	NA	NA	NA	NA	NA	NA	NA	NA	NA	NA	NA	NA	NA	NA	NA	NA	NA
8	NA	NA	NA	NA	NA	NA	NA	NA	NA	NA	NA	NA	NA	NA	NA	NA	NA	NA	NA	NA	NA	NA	NA	NA	NA
9	NA	NA	NA	NA	NA	NA	NA	NA	NA	NA	NA	NA	NA	NA	NA	NA	NA	NA	NA	NA	NA	NA	NA	NA	NA
10	0.981982	0.00900901	NA	0.00900901	NA	0.0701754	0.912281	0.0175439	NA	NA	0.0361446	NA	0.939759	0.0240964	NA	0.0263158	NA	0.0263158	0.947368	NA	NA	NA	NA	NA	1
11	0.971632	0.0147795	0.00375595	0.00977159	6.10724e-05	0.0671596	0.909368	0.00532528	0.0179432	0.000203514	0.0211884	0.00563142	0.922742	0.0502684	0.000169507	0.0196516	0.00635786	0.020147	0.953596	0.000247709	6.28412e-05	NA	1.57103e-05	3.92758e-05	0.999882
12	0.970572	0.0152733	0.00640656	0.00769075	5.77167e-05	0.0531924	0.924808	0.00578398	0.0160835	0.000131915	0.0121486	0.00443498	0.945794	0.0375341	8.84276e-05	0.0106214	0.00616956	0.0239947	0.959124	8.99353e-05	3.63747e-05	1.61665e-05	2.82914e-05	3.43538e-05	0.999885
13	0.965739	0.0177924	0.0072839	0.00906972	0.000115256	0.039618	0.944023	0.00525838	0.0109687	0.000132325	0.00849121	0.00338798	0.965774	0.0222268	0.000119894	0.0122216	0.006975	0.0226159	0.958042	0.000145406	3.24809e-05	2.19246e-05	2.35487e-05	3.36989e-05	0.999888
14	0.96571	0.0186382	0.00546102	0.0100429	0.000148112	0.037497	0.944379	0.00521642	0.0127876	0.000119675	0.013423	0.00667602	0.946985	0.0327544	0.000161257	0.0146337	0.0120733	0.020995	0.952094	0.00020422	5.52161e-05	2.98466e-05	3.73082e-05	5.14853e-05	0.999826
15	0.963266	0.0174116	0.00796018	0.0112646	9.7437e-05	0.0313152	0.946699	0.00714399	0.0147153	0.000126006	0.013684	0.00696508	0.951275	0.0279294	0.000146815	0.0155101	0.01129	0.02118	0.951831	0.00018933	4.6792e-05	2.70901e-05	3.94038e-05	3.57097e-05	0.999851
16	0.964367	0.015343	0.00785798	0.0123283	0.000103638	0.0268773	0.953339	0.00552498	0.0141503	0.000108477	0.0118751	0.00554531	0.95659	0.0259057	8.39983e-05	0.0196308	0.0124146	0.0273366	0.940469	0.00014871	5.16971e-05	2.77687e-05	2.71779e-05	4.60843e-05	0.999847
17	NA	NA	NA	NA	NA	NA	NA	NA	NA	NA	NA	NA	NA	NA	NA	NA	NA	NA	NA	NA	NA	NA	NA	NA	NA
18	1	NA	NA	NA	NA	NA	1	NA	NA	NA	NA	NA	1	NA	NA	NA	NA	NA	1	NA	NA	NA	NA	NA	1
19	1	NA	NA	NA	NA	0.037037	0.962963	NA	NA	NA	NA	NA	0.99187	0.00813008	NA	NA	NA	0.00952381	0.990476	NA	NA	0.00217865	NA	NA	0.997821
20	0.996711	0.00241803	0.000290163	0.000580327	NA	0.00830629	0.989747	0.000519143	0.00142764	NA	0.00111719	0.000235197	0.993944	0.00470395	NA	0.00137284	0.00034321	0.0221943	0.975975	0.000114403	2.29795e-05	NA	NA	2.29795e-05	0.999954
21	0.994475	0.00259457	0.00234633	0.000576572	8.00794e-06	0.00499638	0.99342	0.000501868	0.00107065	1.11526e-05	0.000831152	0.000155841	0.996301	0.00270124	1.03894e-05	0.000628697	0.000431107	0.00285009	0.996048	4.19132e-05	1.25828e-05	8.38856e-06	1.04857e-05	1.468e-05	0.999954
22	0.99507	0.00208805	0.00203004	0.000661215	0.000150803	0.00493234	0.993142	0.000733434	0.00111849	7.33434e-05	0.000846524	0.000303471	0.99548	0.00329026	7.98607e-05	0.000913324	0.000653985	0.00278508	0.995524	0.000124032	1.02785e-05	3.42617e-06	1.37047e-05	1.02785e-05	0.999962
23	0.995629	0.00199297	0.00181568	0.000513526	4.89072e-05	0.00317273	0.99496	0.000643611	0.0012147	9.06495e-06	0.000641876	0.000265309	0.996885	0.00217382	3.42334e-05	0.000433651	0.000476587	0.00289816	0.996162	3.0055e-05	2.73264e-05	1.28595e-05	1.1252e-05	2.41115e-05	0.999924
24	0.995476	0.000922826	0.00314847	0.000398082	5.42839e-05	0.0037795	0.994131	0.000952557	0.00110619	3.07276e-05	0.000638747	0.000249944	0.996806	0.00227727	2.77716e-05	0.000418715	0.000270139	0.00131017	0.997974	2.70139e-05	1.51717e-05	NA	1.51717e-05	1.51717e-05	0.999954
25	0.996006	0.00264836	0.000980873	0.000308274	5.60499e-05	0.00279421	0.995483	0.000582126	0.0010944	4.65701e-05	0.000603905	0.000402604	0.996824	0.00214722	2.23669e-05	0.000452519	0.000960223	0.001192	0.997307	8.82963e-05	4.00803e-05	NA	3.20643e-05	3.20643e-05	0.999896
26	0.99166	0.00282134	0.00493735	0.000580865	NA	0.00256109	0.994463	0.00200734	0.000899841	6.92185e-05	0.00109762	0.000137202	0.997462	0.00123482	6.86012e-05	0.000353409	0.000647916	0.00117803	0.997732	8.83522e-05	5.74574e-05	3.44744e-05	4.59659e-05	5.74574e-05	0.999805
27	0.995942	0.00150197	0.00179824	0.000688725	6.87008e-05	0.00266076	0.995307	0.00058454	0.00142688	2.06795e-05	0.00145861	0.000900449	0.99457	0.00304244	2.86235e-05	0.00103647	0.00182124	0.00381923	0.993215	0.000108171	2.78706e-05	1.41798e-05	1.34464e-05	3.0071e-05	0.999914
28	0.99589	0.00244709	0.00127024	0.000298881	9.34003e-05	0.000538873	0.998532	7.43273e-05	0.000854764	NA	0.00132813	0.000252978	0.996933	0.00148624	NA	0.000288278	0.00345933	0.000864834	0.995388	NA	8.70114e-06	NA	NA	1.30517e-05	0.999978
29	0.999485	0.00010304	0.000206079	0.00010304	0.00010304	0.00105644	0.998491	0.000150921	0.000301841	NA	0.000440068	NA	0.99934	0.000220034	NA	NA	NA	0.000604595	0.999395	NA	NA	NA	NA	NA	1
30	0.997417	0.000743694	0.001485	0.000300981	5.33485e-05	0.000458416	0.998156	0.000370212	0.00101249	2.48464e-06	0.000786518	0.00043512	0.997908	0.000859627	1.06127e-05	0.000366624	0.00144714	0.000995121	0.997151	3.98504e-05	1.53564e-05	7.14868e-06	4.76579e-06	1.19145e-05	0.999961
31	0.997553	0.000698672	0.00153388	0.000175431	3.88999e-05	0.000489633	0.998337	0.000364268	0.000803046	5.91344e-06	0.00061319	0.000370144	0.998438	0.000559675	1.89531e-05	0.000197033	0.00119462	0.0011019	0.997445	6.12625e-05	1.31364e-05	6.44879e-06	4.29919e-06	1.26587e-05	0.999963
32	0.996862	0.000400035	0.00263944	7.45162e-05	2.35314e-05	0.000328228	0.998876	0.000556319	0.000239217	NA	0.000245653	4.27223e-05	0.999471	0.000234972	5.34028e-06	4.22464e-05	0.000161944	0.0009259	0.998852	1.76027e-05	9.14097e-06	4.57048e-06	1.14262e-06	2.28524e-06	0.999983
33	0.997012	0.000428146	0.00250638	4.37522e-05	9.37547e-06	0.000560094	0.998743	0.000482683	0.000204912	9.10722e-06	0.000153499	2.48917e-05	0.999618	0.000194985	8.29724e-06	6.23028e-05	0.000149527	0.00144543	0.998335	7.47634e-06	8.99315e-06	NA	4.49657e-06	2.69794e-06	0.999984
34	0.997962	0.000551286	0.00131869	0.000126375	4.17586e-05	0.000232685	0.998724	0.000302316	0.000736932	4.06183e-06	0.000683687	0.000429316	0.99848	0.000393497	1.34972e-05	0.000136826	0.00136746	0.000701734	0.997721	7.3214e-05	1.64765e-05	5.52979e-06	5.86834e-06	1.62508e-05	0.999956
35	0.998937	0.00031246	0.000664634	5.08112e-05	3.50422e-05	0.000237696	0.999383	0.000107473	0.000271428	7.84474e-07	0.000314356	0.000164079	0.999324	0.000191681	6.13378e-06	5.03745e-05	0.000818724	0.000580137	0.998482	6.86422e-05	9.35933e-06	4.67966e-06	3.95971e-06	1.3499e-05	0.999969
36	0.99792	0.000417614	0.00152883	8.49201e-05	4.89097e-05	9.14912e-05	0.998859	0.000384516	0.000660254	5.05942e-06	0.000534398	0.000485636	0.998785	0.000180776	1.42718e-05	7.66823e-05	0.00143243	0.000502116	0.99792	6.87074e-05	1.6513e-05	5.13925e-06	4.80225e-06	1.56705e-05	0.999958
37	0.998037	0.000457143	0.00139171	7.17018e-05	4.23215e-05	9.93171e-05	0.999032	0.000230536	0.000631416	6.62114e-06	0.000437563	0.00022963	0.999206	0.000112706	1.44649e-05	6.14044e-05	0.00102993	0.000543346	0.998307	5.80853e-05	1.76328e-05	5.8776e-06	4.78916e-06	1.52382e-05	0.999956
38	0.998133	0.000420225	0.00133693	6.51314e-05	4.42708e-05	6.27308e-05	0.999052	0.000281738	0.000598327	4.76901e-06	0.000481533	0.000337585	0.999076	8.95111e-05	1.49794e-05	4.97964e-05	0.00119303	0.000460212	0.998234	6.29983e-05	1.62551e-05	5.74961e-06	4.61388e-06	1.41256e-05	0.999959
39	0.99823	0.000350297	0.00131941	5.22943e-05	4.78288e-05	4.00628e-05	0.999055	0.000293651	0.000605746	5.74777e-06	0.000490118	0.000370108	0.999072	5.14205e-05	1.59728e-05	4.62068e-05	0.00113982	0.000354506	0.998397	6.23184e-05	1.62834e-05	6.40632e-06	4.55741e-06	1.6105e-05	0.999957
40	0.998731	0.00025047	0.000918436	4.93835e-05	5.10267e-05	2.53386e-05	0.999026	0.000174424	0.000764939	8.97001e-06	0.000561292	0.000253358	0.999133	2.96523e-05	2.24457e-05	3.74423e-05	0.000926357	0.000264904	0.998721	5.02918e-05	1.95111e-05	7.01327e-06	4.23746e-06	1.83579e-05	0.999951
