quality	AA	AC	AG	AT	A.	CA	CC	CG	CT	C.	GA	GC	GG	GT	G.	TA	TC	TG	TT	T.	.A	.C	.G	.T	..
0	NA	NA	NA	NA	NA	NA	NA	NA	NA	NA	NA	NA	NA	NA	NA	NA	NA	NA	NA	NA	NA	NA	NA	NA	NA
1	NA	NA	NA	NA	NA	NA	NA	NA	NA	NA	NA	NA	NA	NA	NA	NA	NA	NA	NA	NA	NA	NA	NA	NA	NA
2	NA	NA	NA	NA	NA	NA	NA	NA	NA	NA	NA	NA	NA	NA	NA	NA	NA	NA	NA	NA	NA	NA	NA	NA	NA
3	NA	NA	NA	NA	NA	NA	NA	NA	NA	NA	NA	NA	NA	NA	NA	NA	NA	NA	NA	NA	NA	NA	NA	NA	NA
4	NA	NA	NA	NA	NA	NA	NA	NA	NA	NA	NA	NA	NA	NA	NA	NA	NA	NA	NA	NA	NA	NA	NA	NA	NA
5	NA	NA	NA	NA	NA	NA	NA	NA	NA	NA	NA	NA	NA	NA	NA	NA	NA	NA	NA	NA	NA	NA	NA	NA	NA
6	NA	NA	NA	NA	NA	NA	NA	NA	NA	NA	NA	NA	NA	NA	NA	NA	NA	NA	NA	NA	NA	NA	NA	NA	NA
7	NA	NA	NA	NA	NA	NA	NA	NA	NA	NA	NA	NA	NA	NA	NA	NA	NA	NA	NA	NA	NA	NA	NA	NA	NA
8	NA	NA	NA	NA	NA	NA	NA	NA	NA	NA	NA	NA	NA	NA	NA	NA	NA	NA	NA	NA	NA	NA	NA	NA	NA
9	NA	NA	NA	NA	NA	NA	NA	NA	NA	NA	NA	NA	NA	NA	NA	NA	NA	NA	NA	NA	NA	NA	NA	NA	NA
10	0.981818	NA	NA	0.0181818	NA	0.107143	0.892857	NA	NA	NA	0.0144928	NA	0.971014	0.0144928	NA	NA	NA	NA	1	NA	NA	NA	NA	NA	1
11	0.973915	0.0149823	0.00334426	0.00749114	0.000267541	0.0729997	0.902699	0.00749208	0.016521	0.000288157	0.0239917	0.00598668	0.923704	0.0462279	9.00252e-05	0.0199468	0.00930851	0.0234043	0.947074	0.000265957	3.89978e-05	NA	NA	5.84966e-05	0.999903
12	0.972087	0.014177	0.00564962	0.00796243	0.000123585	0.0497452	0.932771	0.00581971	0.0116153	4.82963e-05	0.0106735	0.00466964	0.95019	0.0343182	0.000148243	0.0104771	0.00956714	0.0249877	0.954771	0.000196754	4.36743e-05	NA	2.91162e-05	4.36743e-05	0.999884
13	0.966317	0.0178547	0.00648821	0.0092123	0.000128226	0.0373855	0.948012	0.00461926	0.00987476	0.000108945	0.00761954	0.00352832	0.968004	0.0207498	9.78957e-05	0.0118067	0.00756317	0.0225001	0.95802	0.000109659	4.08464e-05	2.75269e-05	2.30871e-05	2.5751e-05	0.999883
14	0.962189	0.0195623	0.00824733	0.00990685	9.49896e-05	0.0332649	0.95196	0.00403625	0.0105942	0.000145015	0.0133364	0.00578216	0.94932	0.0314696	9.1659e-05	0.0153024	0.0123622	0.0206927	0.95142	0.000222742	5.80473e-05	2.81441e-05	1.93491e-05	3.51802e-05	0.999859
15	0.96349	0.0176791	0.00694878	0.0118052	7.67821e-05	0.0275748	0.95503	0.00519909	0.0120467	0.000149863	0.0128174	0.00593046	0.955215	0.0258932	0.000143479	0.0138872	0.00977516	0.0223157	0.953842	0.000180353	5.81655e-05	2.49281e-05	2.76978e-05	4.70863e-05	0.999842
16	0.963806	0.0155598	0.00796394	0.0125477	0.000122685	0.0255518	0.956957	0.00439074	0.0130189	8.15517e-05	0.011686	0.00549058	0.9565	0.0262363	8.68966e-05	0.0194602	0.0120883	0.029984	0.93829	0.00017721	5.1871e-05	2.08831e-05	3.50298e-05	5.38919e-05	0.999838
17	NA	NA	NA	NA	NA	NA	NA	NA	NA	NA	NA	NA	NA	NA	NA	NA	NA	NA	NA	NA	NA	NA	NA	NA	NA
18	1	NA	NA	NA	NA	NA	1	NA	NA	NA	NA	NA	1	NA	NA	NA	NA	NA	1	NA	NA	NA	NA	NA	1
19	1	NA	NA	NA	NA	NA	1	NA	NA	NA	NA	NA	1	NA	NA	NA	NA	NA	1	NA	NA	NA	NA	NA	1
20	0.99666	0.00255403	0.000589391	0.000196464	NA	0.00752864	0.99018	0.000654664	0.00130933	0.000327332	0.00170626	NA	0.99475	0.00354377	NA	0.00117336	0.000880023	0.00264007	0.995307	NA	NA	0.000104417	NA	5.22084e-05	0.999843
21	0.996943	0.00191045	0.000418479	0.000636815	9.09736e-05	0.00381899	0.994525	0.000414107	0.00121932	2.3006e-05	0.000872522	0.000290841	0.99642	0.0023491	6.71171e-05	0.000662441	0.00172754	0.00238998	0.995181	3.89671e-05	3.1814e-05	2.27243e-05	1.36346e-05	2.72691e-05	0.999905
22	0.996248	0.00163482	0.00163482	0.000428805	5.36006e-05	0.00471496	0.993356	0.000385769	0.00145735	8.57265e-05	0.000865291	0.000311505	0.99602	0.00280354	NA	0.000909871	0.00163777	0.00293758	0.994385	0.000129982	2.34421e-05	1.56281e-05	7.81403e-06	1.56281e-05	0.999937
23	0.997579	0.00142981	0.000608729	0.000325599	5.66259e-05	0.00288556	0.995922	0.000250082	0.000923379	1.92371e-05	0.000688449	0.000279101	0.997135	0.00187928	1.86067e-05	0.000405882	0.00133756	0.00130067	0.996873	8.30212e-05	2.81035e-05	3.51294e-06	2.10776e-05	1.75647e-05	0.99993
24	0.997565	0.00130469	0.000521875	0.000478386	0.000130469	0.00345614	0.994678	0.000414737	0.00131333	0.000138246	0.000725929	0.000329968	0.996832	0.0020458	6.59935e-05	0.000375893	0.000532515	0.00125298	0.997807	3.13244e-05	8.28236e-05	NA	2.36639e-05	NA	0.999894
25	0.997921	0.00076238	0.000900995	0.000346536	6.93073e-05	0.00311897	0.995236	0.000226835	0.00136101	5.67086e-05	0.000983386	0.000465814	0.996532	0.00191501	0.000103514	0.000371038	0.000848087	0.000874589	0.997827	7.95081e-05	4.83017e-05	NA	1.93207e-05	3.86414e-05	0.999894
26	0.997098	0.00110066	0.00120072	0.00040024	0.00020012	0.00224517	0.997156	0.000299356	0.000299356	NA	0.000320307	NA	0.997758	0.00192184	NA	0.00013693	0.00130084	0.00082158	0.997604	0.00013693	2.66581e-05	2.66581e-05	NA	NA	0.999947
27	0.995962	0.00127985	0.00189594	0.000799193	6.29436e-05	0.00255064	0.995796	0.000361365	0.0012708	2.10796e-05	0.00149372	0.000615372	0.994896	0.00296904	2.62979e-05	0.000887024	0.0011608	0.00433813	0.993519	9.54294e-05	2.70206e-05	1.45911e-05	1.62123e-05	1.56719e-05	0.999927
28	0.999027	0.000253743	0.000380614	0.000338324	NA	0.000388666	0.998679	0.0001166	0.0008162	NA	0.00165323	0.000317058	0.996558	0.00147205	NA	0.000360458	0.000450572	0.000720916	0.998288	0.000180229	1.91201e-05	9.56005e-06	NA	NA	0.999971
29	0.998172	0.00101564	NA	NA	0.000812513	0.00104712	0.998953	NA	NA	NA	0.000695604	0.000139121	0.999165	NA	NA	NA	0.000652316	0.000652316	0.998695	NA	NA	NA	NA	NA	1
30	0.997864	0.000413785	0.00136584	0.000320859	3.50666e-05	0.000445135	0.998409	0.000159929	0.000975566	1.06619e-05	0.00081413	0.00020102	0.998208	0.000766388	1.0051e-05	0.000489005	0.00163609	0.000580043	0.997251	4.42186e-05	1.7979e-05	2.89984e-06	2.31987e-06	1.33393e-05	0.999963
31	0.998188	0.000355118	0.00125875	0.000161721	3.66789e-05	0.000494746	0.998681	9.49513e-05	0.000717132	1.24936e-05	0.000557522	9.25249e-05	0.998754	0.000588364	7.1173e-06	0.000234243	0.00123428	0.000576597	0.997906	4.86504e-05	1.64801e-05	6.18004e-06	2.06001e-06	1.90551e-05	0.999956
32	0.999499	0.000178147	0.000195114	0.000101798	2.54496e-05	0.000319605	0.999308	6.39209e-05	0.000298298	1.06535e-05	0.000230545	4.6109e-05	0.999562	0.000149854	1.15272e-05	4.2489e-05	0.000885188	0.000120386	0.998924	2.8326e-05	1.40851e-05	NA	NA	7.04255e-06	0.999979
33	0.999565	0.000255739	0.000124413	3.45593e-05	2.07356e-05	0.000483964	0.999209	7.4456e-05	0.000223368	9.307e-06	0.000187435	3.57019e-05	0.999572	0.000187435	1.78509e-05	8.54241e-05	0.00121101	0.000175873	0.998493	3.51746e-05	9.44494e-06	3.77798e-06	3.77798e-06	7.55595e-06	0.999975
34	0.998169	0.000217411	0.00141238	0.00015076	5.07822e-05	0.000216799	0.999178	8.32899e-05	0.000509538	1.22485e-05	0.000508661	0.000115605	0.99901	0.000352319	1.3212e-05	0.000185633	0.00100084	0.000545516	0.998208	5.95427e-05	2.25762e-05	6.31161e-06	4.61233e-06	1.94203e-05	0.999947
35	0.999199	0.00011874	0.000600756	4.3499e-05	3.76207e-05	0.00029781	0.999478	1.60113e-05	0.000206545	1.60113e-06	0.000291072	5.0129e-05	0.999478	0.000164941	1.61707e-05	8.07336e-05	0.000380443	0.000518686	0.998958	6.19327e-05	1.2947e-05	2.58941e-06	2.21949e-06	8.50806e-06	0.999974
36	0.998442	0.000152424	0.00127115	9.27056e-05	4.15185e-05	8.21264e-05	0.999387	5.24211e-05	0.000473537	5.24211e-06	0.000408984	6.57002e-05	0.999343	0.000174105	8.21252e-06	0.000131529	0.00118442	0.000173409	0.998464	4.64606e-05	1.94772e-05	5.13489e-06	4.78076e-06	1.50505e-05	0.999956
37	0.998487	0.000129473	0.00125256	8.36029e-05	4.73503e-05	0.000125276	0.999392	3.59702e-05	0.000440325	6.20177e-06	0.000280931	4.4291e-05	0.99958	7.84583e-05	1.64509e-05	0.000118185	0.000965882	0.000223708	0.99864	5.20577e-05	1.44206e-05	6.18025e-06	6.86695e-06	1.53362e-05	0.999957
38	0.998488	0.000115948	0.00127735	7.42644e-05	4.40795e-05	6.73307e-05	0.999509	2.8856e-05	0.000389926	5.17928e-06	0.000318917	5.64981e-05	0.999543	6.83924e-05	1.33811e-05	0.00011262	0.00101165	0.000140534	0.998689	4.62031e-05	1.86578e-05	5.83057e-06	5.24752e-06	1.85121e-05	0.999952
39	0.998539	0.000113952	0.00124237	5.49815e-05	4.93756e-05	4.26665e-05	0.999515	2.88976e-05	0.000402867	1.05391e-05	0.000304241	3.69544e-05	0.999603	4.25229e-05	1.29931e-05	9.82904e-05	0.000876009	7.32876e-05	0.998906	4.66652e-05	1.8283e-05	6.58963e-06	4.87762e-06	1.56019e-05	0.999955
40	0.998692	0.000113282	0.00107878	5.74288e-05	5.88468e-05	2.73518e-05	0.999507	2.0923e-05	0.000429681	1.49617e-05	0.000278032	3.14426e-05	0.999651	2.54216e-05	1.44502e-05	8.5445e-05	0.000613609	6.50901e-05	0.999191	4.5115e-05	2.12518e-05	6.73372e-06	6.25615e-06	1.77894e-05	0.999948
