quality	AA	AC	AG	AT	A.	CA	CC	CG	CT	C.	GA	GC	GG	GT	G.	TA	TC	TG	TT	T.	.A	.C	.G	.T	..
0	NA	NA	NA	NA	NA	NA	NA	NA	NA	NA	NA	NA	NA	NA	NA	NA	NA	NA	NA	NA	NA	NA	NA	NA	NA
1	NA	NA	NA	NA	NA	NA	NA	NA	NA	NA	NA	NA	NA	NA	NA	NA	NA	NA	NA	NA	NA	NA	NA	NA	NA
2	NA	NA	NA	NA	NA	NA	NA	NA	NA	NA	NA	NA	NA	NA	NA	NA	NA	NA	NA	NA	NA	NA	NA	NA	NA
3	NA	NA	NA	NA	NA	NA	NA	NA	NA	NA	NA	NA	NA	NA	NA	NA	NA	NA	NA	NA	NA	NA	NA	NA	NA
4	NA	NA	NA	NA	NA	NA	NA	NA	NA	NA	NA	NA	NA	NA	NA	NA	NA	NA	NA	NA	NA	NA	NA	NA	NA
5	NA	NA	NA	NA	NA	NA	NA	NA	NA	NA	NA	NA	NA	NA	NA	NA	NA	NA	NA	NA	NA	NA	NA	NA	NA
6	NA	NA	NA	NA	NA	NA	NA	NA	NA	NA	NA	NA	NA	NA	NA	NA	NA	NA	NA	NA	NA	NA	NA	NA	NA
7	NA	NA	NA	NA	NA	NA	NA	NA	NA	NA	NA	NA	NA	NA	NA	NA	NA	NA	NA	NA	NA	NA	NA	NA	NA
8	NA	NA	NA	NA	NA	NA	NA	NA	NA	NA	NA	NA	NA	NA	NA	NA	NA	NA	NA	NA	NA	NA	NA	NA	NA
9	NA	NA	NA	NA	NA	NA	NA	NA	NA	NA	NA	NA	NA	NA	NA	NA	NA	NA	NA	NA	NA	NA	NA	NA	NA
10	NA	NA	NA	NA	NA	NA	NA	NA	NA	NA	NA	NA	NA	NA	NA	NA	NA	NA	NA	NA	NA	NA	NA	NA	NA
11	0.978234	0.0116086	0.00373134	0.0064262	NA	0.0520927	0.92442	0.00722674	0.0162602	NA	0.0237108	0.00816274	0.927701	0.0400363	0.000388702	0.0269058	0.0143498	0.0286996	0.930045	NA	5.89588e-05	NA	NA	0.000117918	0.999823
12	0.974533	0.0119226	0.0057991	0.00758344	0.000162213	0.0353241	0.946986	0.00682083	0.0108135	5.54539e-05	0.0132394	0.00501032	0.951871	0.0297279	0.000151828	0.0144975	0.0112175	0.024403	0.949554	0.000327998	2.20194e-05	1.10097e-05	1.10097e-05	4.40388e-05	0.999912
13	0.96501	0.0162383	0.00753622	0.0110387	0.000177091	0.0297402	0.953575	0.00504134	0.0115391	0.000104561	0.00885165	0.00425664	0.96527	0.0215404	8.12078e-05	0.0146262	0.0101899	0.0239417	0.951137	0.000104931	3.19981e-05	2.74269e-05	2.74269e-05	2.74269e-05	0.999886
14	0.960809	0.0170519	0.00912277	0.0128268	0.000189466	0.0286614	0.952711	0.00466028	0.013645	0.000321881	0.018086	0.00745111	0.942558	0.0317174	0.000187281	0.0184398	0.0167433	0.0213655	0.943181	0.00027045	9.01134e-05	3.90491e-05	2.7034e-05	8.71096e-05	0.999757
15	0.978362	0.00807279	0.00470219	0.00868311	0.00018032	0.0120406	0.97715	0.0021935	0.00845839	0.000157806	0.0148555	0.00598725	0.954098	0.0248986	0.000160948	0.0242911	0.0187294	0.026907	0.929919	0.00015388	6.95988e-05	3.04495e-05	3.91493e-05	6.52489e-05	0.999796
16	0.964535	0.011786	0.00923574	0.0142549	0.000187966	0.0174311	0.962402	0.00466547	0.0153104	0.000191276	0.0169695	0.00764022	0.951388	0.0238046	0.00019732	0.0179798	0.0125244	0.0190683	0.950225	0.000202518	0.000116398	6.81757e-05	3.32565e-05	7.81527e-05	0.999704
17	NA	NA	NA	NA	NA	NA	NA	NA	NA	NA	NA	NA	NA	NA	NA	NA	NA	NA	NA	NA	NA	NA	NA	NA	NA
18	NA	NA	NA	NA	NA	NA	NA	NA	NA	NA	NA	NA	NA	NA	NA	NA	NA	NA	NA	NA	NA	NA	NA	NA	NA
19	NA	NA	NA	NA	NA	NA	NA	NA	NA	NA	NA	NA	NA	NA	NA	NA	NA	NA	NA	NA	NA	NA	NA	NA	NA
20	0.995571	0.000984252	0.000984252	0.0019685	0.000492126	0.0064	0.992	NA	0.0016	NA	0.00117199	0.000585995	0.995312	0.00292997	NA	0.001221	NA	0.00549451	0.993284	NA	NA	0.00012012	NA	NA	0.99988
21	0.997412	0.00129388	0.000542594	0.000667808	8.34759e-05	0.00285462	0.996004	0.000415218	0.000726631	NA	0.00126558	0.000389408	0.99596	0.00228777	9.7352e-05	0.00125901	0.0012304	0.00208882	0.995422	NA	1.01358e-05	1.01358e-05	1.01358e-05	NA	0.99997
22	0.996286	0.00189626	0.000829613	0.000869119	0.000118516	0.00375987	0.994235	0.000751974	0.00119063	6.26645e-05	0.00142544	0.000458178	0.994909	0.00320725	NA	0.00157269	0.00176448	0.00383583	0.992712	0.000115075	NA	2.30012e-05	1.15006e-05	4.60024e-05	0.999919
23	0.996693	0.0011703	0.00109398	0.000915891	0.000127207	0.0024449	0.995606	0.000460634	0.00145277	3.54333e-05	0.000763587	0.000497991	0.996414	0.00232396	NA	0.00103043	0.00171184	0.00154565	0.995679	3.32397e-05	2.53591e-05	6.33979e-06	6.33979e-06	1.26796e-05	0.999949
24	0.99735	0.000662427	0.000861155	0.00112613	NA	0.00214548	0.996118	0.000919493	0.000817327	NA	0.000926097	0.000740878	0.996296	0.00203741	NA	0.000540249	0.000945435	0.00193589	0.996533	4.50207e-05	NA	NA	3.45554e-05	1.72777e-05	0.999948
25	0.996669	0.00109509	0.00127761	0.000866947	9.12575e-05	0.0024603	0.995825	0.000521882	0.00119287	NA	0.00190404	0.000634679	0.994605	0.00279259	6.34679e-05	0.00084873	0.00130574	0.00179539	0.995952	9.79304e-05	6.1201e-05	2.44804e-05	1.22402e-05	3.67206e-05	0.999865
26	0.997042	0.000739463	0.00117082	0.00104757	NA	0.00177435	0.997078	0.000104373	0.00104373	NA	0.0015	0.0008	0.9962	0.0015	NA	0.000435402	0.00138537	0.00106871	0.996992	0.000118746	4.91392e-05	1.63797e-05	1.63797e-05	4.91392e-05	0.999869
27	0.995736	0.000931947	0.00199113	0.00128616	5.50227e-05	0.00133795	0.996757	0.000514193	0.00136418	2.62343e-05	0.00243963	0.00114833	0.991653	0.00473169	2.76707e-05	0.0011722	0.0017356	0.00370351	0.993301	8.81151e-05	3.4554e-05	1.97451e-05	1.38216e-05	3.35667e-05	0.999898
28	0.997909	0.000627265	0.000557569	0.000766657	0.000139392	0.000733529	0.998466	NA	0.000733529	6.66844e-05	0.0023282	0.000826136	0.995193	0.00165227	NA	0.000519683	0.000389762	0.000389762	0.998701	NA	4.71283e-05	NA	1.57094e-05	1.57094e-05	0.999921
29	0.999244	NA	NA	NA	0.00075643	NA	1	NA	NA	NA	0.000764234	NA	0.999236	NA	NA	NA	NA	NA	1	NA	NA	NA	NA	NA	1
30	0.9972	0.000379777	0.00169694	0.000690229	3.31551e-05	0.000267311	0.998456	0.000179743	0.00109229	4.6088e-06	0.00126451	0.000484454	0.997352	0.000886798	1.23166e-05	0.000680916	0.00216867	0.000559657	0.996535	5.59657e-05	1.79109e-05	7.96041e-06	4.97526e-06	2.38812e-05	0.999945
31	0.99805	0.000237335	0.0013363	0.000335365	4.12757e-05	0.000154119	0.999041	0.000107884	0.000693537	3.85299e-06	0.000839241	0.000202449	0.998274	0.000680963	3.68088e-06	0.000362788	0.00147814	0.000644624	0.99749	2.3986e-05	1.78389e-05	8.91943e-06	3.24343e-06	2.59474e-05	0.999944
32	0.999398	0.000157058	0.000287939	0.000130881	2.61763e-05	0.000118759	0.999559	1.69655e-05	0.00030538	NA	0.000271007	3.38759e-05	0.999441	0.000254069	NA	0.000148972	0.00123761	0.000148972	0.99843	3.4378e-05	1.44172e-05	NA	NA	1.44172e-05	0.999971
33	0.999722	8.34508e-05	0.000139085	4.63615e-05	9.27231e-06	1.27755e-05	0.999732	5.11019e-05	0.000204408	NA	0.000248769	2.48769e-05	0.99944	0.000261207	2.48769e-05	5.40848e-05	0.00113578	0.000507045	0.998263	4.05636e-05	NA	NA	2.53735e-06	1.01494e-05	0.999987
34	0.998145	0.000167742	0.00143343	0.00019824	5.59138e-05	0.000103931	0.999197	7.59496e-05	0.000611594	1.1992e-05	0.000724366	0.000176759	0.99874	0.000350053	8.66467e-06	0.000266089	0.00131504	0.000310904	0.998048	6.02202e-05	2.36853e-05	8.15397e-06	7.76568e-06	2.75682e-05	0.999933
35	0.999327	5.61821e-05	0.000522341	6.9848e-05	2.4295e-05	4.18639e-05	0.999763	1.59481e-05	0.000171442	7.97407e-06	0.000406661	6.66658e-05	0.999324	0.00020222	NA	6.04387e-05	0.000431313	0.000473895	0.999	3.43402e-05	1.08395e-05	6.40517e-06	1.97082e-06	1.28103e-05	0.999968
36	0.998435	0.000104633	0.0012702	0.000144378	4.54222e-05	6.68308e-05	0.999324	6.17869e-05	0.00053969	7.56575e-06	0.000495834	0.000117675	0.999229	0.000147379	1.02823e-05	0.000148609	0.00131382	0.000139144	0.99835	4.82743e-05	1.94598e-05	7.32903e-06	6.31813e-06	2.04707e-05	0.999946
37	0.998455	9.51958e-05	0.00131705	0.000101472	3.13832e-05	4.28412e-05	0.999434	4.46263e-05	0.000469468	8.92526e-06	0.00034626	5.62452e-05	0.999483	0.00010546	8.78832e-06	0.000125619	0.00121564	0.000142434	0.998468	4.84672e-05	2.09993e-05	6.78438e-06	4.84599e-06	2.16454e-05	0.999946
38	0.998581	7.62912e-05	0.00120967	8.30048e-05	5.0047e-05	2.78905e-05	0.999495	4.71254e-05	0.000416435	1.34644e-05	0.000327084	5.29653e-05	0.999537	7.06204e-05	1.20798e-05	0.000114042	0.0011398	0.000115281	0.998576	5.51614e-05	2.19872e-05	6.8943e-06	5.58997e-06	2.06829e-05	0.999945
39	0.998621	6.83416e-05	0.00119904	6.19729e-05	4.96028e-05	2.37948e-05	0.999519	3.54939e-05	0.000413236	8.12989e-06	0.000294507	4.30158e-05	0.999608	4.22611e-05	1.24519e-05	0.000108419	0.000968753	8.494e-05	0.998785	5.27134e-05	2.35738e-05	8.86318e-06	6.73013e-06	1.99697e-05	0.999941
40	0.998692	9.00674e-05	0.00110572	5.24911e-05	6.00064e-05	1.9208e-05	0.999489	3.31853e-05	0.000449502	9.51826e-06	0.000267843	4.01478e-05	0.999651	2.69563e-05	1.36694e-05	7.26168e-05	0.000658207	8.78896e-05	0.999137	4.3888e-05	2.97257e-05	1.24339e-05	6.6291e-06	2.39559e-05	0.999927
