
SUMMARISING RUN PARAMETERS
==========================
Input filename: SC2273/host_removal/SC2273_R1.fastq.gz
Trimming mode: paired-end
Trim Galore version: 0.6.4_dev
Cutadapt version: 4.1
Python version: could not detect
Number of cores used for trimming: 2
Quality Phred score cutoff: 20
Quality encoding type selected: ASCII+33
Using Illumina adapter for trimming (count: 16061). Second best hit was smallRNA (count: 0)
Adapter sequence: 'AGATCGGAAGAGC' (Illumina TruSeq, Sanger iPCR; auto-detected)
Maximum trimming error rate: 0.1 (default)
Minimum required adapter overlap (stringency): 1 bp
Minimum required sequence length for both reads before a sequence pair gets removed: 20 bp
Running FastQC on the data once trimming has completed
Output file will be GZIP compressed


This is cutadapt 4.1 with Python 3.9.13
Command line parameters: -j 2 -e 0.1 -q 20 -O 1 -a AGATCGGAAGAGC SC2273/host_removal/SC2273_R1.fastq.gz
Processing single-end reads on 2 cores ...
Finished in 32.38 s (35 µs/read; 1.71 M reads/minute).

=== Summary ===

Total reads processed:                 924,540
Reads with adapters:                   324,135 (35.1%)
Reads written (passing filters):       924,540 (100.0%)

Total basepairs processed:   232,059,540 bp
Quality-trimmed:               2,260,288 bp (1.0%)
Total written (filtered):    227,799,955 bp (98.2%)

=== Adapter 1 ===

Sequence: AGATCGGAAGAGC; Type: regular 3'; Length: 13; Trimmed: 324135 times

Minimum overlap: 1
No. of allowed errors:
1-9 bp: 0; 10-13 bp: 1

Bases preceding removed adapters:
  A: 35.5%
  C: 16.0%
  G: 10.1%
  T: 37.7%
  none/other: 0.8%

Overview of removed sequences
length	count	expect	max.err	error counts
1	211584	231135.0	0	211584
2	74358	57783.8	0	74358
3	4886	14445.9	0	4886
4	1243	3611.5	0	1243
5	161	902.9	0	161
6	268	225.7	0	268
7	10867	56.4	0	10867
8	358	14.1	0	358
9	506	3.5	0	504 2
10	352	0.9	1	329 23
11	127	0.2	1	119 8
12	315	0.1	1	308 7
13	123	0.0	1	113 10
14	66	0.0	1	62 4
15	70	0.0	1	61 9
16	35	0.0	1	33 2
17	57	0.0	1	52 5
18	52	0.0	1	44 8
19	57	0.0	1	47 10
20	57	0.0	1	49 8
21	71	0.0	1	63 8
22	45	0.0	1	39 6
23	52	0.0	1	50 2
24	636	0.0	1	610 26
25	118	0.0	1	108 10
26	43	0.0	1	34 9
27	62	0.0	1	49 13
28	131	0.0	1	114 17
29	60	0.0	1	45 15
30	46	0.0	1	32 14
31	45	0.0	1	36 9
32	75	0.0	1	69 6
33	30	0.0	1	22 8
34	69	0.0	1	57 12
35	23	0.0	1	16 7
36	64	0.0	1	53 11
37	1569	0.0	1	1509 60
38	96	0.0	1	81 15
39	231	0.0	1	208 23
40	43	0.0	1	35 8
41	145	0.0	1	132 13
42	75	0.0	1	67 8
43	348	0.0	1	332 16
44	101	0.0	1	90 11
45	247	0.0	1	236 11
46	327	0.0	1	309 18
47	78	0.0	1	68 10
48	47	0.0	1	39 8
49	103	0.0	1	93 10
50	52	0.0	1	41 11
51	66	0.0	1	61 5
52	67	0.0	1	49 18
53	49	0.0	1	43 6
54	87	0.0	1	74 13
55	98	0.0	1	92 6
56	53	0.0	1	47 6
57	84	0.0	1	79 5
58	47	0.0	1	45 2
59	81	0.0	1	77 4
60	42	0.0	1	38 4
61	59	0.0	1	52 7
62	52	0.0	1	45 7
63	63	0.0	1	53 10
64	27	0.0	1	23 4
65	46	0.0	1	42 4
66	52	0.0	1	46 6
67	39	0.0	1	31 8
68	50	0.0	1	44 6
69	66	0.0	1	59 7
70	101	0.0	1	83 18
71	125	0.0	1	114 11
72	164	0.0	1	150 14
73	245	0.0	1	206 39
74	453	0.0	1	363 90
75	905	0.0	1	679 226
76	2038	0.0	1	1804 234
77	1516	0.0	1	1316 200
78	822	0.0	1	686 136
79	457	0.0	1	359 98
80	314	0.0	1	235 79
81	215	0.0	1	175 40
82	170	0.0	1	125 45
83	108	0.0	1	86 22
84	138	0.0	1	111 27
85	99	0.0	1	84 15
86	88	0.0	1	62 26
87	80	0.0	1	62 18
88	67	0.0	1	49 18
89	90	0.0	1	71 19
90	66	0.0	1	53 13
91	67	0.0	1	50 17
92	61	0.0	1	43 18
93	95	0.0	1	83 12
94	579	0.0	1	548 31
95	81	0.0	1	75 6
96	86	0.0	1	75 11
97	60	0.0	1	45 15
98	45	0.0	1	42 3
99	35	0.0	1	25 10
100	25	0.0	1	20 5
101	32	0.0	1	27 5
102	25	0.0	1	17 8
103	31	0.0	1	29 2
104	25	0.0	1	20 5
105	23	0.0	1	13 10
106	32	0.0	1	23 9
107	58	0.0	1	52 6
108	22	0.0	1	13 9
109	23	0.0	1	17 6
110	29	0.0	1	25 4
111	88	0.0	1	72 16
112	39	0.0	1	33 6
113	31	0.0	1	24 7
114	36	0.0	1	23 13
115	18	0.0	1	11 7
116	18	0.0	1	10 8
117	27	0.0	1	17 10
118	23	0.0	1	18 5
119	13	0.0	1	6 7
120	23	0.0	1	15 8
121	11	0.0	1	8 3
122	19	0.0	1	10 9
123	17	0.0	1	9 8
124	31	0.0	1	21 10
125	23	0.0	1	17 6
126	26	0.0	1	16 10
127	34	0.0	1	25 9
128	22	0.0	1	17 5
129	16	0.0	1	10 6
130	20	0.0	1	10 10
131	21	0.0	1	13 8
132	18	0.0	1	11 7
133	20	0.0	1	12 8
134	27	0.0	1	11 16
135	17	0.0	1	10 7
136	22	0.0	1	19 3
137	15	0.0	1	13 2
138	22	0.0	1	10 12
139	7	0.0	1	3 4
140	13	0.0	1	5 8
141	9	0.0	1	5 4
142	18	0.0	1	5 13
143	19	0.0	1	9 10
144	15	0.0	1	9 6
145	15	0.0	1	10 5
146	22	0.0	1	16 6
147	23	0.0	1	15 8
148	20	0.0	1	11 9
149	23	0.0	1	13 10
150	11	0.0	1	4 7
151	18	0.0	1	10 8
152	21	0.0	1	14 7
153	21	0.0	1	14 7
154	43	0.0	1	39 4
155	20	0.0	1	13 7
156	59	0.0	1	53 6
157	25	0.0	1	19 6
158	24	0.0	1	15 9
159	15	0.0	1	6 9
160	38	0.0	1	25 13
161	24	0.0	1	20 4
162	11	0.0	1	5 6
163	16	0.0	1	10 6
164	20	0.0	1	11 9
165	21	0.0	1	17 4
166	30	0.0	1	18 12
167	17	0.0	1	13 4
168	26	0.0	1	19 7
169	16	0.0	1	8 8
170	8	0.0	1	5 3
171	7	0.0	1	5 2
172	27	0.0	1	17 10
173	5	0.0	1	2 3
174	15	0.0	1	7 8
175	42	0.0	1	34 8
176	12	0.0	1	7 5
177	8	0.0	1	6 2
178	12	0.0	1	9 3
179	9	0.0	1	4 5
180	12	0.0	1	8 4
181	36	0.0	1	32 4
182	7	0.0	1	4 3
183	7	0.0	1	2 5
184	6	0.0	1	4 2
185	23	0.0	1	17 6
186	9	0.0	1	5 4
187	11	0.0	1	6 5
188	9	0.0	1	6 3
189	27	0.0	1	19 8
190	13	0.0	1	10 3
191	17	0.0	1	14 3
192	19	0.0	1	16 3
193	12	0.0	1	10 2
194	8	0.0	1	5 3
195	8	0.0	1	6 2
196	6	0.0	1	3 3
197	16	0.0	1	14 2
198	8	0.0	1	5 3
199	13	0.0	1	9 4
200	14	0.0	1	14
201	14	0.0	1	13 1
202	21	0.0	1	19 2
203	32	0.0	1	29 3
204	14	0.0	1	14
205	19	0.0	1	17 2
206	21	0.0	1	20 1
207	20	0.0	1	18 2
208	32	0.0	1	30 2
209	37	0.0	1	37
210	38	0.0	1	38
211	22	0.0	1	21 1
212	21	0.0	1	18 3
213	20	0.0	1	19 1
214	12	0.0	1	11 1
215	14	0.0	1	11 3
216	4	0.0	1	1 3
217	6	0.0	1	5 1
218	3	0.0	1	1 2
220	3	0.0	1	3
221	1	0.0	1	1
222	2	0.0	1	0 2
223	1	0.0	1	0 1
224	3	0.0	1	0 3
225	1	0.0	1	1
226	2	0.0	1	0 2
227	2	0.0	1	2
228	4	0.0	1	3 1
229	2	0.0	1	0 2
230	1	0.0	1	1
231	1	0.0	1	0 1
232	1	0.0	1	0 1
233	7	0.0	1	7
234	1	0.0	1	1
235	6	0.0	1	5 1
236	1	0.0	1	0 1
238	1	0.0	1	1
239	4	0.0	1	0 4
240	2	0.0	1	0 2
241	5	0.0	1	2 3
242	3	0.0	1	0 3
243	5	0.0	1	0 5
244	3	0.0	1	0 3
245	2	0.0	1	0 2
246	4	0.0	1	0 4
247	7	0.0	1	0 7
248	9	0.0	1	0 9
249	12	0.0	1	0 12
250	33	0.0	1	0 33
251	476	0.0	1	0 476

RUN STATISTICS FOR INPUT FILE: SC2273/host_removal/SC2273_R1.fastq.gz
=============================================
924540 sequences processed in total

