quality	AA	AC	AG	AT	A.	CA	CC	CG	CT	C.	GA	GC	GG	GT	G.	TA	TC	TG	TT	T.	.A	.C	.G	.T	..
0	NA	NA	NA	NA	NA	NA	NA	NA	NA	NA	NA	NA	NA	NA	NA	NA	NA	NA	NA	NA	NA	NA	NA	NA	NA
1	NA	NA	NA	NA	NA	NA	NA	NA	NA	NA	NA	NA	NA	NA	NA	NA	NA	NA	NA	NA	NA	NA	NA	NA	NA
2	NA	NA	NA	NA	NA	NA	NA	NA	NA	NA	NA	NA	NA	NA	NA	NA	NA	NA	NA	NA	NA	NA	NA	NA	NA
3	NA	NA	NA	NA	NA	NA	NA	NA	NA	NA	NA	NA	NA	NA	NA	NA	NA	NA	NA	NA	NA	NA	NA	NA	NA
4	NA	NA	NA	NA	NA	NA	NA	NA	NA	NA	NA	NA	NA	NA	NA	NA	NA	NA	NA	NA	NA	NA	NA	NA	NA
5	NA	NA	NA	NA	NA	NA	NA	NA	NA	NA	NA	NA	NA	NA	NA	NA	NA	NA	NA	NA	NA	NA	NA	NA	NA
6	NA	NA	NA	NA	NA	NA	NA	NA	NA	NA	NA	NA	NA	NA	NA	NA	NA	NA	NA	NA	NA	NA	NA	NA	NA
7	NA	NA	NA	NA	NA	NA	NA	NA	NA	NA	NA	NA	NA	NA	NA	NA	NA	NA	NA	NA	NA	NA	NA	NA	NA
8	NA	NA	NA	NA	NA	NA	NA	NA	NA	NA	NA	NA	NA	NA	NA	NA	NA	NA	NA	NA	NA	NA	NA	NA	NA
9	NA	NA	NA	NA	NA	NA	NA	NA	NA	NA	NA	NA	NA	NA	NA	NA	NA	NA	NA	NA	NA	NA	NA	NA	NA
10	NA	NA	NA	NA	NA	NA	NA	NA	NA	NA	NA	NA	NA	NA	NA	NA	NA	NA	NA	NA	NA	NA	NA	NA	NA
11	0.975426	0.0111702	0.00329787	0.0101064	NA	0.0467768	0.928373	0.00672416	0.0179798	0.000146177	0.0216567	0.00642934	0.933338	0.0385084	6.76773e-05	0.028334	0.00982244	0.023045	0.938799	NA	2.97106e-05	2.97106e-05	NA	5.94212e-05	0.999881
12	0.971701	0.0133839	0.00561548	0.00916678	0.000133174	0.0383904	0.94296	0.00515511	0.0133123	0.000181945	0.0143555	0.00578258	0.948544	0.0311708	0.000146859	0.0140333	0.00818887	0.0258874	0.951824	6.60393e-05	5.5358e-05	4.92071e-05	3.07545e-05	7.38107e-05	0.999791
13	0.966213	0.0159894	0.00672913	0.0109352	0.000133356	0.0298822	0.953827	0.00493373	0.0112459	0.000111102	0.00987192	0.00447382	0.963479	0.0220351	0.000139807	0.0156925	0.0120958	0.0230593	0.948953	0.000199633	5.9297e-05	3.13427e-05	3.13427e-05	4.91318e-05	0.999829
14	0.962783	0.0167426	0.00710604	0.0132509	0.000117698	0.0287489	0.952523	0.00451022	0.0140459	0.000171747	0.0186981	0.00653291	0.942492	0.0321103	0.000166267	0.0187096	0.0129012	0.0216455	0.946548	0.000196144	5.78156e-05	4.68775e-05	5.46904e-05	9.3755e-05	0.999747
15	0.97757	0.00841509	0.00569764	0.00825745	6.00542e-05	0.012453	0.97603	0.00278853	0.00862899	9.99146e-05	0.0147061	0.005796	0.953844	0.0254777	0.000176438	0.0248825	0.0158333	0.0247573	0.934265	0.000261801	4.76888e-05	5.24576e-05	4.53043e-05	7.6302e-05	0.999778
16	0.966305	0.0113831	0.00857949	0.0136041	0.00012793	0.0180585	0.962151	0.00448011	0.0151861	0.000124695	0.0168568	0.00756737	0.951026	0.0244111	0.000138454	0.0180004	0.012443	0.0184649	0.950889	0.000203025	9.61407e-05	5.66062e-05	5.39107e-05	9.07496e-05	0.999703
17	NA	NA	NA	NA	NA	NA	NA	NA	NA	NA	NA	NA	NA	NA	NA	NA	NA	NA	NA	NA	NA	NA	NA	NA	NA
18	NA	NA	NA	NA	NA	NA	NA	NA	NA	NA	NA	NA	NA	NA	NA	NA	NA	NA	NA	NA	NA	NA	NA	NA	NA
19	NA	NA	NA	NA	NA	NA	NA	NA	NA	NA	NA	NA	NA	NA	NA	NA	NA	NA	NA	NA	NA	NA	NA	NA	NA
20	0.99729	0.00120446	0.00120446	0.000301114	NA	0.00406504	0.994715	NA	0.00121951	NA	0.000356379	0.000534569	0.996258	0.00249465	0.000356379	0.000391389	0.000782779	0.0109589	0.987867	NA	7.19683e-05	NA	NA	0.000143937	0.999784
21	0.997084	0.00152422	0.000596435	0.000795246	NA	0.00220064	0.996479	0.000498812	0.000821572	NA	0.000992802	0.000220623	0.99658	0.00217865	2.75778e-05	0.00110025	0.00309641	0.00205904	0.993744	NA	2.23267e-05	1.6745e-05	1.6745e-05	1.11633e-05	0.999933
22	0.996552	0.0017241	0.000905153	0.000711192	0.000107756	0.00406436	0.993719	0.000302308	0.00188103	3.35897e-05	0.00132135	0.000459598	0.995777	0.00244162	NA	0.00180003	0.00184189	0.00334889	0.992905	0.000104653	4.41045e-05	6.30064e-06	6.30064e-06	2.52026e-05	0.999918
23	0.996989	0.00125129	0.00110003	0.000618769	4.12513e-05	0.00202429	0.996316	0.000546559	0.00109312	2.02429e-05	0.00109805	0.000366018	0.995935	0.00258139	1.92641e-05	0.00112902	0.00220014	0.00235453	0.994258	5.78983e-05	3.60362e-05	1.08108e-05	3.60362e-06	2.52253e-05	0.999924
24	0.998088	0.000887705	0.000443853	0.000580423	NA	0.00278971	0.995592	0.000446354	0.00117168	NA	0.00107021	0.000535103	0.996415	0.00192637	5.35103e-05	0.000716213	0.00350944	0.00188603	0.993888	NA	1.85603e-05	1.85603e-05	NA	2.78404e-05	0.999935
25	0.996637	0.00110462	0.00139919	0.000810054	4.90942e-05	0.00271598	0.995567	0.00043935	0.00119823	7.98818e-05	0.00181522	0.000740905	0.994851	0.00255612	3.70453e-05	0.00120379	0.00169624	0.00149561	0.99555	5.47176e-05	3.38903e-05	1.35561e-05	2.03342e-05	2.71122e-05	0.999905
26	0.997221	0.000827102	0.00119103	0.00072785	3.30841e-05	0.00210072	0.99648	0.000510986	0.00090842	NA	0.000717532	0.00041856	0.99695	0.00185362	5.97943e-05	0.000381465	0.00184001	0.00186245	0.995894	2.24391e-05	4.58472e-05	3.66777e-05	4.58472e-05	3.66777e-05	0.999835
27	0.996563	0.00102336	0.00136143	0.00101787	3.4721e-05	0.00124369	0.996804	0.000388652	0.00154309	2.01524e-05	0.00269249	0.00110103	0.991746	0.00443108	2.94261e-05	0.00107203	0.00110481	0.00334723	0.994406	6.98527e-05	3.69865e-05	2.32486e-05	2.48338e-05	3.85716e-05	0.999876
28	0.996631	0.000229718	0.00264176	0.000497722	NA	0.000599856	0.997801	7.99808e-05	0.00147964	3.99904e-05	0.00247431	0.000691969	0.995555	0.00125813	2.09688e-05	0.000847997	0.00127199	0.000847997	0.996891	0.000141333	8.85379e-06	2.65614e-05	8.85379e-06	3.54152e-05	0.99992
29	0.999171	NA	0.000414594	NA	0.000414594	NA	1	NA	NA	NA	0.000896057	NA	0.998925	0.000179211	NA	NA	NA	NA	1	NA	NA	NA	NA	NA	1
30	0.997657	0.000537166	0.00120903	0.000566377	3.08343e-05	0.000307095	0.998167	0.000207227	0.00131577	2.49671e-06	0.00171055	0.000443645	0.996931	0.000903297	1.14341e-05	0.000541988	0.00148294	0.000800436	0.997145	3.01104e-05	3.46095e-05	1.62232e-05	1.40601e-05	2.54163e-05	0.99991
31	0.998371	0.000296731	0.00104065	0.000261903	2.92551e-05	0.000212852	0.998721	0.000136225	0.000925906	4.25704e-06	0.001081	0.000202434	0.998081	0.000633617	2.02434e-06	0.000279797	0.00113708	0.00078571	0.997773	2.44009e-05	2.25759e-05	1.68213e-05	1.68213e-05	2.03626e-05	0.999923
32	0.999401	0.000250789	0.000222924	0.000104495	2.08991e-05	0.000175519	0.999503	8.77595e-05	0.000234025	NA	0.000288423	4.80705e-05	0.999375	0.000278809	9.61409e-06	0.000144671	0.00257892	0.000754807	0.996509	1.25801e-05	1.39997e-05	1.19997e-05	1.99996e-06	9.99978e-06	0.999962
33	0.999632	0.000115825	0.000201434	4.53227e-05	5.03586e-06	0.000125663	0.999571	2.21757e-05	0.000280893	NA	0.000325362	5.65847e-05	0.999172	0.000445604	NA	6.80074e-05	0.00179842	0.00103145	0.997079	2.26691e-05	1.14317e-05	8.57376e-06	8.57376e-06	8.57376e-06	0.999963
34	0.998304	0.000366626	0.0011245	0.000179209	2.53081e-05	0.000120622	0.999014	8.77253e-05	0.000774175	3.2897e-06	0.00109612	0.000165325	0.998264	0.000462529	1.24233e-05	0.00017119	0.000840042	0.000537809	0.998418	3.25715e-05	2.80961e-05	1.77449e-05	1.39424e-05	2.13361e-05	0.999919
35	0.999301	0.000198651	0.00043013	5.47132e-05	1.59931e-05	3.15174e-05	0.999729	2.13868e-05	0.000217245	1.12562e-06	0.000456446	7.29372e-05	0.999226	0.000238811	5.88203e-06	6.54108e-05	0.00028765	0.000479942	0.999145	2.20663e-05	1.4483e-05	8.47119e-06	9.01771e-06	1.14771e-05	0.999957
36	0.998591	0.000262332	0.00100809	0.000113619	2.45662e-05	7.62396e-05	0.999142	5.8054e-05	0.00071973	3.49723e-06	0.000776658	9.33514e-05	0.998862	0.000259098	8.8906e-06	0.000117417	0.00105415	0.00044317	0.998358	2.75358e-05	2.03963e-05	1.45688e-05	1.44301e-05	2.45588e-05	0.999926
37	0.998746	0.000215149	0.000924409	8.80927e-05	2.59761e-05	4.46586e-05	0.999355	4.06889e-05	0.000554759	4.96207e-06	0.000737198	7.19692e-05	0.998978	0.0002091	3.89023e-06	9.11043e-05	0.00100215	0.000472772	0.998404	3.01884e-05	1.85498e-05	1.81965e-05	1.14832e-05	2.34964e-05	0.999928
38	0.998681	0.000252745	0.000969078	7.08352e-05	2.66048e-05	3.699e-05	0.999336	3.699e-05	0.000584871	5.36087e-06	0.000668085	6.31343e-05	0.999089	0.000172843	6.72742e-06	6.29423e-05	0.000916235	0.000455226	0.998531	3.50435e-05	2.12482e-05	1.84767e-05	1.44734e-05	2.31986e-05	0.999923
39	0.99869	0.000263627	0.000960845	5.35032e-05	3.1579e-05	3.35832e-05	0.999358	4.10337e-05	0.000561795	5.33772e-06	0.00058205	4.56634e-05	0.999213	0.000148985	1.01007e-05	5.94856e-05	0.000830508	0.000412455	0.998664	3.37191e-05	2.40024e-05	1.67548e-05	1.25814e-05	2.29234e-05	0.999924
40	0.998645	0.000300198	0.000978628	4.05179e-05	3.56244e-05	2.42842e-05	0.999321	3.6845e-05	0.000610111	7.43797e-06	0.000462835	4.50331e-05	0.999359	0.000119403	1.36398e-05	4.70311e-05	0.000679466	0.000385119	0.998856	3.27411e-05	2.92308e-05	1.82655e-05	1.38834e-05	2.46096e-05	0.999914
