quality	AA	AC	AG	AT	A.	CA	CC	CG	CT	C.	GA	GC	GG	GT	G.	TA	TC	TG	TT	T.	.A	.C	.G	.T	..
0	NA	NA	NA	NA	NA	NA	NA	NA	NA	NA	NA	NA	NA	NA	NA	NA	NA	NA	NA	NA	NA	NA	NA	NA	NA
1	NA	NA	NA	NA	NA	NA	NA	NA	NA	NA	NA	NA	NA	NA	NA	NA	NA	NA	NA	NA	NA	NA	NA	NA	NA
2	NA	NA	NA	NA	NA	NA	NA	NA	NA	NA	NA	NA	NA	NA	NA	NA	NA	NA	NA	NA	NA	NA	NA	NA	NA
3	NA	NA	NA	NA	NA	NA	NA	NA	NA	NA	NA	NA	NA	NA	NA	NA	NA	NA	NA	NA	NA	NA	NA	NA	NA
4	NA	NA	NA	NA	NA	NA	NA	NA	NA	NA	NA	NA	NA	NA	NA	NA	NA	NA	NA	NA	NA	NA	NA	NA	NA
5	NA	NA	NA	NA	NA	NA	NA	NA	NA	NA	NA	NA	NA	NA	NA	NA	NA	NA	NA	NA	NA	NA	NA	NA	NA
6	NA	NA	NA	NA	NA	NA	NA	NA	NA	NA	NA	NA	NA	NA	NA	NA	NA	NA	NA	NA	NA	NA	NA	NA	NA
7	NA	NA	NA	NA	NA	NA	NA	NA	NA	NA	NA	NA	NA	NA	NA	NA	NA	NA	NA	NA	NA	NA	NA	NA	NA
8	NA	NA	NA	NA	NA	NA	NA	NA	NA	NA	NA	NA	NA	NA	NA	NA	NA	NA	NA	NA	NA	NA	NA	NA	NA
9	NA	NA	NA	NA	NA	NA	NA	NA	NA	NA	NA	NA	NA	NA	NA	NA	NA	NA	NA	NA	NA	NA	NA	NA	NA
10	0.978261	NA	NA	0.0217391	NA	0.04	0.96	NA	NA	NA	0.0175439	NA	0.982456	NA	NA	NA	NA	0.153846	0.846154	NA	NA	NA	NA	NA	1
11	0.97643	0.0126872	0.00288618	0.00787686	0.000120257	0.0501798	0.931691	0.00397766	0.0139983	0.000152987	0.020395	0.00506422	0.926569	0.047972	NA	0.0208383	0.00670659	0.0792814	0.893174	NA	3.59758e-05	1.79879e-05	NA	3.59758e-05	0.99991
12	0.970606	0.0165229	0.00481671	0.00789624	0.000157925	0.0475046	0.933082	0.00550081	0.0138321	8.01089e-05	0.0108866	0.00505069	0.951581	0.0324101	7.13878e-05	0.0141563	0.00692371	0.0205137	0.958252	0.000154432	3.82645e-05	2.73318e-05	3.27982e-05	4.37309e-05	0.999858
13	0.967606	0.0169891	0.00570432	0.00958881	0.000112081	0.0396966	0.944775	0.00523738	0.0101504	0.000140373	0.00827381	0.00487955	0.966476	0.0202492	0.000121057	0.0138051	0.00875344	0.0232279	0.954014	0.000199698	4.75475e-05	3.10514e-05	2.717e-05	0.00035418	0.99954
14	0.964568	0.0180009	0.00604215	0.0112107	0.000177864	0.0350676	0.944113	0.0105807	0.0099284	0.000310263	0.0131542	0.00597071	0.950684	0.0300401	0.000150703	0.017403	0.00951231	0.0206463	0.952193	0.000245705	0.000374332	2.84091e-05	6.18317e-05	0.000100268	0.999435
15	0.965295	0.0165678	0.00633647	0.0116944	0.000106577	0.0281215	0.953487	0.0045946	0.0137083	8.81157e-05	0.0134215	0.00919995	0.948517	0.0287353	0.00012616	0.0154401	0.00808104	0.0214485	0.954809	0.000221239	4.82265e-05	3.68791e-05	1.9858e-05	5.10634e-05	0.999844
16	0.963963	0.0149933	0.00743687	0.0134892	0.000117479	0.0253666	0.957338	0.00409627	0.013091	0.000108489	0.0121103	0.00505545	0.95548	0.0272604	9.42817e-05	0.0179301	0.0118574	0.0264304	0.943615	0.000167005	4.79706e-05	2.53178e-05	2.73166e-05	3.53117e-05	0.999864
17	NA	NA	NA	NA	NA	NA	NA	NA	NA	NA	NA	NA	NA	NA	NA	NA	NA	NA	NA	NA	NA	NA	NA	NA	NA
18	1	NA	NA	NA	NA	NA	1	NA	NA	NA	NA	NA	1	NA	NA	NA	NA	NA	1	NA	NA	NA	NA	NA	1
19	1	NA	NA	NA	NA	NA	1	NA	NA	NA	NA	NA	1	NA	NA	NA	NA	NA	1	NA	NA	NA	NA	NA	1
20	0.997417	0.00211317	0.000234797	NA	0.000234797	0.00627746	0.992781	0.000313873	0.000627746	NA	0.0018205	0.00054615	0.993082	0.00455125	NA	0.00153728	0.00038432	0.0292083	0.96887	NA	6.43542e-05	6.43542e-05	NA	NA	0.999871
21	0.997103	0.00199421	0.000489145	0.000338639	7.5253e-05	0.00455312	0.993652	0.000374963	0.00139272	2.67831e-05	0.00111085	0.000258338	0.99659	0.00201504	2.58338e-05	0.000673609	0.000471527	0.00226333	0.996578	1.34722e-05	4.91649e-06	1.47495e-05	9.83299e-06	4.91649e-05	0.999921
22	0.996398	0.00229225	0.000680118	0.00057936	5.03791e-05	0.00482675	0.992415	0.00159455	0.00116359	NA	0.00061831	0.000734243	0.995556	0.00309155	NA	0.00090869	0.00201013	0.00492896	0.992097	5.50721e-05	8.79444e-05	NA	7.99495e-06	0.000303808	0.9996
23	0.996899	0.00133317	0.000464364	0.00127326	2.9959e-05	0.00290947	0.995309	0.000586404	0.00115025	4.5108e-05	0.000962981	0.00217231	0.995073	0.0017468	4.47898e-05	0.000819375	0.000943837	0.0014002	0.996816	2.07437e-05	1.58651e-05	NA	1.98314e-05	0.000257808	0.999706
24	0.998121	0.000980152	0.000285878	0.000530916	8.16793e-05	0.00380084	0.993995	0.000608134	0.00159635	NA	0.00109334	0.00068334	0.99672	0.00150335	NA	0.000331196	0.000632283	0.000933369	0.998073	3.01087e-05	3.50984e-05	2.33989e-05	1.16995e-05	0.000163792	0.999766
25	0.997264	0.000922715	0.000318177	0.00139998	9.54532e-05	0.00281357	0.994429	0.00163187	0.00106916	5.62715e-05	0.000986518	0.00323359	0.993916	0.00175381	0.000109613	0.00130639	0.00237283	0.00130639	0.994961	5.3322e-05	9.53034e-05	1.90607e-05	2.8591e-05	0.000314501	0.999543
26	0.994971	0.000983929	0.00142123	0.00229583	0.000327976	0.00324924	0.994266	0.00152905	0.000955657	NA	0.000603379	0.00804505	0.990748	0.000603379	NA	0.00285668	0.000571335	0.00155077	0.994858	0.000163239	6.33112e-05	3.16556e-05	NA	0.00158278	0.998322
27	0.996125	0.00145039	0.00104541	0.00132231	5.65088e-05	0.00282355	0.993693	0.00211689	0.00134234	2.46868e-05	0.0016248	0.00158246	0.993765	0.00301409	1.32313e-05	0.00123517	0.000862347	0.00428294	0.993557	6.21375e-05	9.05287e-05	1.76772e-05	9.64211e-06	2.57123e-05	0.999856
28	0.998619	0.000356316	0.000267237	0.000668092	8.90789e-05	0.000533191	0.995423	0.000266596	0.00377677	NA	0.00149535	0.0044378	0.992451	0.00161594	NA	0.00151299	0.0126379	0.00382698	0.981844	0.000177999	1.02416e-05	NA	2.04832e-05	2.04832e-05	0.999949
29	0.999453	0.000182482	NA	NA	0.000364964	0.000309598	0.99969	NA	NA	NA	0.000725163	NA	0.999275	NA	NA	0.000448632	NA	0.0605653	0.938986	NA	NA	NA	NA	NA	1
30	0.997598	0.000612276	0.000813452	0.000942904	3.32378e-05	0.000409254	0.997308	0.00126347	0.00101627	2.74667e-06	0.00102519	0.000686089	0.997366	0.0009069	1.57722e-05	0.00109189	0.000821496	0.000744239	0.997301	4.12036e-05	7.40978e-05	4.11654e-06	8.23309e-06	0.000147607	0.999766
31	0.997896	0.000583773	0.000751753	0.000740111	2.82739e-05	0.000496455	0.99766	0.00110323	0.000735489	5.25349e-06	0.000789943	0.00113887	0.997405	0.00065667	9.69255e-06	0.000774378	0.000837703	0.000616969	0.997728	4.3423e-05	7.06719e-05	3.66447e-06	6.80544e-06	9.94641e-05	0.999819
32	0.998191	0.000210161	0.000456871	0.00113304	9.13743e-06	0.00026738	0.999271	0.00026738	0.000194458	NA	0.00018013	0.00204148	0.997454	0.000324235	NA	0.000709018	0.000130394	0.00021189	0.998892	5.70474e-05	1.56495e-05	2.60826e-06	NA	0.000427754	0.999554
33	0.998154	0.000261609	0.000523218	0.00104644	1.45338e-05	0.000569716	0.998966	0.000200456	0.000263758	NA	0.00017482	0.00142617	0.998233	0.000165619	NA	0.000748652	0.000243879	0.000181491	0.998803	2.26864e-05	8.29696e-06	2.07424e-06	8.29696e-06	0.000338101	0.999643
34	0.99828	0.000403963	0.000679535	0.00059655	3.99266e-05	0.000198622	0.997756	0.00136885	0.000670508	6.32555e-06	0.000873494	0.000954854	0.997794	0.000367252	1.017e-05	0.000548757	0.000898751	0.000789	0.997708	5.53078e-05	8.89682e-05	3.65623e-06	3.65623e-06	6.09371e-05	0.999843
35	0.999231	0.000229767	0.000269423	0.0002321	3.73226e-05	0.000275881	0.998896	0.000555126	0.000272516	NA	0.000416883	0.000729155	0.998681	0.000168627	4.68408e-06	0.000192281	0.000524084	0.000892232	0.998328	6.33121e-05	4.95549e-05	2.2525e-06	2.2525e-06	1.01362e-05	0.999936
36	0.998244	0.000326104	0.00071595	0.000684648	2.95941e-05	9.32255e-05	0.998094	0.00121009	0.000597197	5.53815e-06	0.000741117	0.00145564	0.997582	0.00021187	9.43552e-06	0.000694236	0.000947104	0.000287021	0.998026	4.53191e-05	8.2126e-05	3.43699e-06	2.71342e-06	0.000120837	0.999791
37	0.99823	0.000336912	0.000677502	0.000713547	4.19301e-05	8.61334e-05	0.99805	0.00136769	0.00049331	2.6101e-06	0.000750626	0.000698589	0.998387	0.00015741	6.50456e-06	0.00056069	0.00056279	0.000274395	0.998548	5.4599e-05	0.000104806	6.94079e-06	1.85088e-06	0.000114523	0.999772
38	0.998345	0.000323854	0.000645327	0.000644851	4.0958e-05	5.99101e-05	0.998272	0.00110911	0.000556089	3.07231e-06	0.000706744	0.00120123	0.997965	0.000118431	8.45939e-06	0.000565785	0.000709393	0.000232942	0.998445	4.65884e-05	0.000101872	4.42281e-06	3.39082e-06	9.81864e-05	0.999792
39	0.998381	0.000302384	0.000628652	0.000643998	4.36609e-05	3.56155e-05	0.998385	0.00110858	0.000466959	3.59753e-06	0.000828902	0.00112164	0.997948	9.32078e-05	7.86932e-06	0.000526419	0.00068827	0.000222798	0.99851	5.2429e-05	9.45806e-05	4.34399e-06	2.96181e-06	9.15201e-05	0.999807
40	0.998692	0.000285216	0.000520969	0.000457935	4.36014e-05	2.16412e-05	0.998846	0.000640656	0.000486555	5.09937e-06	0.000947624	0.000626057	0.998316	0.000101635	8.46961e-06	0.000381638	0.000688588	0.000206491	0.998686	3.72273e-05	7.09952e-05	6.37799e-06	3.20131e-06	5.56043e-05	0.999864
