
SUMMARISING RUN PARAMETERS
==========================
Input filename: SC2283/host_removal/SC2283_R2.fastq.gz
Trimming mode: paired-end
Trim Galore version: 0.6.4_dev
Cutadapt version: 4.1
Python version: could not detect
Number of cores used for trimming: 2
Quality Phred score cutoff: 20
Quality encoding type selected: ASCII+33
Using Illumina adapter for trimming (count: 14937). Second best hit was Nextera (count: 0)
Adapter sequence: 'AGATCGGAAGAGC' (Illumina TruSeq, Sanger iPCR; auto-detected)
Maximum trimming error rate: 0.1 (default)
Minimum required adapter overlap (stringency): 1 bp
Minimum required sequence length for both reads before a sequence pair gets removed: 20 bp
Running FastQC on the data once trimming has completed
Output file will be GZIP compressed


This is cutadapt 4.1 with Python 3.9.13
Command line parameters: -j 2 -e 0.1 -q 20 -O 1 -a AGATCGGAAGAGC SC2283/host_removal/SC2283_R2.fastq.gz
Processing single-end reads on 2 cores ...
Finished in 33.16 s (41 µs/read; 1.48 M reads/minute).

=== Summary ===

Total reads processed:                 817,940
Reads with adapters:                   278,263 (34.0%)
Reads written (passing filters):       817,940 (100.0%)

Total basepairs processed:   205,302,940 bp
Quality-trimmed:               3,384,857 bp (1.6%)
Total written (filtered):    200,309,616 bp (97.6%)

=== Adapter 1 ===

Sequence: AGATCGGAAGAGC; Type: regular 3'; Length: 13; Trimmed: 278263 times

Minimum overlap: 1
No. of allowed errors:
1-9 bp: 0; 10-13 bp: 1

Bases preceding removed adapters:
  A: 38.9%
  C: 17.8%
  G: 11.7%
  T: 30.6%
  none/other: 1.1%

Overview of removed sequences
length	count	expect	max.err	error counts
1	185147	204485.0	0	185147
2	57349	51121.2	0	57349
3	7417	12780.3	0	7417
4	2340	3195.1	0	2340
5	163	798.8	0	163
6	253	199.7	0	253
7	7113	49.9	0	7113
8	128	12.5	0	128
9	322	3.1	0	322
10	362	0.8	1	343 19
11	73	0.2	1	68 5
12	239	0.0	1	223 16
13	39	0.0	1	33 6
14	176	0.0	1	159 17
15	51	0.0	1	46 5
16	69	0.0	1	64 5
17	136	0.0	1	126 10
18	19	0.0	1	19
19	134	0.0	1	123 11
20	75	0.0	1	69 6
21	17	0.0	1	12 5
22	68	0.0	1	62 6
23	111	0.0	1	99 12
24	892	0.0	1	853 39
25	64	0.0	1	55 9
26	111	0.0	1	109 2
27	57	0.0	1	52 5
28	155	0.0	1	146 9
29	24	0.0	1	18 6
30	184	0.0	1	175 9
31	31	0.0	1	26 5
32	132	0.0	1	121 11
33	88	0.0	1	82 6
34	108	0.0	1	99 9
35	220	0.0	1	211 9
36	221	0.0	1	196 25
37	961	0.0	1	939 22
38	129	0.0	1	109 20
39	367	0.0	1	346 21
40	97	0.0	1	72 25
41	299	0.0	1	267 32
42	409	0.0	1	352 57
43	682	0.0	1	645 37
44	563	0.0	1	504 59
45	603	0.0	1	578 25
46	346	0.0	1	317 29
47	357	0.0	1	333 24
48	195	0.0	1	186 9
49	155	0.0	1	142 13
50	107	0.0	1	95 12
51	122	0.0	1	113 9
52	114	0.0	1	100 14
53	109	0.0	1	100 9
54	231	0.0	1	225 6
55	67	0.0	1	57 10
56	155	0.0	1	130 25
57	378	0.0	1	362 16
58	157	0.0	1	154 3
59	54	0.0	1	44 10
60	93	0.0	1	89 4
61	21	0.0	1	19 2
62	22	0.0	1	20 2
63	22	0.0	1	22
64	13	0.0	1	13
65	10	0.0	1	10
66	9	0.0	1	6 3
67	9	0.0	1	7 2
68	5	0.0	1	3 2
69	8	0.0	1	8
70	22	0.0	1	19 3
71	10	0.0	1	9 1
72	9	0.0	1	7 2
73	17	0.0	1	12 5
74	38	0.0	1	31 7
75	39	0.0	1	35 4
76	42	0.0	1	32 10
77	59	0.0	1	47 12
78	142	0.0	1	97 45
79	289	0.0	1	184 105
80	587	0.0	1	397 190
81	778	0.0	1	534 244
82	673	0.0	1	456 217
83	513	0.0	1	331 182
84	342	0.0	1	201 141
85	252	0.0	1	140 112
86	143	0.0	1	79 64
87	137	0.0	1	68 69
88	111	0.0	1	57 54
89	82	0.0	1	51 31
90	67	0.0	1	34 33
91	62	0.0	1	30 32
92	49	0.0	1	27 22
93	57	0.0	1	37 20
94	271	0.0	1	240 31
95	50	0.0	1	35 15
96	68	0.0	1	47 21
97	55	0.0	1	39 16
98	32	0.0	1	21 11
99	24	0.0	1	15 9
100	17	0.0	1	11 6
101	24	0.0	1	16 8
102	23	0.0	1	10 13
103	23	0.0	1	15 8
104	10	0.0	1	5 5
105	43	0.0	1	30 13
106	13	0.0	1	5 8
107	30	0.0	1	18 12
108	20	0.0	1	13 7
109	22	0.0	1	8 14
110	15	0.0	1	3 12
111	27	0.0	1	13 14
112	24	0.0	1	10 14
113	23	0.0	1	9 14
114	17	0.0	1	9 8
115	9	0.0	1	3 6
116	12	0.0	1	5 7
117	14	0.0	1	13 1
118	10	0.0	1	6 4
119	8	0.0	1	2 6
120	9	0.0	1	6 3
121	12	0.0	1	5 7
122	11	0.0	1	1 10
123	20	0.0	1	12 8
124	18	0.0	1	7 11
125	15	0.0	1	7 8
126	14	0.0	1	3 11
127	50	0.0	1	40 10
128	15	0.0	1	6 9
129	10	0.0	1	2 8
130	7	0.0	1	2 5
131	18	0.0	1	8 10
132	11	0.0	1	1 10
133	18	0.0	1	10 8
134	20	0.0	1	11 9
135	9	0.0	1	4 5
136	19	0.0	1	7 12
137	10	0.0	1	2 8
138	9	0.0	1	3 6
139	11	0.0	1	2 9
140	1	0.0	1	0 1
141	25	0.0	1	12 13
142	10	0.0	1	1 9
143	12	0.0	1	7 5
144	14	0.0	1	5 9
145	6	0.0	1	1 5
146	27	0.0	1	12 15
147	24	0.0	1	15 9
148	13	0.0	1	7 6
149	17	0.0	1	8 9
150	13	0.0	1	2 11
151	15	0.0	1	10 5
152	14	0.0	1	7 7
153	18	0.0	1	12 6
154	23	0.0	1	17 6
155	16	0.0	1	10 6
156	41	0.0	1	34 7
157	21	0.0	1	15 6
158	21	0.0	1	16 5
159	20	0.0	1	13 7
160	41	0.0	1	34 7
161	19	0.0	1	17 2
162	25	0.0	1	18 7
163	22	0.0	1	15 7
164	26	0.0	1	23 3
165	13	0.0	1	10 3
166	31	0.0	1	26 5
167	33	0.0	1	28 5
168	24	0.0	1	23 1
169	20	0.0	1	16 4
170	13	0.0	1	10 3
171	8	0.0	1	5 3
172	31	0.0	1	29 2
173	6	0.0	1	5 1
174	14	0.0	1	12 2
175	36	0.0	1	32 4
176	23	0.0	1	23
177	9	0.0	1	6 3
178	10	0.0	1	8 2
179	8	0.0	1	7 1
180	17	0.0	1	16 1
181	10	0.0	1	10
182	4	0.0	1	1 3
183	9	0.0	1	8 1
184	4	0.0	1	4
185	37	0.0	1	35 2
186	1	0.0	1	1
187	6	0.0	1	6
188	5	0.0	1	5
189	3	0.0	1	3
190	9	0.0	1	7 2
191	3	0.0	1	3
192	8	0.0	1	8
193	10	0.0	1	10
194	3	0.0	1	2 1
195	5	0.0	1	5
196	6	0.0	1	4 2
197	5	0.0	1	5
198	6	0.0	1	6
199	5	0.0	1	4 1
200	5	0.0	1	4 1
201	6	0.0	1	6
202	3	0.0	1	3
203	4	0.0	1	4
204	4	0.0	1	4
205	1	0.0	1	1
206	2	0.0	1	2
207	5	0.0	1	5
208	4	0.0	1	4
209	5	0.0	1	5
210	12	0.0	1	11 1
211	8	0.0	1	7 1
212	6	0.0	1	6
213	3	0.0	1	1 2
214	4	0.0	1	4
215	3	0.0	1	3
216	4	0.0	1	3 1
217	2	0.0	1	2
218	1	0.0	1	1
219	1	0.0	1	1
221	2	0.0	1	2
222	2	0.0	1	1 1
223	2	0.0	1	1 1
225	1	0.0	1	1
227	1	0.0	1	1
228	1	0.0	1	1
229	1	0.0	1	1
230	3	0.0	1	2 1
232	2	0.0	1	2
234	1	0.0	1	1
235	1	0.0	1	0 1
236	1	0.0	1	1
239	4	0.0	1	3 1
241	1	0.0	1	1
242	1	0.0	1	1
244	1	0.0	1	1
246	2	0.0	1	2
247	2	0.0	1	0 2
248	5	0.0	1	0 5
249	10	0.0	1	0 10
250	24	0.0	1	0 24
251	526	0.0	1	2 524

RUN STATISTICS FOR INPUT FILE: SC2283/host_removal/SC2283_R2.fastq.gz
=============================================
817940 sequences processed in total

Total number of sequences analysed for the sequence pair length validation: 817940

Number of sequence pairs removed because at least one read was shorter than the length cutoff (20 bp): 5274 (0.64%)
