
SUMMARISING RUN PARAMETERS
==========================
Input filename: SC2211/host_removal/SC2211_R1.fastq.gz
Trimming mode: paired-end
Trim Galore version: 0.6.4_dev
Cutadapt version: 4.1
Python version: could not detect
Number of cores used for trimming: 2
Quality Phred score cutoff: 20
Quality encoding type selected: ASCII+33
Using Illumina adapter for trimming (count: 11668). Second best hit was Nextera (count: 0)
Adapter sequence: 'AGATCGGAAGAGC' (Illumina TruSeq, Sanger iPCR; auto-detected)
Maximum trimming error rate: 0.1 (default)
Minimum required adapter overlap (stringency): 1 bp
Minimum required sequence length for both reads before a sequence pair gets removed: 20 bp
Running FastQC on the data once trimming has completed
Output file will be GZIP compressed


This is cutadapt 4.1 with Python 3.9.13
Command line parameters: -j 2 -e 0.1 -q 20 -O 1 -a AGATCGGAAGAGC SC2211/host_removal/SC2211_R1.fastq.gz
Processing single-end reads on 2 cores ...
Finished in 19.30 s (36 µs/read; 1.67 M reads/minute).

=== Summary ===

Total reads processed:                 536,619
Reads with adapters:                   189,689 (35.3%)
Reads written (passing filters):       536,619 (100.0%)

Total basepairs processed:   134,691,369 bp
Quality-trimmed:                 988,342 bp (0.7%)
Total written (filtered):    132,444,919 bp (98.3%)

=== Adapter 1 ===

Sequence: AGATCGGAAGAGC; Type: regular 3'; Length: 13; Trimmed: 189689 times

Minimum overlap: 1
No. of allowed errors:
1-9 bp: 0; 10-13 bp: 1

Bases preceding removed adapters:
  A: 37.0%
  C: 18.7%
  G: 11.5%
  T: 32.5%
  none/other: 0.4%

Overview of removed sequences
length	count	expect	max.err	error counts
1	120283	134154.8	0	120283
2	43857	33538.7	0	43857
3	5287	8384.7	0	5287
4	2266	2096.2	0	2266
5	82	524.0	0	82
6	209	131.0	0	209
7	4219	32.8	0	4219
8	119	8.2	0	119
9	219	2.0	0	219
10	162	0.5	1	159 3
11	84	0.1	1	78 6
12	218	0.0	1	209 9
13	88	0.0	1	85 3
14	63	0.0	1	60 3
15	71	0.0	1	67 4
16	49	0.0	1	44 5
17	67	0.0	1	60 7
18	47	0.0	1	42 5
19	30	0.0	1	26 4
20	65	0.0	1	61 4
21	32	0.0	1	30 2
22	80	0.0	1	72 8
23	58	0.0	1	52 6
24	644	0.0	1	626 18
25	211	0.0	1	204 7
26	31	0.0	1	28 3
27	59	0.0	1	50 9
28	103	0.0	1	101 2
29	55	0.0	1	46 9
30	86	0.0	1	80 6
31	50	0.0	1	45 5
32	49	0.0	1	46 3
33	29	0.0	1	26 3
34	86	0.0	1	75 11
35	45	0.0	1	33 12
36	281	0.0	1	273 8
37	110	0.0	1	105 5
38	70	0.0	1	67 3
39	50	0.0	1	47 3
40	68	0.0	1	63 5
41	129	0.0	1	115 14
42	172	0.0	1	165 7
43	205	0.0	1	199 6
44	49	0.0	1	43 6
45	45	0.0	1	43 2
46	22	0.0	1	21 1
47	44	0.0	1	40 4
48	31	0.0	1	28 3
49	64	0.0	1	60 4
50	38	0.0	1	35 3
51	36	0.0	1	34 2
52	43	0.0	1	37 6
53	35	0.0	1	31 4
54	102	0.0	1	85 17
55	65	0.0	1	60 5
56	13	0.0	1	12 1
57	53	0.0	1	52 1
58	22	0.0	1	19 3
59	36	0.0	1	33 3
60	30	0.0	1	27 3
61	31	0.0	1	30 1
62	24	0.0	1	22 2
63	28	0.0	1	27 1
64	10	0.0	1	10
65	43	0.0	1	37 6
66	55	0.0	1	50 5
67	31	0.0	1	27 4
68	32	0.0	1	30 2
69	61	0.0	1	53 8
70	48	0.0	1	47 1
71	63	0.0	1	59 4
72	123	0.0	1	113 10
73	170	0.0	1	149 21
74	235	0.0	1	199 36
75	540	0.0	1	469 71
76	1308	0.0	1	1240 68
77	1026	0.0	1	970 56
78	683	0.0	1	633 50
79	429	0.0	1	399 30
80	254	0.0	1	234 20
81	188	0.0	1	177 11
82	145	0.0	1	135 10
83	106	0.0	1	95 11
84	99	0.0	1	83 16
85	90	0.0	1	82 8
86	67	0.0	1	64 3
87	89	0.0	1	80 9
88	70	0.0	1	64 6
89	50	0.0	1	46 4
90	47	0.0	1	45 2
91	43	0.0	1	37 6
92	36	0.0	1	32 4
93	51	0.0	1	45 6
94	234	0.0	1	224 10
95	47	0.0	1	44 3
96	68	0.0	1	59 9
97	50	0.0	1	44 6
98	32	0.0	1	32
99	21	0.0	1	21
100	24	0.0	1	23 1
101	19	0.0	1	17 2
102	26	0.0	1	24 2
103	24	0.0	1	22 2
104	21	0.0	1	18 3
105	30	0.0	1	30
106	17	0.0	1	15 2
107	13	0.0	1	12 1
108	14	0.0	1	13 1
109	19	0.0	1	14 5
110	15	0.0	1	12 3
111	22	0.0	1	21 1
112	13	0.0	1	12 1
113	26	0.0	1	24 2
114	22	0.0	1	16 6
115	10	0.0	1	8 2
116	18	0.0	1	16 2
117	31	0.0	1	25 6
118	9	0.0	1	6 3
119	13	0.0	1	12 1
120	12	0.0	1	9 3
121	16	0.0	1	14 2
122	11	0.0	1	10 1
123	22	0.0	1	19 3
124	8	0.0	1	7 1
125	13	0.0	1	8 5
126	8	0.0	1	7 1
127	18	0.0	1	16 2
128	14	0.0	1	11 3
129	6	0.0	1	5 1
130	11	0.0	1	5 6
131	12	0.0	1	8 4
132	14	0.0	1	9 5
133	21	0.0	1	18 3
134	12	0.0	1	9 3
135	5	0.0	1	5
136	10	0.0	1	9 1
137	11	0.0	1	9 2
138	5	0.0	1	2 3
139	5	0.0	1	3 2
140	8	0.0	1	6 2
141	27	0.0	1	24 3
142	11	0.0	1	6 5
143	12	0.0	1	10 2
144	9	0.0	1	4 5
145	14	0.0	1	12 2
146	17	0.0	1	14 3
147	23	0.0	1	20 3
148	8	0.0	1	8
149	15	0.0	1	10 5
150	5	0.0	1	2 3
151	24	0.0	1	20 4
152	14	0.0	1	8 6
153	28	0.0	1	25 3
154	33	0.0	1	29 4
155	17	0.0	1	16 1
156	50	0.0	1	47 3
157	34	0.0	1	30 4
158	29	0.0	1	28 1
159	39	0.0	1	36 3
160	57	0.0	1	56 1
161	44	0.0	1	41 3
162	53	0.0	1	52 1
163	29	0.0	1	27 2
164	57	0.0	1	53 4
165	11	0.0	1	10 1
166	39	0.0	1	39
167	34	0.0	1	34
168	40	0.0	1	35 5
169	25	0.0	1	23 2
170	26	0.0	1	23 3
171	11	0.0	1	9 2
172	35	0.0	1	31 4
173	18	0.0	1	17 1
174	17	0.0	1	13 4
175	21	0.0	1	18 3
176	29	0.0	1	25 4
177	11	0.0	1	8 3
178	5	0.0	1	3 2
179	12	0.0	1	11 1
180	16	0.0	1	14 2
181	24	0.0	1	21 3
182	1	0.0	1	1
183	14	0.0	1	12 2
184	10	0.0	1	8 2
185	51	0.0	1	47 4
186	5	0.0	1	3 2
187	7	0.0	1	4 3
188	2	0.0	1	0 2
189	5	0.0	1	4 1
190	13	0.0	1	11 2
191	4	0.0	1	4
192	6	0.0	1	6
193	4	0.0	1	3 1
194	3	0.0	1	3
195	6	0.0	1	5 1
196	5	0.0	1	1 4
197	4	0.0	1	3 1
198	3	0.0	1	3
199	2	0.0	1	1 1
200	5	0.0	1	3 2
201	2	0.0	1	2
202	1	0.0	1	1
203	3	0.0	1	3
204	1	0.0	1	1
205	1	0.0	1	1
206	1	0.0	1	1
207	1	0.0	1	1
208	3	0.0	1	2 1
209	2	0.0	1	2
210	7	0.0	1	7
212	1	0.0	1	1
213	4	0.0	1	3 1
214	3	0.0	1	3
215	5	0.0	1	5
216	2	0.0	1	1 1
219	1	0.0	1	0 1
220	1	0.0	1	1
222	1	0.0	1	0 1
224	1	0.0	1	1
225	2	0.0	1	1 1
227	1	0.0	1	1
229	1	0.0	1	1
231	2	0.0	1	2
232	1	0.0	1	1
235	1	0.0	1	0 1
236	1	0.0	1	1
238	3	0.0	1	3
239	1	0.0	1	0 1
240	1	0.0	1	0 1
242	1	0.0	1	1
243	2	0.0	1	1 1
245	5	0.0	1	1 4
246	2	0.0	1	0 2
248	3	0.0	1	0 3
249	4	0.0	1	0 4
250	5	0.0	1	0 5
251	168	0.0	1	0 168

RUN STATISTICS FOR INPUT FILE: SC2211/host_removal/SC2211_R1.fastq.gz
=============================================
536619 sequences processed in total

