quality	AA	AC	AG	AT	A.	CA	CC	CG	CT	C.	GA	GC	GG	GT	G.	TA	TC	TG	TT	T.	.A	.C	.G	.T	..
0	NA	NA	NA	NA	NA	NA	NA	NA	NA	NA	NA	NA	NA	NA	NA	NA	NA	NA	NA	NA	NA	NA	NA	NA	NA
1	NA	NA	NA	NA	NA	NA	NA	NA	NA	NA	NA	NA	NA	NA	NA	NA	NA	NA	NA	NA	NA	NA	NA	NA	NA
2	NA	NA	NA	NA	NA	NA	NA	NA	NA	NA	NA	NA	NA	NA	NA	NA	NA	NA	NA	NA	NA	NA	NA	NA	NA
3	NA	NA	NA	NA	NA	NA	NA	NA	NA	NA	NA	NA	NA	NA	NA	NA	NA	NA	NA	NA	NA	NA	NA	NA	NA
4	NA	NA	NA	NA	NA	NA	NA	NA	NA	NA	NA	NA	NA	NA	NA	NA	NA	NA	NA	NA	NA	NA	NA	NA	NA
5	NA	NA	NA	NA	NA	NA	NA	NA	NA	NA	NA	NA	NA	NA	NA	NA	NA	NA	NA	NA	NA	NA	NA	NA	NA
6	NA	NA	NA	NA	NA	NA	NA	NA	NA	NA	NA	NA	NA	NA	NA	NA	NA	NA	NA	NA	NA	NA	NA	NA	NA
7	NA	NA	NA	NA	NA	NA	NA	NA	NA	NA	NA	NA	NA	NA	NA	NA	NA	NA	NA	NA	NA	NA	NA	NA	NA
8	NA	NA	NA	NA	NA	NA	NA	NA	NA	NA	NA	NA	NA	NA	NA	NA	NA	NA	NA	NA	NA	NA	NA	NA	NA
9	NA	NA	NA	NA	NA	NA	NA	NA	NA	NA	NA	NA	NA	NA	NA	NA	NA	NA	NA	NA	NA	NA	NA	NA	NA
10	0.977099	0.00763359	NA	0.0152672	NA	0.0487805	0.926829	NA	0.0243902	NA	0.0118343	NA	0.976331	0.0118343	NA	NA	NA	NA	1	NA	NA	NA	NA	NA	1
11	0.975274	0.011162	0.00347575	0.00994687	0.000141291	0.0697423	0.907243	0.00610245	0.0167382	0.000174356	0.0214388	0.00500538	0.920793	0.052709	5.38213e-05	0.0204978	0.00344501	0.0174834	0.958488	8.61252e-05	8.37272e-05	2.28347e-05	1.52231e-05	3.80578e-05	0.99984
12	0.97136	0.0157336	0.00537337	0.00746512	6.82092e-05	0.0572328	0.923012	0.00519007	0.0144229	0.000142044	0.0121044	0.00403938	0.948299	0.0354613	9.61756e-05	0.0122259	0.00551446	0.0226922	0.959496	7.16164e-05	3.85762e-05	2.14312e-05	1.92881e-05	3.00037e-05	0.999891
13	0.966808	0.0182283	0.00606169	0.00883141	7.08338e-05	0.0434966	0.940549	0.00465672	0.0111711	0.000126966	0.00897644	0.00330879	0.965261	0.0223715	8.27668e-05	0.0127341	0.0074055	0.0222722	0.95748	0.000108485	3.84286e-05	1.28095e-05	1.90202e-05	2.83362e-05	0.999901
14	0.96547	0.0188687	0.0063177	0.00924188	0.000101654	0.0380209	0.946112	0.00449865	0.0112268	0.00014182	0.0137735	0.00576038	0.950179	0.0301584	0.000128473	0.0147177	0.010994	0.0216596	0.95248	0.00014849	4.41388e-05	3.17248e-05	2.75868e-05	3.58628e-05	0.999861
15	0.967365	0.0157837	0.00637473	0.0103707	0.000105984	0.0337202	0.945397	0.00591813	0.0148664	9.84532e-05	0.0124732	0.00581925	0.954344	0.0272559	0.000107322	0.0161142	0.00836265	0.0217468	0.953692	8.37744e-05	5.5118e-05	2.22817e-05	3.51817e-05	3.04908e-05	0.999857
16	0.965942	0.0157617	0.00691546	0.0113075	7.35221e-05	0.0270123	0.955098	0.00457948	0.0132376	7.23369e-05	0.0110077	0.0054277	0.957618	0.0258766	6.98725e-05	0.01829	0.0115759	0.026299	0.943761	7.45895e-05	3.52979e-05	2.03316e-05	1.86373e-05	2.96502e-05	0.999896
17	NA	NA	NA	NA	NA	NA	NA	NA	NA	NA	NA	NA	NA	NA	NA	NA	NA	NA	NA	NA	NA	NA	NA	NA	NA
18	1	NA	NA	NA	NA	NA	1	NA	NA	NA	NA	NA	1	NA	NA	NA	NA	NA	1	NA	NA	NA	NA	NA	1
19	1	NA	NA	NA	NA	NA	1	NA	NA	NA	NA	NA	1	NA	NA	0.00884956	NA	0.00884956	0.982301	NA	NA	NA	NA	NA	1
20	0.997887	0.00182464	9.60338e-05	0.000192068	NA	0.00802354	0.990104	0.000401177	0.00147098	NA	0.00116593	0.000245459	0.993925	0.00466372	NA	0.00159787	0.000133156	0.00226365	0.996005	NA	2.39952e-05	NA	NA	4.79904e-05	0.999928
21	0.996715	0.00218231	0.000555356	0.00053189	1.56438e-05	0.00538372	0.993447	0.000325945	0.000831722	1.12395e-05	0.000741425	0.000243756	0.996648	0.00235631	1.01565e-05	0.000665057	0.000408368	0.00245021	0.996447	2.91691e-05	1.64435e-05	6.16633e-06	1.43881e-05	6.16633e-06	0.999957
22	0.996485	0.00231446	0.00084063	0.000327518	3.27518e-05	0.00606318	0.992182	0.000460944	0.001241	5.31858e-05	0.00228547	0.000289493	0.994561	0.00277304	9.14188e-05	0.000935283	0.000526768	0.00258009	0.995915	4.30015e-05	3.91386e-05	1.63077e-05	9.78464e-06	1.30462e-05	0.999922
23	0.9977	0.00149942	0.000457655	0.000337219	6.02177e-06	0.00377424	0.994302	0.000349808	0.00154652	2.76164e-05	0.00100826	0.000172353	0.996889	0.00188726	4.30882e-05	0.000515898	0.000756932	0.00136163	0.997336	2.96007e-05	1.59503e-05	4.78509e-06	9.57019e-06	1.75453e-05	0.999952
24	0.997959	0.00101196	0.000775834	0.000219258	3.37319e-05	0.00350765	0.995159	0.000144944	0.00113057	5.79777e-05	0.00073694	0.000272941	0.997107	0.0018287	5.45881e-05	0.000341971	0.000278643	0.00105125	0.998303	2.53312e-05	3.82164e-05	1.91082e-05	3.34394e-05	2.86623e-05	0.999881
25	0.998104	0.000987284	0.000473896	0.000434405	NA	0.00430693	0.993449	0.000181344	0.00204012	2.2668e-05	0.00294266	0.000395283	0.99429	0.0023717	NA	0.000436459	0.00137173	0.00105997	0.997132	NA	3.05583e-05	1.14593e-05	1.52791e-05	2.29187e-05	0.99992
26	0.996258	0.00124749	0.00213856	0.000311873	4.45534e-05	0.0033532	0.99225	0.000372578	0.00402385	NA	0.00152329	8.01732e-05	0.997034	0.00128277	8.01732e-05	0.000183739	0.0029092	0.000826826	0.996019	6.12464e-05	2.47033e-05	1.23516e-05	1.23516e-05	6.17581e-05	0.999889
27	0.996196	0.00172396	0.00143138	0.000625764	2.32071e-05	0.0026695	0.995494	0.000276716	0.00154364	1.62774e-05	0.00141297	0.000511226	0.995038	0.0030141	2.36679e-05	0.000957153	0.00125345	0.00365179	0.994116	2.18466e-05	2.54662e-05	1.33281e-05	1.09481e-05	2.16581e-05	0.999929
28	0.998003	0.00109424	0.000575915	0.000287958	3.83943e-05	0.000545469	0.998091	3.89621e-05	0.00132471	NA	0.00121611	0.000267956	0.997001	0.00149437	2.0612e-05	0.000303214	0.00174348	0.000379018	0.997536	3.79018e-05	NA	4.40882e-06	4.40882e-06	8.81764e-06	0.999982
29	0.999586	NA	0.000413522	NA	NA	0.000643294	0.999196	NA	0.000160823	NA	0.00038576	NA	0.999504	0.000110217	NA	0.000206526	0.000206526	NA	0.999587	NA	NA	NA	NA	2.57274e-05	0.999974
30	0.998238	0.000746459	0.000753266	0.000257139	5.29404e-06	0.000450297	0.998343	0.000122032	0.0010812	3.66095e-06	0.00103914	0.000169915	0.997894	0.000892341	4.62353e-06	0.00034508	0.000969089	0.000678032	0.998003	4.40996e-06	1.87001e-05	3.84249e-06	4.35483e-06	9.47815e-06	0.999964
31	0.998523	0.000538025	0.000795828	0.000138242	4.48354e-06	0.000515455	0.998425	6.05719e-05	0.000991717	7.12611e-06	0.000766505	0.000109344	0.998503	0.000617796	3.28033e-06	0.000207118	0.000824396	0.000627878	0.998338	2.44628e-06	1.62568e-05	4.00531e-06	2.12046e-06	1.36652e-05	0.999964
32	0.999111	0.000201782	0.000627768	5.97874e-05	NA	0.000333255	0.998924	3.50795e-05	0.000707437	NA	0.000265874	5.21322e-05	0.999468	0.000213742	NA	9.72069e-05	0.000694849	0.000172812	0.999032	3.60026e-06	2.28494e-06	NA	2.28494e-06	5.71235e-06	0.99999
33	0.999282	0.000191816	0.000488822	3.40319e-05	3.09381e-06	0.000540984	0.998596	2.79819e-05	0.000834795	NA	0.00015658	3.8087e-05	0.999623	0.000165044	1.69276e-05	3.30118e-05	0.000756731	0.000246319	0.998964	NA	3.65851e-06	5.48776e-06	4.57313e-06	5.48776e-06	0.999981
34	0.998293	0.000699727	0.000894156	0.000108535	5.03142e-06	0.000224113	0.998865	4.64484e-05	0.000857553	6.96725e-06	0.000896349	9.438e-05	0.998611	0.000386384	1.1993e-05	0.000134933	0.000783712	0.000536988	0.998538	6.27597e-06	1.57426e-05	4.57765e-06	2.9029e-06	1.27281e-05	0.999964
35	0.998349	0.000713039	0.000874977	5.76064e-05	5.12057e-06	0.000259612	0.999394	1.31866e-05	0.000328842	4.12082e-06	0.000523638	4.20931e-05	0.999226	0.000199521	8.41861e-06	5.16603e-05	0.000479543	0.000504811	0.998959	5.05373e-06	1.0464e-05	3.42457e-06	2.66355e-06	9.13218e-06	0.999974
36	0.998721	0.000430394	0.000754468	8.45176e-05	9.15159e-06	8.70616e-05	0.999044	3.00212e-05	0.000832017	6.862e-06	0.000678027	4.65511e-05	0.999072	0.0001943	8.90543e-06	7.17565e-05	0.000703519	0.000274812	0.998944	5.49624e-06	1.2722e-05	4.41029e-06	2.62921e-06	1.24675e-05	0.999968
37	0.998348	0.000345893	0.00123775	6.3402e-05	4.93127e-06	9.65906e-05	0.999025	2.5676e-05	0.000849141	3.668e-06	0.000679535	4.42633e-05	0.999142	0.000129049	4.98741e-06	6.37667e-05	0.000805054	0.000290271	0.998837	4.31753e-06	1.37535e-05	3.63093e-06	2.53065e-06	9.24236e-06	0.999971
38	0.998334	0.000416772	0.00118973	5.41969e-05	5.20669e-06	5.67598e-05	0.999135	2.19471e-05	0.000777609	8.32477e-06	0.000601388	3.3968e-05	0.999274	8.1832e-05	9.264e-06	4.47855e-05	0.000701011	0.000225813	0.999023	5.18569e-06	1.49644e-05	4.16083e-06	2.84688e-06	1.29205e-05	0.999965
39	0.998647	0.000493749	0.000804038	4.67199e-05	8.48934e-06	3.80973e-05	0.99916	1.77239e-05	0.000777386	7.12611e-06	0.00053631	2.90665e-05	0.999373	5.29983e-05	9.07756e-06	4.57116e-05	0.000665576	0.000194778	0.999088	6.04538e-06	1.3579e-05	3.96555e-06	2.36903e-06	1.39738e-05	0.999966
40	0.998851	0.000530224	0.000565938	3.8721e-05	1.42547e-05	2.27121e-05	0.999228	1.25837e-05	0.000726326	1.06655e-05	0.000418276	2.5679e-05	0.999503	3.55623e-05	1.78253e-05	3.43486e-05	0.000529442	0.000158665	0.999271	6.41569e-06	1.60861e-05	5.30467e-06	2.67581e-06	1.63834e-05	0.99996
