quality	AA	AC	AG	AT	A.	CA	CC	CG	CT	C.	GA	GC	GG	GT	G.	TA	TC	TG	TT	T.	.A	.C	.G	.T	..
0	NA	NA	NA	NA	NA	NA	NA	NA	NA	NA	NA	NA	NA	NA	NA	NA	NA	NA	NA	NA	NA	NA	NA	NA	NA
1	NA	NA	NA	NA	NA	NA	NA	NA	NA	NA	NA	NA	NA	NA	NA	NA	NA	NA	NA	NA	NA	NA	NA	NA	NA
2	NA	NA	NA	NA	NA	NA	NA	NA	NA	NA	NA	NA	NA	NA	NA	NA	NA	NA	NA	NA	NA	NA	NA	NA	NA
3	NA	NA	NA	NA	NA	NA	NA	NA	NA	NA	NA	NA	NA	NA	NA	NA	NA	NA	NA	NA	NA	NA	NA	NA	NA
4	NA	NA	NA	NA	NA	NA	NA	NA	NA	NA	NA	NA	NA	NA	NA	NA	NA	NA	NA	NA	NA	NA	NA	NA	NA
5	NA	NA	NA	NA	NA	NA	NA	NA	NA	NA	NA	NA	NA	NA	NA	NA	NA	NA	NA	NA	NA	NA	NA	NA	NA
6	NA	NA	NA	NA	NA	NA	NA	NA	NA	NA	NA	NA	NA	NA	NA	NA	NA	NA	NA	NA	NA	NA	NA	NA	NA
7	NA	NA	NA	NA	NA	NA	NA	NA	NA	NA	NA	NA	NA	NA	NA	NA	NA	NA	NA	NA	NA	NA	NA	NA	NA
8	NA	NA	NA	NA	NA	NA	NA	NA	NA	NA	NA	NA	NA	NA	NA	NA	NA	NA	NA	NA	NA	NA	NA	NA	NA
9	NA	NA	NA	NA	NA	NA	NA	NA	NA	NA	NA	NA	NA	NA	NA	NA	NA	NA	NA	NA	NA	NA	NA	NA	NA
10	NA	NA	NA	NA	NA	NA	NA	NA	NA	NA	NA	NA	NA	NA	NA	NA	NA	NA	NA	NA	NA	NA	NA	NA	NA
11	0.974595	0.009556	0.00337956	0.0124694	NA	0.0562664	0.917682	0.00616618	0.0197318	0.000154154	0.0162875	0.00625387	0.940416	0.0370421	NA	0.0228841	0.00435888	0.0119869	0.96077	NA	NA	NA	NA	0.000123617	0.999876
12	0.973539	0.013026	0.00547958	0.00788291	7.20998e-05	0.0355356	0.946898	0.0042992	0.0130991	0.000167937	0.0133806	0.00475576	0.951959	0.0298041	0.000100758	0.0136405	0.00694825	0.0224173	0.956957	3.65698e-05	4.04629e-05	2.69753e-05	2.69753e-05	4.04629e-05	0.999865
13	0.967582	0.0155711	0.00652736	0.010226	9.34148e-05	0.0302342	0.953818	0.00430923	0.011499	0.000139157	0.0106797	0.00445976	0.963264	0.0214911	0.000105349	0.0148102	0.0094817	0.0211134	0.954491	0.000103919	4.13313e-05	2.1605e-05	3.19378e-05	5.07248e-05	0.999854
14	0.963858	0.016249	0.00720823	0.0125204	0.000164184	0.0293296	0.952048	0.00454403	0.0138965	0.000181761	0.0186995	0.00728659	0.941902	0.0319921	0.000119821	0.0177438	0.0144522	0.0209376	0.946636	0.000230621	6.82456e-05	3.41228e-05	3.75351e-05	8.70132e-05	0.999773
15	0.976347	0.00815352	0.00500152	0.0103764	0.000121565	0.0117599	0.975529	0.00337838	0.00922367	0.00010898	0.0147432	0.00584063	0.954637	0.0246239	0.000155385	0.0269738	0.0158519	0.0262963	0.930622	0.000255676	5.78723e-05	2.89362e-05	3.15667e-05	6.5764e-05	0.999816
16	0.962367	0.0124551	0.00948658	0.0154896	0.000201421	0.0182803	0.959262	0.00517833	0.0170907	0.000188401	0.0195147	0.00916569	0.94402	0.0271338	0.000166083	0.0201327	0.0145756	0.0200584	0.945064	0.000169147	0.000110506	6.39199e-05	4.22521e-05	8.88378e-05	0.999694
17	NA	NA	NA	NA	NA	NA	NA	NA	NA	NA	NA	NA	NA	NA	NA	NA	NA	NA	NA	NA	NA	NA	NA	NA	NA
18	NA	NA	NA	NA	NA	NA	NA	NA	NA	NA	NA	NA	NA	NA	NA	NA	NA	NA	NA	NA	NA	NA	NA	NA	NA
19	NA	NA	NA	NA	NA	NA	NA	NA	NA	NA	NA	NA	NA	NA	NA	NA	NA	NA	NA	NA	NA	NA	NA	NA	NA
20	0.997753	0.00128411	0.000963082	NA	NA	0.00473261	0.993848	0.000473261	0.000946522	NA	0.000574493	0.000382995	0.994638	0.00440444	NA	0.00200723	0.000401445	0.0044159	0.993175	NA	7.73156e-05	NA	NA	7.73156e-05	0.999845
21	0.997584	0.00141128	0.000598	0.00040664	NA	0.00220551	0.99619	0.000601504	0.000935673	6.68338e-05	0.000986459	0.000418498	0.996592	0.00197292	2.98927e-05	0.00108671	0.000609214	0.0022722	0.995999	3.29305e-05	6.03027e-06	1.80908e-05	NA	6.03027e-06	0.99997
22	0.996722	0.00125546	0.000906724	0.00104622	6.9748e-05	0.00387073	0.993829	0.000547745	0.00171627	3.65163e-05	0.00304221	0.000633794	0.993504	0.002757	6.33794e-05	0.00156875	0.000522917	0.00350127	0.994384	2.27355e-05	6.85382e-06	1.37076e-05	NA	2.05615e-05	0.999959
23	0.997443	0.000949246	0.000918625	0.000658348	3.06208e-05	0.00263523	0.995341	0.000541164	0.00143526	4.70577e-05	0.00163082	0.000528914	0.995791	0.00204954	NA	0.000984096	0.000708972	0.00157667	0.996699	3.1745e-05	2.42404e-05	NA	4.04006e-06	1.61602e-05	0.999956
24	0.997571	0.0010153	0.00119661	0.000217565	NA	0.00214768	0.996399	0.000315836	0.00113701	NA	0.00228297	0.000399521	0.995206	0.00211175	NA	0.00064866	0.000441089	0.00134921	0.997483	7.78392e-05	5.02811e-05	1.00562e-05	2.01124e-05	4.02249e-05	0.999879
25	0.997766	0.000744542	0.000797724	0.000691361	NA	0.00325851	0.994207	0.000678856	0.00181028	4.52571e-05	0.00361121	0.000565611	0.992299	0.00352419	NA	0.00109307	0.00127194	0.00129181	0.996323	1.9874e-05	7.52247e-06	7.52247e-06	2.25674e-05	2.25674e-05	0.99994
26	0.996823	0.000373762	0.00201831	0.0007849	NA	0.00221819	0.9959	0.000470525	0.00141157	NA	0.00287315	0.000790116	0.993104	0.00323229	NA	0.00022934	0.000637056	0.00129959	0.997783	5.09645e-05	2.11178e-05	1.05589e-05	3.16766e-05	8.44711e-05	0.999852
27	0.996154	0.00124726	0.00133422	0.00123877	2.54542e-05	0.0012201	0.996755	0.000402267	0.00160907	1.32981e-05	0.00275101	0.00133122	0.991503	0.00437283	4.15142e-05	0.00116064	0.00157958	0.00406224	0.993155	4.2383e-05	3.47571e-05	2.1342e-05	1.58541e-05	2.50007e-05	0.999903
28	0.998011	0.000716161	0.000835522	0.000437654	NA	0.000518852	0.996887	0.000172951	0.00242131	NA	0.00285232	0.000636286	0.994866	0.00157974	6.58227e-05	0.000667062	0.00429884	0.00037059	0.994664	NA	NA	9.31836e-06	NA	9.31836e-06	0.999981
29	1	NA	NA	NA	NA	NA	0.999268	NA	0.000732064	NA	0.000524476	NA	0.999476	NA	NA	NA	NA	NA	1	NA	NA	NA	NA	NA	1
30	0.997652	0.000603605	0.00104819	0.000682261	1.36794e-05	0.000306394	0.998146	0.000155838	0.00138405	7.92397e-06	0.00185029	0.000424024	0.996764	0.000956463	4.81845e-06	0.000659315	0.00131863	0.000685478	0.997331	5.23266e-06	1.59332e-05	6.25946e-06	4.55233e-06	1.99165e-05	0.999953
31	0.998532	0.000350403	0.000840362	0.000270008	7.58449e-06	0.000226642	0.998656	8.55689e-05	0.00102451	6.93802e-06	0.00119186	0.00018898	0.997981	0.000622775	1.50325e-05	0.000307044	0.000874294	0.000716436	0.998099	3.46942e-06	1.33535e-05	6.67674e-06	4.29219e-06	2.14609e-05	0.999954
32	0.998707	0.000124877	0.00107247	9.54941e-05	NA	0.000113135	0.999486	3.0855e-05	0.00037026	NA	0.000281499	5.82411e-05	0.999233	0.000427102	NA	9.36442e-05	0.000267555	0.000260866	0.999378	NA	4.1922e-06	2.0961e-06	2.0961e-06	1.67688e-05	0.999975
33	0.999244	9.64532e-05	0.00061087	4.82266e-05	NA	6.2753e-05	0.999561	7.84412e-06	0.000368674	NA	0.000208134	2.87082e-05	0.99944	0.000322967	NA	2.82504e-05	0.000213896	0.000464114	0.999282	1.21073e-05	4.53261e-06	3.02174e-06	3.02174e-06	6.04347e-06	0.999983
34	0.998462	0.000486042	0.000837802	0.000206531	7.29793e-06	0.000109186	0.998949	6.33984e-05	0.000868792	9.39235e-06	0.00122103	0.000177641	0.998203	0.000382847	1.53139e-05	0.000203217	0.000967313	0.000473089	0.998352	4.06434e-06	1.62661e-05	4.29244e-06	3.16285e-06	2.19141e-05	0.999954
35	0.999269	0.000328808	0.000353072	4.85264e-05	8.36663e-07	2.45298e-05	0.999693	2.34148e-05	0.000257562	1.11499e-06	0.000568966	6.96203e-05	0.999107	0.000242471	1.20035e-05	4.82136e-05	0.000576956	0.0004966	0.998873	4.82136e-06	7.76156e-06	6.09837e-06	3.60358e-06	9.70195e-06	0.999973
36	0.998817	0.000261566	0.000786053	0.000127847	7.22807e-06	5.08937e-05	0.999072	4.50773e-05	0.000828113	3.63526e-06	0.000877188	0.000109403	0.998838	0.000162467	1.2447e-05	0.000117383	0.000837618	0.000295849	0.998744	5.31147e-06	1.48636e-05	6.5743e-06	3.28715e-06	1.68645e-05	0.999958
37	0.998699	0.00018788	0.00101292	8.92721e-05	1.05026e-05	4.85822e-05	0.999097	3.10099e-05	0.000817628	6.20198e-06	0.000816281	7.54883e-05	0.998984	0.000107697	1.61042e-05	7.75981e-05	0.00093676	0.000291412	0.99869	4.46608e-06	1.46385e-05	7.68522e-06	3.11068e-06	1.90301e-05	0.999956
38	0.998531	0.000300179	0.00109102	6.78146e-05	9.64031e-06	3.28319e-05	0.999205	2.96026e-05	0.000727685	4.84405e-06	0.000712975	5.40054e-05	0.999127	9.19131e-05	1.45399e-05	6.67242e-05	0.000809976	0.000264489	0.998851	8.25453e-06	1.71175e-05	5.9808e-06	3.40287e-06	1.66019e-05	0.999957
39	0.998534	0.00033088	0.00107928	4.62063e-05	9.29437e-06	2.54089e-05	0.99918	2.83917e-05	0.000759506	6.84937e-06	0.00061123	4.11747e-05	0.999284	4.79848e-05	1.60299e-05	5.22456e-05	0.000796839	0.000225896	0.998917	8.33172e-06	1.54593e-05	5.76447e-06	3.70861e-06	1.71926e-05	0.999958
40	0.9989	0.000452156	0.000594382	3.9102e-05	1.4834e-05	2.57776e-05	0.999148	2.31577e-05	0.000793397	9.54378e-06	0.000416786	3.5683e-05	0.999491	3.17413e-05	2.46358e-05	4.27938e-05	0.00054503	0.000199321	0.999205	7.77793e-06	2.08116e-05	7.94127e-06	3.89981e-06	1.91686e-05	0.999948
