ks_quality_p_value	fisher_strand_p_value	bias_p_value	bias_e_value
0.864937	1	0.990438	29617.1
0.418608	0.788568	0.69597	20811.6
0.969834	1	0.99954	29889.3
0.762162	0.754771	0.893339	26713.5
0.71766	0.754795	0.873777	26128.6
0.900047	0.75492	0.942043	28169.9
0.876331	0.75501	0.934919	27956.9
0.993378	0.385951	0.750952	22455.7
0.701796	1	0.950311	28417.1
0.478731	1	0.831372	24860.5
0.472495	1	0.826738	24721.9
0.675689	1	0.940574	28126
0.0222685	1	0.106991	3199.34
0.999998	0.00018131	0.00174335	52.1314
0.979513	0.384815	0.7447	22268.8
0.478731	0.516169	0.592545	17718.9
0.997791	1	0.999998	29902.9
0.971028	0.619068	0.907073	27124.2
0.543937	0.6277	0.708334	21181.3
0.999987	1.97936e-09	4.16461e-08	0.00124534
1.71986e-07	0.622613	1.8257e-06	0.0545938
0.744975	0.568243	0.787223	23540.3
0.770912	1	0.971489	29050.4
0.999999	0.00413575	0.0268331	802.389
1	0.278842	0.634954	18987
1	1	1	29903
0.999952	0.0431184	0.178668	5342.7
0.0456791	0.746901	0.149366	4466.48
0.45283	0.853044	0.753711	22538.2
0.998783	0.493993	0.841949	25176.8
0.6651	0.00036544	0.00226581	67.7544
0.999995	0.222524	0.556914	16653.4
1	0.00495426	0.031249	934.439
0.996948	0.00792095	0.0461274	1379.35
0.999985	0.000293888	0.00268384	80.2548
0.999974	0.00913577	0.0520322	1555.92
0.999078	0.0218324	0.10525	3147.3
0.484155	0.0218745	0.0587546	1756.94
0.980985	0.0218959	0.103975	3109.17
0.958581	0.0164295	0.0811226	2425.81
0.997177	0.0195068	0.096088	2873.32
0.615119	0.113644	0.255895	7652.03
0.99034	0.110982	0.3526	10543.8
0.963333	0.0575321	0.215747	6451.49
0.969959	0.000980534	0.00756859	226.324
0.995516	0.000245293	0.00227528	68.0377
0.99707	0.000122695	0.00122442	36.6139
0.997832	0.000245132	0.00227867	68.1391
0.997952	0.000122618	0.00122471	36.6224
0.99156	0.624965	0.916234	27398.1
0.982468	0.000144195	0.00139712	41.7781
0.530012	0.124954	0.246012	7356.49
0.999999	3.51269e-26	2.09394e-24	6.26151e-20
0.691226	1	0.946488	28302.8
0.360836	0.48393	0.479356	14334.2
0.999999	0.633963	0.922901	27597.5
0.110142	0.945345	0.339666	10157
0.111372	1	0.35582	10640.1
0.386858	1	0.754256	22554.5
0.885555	1	0.993186	29699.2
0.961897	1	0.999265	29881
0.889462	1	0.993652	29713.2
0.0756385	1	0.270921	8101.36
0.386858	1	0.754256	22554.5
0.544636	0.620382	0.704504	21066.8
0.853201	1	0.988655	29563.8
0.709988	0.419877	0.658908	19703.3
1	0.0183488	0.0917107	2742.43
0.999999	0.0394206	0.166886	4990.38
0.999998	0.018376	0.0918195	2745.68
1	1.37047e-07	2.30279e-06	0.0688603
1	6.00055e-07	9.19659e-06	0.275006
0.999999	1.18739e-08	2.28559e-07	0.0068346
0.999999	1.20703e-08	2.32141e-07	0.00694172
0.999995	1.18916e-08	2.28881e-07	0.00684424
0.995833	0.144092	0.422078	12621.4
0.961425	0.613266	0.901097	26945.5
0.375554	0.252212	0.317957	9507.88
0.598063	0.610337	0.732889	21915.6
0.879165	1	0.992386	29675.3
0.999954	7.80643e-05	0.000816361	24.4116
0.720833	1	0.956796	28611.1
0.827852	1	0.98425	29432
0.727388	1	0.958912	28674.3
0.098004	1	0.325643	9737.69
0.875611	0.14044	0.380693	11383.9
0.999813	0.00537326	0.0334504	1000.27
0.999999	0.13447	0.404272	12088.9
0.697871	1	0.94891	28375.2
0.910599	0.0184245	0.0853585	2552.48
0.993785	0.0657607	0.24363	7285.27
0.988741	0.0366572	0.156484	4679.35
0.727735	0.0582535	0.176388	5274.53
0.999984	0.0641485	0.240333	7186.68
0.658684	2.36135e-06	2.23568e-05	0.668535
0.692459	0.401359	0.633781	18952
0.999925	1.15081e-07	1.95366e-06	0.0584203
0.922617	1	0.996926	29811.1
0.793875	1	0.977125	29219
0.447927	0.0823491	0.158608	4742.86
1.38186e-05	0.165155	3.19291e-05	0.954775
0.660939	0.392353	0.609325	18220.6
1	0.040454	0.170214	5089.91
0.909707	1	0.995795	29777.3
0.359509	1	0.727292	21748.2
0.95898	1	0.999147	29877.5
0.944452	0.466458	0.80168	23972.6
0.785547	1	0.975158	29160.2
0.82475	0.00280842	0.0163707	489.534
0.00015193	9.16917e-09	3.94232e-11	1.17887e-06
0.38535	0.752395	0.648904	19404.2
0.999646	1	1	29903
0.999999	1	1	29903
0.758269	1	0.968095	28948.9
0.723033	0.215651	0.445689	13327.4
0.884142	0.21544	0.506334	15140.9
0.902675	0.266221	0.582952	17432
0.868674	0.0481135	0.174493	5217.87
0.814158	0.0481135	0.166081	4966.33
0.963731	0.222191	0.544146	16271.6
0.989892	0.207462	0.530451	15862.1
0.999964	0.260292	0.61062	18259.4
0.775144	1	0.972578	29083
0.828864	1	0.984441	29437.7
0.473839	1	0.827744	24752
0.06177	1	0.233758	6990.08
0.937776	1	0.998023	29843.9
0.737464	1	0.96205	28768.2
0.774642	1	0.97245	29079.2
0.563002	1	0.886431	26506.9
0.724361	1	0.957942	28645.4
0.753591	7.74135e-12	1.56739e-10	4.68697e-06
0.893971	0.711198	0.923731	27622.3
0.839062	0.612663	0.856125	25600.7
0.999992	3.89138e-12	1.06126e-10	3.17348e-06
0.568645	0.1474	0.291613	8720.1
0.791523	0.358372	0.641065	19169.8
0.719699	0.455134	0.693144	20727.1
0.10654	0.0955341	0.0568707	1700.61
0.832359	1	0.98509	29457.1
0.909922	0.188342	0.473667	14164.1
0.860683	1	0.98981	29598.3
0.999994	0.0035695	0.0236847	708.243
0.961345	0.0876713	0.292762	8754.45
0.934616	0.00139054	0.00993651	297.131
0.238139	0.000734178	0.00168746	50.4601
0.266146	3.66737e-07	1.67319e-06	0.0500334
0.999963	2.22386e-20	1.02855e-18	3.07568e-14
0.949715	1	0.998714	29864.5
0.845303	9.80667e-06	0.000105282	3.14826
0.584827	1.84553e-06	1.59082e-05	0.475704
0.481406	2.62853e-07	2.13632e-06	0.0638825
0.504536	2.43381e-10	2.92502e-09	8.74669e-05
0.999992	3.32162e-07	5.28719e-06	0.158103
0.734527	4.12369e-09	6.24422e-08	0.00186721
0.988558	6.65017e-10	1.45568e-08	0.000435292
0.854026	4.06655e-09	7.11198e-08	0.0021267
0.906852	0.670795	0.910684	27232.2
0.873631	1	0.991656	29653.5
0.994745	1	0.999986	29902.6
0.994978	0.025372	0.118123	3532.24
0.870259	1	0.991194	29639.7
0.626507	0.0845199	0.208545	6236.13
0.983159	0.152585	0.434596	12995.7
0.999998	3.3093e-21	1.59367e-19	4.76556e-15
0.379286	1	0.74699	22337.2
0.346945	1	0.714217	21357.2
0.386437	1	0.753856	22542.5
0.879064	1	0.992373	29674.9
0.620355	1	0.916552	27407.7
0.988646	0.75275	0.964072	28828.6
0.607816	0.75382	0.815789	24394.5
0.0587282	1	0.225213	6734.54
0.999998	1	1	29903
0.999995	1	1	29903
0.0690507	7.86004e-07	9.62238e-07	0.0287738
0.0848182	0.00133232	0.00114	34.0894
0.7936	7.86004e-07	9.53592e-06	0.285153
0.474118	0.00133232	0.00528531	158.047
0.0848182	0.00133232	0.00114	34.0894
0.0848182	0.00133232	0.00114	34.0894
0.0690507	7.86004e-07	9.62238e-07	0.0287738
0.0848182	0.00133232	0.00114	34.0894
0.756709	0.00139303	0.00828014	247.601
0.999995	1	1	29903
0.970797	0.000254816	0.00230172	68.8283
0.70178	0.0433695	0.136722	4088.4
0.136017	0.0433695	0.0361784	1081.84
0.70178	0.0433695	0.136722	4088.4
0.136017	0.0433695	0.0361784	1081.84
0.36747	0.00230025	0.00682628	204.126
0.569671	0.00232346	0.0100957	301.891
0.562584	0.00235954	0.0101211	302.65
0.530934	0.00236293	0.00963625	288.153
0.310396	0.00240325	0.00611748	182.931
0.437783	0.00243299	0.00835553	249.855
0.492093	0.00922962	0.0290424	868.455
0.779746	0.0455791	0.154141	4609.28
0.831555	0.0710308	0.22617	6763.16
0.890615	0.216805	0.510646	15269.8
0.999994	0.156112	0.446038	13337.9
1	0.109996	0.352791	10549.5
0.984439	0.109996	0.348999	10436.1
0.695437	1	0.94803	28348.9
0.588171	0.705508	0.779947	23322.8
0.608497	0.705586	0.792355	23693.8
0.64328	1	0.927079	27722.5
1	0.142267	0.419694	12550.1
0.638769	0.00631575	0.0262751	785.705
0.659624	0.142511	0.316269	9457.38
0.972678	0.0241799	0.111715	3340.61
0.955092	0.00345379	0.0221481	662.296
0.946645	0.00165513	0.0116864	349.46
0.919179	0.0109628	0.056405	1686.68
0.826549	0.143364	0.371236	11101.1
0.963373	0.000497157	0.00413999	123.798
0.745775	0.0381624	0.129758	3880.17
0.930055	0.13303	0.382273	11431.1
0.841722	0.0605707	0.202724	6062.05
0.905275	0.000148839	0.00133556	39.9374
0.872416	0.000376104	0.00296034	88.5229
0.605462	0.249865	0.436998	13067.6
0.701571	0.193763	0.407211	12176.8
0.991737	0.744917	0.962444	28780
0.170727	0.0995296	0.0862361	2578.72
0.961583	0.705462	0.941616	28157.1
0.782969	1	0.974532	29141.4
0.93691	0.418114	0.758858	22692.1
0.864907	1	0.990434	29616.9
0.664578	2.74206e-06	2.59049e-05	0.774635
0.968921	0.354329	0.710357	21241.8
0.989245	0.0146502	0.0758561	2268.33
0.904103	0.558396	0.84991	25414.9
0.999995	0.761765	0.969053	28977.6
0.996974	0.00729702	0.0430918	1288.57
0.714255	0.000314638	0.00211261	63.1734
0.412299	0.789958	0.691062	20664.8
0.513942	0.00634992	0.0219468	656.276
0.642219	0.00162619	0.00821326	245.601
0.600369	1.64481e-06	1.46427e-05	0.43786
0.0235301	4.35441e-12	3.16696e-12	9.47015e-08
0.135442	1.23179e-13	5.45964e-13	1.6326e-08
0.264329	6.24247e-16	6.16144e-15	1.84246e-10
0.071979	1.30749e-17	4.00042e-17	1.19624e-12
0.176926	1.3418e-12	7.13837e-12	2.13459e-07
0.0856983	5.372e-15	1.67181e-14	4.99922e-10
0.146012	1.20527e-12	5.34434e-12	1.59812e-07
0.14804	1.20236e-12	5.40346e-12	1.6158e-07
0.0616966	5.7159e-13	1.12763e-12	3.37196e-08
0.0161793	9.43178e-14	5.35872e-14	1.60242e-09
0.00355916	1.80401e-13	2.3103e-14	6.9085e-10
0.00230207	1.79416e-11	1.31417e-12	3.92975e-08
0.000359691	1.83363e-11	2.21951e-13	6.63701e-09
0.088605	3.25904e-11	7.96148e-11	2.38072e-06
0.0611524	3.45371e-11	5.88905e-11	1.761e-06
0.563559	0.276401	0.445401	13318.8
0.913101	0.627192	0.891913	26670.9
0.79883	1	0.978253	29252.7
0.531479	1	0.867423	25938.5
0.292016	1	0.651472	19481
0.854109	1	0.988799	29568.1
0.850112	1	0.988159	29548.9
0.846843	1	0.987622	29532.9
0.981437	1	0.999827	29897.8
0.96668	1	0.999439	29886.2
0.982069	1	0.999838	29898.2
0.998887	1	0.999999	29903
0.784381	1	0.974876	29151.7
0.703198	1	0.950806	28431.9
0.691089	1	0.946437	28301.3
0.787853	1	0.975712	29176.7
0.639377	1	0.925346	27670.6
0.075169	1	0.269708	8065.07
0.98422	4.411e-10	9.79317e-09	0.000292845
0.999993	1	1	29903
0.912128	5.59482e-13	1.49543e-11	4.47177e-07
0.931269	1	0.997582	29830.7
1	1	1	29903
0.804511	1	0.979509	29290.3
0.624707	1	0.918615	27469.3
0.999954	5.94192e-08	1.04803e-06	0.0313392
0.52257	0.000780531	0.00359122	107.388
0.972487	1	0.999618	29891.6
0.996531	1	0.999994	29902.8
0.639391	0.484465	0.672788	20118.4
0.724036	1	0.957837	28642.2
0.999922	0.0180304	0.0904295	2704.11
0.909004	1	0.995728	29775.3
0.20001	1	0.521904	15606.5
0.202905	1	0.526543	15745.2
0.16231	1	0.457429	13678.5
0.927564	1	0.997311	29822.6
0.509314	0.618336	0.678798	20298.1
0.450363	0.0257963	0.0633771	1895.17
0.970952	0.228883	0.55648	16640.4
0.357708	0.134438	0.194027	5801.99
0.264384	0.00150029	0.00350342	104.763
0.999994	0.590605	0.90162	26961.2
0.916321	0.00510711	0.0297843	890.641
0.972403	0.0841129	0.286564	8569.11
0.733375	0.0086815	0.0385615	1153.1
0.195089	0.0127184	0.0173661	519.297
0.834632	1	0.985504	29469.5
1	0.742717	0.963631	28815.5
1	0.854916	0.988926	29571.9
1	0.4028	0.769072	22997.6
1	0.88718	0.993382	29705.1
0.80307	1	0.979194	29280.8
0.480295	0.362274	0.47827	14301.7
0.566948	1	0.888684	26574.3
0.000493178	0.76109	0.003336	99.7565
0.552353	0.540484	0.659428	19718.9
0.397288	1	0.764022	22846.6
0.779291	1	0.973623	29114.3
0.270415	1	0.624063	18661.3
0.877148	3.31045e-06	3.99252e-05	1.19388
0.703783	6.85994e-10	1.08394e-08	0.000324129
0.50325	6.86681e-11	8.66986e-10	2.59255e-05
0.504757	0.0422748	0.103433	3092.95
0.665538	0.0422748	0.1286	3845.51
1.16137e-08	1.00159e-26	9.20533e-33	2.75267e-28
0.999997	0.0121421	0.0657015	1964.67
0.707186	0.0249734	0.0889471	2659.78
0.411224	3.79804e-08	2.96357e-07	0.00886197
0.423286	2.9162e-06	1.80281e-05	0.539095
0.869327	1.26105e-05	0.000136167	4.0718
0.737409	1.26105e-05	0.000117035	3.49968
0.92685	5.55809e-05	0.000560157	16.7504
0.962725	0.00501011	0.0305525	913.613
0.927373	0.00503713	0.029739	889.285
0.850949	0.0241843	0.1005	3005.24
0.850949	0.0241843	0.1005	3005.24
0.850949	0.0241843	0.1005	3005.24
0.975011	0.0242279	0.112102	3352.18
0.90033	0.3233	0.650314	19446.3
0.714594	1	0.954727	28549.2
0.84872	1	0.987932	29542.1
0.988958	0.750814	0.963573	28813.7
0.574015	1	0.892651	26692.9
0.671189	1	0.938795	28072.8
0.900089	1	0.994834	29748.5
0.931492	0.278049	0.60889	18207.6
0.955284	0.291573	0.634561	18975.3
0.8934	1	0.994105	29726.7
0.377442	1	0.745198	22283.6
0.663554	1	0.935707	27980.5
0.422862	1	0.786823	23528.4
0.751215	0.453153	0.707243	21148.7
0.632905	1	0.922418	27583.1
0.911749	0.192311	0.480611	14371.7
0.87227	0.0822498	0.260765	7797.64
0.999972	0.178329	0.485782	14526.4
0.660523	0.000157593	0.00105866	31.6571
0.997075	0.031013	0.138417	4139.08
0.931092	1	0.997569	29830.3
0.792565	1	0.976821	29209.9
0.914723	1	0.996256	29791
0.757595	1	0.967908	28943.4
0.999996	0.722739	0.957416	28629.6
0.155401	1	0.444718	13298.4
0.268097	0.0456558	0.066134	1977.6
0.957781	0.252697	0.585394	17505
0.661901	1	0.935027	27960.1
0.92432	0.000500647	0.00401596	120.089
0.376909	1	0.744679	22268.1
0.867129	0.629397	0.876264	26202.9
0.864191	0.338827	0.652449	19510.2
0.945961	1	0.998513	29858.5
0.891312	1	0.993867	29719.6
0.0857363	0.0171107	0.0110386	330.086
0.999998	1	1	29903
0.676194	0.748534	0.850802	25441.5
1	0.0185784	0.0926273	2769.83
0.910714	1	0.99589	29780.1
0.944065	1	0.998406	29855.3
0.676538	1	0.940907	28135.9
0.00129818	1	0.00992693	296.845
0.999639	1.44239e-31	1.03835e-29	3.10497e-25
0.999992	2.67617e-06	3.70142e-05	1.10684
0.680676	0.712677	0.836023	24999.6
0.974089	0.0629396	0.232472	6951.62
0.380679	0.722665	0.630154	18843.5
0.811564	0.159114	0.393453	11765.4
0.720663	0.598158	0.793809	23737.3
1	6.69391e-07	1.01861e-05	0.304594
0.466349	0.608842	0.641409	19180.1
1	2.15734e-17	8.49453e-16	2.54012e-11
0.997804	1	0.999998	29902.9
0.963473	1	0.999325	29882.8
0.0462234	0.885823	0.171788	5136.99
0.789963	1	0.976212	29191.7
0.948933	0.0420135	0.16833	5033.57
0.891425	0.757038	0.940242	28116.1
0.560552	0.000582743	0.00294861	88.1723
0.794967	0.000131771	0.0010647	31.8378
0.629829	0.0800475	0.201032	6011.45
0.288727	0.753422	0.549359	16427.5
0.0949883	1	0.318591	9526.83
0.40006	0.00101156	0.00356624	106.641
0.816726	1	0.982074	29366.9
0.983172	0.0176143	0.0875595	2618.29
0.999991	1.9581e-25	1.13359e-23	3.38976e-19
0.709378	1	0.952955	28496.2
0.260277	1	0.610612	18259.1
0.948218	1	0.998636	29862.2
0.893235	1	0.994086	29726.2
0.291618	1	0.650982	19466.3
0.257379	2.23883e-06	8.85476e-06	0.264784
0.458163	0.46625	0.543352	16247.9
0.0778342	1.57729e-34	9.99143e-34	2.98774e-29
0.998367	7.14637e-36	5.84533e-34	1.74793e-29
0.920571	2.18267e-29	1.34779e-27	4.03028e-23
0.89092	5.07057e-37	3.82574e-35	1.14401e-30
1	2.82091e-42	2.72701e-40	8.15459e-36
0.999999	1.33471e-38	1.17734e-36	3.52061e-32
0.926726	3.87549e-43	3.546e-41	1.06036e-36
0.884666	3.04232e-41	2.54114e-39	7.59877e-35
0.999998	6.88474e-75	1.18255e-72	3.53618e-68
0.999978	7.95768e-76	1.38399e-73	4.13854e-69
4.84717e-11	0	0	0
0.66277	0.000925705	0.00515136	154.041
0.213038	0.00181826	0.00343051	102.583
0.0668328	3.2604e-05	3.0586e-05	0.914614
0.750211	1	0.965822	28881
0.650029	1	0.930021	27810.4
0.587672	1	0.90007	26914.8
0.69021	1	0.946112	28291.6
0.562998	1	0.886429	26506.9
0.718124	1	0.955904	28584.4
0.791055	1	0.976469	29199.3
0.879756	1	0.992462	29677.6
0.728917	1	0.959397	28688.9
0.202381	1	0.525705	15720.2
0.517386	1	0.858326	25666.5
1	0.0436415	0.180316	5391.98
0.998933	0.0606636	0.230486	6892.24
1	0.0397879	0.168072	5025.84
0.749391	0.538761	0.769928	23023.2
0.992121	1	0.999969	29902.1
0.989737	1	0.999947	29901.4
0.973343	1	0.999642	29892.3
0.862208	1	0.990038	29605.1
0.624465	0.598232	0.741411	22170.4
0.99944	0.344771	0.711703	21282
0.906044	0.607135	0.878865	26280.7
0.91842	0.234996	0.546747	16349.4
0.742347	1	0.963521	28812.2
0.459324	0.138008	0.238249	7124.36
0.985536	1	0.999895	29899.9
0.999995	1	1	29903
0.994802	1	0.999986	29902.6
0.993638	0.0833133	0.28904	8643.17
0.857849	0.235315	0.52488	15695.5
0.999996	0.000508529	0.00436519	130.532
0.142806	1	0.420745	12581.5
0.860342	1	0.989759	29596.8
0.798964	1	0.978283	29253.6
0.950526	1	0.998755	29865.8
0.775807	1.1394e-06	1.32052e-05	0.394877
0.884198	5.02068e-08	7.9597e-07	0.0238019
0.649808	0.0511985	0.146488	4380.44
0.00268936	0.00591545	0.000191679	5.73178
0.889172	0.00102522	0.00729306	218.084
0.958516	0.149875	0.4224	12631
0.342479	1	0.709461	21215
0.999998	4.39366e-05	0.000484742	14.4952
0.320406	0.000783076	0.00233099	69.7037
0.938172	1.55754e-05	0.000177302	5.30185
0.937294	2.63212e-05	0.000286424	8.56494
0.868386	1	0.990932	29631.8
0.0863075	1	0.297747	8903.53
0.865241	1	0.990482	29618.4
0.647816	1	0.929065	27781.8
0.999889	0.62227	0.91743	27433.9
0.262523	1	0.613625	18349.2
0.277577	0.000127123	0.000397044	11.8728
0.68824	0.593013	0.773888	23141.6
0.81082	0.0222922	0.0906138	2709.62
0.393914	0.00741204	0.0199599	596.861
0.635786	1.88099e-05	0.000147503	4.41079
0.484385	0.000308778	0.00146692	43.8654
0.704364	0.00426481	0.0204505	611.533
0.80576	0.0479992	0.164471	4918.17
1	0.00130632	0.00998101	298.462
0.904227	0.0477808	0.178945	5351
0.999999	0.211123	0.539486	16132.2
0.898683	0.0479001	0.17845	5336.18
0.831739	0.109566	0.309429	9252.86
0.811356	1	0.980969	29333.9
0.566344	0.0655591	0.159408	4766.78
0.22672	0.0654946	0.0773606	2313.31
0.627477	0.0611263	0.163427	4886.95
0.880331	2.6343e-09	4.84268e-08	0.00144811
0.355128	6.24767e-07	3.62121e-06	0.108285
0.913246	9.4671e-10	1.89073e-08	0.000565385
0.176072	8.95181e-05	0.000190053	5.68315
0.0888803	1.96438e-22	9.32371e-22	2.78807e-17
0.0055392	4.61149e-21	1.35438e-21	4.05001e-17
0.207638	5.31576e-21	5.43661e-20	1.62571e-15
0.406018	5.24559e-21	1.03505e-19	3.0951e-15
0.758458	1.40491e-19	4.76153e-18	1.42384e-13
0.977235	0.203025	0.519311	15528.9
0.942832	1	0.998334	29853.2
0.99729	1	0.999996	29902.9
0.448714	1	0.808299	24170.6
0.878634	0.0126668	0.0611915	1829.81
0.826286	1	0.983953	29423.2
0.764244	1	0.969725	28997.7
0.651813	1	0.930787	27833.3
0.181236	1	0.490778	14675.7
0.999995	1.08091e-06	1.593e-05	0.476355
0.513416	0.121737	0.235792	7050.89
0.282868	4.01241e-31	8.20063e-30	2.45224e-25
1	1	1	29903
0.823817	1	0.983478	29409
0.024996	1	0.117207	3504.84
0.470007	1	0.824866	24666
0.0911421	0.00777544	0.00584803	174.874
0.352405	1	0.719955	21528.8
0.679174	0.0689758	0.190238	5688.69
0.131091	0.143139	0.0933667	2791.95
0.738197	0.269833	0.520582	15567
0.154233	0.269833	0.173928	5200.98
0.999902	2.96095e-10	6.79189e-09	0.000203098
0.941726	0.220339	0.533818	15962.8
0.386193	0.268269	0.338492	10121.9
0.99871	1	0.999999	29903
0.594988	0.0292217	0.0878379	2626.62
0.8746	0.262402	0.567285	16963.5
0.995023	0.784999	0.97407	29127.6
0.799804	0.746613	0.90503	27063.1
1	0.755494	0.967322	28925.8
0.0867687	0.00156132	0.0013421	40.1328
0.803061	0.0166089	0.0709199	2120.72
0.946366	0.525959	0.845009	25268.3
0.992643	0.468945	0.821438	24563.5
0.564684	0.0101148	0.0352137	1053
0.983808	0.257449	0.6011	17974.7
0.993499	1.65764e-08	3.11617e-07	0.00931827
0.305205	0.037256	0.0622742	1862.18
0.834948	0.324112	0.624326	18669.2
0.767757	1	0.970661	29025.7
0.0610999	1	0.231889	6934.18
0.999992	0.695689	0.94812	28351.6
0.890657	0.747278	0.93653	28005.1
0.179153	0.00198549	0.00318052	95.107
0.630494	1	0.92131	27549.9
0.608602	1	0.910828	27236.5
0.863885	0.0032607	0.0193579	578.858
0.889917	0.00165199	0.0110589	330.695
0.992668	5.24218e-08	9.24773e-07	0.0276535
0.986617	0.483849	0.830371	24830.6
0.993486	0.251699	0.596656	17841.8
0.988297	0.251699	0.594842	17787.6
0.999998	0.217592	0.549449	16430.2
0.417531	1	0.782201	23390.2
0.268615	0.168489	0.185351	5542.54
0.778383	1	0.973396	29107.5
0.257353	1	0.60666	18141
0.262473	0.420943	0.353872	10581.8
0.999984	1	1	29903
0.982807	1	0.999851	29898.6
0.962189	1	0.999276	29881.3
0.941353	1	0.998246	29850.5
0.757468	1	0.967873	28942.3
0.840728	1	0.986583	29501.8
0.254616	0.00231643	0.0049754	148.78
0.532643	0.708787	0.745284	22286.2
0.570243	0.184503	0.342125	10230.6
0.989589	0.164296	0.457931	13693.5
0.843008	0.156172	0.398594	11919.1
0.75176	0.0807874	0.230862	6903.46
0.776132	0.412431	0.684734	20475.6
0.981246	0.281032	0.631002	18868.9
0.205317	0.184478	0.161862	4840.15
0.390355	0.0577201	0.107989	3229.2
0.184135	0.0902331	0.0846943	2532.62
0.376096	0.0901614	0.148661	4445.4
0.436753	0.14079	0.23298	6966.79
0.394376	0.0578851	0.109114	3262.85
0.430943	0.497249	0.544382	16278.6
0.374532	0.255385	0.320146	9573.32
0.283248	0.255827	0.262654	7854.13
0.341646	1	0.708567	21188.3
0.97486	0.784507	0.96987	29002
0.0132726	0.602025	0.0465804	1392.89
0.97478	0.777438	0.967974	28945.3
0.995634	0.615466	0.912888	27298.1
0.222219	0.0369879	0.0476828	1425.86
0.566919	1	0.888668	26573.8
0.479616	0.0266616	0.0685312	2049.29
0.68078	0.0472998	0.142835	4271.2
0.984326	0.0825164	0.285138	8526.48
0.962958	1	0.999305	29882.2
0.51576	0.353492	0.492622	14730.9
0.980387	0.705756	0.946742	28310.4
0.0979965	1.8979e-12	5.63787e-12	1.68589e-07
0.956701	1	0.999049	29874.6
0.953645	0.118646	0.3597	10756.1
0.835516	1	0.985663	29474.3
0.839948	0.496129	0.781494	23369
0.425091	1	0.788736	23585.6
0.739482	0.395404	0.651937	19494.9
0.357734	0.135234	0.1949	5828.09
0.727229	1	0.958862	28672.8
0.92865	1	0.997392	29825
0.949932	0.01059	0.0563269	1684.34
0.999989	0.0201515	0.0988316	2955.36
0.944266	1	0.998417	29855.7
0.748284	0.726445	0.874939	26163.3
0.589867	0.089483	0.208048	6221.25
0.953705	2.32823e-10	5.15767e-09	0.00015423
0.993278	3.72823e-09	7.55968e-08	0.00226057
0.979639	5.50573e-10	1.20497e-08	0.000360322
0.894774	4.63046e-22	2.08136e-20	6.22389e-16
0.998125	6.58568e-19	2.81773e-17	8.42586e-13
0.81535	0.00182437	0.0111721	334.08
0.997966	0.0171236	0.0866285	2590.45
0.999663	0.0171236	0.0867467	2593.99
0.996356	0.0171236	0.0865163	2587.1
0.994007	0.00393971	0.0256217	766.165
0.796756	0.0342307	0.125508	3753.08
0.797204	4.21756e-05	0.000379945	11.3615
0.958932	4.21756e-05	0.000449554	13.443
0.95306	0.017657	0.0855664	2558.69
0.95306	0.017657	0.0855664	2558.69
0.977908	0.017657	0.0873528	2612.11
0.0324214	6.02044e-06	3.21076e-06	0.0960114
0.21562	0.0321169	0.0413605	1236.8
0.69331	0.0290469	0.0987818	2953.87
0.169915	0.0290125	0.0311185	930.536
0.999975	0.00146085	0.0109981	328.877
0.996919	2.80491e-05	0.000321142	9.60311
0.984879	2.80491e-05	0.000317599	9.49716
0.999943	0.00718762	0.0426594	1275.64
0.989864	0.700147	0.947159	28322.9
0.970917	7.79555e-13	2.18812e-11	6.54313e-07
0.997268	1	0.999996	29902.9
0.495481	1	0.843421	25220.8
0.480989	0.497421	0.581442	17386.9
0.782336	0.0210556	0.08411	2515.14
0.997882	0.364211	0.731292	21867.8
0.842033	0.364211	0.669158	20009.8
0.729661	0.364211	0.617922	18477.7
0.529906	0.364211	0.510494	15265.3
0.733351	0.075828	0.216285	6467.56
0.96746	0.227739	0.553606	16554.5
0.350097	0.636327	0.557295	16664.8
0.370739	0.642288	0.57982	17338.4
1	0.548967	0.878192	26260.6
0.936696	0.583905	0.876974	26224.1
0.722801	0.233906	0.469578	14041.8
0.795345	7.34452e-05	0.000627833	18.7741
0.153558	0.00268993	0.00363161	108.596
0.97988	0.00406317	0.0259832	776.976
0.347259	0.448854	0.445588	13324.4
0.994679	1	0.999986	29902.6
0.788562	0.170816	0.404732	12102.7
0.933979	0.236042	0.553801	16560.3
0.980307	0.00802823	0.0459984	1375.49
0.784298	3.35993e-06	3.64882e-05	1.09111
0.109956	1	0.352703	10546.9
0.936238	0.93636	0.99206	29665.6
0.861843	1	0.989984	29603.5
0.806263	1	0.979888	29301.6
0.054297	0.874632	0.192203	5747.45
0.984349	1	0.999877	29899.3
0.999993	1	1	29903
0.96347	1.57394e-06	2.18355e-05	0.652947
0.897718	0.117127	0.34198	10226.2
0.20431	8.4611e-05	0.000206847	6.18535
0.870624	0.123163	0.346648	10365.8
0.977935	2.99287e-05	0.000334801	10.0116
0.349239	0.0736466	0.119869	3584.43
0.867692	0.202004	0.480502	14368.5
0.962265	0.00150441	0.0109121	326.304
0.983945	0.000553689	0.00463902	138.721
0.991285	0.578359	0.892264	26681.4
0.875769	0.000333214	0.00266704	79.7526
0.807108	0.0447854	0.15616	4669.64
0.974075	0.0912202	0.303951	9089.05
0.998158	1.18344e-25	6.89832e-24	2.06281e-19
0.459049	0.470071	0.546686	16347.6
0.990608	1	0.999956	29901.7
0.923604	1	0.997005	29813.4
0.89638	1	0.994436	29736.6
0.922915	1	0.996949	29811.8
0.941346	1	0.998245	29850.5
0.632484	0.00194775	0.00948478	283.623
0.312485	0.00194801	0.00511582	152.978
0.614032	0.000973791	0.00503586	150.587
0.473823	0.00737354	0.0232571	695.458
0.763096	0.00195173	0.0111842	334.44
0.732028	0.188575	0.411392	12301.9
0.999963	4.00222e-10	9.06031e-09	0.00027093
0.715764	0.51222	0.734506	21963.9
0.986183	0.171133	0.469046	14025.9
0.933732	0.308676	0.646775	19340.5
0.999114	0.141389	0.417734	12491.5
1	0.0730048	0.264075	7896.64
0.835709	0.603617	0.849637	25406.7
0.981632	1.7273e-11	4.37464e-10	1.30815e-05
0.144904	1.87392e-07	5.00223e-07	0.0149582
0.999934	1	1	29903
0.47939	1	0.831857	24875
0.850197	1	0.988173	29549.3
0.586752	1	0.899581	26900.2
0.581632	1	0.896829	26817.9
0.975859	1	0.999706	29894.2
0.999988	0.111883	0.356937	10673.5
0.348373	1	0.715726	21402.4
0.274997	1	0.630016	18839.4
0.275837	1	0.6311	18871.8
1	2.99308e-15	1.03089e-13	3.08267e-09
0.980352	9.8162e-08	1.65103e-06	0.0493706
0.826225	0.120337	0.328934	9836.11
0.928004	0.00285358	0.0183619	549.076
0.957958	1	0.999104	29876.2
0.771744	1	0.971705	29056.9
0.747704	1	0.965098	28859.3
0.429791	1	0.792731	23705
0.525505	0.479234	0.599117	17915.4
0.470168	1	0.824988	24669.6
0.74798	1	0.965178	28861.7
0.685464	1	0.944336	28238.5
0.287174	1	0.645472	19301.5
0.456689	1	0.81462	24359.6
0.726406	1	0.958599	28665
0.835216	1	0.985609	29472.7
0.876693	1	0.992064	29665.7
0.954968	0.000249034	0.00222219	66.4501
0.203998	1.04181e-09	4.94591e-09	0.000147897
0.586743	0.000939643	0.00468805	140.187
0.999592	0.202274	0.525402	15711.1
0.998601	0.293293	0.652538	19512.8
0.992405	0.0504942	0.200118	5984.14
0.879876	0.773453	0.94246	28182.4
0.970643	0.785804	0.969318	28985.5
0.606955	1	0.910008	27212
0.31373	1	0.677413	20256.7
0.158258	1	0.450011	13456.7
0.999936	0.844719	0.987257	29522
0.0134525	1	0.071414	2135.49
0.990321	1	0.999953	29901.6
0.28251	1	0.639615	19126.4
0.144564	1	0.424155	12683.5
0.994499	1	0.999985	29902.5
0.987647	1.16371e-32	8.56759e-31	2.56197e-26
0.567972	1	0.889264	26591.7
0.8134	0.146214	0.372159	11128.7
0.999987	1.04903e-42	1.02447e-40	3.06349e-36
0.56468	0.0329279	0.0926885	2771.66
0.984171	1	0.999874	29899.2
0.999852	1	1	29903
0.990111	4.97291e-06	6.50988e-05	1.94665
0.920853	0.460165	0.787581	23551
0.887508	0.07428	0.245188	7331.86
0.0303672	0.00271519	0.000857779	25.6502
0.998715	1	0.999999	29903
1	1	1	29903
0.639531	0.593322	0.747148	22342
0.968289	0.277976	0.62242	18612.2
0.992928	1.44131e-07	2.3985e-06	0.0717222
0.999817	1.79765e-05	0.00021436	6.41001
0.121197	0.497037	0.229478	6862.07
0.924979	0.838746	0.972751	29088.2
0.991473	1	0.999964	29901.9
0.924706	1	0.997091	29816
0.406148	1	0.772103	23088.2
0.999998	0.0165959	0.0846157	2530.26
0.0890817	9.07085e-08	1.58651e-07	0.00474413
0.776559	0.112002	0.299382	8952.43
0.843839	0.581528	0.840052	25120.1
0.946395	0.034591	0.144672	4326.12
0.769104	1	0.971016	29036.3
0.734582	0.244132	0.487522	14578.4
0.999089	0.000334263	0.00300713	89.9221
0.950067	0.194853	0.497377	14873.1
0.999993	1	1	29903
0.987852	1	0.999926	29900.8
0.908674	1	0.995697	29774.3
0.820648	0.74843	0.913581	27318.8
0.770179	1	0.971298	29044.7
0.893174	1	0.994079	29726
0.989929	8.43363e-09	1.63644e-07	0.00489345
0.253067	1	0.600807	17965.9
0.483639	0.672404	0.690503	20648.1
0.998892	5.02135e-13	1.47068e-11	4.39777e-07
0.999978	0.00272982	0.018845	563.523
0.999016	0.32474	0.689626	20621.9
0.999998	0.877413	0.992159	29668.5
1	1	1	29903
0.999813	0.779144	0.97355	29112.1
0.830758	0.769648	0.925352	27670.8
0.592084	0.00182445	0.00845881	252.944
0.783504	0.0147235	0.0630126	1884.26
0.822252	0.0146959	0.0654444	1956.98
0.62843	1	0.920355	27521.4
0.660738	1	0.934547	27945.7
0.928241	0.0736443	0.251767	7528.58
0.332481	0.00175596	0.00493092	147.449
0.973344	0.0315394	0.137639	4115.81
0.999986	0.269751	0.623188	18635.2
0.561053	1	0.885308	26473.4
1	1	1	29903
0.260409	1	0.61079	18264.4
0.634187	0.595674	0.745516	22293.2
0.00534704	0.000143459	1.15681e-05	0.345922
0.859912	0.0183135	0.0811184	2425.68
0.431673	0.0639922	0.126768	3790.73
0.188513	1	0.503064	15043.1
0.999976	1	1	29903
0.352836	0.0115818	0.0265624	794.296
0.707802	0.0302722	0.103772	3103.1
0.893011	0.0302599	0.124603	3726
0.42894	0.00866847	0.02452	733.222
0.616146	0.000132855	0.000852188	25.483
0.252885	2.75913e-05	8.98191e-05	2.68586
0.814796	0.000132037	0.0010906	32.6121
0.770223	1	0.971309	29045.1
0.142247	0.843667	0.374451	11197.2
1	0	0	0
0.986702	0.303501	0.660548	19752.4
0.470823	0.606794	0.64362	19246.2
0.483871	1	0.835131	24972.9
0.746834	0.349126	0.611234	18277.7
0.217456	0.00105266	0.00214765	64.2212
0.87239	0.00102715	0.00718431	214.832
0.89319	1	0.994081	29726
0.878964	1	0.99236	29674.6
0.836041	1	0.985757	29477.1
0.689308	1	0.945777	28281.6
0.749604	0.000666271	0.00429619	128.469
0.136639	1.06704e-14	5.12657e-14	1.533e-09
0.182574	2.49693e-15	1.65594e-14	4.95175e-10
0.515715	1.13554e-12	1.70801e-11	5.10745e-07
0.0528399	1.13554e-12	1.88671e-12	5.64184e-08
0.290731	1.41963e-12	1.21822e-11	3.64283e-07
0.0384583	1.41963e-12	1.72191e-12	5.14904e-08
0.136257	1.41963e-12	5.85603e-12	1.75113e-07
0.0384583	1.41963e-12	1.72191e-12	5.14904e-08
0.407647	2.96432e-09	2.60216e-08	0.000778124
0.455541	3.53873e-09	3.42489e-08	0.00102415
0.989777	0.00755299	0.0440778	1318.06
0.727128	0.00755299	0.0340749	1018.94
0.892699	0.00755299	0.0404507	1209.6
0.487117	3.56265e-09	3.67425e-08	0.00109871
0.661822	0.000174278	0.00116121	34.7236
0.769258	0.000174278	0.00132954	39.7573
0.154547	0.000174278	0.000310337	9.28001
0.154547	0.000174278	0.000310337	9.28001
0.769258	0.000174278	0.00132954	39.7573
0.902532	0.000174278	0.00153475	45.8937
0.154547	0.000174278	0.000310337	9.28001
0.64699	0.000174278	0.00113774	34.0218
0.688076	2.86848e-09	4.15339e-08	0.00124199
0.645488	6.54074e-09	8.56341e-08	0.00256072
0.951583	0.00728083	0.0413769	1237.29
0.635999	1.41004e-08	1.75138e-07	0.00523716
0.311872	1.4507e-09	1.01872e-08	0.000304626
0.0961794	1.80692e-09	4.07938e-09	0.000121986
0.1257	0.00701305	0.00708214	211.777
0.1257	0.00701305	0.00708214	211.777
0.583919	0.00701305	0.0266095	795.705
0.197448	1.46057e-09	6.62327e-09	0.000198056
0.49924	1.08591e-09	1.21088e-08	0.000362088
0.951651	7.19436e-10	1.51322e-08	0.0004525
0.576237	0.000674965	0.00344293	102.954
0.857704	0.0514818	0.181924	5440.08
0.984503	1	0.999879	29899.4
0.861387	1	0.989916	29601.5
0.885087	1	0.993129	29697.5
0.287126	1	0.645412	19299.7
0.653736	1	0.931607	27857.9
0.858789	1	0.989524	29589.7
0.950593	1	0.998759	29865.9
0.987739	0.750506	0.963209	28802.9
0.968886	0.828213	0.979057	29276.7
0.993469	0.828228	0.983284	29403.2
0.949873	0.0696752	0.245891	7352.87
0.97448	1	0.999672	29893.2
0.977458	0.785604	0.970698	29026.8
0.966937	1	0.999447	29886.5
0.949405	1	0.998698	29864.1
0.97075	1	0.999568	29890.1
0.97791	1	0.999754	29895.6
0.973811	1	0.999654	29892.7
0.54108	0.0660928	0.154879	4631.34
0.855056	1	0.988948	29572.5
0.485288	1	0.836157	25003.6
0.988084	0.213201	0.538766	16110.7
0.746269	1	0.964679	28846.8
0.608341	1	0.910699	27232.6
0.0912537	0.745786	0.250951	7504.18
0.0739301	0.720418	0.20945	6263.19
0.630025	0.559297	0.719919	21527.7
0.190386	0.745894	0.419189	12535
0.153455	0.74574	0.362506	10840
0.184094	0.533979	0.326335	9758.39
0.0645337	0.559297	0.155983	4664.37
0.175303	0.557593	0.325047	9719.89
0.145211	0.53643	0.276716	8274.63
0.177492	0.745894	0.400084	11963.7
0.148006	0.745894	0.353676	10576
0.859981	1	0.989705	29595.1
0.404699	0.745894	0.663429	19838.5
0.210929	0.745894	0.4483	13405.5
0.131332	0.719087	0.317296	9488.09
0.0804748	0.736532	0.226753	6780.59
0.903815	1	0.995218	29760
0.412472	1	0.777752	23257.1
0.778358	1	0.97339	29107.3
0.867876	0.00158917	0.010463	312.874
0.0696821	1	0.255302	7634.3
0.990174	0.218414	0.547425	16369.7
1	1	1	29903
0.0296401	0.0495106	0.0110418	330.182
0.435137	0.416387	0.490692	14673.2
0.694004	0.0176479	0.0661672	1978.6
0.919805	0.219063	0.524288	15677.8
0.819696	1	0.982669	29384.8
0.188794	0.73439	0.412592	12337.8
0.863434	0.725555	0.919441	27494
0.858946	1	0.989548	29590.5
0.233239	1	0.572763	17127.3
0.980484	0.0248672	0.114934	3436.88
0.992649	0.0129366	0.0687672	2056.35
0.78362	0.000250717	0.00187332	56.0178
0.807281	0.0249963	0.0989401	2958.61
0.993574	0.803438	0.978128	29249
0.996381	1	0.999993	29902.8
0.391263	1	0.758415	22678.9
1	0.306801	0.669303	20014.2
0.213479	0.81434	0.478001	14293.7
0.9524	0.803441	0.969981	29005.3
0.997599	0.803441	0.978851	29270.6
0.997599	0.803441	0.978851	29270.6
0.999974	0.837649	0.98604	29485.5
0.999996	0.689595	0.945882	28284.7
0.390528	1	0.757724	22658.2
0.46893	0.859576	0.769328	23005.2
0.978199	0.687066	0.939153	28083.5
0.999997	0.624124	0.918339	27461.1
0.999934	1.27233e-08	2.44015e-07	0.00729677
0.999999	3.86885e-18	1.58985e-16	4.75412e-12
0.0620154	0.00589314	0.00325789	97.4205
0.962573	1	0.999291	29881.8
0.739437	0.0103433	0.0449202	1343.25
0.865632	0.00162826	0.010662	318.827
0.93084	2.3693e-11	5.63215e-10	1.68418e-05
0.999995	0.181254	0.490808	14676.6
0.991717	1	0.999966	29902
0.99994	0.753846	0.966845	28911.6
0.223939	0.647473	0.424987	12708.4
0.183685	0.628991	0.364884	10911.1
0.311986	0.677673	0.539955	16146.3
0.343395	0.693947	0.580073	17345.9
0.318614	0.677809	0.546953	16355.5
0.987872	0.658743	0.930333	27819.8
0.235483	0.0014175	0.00300583	89.8832
1	1	1	29903
0.444078	0.00653479	0.0198563	593.762
0.974143	0.287983	0.637113	19051.6
0.988406	0.241683	0.580909	17370.9
0.602593	0.659016	0.763866	22841.9
0.9998	0.162004	0.456814	13660.1
0.999688	0.630517	0.92123	27547.5
0.992804	1	0.999974	29902.2
0.775889	0.867455	0.939534	28094.9
0.936115	1	0.997914	29840.6
0.107902	0.333343	0.155567	4651.93
0.983246	0.760843	0.965211	28862.7
0.912547	0.226833	0.533026	15939.1
0.592398	0.0114256	0.0405805	1213.48
1	7.22673e-10	1.59335e-08	0.00047646
0.22436	1	0.559666	16735.7
0.754689	1	0.967096	28919.1
0.90083	1	0.994912	29750.8
0.636185	1	0.92391	27627.7
0.334418	1	0.700728	20953.9
0.676038	1	0.940711	28130.1
0.678738	1	0.941763	28161.5
0.965174	1	0.999386	29884.7
0.994589	0.0128237	0.0683871	2044.98
0.994154	0.0128254	0.0683703	2044.48
0.997484	0.149953	0.433762	12970.8
0.996084	1	0.999992	29902.8
0.993097	0.339169	0.703358	21032.5
0.927133	0.003651	0.02264	677.004
0.761403	1	0.968956	28974.7
1	0.725807	0.958407	28659.3
0.998976	1	0.999999	29903
0.620198	0.477416	0.656462	19630.2
0.975262	0.533858	0.860467	25730.5
0.876337	0.840676	0.961821	28761.3
0.843024	0.801957	0.940723	28130.4
0.884375	0.646383	0.89133	26653.4
0.968822	1	0.999509	29888.3
0.913718	0.886555	0.980697	29325.8
0.603232	0.826954	0.845772	25291.1
0.682839	0.757043	0.858031	25657.7
0.00981108	1	0.0551799	1650.04
0.378439	0.311746	0.370125	11067.8
0.115254	0.258146	0.134327	4016.79
0.906544	0.827084	0.9657	28877.3
0.289349	0.660084	0.507188	15166.4
0.923957	0.17751	0.460514	13770.8
0.267894	1	0.620754	18562.4
0.68205	1	0.943038	28199.7
0.958837	0.803201	0.971287	29044.4
0.788121	0.0838928	0.245714	7347.6
0.768102	0.0823584	0.237889	7113.58
0.916532	0.0505218	0.188577	5639.02
0.820983	0.00435128	0.0237008	708.724
0.743166	0.00772744	0.0353744	1057.8
0.538213	0.00293515	0.0117698	351.953
0.452757	0.00478052	0.0154444	461.834
0.583929	0.00296528	0.0127418	381.017
0.406503	0.00297722	0.00933939	279.276
0.446476	0.00486246	0.0154846	463.037
0.531046	0.0048498	0.0179297	536.152
0.588818	0.00484544	0.0195703	585.211
0.566602	0.00489271	0.0190954	571.008
0.614385	0.00300697	0.0134751	402.947
0.790775	0.0548525	0.179483	5367.09
0.892978	0.0353211	0.140561	4203.2
0.999999	0.000174428	0.00168392	50.3543
0.956874	0.721048	0.946016	28288.7
0.942977	0.172424	0.457943	13693.9
0.958971	0.172476	0.463018	13845.6
0.753093	1	0.966645	28905.6
0.99998	0.0469928	0.190683	5701.99
0.89061	1	0.993786	29717.2
0.637254	1	0.924393	27642.1
0.332665	1	0.698802	20896.3
0.806472	1	0.979933	29302.9
0.87352	1	0.991641	29653
0.79144	1	0.976559	29202
0.99829	1	0.999999	29903
1	1	1	29903
0.866469	0.320996	0.634048	18959.9
0.614601	1	0.913778	27324.7
0.327436	1	0.693006	20723
0.324982	0.00263977	0.00691539	206.791
0.971729	0.163598	0.451328	13496.1
1	0.0699328	0.25597	7654.26
0.450917	0.716578	0.688156	20577.9
0.572463	1	0.891787	26667.1
0.442689	1	0.803431	24025
0.509162	1	0.852841	25502.5
0.461755	1	0.818563	24477.5
0.339692	1	0.706463	21125.3
0.422255	1	0.786301	23512.7
0.405416	1	0.771442	23068.4
0.224551	1	0.559952	16744.3
0.528362	1	0.865443	25879.3
0.172684	1	0.475968	14232.9
0.209487	1	0.536935	16056
0.251903	1	0.599205	17918
0.337088	1	0.703641	21041
0.267012	1	0.619591	18527.6
0.084551	0.615415	0.205839	6155.2
0.137312	1	0.409946	12258.6
0.171395	1	0.473698	14165
0.217396	1	0.549149	16421.2
0.308044	1	0.67077	20058
0.282683	1	0.639833	19132.9
0.413421	1	0.778591	23282.2
0.463499	1	0.819907	24517.7
0.483077	1	0.834554	24955.7
0.478995	1	0.831567	24866.3
0.391849	1	0.758964	22695.3
0.477743	1	0.830643	24838.7
0.963945	1	0.999342	29883.3
0.998325	0.169858	0.470477	14068.7
0.809085	0.370982	0.66138	19777.2
0.912966	1	0.996098	29786.3
0.819302	1.09728e-18	3.82555e-17	1.14395e-12
0.904172	1	0.995254	29761.1
0.970587	2.71453e-25	1.51747e-23	4.53769e-19
0.696391	1.26372e-18	3.74673e-17	1.12039e-12
0.33168	1	0.697717	20863.8
0.578473	0.366074	0.540481	16162
0.987742	1	0.999925	29900.7
0.893333	1	0.994097	29726.5
0.795403	1	0.977476	29229.5
1	0.235213	0.575629	17213
0.776666	1	0.972964	29094.6
0.901619	1	0.994994	29753.3
0.985853	0.00330843	0.0219362	655.958
0.307626	2.90065e-05	0.000112671	3.36921
0.1791	3.49779e-09	1.39016e-08	0.000415699
0.39578	3.40661e-09	2.88859e-08	0.000863775
0.206322	1.6689e-09	7.84708e-09	0.000234651
0.290093	1.75891e-09	1.14276e-08	0.000341719
0.167947	1.71537e-09	6.61681e-09	0.000197862
0.162956	1.71925e-09	6.44251e-09	0.00019265
0.183357	7.33117e-09	2.88032e-08	0.000861303
0.33205	7.21802e-09	4.99701e-08	0.00149426
0.537732	2.78695e-08	2.84982e-07	0.00852183
0.578902	1.41999e-08	1.61256e-07	0.00482203
0.689323	0.00903149	0.037846	1131.71
0.835122	0.042378	0.153642	4594.36
0.936521	0.219343	0.530537	15864.6
0.70738	0.00030969	0.00206497	61.7488
0.751461	1	0.966181	28891.7
0.225598	0.0120747	0.0188112	562.511
0.194317	0.0120652	0.0165419	494.653
0.0920322	0.00964963	0.0071281	213.152
0.0638178	0.0170895	0.0085297	255.064
0.0560205	0.017161	0.00764014	228.463
0.139906	0.00968716	0.0103052	308.158
0.0990815	0.000224441	0.000260489	7.7894
0.208488	0.000407775	0.000881846	26.3698
0.218756	0.00125846	0.00253208	75.7168
0.252384	0.00165962	0.00367676	109.946
0.142827	0.000448071	0.000681991	20.3936
0.291078	0.00333733	0.00770993	230.55
0.946383	1	0.998536	29859.2
0.148799	0.320547	0.192834	5766.32
0.0998174	1	0.329838	9863.14
0.593674	0.0527181	0.139718	4178
0.982089	0.2079	0.528566	15805.7
0.993228	0.0710795	0.257736	7707.09
0.936604	0.0163657	0.0793703	2373.41
0.226326	0.0494565	0.0614785	1838.39
0.517331	0.773598	0.766705	22926.8
0.000178578	0.760764	0.0013455	40.2346
0.994239	1	0.999983	29902.5
0.999924	1	1	29903
0.532164	0.0629014	0.147184	4401.25
0.985918	0.544719	0.870913	26042.9
0.0420505	1	0.175304	5242.1
0.917762	0.74334	0.943099	28201.5
0.878322	0.695151	0.9118	27265.6
0.999985	3.30964e-06	4.50723e-05	1.3478
0.769464	0.0133741	0.0573871	1716.05
0.769464	0.0133741	0.0573871	1716.05
0.0510218	1	0.202837	6065.44
5.58794e-06	0.742368	5.55575e-05	1.66134
0.0279598	0.0194726	0.00463639	138.642
1.74932e-05	0.527709	0.000116249	3.47619
4.95804e-08	1	8.83506e-07	0.0264195
0.392938	3.51849e-11	3.59525e-10	1.07509e-05
0.31516	3.61736e-11	2.98662e-10	8.93088e-06
0.975818	1	0.999705	29894.2
0.990706	0.685133	0.941773	28161.8
0.459428	0.68657	0.679379	20315.5
0.694504	0.135868	0.317112	9482.61
0.388553	1	0.755862	22602.5
0.563174	0.124958	0.257139	7689.22
0.45968	0.124948	0.221536	6624.58
0.690964	0.124948	0.297813	8905.51
0.45968	0.124948	0.221536	6624.58
0.674947	1	0.940283	28117.3
0.506225	0.035776	0.0907574	2713.92
0.670688	0.12617	0.293598	8779.46
0.87672	0.101364	0.303982	9089.97
0.920865	0.101339	0.314647	9408.89
0.952785	0.165047	0.448157	13401.3
0.759221	0.140002	0.344554	10303.2
0.951651	1	0.998812	29867.5
0.970815	1	0.99957	29890.1
0.96936	1	0.999526	29888.8
0.711816	0.683658	0.837132	25032.8
0.666176	1	0.936777	28012.5
0.999995	0.118137	0.370466	11078
0.645119	1	0.927888	27746.6
0.892037	0.00630273	0.0347513	1039.17
0.329201	0.00630569	0.0148991	445.528
5.06954e-09	0.356598	3.82007e-08	0.00114231
0.0180894	0.28316	0.0321375	961.008
0.677761	2.4723e-11	4.32517e-10	1.29336e-05
0.762873	0.000118773	0.000934079	27.9318
0.471572	0.11615	0.213865	6395.21
0.679321	1	0.941988	28168.3
0.995982	1	0.999992	29902.8
0.998468	1	0.999999	29903
0.989825	1	0.999948	29901.4
0.46546	1	0.821411	24562.7
0.659355	1	0.933972	27928.6
0.994731	0.47892	0.829647	24808.9
0.813555	1	0.981425	29347.6
0.190615	1	0.506559	15147.6
0.940639	1	0.998202	29849.2
0.371473	0.546118	0.526483	15743.4
0.283061	1	0.64031	19147.2
0.993098	1	0.999976	29902.3
0.977309	1	0.999741	29895.2
0.657993	1	0.933403	27911.6
0.119298	0.801911	0.320185	9574.48
0.381607	0.698084	0.618774	18503.2
0.497984	0.687221	0.709189	21206.9
0.866843	0.830415	0.95647	28601.3
0.816758	0.830269	0.941526	28154.5
0.711838	1	0.953795	28521.3
1	3.25109e-183	1.36934e-180	4.09474e-176
0.796892	0.0595482	0.192092	5744.13
0.978531	0.570901	0.883911	26431.6
0.634479	1	0.923136	27604.5
0.82654	0.614475	0.85198	25476.7
0.970785	0.615549	0.905247	27069.6
0.996794	0.615738	0.913369	27312.5
0.802948	0.614094	0.841733	25170.3
0.999943	0.635043	0.923376	27611.7
0.489841	0.201092	0.326801	9772.32
0.23481	0.144409	0.148659	4445.35
0.0566922	0.254099	0.0754865	2257.27
0.239719	0.0888767	0.103306	3089.15
0.534661	0.013716	0.0433796	1297.18
0.00692086	0.013716	0.000974177	29.1308
0.435399	0.0096303	0.027147	811.778
0.630194	0.00464716	0.0200119	598.415
0.999937	0.0096303	0.0543395	1624.91
0.0827932	6.81079e-29	3.85405e-28	1.15248e-23
0.0251761	2.90915e-22	3.97486e-22	1.1886e-17
0.421925	8.37559e-22	1.78088e-20	5.32535e-16
0.999599	3.4472e-12	9.43944e-11	2.82267e-06
0.956153	0.00140929	0.0102538	306.619
0.056164	0.575626	0.143277	4284.41
0.00501421	0.696465	0.0232485	695.199
0.0105836	1	0.0587228	1755.99
0.1087	1	0.349924	10463.8
3.83048e-06	1	5.16062e-05	1.54318
9.991e-05	1	0.0010202	30.5072
0.000148791	1	0.00146008	43.6608
0.000369086	1	0.00328652	98.2769
1	1	1	29903
0.428113	1	0.79131	23662.6
0.974463	0.774245	0.967035	28917.2
0.991974	1	0.999968	29902
1	1	1	29903
0.858671	1	0.989506	29589.2
0.922094	1	0.996883	29809.8
0.63473	1	0.92325	27607.9
0.100115	1	0.330524	9883.66
0.999487	0.127858	0.390707	11683.3
0.150537	1	0.435586	13025.3
0.169167	1	0.469754	14047
0.169167	1	0.469754	14047
0.675539	1	0.940515	28124.2
0.169167	1	0.469754	14047
0.675539	1	0.940515	28124.2
0.675539	1	0.940515	28124.2
0.675539	1	0.940515	28124.2
0.169167	1	0.469754	14047
0.781602	1	0.974196	29131.4
1	0.714984	0.954858	28553.1
0.00236543	0.364397	0.00694418	207.652
0.0778143	0.364397	0.129384	3868.96
0.000428553	0.257082	0.00111423	33.3189
0.991646	1	0.999965	29902
0.979442	0.119511	0.368149	11008.8
0.706623	0.114899	0.285057	8524.05
0.990991	0.539118	0.869174	25990.9
0.497987	1	0.845174	25273.3
0.999502	0.537995	0.871335	26055.5
0.577981	1	0.894838	26758.3
0.552116	0.272419	0.435339	13018
0.990896	1	0.999958	29901.8
0.00651335	0.698175	0.0290727	869.362
0.00225918	0.255199	0.00487665	145.827
0.947292	1	0.998586	29860.7
0.999996	0.88431	0.993033	29694.7
0.999988	1	1	29903
0.999999	1	1	29903
0.999997	0.810519	0.980793	29328.6
0.442716	1	0.803453	24025.6
0.938285	0.843715	0.976607	29203.5
0.972741	1	0.999625	29891.8
0.914695	0.863102	0.976097	29188.2
0.885603	1	0.993192	29699.4
0.854421	0.881993	0.966787	28909.8
0.418206	1	0.78279	23407.8
0.747542	1	0.96505	28857.9
0.434351	1	0.796557	23819.5
0.727246	0.374458	0.626551	18735.8
0.788485	1	0.975862	29181.2
0.942814	1	0.998333	29853.1
0.658194	0.373584	0.590843	17668
0.007863	3.59235e-08	6.49319e-09	0.000194166
0.669858	1	0.938263	28056.9
0.975076	0.475389	0.819939	24518.6
0.762376	0.608775	0.820381	24531.8
0.958545	0.772068	0.962836	28791.7
0.244072	1	0.588285	17591.5
0.999559	0.0822693	0.287667	8602.12
0.381226	0.114404	0.180229	5389.39
0.969593	0.275518	0.619761	18532.7
0.277837	1	0.633669	18948.6
0.945564	0.429545	0.772115	23088.6
0.867739	0.00886314	0.045128	1349.46
0.588649	0.155323	0.310149	9274.38
0.883082	0.15411	0.407516	12185.9
0.234569	0.0165947	0.0254915	762.271
0.98341	1	0.999862	29898.9
0.844648	1	0.987254	29521.9
0.794469	1	0.977261	29223
0.965562	0.060802	0.225156	6732.84
0.299766	0.0356017	0.0591251	1768.02
0.982771	0.0878779	0.297885	8907.65
0.994689	0.0877761	0.300197	8976.79
0.999838	4.33647e-06	5.78765e-05	1.73068
0.875513	0.285598	0.596635	17841.2
0.88583	1	0.993219	29700.2
0.949622	1	0.998709	29864.4
0.949097	0.770626	0.960178	28712.2
1	0.339461	0.706214	21117.9
0.763399	0.283646	0.547834	16381.9
0.999797	0.439723	0.80093	23950.2
0.919549	1	0.996673	29803.5
1	1	1	29903
0.971015	1	0.999576	29890.3
0.699343	0.636928	0.805657	24091.5
0.218805	1	0.551296	16485.4
0.364232	1	0.732093	21891.8
0.999966	2.98e-05	0.000340335	10.177
0.999966	2.79358e-05	0.00032085	9.59436
0.999793	1.24827e-07	2.10871e-06	0.0630568
1	1.40502e-07	2.35735e-06	0.0704919
0.919893	9.40321e-07	1.29408e-05	0.386968
0.89331	1.02712e-06	1.36727e-05	0.408856
0.881008	1.01562e-06	1.33559e-05	0.399381
0.859557	9.93037e-07	1.27812e-05	0.382197
0.903939	1.17871e-07	1.81715e-06	0.0543381
0.938048	3.21506e-08	5.52413e-07	0.0165188
0.93463	2.93828e-07	4.42354e-06	0.132277
0.97286	2.62618e-07	4.13386e-06	0.123615
0.93211	2.58185e-07	3.90824e-06	0.116868
0.980671	2.93051e-08	5.27786e-07	0.0157824
0.953164	2.62596e-08	4.6313e-07	0.013849
0.968214	9.05284e-07	1.31015e-05	0.391773
0.976421	6.95796e-07	1.03281e-05	0.308842
0.901618	2.34453e-06	2.97357e-05	0.889188
0.971236	1	0.999582	29890.5
0.99923	0.115283	0.364144	10889
0.613586	0.059881	0.158132	4728.62
0.171	0.0522815	0.0511125	1528.42
0.200973	0.0523497	0.058437	1747.44
0.469093	0.0525348	0.115905	3465.91
0.72319	1	0.957564	28634
0.0780763	0.618235	0.194572	5818.29
0.0533404	0.616248	0.145131	4339.84
0.0455842	0.616248	0.128441	3840.78
0.0564382	0.617003	0.151739	4537.45
0.103944	0.617201	0.240352	7187.26
0.134788	0.616909	0.289958	8670.6
0.125197	0.617494	0.275215	8229.75
0.086823	0.617385	0.210454	6293.21
0.223426	0.616909	0.410979	12289.5
0.0719261	0.616833	0.18258	5459.69
0.248049	0.615748	0.439734	13149.4
0.187623	0.616037	0.364984	10914.1
0.26468	0.615931	0.458727	13717.3
0.973038	0.615643	0.906006	27092.3
0.968039	0.615854	0.904527	27048.1
0.97687	0.352428	0.711382	21272.5
0.98144	0.352428	0.713096	21323.7
0.968199	0.199144	0.510186	15256.1
0.651011	0.614139	0.766343	22915.9
0.700648	0.613856	0.792989	23712.7
0.616265	0.614139	0.746201	22313.6
0.227287	0.613395	0.414107	12383
0.859626	0.613215	0.864659	25855.9
0.97438	0.578299	0.886707	26515.2
0.996431	0.578299	0.893879	26729.7
0.978865	0.578299	0.888189	26559.5
0.860921	0.578299	0.845092	25270.8
0.996431	0.578299	0.893879	26729.7
0.660166	0.578299	0.749393	22409.1
0.97438	0.578299	0.886707	26515.2
0.976792	0.146591	0.42149	12603.8
0.976792	0.146591	0.42149	12603.8
0.976792	0.146591	0.42149	12603.8
0.999889	0.146591	0.428031	12799.4
0.996224	0.146591	0.426999	12768.5
0.887056	0.146591	0.395299	11820.6
0.72312	0.146591	0.343904	10283.8
0.837465	1	0.986011	29484.7
0.290357	0.538285	0.44638	13348.1
0.0756607	0.316682	0.113365	3389.95
0.601022	0.599141	0.727893	21766.2
0.625601	0.597543	0.741655	22177.7
0.995947	0.0258205	0.119853	3583.95
0.763689	0.00177895	0.0103269	308.805
0.691644	0.00159969	0.00863736	258.283
0.743085	0.00632866	0.0299076	894.326
0.564927	0.00542664	0.0208081	622.225
0.571731	0.00546507	0.0211484	632.401
0.644721	0.00501863	0.0217871	651.501
0.839886	0.00479403	0.0262317	784.408
0.877877	0.00435048	0.0250833	750.067
0.874544	0.00449541	0.0257067	768.707
0.905683	0.0042388	0.0251937	753.367
0.898086	0.00412841	0.0244608	731.451
0.909043	0.0042388	0.0252729	755.735
0.909728	1	0.995797	29777.3
