ks_quality_p_value	fisher_strand_p_value	bias_p_value	bias_e_value
0.996406	1	0.999994	29902.8
0.996406	1	0.999994	29902.8
0.99993	1	1	29903
0.991757	1	0.999966	29902
1	1	1	29903
0.455876	1	0.813982	24340.5
0.531465	1	0.867414	25938.3
0.179024	1	0.486987	14562.4
0.520972	1	0.860676	25736.8
0.735096	1	0.961325	28746.5
1	1	1	29903
0.999999	1	1	29903
0.102187	1	0.335271	10025.6
0.907947	1	0.995627	29772.2
0.999989	1	1	29903
0.999998	1	1	29903
0.515108	1	0.85682	25621.5
0.852668	1	0.988571	29561.2
0.838748	0.691809	0.89608	26795.5
0.438942	0.929391	0.773721	23136.6
0.865654	1	0.990542	29620.2
0.999908	0.448294	0.80793	24159.5
0.999996	0.885879	0.993225	29700.4
0.999978	0.178858	0.486694	14553.6
0.177064	0.944756	0.466396	13946.6
0.794602	1	0.977292	29224
1.94832e-07	1	3.2052e-06	0.0958452
0.271273	1	0.625184	18694.9
0.999999	1	1	29903
0.753709	0.000242003	0.00175273	52.412
0.978568	8.93215e-35	6.94209e-33	2.07589e-28
3.26548e-44	4.71388e-186	8.1254e-227	2.42974e-222
0.00556284	1.37293e-151	2.70031e-151	8.07475e-147
1	0.00270013	0.0186699	558.286
0.843123	1.01544e-07	1.47884e-06	0.0442218
0.567029	1.01561e-07	1.01757e-06	0.0304285
0.293777	8.31883e-56	3.15386e-54	9.43099e-50
0.593737	0.0638529	0.161978	4843.63
0.791062	0.316753	0.597365	17863
0.973859	0.00269295	0.01821	544.533
0.765743	0.18636	0.420546	12575.6
1	0.00175735	0.0129059	385.925
0.99934	0.333692	0.699689	20922.8
0.999999	9.84815e-27	5.99579e-25	1.79292e-20
0.956654	0.186321	0.485644	14522.2
0.893329	4.17179e-05	0.000417301	12.4786
0.999999	3.28666e-23	1.73435e-21	5.18624e-17
0.230143	1	0.568236	16992
0.335459	1	0.701866	20987.9
0.12105	0.590521	0.260076	7777.05
0.0443593	1.62511e-10	1.92157e-10	5.74608e-06
0.204839	1.07881e-09	5.13405e-09	0.000153524
0.892319	0.404997	0.729208	21805.5
0.341811	1	0.708744	21193.6
0.594862	1	0.903849	27027.8
0.964427	0.109057	0.342048	10228.3
0.694705	0.332694	0.569675	17035
0.999998	1.96424e-08	3.68208e-07	0.0110105
1	7.62001e-35	6.06246e-33	1.81286e-28
0.979233	0.335359	0.694075	20754.9
0.668624	0.121084	0.284476	8506.7
0.958293	7.6566e-19	3.13713e-17	9.38096e-13
0.971519	7.21256e-19	2.99921e-17	8.96854e-13
0.599475	4.18828e-07	4.06682e-06	0.12161
0.0249412	1.9212e-22	2.62083e-22	7.83707e-18
0.998526	0.0592294	0.226385	6769.59
1	3.88242e-57	5.08173e-55	1.51959e-50
2.4354e-07	9.22186e-17	1.1937e-21	3.56952e-17
0.999999	1	1	29903
0.901379	1	0.994969	29752.5
1	0.597792	0.905363	27073.1
0.122049	1	0.378759	11326
0.847733	0.320383	0.625609	18707.6
0.85246	0.429945	0.734388	21960.4
0.513439	0.319716	0.460773	13778.5
1	1	1	29903
0.999996	6.18976e-14	1.9444e-12	5.81434e-08
0.747374	1.48279e-18	4.69255e-17	1.40321e-12
1	0.00115653	0.00897735	268.45
1	8.91032e-61	1.24094e-58	3.7108e-54
0.0185471	2.41442e-27	2.96786e-27	8.87478e-23
0.743622	2.09273e-09	3.31176e-08	0.000990315
1	0.0492717	0.1976	5908.82
0.735884	0.00744032	0.0339875	1016.33
1	6.3831e-06	8.27368e-05	2.47408
0.972481	1	0.999618	29891.6
0.999989	1	1	29903
0.0149064	1	0.0776021	2320.54
1	1	1	29903
1	0.000358099	0.00319951	95.6749
0.763723	0.882439	0.939886	28105.4
0.999883	0.582847	0.897449	26836.4
0.999804	0.280893	0.637496	19063
0.998926	1	0.999999	29903
0.110182	0.668095	0.265663	7944.11
1	0.206153	0.531696	15899.3
0.288837	1	0.647542	19363.4
0.221785	1	0.555804	16620.2
0.999993	2.80635e-16	1.033e-14	3.08897e-10
0.0724662	2.9527e-08	4.48538e-08	0.00134126
0.824208	5.22594e-07	6.74422e-06	0.201673
0.999998	4.08478e-11	1.01797e-09	3.04404e-05
0.777547	0.774182	0.907495	27136.8
0.102627	1	0.336274	10055.6
0.0765512	1	0.273272	8171.65
0.183509	1	0.494647	14791.4
0.900511	1	0.994878	29749.8
0.330936	1	0.696896	20839.3
0.0642756	1	0.240685	7197.2
0.999981	1	1	29903
0.12676	0.478243	0.230551	6894.17
0.983134	0.020486	0.0987896	2954.11
0.698835	0.134746	0.316649	9468.77
0.999753	0.0323805	0.143425	4288.83
1	0	0	0
0.565947	1	0.888115	26557.3
0.587995	1	0.900242	26919.9
0.965449	1	0.999396	29884.9
0.636804	1	0.924189	27636
0.895806	1	0.994373	29734.7
0.999965	0.551923	0.879945	26313
1	0.550589	0.879162	26289.6
0.999863	0.551033	0.879382	26296.2
0.777636	1	0.973209	29101.9
0.300044	0.357791	0.346926	10374.1
0.816318	0.357475	0.651223	19473.5
0.997842	2.41215e-08	4.46303e-07	0.0133458
0.99997	1	1	29903
0.516856	1	0.857976	25656.1
1	0.822879	0.983296	29403.5
0.779174	1	0.973594	29113.4
0.833934	1	0.985377	29465.7
1	1	1	29903
0.14639	1	0.427676	12788.8
1	0.0179445	0.0900899	2693.96
0.598932	0.608283	0.732182	21894.4
1	1	1	29903
0.942685	1	0.998325	29852.9
0.999979	1	1	29903
0.971277	1	0.999583	29890.5
0.0686182	1	0.25246	7549.31
0.482661	1	0.834251	24946.6
0.999772	1	1	29903
0.554272	1	0.881348	26354.9
0.929839	1	0.997479	29827.6
0.997596	1	0.999997	29902.9
0.206014	1	0.531477	15892.8
0.9962	1	0.999993	29902.8
0.998675	1	0.999999	29903
0.0297953	1.66505e-51	6.0245e-51	1.80151e-46
0.999995	1	1	29903
0.535722	1	0.870087	26018.2
0.399335	0.163604	0.243578	7283.7
0.999933	0.12709	0.389242	11639.5
0.733036	1	0.960688	28727.5
0.963038	1	0.999308	29882.3
0.448649	3.92154e-14	5.74816e-13	1.71887e-08
0.985306	0.00634719	0.0379897	1136.01
0.467679	1.11195e-05	6.84721e-05	2.04752
0.0120233	4.08108e-42	4.94231e-42	1.4779e-37
0.119527	1.65856e-40	1.87779e-39	5.61515e-35
0.999996	9.14872e-42	8.73653e-40	2.61248e-35
0.80792	3.11563e-46	2.66811e-44	7.97844e-40
0.999999	9.92027e-41	9.2369e-39	2.76211e-34
1	4.58671e-48	5.04542e-46	1.50873e-41
0.983247	1	0.999859	29898.8
1	1	1	29903
1	1	1	29903
1	1	1	29903
1	1	1	29903
0.613653	1	0.913316	27310.9
1	0.935711	0.997888	29839.8
0.981998	0.775143	0.968897	28972.9
0.995735	0.77508	0.971713	29057.1
0.00223864	0.936146	0.0150217	449.192
0.989609	0.627638	0.916914	27418.5
0.979286	1	0.999784	29896.5
0.992844	3.49065e-11	8.69382e-10	2.59971e-05
0.96312	3.45543e-15	1.14271e-13	3.41706e-09
0.999978	2.2306e-07	3.63933e-06	0.108827
0.281973	1	0.638935	19106.1
0.963134	0.716152	0.945941	28286.5
0.505469	1	0.850335	25427.6
0.277328	0.000100343	0.000319729	9.56085
0.923849	0.11678	0.348116	10409.7
0.984701	0.0151492	0.0776485	2321.92
0.987259	0.193924	0.507947	15189.1
0.938666	0.773773	0.95857	28664.1
0.602323	1	0.907677	27142.3
0.526024	1	0.863946	25834.6
0.548767	0.124614	0.251832	7530.52
0.999909	0.0830165	0.289602	8659.97
0.999599	0.00108549	0.00849176	253.929
0.468891	1	0.824022	24640.7
0.253784	0.0242362	0.0374653	1120.33
0.79419	1	0.977197	29221.1
0.383424	0.401049	0.441676	13207.4
0.994363	0.0378791	0.161172	4819.51
0.998509	0.191434	0.507443	15174.1
0.999999	0.27352	0.628105	18782.2
0.317412	4.16543e-09	2.83524e-08	0.000847822
0.835801	0.274997	0.567795	16978.8
0.0642259	1	0.240549	7193.12
0.665606	0.0742594	0.198068	5922.84
0.999721	0.51204	0.85468	25557.5
0.999948	0.875989	0.991966	29662.7
0.654522	0.908123	0.903602	27020.4
0.630095	0.847265	0.86892	25983.3
0.988184	0.939221	0.997353	29823.8
1	0.913169	0.996116	29786.9
0.97426	0.393337	0.750777	22450.5
0.692268	1	0.946872	28314.3
0.998981	0.217751	0.549352	16427.3
0.210709	0.958332	0.524983	15698.6
4.35351e-09	5.21621e-43	2.67082e-49	7.98657e-45
2.65007e-08	2.47333e-41	7.33753e-47	2.19414e-42
0.178302	8.54733e-10	3.59735e-09	0.000107571
0.288549	0.123545	0.154503	4620.11
0.150265	0.12376	0.0927012	2772.04
0.996138	0.137196	0.408662	12220.2
1	0.0823112	0.287863	8607.96
1	0.454576	0.81296	24309.9
0.132948	0.0362187	0.0305091	912.313
0.627699	1	0.920015	27511.2
0.870162	0.628083	0.876727	26216.8
0.999999	0.0108666	0.0600059	1794.36
0.999998	0.0556123	0.216295	6467.88
0.89567	0.294594	0.615409	18402.6
0.549666	1	0.87861	26273.1
0.607327	1	0.910194	27217.5
0.764121	1	0.969692	28996.7
0.270904	1	0.624702	18680.5
0.74625	0.617241	0.817681	24451.1
0.999942	0.00261567	0.0181682	543.283
1	0.000357294	0.00319312	95.4839
0.771203	0.0473277	0.157329	4704.6
0.669593	0.0505386	0.148427	4438.42
0.999998	1	1	29903
0.774486	1	0.97241	29078
0.999994	0.163541	0.459662	13745.3
0.99984	0.917199	0.996461	29797.2
0.927816	1	0.99733	29823.2
1	0.940226	0.998177	29848.5
0.452353	1	0.811201	24257.3
0.679248	1	0.94196	28167.4
0.988495	2.70818e-17	1.0483e-15	3.13474e-11
1	1.35762e-17	5.40853e-16	1.61731e-11
0.0742307	1.33139e-17	4.19614e-17	1.25477e-12
0.0426375	1.0136e-16	1.77117e-16	5.29633e-12
0.999984	0.566528	0.888441	26567
0.985419	1	0.999893	29899.8
0.480871	1	0.832944	24907.5
0.113582	4.02872e-08	9.24447e-08	0.00276437
0.617945	0.000586141	0.00323205	96.6479
0.815975	6.87286e-171	2.20408e-168	6.59085e-164
1	0.0552609	0.215279	6437.5
0.530986	6.32156e-171	1.32095e-168	3.95003e-164
0.839768	0.000597888	0.00431631	129.071
0.147462	1.50112e-151	7.75192e-150	2.31806e-145
0.956501	5.55502e-10	1.18784e-08	0.0003552
0.470561	1	0.825284	24678.5
0.260185	0.42592	0.354603	10603.7
0.326527	0.425877	0.413405	12362.1
0.330749	0.425877	0.416941	12467.8
0.0284533	1	0.129733	3879.4
0.995048	1	0.999988	29902.6
0.189685	1	0.505015	15101.5
0.983988	1	0.999871	29899.1
0.971999	0.631721	0.9135	27316.4
0.882201	1	0.992772	29686.9
0.829741	4.89497e-08	7.31857e-07	0.0218847
0.793855	1.46133e-09	2.50286e-08	0.00074843
0.766723	0.0768623	0.225791	6751.81
0.738785	2.4084e-07	2.94328e-06	0.088013
0.89913	0.165163	0.431721	12909.8
0.981614	3.7664e-06	4.99409e-05	1.49338
0.999997	1.23128e-20	5.76777e-19	1.72474e-14
0.221157	1	0.554857	16591.9
0.273696	1	0.628335	18789.1
0.388441	1	0.755756	22599.4
0.440297	1	0.801475	23966.5
0.9998	1	1	29903
0.240089	1.1074e-05	3.67908e-05	1.10016
0.84955	0.0732944	0.235141	7031.42
0.694594	0.870492	0.908847	27177.2
0.956718	1	0.99905	29874.6
0.999998	1	1	29903
1	0.819959	0.982722	29386.3
1	0.822159	0.983155	29399.3
0.998716	0.885198	0.993003	29693.8
0.944746	1	0.998445	29856.5
0.0430436	1	0.178439	5335.86
0.000560324	6.43685e-05	6.54182e-07	0.019562
0.758693	0.000279704	0.00200706	60.0172
0.967999	1.74298e-05	0.000202293	6.04917
0.999999	1.70844e-05	0.000204625	6.11891
0.714179	0.0128702	0.0522954	1563.79
0.677747	0.0128702	0.0500844	1497.67
0.914026	3.32774e-05	0.000346763	10.3693
0.958773	1.01265e-06	1.44131e-05	0.430993
0.901196	1.02228e-06	1.37247e-05	0.410409
0.768608	0.0128842	0.0556039	1662.72
1	0.0336521	0.147789	4419.34
0.968349	8.15185e-05	0.000824657	24.6597
0.956891	6.66419e-06	8.26626e-05	2.47186
0.99575	1	0.999991	29902.7
0.999988	1	1	29903
0.989028	1	0.99994	29901.2
0.990747	1	0.999957	29901.7
0.777904	0.81441	0.922705	27591.6
0.923072	1	0.996962	29812.2
0.999998	0.699698	0.949564	28394.8
0.999398	1	1	29903
0.953478	1	0.998901	29870.1
0.830185	0.60018	0.845365	25278.9
0.983946	0.143718	0.418023	12500.1
0.680277	0.143718	0.325094	9721.29
0.925647	0.143718	0.40138	12002.5
0.422037	0.143714	0.230637	6896.74
0.819643	0.0892188	0.264396	7906.24
1	0.0585364	0.224669	6718.27
0.829115	3.9523e-09	6.72959e-08	0.00201235
0.0167568	1.11194e-15	7.36391e-16	2.20203e-11
0.235058	2.87169e-11	1.80373e-10	5.3937e-06
0.520936	0.000144615	0.000790533	23.6393
0.999998	0.0160943	0.0825524	2468.57
0.999999	1	1	29903
0.751242	1	0.966118	28889.8
0.999995	1	1	29903
0.999981	1	1	29903
0.999971	0.177427	0.484224	14479.8
0.999985	0.733184	0.960731	28728.7
0.701095	1	0.950062	28409.7
0.994871	1	0.999987	29902.6
0.11965	9.8391e-18	4.97782e-17	1.48852e-12
0.996405	1.13752e-12	3.23094e-11	9.66149e-07
0.989707	3.18214e-06	4.30468e-05	1.28723
1	3.07851e-06	4.21481e-05	1.26035
0.999999	0.00900208	0.0514045	1537.15
0.999999	0.00901361	0.0514588	1538.77
0.99546	0.611698	0.910986	27241.2
0.683186	0.386782	0.615922	18417.9
1	8.29037e-05	0.000862018	25.7769
1	0.64253	0.926748	27712.5
0.772968	0.877086	0.94146	28152.5
0.954062	1	0.998928	29871
0.999993	0.861923	0.989995	29603.8
0.904635	1	0.995301	29762.5
0.597311	0.619484	0.737897	22065.3
0.37071	2.02175e-10	1.82231e-09	5.44925e-05
0.945772	5.74146e-08	9.62689e-07	0.0287873
0.227617	1	0.564511	16880.6
0.344741	0.621794	0.544493	16282
0.369677	0.000349994	0.00128773	38.507
0.613274	0.000350125	0.00202831	60.6525
0.602616	0.000536049	0.00291948	87.3013
0.260225	1	0.610542	18257
1	0.0515334	0.204357	6110.89
0.408234	1	0.773977	23144.2
0.856764	1	0.989214	29580.5
1	0.00146276	0.0110108	329.256
0.999983	0.00015037	0.00147397	44.0761
0.997908	0.937422	0.997871	29839.3
0.953409	0.799763	0.969254	28983.6
1	0.781933	0.974278	29133.8
0.109006	0.877954	0.320268	9576.99
1	0.860878	0.98984	29599.2
0.999998	2.20893e-15	7.6752e-14	2.29512e-09
0.590584	1.24572e-36	6.19463e-35	1.85238e-30
1	0.000431603	0.00377567	112.904
1	1.4077e-16	5.2788e-15	1.57852e-10
1	1.45903e-17	5.80199e-16	1.73497e-11
1	0.531871	0.86767	25945.9
0.535288	3.37471e-14	5.8971e-13	1.76341e-08
0.114023	3.37367e-14	1.31526e-13	3.93303e-09
0.559476	3.37611e-14	6.1577e-13	1.84134e-08
0.999999	7.02306e-19	3.00586e-17	8.98843e-13
0.517265	0.00364297	0.0137073	409.889
0.985234	0.0456551	0.18449	5516.81
0.364041	0.0339686	0.0666872	1994.15
0.86166	2.23682e-05	0.000228525	6.83359
0.143395	0.357753	0.203664	6090.18
0.744389	0.0015979	0.0091996	275.096
1	0.00100899	0.00796979	238.321
0.999816	5.99752e-67	9.20342e-65	2.7521e-60
0.999998	2.88764e-07	4.63686e-06	0.138656
0.640373	1	0.92579	27683.9
0.758357	1	0.968119	28949.7
0.28748	1	0.645854	19313
0.258556	1	0.60829	18189.7
0.843301	1	0.987026	29515
0.778866	1	0.973517	29111.1
0.60159	0.647664	0.756877	22632.9
0.75063	0.404399	0.66545	19898.9
1	1	1	29903
1	0.404198	0.770341	23035.5
0.0739765	1	0.266612	7972.5
0.650663	1	0.930294	27818.6
0.871417	0.0261976	0.109116	3262.91
0.999885	1	1	29903
0.637703	1	0.924595	27648.2
0.947642	1	0.998605	29861.3
0.163131	1	0.45892	13723.1
0.908067	1	0.995638	29772.6
0.880748	1	0.992589	29681.4
0.990729	1	0.999957	29901.7
1	1	1	29903
0.824417	1	0.983594	29412.4
0.999999	1	1	29903
0.972287	1	0.999612	29891.4
1	1	1	29903
0.982382	1	0.999844	29898.3
0.912042	1	0.996013	29783.8
1	1	1	29903
1	1	1	29903
2.60462e-15	0.375442	3.47747e-14	1.03987e-09
1	1	1	29903
0.718413	1.10042e-22	4.10236e-21	1.22673e-16
1	3.97183e-21	1.90549e-19	5.69798e-15
0.223274	1	0.558042	16687.1
0.999998	1	1	29903
0.983085	0.386488	0.747634	22356.5
0.468247	1	0.823534	24626.1
0.942242	0.171651	0.456387	13647.3
0.940647	0.171651	0.455888	13632.4
0.998944	0.245646	0.590135	17646.8
0.526933	1	0.86453	25852
0.999981	1	1	29903
0.999972	0.404381	0.770496	23040.2
0.560673	0.850454	0.829965	24818.4
0.999978	1	1	29903
0.999968	0.423586	0.787434	23546.6
0.989764	1	0.999947	29901.4
0.661449	1	0.934841	27954.5
0.989373	1	0.999943	29901.3
0.700923	0.0485981	0.149182	4460.99
0.0696676	0.00110298	0.000804824	24.0667
0.999997	3.28595e-22	1.65832e-20	4.95888e-16
1	1	1	29903
0.961924	0.345448	0.698394	20884.1
0.998804	0.358336	0.725651	21699.1
0.86583	0.833006	0.95693	28615.1
0.0439198	1.77226e-05	1.1727e-05	0.350673
0.989869	1	0.999949	29901.5
1	0.8956	0.99435	29734.1
0.99999	0.00984157	0.0553204	1654.25
0.98203	0.416114	0.774337	23155
0.082355	1	0.287972	8611.23
0.512827	0.730871	0.742625	22206.7
0.999983	0.566458	0.8884	26565.8
0.999962	0.933792	0.997756	29835.9
0.804973	1	0.979609	29293.2
0.672266	0.219049	0.429344	12838.7
0.0198715	0.151036	0.020435	611.069
0.732308	0.165619	0.377147	11277.8
1	1	1	29903
0.521229	0.186122	0.323334	9668.65
0.92267	0.0330252	0.136846	4092.11
0.852266	0.0333535	0.129636	3876.5
0.627308	0.3707	0.571749	17097
0.406467	0.372225	0.437023	13068.3
0.341616	0.372171	0.389362	11643.1
0.358435	0.374456	0.403767	12073.9
0.0608533	0.374506	0.108969	3258.49
0.235323	0.372198	0.300871	8996.95
0.464688	0.0748778	0.151646	4534.66
0.993806	1	0.999981	29902.4
0.319591	0.409244	0.396839	11866.7
0.449077	0.62726	0.638574	19095.3
0.240528	1	0.583261	17441.3
0.116708	0.0323501	0.0248399	742.788
0.505192	1	0.850145	25421.9
0.693189	1	0.94721	28324.4
0.658652	1	0.933679	27919.8
0.863984	1	0.990299	29612.9
0.561902	1	0.885798	26488
0.756105	1	0.967493	28930.9
0.973608	1	0.999649	29892.5
0.470707	1	0.825394	24681.7
0.869341	1	0.991066	29635.8
0.861754	0.0996122	0.296603	8869.33
0.849342	0.0996122	0.293559	8778.29
0.258358	1	0.608022	18181.7
0.996445	1	0.999994	29902.8
1	1	1	29903
3.81326e-21	0.00318659	6.53311e-22	1.9536e-17
0.103578	1	0.338433	10120.2
0.925028	0.409151	0.746204	22313.8
0.998591	0.422687	0.78616	23508.5
1.42645e-06	9.275e-37	1.28902e-40	3.85454e-36
1	1	1	29903
0.998635	0.703421	0.950546	28424.2
0.999999	0.800197	0.978559	29261.8
1	0.635901	0.923781	27623.8
6.31928e-08	1	1.11074e-06	0.0332146
1	1	1	29903
1	1	1	29903
1	1	1	29903
0.0829951	1	0.289568	8658.94
0.184138	1	0.495712	14823.3
0.556987	1	0.882943	26402.7
0.101913	1	0.334646	10006.9
0.608202	1	0.910629	27230.5
0.209395	1	0.53679	16051.6
0.0094358	1	0.0534372	1597.93
0.918735	1	0.996605	29801.5
0.996642	1	0.999994	29902.8
0.961737	1	0.999258	29880.8
0.979431	1	0.999787	29896.6
0.894649	1	0.994245	29730.9
0.993086	1	0.999976	29902.3
0.633243	1	0.922573	27587.7
0.409582	1	0.775183	23180.3
1	0.415837	0.780718	23345.8
0.695793	0.178713	0.383572	11469.9
0.999998	0.117211	0.368486	11018.8
0.951889	1	0.998824	29867.8
0.00775798	0.411598	0.0215435	644.215
0.0246606	0.411553	0.0567374	1696.62
1	0.643492	0.927173	27725.3
1	1	1	29903
0.642479	1	0.926725	27711.9
0.877948	0.846382	0.963739	28818.7
0.431522	4.56519e-140	6.35681e-138	1.90088e-133
0.999875	1.39891e-66	2.13496e-64	6.38419e-60
0.721425	1	0.95699	28616.9
1	2.29482e-09	4.79447e-08	0.00143369
0.403302	5.37857e-21	1.05379e-19	3.15115e-15
0.447195	0.0453724	0.0993739	2971.58
0.999848	5.0882e-50	5.82523e-48	1.74192e-43
0.949778	0.000189789	0.00173428	51.8601
0.89641	0.00401536	0.0238533	713.284
0.999961	1.41064e-15	4.96453e-14	1.48454e-09
0.0446981	0.0160435	0.00590921	176.703
0.00495865	1.56849e-09	2.06727e-10	6.18176e-06
0.997432	5.74497e-10	1.2767e-08	0.000381771
0.328906	0.0757049	0.116852	3494.23
0.999998	8.3301e-18	3.35924e-16	1.00451e-11
1	1.71964e-25	9.9778e-24	2.98366e-19
0.162305	5.75919e-15	3.32828e-14	9.95257e-10
0.118415	1.58759e-11	5.2638e-11	1.57404e-06
0.989389	8.96158e-28	5.61161e-26	1.67804e-21
2.89412e-12	1.93564e-29	5.24809e-39	1.56934e-34
0.796732	0.304632	0.58636	17533.9
1.03169e-07	0.728819	1.30857e-06	0.0391302
0.999996	0.393493	0.7605	22741.2
1.56494e-05	0.96366	0.000182508	5.45754
0.928007	0.879937	0.982045	29366.1
0.999907	0.270894	0.624656	18679.1
0.99819	0.187676	0.501096	14984.3
0.999991	1	1	29903
1	1	1	29903
1	1	1	29903
1	1	1	29903
1	1	1	29903
0.279042	0.00409866	0.00889052	265.853
1	0.0107984	0.0596976	1785.14
1	1.44283e-25	8.39701e-24	2.51096e-19
0.999994	5.79378e-31	4.09174e-29	1.22355e-24
0.996525	0.115313	0.363534	10870.8
0.508648	4.59589e-33	1.77983e-31	5.32221e-27
0.978851	0.253843	0.594455	17776
0.449535	8.49443e-48	4.20743e-46	1.25815e-41
1	1.49809e-43	1.4922e-41	4.46212e-37
1	4.10073e-54	5.08197e-52	1.51966e-47
0.920456	0.116238	0.34612	10350
0.964908	4.97193e-68	7.4844e-66	2.23806e-61
0.999999	1.19043e-26	7.22504e-25	2.16051e-20
1	1.33851e-19	5.9507e-18	1.77944e-13
0.33714	0.132232	0.183247	5479.64
0.685656	1	0.944409	28240.6
0.366705	1	0.734583	21966.2
0.985554	1	0.999895	29899.9
0.3796	1	0.747294	22346.3
1	0.116747	0.36749	10989
0.999178	0.432862	0.795015	23773.3
0.999903	0.0375168	0.160671	4804.56
0.993625	1	0.99998	29902.4
4.64263e-06	5.46107e-43	2.80397e-46	8.3847e-42
0.000139506	0.151112	0.000248063	7.41783
0.687161	1	0.944974	28257.6
1.49746e-05	0.00479361	1.25257e-06	0.0374557
0.0202358	1	0.0991617	2965.23
0.386461	1	0.753879	22543.3
0.980459	0.360829	0.721384	21571.6
0.553166	1	0.880694	26335.4
0.999998	1	1	29903
1	0.505438	0.850314	25426.9
1	1	1	29903
0.113356	0.401948	0.186292	5570.68
0.984566	1	0.99988	29899.4
1	1	1	29903
0.999996	1	1	29903
0.704904	1	0.951405	28449.8
0.147887	0.643091	0.318865	9535.02
0.00588527	1	0.0361079	1079.74
0.999988	1.16326e-15	4.11645e-14	1.23094e-09
0.999869	0.374175	0.741953	22186.6
0.903533	0.492386	0.805217	24078.4
0.119066	1.13121e-11	3.81618e-11	1.14115e-06
0.195183	2.62378e-10	1.26467e-09	3.78175e-05
1	0.186412	0.499546	14937.9
0.763557	0.358248	0.628136	18783.1
1	0.00031668	0.00286836	85.7727
0.820551	0.00159978	0.0100234	299.729
1	0.0514658	0.204156	6104.89
0.363188	3.2835e-13	3.66793e-12	1.09682e-07
0.999996	0.474244	0.828044	24761
0.93504	0.377434	0.720487	21544.7
0.991376	0.00466608	0.0294948	881.983
0.338884	0.351356	0.372454	11137.5
0.996145	0.772723	0.971184	29041.3
0.811333	0.0255446	0.101064	3022.13
0.0570775	0.22376	0.0684629	2047.25
0.998678	0.361068	0.728398	21781.3
0.96347	0.230976	0.556937	16654.1
1	0.552911	0.880543	26330.9
0.471889	1	0.826283	24708.3
0.667587	1	0.937349	28029.6
0.747474	0.813367	0.910515	27227.1
0.838715	0.580787	0.837474	25043
0.999768	0.40289	0.769069	22997.5
0.963365	1.36176e-07	2.21006e-06	0.0660874
0.999993	5.7895e-05	0.000622765	18.6226
0.760143	0.00175185	0.010149	303.485
0.903974	8.58036e-11	1.88325e-09	5.63149e-05
0.997477	0.0790783	0.279218	8349.47
0.999661	0.00820758	0.0476128	1423.76
0.954988	0.000127494	0.0012192	36.4576
0.998032	2.39188e-09	4.97801e-08	0.00148858
0.999781	0.165804	0.46368	13865.4
3.30527e-13	0.100038	1.05942e-12	3.16799e-08
0.999851	2.3602e-12	6.55386e-11	1.9598e-06
0.905758	6.4065e-13	1.69297e-11	5.06248e-07
0.183735	2.55851e-05	6.237e-05	1.86505
0.275237	1.71178e-07	8.41966e-07	0.0251773
0.989154	1.71178e-07	2.80929e-06	0.0840061
0.999998	0.000809018	0.00656896	196.432
0.999984	0.586795	0.899598	26900.7
1	5.80105e-06	7.5747e-05	2.26506
0.126741	0.179776	0.10895	3257.93
0.855274	0.74478	0.924274	27638.6
0.999996	0.271559	0.625556	18706
0.999947	0.101264	0.33315	9962.18
1	1	1	29903
1	1	1	29903
0.999971	0.708886	0.952779	28490.9
0.998646	0.952128	0.998771	29866.3
6.79364e-11	0.647359	1.09277e-09	3.2677e-05
0.892361	0.146537	0.396784	11865
1	1	1	29903
0.261645	1	0.61245	18314.1
1.08955e-06	0.599358	9.95325e-06	0.297632
0.981546	0.0517352	0.202119	6043.95
0.999999	0.0642554	0.240629	7195.53
1	0.0621992	0.234952	7025.77
0.940687	0.0501061	0.191118	5714.99
0.999999	0.0513834	0.203912	6097.57
0.999996	0.0601524	0.229232	6854.74
0.947136	1	0.998577	29860.5
0.999999	1	1	29903
0.00287792	5.92686e-05	2.82876e-06	0.0845883
0.999994	0.00345496	0.0230374	688.887
0.999995	5.49689e-68	8.56805e-66	2.5621e-61
0.520514	8.37091e-07	6.81736e-06	0.20386
1	3.03972e-21	1.46644e-19	4.38509e-15
1	0.645238	0.92794	27748.2
1	5.28205e-21	2.51901e-19	7.53259e-15
0.999998	1.69514e-18	7.10581e-17	2.12485e-12
0.999997	6.80663e-27	4.16918e-25	1.24671e-20
0.7939	1.38764e-75	1.91243e-73	5.71873e-69
0.833634	4.75829e-28	2.54242e-26	7.60259e-22
0.898665	2.17362e-07	3.21299e-06	0.096078
0.840378	0.0456034	0.163325	4883.9
0.137793	1	0.410898	12287.1
0.458929	1	0.816371	24411.9
1	1	1	29903
0.0654339	6.22053e-23	2.23292e-22	6.67709e-18
0.0423907	0.705166	0.13482	4031.51
0.335331	0.802754	0.622456	18613.3
0.939219	0.94393	0.993307	29702.9
0.912525	1	0.996057	29785.1
0.996173	0.292453	0.650632	19455.8
0.841771	2.63438e-06	3.1088e-05	0.929624
0.945946	0.349606	0.696644	20831.7
0.999986	0.319632	0.684194	20459.4
0.999999	3.4014e-21	1.63709e-19	4.8954e-15
1	1.5334e-17	6.09012e-16	1.82113e-11
0.998873	1	0.999999	29903
0.496722	2.28348e-11	2.97203e-10	8.88726e-06
0.608828	4.63526e-30	1.94836e-28	5.82619e-24
0.999996	3.20648e-26	1.91432e-24	5.7244e-20
0.999997	4.13713e-21	1.9831e-19	5.93006e-15
0.999993	0.228643	0.566024	16925.8
0.16022	9.69696e-24	8.67266e-23	2.59338e-18
0.179977	9.75099e-24	9.775e-23	2.92302e-18
0.966138	5.494e-07	8.20021e-06	0.245211
0.927307	0.798312	0.962902	28793.7
0.999597	5.51419e-41	5.16467e-39	1.54439e-34
0.880627	0.215925	0.505788	15124.6
0.46566	0.135402	0.237313	7096.37
0.205203	0.0289718	0.0364147	1088.91
0.835149	0.356296	0.658244	19683.5
0.165903	0.00813901	0.0102722	307.169
0.266471	0.000206269	0.000594104	17.7655
0.999999	1.9769e-09	4.15973e-08	0.00124388
0.997486	0.357422	0.724226	21656.5
0.999975	1.00118e-13	3.09683e-12	9.26045e-08
0.999998	5.21891e-11	1.28782e-09	3.85098e-05
0.258355	1	0.608018	18181.6
0.999997	0.725393	0.958274	28655.3
1	0.609525	0.911286	27250.2
0.233936	0.901941	0.539288	16126.3
0.132813	0.843472	0.357249	10682.8
0.752958	1	0.966607	28904.4
0.948964	1	0.998675	29863.4
0.999982	1	1	29903
0.999907	1	1	29903
0.999983	1	1	29903
0.502399	0.943659	0.827934	24757.7
0.0637218	0.8889	0.219262	6556.6
0.999903	0.0463117	0.188584	5639.23
0.999977	0.476329	0.829589	24807.2
0.999999	0.562595	0.886197	26499.9
0.208334	0.184469	0.163674	4894.34
0.000126308	0.184417	0.000271772	8.1268
0.375503	1	0.743304	22227
0.995891	0.138597	0.411364	12301
1	5.22194e-23	2.73142e-21	8.16776e-17
0.998038	4.3809e-12	1.18733e-10	3.55047e-06
0.0742482	7.56552e-26	3.45147e-25	1.03209e-20
1	0.00154874	0.0115695	345.964
1	3.94653e-12	1.07575e-10	3.21682e-06
0.942983	3.92375e-12	1.01095e-10	3.02303e-06
1.50304e-08	0	0	0
0.447388	1.14683999909608e-318	3.76546000623241e-316	1.12599000000001e-311
0.995445	1.71818e-20	7.95569e-19	2.37899e-14
0.997509	1.68179e-20	7.80661e-19	2.33441e-14
0.784871	0.695218	0.876196	26200.9
0.981004	9.15477e-07	1.34021e-05	0.400764
0.445562	0.133219	0.226994	6787.79
0.269963	3.1943e-05	0.000109181	3.26485
0.998926	1	0.999999	29903
0.999998	1	1	29903
0.61958	1	0.916181	27396.6
0.999968	1	1	29903
1	0.308302	0.671073	20067.1
0.941566	1	0.998258	29850.9
0.95362	0.90774	0.99054	29620.1
0.213963	1	0.543883	16263.7
0.999443	0.824852	0.98359	29412.3
1	0.094028	0.316325	9459.08
0.737955	0.424753	0.677087	20246.9
0.991958	0.426942	0.787379	23545
0.639031	0.0656941	0.175082	5235.48
0.45985	0.00345909	0.0118403	354.06
0.524406	0.332335	0.478761	14316.4
0.457559	0.0237658	0.0600406	1795.39
0.970132	9.13097e-24	4.7906e-22	1.43253e-17
0.00467432	4.09239e-05	3.15046e-06	0.0942083
0.6196	7.02199e-08	7.80987e-07	0.0233538
0.331311	1.31442e-06	6.81391e-06	0.203756
0.919562	7.43521e-11	1.66868e-09	4.98984e-05
0.931014	0.0259071	0.11396	3407.73
0.563317	1.31912e-06	1.12298e-05	0.335806
0.246409	1.31912e-06	5.18097e-06	0.154927
0.246409	1.31912e-06	5.18097e-06	0.154927
0.570895	1.31912e-06	1.13708e-05	0.340022
0.999998	0.00123266	0.00948973	283.771
0.999998	0.825586	0.983819	29419.1
0.999996	1.22686e-24	6.87745e-23	2.05656e-18
0.999974	1.93681e-17	7.6469e-16	2.28665e-11
0.820419	0.00141615	0.00901322	269.522
0.769891	2.37151e-16	6.79917e-15	2.03316e-10
1	0.042718	0.177414	5305.2
0.920397	0.639365	0.900494	26927.5
0.969026	0.650089	0.921061	27542.5
0.462537	1	0.819166	24495.5
0.99999	0.0645451	0.241422	7219.24
0.999996	0.508286	0.852247	25484.7
0.754918	1	0.96716	28921
0.985074	0.0104155	0.0572457	1711.82
0.864981	0.272251	0.576031	17225.1
0.574573	1	0.89296	26702.2
0.654725	0.382722	0.597374	17863.3
0.956286	1	0.99903	29874
0.908268	0.638311	0.89581	26787.4
0.928363	1	0.99737	29824.4
0.86276	0.422621	0.732486	21903.5
0.999978	0.00772205	0.0452788	1353.97
0.558328	1	0.883726	26426.1
0.186592	1	0.499848	14946.9
0.999997	0.266622	0.619076	18512.2
1	0.488866	0.838731	25080.6
0.138541	1	0.41238	12331.4
0.943886	0.0105457	0.0558396	1669.77
0.935444	1	0.99787	29839.3
0.994985	0.945215	0.998192	29848.9
1	0.0747367	0.268588	8031.58
1	0.869684	0.991114	29637.3
0.99998	1	1	29903
0.999997	1	1	29903
0.467624	1	0.823061	24612
7.78563e-12	0.80803	1.68548e-10	5.0401e-06
0.999999	0.477972	0.830812	24843.8
0.552355	1	0.880213	26321
0.999994	0.00151221	0.0113327	338.882
0.838063	0.0350287	0.132932	3975.08
0.957059	0.000117675	0.00113652	33.9854
0.699578	0.0135649	0.0536885	1605.45
1	3.90191e-34	3.04062e-32	9.09236e-28
0.959305	0.000184228	0.00170384	50.9499
0.818774	2.84863e-26	1.3999e-24	4.18613e-20
1	2.86644e-26	1.71454e-24	5.12698e-20
0.96872	0.0039743	0.0252547	755.19
0.403039	0.000502796	0.00192596	57.592
0.118303	7.43957e-11	2.32846e-10	6.96281e-06
0.82427	0.00198706	0.0121438	363.135
0.431411	1.31845e-07	1.00576e-06	0.0300753
0.116234	3.34427e-11	1.06017e-10	3.17022e-06
0.14744	8.21208e-98	2.74198e-96	8.19935e-92
0.531006	7.04759e-50	4.29653e-48	1.28479e-43
0.99997	0.000471654	0.00408407	122.126
0.300541	5.84008e-64	2.59421e-62	7.75747e-58
0.984037	5.03188e-05	0.000540375	16.1588
0.607834	0.0255325	0.0801685	2397.28
0.44496	7.02719e-46	3.30752e-44	9.89046e-40
1	1	1	29903
1	1	1	29903
0.230616	1	0.56893	17012.7
1	0.22041	0.553729	16558.1
0.999987	0.885396	0.993165	29698.6
0.999998	2.28971e-07	3.72985e-06	0.111534
0.658391	0.951579	0.919461	27494.6
0.236094	1	0.576901	17251.1
0.989653	1	0.999946	29901.4
1	1	1	29903
1	1.07332e-13	3.31257e-12	9.90557e-08
0.495503	0.000137814	0.000723285	21.6284
0.628018	5.66915e-05	0.00040029	11.9699
0.722111	8.61477e-05	0.000664696	19.8764
0.993809	0.000912896	0.00726258	217.173
0.968181	0.00832293	0.0469068	1402.66
0.423706	1	0.787549	23550.1
0.979486	0.104085	0.334729	10009.4
0.916496	0.24788	0.563865	16861.3
0.377608	0.2572	0.323587	9676.23
0.999974	0.385909	0.753344	22527.3
2.00892e-05	4.31532e-14	3.69212e-17	1.10405e-12
0.98292	1	0.999853	29898.6
0.965134	1	0.999385	29884.6
0.97039	0.00499055	0.0306561	916.709
0.909858	1	0.995809	29777.7
0.689424	1	0.94582	28282.9
0.361238	1	0.729057	21801
0.462079	1	0.818813	24485
0.744393	1	0.964128	28830.3
0.737734	1	0.962132	28770.6
0.646237	1	0.928377	27761.3
0.670454	1	0.938502	28064
0.870402	1	0.991214	29640.3
0.887732	1	0.993448	29707.1
0.818786	1	0.982488	29379.3
1.4994e-09	2.44444e-11	1.67693e-18	5.01451e-14
0.3621	0.027336	0.055583	1662.1
0.855542	0.00313138	0.018545	554.552
0.958159	1	0.999112	29876.5
0.716525	0.394698	0.639995	19137.8
0.965925	0.603405	0.897484	26837.5
0.92091	0.253517	0.573094	17137.2
1	0.50985	0.853305	25516.4
0.977253	0.153242	0.434105	12981.1
0.679264	8.02084e-08	9.65726e-07	0.0288781
0.899337	4.34656e-47	4.2162e-45	1.26077e-40
0.800082	0.000280552	0.00211037	63.1063
0.989982	2.03426e-37	1.72178e-35	5.14864e-31
0.999976	9.54601e-22	4.71569e-20	1.41013e-15
0.966019	9.6416e-26	5.46131e-24	1.6331e-19
0.0108265	7.68343e-06	1.43927e-06	0.0430386
0.900168	1	0.994842	29748.8
0.999996	1	1	29903
0.963506	0.628825	0.909469	27195.8
0.999967	0.629362	0.920778	27534
0.90482	0.735908	0.936651	28008.7
0.96039	1	0.999205	29879.2
0.317952	0.0792556	0.117957	3527.27
0.999935	0.577312	0.894451	26746.8
0.65548	0.895826	0.899817	26907.2
4.72254e-17	0.974827	1.7778e-15	5.31615e-11
0.960976	0.116769	0.357661	10695.1
0.952806	0.945326	0.994899	29750.5
0.733457	0.660298	0.835443	24982.2
0.999999	1	1	29903
0.856782	0.150862	0.393709	11773.1
0.121543	1	0.377693	11294.2
0.816653	1	0.982059	29366.5
0.999992	0.86291	0.990141	29608.2
0.999985	1	1	29903
0.999894	0.550787	0.879245	26292.1
0.962512	0.550801	0.866582	25913.4
0.996015	1	0.999992	29902.8
1	1	1	29903
0.909413	1	0.995767	29776.4
1	0.00381923	0.0250836	750.075
0.999835	5.71534e-12	1.53649e-10	4.59456e-06
0.996729	1.98335e-20	9.16677e-19	2.74114e-14
0.999999	2.35796e-11	6.00588e-10	1.79594e-05
1	0.446909	0.80685	24127.2
0.964797	1	0.999373	29884.3
0.420057	1	0.784399	23455.9
0.999989	1	1	29903
1	0.548204	0.877734	26246.9
1	1	1	29903
0.226698	0.926037	0.537628	16076.7
0.887087	1	0.993371	29704.8
0.0323879	1	0.143477	4290.4
0.993125	1	0.999976	29902.3
0.0435168	0.589758	0.119664	3578.32
0.0042369	1	0.027387	818.954
0.647237	1	0.928813	27774.3
0.997603	2.15782e-19	9.46788e-18	2.83118e-13
0.996495	2.32657e-25	1.33828e-23	4.00185e-19
0.957966	1.35438e-11	3.3822e-10	1.01138e-05
0.956119	1.35597e-11	3.37973e-10	1.01064e-05
1	4.92195e-10	1.1041e-08	0.000330159
0.364846	2.94973e-26	6.54262e-25	1.95644e-20
0.00314952	3.93706e-27	8.37732e-28	2.50507e-23
0.0240371	4.09132e-27	6.44043e-27	1.92588e-22
0.274143	1.35956e-27	2.39121e-26	7.15043e-22
0.0134383	3.60426e-08	1.08728e-08	0.000325129
0.102575	2.48242e-06	4.12086e-06	0.123226
0.722352	2.96457e-11	5.47506e-10	1.63721e-05
0.999992	5.42664e-36	4.46076e-34	1.3339e-29
0.0641242	4.99867e-06	5.11359e-06	0.152912
0.00121062	1	0.00934187	279.35
0.801755	1	0.978904	29272.2
0.999943	1	1	29903
1	0.777287	0.973121	29099.2
0.88387	0.110376	0.324605	9706.67
0.995518	1	0.99999	29902.7
0.999985	0.152119	0.438569	13114.5
0.721819	1	0.957118	28620.7
0.795134	0.801714	0.92449	27645
0.677164	0.931851	0.921551	27557.1
0.887508	4.09176e-07	5.74805e-06	0.171884
0.0963196	0.0507744	0.0309106	924.319
0.993818	2.10979e-44	2.12974e-42	6.36857e-38
0.821325	0.0517442	0.176722	5284.52
0.364728	0.0312751	0.0624361	1867.03
0.00911525	1.86361e-16	7.1205e-17	2.12924e-12
0.988534	0.00184013	0.0132961	397.593
1	1.06545e-06	1.57176e-05	0.470005
0.928489	3.60404e-08	6.09458e-07	0.0182246
0.840694	9.18512e-22	3.83104e-20	1.14559e-15
0.961407	1.21079e-17	4.65532e-16	1.39208e-11
0.890475	8.74991e-19	3.3267e-17	9.94783e-13
1	0.333847	0.700102	20935.1
0.999999	3.02289e-15	1.04086e-13	3.11247e-09
0.672281	3.54664e-08	4.42337e-07	0.0132272
0.995068	3.54664e-08	6.40879e-07	0.0191642
0.995068	3.54664e-08	6.40879e-07	0.0191642
0.94131	3.54664e-08	6.08111e-07	0.0181843
0.875343	3.54664e-08	5.6775e-07	0.0169774
1	1.74432e-05	0.000208561	6.23659
0.0971886	6.53852e-14	2.14087e-13	6.40184e-09
5.74581e-05	1.34687e-20	4.37388e-23	1.30792e-18
0.729584	1	0.959608	28695.2
0.00331273	5.94487e-26	1.27605e-26	3.81577e-22
1	0.797936	0.978052	29246.7
1	0.759324	0.968386	28957.7
0.331327	2.03403e-16	2.57684e-15	7.70551e-11
0.0312041	0.139216	0.0279714	836.43
0.412089	0.454845	0.501264	14989.3
0.270312	1	0.623929	18657.3
0.7895	1	0.976103	29188.4
1	1	1	29903
0.946269	0.000321389	0.00276692	82.7391
0.999996	3.11792e-20	1.43157e-18	4.28083e-14
0.831512	0.000334057	0.00255237	76.3235
0.972953	4.92465e-26	2.84135e-24	8.49649e-20
0.917423	3.42806e-28	2.02306e-26	6.04955e-22
0.833	0.047	0.166013	4964.29
0.198281	8.51355e-05	0.000202389	6.05203
0.971309	0.0516564	0.200308	5989.82
0.24538	0.190636	0.190029	5682.44
0.0994698	0.948221	0.317014	9479.67
0.174646	0.902877	0.448952	13425
0.981555	0.58056	0.890324	26623.4
1	0.537312	0.871078	26047.8
0.215462	0.938913	0.525576	15716.3
0.791876	0.206515	0.459651	13744.9
0.999921	1	1	29903
0.897532	1	0.994561	29740.4
1	1	1	29903
1	3.46654e-05	0.000390671	11.6822
0.593667	0.0751836	0.183413	5484.59
0.999999	0.00037805	0.00335726	100.392
0.913668	0.0043746	0.0260689	779.538
0.665221	1	0.936389	28000.8
1	1	1	29903
0.644504	1	0.927618	27738.6
1	1	1	29903
0.999999	1	1	29903
0.999999	1	1	29903
0.935968	0.260504	0.587934	17581
0.746343	0.621424	0.820135	24524.5
0.14312	1	0.421355	12599.8
0.840322	0.00426449	0.0237639	710.612
0.553836	0.00126022	0.00577025	172.548
0.786755	1	0.975449	29168.9
0.390727	0.0155628	0.0371089	1109.67
0.756579	0.63326	0.831652	24868.9
0.634242	0.000576397	0.00325875	97.4464
0.110872	0.00188768	0.00198236	59.2785
0.96376	0.000586871	0.00479496	143.384
0.994422	5.95919e-08	1.04542e-06	0.0312611
0.777305	0.0226068	0.0885898	2649.1
0.805343	0.411587	0.697484	20856.9
0.993934	6.00446e-11	1.46468e-09	4.37982e-05
0.0680467	0.00668164	0.00395373	118.228
0.838479	0.0240116	0.0987614	2953.26
0.961877	0.327875	0.679316	20313.6
0.999986	1	1	29903
0.542398	1	0.874213	26141.6
0.999919	0.559364	0.884303	26443.3
0.994546	0.0239604	0.112877	3375.37
0.529503	0.266788	0.417737	12491.6
0.886901	0.117698	0.340265	10174.9
0.922108	0.117449	0.349036	10437.2
0.429976	0.0670478	0.131067	3919.3
0.849272	0.41896	0.72349	21634.5
0.982283	4.48907e-05	0.000486334	14.5429
0.0752305	3.56146e-07	4.93934e-07	0.0147701
0.999826	2.18245e-15	7.58456e-14	2.26801e-09
0.999964	3.07739e-16	1.1299e-14	3.37873e-10
1	4.02726e-13	1.18967e-11	3.55748e-07
0.627499	1.55342e-10	2.34447e-09	7.01066e-05
0.617467	1.25732e-07	1.34862e-06	0.0403278
0.999998	4.01345e-07	6.31252e-06	0.188763
0.999999	2.19117e-09	4.58805e-08	0.00137197
0.999791	1	1	29903
0.999941	1	1	29903
0.887157	0.854987	0.968161	28950.9
0.422658	1	0.786647	23523.1
0.981377	1	0.999826	29897.8
0.358705	0.00015039	0.000584097	17.4663
1	0.772335	0.971857	29061.5
0.932493	5.6365e-06	6.91486e-05	2.06775
0.0193731	2.16767e-06	7.55303e-07	0.0225858
0.999506	0.00545488	0.0338675	1012.74
0.577165	3.20322e-09	3.90256e-08	0.00116698
0.270412	1	0.624059	18661.2
0.533788	1	0.868877	25982
0.977101	1	0.999736	29895.1
0.994812	1	0.999987	29902.6
0.287042	1	0.645307	19296.6
0.999926	1	1	29903
0.998844	0.680434	0.942114	28172
0.999897	0.738539	0.962353	28777.3
0.620794	1	0.916761	27413.9
0.99796	1	0.999998	29902.9
0.640343	1	0.925777	27683.5
0.999999	1	1	29903
0.999968	1	1	29903
0.999978	1	1	29903
0.994526	1	0.999985	29902.6
0.621138	1	0.916925	27418.8
0.891797	0.642357	0.892004	26673.6
0.880169	0.00926555	0.0473746	1416.64
0.663256	0.00027905	0.0017758	53.1019
0.996457	3.15192e-29	2.0927e-27	6.2578e-23
0.68495	0.0412706	0.129074	3859.69
0.999966	2.07157e-10	4.82609e-09	0.000144315
0.962791	2.16906e-06	2.94021e-05	0.879212
0.725048	0.024297	0.088768	2654.43
0.914739	0.0129524	0.0644013	1925.79
0.904641	4.43254e-08	7.23055e-07	0.0216215
0.993994	1.20769e-09	2.58582e-08	0.000773237
0.868164	4.97571e-14	1.37251e-12	4.10422e-08
0.999959	6.82132e-10	1.50785e-08	0.000450892
0.999987	1.37724e-05	0.000167922	5.02138
0.991926	0.0117832	0.0636904	1904.53
0.994505	1	0.999985	29902.5
0.994375	1	0.999984	29902.5
0.449223	0.106386	0.19312	5774.87
0.999981	0.92852	0.997381	29824.7
0.890971	1	0.993828	29718.4
0.362574	0.930763	0.704057	21053.4
0.957047	0.55067	0.864583	25853.6
0.762927	0.818368	0.918449	27464.4
0.331261	0.726827	0.583604	17451.5
0.222692	0.72561	0.456115	13639.2
0.219376	1	0.552162	16511.3
0.953861	1	0.998919	29870.7
0.492953	0.366984	0.490215	14658.9
0.00869816	1	0.0499678	1494.19
0.717099	1	0.955564	28574.2
1	1	1	29903
0.0569887	0.423945	0.114109	3412.21
0.992781	1	0.999974	29902.2
0.999999	0.26399	0.615583	18407.8
1	0.0100302	0.0561906	1680.27
0.954066	1	0.998929	29871
0.959866	1	0.999184	29878.6
0.733616	1	0.960868	28732.8
0.968685	1	0.999504	29888.2
0.894081	1	0.994181	29729
0.912502	1	0.996055	29785
1	0.75343	0.966741	28908.4
0.0391646	1	0.166057	4965.61
0.222356	1	0.556663	16645.9
0.087498	0	0	0
0.244356	0.116202	0.129524	3873.16
0.893158	1	0.994078	29725.9
1	0.00458103	0.0292537	874.774
0.158809	0.0776743	0.0665528	1990.13
0.994022	1.81762e-06	2.56993e-05	0.768486
0.999928	1	1	29903
0.00305474	0.416789	0.0097605	291.868
0.972626	0.176918	0.474897	14200.8
0.0188654	0.538331	0.0567682	1697.54
0.999569	0.555983	0.882214	26380.9
0.999985	0.651249	0.930542	27826
1	0.414859	0.779859	23320.1
0.912508	0.0010644	0.00770889	230.519
1	0.473494	0.827485	24744.3
0.99745	0.0315311	0.140249	4193.86
1	1.7962e-08	3.38314e-07	0.0101166
0.999954	1.17057e-27	7.37568e-26	2.20555e-21
0.100588	1.63004e-21	8.3887e-21	2.50847e-16
0.00361623	2.02073e-05	1.27381e-06	0.0380909
0.820217	1	0.982773	29387.9
0.999994	1	1	29903
0.999999	1	1	29903
0.00988179	1	0.0555066	1659.81
0.999994	0.800124	0.978542	29261.3
1	0.0497541	0.199049	5952.17
0.999947	1	1	29903
0.994824	1	0.999987	29902.6
0.757721	0.281507	0.542867	16233.3
0.117888	1	0.369935	11062.2
0.0491586	0.140244	0.0412071	1232.21
0.509487	0.225225	0.363182	10860.2
1	6.49057e-06	8.40215e-05	2.51249
0.420156	0.0386468	0.0831438	2486.25
0.584231	1	0.898231	26859.8
0.951959	0.152316	0.424995	12708.6
0.00881075	0.507023	0.0286395	856.407
0.239401	0.369002	0.302701	9051.67
0.690428	0.371253	0.60526	18099.1
1	3.38349e-35	2.71936e-33	8.13171e-29
0.284051	8.57658e-19	1.06848e-17	3.19507e-13
0.841875	1.79071e-20	7.03141e-19	2.1026e-14
1	1.92841e-20	8.94686e-19	2.67538e-14
0.999999	1.95139e-20	9.05117e-19	2.70657e-14
0.916612	1.15082e-20	4.95765e-19	1.48249e-14
0.353407	1.8891e-20	3.16824e-19	9.474e-15
0.00926721	1.95924e-20	9.27086e-21	2.77227e-16
0.137455	1.79158e-20	1.19321e-19	3.56807e-15
0.674331	1.79061e-20	5.65857e-19	1.69208e-14
0.305562	1.89933e-20	2.76228e-19	8.26005e-15
0.318846	8.89594e-20	1.30502e-18	3.9024e-14
1	1	1	29903
0.999812	1	1	29903
0.419063	1	0.783536	23430.1
1.48861e-07	1	2.48899e-06	0.0744283
0.999999	0.194959	0.51371	15361.5
0.99989	0.917762	0.996513	29798.7
0.587058	0.963051	0.887785	26547.4
0.994558	0.623096	0.916241	27398.4
0.999997	0.227021	0.563627	16854.1
0.0903947	1	0.307665	9200.1
0.128971	1	0.393125	11755.6
0.9553	1.78247e-34	1.34105e-32	4.01013e-28
0.999996	7.73641e-41	7.22269e-39	2.1598e-34
0.869583	2.44611e-09	4.4602e-08	0.00133373
1	0.016172	0.0828728	2478.15
0.847449	2.05192e-05	0.000207966	6.21881
1	1.58863e-05	0.00019143	5.72434
0.999998	2.96976e-09	6.12803e-08	0.00183246
1	4.86444e-22	2.43586e-20	7.28396e-16
0.51281	0.374914	0.509278	15228.9
0.999719	1	1	29903
1	0.74619	0.964656	28846.1
0.999998	0.83259	0.985132	29458.4
0.999998	0.0108373	0.0598734	1790.39
0.993815	0.587015	0.897775	26846.2
0.951472	1.417e-19	5.99293e-18	1.79207e-13
1	6.79978e-07	1.03365e-05	0.309092
0.768298	0.0324479	0.116962	3497.52
0.213763	0.0188819	0.0262859	786.028
0.994939	8.65367e-05	0.000891985	26.673
4.6258e-06	2.24927e-09	3.45399e-13	1.03285e-08
0.959964	1	0.999188	29878.7
0.67933	1	0.941992	28168.4
0.999995	1	1	29903
0.935062	1	0.997844	29838.5
0.80433	0.899688	0.957711	28638.4
0.937973	1	0.998035	29844.2
0.999934	0.46858	0.823763	24633
0.999978	0.867651	0.990825	29628.6
0.978347	0.895301	0.991962	29662.6
0.885665	0.882642	0.974227	29132.3
0.858602	1	0.989496	29588.9
0.706282	1	0.951885	28464.2
0.889688	1	0.993679	29714
0.814071	1	0.981532	29350.7
0.994201	0.0222078	0.106269	3177.77
1	0.301686	0.663217	19832.2
0.999997	3.30464e-08	6.0228e-07	0.01801
0.988113	0.000998922	0.0078182	233.788
0.931514	1	0.997599	29831.2
0.999001	1	1	29903
0.573103	1	0.892143	26677.8
0.993036	0.817073	0.980974	29334.1
0.487324	0.910839	0.804395	24053.8
0.732041	0.854608	0.919038	27482
0.942396	1	0.998308	29852.4
0.943757	0.149245	0.416926	12467.3
0.958726	0.558945	0.870183	26021.1
0.75774	0.000464394	0.00315019	94.2001
1	0.231725	0.570555	17061.3
0.488875	0.0195598	0.0540263	1615.55
0.778502	0.0195584	0.0789442	2360.67
1	0.393883	0.760864	22752.1
0.80645	1	0.979928	29302.8
7.37739e-07	5.0362e-14	1.6994e-18	5.0817e-14
0.821257	1	0.982978	29394
0.824743	0.000320334	0.00244084	72.9883
0.857603	7.37104e-14	1.98444e-12	5.93406e-08
0.0833467	1	0.290442	8685.09
0.962865	1	0.999302	29882.1
0.999869	1	1	29903
2.76404e-05	4.97286e-98	3.23762e-100	9.68147e-96
0.783767	1.48154e-10	2.77248e-09	8.29054e-05
0.111821	0.636548	0.259275	7753.11
0.397908	4.04453e-08	3.04889e-07	0.0091171
0.638791	8.52102e-09	1.0902e-07	0.00326004
0.675605	1	0.940541	28125
0.754658	1	0.967087	28918.8
0.998272	0.887069	0.993184	29699.2
0.97524	1	0.999691	29893.8
0.770955	1	0.9715	29050.8
0.463802	1	0.82014	24524.7
0.451649	0.598037	0.623655	18649.1
0.485559	0.229888	0.356373	10656.6
0.88035	1.25059e-10	2.63455e-09	7.87811e-05
0.237954	1.22051e-13	9.34298e-13	2.79383e-08
0.964514	8.62815e-15	2.78119e-13	8.3166e-09
0.142336	2.07283e-05	4.05193e-05	1.21165
0.980893	1	0.999816	29897.5
0.442805	1.08993e-15	1.75035e-14	5.23407e-10
0.313759	0.00011815	0.000415291	12.4184
0.999997	0.868628	0.990966	29632.8
0.880785	0.727628	0.926018	27690.7
0.0970714	1	0.323472	9672.78
0.999999	1	1	29903
0.999959	0.0244136	0.115048	3440.28
1	1	1	29903
0.999992	0.447676	0.807464	24145.6
0.999997	9.28606e-50	1.05769e-47	3.1628e-43
0.999987	1.31951e-29	8.9063e-28	2.66325e-23
0.00765667	1.27253e-07	2.11911e-08	0.000633677
0.000151808	0.118846	0.000215109	6.4324
1	4.8195e-19	2.08089e-17	6.22248e-13
1	7.45781e-51	8.68258e-49	2.59635e-44
1	0.89501	0.994285	29732.1
0.999951	0.232133	0.571134	17078.6
0.765721	1	0.97012	29009.5
0.999963	0.777503	0.973168	29100.7
0.758688	1	0.968211	28952.4
0.993015	0.902575	0.994424	29736.3
0.971916	1	0.999602	29891.1
0.999999	1	1	29903
1	1	1	29903
0.930409	1	0.99752	29828.9
0.993491	3.10397e-07	4.93154e-06	0.147468
1	0.0629262	0.236967	7086.02
0.805481	8.36454e-20	3.04157e-18	9.0952e-14
0.950053	7.23087e-17	2.62539e-15	7.85069e-11
0.684224	0.083009	0.219706	6569.85
0.972439	0.13183	0.391536	11708.1
0.606091	0.211006	0.390905	11689.2
0.997561	0.000379179	0.00335888	100.44
0.128558	0.111737	0.0753138	2252.11
0.703128	0.623478	0.799902	23919.5
1	0.592796	0.902772	26995.6
0.9418	0.827938	0.973738	29117.7
0.874136	0.933181	0.981871	29360.9
0.540169	0.933123	0.84936	25398.4
0.593271	1	0.90302	27003
0.717481	1	0.955691	28578
0.927866	1	0.997333	29823.3
1	0.420398	0.784695	23464.7
0.47898	0.912933	0.798987	23892.1
0.167276	0.688167	0.363971	10883.8
0.970684	0.908479	0.992727	29685.5
0.956033	1	0.999019	29873.7
0.720642	1	0.956734	28609.2
0.615242	0.631552	0.755866	22602.7
0.00372042	0.0230573	0.000889027	26.5846
0.999999	3.5027e-11	8.78298e-10	2.62637e-05
0.381957	0.196872	0.269779	8067.2
0.999961	2.52256e-18	1.04736e-16	3.13192e-12
0.153745	0.00383363	0.00497241	148.69
0.32875	0.377711	0.383207	11459
9.52461e-05	1.68048e-14	6.71867e-17	2.00908e-12
0.0324648	1.66272e-14	1.95166e-14	5.83605e-10
0.394832	2.05884e-53	1.00184e-51	2.99582e-47
0.999999	4.37863e-08	7.85698e-07	0.0234947
0.99999	2.70623e-08	4.98622e-07	0.0149103
0.0599947	1.31213e-11	2.27269e-11	6.79603e-07
0.980194	6.9843e-14	2.14365e-12	6.41014e-08
0.000144167	1.42002e-09	6.18605e-12	1.84982e-07
9.71866e-05	0.940253	0.000941258	28.1464
1	0.849099	0.987994	29544
0.999422	0.728768	0.959217	28683.5
0.999979	0.433929	0.796198	23808.7
1	0.763901	0.969633	28994.9
0.995966	0.941613	0.998025	29843.9
0.999996	0.814663	0.981653	29354.4
0.0108724	1.87461e-14	7.56753e-15	2.26292e-10
0.0839142	2.5173e-21	1.07539e-20	3.21573e-16
0.58946	8.61809e-16	1.83978e-14	5.50151e-10
0.667054	8.55706e-16	2.06057e-14	6.16171e-10
0.630796	8.60034e-16	1.96118e-14	5.86451e-10
0.617974	4.2337e-08	4.82944e-07	0.0144415
0.944995	2.86758e-21	1.31041e-19	3.91852e-15
0.988422	0.000643151	0.00531499	158.934
0.99545	0.000644806	0.00536035	160.291
0.980184	8.64878e-16	3.02676e-14	9.05093e-10
0.969731	1.59174e-14	5.06321e-13	1.51405e-08
0.998003	0.218554	0.55025	16454.1
0.679605	1	0.942098	28171.6
0.577223	1	0.894422	26745.9
0.999994	1	1	29903
0.875952	1	0.991967	29662.8
0.999607	0.131162	0.39749	11886.1
0.293687	1	0.653525	19542.4
0.585347	1	0.89883	26877.7
0.950708	1	0.998765	29866.1
0.899852	1	0.994809	29747.8
0.931733	1	0.997615	29831.7
0.902237	1	0.995057	29755.2
0.991815	1	0.999966	29902
0.868513	1	0.99095	29632.4
0.661879	1	0.935018	27959.8
0.835406	1	0.985643	29473.7
0.993521	0.914729	0.995709	29774.7
0.999984	0.685038	0.944171	28233.5
0.563452	0.85014	0.83158	24866.7
0.724667	1	0.958041	28648.3
0.999958	1	1	29903
0.235376	1	0.575864	17220.1
0.333844	8.2691e-05	0.000317398	9.49116
0.995625	1.54226e-06	2.20909e-05	0.660584
0.999999	0.170395	0.471931	14112.2
0.0593922	4.76306e-07	5.19972e-07	0.0155487
0.754289	8.17568e-05	0.000659464	19.72
0.952266	7.36994e-06	9.03025e-05	2.70032
0.99999	0.120874	0.376279	11251.9
1	0.296654	0.657145	19650.6
0.490214	0.92808	0.81326	24318.9
0.439322	1	0.800674	23942.6
1	7.29927e-14	2.28091e-12	6.8206e-08
0.560458	4.71119e-05	0.000304757	9.11316
0.687035	4.58256e-05	0.000357846	10.7007
0.999997	1	1	29903
0.969307	0.0363963	0.153269	4583.21
0.992649	0.0357236	0.153877	4601.38
0.994977	0.0811323	0.283886	8489.03
1	1	1	29903
0.999997	1	1	29903
0.995168	1	0.999988	29902.7
0.752728	1	0.966542	28902.5
0.940254	1	0.998179	29848.5
0.999991	1	1	29903
0.999989	0.157682	0.448945	13424.8
0.999999	1	1	29903
0.999992	1	1	29903
0.927029	0.181114	0.467495	13979.5
1	0.0231586	0.11036	3300.09
0.400881	0.490339	0.516334	15439.9
0.927302	1	0.997291	29822
0.999986	1	1	29903
0.81829	0.490429	0.767717	22957.1
0.863665	0.490483	0.787469	23547.7
1	0.546469	0.876688	26215.6
1	0.845223	0.987351	29524.8
1	0.630365	0.921251	27548.2
1	1	1	29903
0.405505	3.09199e-09	2.69534e-08	0.000805987
0.00450657	3.09562e-09	3.62653e-10	1.08444e-05
0.0405875	3.09562e-09	2.99001e-09	8.94103e-05
0.0847303	3.09562e-09	6.04888e-09	0.00018088
0.170495	3.09562e-09	1.18026e-08	0.000352932
0.0340843	3.09562e-09	2.52935e-09	7.56353e-05
0.999907	0.873336	0.991605	29652
0.965753	1	0.999407	29885.3
0.999975	1	1	29903
0.992848	1	0.999974	29902.2
0.985201	0.512628	0.850043	25418.8
0.989913	1	0.999949	29901.5
0.162169	1.50389e-07	4.51895e-07	0.013513
0.984459	0.000943846	0.00741596	221.76
0.0367442	1.62211e-06	1.05113e-06	0.031432
0.0440498	1.62339e-06	1.2481e-06	0.0373218
0.0728975	1.03944e-05	1.14363e-05	0.341979
0.0661653	1.03298e-05	1.03861e-05	0.310575
1	1	1	29903
0.116557	7.85804e-25	5.37202e-24	1.6064e-19
0.249842	3.08294e-23	4.17633e-22	1.24885e-17
0.0320342	1.66453e-24	3.15631e-24	9.43831e-20
0.0129152	1.65795e-24	1.28703e-24	3.84859e-20
0.871706	1.6023e-21	6.8468e-20	2.0474e-15
0.999999	2.85598e-08	5.24678e-07	0.0156895
0.671739	6.37493e-26	2.54423e-24	7.608e-20
1	1.98972e-26	1.1974e-24	3.58058e-20
0.999996	1.02935e-20	4.84027e-19	1.44739e-14
0.0874712	2.80918e-39	2.26566e-38	6.77502e-34
0.886055	4.62732e-18	1.68248e-16	5.03112e-12
1.61447e-05	2.173e-13	1.44509e-16	4.32126e-12
0.62589	1	0.91917	27485.9
0.768188	0.205473	0.449243	13433.7
0.999999	1	1	29903
0.558931	1	0.884077	26436.6
0.956468	1	0.999038	29874.2
0.970882	0.441349	0.791636	23672.3
1	0.59588	0.904377	27043.6
0.634538	1	0.923163	27605.3
0.379992	1	0.747674	22357.7
1	1	1	29903
0.923188	1.96514e-10	4.2507e-09	0.000127109
0.885526	1.13099e-10	2.40608e-09	7.1949e-05
0.923173	1.12315e-10	2.48739e-09	7.43804e-05
0.894719	1.11432e-10	2.39568e-09	7.16381e-05
0.984067	2.04289e-23	1.07073e-21	3.2018e-17
0.925689	0.00134292	0.00955977	285.866
1	1.85513e-17	7.3326e-16	2.19267e-11
0.988495	1	0.999934	29901
0.91604	1	0.996372	29794.5
0.999991	1	1	29903
0.999995	1	1	29903
0.179084	0.172389	0.138243	4133.87
1	0.383514	0.751066	22459.1
0.999998	0.724766	0.958072	28649.2
0.999441	1	1	29903
0.980746	1	0.999813	29897.4
1	0.616423	0.914662	27351.1
0.999999	0.830146	0.984681	29444.9
0.999998	1	1	29903
0.735133	0.0481139	0.153573	4592.3
0.931976	0.0481139	0.184056	5503.83
0.830418	7.91554e-11	1.60685e-09	4.80496e-05
0.169534	0.000204755	0.000391159	11.6968
0.947997	0.000204564	0.00185161	55.3688
0.897203	1.25033e-14	3.71555e-13	1.11106e-08
0.973337	4.39447e-23	2.24585e-21	6.71575e-17
0.622791	2.15147e-16	5.03122e-15	1.50449e-10
0.987989	5.19987e-11	1.26853e-09	3.79327e-05
0.308767	0.0246931	0.044804	1339.77
0.399631	1	0.766178	22911
0.999765	9.11522e-10	1.98812e-08	0.000594508
0.775043	0.0414846	0.142668	4266.22
0.831215	0.658942	0.877444	26238.2
0.724451	0.890292	0.927824	27744.7
0.181289	9.95906e-20	8.38835e-19	2.50837e-14
0.291569	6.90613e-22	1.02608e-20	3.06827e-16
0.996855	0.841457	0.986249	29491.8
0.00391912	1	0.0256385	766.667
0.908233	1	0.995654	29773.1
0.775513	1	0.972672	29085.8
0.269425	2.89836e-07	1.35605e-06	0.0405499
1	2.84252e-08	5.22341e-07	0.0156196
0.973464	0.000333269	0.00293068	87.6362
0.999994	5.1663e-12	1.39432e-10	4.16943e-06
0.999994	1.20691e-05	0.00014875	4.44806
0.979791	1	0.999794	29896.9
0.97234	1	0.999614	29891.5
0.65365	1	0.931571	27856.8
0.489494	1	0.83918	25094
0.871434	0.775264	0.940536	28124.8
0.999026	0.878786	0.992226	29670.5
0.999982	0.887322	0.993397	29705.6
0.952141	0.50077	0.829949	24818
0.93299	1	0.997703	29834.3
0.947869	1	0.998617	29861.6
0.852003	1	0.988464	29558
0.857714	1	0.98936	29584.8
1	0.0012725	0.00975594	291.732
0.414885	0.0720552	0.134827	4031.73
0.972208	1	0.99961	29891.3
0.991062	1	0.99996	29901.8
0.0471145	0.00273476	0.00128291	38.363
0.630487	1	0.921307	27549.8
0.157675	0.167294	0.122269	3656.2
0.120539	0.26034	0.140009	4186.68
0.267064	0.132796	0.15389	4601.79
0.833589	1	0.985315	29463.9
1	1	1	29903
0.816643	0.581129	0.828292	24768.4
0.999999	0.763155	0.969431	28988.9
0.910957	0.394114	0.726793	21733.3
1	0.771993	0.971769	29058.8
0.481355	0.722919	0.715312	21390
1.8959e-11	1.55522e-09	1.35545e-18	4.0532e-14
0.990416	3.21465e-05	0.00036152	10.8105
0.896535	5.45922e-06	6.474e-05	1.93592
0.990364	0.155044	0.44126	13195
1	1	1	29903
0.16517	1.49643e-18	1.08368e-17	3.24052e-13
0.905222	1.13886e-05	0.000128685	3.84807
0.639463	7.18145e-19	1.985e-17	5.93574e-13
1	0.134731	0.404796	12104.6
0.438135	3.23244e-19	6.28828e-18	1.88039e-13
1	0.0405256	0.170443	5096.77
0.999984	0.166535	0.465052	13906.5
1	0.356218	0.723911	21647.1
0.9998	0.809984	0.980647	29324.3
0.669365	0.843835	0.88748	26538.3
1	0.767925	0.970706	29027
0.1328	0.496735	0.245303	7335.31
0.607634	9.14073e-24	3.02969e-22	9.05968e-18
0.999919	2.13592e-14	6.93634e-13	2.07417e-08
0.0206221	5.48607e-07	2.18318e-07	0.00652837
0.11516	5.48607e-07	1.1105e-06	0.0332071
0.0165159	5.4909e-07	1.77007e-07	0.00529305
0.750093	8.36939e-24	3.4167e-22	1.0217e-17
0.425524	8.3277e-24	1.94889e-22	5.82776e-18
0.999998	2.63482e-18	1.09286e-16	3.26798e-12
1	4.85182e-07	7.53912e-06	0.225442
1	0.000201603	0.00191709	57.3266
0.52318	1	0.862112	25779.7
0.304114	0.689381	0.53719	16063.6
0.982359	0.92865	0.996034	29784.4
0.989816	1	0.999948	29901.4
0.964463	0.463789	0.80717	24136.8
0.0896573	1	0.305889	9147.01
1	1	1	29903
1	2.08473e-15	7.25573e-14	2.16968e-09
0.535368	0.042778	0.109392	3271.15
1	3.28701e-09	6.74932e-08	0.00201825
0.75587	1	0.967427	28929
0.189645	3.92384e-21	3.69462e-20	1.1048e-15
0.818116	4.05886e-12	9.10875e-11	2.72379e-06
0.031285	3.1463e-91	2.09516e-90	6.26517e-86
0.0980781	5.33827e-104	1.2624e-102	3.77496e-98
0.913819	4.63122e-18	1.73532e-16	5.18913e-12
0.424236	0.0244101	0.0576833	1724.9
1	0.559927	0.884656	26453.9
0.999995	0.475771	0.829181	24795
0.461969	0.0984663	0.186061	5563.78
4.96518e-05	9.0424e-101	1.08323e-102	3.23919e-98
0.00179306	1.38509e-100	5.89241e-101	1.76201e-96
0.999768	0.889503	0.993633	29712.6
0.590612	0.647951	0.750273	22435.4
0.999993	1	1	29903
0.999997	1	1	29903
1	1	1	29903
0.999961	1	1	29903
0.999964	0.62738	0.919856	27506.4
0.999994	0.563798	0.886885	26520.5
0.358359	1	0.726114	21713
1	1	1	29903
0.26408	1	0.615703	18411.4
0.998925	1	0.999999	29903
0.999999	0.490377	0.83981	25112.8
1	1	1	29903
1	1	1	29903
0.848563	1	0.987906	29541.4
0.983509	1	0.999863	29898.9
0.609664	1	0.911355	27252.2
0.00572805	1	0.0352984	1055.53
0.928477	1	0.997379	29824.6
0.999988	1	1	29903
0.547892	1	0.877546	26241.3
1	0.727395	0.958914	28674.4
0.999739	0.645196	0.927848	27745.4
1	1	1	29903
0.999999	0.273159	0.627638	18768.3
0.616226	1	0.914567	27348.3
0.593523	1	0.903152	27006.9
0.265649	1	0.617788	18473.7
0.707828	1	0.952421	28480.2
0.97349	1	0.999645	29892.4
0.77962	1	0.973705	29116.7
0.996218	0.626873	0.918518	27466.4
0.966959	1	0.999448	29886.5
0.716629	1	0.955408	28569.6
1	0.238147	0.579856	17339.4
0.977244	1	0.999739	29895.2
0.989768	1	0.999947	29901.4
0.991111	1	0.99996	29901.8
0.984387	1	0.999877	29899.3
0.990292	1	0.999953	29901.6
0.688627	1.0961e-38	6.70115e-37	2.00384e-32
0.524956	1	0.863259	25814
0.995154	3.078e-14	9.83764e-13	2.94175e-08
0.535893	1	0.870194	26021.4
0.995672	1	0.999991	29902.7
0.999999	0.581864	0.896954	26821.6
0.675043	1	0.940321	28118.4
0.999996	0.576253	0.893887	26729.9
0.999999	6.38587e-08	1.12178e-06	0.0335446
0.0945925	0.67555	0.239658	7166.5
0.00154345	1	0.0115354	344.942
0.00260383	0.749782	0.0141322	422.596
3.99537e-10	0.915658	8.3151e-09	0.000248646
1.02516e-08	0.831294	1.66867e-07	0.00498983
0.93708	0.917987	0.989742	29596.3
0.0175146	1	0.0883562	2642.12
1	0.90498	0.995335	29763.5
0.72979	0.884247	0.927973	27749.2
0.604119	0.107784	0.242982	7265.89
0.0422064	0.629224	0.122919	3675.65
0.0328705	0.625524	0.100428	3003.11
1	0.000813111	0.0065981	197.303
0.0660089	9.31065e-05	7.98945e-05	2.38908
0.368433	0.624421	0.56811	16988.2
0.38318	0.624419	0.581458	17387.3
0.522006	0.624421	0.691345	20673.3
0.330993	0.624417	0.532524	15924.1
0.104902	0.771006	0.284275	8500.69
0.639722	0.771006	0.841834	25173.4
0.0641222	0.587042	0.161095	4817.24
0.999763	0.722517	0.95729	28625.8
8.88569e-06	1.04195e-125	2.78137e-128	8.31713e-124
0.999996	5.91825e-27	3.6333e-25	1.08647e-20
0.997229	1.38222e-22	7.07608e-21	2.11596e-16
0.999999	1.06302e-20	4.99521e-19	1.49372e-14
1	1.70532e-67	2.63881e-65	7.89083e-61
0.0725791	1	0.26296	7863.28
0.880431	0.0617685	0.21273	6361.26
0.999999	1	1	29903
0.982349	1	0.999843	29898.3
0.999998	1	1	29903
0.999995	0.124974	0.384876	11508.9
0.0250506	1	0.117409	3510.87
0.0588052	1	0.225431	6741.07
0.500726	0.176172	0.302396	9042.55
0.675264	0.176145	0.372188	11129.5
0.999763	0.521384	0.860865	25742.4
0.999992	0.00184736	0.0134746	402.93
0.999999	0.684173	0.943847	28223.8
0.999986	0.831463	0.984923	29452.1
0.938896	0.879477	0.983848	29420
1	0.939037	0.998103	29846.3
0.968779	1	0.999507	29888.3
0.702052	1	0.950401	28419.9
0.999953	1	1	29903
0.998269	1	0.999999	29903
0.999998	0.000421586	0.00369793	110.579
1	0.407235	0.77308	23117.4
1	0.0809858	0.284542	8508.66
0.395123	0.0542521	0.103809	3104.19
1.65317e-09	3.76108e-07	2.23924e-14	6.696e-10
0.453227	1	0.811893	24278
9.94033e-28	3.82814e-07	2.96629e-32	8.87008e-28
0.932325	1.68786e-07	2.62242e-06	0.0784182
0.441271	3.84109e-07	2.81202e-06	0.0840878
0.955369	3.80424e-07	5.75247e-06	0.172016
0.640294	1	0.925755	27682.8
0.971665	1	0.999595	29890.9
0.826287	1	0.983953	29423.2
0.929571	1	0.99746	29827
0.956182	0.628017	0.90675	27114.5
0.825828	1	0.983866	29420.5
0.0299645	0.405546	0.0657454	1965.99
0.131926	1	0.399144	11935.6
0.574324	1	0.892822	26698.1
0.99968	0.0368628	0.158492	4739.37
0.999179	0.0342699	0.149784	4478.99
0.964676	0.0533185	0.204065	6102.17
1	0.0241074	0.113913	3406.34
0.786293	1	0.975338	29165.5
1	1	1	29903
0.57482	1	0.893097	26706.3
0.513877	1	0.856001	25597
0.508427	1	0.852344	25487.6
0.862497	1	0.990081	29606.4
0.991278	1	0.999962	29901.9
1	0.435889	0.797837	23857.7
0.429919	1	0.792839	23708.3
1	0.483238	0.834671	24959.2
0.839477	1	0.986366	29495.3
0.302513	5.08698e-115	4.08366e-113	1.22114e-108
0.905533	1	0.99539	29765.2
0.324894	1	0.690158	20637.8
0.20949	0.014746	0.0209439	626.287
0.721373	1	0.956973	28616.4
0.485322	0.169901	0.288225	8618.8
0.6119	0.0098011	0.0366821	1096.91
0.749045	1	0.965486	28870.9
0.664096	0.517152	0.710487	21245.7
0.924528	1	0.997078	29815.6
0.997296	0.622073	0.916569	27408.2
0.973193	1	0.999637	29892.2
0.784564	0.000400177	0.00284648	85.1182
0.101552	0.000395734	0.000446965	13.3656
0.220772	0.000395978	0.000904347	27.0427
0.999955	0.000264007	0.0024392	72.9395
0.978488	0.122239	0.373603	11171.9
0.921891	1	0.996867	29809.3
0.0343921	0.175155	0.0368184	1100.98
0.993735	1	0.99998	29902.4
0.999998	1	1	29903
0.993228	1	0.999977	29902.3
0.643749	1	0.927286	27728.6
0.716022	1	0.955205	28563.5
0.999999	0.683222	0.943485	28213
0.0723684	0.83863	0.230743	6899.9
0.574331	1	0.892826	26698.2
0.99846	1	0.999999	29903
0.831296	0.896248	0.96432	28836.1
1	0.854472	0.988856	29569.8
0.668616	0.8905	0.904129	27036.2
7.50044e-06	6.41189e-43	5.28788e-46	1.58124e-41
0.998583	0.803329	0.979001	29275.1
0.999995	0.360937	0.728749	21791.8
0.928704	1	0.997396	29825.1
0.0247954	1	0.116466	3482.69
0.0137275	1	0.0725957	2170.83
1.74493e-05	0.11986	2.94429e-05	0.88043
0.348482	0.410334	0.421111	12592.5
1	0.425698	0.789255	23601.1
0.736087	0.409349	0.662773	19818.9
0.994434	1	0.999984	29902.5
1	0.00157615	0.0117467	351.262
0.999996	0.210068	0.53784	16083
0.998319	0.327051	0.691961	20691.7
1	0.706524	0.951969	28466.7
0.983279	1	0.999859	29898.8
0.876913	0.319088	0.636192	19024
0.952037	1	0.998831	29868
0.372564	1	0.740414	22140.6
5.19157e-05	0.268579	0.000169838	5.07868
1	1	1	29903
0.0413813	0.267916	0.0609992	1824.06
0.1139	0.42815	0.196075	5863.24
0.00463082	0.427912	0.0143147	428.052
0.00585729	0.427841	0.0175145	523.737
1	1	1	29903
1	1	1	29903
1	1	1	29903
0.999994	1	1	29903
0.600509	0.411456	0.592512	17717.9
0.545743	1	0.876249	26202.5
0.999999	0.633772	0.922814	27594.9
0.999997	1.52339e-26	9.20827e-25	2.75355e-20
0.999983	0.277717	0.633509	18943.8
0.988431	0.629364	0.917374	27432.2
0.999999	0.629063	0.920649	27530.2
1	0.947833	0.998615	29861.6
0.01654	0.93216	0.079745	2384.61
0.605754	0.948289	0.892881	26699.8
1	0.384653	0.752155	22491.7
1	4.82072e-06	6.38388e-05	1.90897
0.31296	0.00581501	0.0133014	397.751
0.999996	9.07197e-28	5.73956e-26	1.7163e-21
0.999982	0	0	0
0.0130898	5.39632e-10	1.88431e-10	5.63465e-06
0.999998	2.19785e-15	7.63778e-14	2.28393e-09
0.999987	6.33151e-46	6.65265e-44	1.98934e-39
0.999982	9.29182e-90	1.91411e-87	5.72377e-83
1	1.37561e-39	1.24468e-37	3.72197e-33
0.999998	0.681485	0.942821	28193.2
0.926581	1	0.997236	29820.4
0.998172	0.198326	0.5186	15507.7
0.400458	0.952366	0.749017	22397.9
0.148225	1	0.43119	12893.9
0.999997	0.31575	0.679747	20326.5
0.513127	0.45942	0.576392	17235.9
2.50229e-19	0.756517	8.35031e-18	2.49699e-13
2.52807e-22	0.737029	9.50906e-21	2.84349e-16
9.24654e-05	0.66025	0.000653471	19.5407
1.82396e-07	0.776517	2.3752e-06	0.0710256
0.964199	0.907199	0.991803	29657.9
1	0.368845	0.736723	22030.2
0.999999	2.65282e-06	3.67147e-05	1.09788
0.999783	1.81013e-16	6.74095e-15	2.01574e-10
0.995909	0.25603	0.603431	18044.4
0.983981	0.0014334	0.0106683	319.015
0.401387	5.08785e-05	0.000240957	7.20533
0.025257	7.83045e-25	1.19031e-24	3.55937e-20
0.998692	1	0.999999	29903
1	1.99697e-20	9.25795e-19	2.76841e-14
0.999999	7.44206e-16	2.6668e-14	7.97454e-10
0.846664	0.27223	0.568741	17007.1
1	0.261721	0.612552	18317.2
0.722417	0.481984	0.715537	21396.7
1	0.771444	0.971627	29054.6
0.76174	1	0.969048	28977.4
1	4.50657e-09	9.11126e-08	0.00272454
0.99999	1	1	29903
0.999995	0.766138	0.970231	29012.8
0.136856	0.610146	0.290828	8696.64
0.850079	1	0.988154	29548.8
0.999996	1.80363e-24	1.00412e-22	3.00262e-18
0.445269	6.30298e-06	3.86839e-05	1.15676
0.925219	0.000214483	0.00189018	56.522
0.905673	0.000214483	0.00185439	55.452
0.0115442	0.000214483	3.44389e-05	1.02983
0.174023	0.000214483	0.000417884	12.496
0.993469	0.000214689	0.00201617	60.2895
0.871094	0.000214689	0.0017924	53.5982
0.440646	1.28709e-05	7.41837e-05	2.21831
0.218952	0.000215096	0.000516325	15.4397
0.96639	0.000462457	0.00389402	116.443
0.999999	2.16222e-09	4.5303e-08	0.0013547
0.999999	3.49513e-13	1.03743e-11	3.10224e-07
0.868279	2.96801e-08	4.76087e-07	0.0142364
0.929342	1	0.997443	29826.5
0.972804	2.96434e-08	5.29497e-07	0.0158335
0.151569	4.9295e-19	3.36524e-18	1.00631e-13
0.999995	5.66959e-31	4.00526e-29	1.19769e-24
0.999765	1.4299e-27	8.97943e-26	2.68512e-21
1	0.673258	0.939617	28097.4
0.999981	0.398163	0.764822	22870.5
0.856091	1	0.989109	29577.3
1	1	1	29903
0.999989	0.0132064	0.0703504	2103.69
0.997586	1	0.999997	29902.9
0.346521	0.830907	0.64641	19329.6
1	0.876705	0.992066	29665.7
0.992826	1	0.999974	29902.2
0.96395	1	0.999342	29883.3
0.719968	0.475939	0.709655	21220.8
0.445092	0.1599	0.259251	7752.37
0.0232652	0.00895002	0.00197331	59.008
0.950994	0.172668	0.460867	13781.3
0.849692	0.0418205	0.154122	4608.72
1	0.0425763	0.176966	5291.83
1	0.042469	0.176628	5281.7
0.96294	0.146519	0.417392	12481.3
1	3.76546e-06	5.07947e-05	1.51891
0.96641	3.11769e-13	8.9879e-12	2.68765e-07
0.704779	0.243034	0.473505	14159.2
0.599745	1	0.906365	27103
0.936492	0.847663	0.977114	29218.6
0.937177	1	0.997984	29842.7
0.906074	1	0.995444	29766.8
0.956337	1	0.999033	29874.1
0.259228	1	0.609199	18216.9
0.128415	1	0.391986	11721.5
0.15371	1	0.44156	13204
0.400041	1	0.766554	22922.3
0.773726	1	0.972216	29072.2
0.999982	1	1	29903
0.880405	0.000199998	0.00169821	50.7817
0.675904	6.85475e-11	1.1488e-09	3.43526e-05
0.849839	1	0.988115	29547.6
0.991927	0.942549	0.997836	29838.3
0.00938486	0.000105895	1.473e-05	0.440471
0.904038	0.00143089	0.00989634	295.93
0.105573	0.00477962	0.00433537	129.641
0.235342	8.48523e-05	0.000236063	7.059
0.999787	0.941194	0.998224	29849.9
0.356149	2.29691e-27	5.18399e-26	1.55017e-21
0.999974	1.43743e-29	9.68976e-28	2.89753e-23
0.948367	1.23163e-16	4.40189e-15	1.3163e-10
1	0.00120198	0.00928381	277.614
0.784631	6.27081e-13	1.44362e-11	4.31686e-07
1	5.38272e-105	1.29771e-102	3.88055e-98
0.843852	0.114245	0.321916	9626.27
1	1	1	29903
0.999899	0.690449	0.946175	28293.5
0.99999	0.000143174	0.00141046	42.1769
0.999982	1	1	29903
