ks_quality_p_value	fisher_strand_p_value	bias_p_value	bias_e_value
0.813147	1	0.981341	29345
0.972391	0.698994	0.942133	28172.6
0.999684	0.767985	0.970658	29025.6
0.556683	0.457097	0.602714	18023
0.187218	1	0.500899	14978.4
1	1.75274e-05	0.000209483	6.26416
0.367943	0.624563	0.567736	16977
0.983196	1	0.999858	29898.8
0.160028	0.624127	0.329977	9867.32
0.717918	1	0.955836	28582.4
0.919101	4.95196e-37	3.85409e-35	1.15249e-30
0.667592	1	0.937351	28029.6
0.602308	1	0.90767	27142.1
0.0335867	1	0.147567	4412.71
0.837648	0.176947	0.43118	12893.6
0.999971	1	1	29903
0.000101841	1	0.00103797	31.0385
0.974251	0.597379	0.897026	26823.8
0.443174	0.683374	0.664614	19874
0.149213	0.868155	0.39429	11790.4
0.263571	1	0.615025	18391.1
0.493588	0.860251	0.788324	23573.3
0.880581	0.926435	0.981886	29361.3
7.65883e-07	0.47467	5.75392e-06	0.172059
0.00553732	0.411326	0.0161362	482.522
0.454857	0.880251	0.766872	22931.8
0.337112	0.948272	0.684247	20461
0.708055	1	0.952499	28482.6
0.999918	0.459726	0.816962	24429.6
0.533493	7.3862e-07	6.205e-06	0.185548
0.708156	0.0024491	0.0127598	381.556
0.999992	0.00031654	0.00286722	85.7384
0.999999	0.00443699	0.0284756	851.506
0.999999	5.16438e-10	1.156e-08	0.000345678
0.599821	0.00886776	0.0331722	991.947
0.981227	0.0235132	0.110033	3290.31
0.960802	0.0235319	0.108286	3238.06
0.97331	0.0324668	0.140766	4209.33
0.296802	0.0603833	0.0899989	2691.24
0.64016	0.134821	0.297746	8903.51
0.362634	0.103986	0.161313	4823.74
0.262032	0.21882	0.221255	6616.18
0.0836271	0.0458514	0.0251681	752.602
0.410939	0.0521219	0.103742	3102.2
0.680636	0.10138	0.25349	7580.12
0.99779	0.656048	0.931974	27868.8
0.980694	1.95328e-08	3.59565e-07	0.0107521
0.984302	0.164232	0.456236	13642.8
0.999988	4.60403e-49	5.17025e-47	1.54606e-42
0.834004	1.28867e-12	3.06939e-11	9.1784e-07
0.99999	1.56888e-34	1.23685e-32	3.69856e-28
0.999999	1.57109e-32	1.16623e-30	3.48739e-26
0.899364	0.0418416	0.161057	4816.1
0.752117	1	0.966368	28897.3
0.323819	0.932461	0.663532	19841.6
0.999818	1	1	29903
0.939345	0.831332	0.974025	29126.3
0.830535	0.084107	0.255759	7647.97
0.342653	1	0.709647	21220.6
0.31997	0.000389557	0.00124522	37.2358
0.415499	0.000568478	0.00220869	66.0464
0.568209	0.0313482	0.0895579	2678.05
0.548475	0.593771	0.691028	20663.8
0.999904	1.18922e-19	5.30053e-18	1.58502e-13
1	4.36683e-14	1.387e-12	4.14755e-08
0.61551	1	0.914219	27337.9
0.243864	1	0.587991	17582.7
0.365076	0.0602053	0.10589	3166.41
1	0.00020473	0.00194367	58.1215
0.998307	1.18274e-12	3.36097e-11	1.00503e-06
0.78002	1	0.973805	29119.7
0.64014	0.0197955	0.0680275	2034.23
0.533026	1	0.868398	25967.7
0.744276	0.0403954	0.135426	4049.63
0.48158	0.166608	0.282651	8452.12
0.0507438	0.164467	0.0482883	1443.96
0.320689	0.158821	0.202571	6057.48
0.694854	0.149118	0.338518	10122.7
0.772952	0.15466	0.373465	11167.7
0.999989	3.11876e-19	1.36013e-17	4.0672e-13
0.625748	1.42379e-05	0.000112511	3.36442
0.793232	0.28724	0.564853	16890.8
0.999976	3.27759e-15	1.12588e-13	3.36672e-09
0.908156	1	0.995647	29772.8
0.423874	0.125085	0.208746	6242.12
0.965675	0.542764	0.862728	25798.2
0.832403	0.000214664	0.00172073	51.4551
0.0319357	0.0526288	0.0124182	371.341
8.63024e-05	0.0214143	2.62455e-05	0.784821
0.0948253	1	0.318207	9515.35
0.999985	0.137624	0.41056	12277
0.553042	0.000871797	0.00416437	124.527
0.999378	1	1	29903
0.95071	1	0.998765	29866.1
0.165529	0.611964	0.333238	9964.83
0.741358	0.240591	0.485851	14528.4
0.779228	1	0.973608	29113.8
0.894307	0.00962201	0.0495255	1480.96
0.675194	1	0.94038	28120.2
0.690989	1	0.9464	28300.2
0.940662	1	0.998204	29849.3
0.936729	1	0.997955	29841.8
0.491266	8.66439e-10	9.61012e-09	0.000287371
0.94779	0.0797229	0.27072	8095.34
0.999993	5.13642e-19	2.21444e-17	6.62183e-13
0.917259	1	0.996478	29797.7
0.751714	1	0.966253	28893.9
0.97889	1	0.999776	29896.3
0.184332	1	0.49604	14833.1
0.446596	1	0.806598	24119.7
1	0.0258201	0.120234	3595.35
0.0628699	0.000737512	0.000509063	15.2225
0.921991	5.55145e-06	6.74739e-05	2.01767
0.978665	6.72022e-08	1.15339e-06	0.0344898
0.348538	1.11614e-15	1.41925e-14	4.24397e-10
0.988611	0.0254307	0.117742	3520.84
0.284907	1.45319e-09	9.35907e-09	0.000279864
0.995033	1	0.999988	29902.6
0.805309	1	0.979682	29295.4
0.951537	0.838736	0.978086	29247.7
0.996819	0.658204	0.932612	27887.9
0.997104	0.00802467	0.0466334	1394.48
0.96417	4.20396e-06	5.43794e-05	1.62611
0.0397985	5.97633e-10	6.0561e-10	1.81096e-05
0.827323	3.17654e-10	6.06012e-09	0.000181216
0.999997	3.88895e-12	1.06062e-10	3.17159e-06
1	1.49654e-16	5.60278e-15	1.6754e-10
1	3.10157e-14	9.95737e-13	2.97755e-08
0.999999	6.50461e-17	2.4894e-15	7.44406e-11
0.483749	1	0.835042	24970.3
0.901273	1	0.994958	29752.2
0.991023	1	0.99996	29901.8
0.974883	1	0.999682	29893.5
0.285517	1	0.643399	19239.6
0.722843	1	0.957451	28630.7
0.999986	1.40558e-31	1.01256e-29	3.02786e-25
1	1	1	29903
1	1	1	29903
1	1	1	29903
0.893434	1	0.994109	29726.8
0.670897	1	0.938679	28069.3
0.860646	1	0.989805	29598.1
0.488819	1	0.838698	25079.6
0.999998	1	1	29903
0.20704	1	0.533095	15941.1
0.979758	0.261485	0.605081	18093.7
0.998611	0.164004	0.460089	13758.1
0.617181	4.20109e-09	5.38545e-08	0.00161041
0.713172	1	0.954247	28534.9
0.510252	0.145898	0.267829	8008.9
0.609447	0.339248	0.532645	15927.7
0.765089	1	0.969952	29004.5
0.202919	1	0.526564	15745.9
0.0979211	0.0311584	0.0207236	619.699
0.792386	0.0159664	0.0679385	2031.57
0.991922	0.278179	0.631222	18875.4
0.996538	1	0.999994	29902.8
0.81919	0.511538	0.783522	23429.7
0.361981	0.000105534	0.00042681	12.7629
0.999999	1	1	29903
0.999936	0.292123	0.651581	19484.2
0.827271	1	0.984141	29428.8
0.987749	0.0131492	0.0694049	2075.41
0.392073	8.52779e-18	1.37885e-16	4.12317e-12
0.962614	0.0100017	0.0543304	1624.64
0.375581	0.673704	0.600756	17964.4
0.999993	0.00550847	0.0341604	1021.5
0.959404	0.00314796	0.0205445	614.343
0.0227511	0.636613	0.075818	2267.19
0.683198	1	0.943476	28212.8
0.913045	0.000595822	0.0046331	138.544
0.999992	9.52708e-07	1.41609e-05	0.423454
0.877567	0.425813	0.741513	22173.5
0.548097	0.17503	0.320811	9593.22
0.868268	0.133827	0.366309	10953.7
0.886132	0.0278876	0.116158	3473.48
0.703911	0.00342846	0.0169579	507.091
0.223637	1	0.558585	16703.4
0.0337374	1.07244e-05	5.72827e-06	0.171292
0.935428	1	0.997869	29839.3
0.272554	1	0.626852	18744.8
0.510572	1	0.853791	25530.9
0.990043	0.0206342	0.0999133	2987.71
0.920678	0.00610692	0.0347526	1039.21
0.886229	1.18973e-08	2.04209e-07	0.00610645
0.770319	1.24046e-08	1.86008e-07	0.0055622
0.705111	3.65499e-09	5.35449e-08	0.00160115
0.434468	1.79681e-10	1.89492e-09	5.66638e-05
0.681775	4.14646e-08	5.19636e-07	0.0155387
0.77491	1.24419e-07	1.65393e-06	0.0494576
0.377041	1.63329e-08	1.22582e-07	0.00366556
0.489178	1.05776e-09	1.15812e-08	0.000346314
0.344294	2.68024e-09	2.01202e-08	0.000601654
0.0352268	1.21066e-09	1.06099e-09	3.17268e-05
0.0169318	1.15257e-09	5.00757e-10	1.49741e-05
0.0338651	9.28983e-09	7.19799e-09	0.000215241
0.0130448	9.45506e-09	2.93745e-09	8.78387e-05
0.313623	9.41996e-09	6.09771e-08	0.0018234
0.28506	5.34786e-09	3.24735e-08	0.000971054
0.798274	0.642104	0.855133	25571
0.913436	1	0.99614	29787.6
0.906976	1	0.995533	29769.4
0.875385	1	0.991891	29660.5
0.825795	1	0.983859	29420.3
0.88343	1	0.992925	29691.4
0.870826	1	0.991273	29642
0.84867	1	0.987924	29541.9
0.907637	1	0.995597	29771.3
0.878084	1	0.992246	29671.1
0.911098	1	0.995926	29781.2
0.953918	0.072785	0.254633	7614.28
0.936644	0.0815801	0.272913	8160.92
0.356404	0.0697177	0.11666	3488.47
0.926561	5.59018e-21	2.47119e-19	7.38959e-15
0.963565	1	0.999328	29882.9
0.9868	2.1055e-22	1.05809e-20	3.16399e-16
0.999998	1	1	29903
0.989278	1	0.999942	29901.3
0.946882	9.3663e-15	2.95829e-13	8.84618e-09
0.999999	0.817946	0.982319	29374.3
0.955987	0.322381	0.670944	20063.2
0.999998	2.50925e-06	3.48673e-05	1.04264
0.719282	0.215719	0.444275	13285.1
0.846064	0.220236	0.499415	14934
0.767914	0.140289	0.347766	10399.2
0.999973	0.0871875	0.299893	8967.69
0.875308	1	0.991881	29660.2
0.882873	1	0.992856	29689.4
0.979304	1	0.999784	29896.6
0.70055	0.47051	0.695433	20795.5
0.681283	0.794031	0.873331	26115.2
0.999999	0.693664	0.947383	28329.6
0.701172	1	0.950089	28410.5
0.909157	0.611912	0.882555	26391
0.502154	0.639035	0.685637	20502.6
0.942024	0.663295	0.918677	27471.2
0.207391	0.7515	0.445561	13323.6
0.632196	1	0.922093	27573.4
0.863375	1	0.99021	29610.3
0.131423	1	0.398124	11905.1
0.668391	1	0.937674	28039.3
0.971383	1	0.999587	29890.6
0.841558	0.21668	0.492676	14732.5
0.761451	1	0.968969	28975.1
0.985156	0.182035	0.487518	14578.3
0.782562	0.00944344	0.0436577	1305.5
0.553821	0.000239957	0.00131909	39.4448
0.652411	0.118523	0.275258	8231.04
0.583872	0.117904	0.253057	7567.16
0.685848	0.0435437	0.134721	4028.56
0.426489	0.00137424	0.00494785	147.956
0.457219	0.0435657	0.0979236	2928.21
0.361286	4.41365e-05	0.00019209	5.74405
0.110147	0.00360824	0.00350955	104.946
0.571325	3.92559e-05	0.000262523	7.85022
0.999997	4.40705e-45	4.54511e-43	1.35912e-38
0.205605	1	0.530831	15873.4
0.584699	1	0.898482	26867.3
1	0.742773	0.963648	28816
1	0.308216	0.670972	20064.1
0.999684	0.709713	0.952993	28497.3
1	0.329339	0.695126	20786.3
0.328448	1	0.694135	20756.7
0.908555	1	0.995685	29774
0.110519	1	0.353945	10584
0.998068	0.176125	0.481385	14394.9
0.894261	0.0810594	0.262722	7856.16
0.918542	0.524164	0.833379	24920.5
0.906216	1	0.995458	29767.2
0.986895	1	0.999914	29900.4
0.87611	1	0.991987	29663.4
0.00246557	0.00198377	6.47003e-05	1.93473
0.0401217	1	0.169147	5057.99
0.125026	1	0.384984	11512.2
0.097207	1	0.323788	9682.23
0.0425893	1	0.177008	5293.06
0.164079	1	0.460637	13774.4
0.946899	1	0.998564	29860.1
0.64344	1	0.92715	27724.6
0.695433	1	0.948029	28348.9
0.999999	1	1	29903
0.979962	1	0.999798	29897
0.512501	1	0.855084	25569.6
0.0335953	1	0.147597	4413.58
0.0689459	1	0.253337	7575.54
0.999992	1	1	29903
1	1	1	29903
0.219511	0.0112771	0.0173314	518.26
0.376173	0.733906	0.631407	18881
0.856055	0.340404	0.650719	19458.4
0.901471	0.718329	0.92895	27778.4
0.404374	0.102827	0.173812	5197.49
0.220247	0.000104044	0.000267735	8.00609
0.47122	0.0403206	0.0943025	2819.93
0.786984	1	0.975504	29170.5
0.27727	0.773043	0.544468	16281.2
0.645408	0.822464	0.867008	25926.2
0.40314	0.801956	0.688363	20584.1
0.466411	1	0.822137	24584.4
0.998211	1	0.999998	29903
0.350227	0.615946	0.546587	16344.6
0.472508	1	0.826748	24722.2
0.691932	0.00162261	0.00874834	261.602
0.872178	0.365487	0.683214	20430.2
0.984952	5.67661e-06	7.32128e-05	2.18928
0.727192	0.0094249	0.0410055	1226.19
0.805244	0.337328	0.625651	18708.8
0.996466	0.143418	0.420949	12587.6
0.295913	1	0.656244	19623.7
0.995049	1	0.999988	29902.6
0.995947	0.612295	0.911428	27254.4
0.670424	0.500573	0.702016	20992.4
0.370465	2.59654e-05	0.000120739	3.61046
1	0.24782	0.593541	17748.7
0.47465	1	0.828349	24770.1
0.803623	1	0.979315	29284.5
0.532146	1	0.867843	25951.1
0.99299	0.774115	0.970907	29033
0.79654	1	0.977735	29237.2
0.999999	1	1	29903
0.953168	1	0.998886	29869.7
0.161837	1	0.456569	13652.8
0.987566	3.57359e-05	0.000397096	11.8744
0.999999	1.60223e-36	1.33661e-34	3.99685e-30
0.720664	0.000698139	0.00432418	129.306
0.999987	5.5734e-07	8.58298e-06	0.256657
0.735876	0.743347	0.877015	26225.4
0.321733	1	0.686588	20531.1
0.716378	0.211814	0.437857	13093.2
0.999988	4.33676e-11	1.07816e-09	3.22403e-05
0.9999	2.09999e-25	1.21415e-23	3.63068e-19
0.719191	0.346738	0.595701	17813.2
0.955177	1	0.99898	29872.5
0.557734	0.391342	0.550473	16460.8
0.979115	1	0.99978	29896.4
0.165534	1	0.46326	13852.9
0.660073	0.693104	0.815255	24378.6
0.406884	0.0530212	0.104336	3119.95
0.412181	0.618995	0.603644	18050.8
0.949813	0.0049865	0.030087	899.692
0.568831	0.00498565	0.0194701	582.215
0.565343	0.00138076	0.00636618	190.368
0.749998	0.161601	0.376972	11272.6
0.626163	0.0417566	0.121425	3630.98
0.94668	1	0.998553	29859.7
0.99092	1	0.999959	29901.8
0.00150366	0.000255904	6.0684e-06	0.181463
0.335062	1	0.701432	20974.9
0.892738	1	0.99403	29724.5
1	2.59995e-07	4.20219e-06	0.125658
1	2.25379e-25	1.30161e-23	3.89221e-19
0.999998	1	1	29903
0.921716	0.814009	0.965844	28881.6
0.417087	1	0.781813	23378.6
0.81518	0.831583	0.941433	28151.7
0.308181	1	0.670931	20062.8
0.936482	1	0.997939	29841.4
0.999997	1.39301e-05	0.000169688	5.07418
0.999999	0.186396	0.499519	14937.1
0.198666	5.69614e-60	1.57332e-58	4.70471e-54
0.809729	1.23737e-62	1.44036e-60	4.30711e-56
0.55387	1.09069e-57	8.01955e-56	2.39809e-51
0.641839	3.09373e-62	2.841e-60	8.49543e-56
0.999999	2.31674e-67	3.57781e-65	1.06987e-60
1	6.30595e-63	9.09453e-61	2.71954e-56
0.999464	3.68413e-71	6.00854e-69	1.79673e-64
0.990892	1.63839e-71	2.66247e-69	7.96158e-65
0.999998	1.96177e-114	5.15592e-112	1.54177e-107
1	3.79932e-115	1.00478e-112	3.00459e-108
2.21829e-20	0	0	0
0.440933	1	0.801996	23982.1
0.0308099	7.85201e-06	3.92748e-06	0.117443
0.991619	1	0.999965	29901.9
0.707848	1	0.952428	28480.5
0.89321	0.00927646	0.0480015	1435.39
0.910009	0.000847155	0.00629681	188.293
0.974431	0.000539589	0.00449584	134.439
0.679859	0.0919587	0.235839	7052.31
0.724617	0.0987056	0.260184	7780.28
0.507941	0.0851998	0.179171	5357.75
0.511162	0.0728117	0.159703	4775.6
0.383117	1	0.750685	22447.7
0.263096	1	0.614391	18372.1
0.546516	0.59081	0.687896	20570.1
0.916224	0.131337	0.375139	11217.8
0.991353	0.0715659	0.25866	7734.72
0.997972	0.15991	0.452453	13529.7
0.72315	0.61993	0.80797	24160.7
0.961259	1	0.99924	29880.3
0.969004	1	0.999515	29888.5
0.932759	1	0.997687	29833.8
0.941833	1	0.998275	29851.4
0.995028	1	0.999988	29902.6
0.644872	0.000161192	0.00105732	31.6171
0.778815	0.349284	0.626167	18724.3
0.663991	1	0.935886	27985.8
0.683971	1	0.94377	28221.6
0.797825	1	0.978026	29245.9
0.578415	1	0.895076	26765.5
0.945638	1	0.998495	29858
0.309897	1	0.672946	20123.1
1	0.0882835	0.302565	9047.61
0.999999	5.35624e-07	8.26994e-06	0.247296
0.96562	1	0.999402	29885.1
0.999993	1	1	29903
0.693093	1	0.947175	28323.4
0.977981	1	0.999756	29895.7
0.989032	0.3154	0.675333	20194.5
0.737805	1	0.962153	28771.3
0.999612	0.867854	0.990809	29628.2
0.964788	0.726522	0.950007	28408.1
0.2802	1	0.636685	19038.8
0.197596	0.000161247	0.000361762	10.8178
0.777134	0.0896196	0.255207	7631.46
0.669151	0.224319	0.434764	13000.7
0.728498	0.000357019	0.00240698	71.976
0.990326	0.103355	0.335654	10037.1
0.999985	0.434291	0.796502	23817.8
0.946419	0.106467	0.332012	9928.15
0.369398	1.83968e-06	1.03308e-05	0.308921
0.914631	1	0.996248	29790.8
0.991736	0.000921713	0.00731055	218.607
0.911334	1	0.995948	29781.8
0.93177	1	0.997618	29831.8
0.29078	1	0.649948	19435.4
0.610188	1	0.911613	27260
0.833805	1	0.985354	29465
0.996113	1	0.999992	29902.8
0.840682	1	0.986575	29501.6
0.999972	0.253419	0.60128	17980.1
0.543245	1	0.87473	26157.1
0.991395	1	0.999963	29901.9
0.999999	1	1	29903
0.999982	1	1	29903
1	1	1	29903
0.845419	0.226078	0.507414	15173.2
0.649424	0.0661074	0.178087	5325.33
0.906659	1.59209e-08	2.75036e-07	0.00822439
0.999994	0.693482	0.947316	28327.6
0.893913	1	0.994162	29728.4
0.689305	0.0798083	0.214559	6415.95
0.473962	0.149799	0.258798	7738.82
0.647899	1.26526e-10	1.98584e-09	5.93825e-05
0.933417	4.17072e-11	9.72058e-10	2.90675e-05
0.685672	7.0519e-08	8.62845e-07	0.0258017
0.873877	0.473608	0.778992	23294.2
0.967386	0.0842078	0.285736	8544.37
0.0607233	0.000220953	0.000163942	4.90237
0.713639	0.117106	0.291001	8701.8
0.608488	1	0.910771	27234.8
0.991215	3.11116e-09	6.35178e-08	0.00189937
0.813989	3.54228e-09	5.9583e-08	0.00178171
0.619201	4.64035e-12	7.92331e-11	2.36931e-06
0.15134	1.8685e-53	3.51495e-52	1.05107e-47
0.00488583	5.41662e-53	3.35225e-53	1.00242e-48
0.0876535	7.1312e-51	7.43224e-50	2.22246e-45
0.446229	5.50194e-53	2.99866e-51	8.9669e-47
0.737777	1.1134e-51	9.7446e-50	2.91393e-45
0.813532	0.210339	0.473209	14150.4
0.992896	0.235809	0.574064	17166.2
0.284559	0.45149	0.39211	11725.3
0.454636	1	0.813006	24311.3
0.783443	0.330554	0.60885	18206.4
0.960108	0.719156	0.946207	28294.4
0.812008	1	0.981105	29338
0.999989	6.85563e-09	1.35728e-07	0.00405867
0.950946	0.386477	0.735398	21990.6
0.766344	0.241548	0.497352	14872.3
0.00769812	1.15497e-30	6.65058e-31	1.98872e-26
0.622953	1	0.917787	27444.6
0.604834	1	0.908945	27180.2
0.130953	0.217585	0.129876	3883.67
0.121949	0.138914	0.0860244	2572.39
0.892477	0.11879	0.343936	10284.7
0.05626	9.74481e-08	1.09768e-07	0.00328238
0.608813	1	0.910933	27239.6
0.862507	0.612924	0.865627	25884.9
0.999997	0.00529025	0.0330211	987.43
0.999982	1.39079e-23	7.45862e-22	2.23035e-17
0.24207	0.322498	0.277153	8287.71
0.971698	0.675162	0.932589	27887.2
0.856481	0.705079	0.908468	27165.9
0.42162	0.00193522	0.00661814	197.902
0.114842	0.719067	0.288532	8627.97
0.33222	1	0.698312	20881.6
0.786143	0.12502	0.326292	9757.12
0.917771	0.0200358	0.0918686	2747.15
0.875817	0.0884532	0.275625	8242.01
1	0.0167486	0.085241	2548.96
0.497046	0.00127749	0.00530961	158.773
0.981568	0.0266746	0.121558	3634.95
0.999876	1.91962e-15	6.69611e-14	2.00234e-09
0.995747	0.486177	0.835304	24978.1
0.935544	0.706484	0.934633	27948.3
0.287206	1	0.645511	19302.7
0.79897	0.927212	0.963063	28798.5
0.217752	0.920563	0.522618	15627.8
0.693573	1	0.947351	28328.6
0.903607	0.788279	0.95395	28526
0.0345634	1.93212e-06	1.17012e-06	0.0349901
1	0.815598	0.981844	29360.1
0.462838	0.4497	0.534822	15992.8
0.0343425	1	0.150124	4489.15
0.735071	1.29508e-09	2.07268e-08	0.000619795
0.999993	6.77064e-09	1.3413e-07	0.00401089
0.890381	6.23877e-10	1.23936e-08	0.000370605
0.60572	3.53021e-20	9.89865e-19	2.95999e-14
0.958528	0.0123161	0.0642115	1920.12
1	1	1	29903
0.999952	0.075651	0.270944	8102.04
0.997361	1	0.999997	29902.9
0.608414	1	0.910735	27233.7
0.980769	1	0.999814	29897.4
0.137546	1	0.410409	12272.5
0.739881	1	0.962782	28790.1
0.856484	1	0.98917	29579.2
0.554194	0.72684	0.769082	22997.8
0.918017	1	0.996544	29799.6
0.494952	0.771434	0.749441	22410.5
0.785804	0.0129457	0.056846	1699.87
0.975359	1	0.999694	29893.8
0.0187012	0.689858	0.069027	2064.11
0.881371	0.514184	0.811862	24277.1
0.220321	0.726988	0.453526	13561.8
0.488392	0.104117	0.202326	6050.15
0.707851	0.0891111	0.237385	7098.52
0.349524	0.00348325	0.00938795	280.728
0.981128	0.000418258	0.00361058	107.967
0.05392	1	0.21138	6320.9
0.205835	0.253623	0.206343	6170.26
0.992731	2.81195e-06	3.8492e-05	1.15103
0.794364	0.418987	0.698981	20901.6
0.71348	0.412656	0.654424	19569.2
0.997565	0.584052	0.897369	26834
0.731931	0.574787	0.784961	23472.7
0.237915	0.672823	0.45335	13556.5
0.348207	0.672823	0.574279	17172.7
0.0238055	0.672823	0.0822325	2459
0.950335	0.209404	0.520282	15558
0.978436	1	0.999766	29896
0.63643	1	0.92402	27631
0.216251	1	0.547399	16368.9
0.882022	1.1709e-05	0.000128896	3.85438
0.986395	1	0.999907	29900.2
0.754676	0.0312891	0.112067	3351.13
0.88787	0.000121747	0.00109528	32.752
0.941532	0.0387012	0.157127	4698.58
0.830766	1.57771e-20	6.13164e-19	1.83354e-14
1	4.5167e-19	1.95308e-17	5.84029e-13
0.924123	1.31302e-21	5.96514e-20	1.78376e-15
0.851059	1.2072e-40	9.56266e-39	2.85952e-34
0.999981	4.6896e-39	4.18565e-37	1.25164e-32
0.350395	0.0377438	0.0704326	2106.15
0.772707	1	0.971954	29064.3
0.752847	1	0.966575	28903.5
0.874835	0.608358	0.867886	25952.4
0.990553	1.42834e-18	5.95642e-17	1.78115e-12
0.00821296	0.102495	0.00680161	203.389
0.964854	0.590869	0.890465	26627.6
0.516497	0.0725593	0.160551	4800.97
0.97867	0.227412	0.556972	16655.1
0.372799	0.000749653	0.00256627	76.7391
0.682404	0.557562	0.748149	22371.9
0.41135	0.557562	0.567074	16957.2
0.405652	0.557562	0.562374	16816.7
0.913266	0.557562	0.852868	25503.3
0.999999	0.785095	0.975049	29156.9
0.699217	0.701977	0.840136	25122.6
0.117154	0.14646	0.0869119	2598.93
0.891966	0.891805	0.977489	29229.8
0.470643	1	0.825346	24680.3
0.992736	1	0.999974	29902.2
0.316157	0.00280171	0.00711197	212.669
0.595525	2.01462e-14	3.96569e-13	1.18586e-08
0.0230341	1.02775e-07	4.9386e-08	0.00147679
0.928091	6.93456e-06	8.33683e-05	2.49296
0.719152	2.36815e-08	3.21678e-07	0.00961915
0.948334	0.000178012	0.00163526	48.8992
1	0.469461	0.824453	24653.6
0.0234771	4.0888e-06	1.64715e-06	0.0492547
0.972718	0.00461216	0.0287426	859.491
0.855273	0.759375	0.929782	27803.3
0.952081	0.469331	0.806795	24125.6
0.995225	0.163965	0.459013	13725.9
0.977831	0.0150821	0.076934	2300.56
0.866286	8.79415e-10	1.67566e-08	0.000501071
0.97624	0.026666	0.121009	3618.54
0.28993	0.0079402	0.0162849	486.968
0.375273	0.0149517	0.0346928	1037.42
1	4.444e-05	0.00048979	14.6462
0.570223	0.928838	0.86626	25903.8
0.999957	5.12657e-06	6.75711e-05	2.02058
0.196279	0.831332	0.458997	13725.4
0.0029101	0.710079	0.0148408	443.784
0.320353	1	0.685021	20484.2
0.0858602	1	0.29665	8870.73
0.320353	1	0.685021	20484.2
0.999993	0.859524	0.989635	29593.1
1	1	1	29903
1	0.887659	0.993439	29706.8
1	0.262193	0.613184	18336
0.0235259	1	0.11174	3341.36
0.0424406	0.797231	0.148409	4437.87
0.916705	1	0.99643	29796.3
1	0.0533559	0.20973	6271.55
0.999861	0.381414	0.748996	22397.2
1	0.285863	0.643833	19252.5
0.277337	1	0.633027	18929.4
0.999047	1	1	29903
0.381859	1	0.749476	22411.6
0.755822	1	0.967414	28928.6
0.370391	0.0149088	0.0342314	1023.62
0.99997	9.85082e-26	5.77041e-24	1.72553e-19
0.378853	0.00923437	0.0232838	696.256
0.326971	1.38587e-05	6.02879e-05	1.80279
0.866547	0.0408938	0.153794	4598.92
0.242963	1.05053e-08	5.30548e-08	0.0015865
0.98552	0.0332213	0.144684	4326.49
0.364901	2.72294e-09	2.15907e-08	0.000645626
0.514769	6.75718e-06	4.7198e-05	1.41136
0.395322	2.63551e-11	2.73883e-10	8.18991e-06
0.743084	0.380159	0.639589	19125.6
0.997162	7.56236e-08	1.31214e-06	0.039237
0.984412	0.0168722	0.0846704	2531.9
0.999924	6.13453e-50	7.01218e-48	2.09685e-43
1	1	1	29903
0.999974	1	1	29903
0.998218	0.480541	0.832074	24881.5
0.323728	0.42417	0.409953	12258.8
0.784092	0.000304967	0.00223305	66.775
1	0.250776	0.597647	17871.5
0.331312	0.454212	0.435489	13022.4
0.943932	4.26387e-07	6.32925e-06	0.189264
0.854288	0.0780279	0.247181	7391.45
0.992361	1	0.999971	29902.1
0.262977	0.000100909	0.000306155	9.15494
0.655551	5.36791e-11	8.82208e-10	2.63807e-05
0.966722	4.61628e-10	1.00544e-08	0.000300657
0.433581	8.32108e-11	9.036e-10	2.70204e-05
0.952562	1	0.998857	29868.8
0.889037	1	0.993602	29711.7
0.888931	1	0.99359	29711.3
0.0887027	1	0.303582	9078.01
1	1	1	29903
0.999926	1	1	29903
0.96949	1	0.99953	29888.9
0.801168	0.180509	0.42426	12686.6
0.368539	1	0.736418	22021.1
0.430962	1	0.793718	23734.5
0.736215	0.274069	0.524734	15691.1
0.997858	1	0.999998	29902.9
0.877209	1	0.992132	29667.7
1	0.00617588	0.0375932	1124.15
0.839059	1	0.986292	29493.1
1	1	1	29903
0.999997	1	1	29903
0.999988	1	1	29903
0.982132	1	0.999839	29898.2
0.805572	1	0.979739	29297.1
0.735082	1	0.961321	28746.4
0.921995	1	0.996875	29809.6
0.985899	1	0.9999	29900
0.741177	0.000232517	0.00166581	49.8127
0.906864	1.53837e-14	4.59029e-13	1.37263e-08
0.971151	1	0.99958	29890.4
0.999999	1	1	29903
0.331494	1	0.697512	20857.7
0.898248	1	0.994638	29742.7
0.842897	1	0.986957	29513
0.999985	0.192636	0.509893	15247.3
0.999335	1	1	29903
1	0.385312	0.752785	22510.5
0.302443	1	0.664123	19859.3
0.75723	0.803582	0.910776	27234.9
0.00629232	1	0.0381845	1141.83
0.156406	1	0.446585	13354.2
0.518007	1	0.858735	25678.7
0.99793	1	0.999998	29902.9
0.313048	1	0.676622	20233
0.676056	1	0.940718	28130.3
0.999998	0.0010307	0.00811935	242.793
0.809097	0.0482783	0.165724	4955.65
0.714412	0.000190542	0.0013479	40.3063
0.969262	1.33732e-06	1.88678e-05	0.564202
0.989054	0.819102	0.980713	29326.2
0.99813	0.430783	0.792888	23709.7
0.981911	0.081626	0.282436	8445.67
0.994073	0.309163	0.669929	20032.9
0.605188	0.00417659	0.017644	527.609
0.882098	1	0.992759	29686.5
0.257657	1	0.607072	18153.3
0.900294	0.033934	0.137122	4100.37
0.200487	0.802442	0.454822	13600.5
0.982942	1	0.999854	29898.6
0.986928	1	0.999914	29900.4
0.867819	1	0.990852	29629.4
0.986646	2.1662e-35	1.72758e-33	5.16598e-29
0.980929	0.323817	0.681923	20391.5
0.999999	7.03943e-53	8.52372e-51	2.54885e-46
0.913608	1	0.996156	29788
0.810489	1	0.980787	29328.5
0.723099	1.26397e-05	0.000115187	3.44445
0.945276	0.851727	0.97964	29294.2
0.674768	0.624479	0.785544	23490.1
0.735612	2.25428e-05	0.000199111	5.95403
0.993706	1	0.99998	29902.4
0.494504	1	0.842734	25200.3
0.980392	1	0.999806	29897.2
0.344231	1	0.711334	21271
0.308231	4.71253e-08	2.76672e-07	0.00827333
0.81152	0.59544	0.834651	24958.6
0.99999	1.40298e-09	3.00019e-08	0.000897147
0.921905	0.58028	0.869613	26004
0.960379	0.279079	0.620923	18567.4
0.739479	1.12306e-06	1.24582e-05	0.372538
0.913156	1	0.996115	29786.8
0.122881	0.694184	0.295278	8829.68
0.636296	1	0.92396	27629.2
0.975183	1	0.999689	29893.7
0.999998	6.80775e-06	8.78024e-05	2.62556
0.40947	0.13848	0.219438	6561.84
0.306379	1.13153e-05	4.70522e-05	1.407
0.973043	0.000384073	0.00332311	99.371
0.97784	0.472412	0.818708	24481.8
0.973534	0.0214244	0.101576	3037.44
0.989844	1.14795e-05	0.000140732	4.20831
0.243531	0.823988	0.52296	15638.1
0.388444	0.800715	0.674275	20162.8
0.831628	0.0475551	0.167298	5002.71
0.939428	1	0.998127	29847
0.99627	1	0.999993	29902.8
0.997608	0.34611	0.712453	21304.5
0.704099	0.730471	0.856299	25605.9
0.990315	7.51246e-21	3.52251e-19	1.05334e-14
0.978982	0.0643308	0.237112	7090.37
0.917497	0.153331	0.416593	12457.4
0.892449	0.287085	0.605104	18094.4
0.847322	0.111123	0.31663	9468.19
0.852135	0.109938	0.315507	9434.6
0.863193	0.110019	0.318543	9525.4
0.31549	0.146971	0.18877	5644.8
0.589693	1	0.901141	26946.8
0.0922309	1	0.31206	9331.52
0.999997	1.75784e-08	3.31469e-07	0.0099119
0.660385	0.00336541	0.0157998	472.462
0.900581	0.000259435	0.0021873	65.4067
0.939876	1	0.998155	29847.8
0.999998	0.679449	0.942037	28169.7
1	0.360544	0.72835	21779.8
0.998519	1	0.999999	29903
0.275849	1	0.631116	18872.3
0.999988	1	1	29903
0.93257	0.0671829	0.23621	7063.39
0.971181	3.29139e-07	5.10039e-06	0.152517
0.7221	0.33105	0.581152	17378.2
0.908316	0.00220469	0.0144451	431.951
0.880223	0.00557974	0.0310214	927.634
0.716986	1	0.955526	28573.1
0.722374	1	0.957299	28626.1
0.746424	1	0.964724	28848.2
0.999999	1	1	29903
0.652768	1	0.931196	27845.5
0.438133	1	0.799694	23913.3
0.965161	1	0.999386	29884.6
0.74269	0.00097037	0.00593506	177.476
1	1.92658e-18	8.05132e-17	2.40759e-12
0.961687	1	0.999257	29880.8
0.999782	1	1	29903
0.0594138	0.0914744	0.0337771	1010.04
0.780583	0.005235	0.0265617	794.274
0.873292	0.0758727	0.246098	7359.07
0.558256	0.242181	0.405733	12132.6
0.507318	1	0.851593	25465.2
0.793086	1	0.976942	29213.5
0.999998	1	1	29903
0.999968	4.78558e-05	0.000523878	15.6655
0.145026	0.103637	0.078122	2336.08
0.35169	1.75857e-05	8.03604e-05	2.40302
0.743758	1	0.96394	28824.7
0.343748	2.09939e-05	9.26549e-05	2.77066
0.850717	1	0.988257	29551.9
0.999999	1	1	29903
0.36627	0.0225647	0.0479007	1432.37
0.819135	0.0354693	0.131865	3943.15
0.926679	0.00926142	0.0494176	1477.73
0.443357	1	0.803975	24041.3
0.527049	1	0.864604	25854.2
0.801062	1	0.978751	29267.6
0.999914	0	0	0
0.342703	0.00290034	0.00786597	235.216
0.0521479	0.000207287	0.000134418	4.01951
0.977405	1	0.999743	29895.3
0.714379	1	0.954655	28547
0.825883	0.612185	0.850419	25430.1
0.188589	0.0114058	0.015362	459.371
0.992234	1	0.99997	29902.1
0.990462	1	0.999954	29901.6
0.970363	1	0.999556	29889.7
0.992059	1	0.999968	29902.1
0.996948	1	0.999995	29902.9
0.884821	1	0.993096	29696.6
0.963287	1	0.999318	29882.6
0.670718	0.0267608	0.0901077	2694.49
0.475281	0.0219423	0.0580171	1734.88
0.710899	0.0630254	0.183943	5500.45
0.981368	0.00956567	0.0532116	1591.19
0.0490767	0.0926468	0.0290692	869.256
0.788868	1	0.975953	29183.9
0.619614	1	0.916197	27397.1
0.484781	1	0.835791	24992.7
0.902309	1	0.995065	29755.4
0.763104	0.173895	0.400709	11982.4
0.591756	0.560724	0.697862	20868.2
0.71929	1.76913e-24	7.12875e-23	2.13171e-18
1	0.773757	0.972224	29072.4
0.628006	1	0.920158	27515.5
0.387456	0.00573962	0.0158083	472.715
0.901373	0.0848424	0.273075	8165.77
0.989951	0.136443	0.405478	12125
0.997692	0.628924	0.91991	27508.1
0.807311	1	0.980113	29308.3
0.177075	0.658818	0.367304	10983.5
0.089021	1	0.304352	9101.05
0.592129	0.764156	0.811301	24260.3
0.869904	0.069122	0.229169	6852.84
0.930699	0.000943907	0.00706072	211.137
0.999998	0.000144441	0.00142168	42.5126
0.423045	1	0.78698	23533.1
0.999994	0.0570907	0.220547	6595.01
0.847556	0.77424	0.932655	27889.2
0.491379	1	0.840523	25134.2
0.912227	1	0.99603	29784.3
0.999991	0.54861	0.877975	26254.1
0.480546	1	0.832706	24900.4
0.191029	1	0.507245	15168.2
0.371435	1	0.739298	22107.2
0.582778	1	0.897448	26836.4
0.947167	1	0.998579	29860.5
0.471863	1	0.826264	24707.8
0.507509	1	0.851723	25469.1
0.990242	1	0.999952	29901.6
0.0247307	0.00706443	0.00168636	50.4271
0.999945	1.86837e-16	6.95299e-15	2.07915e-10
0.725901	0.309677	0.560316	16755.1
0.999996	7.96043e-29	5.23002e-27	1.56393e-22
0.8061	0.0883021	0.259277	7753.16
0.990403	0.181063	0.487505	14577.9
0.872914	1	0.991559	29650.6
0.999986	0.310421	0.673554	20141.3
0.654888	0.435103	0.64268	19218.1
0.345616	0.223166	0.274757	8216.06
0.29588	1.2759e-05	5.09153e-05	1.52252
0.989997	0.00203322	0.0145092	433.869
0.7808	0.308163	0.583383	17444.9
0.859925	0.302236	0.610105	18244
0.962932	1.89745e-07	3.01755e-06	0.0902337
0.933261	1	0.997722	29834.9
0.919171	1	0.996642	29802.6
0.790271	1	0.976285	29193.8
0.457907	1	0.815573	24388.1
0.937455	1	0.998002	29843.3
0.904709	1	0.995308	29762.7
0.750751	1	0.965977	28885.6
0.625747	1	0.919103	27483.9
0.663309	0.0764571	0.201923	6038.09
0.999998	0.247369	0.592912	17729.8
0.684392	6.52166e-09	9.02822e-08	0.00269971
1	0.708108	0.952518	28483.1
0.941988	0.0200988	0.0940368	2811.98
0.918745	0.00011433	0.00106733	31.9165
0.914029	6.30185e-05	0.000619898	18.5368
0.689706	6.3131e-05	0.00048078	14.3768
0.641374	6.31436e-05	0.000450112	13.4597
0.877131	6.26494e-05	0.000593976	17.7617
0.88808	3.50834e-05	0.000354456	10.5993
0.886882	1.1188e-05	0.000124236	3.71502
0.886404	0.277285	0.590697	17663.6
0.723379	0.00813782	0.0361154	1079.96
0.872653	0.0736514	0.240675	7196.91
0.89668	1	0.994469	29737.6
0.893842	0.741643	0.935444	27972.6
0.951864	0.149374	0.419533	12545.3
0.998296	0.0700132	0.255866	7651.15
0.626454	0.390852	0.589382	17624.3
0.813782	0.00073386	0.00503038	150.423
1	3.0442e-08	5.57316e-07	0.0166654
0.923922	0.150103	0.412661	12339.8
0.727148	1	0.958836	28672.1
0.419992	1	0.784344	23454.2
0.932579	1	0.997674	29833.5
0.486253	1	0.836854	25024.5
0.805116	1	0.97964	29294.2
0.976888	1	0.999731	29895
0.93489	1	0.997833	29838.2
0.921584	0.000108237	0.00101872	30.4629
0.970166	1	0.99955	29889.6
0.123734	1	0.382291	11431.6
0.777718	0.303981	0.57736	17264.8
0.995516	1	0.99999	29902.7
0.574302	0.756229	0.796518	23818.3
0.338651	0.499762	0.469893	14051.2
0.980049	0.0053804	0.032931	984.736
0.878536	0.609197	0.869762	26008.5
0.567076	0.0382523	0.10479	3133.53
0.0930098	1	0.313913	9386.94
0.911625	0.291442	0.617837	18475.2
0.420084	0.355826	0.433574	12965.2
0.619168	1	0.915984	27390.7
1	3.7528e-14	1.19766e-12	3.58135e-08
0.999982	0.506738	0.851193	25453.2
0.999921	0.150496	0.435485	13022.3
0.839653	1	0.986396	29496.2
0.981629	1	0.99983	29897.9
0.898508	0.292509	0.614026	18361.2
0.997416	2.75338e-05	0.000315894	9.44618
0.996067	1	0.999992	29902.8
0.967226	0.396809	0.751344	22467.4
0.922907	0.146545	0.405831	12135.6
0.502296	1	0.84816	25362.5
0.853043	1	0.98863	29563
0.999993	0.0255366	0.119195	3564.29
0.0777313	1	0.276296	8262.07
0.796544	1	0.977736	29237.2
0.738381	1	0.962328	28776.5
0.959926	1.87268e-24	1.00084e-22	2.99282e-18
0.99352	1	0.999979	29902.4
0.952591	1	0.998858	29868.9
0.90702	1	0.995537	29769.5
0.994569	1	0.999985	29902.6
0.419385	1	0.783816	23438.5
0.109609	1	0.351937	10524
0.854259	1	0.988823	29568.8
0.664617	0.144941	0.321741	9621.03
0.932237	1	0.99765	29832.7
0.661569	0.00267784	0.0129961	388.622
0.903002	1	0.995136	29757.5
0.954786	0.0434081	0.173382	5184.64
1	0.000700073	0.00578563	173.008
0.951096	0.103754	0.32721	9784.55
0.524604	1	0.863032	25807.2
0.858322	1	0.989453	29587.6
0.421109	1	0.785311	23483.2
0.228546	1	0.565884	16921.6
0.471006	1	0.825619	24688.5
0.40408	1	0.770234	23032.3
0.318551	1	0.682964	20422.7
0.513788	1	0.855942	25595.2
0.590546	1	0.901591	26960.3
0.210237	1	0.538105	16091
0.583563	1	0.897872	26849.1
0.167281	1	0.466393	13946.5
0.22302	1	0.55766	16675.7
0.307612	1	0.67026	20042.8
0.253534	1	0.601447	17985.1
0.2045	1	0.52908	15821.1
0.044301	1	0.182376	5453.59
0.0922816	1	0.31218	9335.13
0.294025	1	0.653938	19554.7
0.429503	1	0.792488	23697.8
0.529019	1	0.865862	25891.9
0.413799	1	0.778925	23292.2
0.450128	1	0.809431	24204.4
0.53767	1	0.8713	26054.5
0.78748	1	0.975623	29174
0.66077	1	0.93456	27946.1
0.729786	1	0.959672	28697.1
0.267603	1	0.620371	18551
0.835726	1	0.985701	29475.4
0.47568	0.39635	0.503101	15044.2
1	0.693297	0.947249	28325.6
0.0634775	1	0.238489	7131.55
0.802389	1	0.979044	29276.4
0.974501	1.31231e-21	6.28023e-20	1.87798e-15
0.971945	0.773009	0.966141	28890.5
0.978848	8.02003e-13	2.26664e-11	6.77795e-07
0.57108	1.40467e-22	4.16147e-21	1.24441e-16
0.782738	0.190196	0.432426	12930.8
0.701254	1	0.950119	28411.4
0.916394	0.415543	0.748456	22381.1
0.910186	1	0.99584	29778.6
0.59549	1	0.904175	27037.5
0.982909	1	0.999853	29898.6
0.641084	0.522131	0.701069	20964.1
0.024768	1	0.116365	3479.66
0.00282023	1	0.0193777	579.45
0.812534	1	0.981214	29341.2
0.848082	1	0.987827	29539
0.978804	1	0.999774	29896.2
0.980372	1	0.999806	29897.2
0.703005	0.00809915	0.0351212	1050.23
0.736146	0.00697084	0.0321869	962.486
0.0303016	8.11178e-12	7.38242e-12	2.20757e-07
0.0940666	8.10248e-12	2.20288e-11	6.58727e-07
0.0353648	2.74736e-14	3.45574e-14	1.03337e-09
0.112595	3.37964e-13	1.21388e-12	3.62988e-08
0.040821	1.71747e-13	2.35505e-13	7.04231e-09
0.0218168	1.37662e-14	1.10348e-14	3.29973e-10
0.0108628	1.13953e-12	4.08774e-13	1.22236e-08
0.0417562	8.75854e-14	1.25231e-13	3.74479e-09
0.167981	2.54435e-12	1.26003e-11	3.76786e-07
0.332886	1.77775e-09	1.31661e-08	0.000393704
0.449769	5.15622e-06	3.24079e-05	0.969095
0.798604	1	0.978202	29251.2
0.651002	4.39901e-05	0.00032821	9.81447
0.505146	0.000930659	0.00407242	121.777
0.817159	1	0.982161	29369.6
0.220703	1	0.554172	16571.4
0.683403	0.0435617	0.13439	4018.66
0.370178	0.0339273	0.0675344	2019.48
0.49986	0.0526162	0.121987	3647.78
0.38827	0.0525993	0.0998896	2987
0.341773	0.052679	0.0903301	2701.14
0.538637	0.0527137	0.12952	3873.03
0.758159	0.0248607	0.0937014	2801.95
0.857486	0.0474693	0.171016	5113.89
0.876512	0.337149	0.655758	19609.1
0.906884	0.150127	0.407628	12189.3
0.90682	0.0652839	0.226551	6774.54
0.723637	0.139923	0.333136	9961.77
0.443922	0.357603	0.450914	13483.7
0.856344	1	0.989148	29578.5
0.815564	0.772291	0.921014	27541.1
0.802427	0.771521	0.915946	27389.5
0.253394	0.00960093	0.0170752	510.6
1	9.48165e-08	1.62812e-06	0.0486858
0.999992	1.80065e-19	7.95177e-18	2.37782e-13
0.584411	1	0.898328	26862.7
0.00576106	0.915764	0.0329452	985.161
0.850936	1	0.988293	29552.9
0.966262	0.850048	0.983	29394.7
0.0735164	0.0216555	0.0118491	354.324
0.146429	0.283192	0.173452	5186.72
0.0699938	0.418693	0.132755	3969.76
0.576323	1	0.893927	26731.1
0.948043	6.3676e-06	7.85844e-05	2.34991
0.772151	0.404591	0.675875	20210.7
0.999982	1.34373e-18	5.66385e-17	1.69366e-12
0.472239	1	0.826546	24716.2
0.702116	1	0.950424	28420.5
0.656914	1	0.932951	27898
0.530661	0.0304997	0.0829268	2479.76
0.96486	0.557603	0.87151	26060.8
0.28257	1	0.63969	19128.7
0.199001	1	0.520278	15557.9
0.548273	1	0.877775	26248.1
0.569589	1	0.890177	26619
0.0174192	1	0.0879701	2630.57
0.0229399	1	0.109535	3275.43
0.00750791	1	0.0442351	1322.76
0.313761	1	0.677448	20257.7
0.288016	1	0.646521	19332.9
0.250521	1	0.597296	17860.9
0.0457583	1.80787e-06	1.43179e-06	0.0428147
0.125818	2.0473e-05	3.57256e-05	1.0683
0.000214769	2.97963e-06	1.41871e-08	0.000424236
0.764214	0.665339	0.852368	25488.4
0.000418514	2.95344e-06	2.65892e-08	0.000795096
0.0336768	4.72386e-07	3.01567e-07	0.00901776
0.215478	4.72386e-07	1.74063e-06	0.0520499
0.0336768	4.72386e-07	3.01567e-07	0.00901776
0.0336768	4.72386e-07	3.01567e-07	0.00901776
0.00254631	4.72386e-07	2.59075e-08	0.000774711
0.0336768	4.72386e-07	3.01567e-07	0.00901776
0.999994	0.00291134	0.019911	595.398
1	0.000178557	0.00171961	51.4214
0.512172	1	0.854863	25563
0.997703	0.789724	0.975725	29177.1
0.557106	1	0.883013	26404.7
0.959914	0.0132771	0.0683458	2043.75
0.977519	1	0.999745	29895.4
0.936755	1	0.997956	29841.9
0.81467	0.0002037	0.00161034	48.1539
0.376577	0.000170227	0.000683025	20.4245
0.999994	0.000558097	0.00473876	141.703
0.978542	0.0320424	0.139917	4183.95
4.80156e-06	0.878483	5.64217e-05	1.68718
0.0178386	0.639982	0.0624786	1868.3
0.955936	8.53595e-09	1.60129e-07	0.00478833
0.0509777	0.000623546	0.000360987	10.7946
0.947758	0.138313	0.397443	11884.7
0.969243	0.30548	0.656451	19629.9
0.461307	0.726712	0.701624	20980.7
0.805803	0.264958	0.543176	16242.6
0.487797	1	0.837965	25057.7
0.833157	1	0.985236	29461.5
0.179984	1	0.488636	14611.7
0.993143	0.000129335	0.00127934	38.2562
0.922919	0.00256461	0.0166778	498.715
0.989445	1	0.999944	29901.3
0.501811	1	0.847826	25352.5
0.810543	1	0.980798	29328.8
0.999691	1	1	29903
0.766159	0.89114	0.943307	28207.7
0.923771	1	0.997018	29813.8
0.99999	0.617242	0.915054	27362.9
0.153532	1	0.441226	13194
0.993164	1	0.999977	29902.3
1	0.774354	0.972377	29077
1	0.774374	0.972382	29077.1
0.655567	1	0.932383	27881.1
0.999886	0	0	0
0.937048	0.00842371	0.0461112	1378.86
0.994919	1	0.999987	29902.6
0.959082	0.528784	0.851477	25461.7
0.786106	1	0.975293	29164.2
0.605082	1	0.90907	27183.9
0.986909	1.36916e-13	4.1392e-12	1.23774e-07
0.99901	0.58046	0.895879	26789.5
0.98825	0.5805	0.892464	26687.4
0.996718	0.0390867	0.165389	4945.62
0.996497	0.0502099	0.199888	5977.26
0.999993	0.0986431	0.327123	9781.97
0.94736	0.107748	0.335018	10018
0.999969	0.0512199	0.203422	6082.92
0.596001	1	0.904439	27045.4
0.254678	1	0.603015	18032
0.263213	1	0.614547	18376.8
1.35601e-07	1.1752e-14	7.79076e-20	2.32967e-15
0.462402	1.26334e-08	1.1659e-07	0.0034864
0.432098	0.368513	0.451807	13510.4
1	0.34858	0.715944	21408.9
0.580634	1	0.896287	26801.7
0.00119515	1.41495e-06	3.58471e-08	0.00107194
0.0175635	1.31028e-05	3.74758e-06	0.112064
0.00365853	1.33716e-07	1.09768e-08	0.00032824
0.717734	1	0.955775	28580.5
0.00779534	3.48872e-07	5.63572e-08	0.00168525
0.000182188	1.3592e-07	6.29516e-10	1.88244e-05
0.000826085	2.52409e-07	4.85644e-09	0.000145222
0.00134974	2.55715e-07	7.86495e-09	0.000235186
0.000753344	2.51074e-07	4.42383e-09	0.000132286
0.0007373	7.95618e-07	1.30559e-08	0.000390412
0.00562944	1.34493e-07	1.66578e-08	0.000498119
0.000592266	7.23793e-08	1.06625e-09	3.1884e-05
0.00300666	1.35867e-06	8.29918e-08	0.0024817
0.000193079	0.212606	0.000455683	13.6263
0.00105719	0.187193	0.00188552	56.3827
0.00075315	0.117484	0.000914265	27.3393
0.00702482	0.0989334	0.00574868	171.903
0.0142757	0.100982	0.0108724	325.118
0.0044955	0.106947	0.004154	124.217
0.0431131	0.106911	0.0294057	879.319
0.11114	0.263384	0.132637	3966.24
0.364648	0.22571	0.287847	8607.48
0.0726982	0.0968288	0.0419277	1253.76
0.011907	0.115344	0.0104248	311.733
0.254587	0.0139474	0.0235794	705.096
0.533455	0.0139474	0.043904	1312.86
0.156901	0.00598489	0.00748473	223.816
0.532464	0.849417	0.811147	24255.7
0.972576	0.312532	0.665935	19913.5
0.888125	0.125775	0.356549	10661.9
0.999989	1	1	29903
0.999969	0.00134761	0.0102542	306.633
0.840924	6.34731e-18	2.17624e-16	6.5076e-12
0.999546	3.01982e-05	0.00034435	10.2971
0.477083	0.00036729	0.00169085	50.5614
0.523609	1	0.862389	25788
0.913009	1	0.996102	29786.4
0.982555	0.78901	0.972604	29083.8
0.81603	0.166748	0.407475	12184.7
0.929316	0.527766	0.83987	25114.6
0.711432	0.0816084	0.223312	6677.69
0.999996	6.57043e-13	1.90877e-11	5.70779e-07
0.999865	0.215662	0.546452	16340.6
0.32676	0.302718	0.327756	9800.9
0.628125	1	0.920213	27517.1
1	0.695883	0.948192	28353.8
0.0221089	1	0.106383	3181.17
0.905883	1	0.995425	29766.2
0.964204	1	0.999352	29883.6
0.970781	1	0.999569	29890.1
0.994976	0.599993	0.904944	27060.5
0.264752	0.378908	0.330987	9897.52
0.784423	0.365171	0.644565	19274.4
0.922561	1	0.996921	29810.9
0.664738	1	0.936192	27994.9
0.284894	1	0.642617	19216.2
0.95636	1	0.999034	29874.1
0.975459	0.643537	0.920036	27511.8
0.999996	0.201852	0.524858	15694.8
0.398868	1	0.765478	22890.1
0.886378	0.850483	0.966859	28912
0.943155	0.240881	0.563876	16861.6
0.999984	1	1	29903
0.942973	0.100405	0.317862	9505.02
0.964359	0.095256	0.311177	9305.13
0.859093	0.0778202	0.247712	7407.34
0.763779	0.076772	0.224954	6726.79
0.836386	0.0827912	0.254138	7599.48
0.814448	0.0827807	0.249241	7453.05
0.760852	0.0795775	0.23034	6887.86
0.999977	0.500863	0.847163	25332.7
0.644936	0.594248	0.750815	22451.6
0.753122	0.00215669	0.0120563	360.521
0.996889	0.435988	0.796792	23826.5
0.999972	0.657224	0.933073	27901.7
0.999771	1.9301e-12	5.39797e-11	1.61415e-06
0.959627	0.00178062	0.0125968	376.682
0.919345	1	0.996656	29803
0.769752	1	0.971186	29041.4
0.475229	1	0.828779	24783
0.257328	1	0.606626	18139.9
0.385557	1	0.753018	22517.5
0.334997	0.000203902	0.000723471	21.6339
0.999476	0.0124136	0.0668678	1999.55
0.98845	0.175181	0.476799	14257.7
0.999956	1.57253e-22	8.05166e-21	2.40769e-16
0.667549	1	0.937334	28029.1
0.612827	1	0.912912	27298.8
1	9.74092e-07	1.44572e-05	0.432315
0.976394	0.0180401	0.0887592	2654.17
0.512462	0.369416	0.504394	15082.9
0.698646	0.348995	0.587935	17581
0.983728	0.0642052	0.237614	7105.39
0.443877	0.12588	0.217054	6490.58
0.589755	0.0146672	0.0497395	1487.36
0.999984	1.73751e-34	1.36802e-32	4.09079e-28
0.731793	0.240895	0.482255	14420.9
0.169623	0.726457	0.381224	11399.7
5.43295e-300	9.30383e-27	3.95252516672997e-323	1.18191865995081e-318
0.922364	0.860244	0.977028	29216.1
0.952454	0.77735	0.962935	28794.6
0.981234	1	0.999823	29897.7
0.213634	0.770601	0.461625	13804
1	0.11871	0.37169	11114.6
0.722372	1	0.957298	28626.1
0.99551	0.452197	0.809462	24205.3
1	1	1	29903
0.283943	0.8441	0.582046	17404.9
0.471216	1	0.825777	24693.2
0.893915	1	0.994163	29728.4
0.831504	1	0.984933	29452.4
0.477706	1	0.830616	24837.9
0.412634	1	0.777895	23261.4
0.326681	0.257654	0.292486	8746.2
0.908689	1	0.995698	29774.4
0.902377	0.844117	0.96904	28977.2
0.226838	1	0.563357	16846.1
0.629244	1	0.920732	27532.7
0.999998	0.000973517	0.00772445	230.984
0.936722	0.296871	0.633987	18958.1
0.8618	0.393828	0.706149	21116
0.982246	0.847058	0.985027	29455.3
0.999996	4.68649e-06	6.21934e-05	1.85977
0.95226	1	0.998842	29868.4
0.801423	1	0.978831	29270
0.831911	0.0695495	0.222742	6660.67
0.538819	1	0.872011	26075.8
0.999999	0.108126	0.348649	10425.6
0.999931	0.213559	0.543237	16244.4
0.896314	1	0.994429	29736.4
0.220402	1	0.553716	16557.8
0.535876	0.782097	0.783575	23431.2
0.548086	0.000215357	0.0011856	35.453
0.997469	7.37869e-12	1.96034e-10	5.86199e-06
0.536493	1.99237e-16	4.03772e-15	1.2074e-10
0.782016	1	0.974298	29134.4
1	0.870597	0.991241	29641.1
0.725733	0.0459503	0.146755	4388.42
0.999899	0.123072	0.380881	11389.5
0.999959	0.273004	0.627422	18761.8
0.968259	0.0561193	0.212599	6357.35
0.863836	0.0562316	0.195497	5845.94
0.756398	0.0562316	0.176831	5287.79
0.996546	0.0562316	0.217522	6504.57
0.968301	0.0562316	0.212922	6367.02
0.998617	0.0562316	0.217858	6514.6
0.996546	0.0562316	0.217522	6504.57
0.921957	0.0562316	0.205274	6138.32
0.890441	0.0562316	0.199999	5980.57
0.986833	0.0562316	0.215946	6457.42
0.999952	0.316911	0.681066	20365.9
0.99997	0.0461972	0.188242	5628.99
0.999971	0.071911	0.261199	7810.62
0.982902	0.292812	0.646258	19325.1
0.958808	0.0428873	0.172347	5153.69
0.98818	0.106859	0.34299	10256.4
0.999819	0.000779979	0.00636069	190.204
0.999843	0.000716452	0.00590361	176.536
0.999824	0.000716685	0.0059052	176.583
0.0609505	0.272605	0.0846957	2532.65
0.433696	0.016328	0.0421363	1260
0.439785	1.16991e-05	6.77993e-05	2.0274
0.9986	1.93893e-06	2.74067e-05	0.819542
1	0.00308699	0.0209315	625.915
0.398709	0.101758	0.170592	5101.21
0.291009	1	0.650231	19443.9
1	4.60734e-06	6.12217e-05	1.83071
0.878098	0.678007	0.904105	27035.5
0.506232	0.415204	0.538031	16088.8
0.591675	0.293695	0.477875	14289.9
0.53633	0.416027	0.557821	16680.5
0.21874	0.41609	0.309154	9244.65
0.324828	0.13701	0.18301	5472.55
0.115466	0.137062	0.0814423	2435.37
0.153439	0.0909092	0.0735439	2199.18
1	1	1	29903
0.876555	0.242254	0.541389	16189.2
0.781743	0.715048	0.884108	26437.5
0.475953	0.198511	0.317397	9491.13
0.773949	0.0191363	0.0771986	2308.47
0.410476	0.101658	0.174281	5211.52
0.107903	0.104497	0.0618478	1849.43
0.999997	0.00226462	0.0160569	480.15
0.330548	1	0.696466	20826.4
0.526452	1	0.864221	25842.8
0.77969	1	0.973723	29117.2
0.999954	1	1	29903
