
SUMMARISING RUN PARAMETERS
==========================
Input filename: SC2267/host_removal/SC2267_R1.fastq.gz
Trimming mode: paired-end
Trim Galore version: 0.6.4_dev
Cutadapt version: 4.1
Python version: could not detect
Number of cores used for trimming: 2
Quality Phred score cutoff: 20
Quality encoding type selected: ASCII+33
Using Illumina adapter for trimming (count: 7829). Second best hit was Nextera (count: 0)
Adapter sequence: 'AGATCGGAAGAGC' (Illumina TruSeq, Sanger iPCR; auto-detected)
Maximum trimming error rate: 0.1 (default)
Minimum required adapter overlap (stringency): 1 bp
Minimum required sequence length for both reads before a sequence pair gets removed: 20 bp
Running FastQC on the data once trimming has completed
Output file will be GZIP compressed


This is cutadapt 4.1 with Python 3.9.13
Command line parameters: -j 2 -e 0.1 -q 20 -O 1 -a AGATCGGAAGAGC SC2267/host_removal/SC2267_R1.fastq.gz
Processing single-end reads on 2 cores ...
Finished in 17.46 s (37 µs/read; 1.61 M reads/minute).

=== Summary ===

Total reads processed:                 469,816
Reads with adapters:                   166,163 (35.4%)
Reads written (passing filters):       469,816 (100.0%)

Total basepairs processed:   117,923,816 bp
Quality-trimmed:               1,257,326 bp (1.1%)
Total written (filtered):    115,292,839 bp (97.8%)

=== Adapter 1 ===

Sequence: AGATCGGAAGAGC; Type: regular 3'; Length: 13; Trimmed: 166163 times

Minimum overlap: 1
No. of allowed errors:
1-9 bp: 0; 10-13 bp: 1

Bases preceding removed adapters:
  A: 34.2%
  C: 20.1%
  G: 11.9%
  T: 31.5%
  none/other: 2.3%

Overview of removed sequences
length	count	expect	max.err	error counts
1	107051	117454.0	0	107051
2	37536	29363.5	0	37536
3	4389	7340.9	0	4389
4	1351	1835.2	0	1351
5	73	458.8	0	73
6	139	114.7	0	139
7	3162	28.7	0	3162
8	62	7.2	0	62
9	183	1.8	0	183
10	129	0.4	1	124 5
11	48	0.1	1	46 2
12	117	0.0	1	109 8
13	45	0.0	1	43 2
14	40	0.0	1	37 3
15	43	0.0	1	41 2
16	27	0.0	1	21 6
17	46	0.0	1	41 5
18	37	0.0	1	33 4
19	27	0.0	1	23 4
20	41	0.0	1	41
21	41	0.0	1	39 2
22	42	0.0	1	36 6
23	68	0.0	1	63 5
24	359	0.0	1	343 16
25	110	0.0	1	103 7
26	34	0.0	1	29 5
27	42	0.0	1	38 4
28	78	0.0	1	67 11
29	28	0.0	1	20 8
30	65	0.0	1	59 6
31	12	0.0	1	10 2
32	56	0.0	1	55 1
33	23	0.0	1	20 3
34	107	0.0	1	101 6
35	11	0.0	1	10 1
36	39	0.0	1	34 5
37	121	0.0	1	115 6
38	39	0.0	1	36 3
39	70	0.0	1	66 4
40	18	0.0	1	14 4
41	102	0.0	1	96 6
42	64	0.0	1	61 3
43	96	0.0	1	94 2
44	13	0.0	1	11 2
45	31	0.0	1	30 1
46	21	0.0	1	21
47	37	0.0	1	35 2
48	20	0.0	1	18 2
49	39	0.0	1	33 6
50	19	0.0	1	18 1
51	43	0.0	1	39 4
52	43	0.0	1	40 3
53	32	0.0	1	30 2
54	70	0.0	1	59 11
55	46	0.0	1	44 2
56	13	0.0	1	11 2
57	35	0.0	1	32 3
58	26	0.0	1	23 3
59	39	0.0	1	38 1
60	32	0.0	1	28 4
61	20	0.0	1	19 1
62	24	0.0	1	24
63	29	0.0	1	29
64	27	0.0	1	25 2
65	27	0.0	1	25 2
66	27	0.0	1	24 3
67	24	0.0	1	20 4
68	24	0.0	1	23 1
69	43	0.0	1	36 7
70	41	0.0	1	38 3
71	66	0.0	1	55 11
72	92	0.0	1	68 24
73	165	0.0	1	116 49
74	259	0.0	1	156 103
75	575	0.0	1	297 278
76	1290	0.0	1	952 338
77	976	0.0	1	719 257
78	620	0.0	1	428 192
79	338	0.0	1	212 126
80	252	0.0	1	158 94
81	158	0.0	1	95 63
82	125	0.0	1	82 43
83	118	0.0	1	83 35
84	87	0.0	1	47 40
85	89	0.0	1	54 35
86	64	0.0	1	40 24
87	61	0.0	1	42 19
88	58	0.0	1	26 32
89	60	0.0	1	38 22
90	46	0.0	1	23 23
91	42	0.0	1	25 17
92	54	0.0	1	31 23
93	42	0.0	1	27 15
94	225	0.0	1	203 22
95	55	0.0	1	40 15
96	51	0.0	1	39 12
97	39	0.0	1	25 14
98	41	0.0	1	22 19
99	16	0.0	1	9 7
100	30	0.0	1	17 13
101	23	0.0	1	8 15
102	21	0.0	1	13 8
103	32	0.0	1	16 16
104	20	0.0	1	12 8
105	27	0.0	1	19 8
106	26	0.0	1	14 12
107	23	0.0	1	16 7
108	31	0.0	1	17 14
109	21	0.0	1	10 11
110	15	0.0	1	13 2
111	23	0.0	1	13 10
112	15	0.0	1	10 5
113	28	0.0	1	17 11
114	30	0.0	1	19 11
115	23	0.0	1	10 13
116	14	0.0	1	9 5
117	25	0.0	1	12 13
118	15	0.0	1	6 9
119	16	0.0	1	7 9
120	25	0.0	1	9 16
121	12	0.0	1	5 7
122	15	0.0	1	3 12
123	21	0.0	1	9 12
124	16	0.0	1	6 10
125	19	0.0	1	6 13
126	13	0.0	1	6 7
127	33	0.0	1	22 11
128	17	0.0	1	7 10
129	24	0.0	1	10 14
130	22	0.0	1	3 19
131	19	0.0	1	10 9
132	16	0.0	1	3 13
133	20	0.0	1	10 10
134	18	0.0	1	11 7
135	15	0.0	1	5 10
136	23	0.0	1	7 16
137	18	0.0	1	4 14
138	11	0.0	1	2 9
139	15	0.0	1	4 11
140	22	0.0	1	7 15
141	33	0.0	1	25 8
142	12	0.0	1	4 8
143	11	0.0	1	4 7
144	19	0.0	1	4 15
145	16	0.0	1	7 9
146	19	0.0	1	8 11
147	24	0.0	1	13 11
148	14	0.0	1	5 9
149	22	0.0	1	6 16
150	14	0.0	1	3 11
151	21	0.0	1	6 15
152	18	0.0	1	9 9
153	30	0.0	1	16 14
154	28	0.0	1	14 14
155	21	0.0	1	7 14
156	37	0.0	1	31 6
157	24	0.0	1	12 12
158	26	0.0	1	10 16
159	21	0.0	1	15 6
160	43	0.0	1	31 12
161	32	0.0	1	20 12
162	39	0.0	1	20 19
163	36	0.0	1	18 18
164	21	0.0	1	11 10
165	16	0.0	1	3 13
166	26	0.0	1	13 13
167	36	0.0	1	22 14
168	32	0.0	1	21 11
169	21	0.0	1	16 5
170	23	0.0	1	9 14
171	19	0.0	1	8 11
172	29	0.0	1	19 10
173	18	0.0	1	7 11
174	18	0.0	1	10 8
175	33	0.0	1	21 12
176	15	0.0	1	8 7
177	11	0.0	1	1 10
178	12	0.0	1	5 7
179	15	0.0	1	3 12
180	18	0.0	1	12 6
181	13	0.0	1	4 9
182	9	0.0	1	5 4
183	11	0.0	1	6 5
184	12	0.0	1	2 10
185	25	0.0	1	21 4
186	11	0.0	1	5 6
187	9	0.0	1	4 5
188	8	0.0	1	1 7
189	12	0.0	1	3 9
190	6	0.0	1	4 2
191	5	0.0	1	0 5
192	13	0.0	1	5 8
193	6	0.0	1	2 4
194	11	0.0	1	3 8
195	8	0.0	1	2 6
196	6	0.0	1	4 2
197	9	0.0	1	4 5
198	5	0.0	1	2 3
199	7	0.0	1	2 5
200	11	0.0	1	6 5
201	4	0.0	1	0 4
202	4	0.0	1	2 2
203	5	0.0	1	3 2
204	5	0.0	1	0 5
205	2	0.0	1	0 2
206	2	0.0	1	1 1
207	7	0.0	1	3 4
208	4	0.0	1	4
209	4	0.0	1	3 1
210	3	0.0	1	1 2
211	6	0.0	1	1 5
212	9	0.0	1	5 4
213	7	0.0	1	5 2
214	13	0.0	1	8 5
215	3	0.0	1	2 1
216	5	0.0	1	3 2
217	3	0.0	1	2 1
218	3	0.0	1	2 1
219	1	0.0	1	0 1
221	1	0.0	1	1
222	4	0.0	1	2 2
223	1	0.0	1	1
224	1	0.0	1	1
225	1	0.0	1	0 1
226	4	0.0	1	2 2
227	9	0.0	1	6 3
228	3	0.0	1	1 2
229	5	0.0	1	2 3
230	3	0.0	1	1 2
231	4	0.0	1	3 1
232	4	0.0	1	2 2
233	1	0.0	1	0 1
234	4	0.0	1	1 3
235	2	0.0	1	1 1
236	2	0.0	1	1 1
238	4	0.0	1	2 2
239	3	0.0	1	2 1
240	6	0.0	1	2 4
241	5	0.0	1	4 1
242	3	0.0	1	0 3
243	3	0.0	1	1 2
244	8	0.0	1	1 7
245	7	0.0	1	1 6
246	4	0.0	1	0 4
247	11	0.0	1	1 10
248	13	0.0	1	0 13
249	21	0.0	1	0 21
250	53	0.0	1	0 53
251	831	0.0	1	0 831

RUN STATISTICS FOR INPUT FILE: SC2267/host_removal/SC2267_R1.fastq.gz
=============================================
469816 sequences processed in total

