ks_quality_p_value	fisher_strand_p_value	bias_p_value	bias_e_value
1	0.791089	0.976476	29199.6
0.916788	1	0.996438	29796.5
0.764809	0.260936	0.521189	15585.1
0.759164	1	0.968342	28956.3
0.995874	1	0.999991	29902.7
0.677835	0.0848985	0.221853	6634.07
1	0.238546	0.580428	17356.5
1	1	1	29903
0.881065	1	0.992629	29682.6
0.884999	1	0.993118	29697.2
0.536054	0.0157966	0.0488718	1461.41
0.99755	1	0.999997	29902.9
0.557148	1	0.883038	26405.5
0.620411	1	0.916578	27408.4
0.0768546	1	0.274051	8194.95
0.644861	5.86503e-20	1.72924e-18	5.17096e-14
0.166402	1.0985e-20	8.91133e-20	2.66475e-15
0.650669	1.0985e-20	3.38707e-19	1.01283e-14
0.00539282	1	0.0335578	1003.48
0.827417	0.597001	0.842357	25189
0.833427	0.176449	0.428956	12827.1
1	0.270509	0.624186	18665
1	0.281471	0.638299	19087.1
1	1	1	29903
0.988935	1	0.999939	29901.2
0.963873	1	0.999339	29883.2
0.999474	1	1	29903
0.756731	1	0.967668	28936.2
0.837127	1	0.985951	29482.9
0.771263	1	0.97158	29053.2
0.759656	1	0.968478	28960.4
0.215295	1	0.545934	16325.1
0.674977	1	0.940295	28117.6
0.997942	1	0.999998	29902.9
0.880404	1	0.992545	29680.1
0.848878	1	0.987958	29542.9
0.755988	1	0.96746	28930
0.66527	1	0.936409	28001.4
0.887548	1	0.993426	29706.4
0.829806	1	0.984617	29443
0.325849	1	0.691231	20669.9
0.866816	1	0.990709	29625.2
1	1	1	29903
0.995577	1	0.99999	29902.7
0.986908	0.0912252	0.30679	9173.93
0.999728	0.053194	0.209212	6256.08
0.992552	1	0.999972	29902.2
0.985023	1	0.999887	29899.6
0.949856	1	0.998721	29864.8
0.136121	1	0.407576	12187.7
0.9987	1	0.999999	29903
1	0.268536	0.621599	18587.7
0.663338	0.851159	0.88735	26534.4
0.895544	0.87018	0.973622	29114.2
0.973686	0.054874	0.209947	6278.05
0.514184	0.611645	0.678302	20283.3
1	5.83657e-05	0.000627361	18.76
0.778542	0.0554595	0.17886	5348.46
1	0.0354806	0.153942	4603.33
0.995735	2.06695e-10	4.79629e-09	0.000143423
0.665321	1	0.93643	28002.1
1	1	1	29903
0.899669	1	0.99479	29747.2
0.0726012	1	0.263018	7865.02
0.9441	1	0.998408	29855.4
0.673622	0.32553	0.552023	16507.1
0.977738	1	0.99975	29895.5
0.934736	1	0.997822	29837.9
0.987239	1	0.999918	29900.6
0.975108	1	0.999688	29893.7
0.979431	1	0.999787	29896.6
0.982458	1	0.999845	29898.4
0.286888	1	0.645114	19290.9
0.960538	1	0.999211	29879.4
0.993907	1	0.999981	29902.4
0.887003	0.624828	0.88132	26354.1
0.997134	1	0.999996	29902.9
0.999992	0.274212	0.628999	18809
0.999996	0.626778	0.919584	27498.3
0.867025	0.612468	0.867135	25929.9
2.76905e-13	0	0	0
0.869064	0.253858	0.554045	16567.6
0.783049	0.0339519	0.123023	3678.77
1	0.0176352	0.0888438	2656.7
1	0.0175542	0.0885163	2646.9
0.91169	0.132702	0.376511	11258.8
0.999993	0.13241	0.400121	11964.8
0.827984	0.256564	0.541516	16192.9
0.951726	0.0617965	0.225454	6741.76
0.282236	1	0.639267	19116
0.980869	1	0.999816	29897.5
0.647221	0.000354583	0.00215257	64.3682
0.999996	0.0467832	0.190044	5682.87
0.942709	0.682316	0.927055	27721.7
0.231903	0.00653864	0.0113595	339.684
0.894797	0.0223545	0.0982514	2938.01
0.910986	0.0314147	0.13032	3896.95
0.820919	1	0.982912	29392
0.642646	1	0.926799	27714.1
0.607898	1	0.910478	27226
0.999997	1	1	29903
0.00905259	0.335342	0.0206347	617.04
0.523803	0.597977	0.676824	20239.1
0.237841	0.22988	0.213579	6386.66
0.897741	0.0949278	0.295077	8823.7
0.867279	1	0.990775	29627.1
0.119149	0.609044	0.262928	7862.35
0.688525	0.0578601	0.168234	5030.69
0.296014	1.07607e-13	1.02178e-12	3.05542e-08
0.954736	9.45539e-08	1.55456e-06	0.0464859
0.923709	0.366111	0.704827	21076.5
0.1864	2.88071e-05	7.05287e-05	2.10902
0.153169	1	0.440548	13173.7
0.263492	0.00393296	0.00815786	243.945
0.999992	0.000139452	0.00137747	41.1905
0.581404	0.000606387	0.00315548	94.3584
0.572801	0.000604799	0.00310672	92.9003
0.35623	0.000639453	0.00213831	63.9418
0.767082	0.000603369	0.00401653	120.106
0.152961	0.127278	0.0961545	2875.31
0.00156629	0.396376	0.0052054	155.657
0.756317	1	0.967552	28932.7
0.45025	1	0.809528	24207.3
0.287356	0.403444	0.365737	10936.6
0.460517	1	0.817605	24448.8
0.713007	0.623484	0.804942	24070.2
0.999944	0.628435	0.920341	27521
0.984669	0.635055	0.918902	27477.9
0.916565	4.26524e-13	1.15601e-11	3.45682e-07
0.784182	3.3545e-10	6.06568e-09	0.000181382
0.418581	1	0.783117	23417.6
0.975376	1	0.999694	29893.9
0.984969	0.0648443	0.239569	7163.84
0.776661	0.0290989	0.10825	3236.99
0.738221	0.301609	0.557111	16659.3
0.617465	0.000342658	0.00200173	59.8578
0.907082	1.80076e-94	3.54378e-92	1.0597e-87
0.681131	0.00620332	0.0273235	817.053
0.648794	9.96788e-13	1.87979e-11	5.62112e-07
0.837934	9.35998e-15	2.62579e-13	7.85189e-09
0.994168	3.71768e-06	4.99265e-05	1.49295
1	1	1	29903
0.0201447	0.000403256	0.000103337	3.09008
0.542582	0.638905	0.713913	21348.2
0.667207	0.623825	0.781055	23355.9
0.404434	0.623822	0.599745	17934.2
0.319711	1	0.684289	20462.3
0.315768	0.623751	0.516973	15459
0.166465	0.62373	0.339004	10137.2
0.120424	1	0.37533	11223.5
0.148828	1	0.432341	12928.3
0.155269	1	0.444472	13291
0.298154	1	0.658963	19705
0.457534	1	0.815282	24379.4
0.287653	1	0.646069	19319.4
0.149475	1	0.433572	12965.1
0.0998355	1	0.32988	9864.39
0.0784367	1	0.278094	8315.86
0.0736386	1	0.265731	7946.16
0.716258	1	0.955284	28565.9
0.945259	1	0.998474	29857.4
0.987004	1	0.999915	29900.5
2.29018e-06	0	0	0
0.99564	3.18093e-06	4.32706e-05	1.29392
0.995711	1	0.999991	29902.7
0.858963	1	0.989551	29590.5
0.529705	1	0.866298	25904.9
0.87437	1	0.991756	29656.5
0.897704	1	0.99458	29740.9
0.908147	1	0.995646	29772.8
0.879555	1	0.992436	29676.8
0.868524	0.81267	0.951726	28459.4
0.845951	1	0.987473	29528.4
0.843367	1	0.987037	29515.4
1	0.0821341	0.28742	8594.73
0.746014	1	0.964604	28844.6
0.209704	1	0.537273	16066.1
0.723983	1	0.95782	28641.7
0.792066	1	0.976705	29206.4
0.678675	4.55512e-11	7.79038e-10	2.32956e-05
0.711133	0.020173	0.075233	2249.69
1	0.0382617	0.163121	4877.82
0.308728	0.627596	0.51174	15302.6
0.96668	1	0.999439	29886.2
0.828789	1	0.984427	29437.3
0.00768758	0.00190987	0.000178079	5.3251
0.999995	0.0660653	0.245571	7343.31
0.713327	3.27035e-08	4.3329e-07	0.0129567
0.999998	0.275242	0.630332	18848.8
1	0.0800654	0.282223	8439.32
0.652346	1	0.931015	27840.1
0.963941	1	0.999342	29883.3
0.0825546	0.869263	0.260811	7799.03
0.914699	1	0.996254	29791
0.969371	1	0.999526	29888.8
0.375457	0.956199	0.726783	21733
0.973994	1	0.999659	29892.8
0.519782	1	0.859899	25713.6
0.249407	1	0.595751	17814.7
0.99999	1	1	29903
0.0058397	1.84173e-05	1.83325e-06	0.0548197
0.000235459	1	0.00220248	65.8606
7.36177e-09	1.64842e-169	4.9556e-175	1.48187e-170
0.110481	3.839e-05	5.67099e-05	1.6958
0.0972029	3.83089e-05	5.02734e-05	1.50332
0.0796688	3.80442e-05	4.15439e-05	1.24229
0.590993	0.0112172	0.0398835	1192.64
0.547166	0.0112356	0.0374499	1119.86
0.71231	0.0111158	0.0462296	1382.41
0.000459557	0.00106709	7.61475e-06	0.227704
0.943306	0.00101032	0.00758224	226.732
0.985996	0.0111741	0.0606879	1814.75
0.553584	0.0507417	0.128436	3840.63
0.596278	0.000244875	0.00143558	42.9281
0.999685	0.0183599	0.0917322	2743.07
0.883732	1	0.992963	29692.6
0.62958	5.70594e-05	0.000403569	12.0679
0.314203	0.0294399	0.0525695	1571.98
0.763024	0.0115824	0.0506285	1513.94
1	1	1	29903
0.865974	1	0.990588	29621.6
0.929635	1	0.997464	29827.2
0.958956	1	0.999146	29877.5
0.940181	1	0.998174	29848.4
0.993535	1	0.999979	29902.4
1	1	1	29903
0.798162	1	0.978103	29248.2
0.999999	1	1	29903
0.69635	1	0.948361	28358.8
1	1	1	29903
0.99114	1	0.999961	29901.8
0.889991	1	0.993714	29715
1	1	1	29903
0.999978	1	1	29903
1	1	1	29903
1	1	1	29903
0.99985	1	1	29903
1	1	1	29903
1	0.0238189	0.112837	3374.15
0.999999	1	1	29903
0.995968	4.08165e-47	4.38305e-45	1.31066e-40
1	5.10547e-09	1.02584e-07	0.00306757
0.0788028	0.729589	0.2217	6629.5
2.25686e-05	0.727873	0.000197397	5.90277
0.982177	0.72782	0.954812	28551.7
0.891219	0.727636	0.929354	27790.5
0.87069	0.726346	0.922197	27576.5
0.979842	1	0.999795	29896.9
0.608976	1	0.911014	27242
0.854127	1	0.988802	29568.1
0.996138	1	0.999993	29902.8
0.997099	1	0.999996	29902.9
0.22258	1	0.557	16656
0.0890345	1	0.304385	9102.03
0.129415	1	0.394034	11782.8
1.21785e-06	0.887302	1.59259e-05	0.476232
0.623982	1	0.918273	27459.1
0.822403	1	0.983203	29400.7
0.802327	1	0.979031	29276
0.999916	1	1	29903
0.578924	1	0.895355	26773.8
0.524861	1	0.863198	25812.2
0.831847	1	0.984996	29454.3
1	1	1	29903
0.941669	1	0.998265	29851.1
1	1	1	29903
0.829422	1	0.984546	29440.9
0.994497	1	0.999985	29902.5
0.999891	2.75859e-15	9.52277e-14	2.84759e-09
0.999962	0.212357	0.541389	16189.2
0.999997	2.60676e-11	6.61342e-10	1.97761e-05
0.707505	0.212566	0.435311	13017.1
0.996843	0.000733732	0.00601262	179.795
1	2.90109e-39	2.60331e-37	7.78468e-33
0.999999	3.6751e-05	0.000412027	12.3209
1	0.550085	0.878861	26280.6
0.843759	0.614192	0.858881	25683.1
1	0.65676	0.932886	27896.1
1	1	1	29903
0.998305	0.366745	0.733998	21948.8
0.992462	0.156727	0.444987	13306.4
1	0.0186999	0.0931112	2784.3
1	2.89812e-28	1.86663e-26	5.58179e-22
1	1	1	29903
0.442232	1	0.803059	24013.9
0.885138	1	0.993135	29697.7
0.999995	2.63207e-13	7.88718e-12	2.3585e-07
0.859461	1	0.989626	29592.8
1	9.67833e-07	1.43706e-05	0.429724
0.991558	3.98617e-06	5.31264e-05	1.58864
0.871621	0.114266	0.32933	9847.95
0.80758	0.329689	0.618585	18497.5
0.807889	0.329689	0.618719	18501.6
0.239973	0.329689	0.279822	8367.51
0.239973	0.329689	0.279822	8367.51
1	0.686876	0.944867	28254.4
0.999841	1	1	29903
0.774201	1	0.972338	29075.8
