quality	AA	AC	AG	AT	A.	CA	CC	CG	CT	C.	GA	GC	GG	GT	G.	TA	TC	TG	TT	T.	.A	.C	.G	.T	..
0	NA	NA	NA	NA	NA	NA	NA	NA	NA	NA	NA	NA	NA	NA	NA	NA	NA	NA	NA	NA	NA	NA	NA	NA	NA
1	NA	NA	NA	NA	NA	NA	NA	NA	NA	NA	NA	NA	NA	NA	NA	NA	NA	NA	NA	NA	NA	NA	NA	NA	NA
2	NA	NA	NA	NA	NA	NA	NA	NA	NA	NA	NA	NA	NA	NA	NA	NA	NA	NA	NA	NA	NA	NA	NA	NA	NA
3	NA	NA	NA	NA	NA	NA	NA	NA	NA	NA	NA	NA	NA	NA	NA	NA	NA	NA	NA	NA	NA	NA	NA	NA	NA
4	NA	NA	NA	NA	NA	NA	NA	NA	NA	NA	NA	NA	NA	NA	NA	NA	NA	NA	NA	NA	NA	NA	NA	NA	NA
5	NA	NA	NA	NA	NA	NA	NA	NA	NA	NA	NA	NA	NA	NA	NA	NA	NA	NA	NA	NA	NA	NA	NA	NA	NA
6	NA	NA	NA	NA	NA	NA	NA	NA	NA	NA	NA	NA	NA	NA	NA	NA	NA	NA	NA	NA	NA	NA	NA	NA	NA
7	NA	NA	NA	NA	NA	NA	NA	NA	NA	NA	NA	NA	NA	NA	NA	NA	NA	NA	NA	NA	NA	NA	NA	NA	NA
8	NA	NA	NA	NA	NA	NA	NA	NA	NA	NA	NA	NA	NA	NA	NA	NA	NA	NA	NA	NA	NA	NA	NA	NA	NA
9	NA	NA	NA	NA	NA	NA	NA	NA	NA	NA	NA	NA	NA	NA	NA	NA	NA	NA	NA	NA	NA	NA	NA	NA	NA
10	NA	NA	NA	NA	NA	NA	NA	NA	NA	NA	NA	NA	NA	NA	NA	NA	NA	NA	NA	NA	NA	NA	NA	NA	NA
11	0.982804	0.00709094	0.00195001	0.00780004	0.000354547	0.0393162	0.943101	0.0046398	0.0129426	NA	0.0218472	0.00601779	0.937729	0.0344061	NA	0.0275953	0.00722733	0.0906702	0.874507	NA	0.000105826	NA	NA	NA	0.999894
12	0.971596	0.013706	0.00509468	0.00937782	0.000225428	0.0358415	0.947113	0.0044364	0.0124336	0.000175121	0.0146905	0.00663684	0.94918	0.0293065	0.000186428	0.0161956	0.00929152	0.0204543	0.95393	0.000129049	8.57885e-05	NA	1.22555e-05	7.3533e-05	0.999828
13	0.966939	0.0159298	0.00640656	0.0106146	0.000110186	0.031941	0.952084	0.00514042	0.0106833	0.000150942	0.0105111	0.00561816	0.962593	0.0211259	0.000151411	0.0160286	0.0120569	0.0234248	0.948328	0.00016211	5.82993e-05	3.2579e-05	4.62965e-05	0.000372087	0.999491
14	0.963378	0.0151425	0.00688766	0.0143944	0.000197773	0.0299384	0.944717	0.0122493	0.0126926	0.000402939	0.0170495	0.00856177	0.942486	0.0315453	0.000357769	0.0214906	0.0134417	0.0219987	0.94263	0.000438819	0.000332231	5.02535e-05	8.93396e-05	0.000128426	0.9994
15	0.977536	0.00806122	0.00472117	0.00959736	8.45583e-05	0.0126925	0.975666	0.00255884	0.00901527	6.7784e-05	0.0139718	0.00797006	0.952293	0.0256526	0.000112936	0.0283861	0.0148372	0.0249211	0.931522	0.00033317	5.36536e-05	2.23557e-05	4.91825e-05	7.15381e-05	0.999803
16	0.9643	0.0117875	0.00911605	0.0146719	0.000124735	0.0188458	0.959795	0.00471362	0.0165151	0.000130451	0.0179032	0.00743647	0.94896	0.0255035	0.000196559	0.0189978	0.0118404	0.0191147	0.949872	0.000175365	9.26145e-05	4.63073e-05	4.80223e-05	8.57542e-05	0.999727
17	NA	NA	NA	NA	NA	NA	NA	NA	NA	NA	NA	NA	NA	NA	NA	NA	NA	NA	NA	NA	NA	NA	NA	NA	NA
18	NA	NA	NA	NA	NA	NA	NA	NA	NA	NA	NA	NA	NA	NA	NA	NA	NA	NA	NA	NA	NA	NA	NA	NA	NA
19	NA	NA	NA	NA	NA	NA	NA	NA	NA	NA	NA	NA	NA	NA	NA	NA	NA	NA	NA	NA	NA	NA	NA	NA	NA
20	0.996516	0.00116144	0.00174216	0.00058072	NA	0.00488202	0.993491	0.00081367	0.00081367	NA	0.00322451	0.00161225	0.991939	0.00322451	NA	0.00168067	0.000840336	0.0352941	0.962185	NA	NA	NA	NA	NA	1
21	0.996997	0.00184494	0.000471961	0.000600678	8.58111e-05	0.00282087	0.995882	0.000282087	0.00101551	NA	0.00104556	0.000440238	0.997028	0.00143077	5.50297e-05	0.000818215	0.000451429	0.00234179	0.996389	NA	1.05669e-05	1.05669e-05	1.05669e-05	1.05669e-05	0.999958
22	0.996398	0.00176208	0.000704832	0.00105725	7.83147e-05	0.00422157	0.993348	0.000831521	0.00153512	6.39632e-05	0.00165894	0.000743665	0.994394	0.00314627	5.7205e-05	0.00220976	0.00110488	0.00576994	0.990834	8.18431e-05	2.40743e-05	2.40743e-05	1.20372e-05	3.61115e-05	0.999904
23	0.997101	0.00107672	0.000552166	0.00126998	NA	0.00233062	0.995461	0.000776874	0.0013902	4.08881e-05	0.00114923	0.00161743	0.995361	0.00183025	4.25641e-05	0.00136103	0.00156897	0.00190923	0.995142	1.89032e-05	2.9186e-05	1.4593e-05	1.4593e-05	0.000430494	0.999511
24	0.997435	0.00131562	0.000394685	0.00078937	6.57808e-05	0.00322767	0.994928	0.000806916	0.00103746	NA	0.0012551	0.000313775	0.996235	0.00219642	NA	0.00075859	0.000446229	0.00129407	0.997501	NA	1.79077e-05	1.79077e-05	NA	3.58153e-05	0.999928
25	0.996313	0.000682718	0.00050066	0.00236676	0.000136544	0.00257628	0.994364	0.00161018	0.00136865	8.05088e-05	0.00207453	0.00353438	0.991395	0.00276604	0.000230503	0.00212953	0.00290057	0.00139521	0.993575	NA	4.02042e-05	2.68028e-05	1.34014e-05	0.000696873	0.999223
26	0.995887	0.00074164	0.00128101	0.00202265	6.74218e-05	0.00225282	0.995244	0.00100125	0.00150188	NA	0.00104275	0.00391032	0.99231	0.00273723	NA	0.00113195	0.00078744	0.00157488	0.996457	4.9215e-05	3.93763e-05	5.90644e-05	3.93763e-05	0.000767837	0.999094
27	0.996126	0.00103766	0.00117255	0.0015807	8.30125e-05	0.00115124	0.994995	0.00242309	0.00137601	5.4821e-05	0.00265756	0.00167501	0.990923	0.00471623	2.80728e-05	0.00162005	0.00113002	0.00389079	0.993244	0.000115144	0.000122748	1.69652e-05	1.39714e-05	3.39304e-05	0.999812
28	0.995314	0.000537717	0.000537717	0.00330312	0.000307267	0.000168152	0.996721	0.000168152	0.00294266	NA	0.00252708	0.00413157	0.991978	0.00136382	NA	0.00415225	0.0157785	0.00193772	0.978131	NA	1.75285e-05	1.75285e-05	1.75285e-05	8.76424e-05	0.99986
29	1	NA	NA	NA	NA	NA	1	NA	NA	NA	0.000412201	NA	0.999588	NA	NA	NA	NA	0.0723888	0.927611	NA	NA	NA	NA	NA	1
30	0.997038	0.000534045	0.00102864	0.00135635	4.24809e-05	0.000275724	0.996796	0.00169713	0.00122174	9.50774e-06	0.00148538	0.00109449	0.996499	0.000903389	1.73729e-05	0.00125771	0.000948048	0.00147209	0.996289	3.33484e-05	5.93049e-05	7.15749e-06	3.06749e-06	0.000138037	0.999792
31	0.998099	0.000344741	0.000642472	0.000874911	3.91751e-05	0.000155258	0.997565	0.00139732	0.000878433	4.08574e-06	0.00131548	0.00101161	0.996984	0.000688509	NA	0.000781447	0.00121217	0.00070761	0.997268	3.07656e-05	6.71704e-05	7.55668e-06	5.87741e-06	0.000102435	0.999817
32	0.998562	0.000110621	0.000345691	0.000940278	4.14829e-05	0.000227769	0.999279	0.000151846	0.000322672	1.89807e-05	0.000188363	0.00118669	0.99838	0.000244872	NA	0.000282646	0.000167018	0.000256951	0.999268	2.56951e-05	7.97305e-06	3.98653e-06	NA	0.00045845	0.99953
33	0.99878	6.94066e-05	0.000356948	0.000733727	5.94913e-05	2.94829e-05	0.999543	0.000162156	0.000265346	NA	0.000223003	0.00101745	0.998411	0.000348442	NA	0.0003485	0.000154889	0.000487899	0.998985	2.32333e-05	5.75997e-06	1.15199e-05	2.87999e-06	0.000429118	0.999551
34	0.998194	0.000300404	0.00072756	0.000740236	3.80258e-05	0.000125072	0.997617	0.00150921	0.000744181	4.16908e-06	0.00108143	0.00084657	0.997677	0.000387784	7.28233e-06	0.000702629	0.00108653	0.000704046	0.997453	5.38305e-05	9.56199e-05	4.36439e-06	5.55468e-06	6.7053e-05	0.999827
35	0.999333	7.92969e-05	0.000204975	0.000353096	2.99234e-05	3.03431e-05	0.999351	0.000376255	0.000238699	4.04575e-06	0.00042592	0.000649422	0.998724	0.000193983	6.32554e-06	0.000310933	0.000479167	0.0010049	0.998148	5.70794e-05	5.24022e-05	3.49348e-06	3.99255e-06	1.24767e-05	0.999928
36	0.998373	0.000270517	0.000631751	0.000688143	3.67772e-05	6.73294e-05	0.997911	0.00136948	0.000649055	2.69317e-06	0.000897677	0.00120296	0.99768	0.000208368	1.0903e-05	0.000701715	0.00100301	0.000406256	0.997834	5.53985e-05	7.69633e-05	6.80628e-06	2.87958e-06	0.000124345	0.999789
37	0.998322	0.000233962	0.000628114	0.000784088	3.16165e-05	5.12029e-05	0.997952	0.00153419	0.00045893	3.79281e-06	0.000777942	0.000911303	0.998131	0.000175963	3.70449e-06	0.000624755	0.000561272	0.000256956	0.998492	6.54985e-05	9.67432e-05	6.31657e-06	3.32451e-06	0.00013697	0.999757
38	0.998393	0.000257549	0.000654964	0.000659893	3.45042e-05	3.67155e-05	0.998225	0.00116266	0.00057113	4.0795e-06	0.000793795	0.00113094	0.997946	0.000120478	8.74438e-06	0.000596321	0.000718239	0.00029058	0.998326	6.88549e-05	0.000102206	4.41041e-06	4.41041e-06	0.000111411	0.999778
39	0.99845	0.000222952	0.000633219	0.000651716	4.19269e-05	2.74901e-05	0.998283	0.0011806	0.000504761	4.65218e-06	0.00078052	0.00112577	0.997986	9.61338e-05	1.14492e-05	0.000545536	0.00064299	0.000323879	0.998437	5.09368e-05	0.000101401	4.90587e-06	3.28316e-06	0.000107212	0.999783
40	0.99861	0.0002817	0.00060345	0.000455662	4.9419e-05	1.64084e-05	0.998811	0.000664451	0.00050235	5.77e-06	0.000866843	0.000868604	0.998135	0.000115475	1.42875e-05	0.000419448	0.000574563	0.000244034	0.998721	4.05972e-05	7.32623e-05	6.96803e-06	3.01176e-06	5.90768e-05	0.999858
