ks_quality_p_value	fisher_strand_p_value	bias_p_value	bias_e_value
0.8248	1	0.983668	29414.6
0.0543454	1	0.212621	6358
0.509842	0.833889	0.788788	23587.1
0.64872	1	0.929456	27793.5
0.767166	1	0.970505	29021
0.969876	0.665559	0.928059	27751.7
0.677043	0.61317	0.780108	23327.6
0.00125087	0.562439	0.00581081	173.761
1.54821e-05	0.614928	0.000119596	3.57627
9.57744e-05	0.611396	0.000629215	18.8154
0.0505741	0.613171	0.138724	4148.25
0.812503	0.84099	0.943518	28214
0.99471	1	0.999986	29902.6
0.850818	1	0.988274	29552.3
0.555806	1	0.882251	26381.9
0.185491	1	0.497998	14891.6
0.910556	1	0.995875	29779.6
0.768636	1	0.970893	29032.6
0.999778	1	1	29903
0.482915	1	0.834436	24952.1
0.89081	1	0.993809	29717.9
0.948575	1	0.998654	29862.8
7.30905e-06	1	9.37488e-05	2.80337
0.921619	1	0.996845	29808.6
0.975751	0.854122	0.985282	29462.9
0.994106	0.193685	0.509746	15242.9
1	0.151947	0.438249	13105
0.000286916	0.733632	0.00199252	59.5823
0.908107	1	0.995642	29772.7
0.85681	1	0.989221	29580.7
0.982544	1	0.999847	29898.4
0.994633	1	0.999986	29902.6
0.441183	1.1223e-07	8.82389e-07	0.0263861
0.587616	1.33143e-20	3.70038e-19	1.10653e-14
0.997643	0.144633	0.423629	12667.8
1	4.26952e-09	8.65507e-08	0.00258812
1	1.0634e-28	6.95579e-27	2.07999e-22
0.611598	6.0853e-33	2.8163e-31	8.42157e-27
0.641232	0.0173102	0.0610584	1825.83
1	0.0537776	0.210964	6308.46
0.993727	0.0538254	0.210116	6283.11
0.998526	0.0538131	0.210836	6304.62
0.371884	0.053852	0.098345	2940.81
0.74703	0.0538888	0.16958	5070.95
0.861566	0.0729399	0.236736	7079.1
0.986757	0.0393342	0.164917	4931.52
0.95034	0.000445904	0.00371483	111.084
0.398748	0.0539121	0.104043	3111.2
0.906075	0.0538066	0.196035	5862.02
0.708236	4.82032e-19	1.48578e-17	4.44294e-13
0.491533	0.000126698	0.000665353	19.8961
0.999944	1.69711e-56	2.1962e-54	6.56731e-50
0.999997	7.62756e-40	6.94653e-38	2.07722e-33
0.576898	1	0.894243	26740.6
0.845669	1	0.987426	29527
0.722264	1	0.957263	28625
1	1.69265e-27	1.06033e-25	3.17071e-21
0.625522	1	0.918998	27480.8
1.00646e-05	0.75216	9.6833e-05	2.8956
0.999999	1	1	29903
0.7514	1	0.966163	28891.2
0.984138	1	0.999874	29899.2
1	0.0326486	0.144371	4317.12
0.643113	0.0146998	0.0535204	1600.42
0.999914	9.61213e-50	1.0944e-47	3.2726e-43
0.999957	1.2951e-43	1.29184e-41	3.863e-37
0.991413	1	0.999963	29901.9
0.995439	1	0.99999	29902.7
0.904039	1	0.995241	29760.7
0.0240652	1	0.113756	3401.64
0.88178	1	0.992719	29685.3
0.530518	1	0.866814	25920.3
0.982126	1	0.999839	29898.2
0.996853	1	0.999995	29902.9
1	0.651243	0.930543	27826
0.934192	0.831812	0.973067	29097.6
0.999999	1	1	29903
0.740492	1	0.962966	28795.6
0.629555	1	0.920877	27537
0.88911	0.587253	0.861432	25759.4
0.220011	0.13998	0.137981	4126.05
0.835328	0.747446	0.918453	27464.5
1	0.765409	0.970037	29007
1	0.000150133	0.0014719	44.0143
0.437717	1	0.799351	23903
0.626542	1	0.919475	27495.1
0.646712	0.815406	0.864785	25859.7
0.155704	0.00879049	0.0103938	310.807
0.000596344	0.0370937	0.000259232	7.7518
0.120306	0.0350589	0.0272825	815.829
0.248897	0.0999548	0.116773	3491.88
0.793808	0.10378	0.288038	8613.19
1	1.46965e-26	8.88874e-25	2.658e-20
0.535625	0.0150403	0.0468965	1402.34
0.999993	1.34744e-23	7.23048e-22	2.16213e-17
0.434977	1	0.797079	23835.1
0.729523	1	0.959588	28694.6
0.997071	1	0.999996	29902.9
0.0377502	3.43558e-05	1.88776e-05	0.564496
0.951842	1	0.998821	29867.8
0.99655	3.22777e-06	4.38979e-05	1.31268
0.174177	0.000811359	0.00139405	41.6863
0.889779	1	0.993689	29714.3
0.197774	1	0.518293	15498.5
0.837448	1	0.986008	29484.6
0.769694	1	0.971171	29040.9
0.890196	1	0.993738	29715.7
0.999978	0.00648615	0.0391632	1171.1
0.466431	0.165625	0.275072	8225.47
0.504519	0.017087	0.0496001	1483.19
0.999998	1	1	29903
0.965305	1	0.999391	29884.8
0.403665	1	0.769858	23021.1
0.86591	1	0.990579	29621.3
1	1	1	29903
0.0904767	0.364575	0.145522	4351.54
0.610816	0.372865	0.564711	16886.5
0.999994	0.476541	0.829752	24812.1
0.999997	1.24749e-05	0.000153338	4.58528
0.999998	1	1	29903
0.140798	5.76337e-17	3.27452e-16	9.79179e-12
0.0138868	5.17759e-58	9.86342e-58	2.94946e-53
0.886593	1	0.993312	29703
0.960301	1	0.999201	29879.1
0.975476	1	0.999697	29893.9
0.522351	1	0.861574	25763.6
0.997443	0.838732	0.985855	29480
0.986528	1	0.999909	29900.3
0.954584	1	0.998953	29871.7
0.995208	1	0.999989	29902.7
0.121858	1	0.378357	11314
0.753922	0.00180807	0.0103571	309.708
1	8.68747e-11	2.09946e-09	6.27802e-05
0.13404	7.93474e-08	2.05897e-07	0.00615694
1	0.234456	0.574532	17180.2
0.453867	4.20363e-19	8.41438e-18	2.51615e-13
0.999997	3.95912e-17	1.53486e-15	4.58971e-11
0.872418	0.0861192	0.269612	8062.2
0.870634	9.73468e-20	3.80666e-18	1.13831e-13
0.999997	9.41904e-20	4.22056e-18	1.26207e-13
0.999989	9.34374e-20	4.18754e-18	1.2522e-13
1	1	1	29903
0.552509	1	0.880305	26323.8
0.630882	0.81413	0.85583	25591.9
0.526443	1	0.864215	25842.6
1	0.189029	0.503924	15068.8
0.683453	0.790013	0.872702	26096.4
0.99844	0.454326	0.812202	24287.3
1	1	1	29903
0.921223	1	0.996812	29807.7
0.96458	1	0.999365	29884
0.00355396	1	0.0235972	705.627
0.920818	1	0.996779	29806.7
0.35065	1	0.71812	21473.9
0.929862	0.00948332	0.0505365	1511.19
0.96675	0.652701	0.921543	27556.9
0.987746	0.76353	0.96695	28914.7
0.999916	4.19857e-35	3.36511e-33	1.00627e-28
0.425216	1	0.788843	23588.8
0.429111	1	0.792156	23687.8
0.458232	1	0.815827	24395.7
0.00895918	1	0.0512024	1531.11
0.999976	1	1	29903
1	1	1	29903
0.409978	1	0.775536	23190.8
1	0.237009	0.57822	17290.5
1	1	1	29903
0.919608	0.774151	0.953822	28522.1
0.906701	1	0.995506	29768.6
0.957729	1	0.999094	29875.9
0.963846	0.774204	0.964663	28846.3
0.974788	0.606911	0.90215	26977
0.999997	0.44064	0.801755	23974.9
0.991915	1	0.999967	29902
0.646262	1	0.928388	27761.6
0.85992	0.455078	0.758478	22680.8
0.941895	0.045485	0.177805	5316.9
0.507027	0.0923701	0.1902	5687.55
0.464837	1	0.820934	24548.4
0.224393	0.125431	0.128637	3846.63
0.999884	1.96399e-08	3.68123e-07	0.011008
1	0.616146	0.914528	27347.1
0.737667	1	0.962112	28770
0.512326	0.4069	0.535336	16008.1
0.999997	0.163863	0.460245	13762.7
0.999995	0.716837	0.955475	28571.6
0.825259	1	0.983757	29417.3
0.72799	1	0.959103	28680.1
0.999999	0.0283669	0.129425	3870.19
0.999996	0.390961	0.75813	22670.4
0.0103762	0.205908	0.0152732	456.714
0.509739	0.254169	0.394331	11791.7
0.999991	0.637434	0.924471	27644.5
0.999999	0.0272874	0.125558	3754.56
0.999942	0.392907	0.759933	22724.3
0.816662	1	0.982061	29366.6
0.972653	1	0.999623	29891.7
0.754204	1	0.966959	28915
0.755592	1	0.96735	28926.7
0.53585	1	0.870167	26020.6
0.0140558	1	0.074	2212.82
0.0837314	1	0.291397	8713.65
1	0.277282	0.632957	18927.3
0.959928	0.774189	0.963764	28819.4
0.999873	0.12156	0.377698	11294.3
0.877948	0.76269	0.938161	28053.8
0.839393	0.640963	0.871517	26061
0.988748	1	0.999936	29901.1
0.66971	0.585573	0.759259	22704.1
0.975924	0.0159438	0.0803369	2402.31
1	0.11382	0.361165	10799.9
0.762675	1	0.969302	28985
0.777557	0.604374	0.824811	24664.3
0.975768	0.159188	0.444587	13294.5
0.985298	0.711568	0.950066	28409.8
0.754106	0.0975317	0.265498	7939.19
0.999988	3.86842e-10	8.77077e-09	0.000262272
0.666364	0.000973435	0.00541023	161.782
0.678319	0.000972859	0.00549269	164.248
0.397525	0.00194588	0.00631556	188.854
0.685372	0.000973437	0.0055458	165.836
0.915834	1	0.996354	29794
0.975873	1	0.999707	29894.2
0.912245	0.00569576	0.0325259	972.621
0.770971	0.0166921	0.0688874	2059.94
1	1.28083e-12	3.63545e-11	1.08711e-06
0.909388	0.0613013	0.216684	6479.49
0.446109	1	0.806205	24107.9
0.650878	1	0.930386	27821.3
0.880285	0.00108474	0.00759504	227.115
0.65493	1	0.932114	27873
0.918969	1	0.996625	29802.1
0.999924	1	1	29903
1	0.272191	0.62638	18730.6
0.75399	1	0.966899	28913.2
1	0.0342634	0.149857	4481.17
0.447889	0.741034	0.697961	20871.1
0.868837	1.22332e-18	4.50502e-17	1.34714e-12
1	9.61917e-19	4.08674e-17	1.22206e-12
0.414844	1.22332e-18	2.18853e-17	6.54436e-13
0.242756	0.00760776	0.0134713	402.832
0.761322	1	0.968934	28974
1	1	1	29903
1	0.86078	0.989825	29598.7
0.972462	1	0.999617	29891.6
0.41581	1	0.780694	23345.1
0.816928	1	0.982114	29368.2
0.584657	1	0.89846	26866.6
0.91073	0.438713	0.766103	22908.8
0.86909	0.760404	0.934597	27947.2
0.448353	0.0992584	0.183005	5472.39
0.952917	0.158399	0.43635	13048.2
0.854493	0.158328	0.405916	12138.1
0.962619	0.158272	0.439019	13128
0.974492	0.164648	0.454034	13577
0.818765	0.158142	0.39417	11786.9
0.000373884	0.0119184	5.93607e-05	1.77506
5.56272e-06	0.00318658	3.34105e-07	0.00999075
1	1	1	29903
0.107223	0.11277	0.0654785	1958
1	1	1	29903
0.0504071	0.111909	0.0348485	1042.07
0.0604831	0.119929	0.042987	1285.44
0.989834	1	0.999948	29901.4
0.68324	1	0.943492	28213.3
0.421517	1	0.785663	23493.7
0.804774	0.201335	0.456919	13663.2
0.162343	1.5739e-09	5.89919e-09	0.000176403
1	0.00180132	0.0131843	394.249
0.653606	7.11902e-05	0.00051069	15.2711
0.169893	0.00180132	0.00278239	83.2018
0.918437	0.00297818	0.0188776	564.496
0.999992	5.80908e-32	4.23614e-30	1.26673e-25
0.584822	1	0.898548	26869.3
0.999991	0.000194181	0.00185378	55.4335
0.970791	1	0.999569	29890.1
0.513871	1	0.855997	25596.9
0.999997	0.597185	0.90505	27063.7
0.998686	0.399498	0.765574	22892.9
0.55688	0.117491	0.243839	7291.52
0.991275	0.407317	0.769947	23023.7
0.754151	0.000896226	0.00560953	167.742
0.751954	0.000896226	0.00559515	167.312
0.930964	0.000896557	0.00675115	201.88
0.859932	0.000897596	0.00630364	188.498
0.999999	0.00535774	0.0333745	997.997
0.989673	0.0339041	0.147456	4409.38
0.835363	1	0.985635	29473.5
0.999996	0.179173	0.487243	14570
0.80602	1	0.979836	29300
0.425733	1	0.789285	23602
0.956513	1	0.99904	29874.3
0.983441	1	0.999862	29898.9
0.785168	1	0.975067	29157.4
0.994351	1	0.999984	29902.5
0.934455	0.0870515	0.285446	8535.69
0.98819	0.0875469	0.29825	8918.57
0.808703	0.0875469	0.25827	7723.04
0.676948	0.0875469	0.226731	6779.95
0.957684	0.218329	0.536314	16037.4
0.47953	0.087549	0.175088	5235.64
0.74706	0.00997433	0.0439585	1314.49
0.999999	0.218265	0.550473	16460.8
0.944086	0.0140602	0.0706438	2112.46
0.960996	0.218367	0.537502	16072.9
0.766597	1	0.970354	29016.5
0.0147787	0.110734	0.012135	362.874
0.181863	0.889295	0.456374	13646.9
0.594771	1	0.903801	27026.4
1	0.051633	0.204652	6119.72
0.442866	1	0.803575	24029.3
0.848924	0.687467	0.897896	26849.8
0.40914	1	0.774787	23168.5
0.0398853	1.94215e-10	2.05926e-10	6.15782e-06
0.970597	2.57765e-06	3.47721e-05	1.03979
0.757296	0.00538881	0.0265318	793.382
0.0071796	6.41659e-14	1.67293e-14	5.00255e-10
0.0010164	2.43076e-07	5.71243e-09	0.000170819
0.0629803	6.77406e-05	5.70184e-05	1.70502
0.182587	0.0783551	0.0750672	2244.74
0.0872814	0.00915177	0.00649601	194.25
0.603385	9.78286e-07	9.05652e-06	0.270817
0.792563	2.77311e-09	4.6014e-08	0.00137596
0.714544	9.79263e-07	1.06167e-05	0.31747
0.696975	0.00336194	0.0165341	494.419
0.198249	0.0162185	0.0216706	648.016
0.653239	9.41675e-07	9.4125e-06	0.281462
0.999998	4.39936e-06	5.86612e-05	1.75414
0.855257	0.0705069	0.229652	6867.29
0.959305	1.66651e-06	2.29354e-05	0.685836
0.944605	1.66168e-06	2.25472e-05	0.67423
0.899061	1.66506e-06	2.15747e-05	0.645149
0.843923	7.70564e-06	8.41695e-05	2.51692
0.905841	0.010754	0.0548575	1640.41
0.994796	0.598338	0.904037	27033.4
0.999998	1	1	29903
0.820607	0.823569	0.940628	28127.6
0.0137328	1	0.0726187	2171.52
0.794299	1	0.977222	29221.9
0.906317	1	0.995468	29767.5
0.74863	0.385352	0.647106	19350.4
0.926096	1	0.997199	29819.2
0.7376	9.45392e-44	6.99913e-42	2.09295e-37
0.983709	2.79925e-31	1.9652e-29	5.87654e-25
0.97589	0.376416	0.735219	21985.3
0.944538	0.00204368	0.013995	418.493
0.643916	0.0589628	0.162159	4849.04
0.495061	0.0324223	0.0823735	2463.21
0.74455	0.827761	0.914607	27349.5
0.625167	1	0.918831	27475.8
1	0.0518403	0.205266	6138.07
0.964152	0.624561	0.907601	27140
0.99997	0.602587	0.907802	27146
0.999988	0.218351	0.550601	16464.6
0.0830737	0.857834	0.259497	7759.73
0.694598	1	0.947725	28339.8
0.637922	1	0.924693	27651.1
0.999296	1	1	29903
0.999998	0.252024	0.59937	17923
0.820499	0.397509	0.691574	20680.1
0.958221	0.710295	0.942489	28183.3
0.124784	0.773498	0.322184	9634.27
0.403121	0.00260471	0.008252	246.759
0.686973	0.0277404	0.0945285	2826.69
0.967358	0.0123012	0.0646302	1932.64
0.921142	0.00455891	0.027182	812.822
0.612547	0.000765622	0.00406368	121.516
0.893349	0.020717	0.0923447	2761.38
0.434935	0.000237757	0.00105237	31.4691
0.994141	1	0.999983	29902.5
0.533473	1	0.868679	25976.1
0.99995	1	1	29903
1	0.790411	0.976317	29194.8
0.0351876	0.000319377	0.00013931	4.16577
1	1	1	29903
0.999999	5.11767e-15	1.7352e-13	5.18877e-09
0.99999	1.72573e-07	2.85993e-06	0.0855204
0	0	0	0
0.386861	1	0.754259	22554.6
1	1	1	29903
0.477152	1	0.830206	24825.7
0.477152	1	0.830206	24825.7
0.464354	1	0.820563	24537.3
0.864855	0.77331	0.937839	28044.2
0.976609	1	0.999724	29894.8
0.687651	1	0.945158	28263.1
0.539837	0.00354141	0.013879	415.024
0.957233	0.232934	0.557589	16673.6
0.683642	0.000411811	0.00258313	77.2432
1	0.232939	0.572326	17114.3
0.783879	0.685132	0.870921	26043.2
0.844054	0.297563	0.598178	17887.3
0.748027	0.156514	0.368198	11010.2
0.95667	0.0936433	0.305717	9141.84
0.999996	0.0381724	0.162829	4869.09
0.999999	0.156444	0.446656	13356.4
0.999999	0.234443	0.574512	17179.6
0.999971	0.0001937	0.00184963	55.3096
0.999987	0.0196564	0.0968925	2897.38
3.62991e-13	1.73704e-34	6.77063e-45	2.02462e-40
0.268759	0.0507922	0.072267	2161
0.99042	1	0.999954	29901.6
0.963806	1	0.999337	29883.2
0.913489	1	0.996145	29787.7
0.861243	1	0.989894	29600.8
1	0.567511	0.889003	26583.9
0.0390644	0.927829	0.156487	4679.42
0.999803	0.341486	0.708322	21181
0.964199	0.0715547	0.253463	7579.3
0.534536	1	0.869346	25996
0.711386	1	0.953641	28516.7
0.819671	1	0.982664	29384.6
0.717456	1	0.955683	28577.8
0.773336	1	0.972116	29069.2
0.999999	4.17996e-11	1.04073e-09	3.1121e-05
0.44718	1	0.807067	24133.7
0.431406	1	0.794092	23745.7
1	1	1	29903
0.996815	1	0.999995	29902.8
0.85463	1	0.988881	29570.5
0.735764	1	0.96153	28752.6
0.556431	1	0.882618	26392.9
0.97957	1	0.99979	29896.7
0.999979	1	1	29903
0.216665	1	0.548033	16387.8
0.999009	0.252758	0.600038	17942.9
0.567279	1	0.888871	26579.9
0.563734	1	0.886851	26519.5
0.112022	0.000297087	0.000376417	11.256
0.336081	1	0.702545	21008.2
0.57204	1	0.891551	26660
0.921768	1.01199e-15	3.32161e-14	9.93262e-10
0.709718	0.0164274	0.0635602	1900.64
0.524867	0.232064	0.37824	11310.5
0.402487	0.232061	0.314842	9414.72
0.362245	0.232079	0.292235	8738.71
0.496536	0.157315	0.277268	8291.16
0.651849	0.232061	0.43697	13066.7
0.412079	0.560662	0.569547	17031.2
0.998916	0.596769	0.904502	27047.3
0.727044	0.610613	0.80445	24055.5
0.142007	0.00127611	0.00174255	52.1073
0.210246	0.059844	0.0676342	2022.47
0.216908	0.000114733	0.000288713	8.6334
0.847325	1	0.987702	29535.3
0.936397	1	0.997933	29841.2
0.382688	0.00329246	0.00967247	289.236
0.807371	0.0268616	0.104772	3132.99
0.846481	1	0.987562	29531.1
0.871529	1	0.99137	29644.9
0.926681	1	0.997244	29820.6
0.999139	1	1	29903
0.0561981	0.157621	0.0507247	1516.82
0.703824	0.108627	0.273023	8164.21
0.50248	0.108469	0.213082	6371.78
0.935524	0.101299	0.318072	9511.31
0.369374	0.236293	0.300125	8974.64
0.283127	0.244803	0.254311	7604.65
0.998557	1	0.999999	29903
0.992834	1.56108e-10	3.65584e-09	0.000109321
0.986786	0.373958	0.736894	22035.4
5.28998e-05	0.00564705	4.78673e-06	0.143138
0.0155747	0.415674	0.0391028	1169.29
0.788276	0.439361	0.713574	21338
0.870642	0.289645	0.599583	17929.3
0.104833	1.10772e-11	3.30745e-11	9.89026e-07
0.141599	2.80602e-16	1.54022e-15	4.60573e-11
0.989215	5.05451e-14	1.58134e-12	4.72867e-08
0.224156	1.42002e-14	1.09437e-13	3.27249e-09
0.970714	4.25762e-10	9.34327e-09	0.000279392
0.593844	1.29181e-16	2.92328e-15	8.74148e-11
1	0.460364	0.817486	24445.3
0.972858	1.55148e-12	4.25934e-11	1.27367e-06
0.0473327	0.617372	0.132458	3960.89
0.0350559	0.00182669	0.000682375	20.405
0.935001	1	0.99784	29838.4
0.951047	1	0.998782	29866.6
0.988283	0.586437	0.895705	26784.3
0.697743	1.03975e-27	4.60612e-26	1.37737e-21
0.0665078	1.86243e-27	8.08329e-27	2.41715e-22
0.383439	7.50512e-27	1.78745e-25	5.34503e-21
0.796158	7.52798e-27	3.67873e-25	1.10005e-20
0.999232	1.03341e-25	6.04419e-24	1.80739e-19
0.999999	0.148413	0.431549	12904.6
0.996606	0.0833055	0.289637	8661
0.891919	0.352286	0.67797	20273.3
0.909552	0.0821977	0.268656	8033.62
0.903	0.349566	0.679642	20323.3
0.814766	0.350248	0.643215	19234.1
0.632175	1	0.922083	27573.1
0.370282	1	0.738154	22073
0.889463	1	0.993652	29713.2
0.565315	1	0.887755	26546.5
0.327076	1	0.692604	20710.9
0.661217	0.00293794	0.0140718	420.788
0.999962	0.00298994	0.0203683	609.073
0.878059	0.730336	0.926193	27695.9
0.396514	0.638842	0.601141	17975.9
1	0.399031	0.765627	22894.5
1	0.458044	0.815681	24391.3
0.985919	1	0.9999	29900
0.00153666	0.00163692	3.49465e-05	1.045
0.952453	0.258717	0.591579	17690
1	1	1	29903
0.999606	0.413396	0.778425	23277.3
0.955657	1	0.999002	29873.2
0.950057	1	0.998732	29865.1
0.172076	0.0480744	0.0479373	1433.47
0.428558	0.0480744	0.100589	3007.92
0.172076	0.0480744	0.0479373	1433.47
0.0686769	0.0481333	0.0221879	663.484
0.289763	0.0481333	0.0735365	2198.96
0.124164	1	0.383189	11458.5
0.999812	1	1	29903
0.383617	3.57946e-16	5.15261e-15	1.54079e-10
0.905983	0.0687096	0.235092	7029.97
0.943612	0.289372	0.627502	18764.2
0.958941	0.212655	0.528165	15793.7
0.960272	0.237895	0.565733	16917.1
0.935074	1	0.997845	29838.6
1	1.24518e-11	3.25106e-10	9.72166e-06
0.999958	1.42045e-39	1.28474e-37	3.84176e-33
0.982782	0.00276359	0.0187638	561.094
0.853347	0.00824776	0.0419224	1253.6
1	5.9736e-21	2.84146e-19	8.49682e-15
0.613761	0.0233504	0.0751732	2247.91
0.8598	7.41371e-10	1.41341e-08	0.000422653
1	0.113377	0.360203	10771.1
0.828006	1	0.98428	29432.9
0.137254	1	0.409829	12255.1
0.999991	1	1	29903
0.999997	0.277801	0.633622	18947.2
0.412516	1	0.777791	23258.3
0.854716	1	0.988894	29570.9
0.894176	0.610525	0.876354	26205.6
0.974711	1	0.999677	29893.4
0.219283	0.0485933	0.0590501	1765.77
0.999994	0.027955	0.127954	3826.2
0.190591	0.00588391	0.00873939	261.334
0.794762	0.00755917	0.0367356	1098.5
0.962891	0.740389	0.95416	28532.2
0.399847	0.0546014	0.105327	3149.58
0.961966	7.11127e-44	6.86754e-42	2.0536e-37
0.899473	1	0.994769	29746.6
0.999944	0.250074	0.596657	17841.8
0.249457	0.8444	0.538736	16109.8
1	1	1	29903
0.930097	0.900482	0.986024	29485.1
0.546625	1	0.876782	26218.4
1	0.891324	0.993868	29719.6
0.0057768	1.55912e-13	3.2103e-14	9.59977e-10
0.943593	0.554211	0.861962	25775.3
0.938247	1	0.998053	29844.8
0.736957	0.639209	0.825667	24689.9
3.51959e-05	0.0638462	3.14729e-05	0.941133
0.851228	1	0.98834	29554.3
0.999995	1	1	29903
0.993667	0.509469	0.850862	25443.3
0.0395045	1.59171e-45	6.7522e-45	2.01911e-40
0.238161	1	0.579876	17340
0.999998	1	1	29903
0.60609	1	0.909576	27199
0.999999	0.408658	0.774357	23155.6
0.954929	1	0.998969	29872.2
0.594155	1	0.903481	27016.8
0.810104	1	0.980706	29326.1
0.995985	1	0.999992	29902.8
0.0612305	0.235476	0.0755413	2258.91
0.00226829	1	0.0160793	480.819
0.441004	0.368655	0.457917	13693.1
3.33596e-06	0.379877	1.84749e-05	0.552454
0.901098	1	0.994939	29751.7
0.0747983	1	0.268747	8036.35
0.366771	1	0.734648	21968.2
0.181551	1	0.491316	14691.8
0.999995	1	1	29903
0.953978	1	0.998924	29870.8
0.968132	1	0.999487	29887.7
0.999998	1	1	29903
0.888373	1	0.993524	29709.3
0.221396	0.90862	0.523758	15661.9
0.998978	1	0.999999	29903
0.919077	1	0.996634	29802.3
0.817263	1	0.982182	29370.2
0.460132	1	0.817306	24439.9
0.671832	1	0.939051	28080.4
0.638262	1	0.924846	27655.7
1	0.236325	0.577235	17261
0.987455	0.0100362	0.0556382	1663.75
0.47117	0.785717	0.738078	22070.8
0.117558	0.814482	0.320379	9580.29
0.833272	1	0.985257	29462.1
0.343234	0.773646	0.617646	18469.5
0.661362	0.00303649	0.0144803	433.003
0.945006	0.632723	0.905433	27075.2
0.540689	0.0805973	0.180117	5386.03
0.849204	0.22479	0.507019	15161.4
0.999997	0.00271714	0.0187704	561.292
0.0164476	0.744916	0.0661864	1979.17
0.8799	1	0.992481	29678.1
0.879573	0.330225	0.649549	19423.4
0.955877	1	0.999012	29873.5
0.999997	0.5003	0.84678	25321.3
0.82956	0.0544787	0.185148	5536.49
0.999997	0.00989906	0.0555862	1662.19
0.748111	8.68993e-08	1.14085e-06	0.0341148
0.580988	1.26962e-09	1.62482e-08	0.000485871
0.511425	0.00443416	0.0160759	480.718
0.558724	1.60539e-08	1.75173e-07	0.00523821
0.999988	3.45788e-06	4.69397e-05	1.40364
0.999976	0.23605	0.57683	17249
0.923996	1	0.997036	29814.4
0.748928	1	0.965452	28869.9
0.46251	1	0.819145	24494.9
0.999971	1	1	29903
0.473404	0.803055	0.747845	22362.8
0.110618	1	0.354162	10590.5
0.999396	4.90527e-33	3.69613e-31	1.10525e-26
0.578041	0.00850104	0.0310349	928.037
0.303029	0.00102179	0.0028115	84.0722
0.799043	0.0175196	0.0737571	2205.56
0.98071	0.0206476	0.0992142	2966.8
0.79084	1	0.976418	29197.8
0.0968776	1	0.32302	9659.26
0.769259	1	0.971057	29037.5
0.578467	1	0.895105	26766.3
1	0.391277	0.758427	22679.3
0.987586	1	0.999923	29900.7
0.994223	1	0.999983	29902.5
0.950157	1	0.998737	29865.2
0.801115	1	0.978763	29267.9
0.975071	0.838028	0.982157	29369.4
0.224703	0.0665441	0.0777968	2326.36
0.965435	0.0661751	0.239619	7165.34
0.729706	0.0661751	0.194629	5820
0.729706	0.0661751	0.194629	5820
0.968229	0.00323154	0.0211734	633.147
0.999991	0.433619	0.795943	23801.1
0.780847	0.129445	0.332732	9949.67
0.780847	0.129445	0.332732	9949.67
0.192164	0.0662668	0.068299	2042.35
0.96695	0.244582	0.577485	17268.5
0.797931	0.103653	0.288852	8637.55
0.999999	0.215668	0.546505	16342.1
0.953537	0.146645	0.414925	12407.5
0.633116	0.0698159	0.182066	5444.32
0.896337	0.850511	0.969212	28982.3
1	0.0284521	0.129728	3879.26
0.708919	0.863085	0.912436	27284.6
0.99051	1	0.999955	29901.6
0.876395	1	0.992025	29664.5
1	0.00485389	0.0307153	918.479
0.318549	0.000321437	0.00104305	31.1903
0.983171	1	0.999858	29898.7
0.52446	1	0.862939	25804.5
0.684135	1	0.943833	28223.4
0.999998	1	1	29903
0.999849	0.27977	0.636084	19020.8
0.573691	0.607141	0.715661	21400.4
1	0.0191354	0.0948391	2835.97
0.00168274	4.87872e-07	1.7996e-08	0.000538134
0.144762	1	0.424538	12695
0.999792	5.47827e-09	1.09667e-07	0.00327937
0.659962	0.000618579	0.00359399	107.471
0.892598	0.0157854	0.0741459	2217.18
0.829498	1	0.98456	29441.3
0.103254	1.72978e-19	8.30019e-19	2.482e-14
1	2.54481e-17	9.97816e-16	2.98377e-11
0.898811	0.00335529	0.020519	613.58
0.904678	0.166791	0.436257	13045.4
0.843324	1	0.98703	29515.2
0.244066	1	0.588276	17591.2
0.820995	0.35158	0.647304	19356.3
0.972342	1.69086e-35	1.33325e-33	3.98683e-29
0.535983	0.0304647	0.0835181	2497.44
0.973381	0.000224769	0.00206259	61.6776
0.780931	3.33909e-05	0.000301294	9.00961
0.944058	0.00656308	0.0376952	1127.2
0.614965	0.00656308	0.0262848	785.995
0.427664	0.00656308	0.0192987	577.089
0.427664	0.00656308	0.0192987	577.089
1	0.0899901	0.306691	9170.99
1	0.00019127	0.00182889	54.6892
0.70359	0.495556	0.716037	21411.7
0.532386	0.00928322	0.0311853	932.535
0.324443	1.28695e-05	5.58933e-05	1.67138
0.548285	1	0.877783	26248.3
0.895163	1	0.994302	29732.6
0.999999	1	1	29903
0.879425	0.0928155	0.286144	8556.58
0.373999	1	0.741828	22182.9
1	0.420823	0.785063	23475.7
0.723506	0.756942	0.877401	26236.9
0.893027	1	0.994063	29725.5
0.984707	1	0.999882	29899.5
0.904517	1	0.995289	29762.1
0.978744	1	0.999772	29896.2
0.864819	0.00336513	0.0199046	595.206
0.757945	4.5049e-12	9.35666e-11	2.79792e-06
0.999984	1.68997e-09	3.58243e-08	0.00107125
0.976865	0.00159763	0.0116467	348.271
0.706117	0.770334	0.875158	26169.8
1	0.0933301	0.314673	9409.67
0.657662	0.0593101	0.165543	4950.23
0.953185	1	0.998887	29869.7
0.6508	0.609985	0.763736	22838
0.910042	0.241587	0.552887	16533
0.762368	0.000818703	0.00522985	156.388
1	0.000147508	0.00144877	43.3225
1	0.503169	0.84876	25380.5
0.201748	1	0.524693	15689.9
0.617496	0.0702696	0.179531	5368.52
0.523673	0.0750736	0.166541	4980.08
0.785891	0.0866527	0.251068	7507.7
0.181238	1	0.490782	14675.8
0.388287	1	0.755611	22595
0.60282	1	0.907929	27149.8
0.999999	0.0870882	0.299656	8960.61
0.995148	0.886236	0.992739	29685.9
0.691184	1	0.946472	28302.4
0.999983	1.25815e-08	2.41449e-07	0.00722004
0.094053	1	0.316385	9460.85
0.878163	0.238479	0.536835	16053
0.2484	1	0.594351	17772.9
0.999992	0.367481	0.735357	21989.4
0.144222	1	0.423495	12663.8
0.454867	1	0.813188	24316.8
0.262076	1	0.613028	18331.4
0.420334	1	0.78464	23463.1
0.99776	1	0.999997	29902.9
0.977725	1	0.99975	29895.5
0.944035	1	0.998404	29855.3
0.756852	0.891874	0.94031	28118.1
1	0.00024937	0.00231829	69.3237
0.7305	1	0.959896	28703.8
0.978684	1	0.999771	29896.2
0.995362	1	0.999989	29902.7
0.396069	1	0.762895	22812.8
0.993091	1	0.999976	29902.3
1	1	1	29903
0.120868	0.00114482	0.00136789	40.904
0.933386	0.000511034	0.00412504	123.351
1	0.0298579	0.134698	4027.88
0.671718	0.037122	0.116984	3498.17
0.946583	0.252117	0.580577	17361
1	2.78338e-05	0.00031979	9.56268
0.661505	1.4433e-06	1.41894e-05	0.424305
0.551847	0.0741308	0.17167	5133.45
0.0360841	0.00183097	0.000701972	20.9911
0.577274	0.000509037	0.0026836	80.2476
0.115304	3.5717e-26	2.54324e-25	7.60504e-21
0.999813	9.18827e-20	4.11869e-18	1.23161e-13
0.332753	0.0207208	0.0412107	1232.32
0.011836	5.44633e-21	3.35824e-21	1.00421e-16
0.257526	1	0.606895	18148
1	1	1	29903
0.273616	1	0.62823	18786
0.714394	1	0.954659	28547.2
0.902978	1	0.995133	29757.5
0.999997	5.36303e-05	0.000580997	17.3736
1	0.60722	0.91014	27215.9
0.485312	1	0.836175	25004.1
0.290678	1	0.649821	19431.6
0.930192	1	0.997505	29828.4
0.920332	0.753265	0.947234	28325.1
0.913147	0.409388	0.741663	22178
1	1	1	29903
0.39065	0.614139	0.582384	17415
0.475668	0.389048	0.497267	14869.8
0.777333	0.402225	0.676174	20219.6
0.190341	0.390683	0.267617	8002.55
0.755819	0.00855336	0.0390563	1167.9
0.612832	1	0.912914	27298.9
0.644105	1	0.927443	27733.3
0.611866	0.402819	0.591656	17692.3
0.224361	0.388948	0.300087	8973.51
0.67834	0.613532	0.781022	23354.9
0.996531	1	0.999994	29902.8
0.966814	0.613266	0.902834	26997.4
1	0.00159025	0.0118376	353.98
0.91596	1	0.996365	29794.3
0.511175	1	0.854195	25543
0.173058	1	0.476624	14252.5
0.207922	1.34222e-10	7.06123e-10	2.11152e-05
0.309928	8.61834e-10	6.15503e-09	0.000184054
0.911664	3.813e-29	2.31267e-27	6.91556e-23
0.999976	1.10932e-22	5.71874e-21	1.71007e-16
0.910581	3.28424e-11	7.54609e-10	2.25651e-05
0.985127	2.24063e-14	7.16148e-13	2.1415e-08
0.716823	1	0.955472	28571.5
0.75651	1	0.967606	28934.3
0.993418	1	0.999978	29902.4
0.938968	1	0.998098	29846.1
0.983314	1	0.99986	29898.8
0.746483	1	0.964741	28848.7
0.777515	1	0.973178	29101
0.760568	1	0.968728	28967.9
0.725016	1	0.958153	28651.7
0.655364	1	0.932297	27878.5
0.691051	1	0.946423	28300.9
0.755591	1	0.967349	28926.6
0.813456	1	0.981405	29346.9
0.488617	1	0.838553	25075.2
0.946437	1	0.998539	29859.3
0.0105802	1	0.0587069	1755.51
0.950026	0.580677	0.879799	26308.6
0.999987	0.00294718	0.0201199	601.645
0.681047	1	0.942654	28188.2
0.999968	0.000182716	0.00175541	52.492
0.174999	1	0.480018	14354
0.995347	1	0.999989	29902.7
0.869059	1	0.991026	29634.7
0.958378	1	0.999122	29876.7
0.999994	1	1	29903
0.658271	0.0189536	0.0671727	2008.66
0.363729	5.98569e-07	3.5575e-06	0.10638
0.973946	1.07013e-05	0.000129985	3.88693
1	0.76534	0.970019	29006.5
0.577024	0.166899	0.321681	9619.21
0.999998	1.51179e-14	4.96213e-13	1.48383e-08
0.999997	1	1	29903
0.843478	1	0.987056	29515.9
0.877543	0.742593	0.930721	27831.3
2.43214e-06	1	3.38718e-05	1.01287
0.207346	0.911971	0.504031	15072
0.00725356	1	0.0429865	1285.42
0.918676	1	0.9966	29801.3
0.969109	6.6418e-25	3.64974e-23	1.09138e-18
0.799548	7.0627e-14	1.77908e-12	5.31999e-08
0.06426	7.36117e-13	1.49866e-12	4.48144e-08
0.012552	1.2384e-11	4.73986e-12	1.41736e-07
0.0180759	2.3522e-15	1.6453e-15	4.91995e-11
0.122851	1.20569e-14	5.20583e-14	1.5567e-09
0.0127666	5.34697e-15	2.60921e-15	7.80232e-11
0.748506	0.0375383	0.128464	3841.47
0.888448	0.000857759	0.00623336	186.396
1	2.73196e-45	2.83062e-43	8.46439e-39
0.887267	1	0.993392	29705.4
0.628382	1	0.920333	27520.7
0.0302752	1	0.136161	4071.61
0.462743	1	0.819325	24500.3
0.71244	1	0.954	28527.4
0.251125	8.07195e-06	2.85998e-05	0.855219
0.996529	3.51571e-51	4.10534e-49	1.22762e-44
0.179387	3.27522e-07	1.03699e-06	0.031009
0.297104	0.00844268	0.0175287	524.16
0.999999	0.0384054	0.16359	4891.83
0.881898	0.208102	0.494674	14792.2
0.786535	0.161675	0.389409	11644.5
0.184313	1.22596e-10	5.76499e-10	1.72391e-05
0.995888	1	0.999992	29902.7
0.99232	1	0.99997	29902.1
1	1	1	29903
0.301633	1	0.663153	19830.3
1	0.00926774	0.052652	1574.45
0.12774	1	0.390599	11680.1
0.988647	0.783558	0.972455	29079.3
0.99999	1	1	29903
0.999979	0.168309	0.468221	14001.2
0.132477	1	0.400258	11968.9
0.210128	1	0.537935	16085.9
0.342859	1	0.709868	21227.2
0.275969	1	0.63127	18876.9
0.221104	1	0.554778	16589.5
0.29356	1	0.653368	19537.7
0.353078	1	0.720655	21549.8
0.806561	1	0.979952	29303.5
0.246665	0.20329	0.20022	5987.17
0.127171	1	0.389426	11645
0.0921487	0.169505	0.0805853	2409.74
0.0656591	0.153221	0.0563296	1684.42
0.233381	0.154426	0.155806	4659.07
0.0735371	1	0.265466	7938.24
0.132937	1	0.401189	11996.8
0.386817	1	0.754217	22553.4
0.166794	1	0.465522	13920.5
0.169904	1	0.471063	14086.2
0.0675472	1	0.249582	7463.25
0.912002	1	0.996009	29783.7
0.967626	1	0.99947	29887.2
0.365527	2.06863e-61	1.07173e-59	3.2048e-55
1	1	1	29903
0.00197673	1	0.0142844	427.148
0.106804	1	0.345699	10337.4
0.994498	1	0.999985	29902.5
0.845022	1	0.987317	29523.8
0.998902	1	0.999999	29903
1	1	1	29903
0.973568	1	0.999648	29892.5
0.453923	0.0709531	0.142857	4271.86
1	1.53576e-15	5.392e-14	1.61237e-09
0.0925509	0.0981701	0.0517982	1548.92
0.874804	0.000399328	0.00312985	93.5919
0.96711	0.104382	0.332439	9940.91
0.254078	0.0243026	0.0375874	1123.98
0.0665682	3.55899e-09	5.48775e-09	0.0001641
1	1	1	29903
0.983025	1	0.999855	29898.7
0.45857	1	0.816091	24403.6
1	2.15644e-10	5.01533e-09	0.000149973
0.000601923	0.0395052	0.000276948	8.28158
0.327529	1	0.69311	20726.1
0.778203	1	0.973351	29106.1
0.193902	1	0.511979	15309.7
0.965235	1	0.999389	29884.7
1	0.560061	0.884734	26456.2
0.43666	1	0.798477	23876.8
0.513052	1	0.855452	25580.6
0.972456	1	0.999617	29891.6
0.999999	0.000267364	0.00246693	73.7688
0.769807	0.76505	0.900743	26934.9
0.30774	0.481456	0.431073	12890.4
0.335276	0.512242	0.474311	14183.3
1	4.43878e-12	1.20471e-10	3.60245e-06
0.538578	0.0856694	0.188069	5623.82
0.616778	0.592806	0.733502	21933.9
0.527627	0.350076	0.496679	14852.2
0.41353	0.0810872	0.147382	4407.15
0.887835	0.000129031	0.00115411	34.5113
0.993354	1	0.999978	29902.3
0.930904	1	0.997556	29829.9
1	1	1	29903
0.350144	1	0.717589	21458.1
0.57519	1	0.893302	26712.4
0.999999	1	1	29903
0.52248	1	0.861658	25766.2
0.622387	0.527412	0.693919	20750.3
1	0.0191412	0.0948621	2836.66
0.984053	0.360836	0.722737	21612
1	3.27747e-09	6.73068e-08	0.00201268
0.347908	1	0.715235	21387.7
0.949731	1	0.998715	29864.6
0.229999	0.0736635	0.0860331	2572.65
1	1	1	29903
0.691552	1	0.946608	28306.4
0.975641	1	0.999701	29894.1
0.999998	5.39802e-06	7.0873e-05	2.11932
0.583697	0.186545	0.350335	10476.1
0.999557	0.0232905	0.110817	3313.76
0.999981	8.00844e-41	7.47377e-39	2.23488e-34
0.999992	1	1	29903
0.953863	1	0.998919	29870.7
0.848951	1	0.98797	29543.3
0.999998	1	1	29903
0.963463	1	0.999324	29882.8
0.999759	1.17152e-70	1.89768e-68	5.67463e-64
1	1.82245e-19	8.04592e-18	2.40597e-13
0.999999	0.117855	0.369865	11060.1
1	0.000170471	0.00164964	49.3292
0.99802	1	0.999998	29902.9
0.999991	1	1	29903
0.524323	1	0.86285	25801.8
0.645359	1	0.927993	27749.8
0.999982	0.141311	0.417821	12494.1
1	0.0182302	0.0912361	2728.23
0.79751	0.331059	0.615628	18409.1
0.863005	1	0.990156	29608.6
0.131091	1	0.39745	11884.9
0.995047	1	0.999988	29902.6
1	0.755092	0.967209	28922.5
0.997836	0.0658617	0.244631	7315.19
0.776084	1	0.972817	29090.1
0.901935	1	0.995026	29754.3
0.248997	3.71329e-10	2.22867e-09	6.6644e-05
1	0.244268	0.588561	17599.7
0.941798	1	0.998272	29851.3
0.86569	0.248483	0.545648	16316.5
1	4.57548e-08	8.1901e-07	0.0244909
0.938128	1	0.998045	29844.5
0.991428	1	0.999963	29901.9
0.999987	0.397242	0.763975	22845.1
0.709223	0.608203	0.794046	23744.4
0.363673	0.618269	0.560395	16757.5
0.268223	1	0.621188	18575.4
0.830524	1	0.984751	29447
1	0.414446	0.779495	23309.2
1	0.475001	0.82861	24777.9
0.919768	1	0.996692	29804.1
1	0.00076775	0.00627408	187.614
0.83297	1	0.985202	29460.5
0.908256	0.0364808	0.146028	4366.67
0.966493	0.000496235	0.00414503	123.949
0.991886	1	0.999967	29902
0.999995	1	1	29903
0.00227895	1	0.0161442	482.759
0.975035	1	0.999686	29893.6
0.971997	1	0.999604	29891.2
0.891535	0.0878346	0.277766	8306.03
0.00830571	6.49819e-10	1.45428e-10	4.34875e-06
0.944631	1	0.998438	29856.3
0.943691	0.000289034	0.00251127	75.0945
0.981231	0.000288984	0.0025997	77.7389
0.978627	0.000152635	0.00146521	43.8141
0.972729	0.00028888	0.0025788	77.1139
0.931995	0.0496617	0.188514	5637.14
0.909517	0.000289107	0.00243057	72.6814
0.97063	0.00028869	0.00257233	76.9203
0.970207	0.000288784	0.00257208	76.9128
1	0.000580192	0.00490387	146.64
0.998498	2.38212e-07	3.86551e-06	0.11559
0.986931	1	0.999914	29900.4
0.950965	0.0161119	0.0793439	2372.62
0.843978	0.103411	0.300116	8974.37
0.794849	1	0.977349	29225.7
0.606384	1	0.909722	27203.4
0.915031	1	0.996283	29791.9
0.694729	1	0.947773	28341.2
1	0.882707	0.992835	29688.8
0.299871	1	0.661037	19767
0.971648	1	0.999594	29890.9
1	1	1	29903
0.899129	1	0.994732	29745.5
0.999998	1	1	29903
1	6.04895e-17	2.31941e-15	6.93574e-11
0.323862	0.000142168	0.000505823	15.1256
1	4.26633e-12	1.1596e-10	3.46755e-06
0.679136	1	0.941917	28166.1
0.37273	1	0.740577	22145.5
1	0.868158	0.990899	29630.9
0.581244	1	0.896618	26811.6
0.780974	1	0.974041	29126.8
0.602728	0.0650846	0.166263	4971.78
0.445284	0.0352618	0.0809255	2419.92
0.679109	0.236667	0.454536	13592
0.79675	0.601782	0.831916	24876.8
0.999999	0.00390762	0.0255747	764.759
0.786333	1	0.975348	29165.8
0.320901	1	0.685645	20502.8
0.935775	1	0.997892	29840
0.686252	1	0.944633	28247.4
0.954487	1	0.998948	29871.5
0.945174	1	0.998469	29857.2
0.771945	1	0.971757	29058.4
0.0822692	1	0.287758	8604.82
0.398424	1	0.765069	22877.9
0.654843	1	0.932077	27871.9
0.803592	1	0.979308	29284.3
0.934913	1	0.997834	29838.2
0.623108	1	0.91786	27446.8
0.428665	0.000801075	0.00308251	92.1764
0.834522	0.116893	0.324586	9706.1
0.183081	1	0.493921	14769.7
0.964525	9.62875e-05	0.000955119	28.5609
0.00915096	1	0.0521046	1558.08
0.345968	1	0.713182	21326.3
0.798673	0.0877473	0.256365	7666.07
0.750464	1	0.965895	28883.2
0.210789	1	0.538965	16116.7
0.999881	1	1	29903
0.980152	1	0.999802	29897.1
0.805966	1	0.979824	29299.7
0.38876	1	0.756057	22608.4
0.999999	0.478409	0.831135	24853.4
0.934688	1	0.997819	29837.8
0.980568	0.365955	0.726611	21727.9
0.672381	0.229833	0.443104	13250.1
0.999999	0.289902	0.648862	19402.9
0.191111	1	0.507381	15172.2
0.958803	1	0.99914	29877.3
0.000656826	3.89428e-06	5.31628e-08	0.00158973
0.211484	0.181187	0.163306	4883.33
0.152134	0.371197	0.218772	6541.94
0.692267	1	0.946872	28314.3
1	1	1	29903
0.977758	0.599365	0.899198	26888.7
0.556043	0.00395073	0.0156427	467.765
0.868189	0.753105	0.931651	27859.1
0.911738	1	0.995985	29782.9
0.711617	1	0.95372	28519.1
0.918002	1	0.996542	29799.6
0.130658	0.00588538	0.00628284	187.876
0.248541	6.06585e-05	0.000182457	5.45603
0.328015	6.06458e-05	0.000235235	7.03422
0.403108	7.67318e-05	0.000352113	10.5292
0.517449	1	0.858367	25667.8
0.999998	0.0883421	0.302707	9051.86
3.43974e-06	1.86019e-127	1.95405e-130	5.84318e-126
0.642459	0.00516837	0.0222725	666.015
0.999999	3.69061e-10	8.38508e-09	0.000250739
1	1.346e-06	1.95418e-05	0.584358
0.984172	0.479034	0.825955	24698.5
0.961748	0.00011075	0.00108082	32.3197
0.99277	1	0.999974	29902.2
0.749605	1	0.965648	28875.8
0.606475	1	0.909768	27204.8
0.248066	0.78885	0.514899	15397
0.985634	0.687416	0.941298	28147.6
0.906865	0.814395	0.962379	28778
0.644243	0.724714	0.822504	24595.3
0.94097	0.662182	0.917853	27446.6
0.780555	0.0212266	0.0845036	2526.91
0.602817	0.384763	0.570871	17070.7
0.731869	0.0959418	0.256724	7676.83
0.161812	1	0.456523	13651.4
1	0.42366	0.787509	23548.9
7.47235e-05	2.26171e-06	3.97176e-09	0.000118768
0.454394	0.194746	0.30307	9062.71
0.999978	1.1914e-31	8.6023e-30	2.57235e-25
2.37427e-06	0.017824	7.60811e-07	0.0227505
0.00308444	0.640603	0.0142793	426.994
0.763001	0.110069	0.292021	8732.29
0.95748	1	0.999083	29875.6
0.96643	0.550447	0.867732	25947.8
0.334194	1	0.700481	20946.5
0.561231	1	0.885411	26476.4
1	0.850376	0.988202	29550.2
0.459229	0.803507	0.736871	22034.7
0.964747	1	0.999371	29884.2
0.925488	1	0.997152	29817.8
0.997175	1	0.999996	29902.9
0.481686	0.0645263	0.138969	4155.6
0.340344	1	0.707166	21146.4
0.999998	0.499071	0.845928	25295.8
0.960495	0.685227	0.933472	27913.6
0.43748	0.181749	0.280823	8397.46
0.999994	7.88084e-08	1.36781e-06	0.0409016
0.171058	1	0.473103	14147.2
0.0423645	1	0.176297	5271.82
0.0332786	1	0.14652	4381.4
0.105246	1	0.342203	10232.9
0.0626078	1	0.236086	7059.67
0.000321439	1	0.00290668	86.9184
0.197428	1	0.517731	15481.7
0.913693	1	0.996164	29788.3
0.966511	1	0.999433	29886
0.786854	1	0.975473	29169.6
1	0.893614	0.994129	29727.4
0.599463	1	0.906221	27098.7
0.992731	0.343546	0.707925	21169.1
1	0.454195	0.812658	24300.9
0.999999	1	1	29903
0.626233	0.070733	0.182358	5453.06
0.999632	3.59804e-15	1.23219e-13	3.68462e-09
1	3.06796e-27	1.90363e-25	5.69243e-21
0.190938	0.168329	0.142627	4264.99
0.755026	0.577885	0.798193	23868.4
0.773177	0.129888	0.331239	9905.05
0.0195103	0.326269	0.0385555	1152.93
0.730541	5.45609e-06	5.35416e-05	1.60105
0.0245423	5.05551e-09	2.95422e-09	8.834e-05
0.758572	0.000365063	0.00254544	76.1163
0.836386	1.02883e-10	2.08035e-09	6.22086e-05
0.886166	1	0.99326	29701.5
0.548183	0.760393	0.781592	23371.9
0.133898	0.955678	0.391058	11693.8
1	1	1	29903
0.084532	0.021345	0.0132034	394.82
0.165468	0.186229	0.138044	4127.92
0.941142	1.76359e-05	0.000199278	5.95902
0.583709	4.24724e-06	3.4479e-05	1.03103
0.496278	1.43773e-10	1.73836e-09	5.19822e-05
0.177646	0.756311	0.404043	12082.1
0.233462	5.76847e-10	3.19552e-09	9.55558e-05
0.949555	0.0426436	0.170337	5093.59
0.979759	0.443541	0.796734	23824.8
0.987671	0.0156566	0.0799354	2390.31
0.890465	0.0276976	0.115979	3468.13
0.994584	0.532711	0.866375	25907.2
0.991762	0.184067	0.493019	14742.8
0.999466	5.61006e-07	8.63155e-06	0.258109
0.704166	1.22368e-05	0.000109103	3.26251
0.997171	0.0313329	0.139534	4172.5
0.846205	0.0115414	0.054973	1643.86
0.759835	0.843911	0.926173	27695.4
0.977823	0.719716	0.951002	28437.8
0.926519	0.00545894	0.0317976	950.843
0.965641	1	0.999403	29885.1
0.0655726	1	0.244232	7303.26
0.875312	1	0.991882	29660.2
0.386362	1	0.753784	22540.4
0.780452	0.74259	0.8957	26784.1
0.888466	1	0.993535	29709.7
0.838965	1	0.986276	29492.6
0.699466	1	0.949482	28392.4
0.946114	1	0.998521	29858.8
0.96763	1	0.99947	29887.2
0.209755	1	0.537353	16068.5
0.430152	1	0.793036	23714.1
0.988194	0.407795	0.769236	23002.5
0.704749	1	0.95135	28448.2
1	0.0644793	0.241243	7213.9
0.754334	1	0.966996	28916.1
0.705757	1	0.951702	28458.8
0.420069	1	0.78441	23456.2
0.915669	1	0.99634	29793.5
0.919633	1	0.99668	29803.7
0.628279	0.277637	0.479032	14324.5
0.198081	0.789506	0.446549	13353.1
0.99688	0.605689	0.908424	27164.6
0.941901	1	0.998279	29851.5
0.290026	1	0.649016	19407.5
0.751392	0.497437	0.741603	22176.2
0.894009	0.246777	0.554047	16567.7
0.638049	0.713726	0.813602	24329.1
0.461854	0.497784	0.567884	16981.4
0.0296907	0.497782	0.0770678	2304.56
0.574694	0.709678	0.77363	23133.9
0.999991	0.13627	0.407869	12196.5
1	0.119976	0.37438	11195.1
0.895103	1	0.994295	29732.4
0.467086	1	0.822651	24599.7
0.869283	1	0.991058	29635.6
0.0902782	1	0.307385	9191.72
0.969949	1	0.999544	29889.4
0.794893	0.838752	0.936998	28019
0.999987	1	1	29903
0.964739	1	0.999371	29884.2
0.0439412	0.127857	0.0347302	1038.54
0.57416	1	0.892731	26695.3
0.847216	1	0.987684	29534.7
0.96889	1	0.999511	29888.4
0.772357	0.106929	0.288552	8628.58
1	1	1	29903
0.967246	1	0.999458	29886.8
0.672556	1	0.939339	28089
0.998833	1	0.999999	29903
0.159544	1	0.452376	13527.4
0.999393	1	1	29903
0.863703	1	0.990258	29611.7
0.961179	1	0.999237	29880.2
0.605293	1	0.909176	27187.1
0.871864	1	0.991416	29646.3
0.556309	1	0.882546	26390.8
1	0.624469	0.918502	27466
0.678926	1	0.941836	28163.7
0.999999	0.35305	0.720626	21548.9
0.963115	1	0.999311	29882.4
0.203426	1	0.527373	15770
0.999994	1	1	29903
0.316246	0.663396	0.537418	16070.4
0.390165	0.245363	0.320339	9579.1
0.986485	0.0209339	0.100777	3013.53
0.819047	0.15293	0.385463	11526.5
0.998859	0.0232753	0.110699	3310.23
0.22045	0.252685	0.216561	6475.84
0.86545	0.407177	0.71994	21528.4
0.528881	0.00796321	0.0272486	814.816
0.811324	0.0317141	0.119906	3585.55
1	4.83604e-05	0.00052891	15.816
0.764744	0.0228788	0.0882827	2639.92
0.874104	0.31993	0.635987	19017.9
0.504074	0.384637	0.511952	15308.9
0.78177	5.6594e-12	1.20094e-10	3.59117e-06
0.025353	3.48565e-06	1.52368e-06	0.0455625
1	1.58585e-07	2.64154e-06	0.07899
0.265435	0.11668	0.138586	4144.14
0.000368386	4.52493e-05	3.1521e-07	0.00942573
0.955158	1	0.998979	29872.5
0.91575	1	0.996347	29793.8
0.853599	1	0.988718	29565.6
0.54867	1	0.878013	26255.2
0.839271	1	0.986329	29494.2
0.691872	1	0.946726	28309.9
0.705993	1	0.951784	28461.2
0.832487	1	0.985113	29457.8
0.548166	1	0.877711	26246.2
0.513412	1	0.855692	25587.7
0.932218	1	0.997649	29832.7
0.369638	1	0.737513	22053.9
0.449759	1	0.809136	24195.6
0.627787	1	0.920056	27512.4
0.75176	1	0.966266	28894.2
0.586684	1	0.899544	26899.1
0.142257	1	0.419676	12549.6
0.208446	1	0.535305	16007.2
0.246454	1	0.591633	17691.6
0.326453	1	0.691907	20690.1
0.37916	1	0.746868	22333.6
0.230939	1	0.569404	17026.9
0.316919	1	0.681093	20366.7
0.344182	1	0.711282	21269.5
0.404577	1	0.770684	23045.8
0.204097	1	0.52844	15801.9
0.262058	1	0.613003	18330.6
0.0500155	1	0.199833	5975.61
0.351732	1	0.719252	21507.8
0.0620799	0.524919	0.144159	4310.8
1	0.842693	0.986922	29511.9
0.160857	1	0.454782	13599.3
0.993089	0.850835	0.987306	29523.4
0.921386	1	0.996826	29808.1
0.548423	1	0.877865	26250.8
0.682342	1	0.94315	28203
0.709223	0.0510432	0.15634	4675.04
0.564917	0.677235	0.750171	22432.4
0.862902	0.0489264	0.175836	5258.03
0.997164	0.0225713	0.107898	3226.48
0.99175	0.000636189	0.0052799	157.885
1	0.108308	0.349053	10437.7
0.663109	1	0.935525	27975
0.999854	1	1	29903
0.948614	1	0.998657	29862.8
0.999995	1	1	29903
0.495349	0.301552	0.433379	12959.3
0.240646	1	0.583429	17446.3
1	0.167991	0.467661	13984.5
0.000822055	0.331197	0.00250719	74.9726
0.999996	0.244449	0.588815	17607.3
0.706946	1	0.952115	28471.1
0.68664	1	0.944779	28251.7
0.978893	0.823728	0.979905	29302.1
0.862821	1	0.990129	29607.8
0.999996	0.749145	0.965514	28871.8
0.904813	0.663557	0.906697	27113
0.580429	0.00211703	0.00946378	282.995
0.999999	1	1	29903
0.994168	1.84298e-16	6.82248e-15	2.04013e-10
0.978157	1	0.99976	29895.8
1	0.755186	0.967235	28923.2
0.972025	0.481044	0.823032	24611.1
0.899762	0.0240149	0.104467	3123.87
0.509776	0.0241049	0.0663449	1983.91
0.639679	0.0240124	0.0795042	2377.41
0.465275	0.119444	0.216186	6464.6
0.46896	0.119653	0.217739	6511.05
0.536316	0.119676	0.240434	7189.69
0.100895	0.454657	0.187246	5599.22
0.475531	1.32276e-05	8.16241e-05	2.4408
0.436215	0.00885307	0.0253206	757.161
1	8.3686e-07	1.25476e-05	0.375209
0.160129	0.663308	0.34438	10298
8.27882e-05	0.926089	0.000803188	24.0177
0.999988	1	1	29903
0.848526	1	0.9879	29541.2
0.088344	0.144592	0.0684724	2047.53
0.117326	0.608139	0.259726	7766.59
0.0234148	1	0.111323	3328.89
0.999999	1	1	29903
0.295561	0.00045496	0.00133314	39.865
0.971158	0.0467049	0.185658	5551.72
0.866671	1	0.990688	29624.5
0.476437	1	0.829677	24809.8
0.655219	1	0.932236	27876.7
0.635963	1	0.923809	27624.7
0.925702	1	0.997169	29818.3
0.85315	0.0555298	0.191853	5736.99
0.960751	1	0.999219	29879.7
1	5.04967e-08	8.9891e-07	0.0268801
0.942606	0.119841	0.359301	10744.2
0.530527	0.00473156	0.0175399	524.496
0.990851	0.186439	0.496719	14853.4
0.446877	1	0.806824	24126.5
0.878924	1	0.992355	29674.4
0.787013	1	0.975511	29170.7
0.959441	1	0.999166	29878.1
0.927324	1	0.997293	29822
0.823973	1	0.983509	29409.9
0.836681	1	0.985872	29480.5
0.999984	1	1	29903
0.313216	1	0.676816	20238.8
0.597307	1	0.905113	27065.6
0.914781	0.402502	0.73608	22011
0.028574	2.94443e-07	1.64848e-07	0.00492944
0.944798	0.000317998	0.00273712	81.848
0.00239328	2.4039e-07	1.28159e-08	0.000383234
1	0.0123146	0.0664617	1987.4
0.0310537	2.9547e-06	1.57856e-06	0.0472036
0.0527057	2.35928e-07	2.38782e-07	0.00714028
0.0527057	2.35928e-07	2.38782e-07	0.00714028
0.00492747	2.35928e-07	2.50788e-08	0.000749932
0.281382	2.35928e-07	1.1636e-06	0.034795
0.132832	2.35928e-07	5.72821e-07	0.0171291
0.289218	2.35928e-07	1.19413e-06	0.0357079
0.825343	1	0.983773	29417.8
0.999994	0.142968	0.421059	12590.9
0.508435	0.00452372	0.0162722	486.589
1	1	1	29903
0.918608	1	0.996594	29801.1
0.992809	1	0.999974	29902.2
0.994212	0.0169612	0.0857085	2562.94
0.797672	0.274188	0.551154	16481.2
0.87912	0.0169991	0.0777615	2325.3
1	1	1	29903
1	0.773696	0.972208	29071.9
0.812513	1	0.98121	29341.1
0.646226	1	0.928372	27761.1
0.999967	0.000281831	0.0025855	77.3141
0.999995	2.2603e-15	7.84848e-14	2.34693e-09
0.397552	0.00495975	0.0142535	426.223
1	1.21916e-09	2.62425e-08	0.00078473
0.997513	3.9013e-09	7.92502e-08	0.00236982
0.999999	0.00501911	0.0315928	944.719
1	1.20433e-05	0.000148458	4.43935
2.74203e-06	2.64967e-30	5.95115e-34	1.77957e-29
0.679207	2.46604e-09	3.55215e-08	0.0010622
0.00392151	3.10755e-31	9.35758e-32	2.7982e-27
0.999996	1.667e-13	5.07142e-12	1.51651e-07
0.766188	0.00502569	0.0252582	755.297
0.793526	6.16409e-15	1.66068e-13	4.96594e-09
0.923891	0.0678782	0.236375	7068.31
0.943427	0.0506975	0.193236	5778.34
0.819165	7.4649e-09	1.21765e-07	0.00364113
0.0257149	1	0.119849	3583.85
0.613659	1	0.913319	27311
0.999944	1	1	29903
0.980103	0.352864	0.713049	21322.3
0.999999	0.0191898	0.0950542	2842.4
0.966194	0.772842	0.964809	28850.7
0.980794	1	0.999814	29897.4
1	0.42639	0.789846	23618.8
0.942962	1	0.998341	29853.4
0.0176093	1	0.0887391	2653.56
1	1	1	29903
0.999998	1	1	29903
0.772588	0.382118	0.655398	19598.4
0.989709	0.611147	0.908957	27180.6
0.958772	0.382139	0.734261	21956.6
0.738308	0.00203573	0.0112729	337.093
0.915468	0.619993	0.889045	26585.1
1	8.84018e-07	1.32062e-05	0.394904
1	8.51868e-05	0.000883444	26.4176
0.999999	5.73751e-05	0.000617694	18.4709
0.755063	1	0.967201	28922.2
0.945353	1	0.998479	29857.5
1	0.686383	0.944682	28248.8
0	0	0	0
0.272116	0.0331661	0.0515126	1540.38
1	1.19871e-08	2.30624e-07	0.00689635
0.645219	0.437438	0.639277	19116.3
0.996682	1	0.999994	29902.8
0.981245	1	0.999823	29897.7
1	0.165899	0.463916	13872.5
0.991146	2.33132e-10	5.35808e-09	0.000160223
0.717573	0.479441	0.711123	21264.7
0.993092	0.412097	0.774887	23171.4
1	0.193752	0.511733	15302.4
1	0.478996	0.831567	24866.3
1	0.621961	0.917316	27430.5
0.458133	0.59438	0.626528	18735.1
0.67967	4.97488e-06	4.59761e-05	1.37482
0.717805	4.94946e-06	4.81319e-05	1.43929
0.233729	0.0590483	0.0729122	2180.29
0.933376	2.0006e-08	3.50984e-07	0.0104955
0.0249236	1.97096e-08	1.10204e-08	0.000329543
0.0923001	1.97096e-08	3.84303e-08	0.00114918
0.812433	0.381875	0.673357	20135.4
0.000133107	0.847581	0.00113831	34.0389
2.25434e-08	8.27993e-12	8.23626e-18	2.46289e-13
0.923178	0.620797	0.892145	26677.8
0.0654521	0.358887	0.111605	3337.32
0.0012449	0.872734	0.00850141	254.218
0.189326	0.876044	0.463842	13870.3
0.50386	1	0.849234	25394.7
0.138274	0.790116	0.351148	10500.4
1	0.908525	0.995682	29773.9
0.743367	1	0.963824	28821.2
0.917504	0.787546	0.957365	28628.1
0.439249	2.36845e-07	1.77675e-06	0.0531301
0.919132	3.37559e-05	0.000353099	10.5587
0.6897	2.51096e-06	2.47066e-05	0.738802
0.849416	1	0.988046	29545.5
0.96031	1	0.999202	29879.1
0.999999	1	1	29903
0.772553	1	0.971914	29063.1
0.93476	1	0.997824	29837.9
0.850897	1	0.988286	29552.7
0.0658517	0.0958921	0.0382977	1145.21
0.696114	0.0238578	0.0846644	2531.72
0.789079	0.0238578	0.0936113	2799.26
0.543918	0.0238578	0.0693551	2073.93
0.477113	0.0909883	0.179595	5370.44
0.999999	1	1	29903
0.99998	0.201695	0.524602	15687.2
0.000208705	0.0527506	0.0001367	4.08774
0.0143122	0.0527506	0.00618239	184.872
0.0220687	0.0105485	0.00218018	65.1938
0.685556	1	0.944371	28239.5
0.992208	0.073316	0.263394	7876.27
0.630229	0.00837464	0.0329566	985.502
0.30796	0.0304562	0.0531735	1590.05
0.0170474	0.0125545	0.00202239	60.4755
0.114975	0.0125545	0.0108847	325.484
0.0998428	0.0125545	0.00962902	287.936
0.12314	0.0125545	0.0115516	345.427
0.347969	0.0125545	0.0281045	840.408
0.75619	0.35358	0.620069	18541.9
0.713604	0.000650737	0.00402832	120.459
0.968628	0.379259	0.73524	21985.9
0.999993	0.18842	0.502906	15038.4
1	8.13925e-05	0.000847802	25.3518
1	0.00184664	0.0134701	402.796
0.978622	0.00170344	0.0123305	368.719
0.187507	1.37117e-05	3.56636e-05	1.06645
0.999999	0.654804	0.93206	27871.4
0.689505	0.00922585	0.0385336	1152.27
0.856419	0.697007	0.904919	27059.8
0.60247	0.161069	0.323397	9670.53
0.980556	0.191581	0.501966	15010.3
0.781479	0.410618	0.685631	20502.4
1	9.97544e-07	1.47816e-05	0.442014
1	1.68512e-34	1.3273e-32	3.96903e-28
0.0128568	1	0.0688338	2058.34
0.264105	1	0.615736	18412.4
0.998864	0.849965	0.987978	29543.5
1	0.650136	0.930067	27811.8
0.999994	0.871312	0.991339	29644
0.743039	1	0.963727	28818.3
0.107583	1	0.347438	10389.4
0.480201	0.831136	0.765702	22896.8
0.996739	1	0.999995	29902.8
1	4.06054e-05	0.000451192	13.492
0.92505	0.000926744	0.0069112	206.666
0.954599	1.11969e-12	3.05311e-11	9.12973e-07
0.996237	0.00417391	0.0269563	806.073
0.208542	4.40441e-06	1.36862e-05	0.409258
0.458932	0.111768	0.203646	6089.62
0.614728	0.215698	0.400499	11976.1
0.0338334	0.00171436	0.00062382	18.6541
0.00496621	0.00020842	1.52993e-05	0.457494
0.77074	0.000226487	0.00168509	50.3894
0.766224	0.000129632	0.00101484	30.3467
0.999999	0.248776	0.594873	17788.5
0.918167	0.00440081	0.0263102	786.755
0.441304	0.0176516	0.0456084	1363.83
0.99996	0.000203847	0.0019361	57.8951
0.522888	1	0.861922	25774.1
0.441284	1	0.802283	23990.7
0.464072	1	0.820347	24530.8
0.357054	1	0.724772	21672.9
1	1	1	29903
0.458307	0.78975	0.729779	21822.6
0.112046	1	0.357298	10684.3
0.989147	0.0156456	0.0799862	2391.83
1	1	1	29903
0.997142	1	0.999996	29902.9
0.991646	1	0.999965	29902
0.990626	1	0.999956	29901.7
0.995072	1	0.999988	29902.6
0.999987	1	1	29903
0.05188	0.000187333	0.000121888	3.64483
0.203859	0.023185	0.0300347	898.129
0.693591	0.200891	0.41395	12378.3
0.953414	0.000825783	0.00641415	191.802
0.776548	0.00137167	0.00835583	249.865
0.847069	0.00137185	0.00901468	269.566
0.562981	0.124493	0.25638	7666.53
0.80089	0.0445277	0.154547	4621.41
0.503978	0.00357002	0.013171	393.851
0.546211	1	0.876532	26210.9
0.985238	1	0.999891	29899.7
0.888741	1	0.993567	29710.6
0.710681	1	0.953401	28509.6
0.999998	1	1	29903
0.106662	1	0.345382	10327.9
0.817745	1	0.982279	29373.1
0.999995	1	1	29903
0.99999	0.333612	0.699839	20927.3
0.838317	1	0.986162	29489.2
0.994724	0.383215	0.748835	22392.4
0.999982	1.461e-07	2.44552e-06	0.0731284
0.657297	1	0.933111	27902.8
0.632358	0.338108	0.54364	16256.5
0.673362	0.412444	0.633524	18944.3
0.802599	0.229606	0.495956	14830.6
0.104959	1	0.341557	10213.6
0.055039	1	0.214636	6418.27
0.997105	1	0.999996	29902.9
0.55323	1	0.880732	26336.5
1	3.00802e-13	8.97363e-12	2.68338e-07
0.167529	0.000262238	0.000484701	14.494
0.999999	0.0310687	0.138925	4154.28
0.978426	0.836633	0.982448	29378.1
0.973294	0.814314	0.976822	29209.9
0.999999	0.000107043	0.00108565	32.4643
0.999933	1.40096e-40	1.29953e-38	3.88599e-34
0.462486	0.0303651	0.073947	2211.24
0.973738	1	0.999652	29892.6
0.912991	0.547203	0.84629	25306.6
0.389327	0.571828	0.557072	16658.1
0.010762	0.864197	0.0528053	1579.04
0.0122186	0.864214	0.0586127	1752.7
0.623	0.932082	0.896316	26802.5
0.301042	0.796794	0.58232	17413.1
0.713932	0.88288	0.921228	27547.5
0.0544519	1	0.212931	6367.27
0.999794	0.930582	0.997519	29828.8
1	0.297774	0.658503	19691.2
0.891891	1	0.993933	29721.6
0.999975	0.694758	0.947777	28341.4
1	0.40079	0.76724	22942.8
0.114504	1	0.362652	10844.4
0.831793	8.69206e-05	0.000761657	22.7758
1	0.00272878	0.0188392	563.349
0.999969	9.64343e-16	3.43056e-14	1.02584e-09
0.999977	0.025328	0.118428	3541.35
0.425426	0.875266	0.740213	22134.6
0.546215	0.315798	0.475633	14222.9
0.477869	0.816395	0.757349	22647
0.588773	0.239423	0.417151	12474.1
0.174279	1	0.478761	14316.4
0.750761	0.837696	0.920577	27528
0.996866	0.30844	0.670098	20037.9
0.992692	0.42608	0.786913	23531.1
0.99054	0.461477	0.814951	24369.5
0.999998	3.25074e-12	8.92397e-11	2.66853e-06
0.862674	0.385344	0.69854	20888.4
0.803939	0.654459	0.864024	25836.9
0.999999	0.00334392	0.0224063	670.016
0.999999	0.439695	0.800981	23951.7
0.999992	1	1	29903
0.930546	1	0.99753	29829.1
0.111176	0.348129	0.164561	4920.88
0.173669	0.123535	0.103878	3106.25
0.733784	0.0127401	0.0530298	1585.75
1	1	1	29903
1	0.205841	0.531204	15884.6
0.642763	1	0.926851	27715.6
0.306728	0.399061	0.379503	11348.3
0.999971	0.408813	0.774484	23159.4
0.224116	1	0.559302	16724.8
0.909732	0.555565	0.850298	25426.5
0.480057	0.553585	0.617924	18477.8
0.652735	0.851268	0.882161	26379.2
0.983464	0.702161	0.946238	28295.4
0.560589	0.0670206	0.160861	4810.23
0.731691	0.0681577	0.199398	5962.6
0.657788	0.0678972	0.1835	5487.19
0.999965	0.077823	0.276523	8268.87
0.358368	0.736707	0.615613	18408.7
0.283585	0.00244567	0.00573825	171.591
0.123613	0.0851415	0.0584539	1747.95
0.45435	2.29106e-05	0.000129835	3.88245
0.18957	1.65379e-07	5.73031e-07	0.0171354
0.234814	9.62808e-27	1.40971e-25	4.21545e-21
0.972085	0.330135	0.685665	20503.4
0.435076	1	0.797162	23837.5
0.984599	0.00147771	0.0109598	327.731
0.999823	0.0279739	0.128004	3827.72
0.329489	1	0.695292	20791.3
0.562356	0.232721	0.397005	11871.6
0.739664	0.0366272	0.124853	3733.49
0.521214	0.361719	0.503097	15044.1
0.145868	0.234083	0.149458	4469.25
1	0.405096	0.771153	23059.8
0.343098	1	0.710124	21234.8
0.953526	1	0.998903	29870.2
0.999999	0.83603	0.985755	29477
0.581966	1	0.897009	26823.3
0.138898	0.820154	0.361379	10806.3
0.422576	1	0.786577	23521
0.998954	0.724443	0.957724	28638.8
0.957268	0.0679671	0.24284	7261.66
0.8766	0.178749	0.447116	13370.1
0.971124	0.630969	0.912874	27297.7
0.566281	0.199681	0.359547	10751.5
1	0.265597	0.617719	18471.6
1	1	1	29903
0.459749	1	0.817008	24431
0.328619	1	0.694324	20762.4
0.436782	0.628311	0.62929	18817.7
0.521389	0.628144	0.693086	20725.4
0.306077	0.509097	0.445504	13321.9
