quality	AA	AC	AG	AT	A.	CA	CC	CG	CT	C.	GA	GC	GG	GT	G.	TA	TC	TG	TT	T.	.A	.C	.G	.T	..
0	NA	NA	NA	NA	NA	NA	NA	NA	NA	NA	NA	NA	NA	NA	NA	NA	NA	NA	NA	NA	NA	NA	NA	NA	NA
1	NA	NA	NA	NA	NA	NA	NA	NA	NA	NA	NA	NA	NA	NA	NA	NA	NA	NA	NA	NA	NA	NA	NA	NA	NA
2	NA	NA	NA	NA	NA	NA	NA	NA	NA	NA	NA	NA	NA	NA	NA	NA	NA	NA	NA	NA	NA	NA	NA	NA	NA
3	NA	NA	NA	NA	NA	NA	NA	NA	NA	NA	NA	NA	NA	NA	NA	NA	NA	NA	NA	NA	NA	NA	NA	NA	NA
4	NA	NA	NA	NA	NA	NA	NA	NA	NA	NA	NA	NA	NA	NA	NA	NA	NA	NA	NA	NA	NA	NA	NA	NA	NA
5	NA	NA	NA	NA	NA	NA	NA	NA	NA	NA	NA	NA	NA	NA	NA	NA	NA	NA	NA	NA	NA	NA	NA	NA	NA
6	NA	NA	NA	NA	NA	NA	NA	NA	NA	NA	NA	NA	NA	NA	NA	NA	NA	NA	NA	NA	NA	NA	NA	NA	NA
7	NA	NA	NA	NA	NA	NA	NA	NA	NA	NA	NA	NA	NA	NA	NA	NA	NA	NA	NA	NA	NA	NA	NA	NA	NA
8	NA	NA	NA	NA	NA	NA	NA	NA	NA	NA	NA	NA	NA	NA	NA	NA	NA	NA	NA	NA	NA	NA	NA	NA	NA
9	NA	NA	NA	NA	NA	NA	NA	NA	NA	NA	NA	NA	NA	NA	NA	NA	NA	NA	NA	NA	NA	NA	NA	NA	NA
10	1	NA	NA	NA	NA	NA	0.923077	NA	0.0769231	NA	0.010101	NA	0.979798	0.010101	NA	NA	NA	NA	1	NA	NA	NA	NA	NA	1
11	0.973484	0.0145116	0.00395333	0.00771382	0.00033748	0.0677369	0.909449	0.00506971	0.0176736	7.04126e-05	0.0227495	0.00457681	0.918055	0.054316	0.000302877	0.0237634	0.00704101	0.0223552	0.94684	NA	7.11318e-05	1.42264e-05	NA	7.11318e-05	0.999844
12	0.971719	0.0147078	0.00552978	0.00792841	0.000114905	0.0530245	0.929091	0.00529483	0.0123419	0.0002476	0.0112558	0.00408553	0.947595	0.0369228	0.000141286	0.0107306	0.0069035	0.0232558	0.958945	0.000164805	2.67729e-05	2.67729e-05	4.20718e-05	0.000198885	0.999705
13	0.967826	0.017627	0.00537723	0.00903782	0.00013159	0.0360776	0.949344	0.00429413	0.0101943	9.04357e-05	0.00776578	0.0033032	0.967757	0.0210557	0.000118607	0.0115418	0.00823783	0.0210608	0.95902	0.000139506	2.76907e-05	3.3984e-05	1.95094e-05	6.60801e-05	0.999853
14	0.966008	0.018841	0.00528133	0.00969959	0.000170238	0.031759	0.953153	0.00402724	0.0109057	0.000154894	0.0138519	0.00608238	0.947246	0.0326559	0.000163798	0.014045	0.00957916	0.0196157	0.956529	0.000231257	6.96247e-05	3.60557e-05	3.23258e-05	4.35155e-05	0.999818
15	0.962833	0.0166774	0.00906718	0.0112526	0.000169744	0.0282561	0.95541	0.00460986	0.0116324	9.12023e-05	0.0132609	0.0067575	0.952313	0.0275382	0.00013048	0.0142358	0.0106056	0.0217645	0.953201	0.000192828	0.000103785	3.79214e-05	3.59256e-05	7.78387e-05	0.999745
16	0.964179	0.01525	0.00791401	0.0125379	0.000119479	0.0251605	0.957602	0.00416687	0.0129785	9.23406e-05	0.0126634	0.0057447	0.953125	0.0283716	9.49347e-05	0.0177169	0.0116895	0.0267327	0.943684	0.000176505	6.03017e-05	2.80142e-05	2.8489e-05	4.60572e-05	0.999837
17	NA	NA	NA	NA	NA	NA	NA	NA	NA	NA	NA	NA	NA	NA	NA	NA	NA	NA	NA	NA	NA	NA	NA	NA	NA
18	1	NA	NA	NA	NA	0.2	0.8	NA	NA	NA	NA	NA	1	NA	NA	NA	NA	NA	1	NA	NA	NA	NA	NA	1
19	1	NA	NA	NA	NA	NA	1	NA	NA	NA	NA	NA	0.984375	0.015625	NA	NA	NA	NA	1	NA	NA	NA	NA	NA	1
20	0.997465	0.00158453	0.000316907	0.000633814	NA	0.00946124	0.990013	NA	0.000525624	NA	0.0023044	0.000438933	0.993197	0.00406013	NA	0.00124378	NA	0.00820896	0.990547	NA	4.30459e-05	NA	NA	4.30459e-05	0.999914
21	0.99685	0.00211707	0.000579674	0.000428454	2.52032e-05	0.00483207	0.993819	0.000409787	0.000887872	5.12234e-05	0.000687251	0.000376352	0.996547	0.00233993	4.90894e-05	0.000686094	0.00174232	0.0019319	0.995595	4.51378e-05	1.61512e-05	1.2921e-05	3.23025e-06	4.19932e-05	0.999926
22	0.996825	0.00190854	0.000774754	0.000434618	5.66893e-05	0.00481667	0.993618	0.000451562	0.00105365	6.02083e-05	0.00108258	0.000427996	0.99577	0.0026435	7.55287e-05	0.00101661	0.000889534	0.00277753	0.995244	7.2615e-05	2.21254e-05	1.6594e-05	5.53134e-06	0.000149346	0.999806
23	0.997741	0.00126616	0.00040517	0.000567238	2.02585e-05	0.00308406	0.995792	0.000273819	0.000821456	2.8823e-05	0.000557585	0.000223034	0.997324	0.00185397	4.18188e-05	0.000350173	0.0014411	0.00146803	0.99668	6.06069e-05	2.57744e-05	7.73232e-06	1.28872e-05	5.41262e-05	0.999899
24	0.998215	0.000848648	0.000614538	0.000321901	NA	0.00243273	0.995475	0.000389238	0.00165426	4.86547e-05	0.000883105	0.000185917	0.996886	0.00199861	4.64792e-05	0.00056737	0.00205934	0.00115575	0.996091	0.000126082	3.23154e-05	1.61577e-05	8.07885e-06	8.88673e-05	0.999855
25	0.997629	0.00110169	0.000598745	0.000526896	0.000143699	0.00319792	0.995144	0.000315843	0.00130285	3.94804e-05	0.000631383	0.000557103	0.996955	0.00181987	3.71402e-05	0.000456688	0.000748968	0.00109605	0.997589	0.000109605	6.72567e-05	NA	2.69027e-05	6.72567e-05	0.999839
26	0.997392	0.00123162	0.000941824	0.00036224	7.2448e-05	0.00213828	0.995961	0.000950344	0.000831551	0.000118793	0.000587199	0.00011744	0.996829	0.00223136	0.00023488	0.000298537	0.00119415	0.000696587	0.997661	0.000149269	5.90528e-05	3.93685e-05	7.87371e-05	0.00013779	0.999685
27	0.996458	0.00124502	0.00154852	0.000694677	5.39555e-05	0.00274783	0.995431	0.00037244	0.00140748	4.11417e-05	0.00152502	0.000669431	0.994141	0.00364238	2.25651e-05	0.00104935	0.00110447	0.00406735	0.993696	8.26698e-05	3.761e-05	1.26646e-05	1.1897e-05	2.57129e-05	0.999912
28	0.998252	0.000317733	0.00117561	0.00019064	6.35465e-05	0.000519211	0.9985	0.000144225	0.000807661	2.8845e-05	0.00137153	0.000253988	0.996698	0.00167632	NA	0.000503398	0.000818022	0.000503398	0.998175	NA	2.83571e-05	7.08928e-06	7.08928e-06	5.67143e-05	0.999901
29	0.999698	0.000150875	NA	NA	0.000150875	0.000289101	0.999422	NA	0.000289101	NA	0.00120809	0.000100675	0.99849	0.000201349	NA	NA	NA	0.00048216	0.999036	0.00048216	NA	NA	NA	NA	1
30	0.998136	0.000431423	0.00104561	0.000355582	3.10823e-05	0.000432442	0.998165	0.0002087	0.0011864	7.52073e-06	0.000879109	0.000229254	0.998023	0.000862863	5.41546e-06	0.000347602	0.00142942	0.00061185	0.997576	3.54695e-05	2.32833e-05	5.31022e-06	3.6763e-06	3.51291e-05	0.999933
31	0.998522	0.000346943	0.000904404	0.000183468	4.35149e-05	0.000495056	0.998541	0.000128609	0.000826267	8.80882e-06	0.000633196	0.00010441	0.998712	0.000542258	8.42016e-06	0.000184699	0.00108809	0.000635765	0.998041	5.02581e-05	2.06853e-05	4.35479e-06	3.62899e-06	2.5403e-05	0.999946
32	0.999159	0.000243836	0.000524246	5.4863e-05	1.82877e-05	0.000232516	0.99946	0.000105007	0.000202514	NA	0.000211591	6.04545e-05	0.999531	0.000196477	NA	3.48632e-05	0.00151904	0.000204199	0.998222	1.99218e-05	3.27671e-06	NA	4.91506e-06	7.04492e-05	0.999921
33	0.99919	0.000265044	0.000438527	7.22846e-05	3.37328e-05	0.000516716	0.999154	0.000116261	0.000213145	NA	0.00018706	2.49414e-05	0.999588	0.000180825	1.8706e-05	4.99023e-05	0.00147212	0.000377832	0.998086	1.42578e-05	5.31168e-06	3.98376e-06	2.65584e-06	6.10843e-05	0.999927
34	0.998657	0.000186796	0.000998488	0.000120043	3.81445e-05	0.000240658	0.998922	9.5388e-05	0.000730725	1.13766e-05	0.000601925	0.000138663	0.998899	0.000354537	6.30288e-06	0.000168492	0.000830904	0.000507301	0.998445	4.8662e-05	2.3849e-05	4.28938e-06	5.31884e-06	1.76723e-05	0.999949
35	0.999311	0.000119734	0.000488779	3.93648e-05	4.10049e-05	0.000275942	0.999392	1.79183e-05	0.000308195	5.97277e-06	0.0003207	6.46187e-05	0.999452	0.000155564	7.17986e-06	5.90004e-05	0.000332475	0.000499909	0.999057	5.18247e-05	1.06731e-05	2.13461e-06	2.9351e-06	8.80529e-06	0.999975
36	0.998744	0.00014191	0.000964108	0.000100219	5.01095e-05	9.19108e-05	0.999157	8.56584e-05	0.000656506	9.37866e-06	0.000443531	9.90236e-05	0.999267	0.000180259	1.06732e-05	0.000106459	0.00102319	0.000196995	0.998624	4.9135e-05	2.14391e-05	3.76124e-06	5.51648e-06	2.54511e-05	0.999944
37	0.998788	0.000130996	0.000964609	8.33612e-05	3.26196e-05	0.000108475	0.999214	7.29094e-05	0.000596612	8.00225e-06	0.000391125	5.41974e-05	0.999446	0.000102975	5.41974e-06	7.3707e-05	0.000940501	0.000254535	0.998672	5.9457e-05	2.34005e-05	3.7118e-06	5.16424e-06	2.93716e-05	0.999938
38	0.998827	0.000117801	0.000932651	7.64027e-05	4.57743e-05	6.49304e-05	0.99925	7.33766e-05	0.000605489	5.80678e-06	0.000359773	7.92356e-05	0.99948	7.17404e-05	9.10139e-06	6.42508e-05	0.000899175	0.000185015	0.998798	5.31499e-05	2.16415e-05	4.84358e-06	4.63747e-06	2.6176e-05	0.999943
39	0.998819	9.21425e-05	0.000983538	6.08201e-05	4.44747e-05	4.42624e-05	0.999239	6.5287e-05	0.000641067	1.04508e-05	0.000390969	6.44959e-05	0.999482	5.02173e-05	1.19795e-05	5.39664e-05	0.000869467	0.000111149	0.998917	4.87485e-05	2.28807e-05	5.3756e-06	5.05398e-06	2.22835e-05	0.999944
40	0.998993	8.26581e-05	0.000814253	6.1184e-05	4.88563e-05	2.87963e-05	0.999058	4.09028e-05	0.000856106	1.62574e-05	0.000414953	4.70766e-05	0.999494	2.86342e-05	1.4851e-05	4.86804e-05	0.000707359	8.62417e-05	0.999113	4.43102e-05	2.49613e-05	7.14421e-06	4.43254e-06	2.0633e-05	0.999943
