quality	AA	AC	AG	AT	A.	CA	CC	CG	CT	C.	GA	GC	GG	GT	G.	TA	TC	TG	TT	T.	.A	.C	.G	.T	..
0	NA	NA	NA	NA	NA	NA	NA	NA	NA	NA	NA	NA	NA	NA	NA	NA	NA	NA	NA	NA	NA	NA	NA	NA	NA
1	NA	NA	NA	NA	NA	NA	NA	NA	NA	NA	NA	NA	NA	NA	NA	NA	NA	NA	NA	NA	NA	NA	NA	NA	NA
2	NA	NA	NA	NA	NA	NA	NA	NA	NA	NA	NA	NA	NA	NA	NA	NA	NA	NA	NA	NA	NA	NA	NA	NA	NA
3	NA	NA	NA	NA	NA	NA	NA	NA	NA	NA	NA	NA	NA	NA	NA	NA	NA	NA	NA	NA	NA	NA	NA	NA	NA
4	NA	NA	NA	NA	NA	NA	NA	NA	NA	NA	NA	NA	NA	NA	NA	NA	NA	NA	NA	NA	NA	NA	NA	NA	NA
5	NA	NA	NA	NA	NA	NA	NA	NA	NA	NA	NA	NA	NA	NA	NA	NA	NA	NA	NA	NA	NA	NA	NA	NA	NA
6	NA	NA	NA	NA	NA	NA	NA	NA	NA	NA	NA	NA	NA	NA	NA	NA	NA	NA	NA	NA	NA	NA	NA	NA	NA
7	NA	NA	NA	NA	NA	NA	NA	NA	NA	NA	NA	NA	NA	NA	NA	NA	NA	NA	NA	NA	NA	NA	NA	NA	NA
8	NA	NA	NA	NA	NA	NA	NA	NA	NA	NA	NA	NA	NA	NA	NA	NA	NA	NA	NA	NA	NA	NA	NA	NA	NA
9	NA	NA	NA	NA	NA	NA	NA	NA	NA	NA	NA	NA	NA	NA	NA	NA	NA	NA	NA	NA	NA	NA	NA	NA	NA
10	NA	NA	NA	NA	NA	NA	NA	NA	NA	NA	NA	NA	NA	NA	NA	NA	NA	NA	NA	NA	NA	NA	NA	NA	NA
11	0.978074	0.0101196	0.00291322	0.00889298	NA	0.0461224	0.936327	0.00530612	0.0122449	NA	0.0188223	0.0059386	0.936688	0.0383493	0.000201309	0.0246914	0.00429415	0.0134192	0.957059	0.000536769	8.61512e-05	NA	NA	0.000129227	0.999785
12	0.974081	0.0136803	0.00495868	0.00724459	3.51679e-05	0.0366999	0.945477	0.00479111	0.0127443	0.000287466	0.0134024	0.0047929	0.951272	0.030355	0.000177515	0.0139063	0.00729167	0.0230208	0.955729	5.20833e-05	5.8682e-05	2.9341e-05	4.89017e-05	5.8682e-05	0.999804
13	0.966857	0.0159677	0.00659343	0.0103935	0.000188743	0.0292067	0.954787	0.00455333	0.01128	0.000173333	0.0102167	0.00462726	0.962868	0.0221804	0.000107611	0.0149468	0.0106623	0.0224485	0.951731	0.000211389	7.02736e-05	2.97311e-05	4.32453e-05	4.18939e-05	0.999815
14	0.963352	0.0165411	0.00701768	0.0129528	0.000136266	0.0294025	0.952621	0.00459377	0.0132188	0.000164063	0.0175318	0.00705993	0.943585	0.0316195	0.000203858	0.0182767	0.0132048	0.0206606	0.947554	0.000304121	7.27527e-05	6.79025e-05	4.85018e-05	7.03276e-05	0.999741
15	0.9771	0.00816342	0.00500739	0.00954262	0.000186379	0.0117777	0.976301	0.00260289	0.00907418	0.000244471	0.013972	0.00578465	0.956661	0.0233998	0.000182811	0.0285673	0.0148829	0.0241132	0.93224	0.000196769	7.51072e-05	5.63304e-05	3.37982e-05	5.25751e-05	0.999782
16	0.961304	0.012466	0.0100801	0.0159442	0.00020601	0.0180901	0.958397	0.00532154	0.0180358	0.000155147	0.0194289	0.00881843	0.944528	0.0270452	0.000179206	0.0202905	0.0145893	0.0194524	0.945361	0.000306895	0.000106179	8.58801e-05	5.4651e-05	9.52488e-05	0.999658
17	NA	NA	NA	NA	NA	NA	NA	NA	NA	NA	NA	NA	NA	NA	NA	NA	NA	NA	NA	NA	NA	NA	NA	NA	NA
18	NA	NA	NA	NA	NA	NA	NA	NA	NA	NA	NA	NA	NA	NA	NA	NA	NA	NA	NA	NA	NA	NA	NA	NA	NA
19	NA	NA	NA	NA	NA	NA	NA	NA	NA	NA	NA	NA	NA	NA	NA	NA	NA	NA	NA	NA	NA	NA	NA	NA	NA
20	0.995698	0.00143403	0.00239006	0.000478011	NA	0.00410959	0.994521	NA	0.00136986	NA	0.0018018	NA	0.995195	0.003003	NA	0.00344353	0.00137741	0.00344353	0.991047	0.000688705	NA	NA	NA	NA	1
21	0.997223	0.00165927	0.00037249	0.000711117	3.38627e-05	0.00277935	0.995383	0.000706614	0.00108347	4.71076e-05	0.00114447	0.000132054	0.997007	0.0017167	NA	0.00067276	0.000649562	0.00215747	0.996497	2.31986e-05	2.57407e-05	NA	8.58023e-06	1.71605e-05	0.999949
22	0.996853	0.00139142	0.000761968	0.000861355	0.000132516	0.00378529	0.993901	0.000315441	0.00194522	5.25735e-05	0.00176547	0.000650437	0.994193	0.0033451	4.64598e-05	0.00236775	0.00152444	0.00330836	0.992605	0.000194609	7.88022e-05	9.85028e-06	3.94011e-05	9.85028e-06	0.999862
23	0.996586	0.00139652	0.00126352	0.000731513	2.21671e-05	0.00206309	0.996207	0.000798616	0.000931718	NA	0.0014499	0.000724948	0.995848	0.00197713	NA	0.000996688	0.000966021	0.00203938	0.995967	3.06673e-05	3.51578e-05	1.75789e-05	1.75789e-05	1.17193e-05	0.999918
24	0.997924	0.000882155	0.000830263	0.00036324	NA	0.0022244	0.995195	0.00106771	0.00142361	8.89759e-05	0.000831532	0.00024946	0.996757	0.00216198	NA	0.000509647	0.00127412	0.000910084	0.997306	NA	NA	1.42898e-05	1.42898e-05	NA	0.999971
25	0.996547	0.00122765	0.00122765	0.000728919	0.000268549	0.00149186	0.996433	0.000843225	0.00116754	6.48635e-05	0.00142256	0.000556655	0.994619	0.00333993	6.18506e-05	0.0013481	0.00169229	0.00126205	0.995554	0.000143414	1.0815e-05	4.32601e-05	3.24451e-05	6.48901e-05	0.999849
26	0.996455	0.000793693	0.0016403	0.00100534	0.000105826	0.00285144	0.995628	0.00047524	0.00104553	NA	0.00143193	0.000715966	0.994988	0.00286386	NA	0.000434609	0.00159357	0.00108652	0.99674	0.00014487	2.99702e-05	2.99702e-05	NA	1.49851e-05	0.999925
27	0.995913	0.00137345	0.00141313	0.00125137	4.88339e-05	0.00120696	0.996542	0.000646586	0.00158054	2.39476e-05	0.0024686	0.00132894	0.991201	0.00496136	4.02708e-05	0.00115979	0.00149448	0.00353284	0.993657	0.000155724	3.76869e-05	2.62932e-05	2.27874e-05	3.33047e-05	0.99988
28	0.996966	0.000356909	0.00160609	0.00107073	NA	0.000431752	0.99815	6.16789e-05	0.00135694	NA	0.00281357	0.000735365	0.994789	0.00163059	3.19724e-05	0.00105064	0.00273167	0.000840513	0.995377	NA	4.06499e-05	2.70999e-05	NA	2.70999e-05	0.999905
29	1	NA	NA	NA	NA	NA	0.99902	0.000980392	NA	NA	0.00055417	NA	0.999446	NA	NA	NA	NA	0.00106724	0.998933	NA	NA	NA	NA	NA	1
30	0.997468	0.000565287	0.00125346	0.000666056	4.66976e-05	0.000341111	0.998088	0.00026989	0.00129697	3.74848e-06	0.00139452	0.000452183	0.997156	0.000983756	1.38071e-05	0.000578495	0.00153639	0.000544687	0.99731	3.00517e-05	2.28155e-05	1.30374e-05	1.46671e-05	2.20006e-05	0.999927
31	0.998147	0.000257366	0.00123925	0.000287645	6.92077e-05	0.000135773	0.998738	0.000231807	0.000890802	3.31153e-06	0.000939893	0.000218795	0.998216	0.000619405	6.16323e-06	0.000290002	0.00110795	0.000681628	0.997866	5.45302e-05	1.49991e-05	1.36355e-05	4.77243e-06	1.63626e-05	0.99995
32	0.998949	0.000126146	0.00068329	0.000210243	3.15365e-05	5.7346e-05	0.999613	5.7346e-05	0.000272394	NA	0.000290665	0.000124571	0.999225	0.000359872	NA	0.000115517	0.00106853	0.000250286	0.998546	1.92528e-05	8.94953e-06	5.96636e-06	1.19327e-05	1.19327e-05	0.999961
33	0.999184	6.8642e-05	0.000587271	0.000137284	2.28807e-05	9.03179e-05	0.999695	1.12897e-05	0.000191926	1.12897e-05	0.000253493	7.39356e-05	0.999387	0.00028518	NA	7.51662e-05	0.000821047	0.000497254	0.998595	1.1564e-05	1.52025e-05	NA	1.08589e-05	2.60613e-05	0.999948
34	0.998235	0.000365777	0.00113495	0.00021006	5.4344e-05	0.000136938	0.998896	0.000192048	0.000766522	8.34991e-06	0.000788985	0.000183756	0.998598	0.000420014	8.7503e-06	0.000197933	0.00102207	0.000390078	0.998288	0.00010186	2.41813e-05	1.03174e-05	1.28967e-05	2.28916e-05	0.99993
35	0.999158	0.000317814	0.000453509	4.28513e-05	2.73772e-05	3.25221e-05	0.999662	8.78097e-05	0.000216272	1.62611e-06	0.000386838	6.93881e-05	0.999318	0.000220307	5.2041e-06	7.00838e-05	0.000458417	0.00041361	0.99899	6.7786e-05	9.97009e-06	5.98205e-06	9.57128e-06	1.27617e-05	0.999962
36	0.998564	0.00017133	0.00105901	0.000148701	5.68944e-05	4.35702e-05	0.999138	0.000137972	0.000675338	5.18693e-06	0.000580335	9.98629e-05	0.99913	0.000176173	1.31894e-05	0.000139206	0.0010429	0.000194736	0.998554	6.92225e-05	2.4358e-05	1.10532e-05	1.14626e-05	2.14923e-05	0.999932
37	0.998334	0.000112805	0.00136953	0.000114476	6.9354e-05	3.99143e-05	0.999144	0.000196615	0.000613498	5.91323e-06	0.000376561	8.11054e-05	0.999412	0.00012021	1.01382e-05	0.000104371	0.00109072	0.000210336	0.998498	9.64038e-05	2.38363e-05	1.28349e-05	9.95363e-06	2.30505e-05	0.99993
38	0.998232	0.000189903	0.0014362	8.82716e-05	5.39172e-05	3.39109e-05	0.999212	0.000171867	0.000571091	1.15605e-05	0.000395508	6.66671e-05	0.999435	8.98882e-05	1.27342e-05	7.38394e-05	0.00101751	0.000195921	0.998617	9.54989e-05	2.33798e-05	1.16899e-05	1.18379e-05	2.36758e-05	0.999929
39	0.998096	0.000244731	0.00153287	7.0086e-05	5.66006e-05	2.83953e-05	0.99912	0.000224466	0.000620096	6.82122e-06	0.000361892	4.65354e-05	0.999519	5.37642e-05	1.85238e-05	5.97161e-05	0.000900314	0.000156105	0.998807	7.63936e-05	2.27054e-05	1.28837e-05	1.1266e-05	2.54786e-05	0.999928
40	0.998455	0.000351652	0.00106402	6.6704e-05	6.29266e-05	3.46926e-05	0.998928	0.000170095	0.000857479	9.76781e-06	0.000321224	4.07406e-05	0.999564	4.48445e-05	2.91005e-05	5.17011e-05	0.000599193	0.000186454	0.999106	5.62668e-05	2.9257e-05	1.59103e-05	1.17326e-05	3.00165e-05	0.999913
