quality	AA	AC	AG	AT	A.	CA	CC	CG	CT	C.	GA	GC	GG	GT	G.	TA	TC	TG	TT	T.	.A	.C	.G	.T	..
0	NA	NA	NA	NA	NA	NA	NA	NA	NA	NA	NA	NA	NA	NA	NA	NA	NA	NA	NA	NA	NA	NA	NA	NA	NA
1	NA	NA	NA	NA	NA	NA	NA	NA	NA	NA	NA	NA	NA	NA	NA	NA	NA	NA	NA	NA	NA	NA	NA	NA	NA
2	NA	NA	NA	NA	NA	NA	NA	NA	NA	NA	NA	NA	NA	NA	NA	NA	NA	NA	NA	NA	NA	NA	NA	NA	NA
3	NA	NA	NA	NA	NA	NA	NA	NA	NA	NA	NA	NA	NA	NA	NA	NA	NA	NA	NA	NA	NA	NA	NA	NA	NA
4	NA	NA	NA	NA	NA	NA	NA	NA	NA	NA	NA	NA	NA	NA	NA	NA	NA	NA	NA	NA	NA	NA	NA	NA	NA
5	NA	NA	NA	NA	NA	NA	NA	NA	NA	NA	NA	NA	NA	NA	NA	NA	NA	NA	NA	NA	NA	NA	NA	NA	NA
6	NA	NA	NA	NA	NA	NA	NA	NA	NA	NA	NA	NA	NA	NA	NA	NA	NA	NA	NA	NA	NA	NA	NA	NA	NA
7	NA	NA	NA	NA	NA	NA	NA	NA	NA	NA	NA	NA	NA	NA	NA	NA	NA	NA	NA	NA	NA	NA	NA	NA	NA
8	NA	NA	NA	NA	NA	NA	NA	NA	NA	NA	NA	NA	NA	NA	NA	NA	NA	NA	NA	NA	NA	NA	NA	NA	NA
9	NA	NA	NA	NA	NA	NA	NA	NA	NA	NA	NA	NA	NA	NA	NA	NA	NA	NA	NA	NA	NA	NA	NA	NA	NA
10	NA	NA	NA	NA	NA	NA	NA	NA	NA	NA	NA	NA	NA	NA	NA	NA	NA	NA	NA	NA	NA	NA	NA	NA	NA
11	0.977385	0.0120141	0.00353357	0.00683157	0.000235571	0.04704	0.9296	0.00544	0.0176	0.00032	0.0167975	0.00729726	0.937491	0.0382762	0.000137684	0.0218914	0.0140105	0.025394	0.938704	NA	0.000126847	NA	NA	0.000190271	0.999683
12	0.97204	0.013011	0.00641321	0.0084433	9.22765e-05	0.035372	0.946509	0.00476161	0.0129244	0.000432874	0.0106175	0.00591442	0.956675	0.0266505	0.000142516	0.012619	0.00907682	0.0292229	0.94886	0.000221386	8.81457e-05	NA	8.81457e-05	8.81457e-05	0.999736
13	0.966427	0.0158034	0.00724646	0.0104402	8.25964e-05	0.0292284	0.953761	0.00542167	0.0113796	0.000209493	0.00900527	0.00421957	0.966568	0.0201015	0.000105678	0.0145581	0.0111326	0.0253916	0.948666	0.00025147	3.27446e-05	3.79148e-05	2.24042e-05	3.61914e-05	0.999871
14	0.962574	0.0165516	0.00787475	0.0127184	0.000281241	0.0288973	0.9512	0.00516635	0.0145343	0.000202297	0.0181276	0.00759476	0.944079	0.0299078	0.00029104	0.0185295	0.0129531	0.023903	0.944398	0.000216562	7.51303e-05	3.59319e-05	6.53307e-05	6.85972e-05	0.999755
15	0.976271	0.00870383	0.00604567	0.00888212	9.72495e-05	0.0122375	0.975333	0.00285796	0.00941786	0.000153448	0.0141169	0.00580457	0.957106	0.0229552	1.75365e-05	0.0261257	0.0178648	0.0263031	0.929377	0.000329422	5.53487e-05	4.02536e-05	2.51585e-05	6.03804e-05	0.999819
16	0.962842	0.0119518	0.0100315	0.0149624	0.000212018	0.0180851	0.959411	0.00529857	0.0170654	0.000139962	0.0176083	0.00888101	0.948649	0.0247257	0.000135657	0.0194793	0.0133488	0.0211653	0.945727	0.000279718	9.92048e-05	4.96024e-05	5.55547e-05	8.92843e-05	0.999706
17	NA	NA	NA	NA	NA	NA	NA	NA	NA	NA	NA	NA	NA	NA	NA	NA	NA	NA	NA	NA	NA	NA	NA	NA	NA
18	NA	NA	NA	NA	NA	NA	NA	NA	NA	NA	NA	NA	NA	NA	NA	NA	NA	NA	NA	NA	NA	NA	NA	NA	NA
19	NA	NA	NA	NA	NA	NA	NA	NA	NA	NA	NA	NA	NA	NA	NA	NA	NA	NA	NA	NA	NA	NA	NA	NA	NA
20	0.995828	0.00178784	0.00178784	0.000595948	NA	0.00331126	0.996689	NA	NA	NA	0.000741565	0.000370782	0.997405	0.00148313	NA	NA	NA	0.0101609	0.989839	NA	NA	0.000147907	NA	NA	0.999852
21	0.997605	0.00112994	0.000632768	0.000632768	NA	0.00351322	0.994644	0.000806312	0.00103669	NA	0.000810373	0.000270124	0.996975	0.00194489	NA	0.00122569	0.00245138	0.00209657	0.994194	3.22549e-05	1.12399e-05	NA	NA	1.12399e-05	0.999978
22	0.996389	0.00189352	0.000616496	0.00101281	8.80708e-05	0.0035277	0.99419	0.000830048	0.00124507	0.000207512	0.00199824	0.000528945	0.994475	0.00299736	NA	0.00219025	0.00214731	0.00322096	0.992313	0.000128838	1.29149e-05	1.29149e-05	1.29149e-05	2.58298e-05	0.999935
23	0.996827	0.00115367	0.000980618	0.000922935	0.000115367	0.00210646	0.995909	0.000810176	0.00113425	4.05088e-05	0.00113259	0.000468658	0.996212	0.00218707	NA	0.00101227	0.00218332	0.00265968	0.994085	5.95451e-05	5.17549e-05	NA	1.47871e-05	1.47871e-05	0.999919
24	0.997779	0.000931299	0.000573107	0.000644745	7.16384e-05	0.00168919	0.997185	0.000563063	0.00045045	0.000112613	0.00129534	0.000539724	0.996114	0.00205095	NA	0.000739681	0.00359978	0.00182455	0.993836	NA	3.81986e-05	NA	NA	NA	0.999962
25	0.997364	0.000981912	0.000516796	0.00108527	5.16796e-05	0.00194093	0.995359	0.00118143	0.0014346	8.43882e-05	0.00186032	0.000620107	0.995039	0.00248043	NA	0.001173	0.00162706	0.00177842	0.995346	7.56773e-05	NA	2.83728e-05	2.83728e-05	5.67456e-05	0.999887
26	0.997665	0.000849017	0.000636762	0.000849017	NA	0.00179533	0.996768	0.000239378	0.00119689	NA	0.00076746	0.00115119	0.995139	0.00294193	NA	0.000474518	0.0012812	0.0013761	0.996868	NA	3.89636e-05	3.89636e-05	NA	9.74089e-05	0.999825
27	0.996123	0.00105433	0.00146324	0.00129486	6.41419e-05	0.00128519	0.996627	0.000407498	0.0016488	3.1346e-05	0.0028075	0.00127943	0.991831	0.00405068	3.10794e-05	0.00111674	0.00103831	0.00364194	0.994118	8.46963e-05	3.69302e-05	1.7311e-05	1.7311e-05	3.46221e-05	0.999894
28	0.995563	0.000700553	0.00319141	0.000544874	NA	0.000560673	0.998078	NA	0.00136163	NA	0.00294379	0.000564562	0.994919	0.00157271	NA	0.00139838	0.000932256	0.00139838	0.996271	NA	NA	NA	NA	8.84095e-05	0.999912
29	0.998296	NA	0.000851789	NA	0.000851789	NA	0.998681	NA	0.00131926	NA	0.000372024	NA	0.998884	0.000744048	NA	NA	NA	NA	1	NA	NA	NA	NA	NA	1
30	0.997556	0.000594644	0.00110155	0.000669381	7.79861e-05	0.000367338	0.997997	0.000231473	0.00140394	NA	0.00181811	0.000419564	0.996858	0.000887203	1.74818e-05	0.000651553	0.00140058	0.000969634	0.996932	4.6173e-05	2.26173e-05	6.46209e-06	3.23105e-06	2.04633e-05	0.999947
31	0.998329	0.000316428	0.00100915	0.000310726	3.42084e-05	0.00019117	0.998657	0.000130343	0.00101668	4.34477e-06	0.00103981	0.000198437	0.998087	0.000670717	3.96874e-06	0.000334848	0.00115188	0.000786893	0.997686	4.01818e-05	2.06765e-05	3.59592e-06	7.19184e-06	2.33735e-05	0.999945
32	0.999587	0.000206597	0.000137732	6.88658e-05	NA	0.000152285	0.999391	3.80713e-05	0.000418784	NA	0.000425382	7.39795e-05	0.999223	0.000277423	NA	7.50873e-05	0.00241531	0.000563155	0.996934	1.25145e-05	3.92781e-06	NA	NA	7.85561e-06	0.999988
33	0.999609	0.000150571	0.000140533	7.02663e-05	3.01141e-05	5.81835e-05	0.999709	NA	0.000218188	1.45459e-05	0.000152761	4.1662e-05	0.9995	0.000305522	NA	9.82326e-05	0.00167751	0.000884093	0.99731	3.02254e-05	2.83657e-06	NA	NA	8.5097e-06	0.999989
34	0.998453	0.000341665	0.000959451	0.000191053	5.43875e-05	0.000137659	0.999021	8.6592e-05	0.000748244	6.66092e-06	0.00110504	0.000214607	0.998276	0.000397211	7.53006e-06	0.000235126	0.000730459	0.00050944	0.998443	8.15105e-05	1.79998e-05	8.14275e-06	5.57136e-06	1.84283e-05	0.99995
35	0.999334	0.000194399	0.000369358	6.47996e-05	3.72598e-05	1.90101e-05	0.999799	1.05612e-05	0.000168979	2.11224e-06	0.00044999	5.10298e-05	0.999302	0.000190202	6.9586e-06	4.83533e-05	0.000213057	0.000376249	0.999315	4.68422e-05	1.11276e-05	5.82875e-06	5.29887e-06	1.32472e-05	0.999964
36	0.998667	0.000227193	0.000925247	0.000127471	5.2896e-05	5.76632e-05	0.999157	5.35444e-05	0.000723536	8.23761e-06	0.000854022	8.45445e-05	0.998848	0.000205848	7.3517e-06	0.000119587	0.000898964	0.000399998	0.998525	5.67007e-05	2.61808e-05	7.36336e-06	4.09076e-06	2.09992e-05	0.999941
37	0.998845	0.000176135	0.000843415	0.000100487	3.50012e-05	5.66732e-05	0.999336	4.69019e-05	0.00055696	3.90849e-06	0.000760035	5.71455e-05	0.998987	0.00018477	1.14291e-05	7.8997e-05	0.000906842	0.000422039	0.998535	5.7354e-05	1.75706e-05	8.08247e-06	5.62259e-06	1.82734e-05	0.99995
38	0.99885	0.000215878	0.000817894	7.38868e-05	4.24046e-05	4.33342e-05	0.999394	3.61118e-05	0.00052001	6.1906e-06	0.000707978	4.82489e-05	0.999076	0.000159517	7.87737e-06	7.16167e-05	0.000818573	0.000366116	0.998674	6.96088e-05	1.45012e-05	8.9391e-06	4.76752e-06	1.76796e-05	0.999954
39	0.998787	0.000232636	0.000871453	5.94756e-05	4.95844e-05	3.13218e-05	0.999385	2.56077e-05	0.000552365	5.92575e-06	0.000597323	3.83492e-05	0.999234	0.000121272	9.4367e-06	5.00217e-05	0.000754951	0.000331166	0.998799	6.487e-05	2.12446e-05	9.02703e-06	5.79753e-06	1.84821e-05	0.999945
40	0.99876	0.000243235	0.000887591	5.1786e-05	5.75465e-05	2.36468e-05	0.999339	2.42714e-05	0.000605268	7.40634e-06	0.000446465	3.87506e-05	0.999417	8.54475e-05	1.27534e-05	4.25035e-05	0.000576858	0.000330962	0.998993	5.67676e-05	2.47155e-05	1.07154e-05	6.12055e-06	2.01386e-05	0.999938
