
SUMMARISING RUN PARAMETERS
==========================
Input filename: SC2237/host_removal/SC2237_R2.fastq.gz
Trimming mode: paired-end
Trim Galore version: 0.6.4_dev
Cutadapt version: 4.1
Python version: could not detect
Number of cores used for trimming: 2
Quality Phred score cutoff: 20
Quality encoding type selected: ASCII+33
Using Illumina adapter for trimming (count: 16111). Second best hit was smallRNA (count: 0)
Adapter sequence: 'AGATCGGAAGAGC' (Illumina TruSeq, Sanger iPCR; auto-detected)
Maximum trimming error rate: 0.1 (default)
Minimum required adapter overlap (stringency): 1 bp
Minimum required sequence length for both reads before a sequence pair gets removed: 20 bp
Running FastQC on the data once trimming has completed
Output file will be GZIP compressed


This is cutadapt 4.1 with Python 3.9.13
Command line parameters: -j 2 -e 0.1 -q 20 -O 1 -a AGATCGGAAGAGC SC2237/host_removal/SC2237_R2.fastq.gz
Processing single-end reads on 2 cores ...
Finished in 53.73 s (57 µs/read; 1.06 M reads/minute).

=== Summary ===

Total reads processed:                 947,358
Reads with adapters:                   315,503 (33.3%)
Reads written (passing filters):       947,358 (100.0%)

Total basepairs processed:   237,786,858 bp
Quality-trimmed:               4,200,348 bp (1.8%)
Total written (filtered):    231,803,175 bp (97.5%)

=== Adapter 1 ===

Sequence: AGATCGGAAGAGC; Type: regular 3'; Length: 13; Trimmed: 315503 times

Minimum overlap: 1
No. of allowed errors:
1-9 bp: 0; 10-13 bp: 1

Bases preceding removed adapters:
  A: 39.6%
  C: 17.2%
  G: 12.1%
  T: 30.5%
  none/other: 0.7%

Overview of removed sequences
length	count	expect	max.err	error counts
1	216763	236839.5	0	216763
2	66844	59209.9	0	66844
3	6270	14802.5	0	6270
4	1799	3700.6	0	1799
5	130	925.2	0	130
6	166	231.3	0	166
7	5721	57.8	0	5721
8	109	14.5	0	109
9	186	3.6	0	185 1
10	249	0.9	1	234 15
11	53	0.2	1	48 5
12	145	0.1	1	131 14
13	25	0.0	1	21 4
14	88	0.0	1	79 9
15	31	0.0	1	24 7
16	32	0.0	1	29 3
17	71	0.0	1	68 3
18	20	0.0	1	15 5
19	117	0.0	1	110 7
20	23	0.0	1	22 1
21	6	0.0	1	6
22	26	0.0	1	25 1
23	42	0.0	1	38 4
24	515	0.0	1	495 20
25	21	0.0	1	17 4
26	59	0.0	1	47 12
27	81	0.0	1	67 14
28	80	0.0	1	68 12
29	27	0.0	1	18 9
30	120	0.0	1	103 17
31	25	0.0	1	19 6
32	74	0.0	1	63 11
33	79	0.0	1	70 9
34	74	0.0	1	62 12
35	75	0.0	1	59 16
36	510	0.0	1	494 16
37	147	0.0	1	136 11
38	57	0.0	1	52 5
39	120	0.0	1	106 14
40	32	0.0	1	29 3
41	88	0.0	1	84 4
42	170	0.0	1	160 10
43	261	0.0	1	249 12
44	317	0.0	1	308 9
45	210	0.0	1	200 10
46	154	0.0	1	145 9
47	158	0.0	1	153 5
48	106	0.0	1	102 4
49	83	0.0	1	80 3
50	78	0.0	1	74 4
51	58	0.0	1	56 2
52	37	0.0	1	33 4
53	98	0.0	1	92 6
54	207	0.0	1	204 3
55	64	0.0	1	60 4
56	113	0.0	1	107 6
57	329	0.0	1	319 10
58	187	0.0	1	183 4
59	58	0.0	1	56 2
60	141	0.0	1	137 4
61	62	0.0	1	61 1
62	60	0.0	1	57 3
63	140	0.0	1	137 3
64	57	0.0	1	53 4
65	44	0.0	1	44
66	30	0.0	1	28 2
67	30	0.0	1	28 2
68	27	0.0	1	25 2
69	32	0.0	1	27 5
70	27	0.0	1	24 3
71	28	0.0	1	25 3
72	39	0.0	1	33 6
73	60	0.0	1	51 9
74	100	0.0	1	87 13
75	144	0.0	1	121 23
76	261	0.0	1	230 31
77	467	0.0	1	380 87
78	751	0.0	1	621 130
79	1193	0.0	1	909 284
80	2015	0.0	1	1756 259
81	1281	0.0	1	1116 165
82	673	0.0	1	562 111
83	394	0.0	1	319 75
84	241	0.0	1	183 58
85	145	0.0	1	122 23
86	116	0.0	1	87 29
87	93	0.0	1	65 28
88	81	0.0	1	56 25
89	62	0.0	1	49 13
90	65	0.0	1	41 24
91	38	0.0	1	21 17
92	40	0.0	1	27 13
93	36	0.0	1	28 8
94	155	0.0	1	138 17
95	39	0.0	1	30 9
96	65	0.0	1	57 8
97	27	0.0	1	21 6
98	16	0.0	1	6 10
99	15	0.0	1	10 5
100	18	0.0	1	17 1
101	14	0.0	1	8 6
102	16	0.0	1	10 6
103	16	0.0	1	11 5
104	18	0.0	1	14 4
105	58	0.0	1	51 7
106	15	0.0	1	11 4
107	15	0.0	1	7 8
108	11	0.0	1	7 4
109	9	0.0	1	4 5
110	2	0.0	1	2
111	15	0.0	1	8 7
112	14	0.0	1	4 10
113	29	0.0	1	20 9
114	15	0.0	1	12 3
115	13	0.0	1	3 10
116	5	0.0	1	5
117	39	0.0	1	27 12
118	9	0.0	1	2 7
119	9	0.0	1	1 8
120	8	0.0	1	3 5
121	5	0.0	1	2 3
122	11	0.0	1	3 8
123	27	0.0	1	19 8
124	15	0.0	1	7 8
125	10	0.0	1	7 3
126	9	0.0	1	4 5
127	31	0.0	1	25 6
128	11	0.0	1	3 8
129	8	0.0	1	6 2
130	7	0.0	1	3 4
131	16	0.0	1	6 10
132	9	0.0	1	4 5
133	27	0.0	1	24 3
134	19	0.0	1	10 9
135	4	0.0	1	1 3
136	10	0.0	1	6 4
137	9	0.0	1	5 4
138	6	0.0	1	3 3
139	5	0.0	1	0 5
140	5	0.0	1	1 4
141	24	0.0	1	21 3
142	6	0.0	1	3 3
143	9	0.0	1	4 5
144	10	0.0	1	4 6
145	12	0.0	1	10 2
146	18	0.0	1	10 8
147	43	0.0	1	32 11
148	12	0.0	1	5 7
149	17	0.0	1	12 5
150	7	0.0	1	1 6
151	31	0.0	1	27 4
152	9	0.0	1	8 1
153	48	0.0	1	42 6
154	54	0.0	1	48 6
155	18	0.0	1	13 5
156	97	0.0	1	91 6
157	36	0.0	1	34 2
158	24	0.0	1	23 1
159	42	0.0	1	36 6
160	52	0.0	1	47 5
161	39	0.0	1	37 2
162	49	0.0	1	48 1
163	15	0.0	1	11 4
164	41	0.0	1	36 5
165	24	0.0	1	19 5
166	56	0.0	1	54 2
167	65	0.0	1	62 3
168	42	0.0	1	40 2
169	18	0.0	1	15 3
170	13	0.0	1	13
171	5	0.0	1	2 3
172	80	0.0	1	75 5
173	19	0.0	1	17 2
174	13	0.0	1	11 2
175	51	0.0	1	48 3
176	24	0.0	1	24
177	17	0.0	1	16 1
178	9	0.0	1	8 1
179	8	0.0	1	8
180	41	0.0	1	38 3
181	36	0.0	1	32 4
182	4	0.0	1	3 1
183	9	0.0	1	7 2
184	2	0.0	1	1 1
185	58	0.0	1	58
186	3	0.0	1	3
187	9	0.0	1	7 2
188	4	0.0	1	4
189	2	0.0	1	2
190	15	0.0	1	14 1
191	6	0.0	1	5 1
192	25	0.0	1	24 1
193	13	0.0	1	10 3
194	1	0.0	1	1
195	3	0.0	1	3
197	4	0.0	1	4
198	6	0.0	1	4 2
199	5	0.0	1	4 1
200	3	0.0	1	3
201	2	0.0	1	2
202	2	0.0	1	2
203	7	0.0	1	5 2
204	4	0.0	1	4
205	1	0.0	1	1
206	4	0.0	1	4
207	5	0.0	1	5
208	5	0.0	1	4 1
209	4	0.0	1	3 1
210	13	0.0	1	13
211	3	0.0	1	3
212	1	0.0	1	1
213	5	0.0	1	5
214	3	0.0	1	3
215	4	0.0	1	3 1
216	1	0.0	1	1
217	2	0.0	1	2
221	1	0.0	1	1
222	1	0.0	1	1
223	1	0.0	1	1
230	1	0.0	1	1
231	1	0.0	1	1
242	1	0.0	1	0 1
245	2	0.0	1	0 2
246	1	0.0	1	0 1
247	2	0.0	1	0 2
248	1	0.0	1	0 1
249	2	0.0	1	0 2
250	12	0.0	1	0 12
251	335	0.0	1	0 335

RUN STATISTICS FOR INPUT FILE: SC2237/host_removal/SC2237_R2.fastq.gz
=============================================
947358 sequences processed in total

Total number of sequences analysed for the sequence pair length validation: 947358

Number of sequence pairs removed because at least one read was shorter than the length cutoff (20 bp): 4564 (0.48%)
