quality	AA	AC	AG	AT	A.	CA	CC	CG	CT	C.	GA	GC	GG	GT	G.	TA	TC	TG	TT	T.	.A	.C	.G	.T	..
0	NA	NA	NA	NA	NA	NA	NA	NA	NA	NA	NA	NA	NA	NA	NA	NA	NA	NA	NA	NA	NA	NA	NA	NA	NA
1	NA	NA	NA	NA	NA	NA	NA	NA	NA	NA	NA	NA	NA	NA	NA	NA	NA	NA	NA	NA	NA	NA	NA	NA	NA
2	NA	NA	NA	NA	NA	NA	NA	NA	NA	NA	NA	NA	NA	NA	NA	NA	NA	NA	NA	NA	NA	NA	NA	NA	NA
3	NA	NA	NA	NA	NA	NA	NA	NA	NA	NA	NA	NA	NA	NA	NA	NA	NA	NA	NA	NA	NA	NA	NA	NA	NA
4	NA	NA	NA	NA	NA	NA	NA	NA	NA	NA	NA	NA	NA	NA	NA	NA	NA	NA	NA	NA	NA	NA	NA	NA	NA
5	NA	NA	NA	NA	NA	NA	NA	NA	NA	NA	NA	NA	NA	NA	NA	NA	NA	NA	NA	NA	NA	NA	NA	NA	NA
6	NA	NA	NA	NA	NA	NA	NA	NA	NA	NA	NA	NA	NA	NA	NA	NA	NA	NA	NA	NA	NA	NA	NA	NA	NA
7	NA	NA	NA	NA	NA	NA	NA	NA	NA	NA	NA	NA	NA	NA	NA	NA	NA	NA	NA	NA	NA	NA	NA	NA	NA
8	NA	NA	NA	NA	NA	NA	NA	NA	NA	NA	NA	NA	NA	NA	NA	NA	NA	NA	NA	NA	NA	NA	NA	NA	NA
9	NA	NA	NA	NA	NA	NA	NA	NA	NA	NA	NA	NA	NA	NA	NA	NA	NA	NA	NA	NA	NA	NA	NA	NA	NA
10	0.990909	NA	NA	0.00909091	NA	NA	0.981818	NA	0.0181818	NA	0.025974	NA	0.961039	0.012987	NA	NA	NA	NA	1	NA	NA	NA	NA	NA	1
11	0.973437	0.0115234	0.00283203	0.0120117	0.000195313	0.0580925	0.924678	0.00254213	0.0144525	0.000235383	0.0164366	0.00464982	0.935119	0.0436867	0.000108135	0.0205978	0.00339111	0.0123085	0.963703	NA	5.1709e-05	NA	NA	1.29272e-05	0.999935
12	0.972137	0.016819	0.00400974	0.00685625	0.000177907	0.0470309	0.933371	0.00499926	0.0143466	0.000252064	0.0107351	0.00409963	0.955651	0.0294159	9.86166e-05	0.0109636	0.00465532	0.0193803	0.964933	6.74684e-05	6.01195e-05	3.20637e-05	3.60717e-05	0.0004529	0.999419
13	0.965458	0.0194583	0.00562469	0.00879508	0.000664106	0.0384523	0.945411	0.00461497	0.0113693	0.000152814	0.0102751	0.00372146	0.962183	0.0236741	0.000145939	0.012773	0.00764706	0.0215335	0.957832	0.000213997	0.000166788	2.47433e-05	2.29105e-05	0.000208943	0.999577
14	0.965148	0.0194454	0.00557183	0.00969212	0.000142606	0.0358559	0.94603	0.00457984	0.0134103	0.000124373	0.0178907	0.0059896	0.946803	0.0291673	0.00014903	0.0152136	0.0101885	0.0216678	0.9527	0.000230509	0.000108727	4.477e-05	2.2385e-05	0.000188674	0.999635
15	0.968922	0.0143245	0.00700209	0.00968904	6.22804e-05	0.0336396	0.938801	0.00790731	0.0194819	0.000170574	0.0125812	0.00561643	0.956236	0.0254457	0.000120229	0.017641	0.00907882	0.0224882	0.950605	0.000186852	4.93325e-05	1.29822e-05	2.3368e-05	3.89467e-05	0.999875
16	0.963658	0.016089	0.00748902	0.0126773	8.70111e-05	0.0282637	0.950166	0.00521101	0.0162131	0.000146609	0.0117257	0.0054916	0.955654	0.0269972	0.00013121	0.0179119	0.0113349	0.0248729	0.945632	0.000248361	6.94975e-05	3.02443e-05	2.76703e-05	4.18272e-05	0.999831
17	NA	NA	NA	NA	NA	NA	NA	NA	NA	NA	NA	NA	NA	NA	NA	NA	NA	NA	NA	NA	NA	NA	NA	NA	NA
18	1	NA	NA	NA	NA	NA	1	NA	NA	NA	NA	NA	1	NA	NA	NA	NA	NA	1	NA	NA	NA	NA	NA	1
19	1	NA	NA	NA	NA	NA	1	NA	NA	NA	NA	NA	1	NA	NA	NA	NA	NA	1	NA	NA	NA	NA	NA	1
20	0.998166	0.00116706	NA	0.000666889	NA	0.00699588	0.991564	0.000823045	0.000617284	NA	0.00148976	0.000248293	0.995282	0.00285537	0.000124146	0.00160957	0.000459876	0.00229938	0.995631	NA	4.32133e-05	NA	4.32133e-05	8.64267e-05	0.999827
21	0.995217	0.00332315	0.000386023	0.000453157	0.000620993	0.0044455	0.994413	0.000237727	0.000903364	NA	0.000642025	0.00043566	0.996469	0.00238466	6.87884e-05	0.000611457	0.000280251	0.00250952	0.996599	NA	8.56249e-05	1.35197e-05	9.01315e-06	0.000175756	0.999716
22	0.997034	0.00208379	0.000171606	0.000318698	0.000392243	0.00530337	0.992063	0.000259605	0.00237354	NA	0.00537478	0.00018158	0.991502	0.00286897	7.26322e-05	0.000797325	0.000720165	0.00282922	0.995602	5.14403e-05	0.000141846	7.46558e-06	2.23968e-05	0.000238899	0.999589
23	0.997188	0.00169732	0.000303998	0.000341997	0.000468663	0.00291562	0.993788	0.00036207	0.00293467	NA	0.00140499	0.000237464	0.996003	0.00233506	1.97887e-05	0.000511945	0.000274934	0.00142207	0.997696	9.48047e-05	7.00442e-05	1.05066e-05	3.50221e-06	0.000168106	0.999748
24	0.996693	0.00185018	0.000118096	0.000354289	0.000984136	0.00443202	0.992227	0.000340925	0.00286377	0.00013637	0.00259085	0.000398592	0.994685	0.00225869	6.64319e-05	0.000293824	0.000176294	0.00105777	0.998472	NA	0.000146395	2.25223e-05	1.12611e-05	0.000292789	0.999527
25	0.997392	0.00125809	0.000245482	0.000398908	0.00070576	0.00277091	0.993221	0.000346363	0.00361207	4.94805e-05	0.00584356	0.000428885	0.991583	0.00214443	NA	0.000376601	0.000276174	0.000954055	0.998268	0.000125534	4.4998e-05	1.79992e-05	1.79992e-05	0.000107995	0.999811
26	0.997539	0.00191431	0.000273473	0.000273473	NA	0.00340663	0.985444	0.000309693	0.0105296	0.000309693	0.0110558	0.000184264	0.985627	0.00294822	0.000184264	0.000336225	0.00013449	0.000874185	0.998319	0.000336225	0.000132767	2.65534e-05	NA	0.000716941	0.999124
27	0.995314	0.00234962	0.00152625	0.000770427	4.01645e-05	0.00264687	0.994911	0.000397031	0.00200242	4.31555e-05	0.00254574	0.000509681	0.99406	0.00287396	1.0674e-05	0.0010041	0.000732638	0.00369867	0.994401	0.000163494	3.95418e-05	2.05617e-05	2.05617e-05	6.22124e-05	0.999857
28	0.998416	0.000442038	0.000257855	0.000405201	0.000478874	0.000532866	0.994481	0.000304495	0.00468161	NA	0.00132686	0.000183718	0.997142	0.00132686	2.04132e-05	0.000437993	0.000312852	0.000750845	0.998436	6.25704e-05	1.69123e-05	NA	NA	2.53685e-05	0.999958
29	0.999508	0.000164042	NA	NA	0.000328084	0.000378573	0.999243	NA	0.000378573	NA	0.000396511	0.000297383	0.99891	0.000396511	NA	NA	NA	0.000255363	0.999745	NA	NA	NA	NA	NA	1
30	0.998136	0.000865594	0.000534937	0.000337582	0.000126377	0.000459819	0.997568	0.00012758	0.00182067	2.39212e-05	0.00231952	0.000200802	0.996731	0.000736275	1.28719e-05	0.000328964	0.00043783	0.000814128	0.998343	7.57328e-05	8.4201e-05	6.25819e-06	6.25819e-06	0.000131422	0.999772
31	0.998381	0.00055743	0.000708852	0.000173053	0.000179709	0.000514048	0.997522	6.68262e-05	0.00188141	1.54214e-05	0.00198582	0.000100852	0.997383	0.000525871	4.80247e-06	0.000195831	0.000356056	0.00069609	0.998663	8.90141e-05	5.63919e-05	9.82978e-06	4.65621e-06	0.000107093	0.999822
32	0.99854	0.000688568	0.000157624	8.296e-05	0.000530944	0.000243135	0.996801	2.55931e-05	0.00291762	1.27966e-05	0.000208048	1.09499e-05	0.999453	0.000328497	NA	6.35617e-05	0.000119178	0.000135069	0.999499	0.00018274	0.000104933	NA	2.49839e-06	0.000307303	0.999585
33	0.998914	0.000477746	7.85335e-05	4.58112e-05	0.00048429	0.000452166	0.997086	1.00481e-05	0.00245174	NA	0.000295892	3.58658e-05	0.999462	0.000206228	NA	3.85259e-05	6.60444e-05	0.000192629	0.999499	0.000203637	0.000118962	1.95019e-06	3.90038e-06	0.000321782	0.999553
34	0.9977	0.00110418	0.00090712	0.000152383	0.000136427	0.000213035	0.998128	5.17195e-05	0.00157621	3.07854e-05	0.00224787	0.00010139	0.997243	0.000405561	2.30433e-06	0.000109669	0.000305016	0.000603178	0.998856	0.000125948	4.91414e-05	1.02684e-05	4.64521e-06	8.21468e-05	0.999854
35	0.997515	0.00133413	0.00102978	5.83684e-05	6.25375e-05	0.00025155	0.999071	2.44562e-05	0.000646344	6.9875e-06	0.000973726	4.14704e-05	0.998782	0.000194082	8.29409e-06	3.06947e-05	0.000200129	0.000532859	0.999158	7.85783e-05	1.55773e-05	5.19244e-06	6.3907e-06	3.55483e-05	0.999937
36	0.998617	0.000514304	0.000599532	0.000104624	0.000164577	7.83816e-05	0.997941	3.09881e-05	0.0019167	3.28109e-05	0.00207971	4.47343e-05	0.997709	0.000154377	1.228e-05	7.61135e-05	0.000237371	0.000352831	0.999202	0.000131586	6.87822e-05	1.16765e-05	3.46647e-06	0.000116401	0.9998
37	0.998024	0.000432537	0.00131985	8.436e-05	0.000138811	9.42879e-05	0.998042	3.40484e-05	0.00180587	2.3572e-05	0.00217625	3.85908e-05	0.997623	0.000151607	1.1026e-05	4.86635e-05	0.000237593	0.000371417	0.999217	0.000125237	5.78354e-05	8.36463e-06	4.5408e-06	0.000125708	0.999804
38	0.997909	0.000534729	0.00134314	8.9374e-05	0.00012371	6.38375e-05	0.998031	2.07472e-05	0.00186565	1.91513e-05	0.00195243	2.7845e-05	0.99793	7.69834e-05	1.31036e-05	3.5935e-05	0.000214626	0.000286988	0.999347	0.000115189	6.12862e-05	9.72553e-06	5.55744e-06	0.000105128	0.999818
39	0.998286	0.000702245	0.000826651	7.29851e-05	0.000112084	3.5133e-05	0.997933	2.33597e-05	0.00198221	2.67235e-05	0.00189479	2.56363e-05	0.998026	4.45766e-05	8.99184e-06	2.97515e-05	0.000191865	0.000230194	0.999429	0.000119115	7.06529e-05	9.86019e-06	4.61088e-06	0.000101475	0.999813
40	0.998854	0.000665124	0.000321463	6.98832e-05	8.95122e-05	1.57324e-05	0.998087	2.17257e-05	0.00183395	4.18033e-05	0.00140944	2.04267e-05	0.998527	2.61664e-05	1.65439e-05	2.6375e-05	0.000168271	0.00017158	0.999534	9.945e-05	0.000132674	1.17763e-05	4.41232e-06	6.19246e-05	0.999789
