quality	AA	AC	AG	AT	A.	CA	CC	CG	CT	C.	GA	GC	GG	GT	G.	TA	TC	TG	TT	T.	.A	.C	.G	.T	..
0	NA	NA	NA	NA	NA	NA	NA	NA	NA	NA	NA	NA	NA	NA	NA	NA	NA	NA	NA	NA	NA	NA	NA	NA	NA
1	NA	NA	NA	NA	NA	NA	NA	NA	NA	NA	NA	NA	NA	NA	NA	NA	NA	NA	NA	NA	NA	NA	NA	NA	NA
2	NA	NA	NA	NA	NA	NA	NA	NA	NA	NA	NA	NA	NA	NA	NA	NA	NA	NA	NA	NA	NA	NA	NA	NA	NA
3	NA	NA	NA	NA	NA	NA	NA	NA	NA	NA	NA	NA	NA	NA	NA	NA	NA	NA	NA	NA	NA	NA	NA	NA	NA
4	NA	NA	NA	NA	NA	NA	NA	NA	NA	NA	NA	NA	NA	NA	NA	NA	NA	NA	NA	NA	NA	NA	NA	NA	NA
5	NA	NA	NA	NA	NA	NA	NA	NA	NA	NA	NA	NA	NA	NA	NA	NA	NA	NA	NA	NA	NA	NA	NA	NA	NA
6	NA	NA	NA	NA	NA	NA	NA	NA	NA	NA	NA	NA	NA	NA	NA	NA	NA	NA	NA	NA	NA	NA	NA	NA	NA
7	NA	NA	NA	NA	NA	NA	NA	NA	NA	NA	NA	NA	NA	NA	NA	NA	NA	NA	NA	NA	NA	NA	NA	NA	NA
8	NA	NA	NA	NA	NA	NA	NA	NA	NA	NA	NA	NA	NA	NA	NA	NA	NA	NA	NA	NA	NA	NA	NA	NA	NA
9	NA	NA	NA	NA	NA	NA	NA	NA	NA	NA	NA	NA	NA	NA	NA	NA	NA	NA	NA	NA	NA	NA	NA	NA	NA
10	NA	NA	NA	NA	NA	NA	NA	NA	NA	NA	NA	NA	NA	NA	NA	NA	NA	NA	NA	NA	NA	NA	NA	NA	NA
11	0.969714	0.0100953	0.00490746	0.0121985	0.00308469	0.0531069	0.92052	0.00415462	0.0218569	0.000361272	0.0142318	0.00412723	0.946702	0.034868	7.11592e-05	0.0265711	0.0080135	0.0194011	0.945593	0.000421763	3.44104e-05	3.44104e-05	3.44104e-05	0.000860259	0.999037
12	0.971365	0.0154848	0.0048175	0.00816026	0.000172054	0.0337896	0.949532	0.00378763	0.0127915	9.96744e-05	0.0115818	0.00704176	0.953557	0.0276343	0.00018531	0.0136469	0.00705505	0.0197399	0.959487	7.12631e-05	1.40912e-05	0.000232504	2.11367e-05	0.000133866	0.999598
13	0.965294	0.0171917	0.00685351	0.010436	0.000224586	0.0298858	0.953673	0.0048707	0.0114428	0.000127884	0.0109382	0.00476468	0.961544	0.0226752	7.76548e-05	0.0156765	0.0103277	0.0226628	0.951139	0.000193699	5.67964e-05	2.89778e-05	0.000113593	4.86827e-05	0.999752
14	0.961602	0.0178784	0.00745559	0.0129205	0.000143979	0.0290845	0.952847	0.00468349	0.0132262	0.000159239	0.0159846	0.00665955	0.947661	0.0295382	0.000156287	0.0186054	0.0150922	0.0226877	0.94331	0.000305142	7.36088e-05	8.55454e-05	0.000123345	5.76934e-05	0.99966
15	0.975054	0.00829076	0.00628088	0.0102169	0.000157022	0.0126935	0.975618	0.00277367	0.00886606	4.84484e-05	0.0128682	0.00565076	0.95675	0.0246019	0.000129654	0.0264242	0.0136195	0.0254056	0.934362	0.00018916	9.67302e-05	8.73692e-05	0.000134174	4.99253e-05	0.999632
16	0.965535	0.0116945	0.00867822	0.0139226	0.000169173	0.0177061	0.963129	0.00440357	0.014646	0.000114826	0.0158054	0.00758706	0.953824	0.0226271	0.000156434	0.0182976	0.0132374	0.0182387	0.949959	0.000267284	0.000135157	9.98989e-05	0.000111652	9.87236e-05	0.999555
17	NA	NA	NA	NA	NA	NA	NA	NA	NA	NA	NA	NA	NA	NA	NA	NA	NA	NA	NA	NA	NA	NA	NA	NA	NA
18	NA	NA	NA	NA	NA	NA	NA	NA	NA	NA	NA	NA	NA	NA	NA	NA	NA	NA	NA	NA	NA	NA	NA	NA	NA
19	NA	NA	NA	NA	NA	NA	NA	NA	NA	NA	NA	NA	NA	NA	NA	NA	NA	NA	NA	NA	NA	NA	NA	NA	NA
20	0.99387	0.00122599	0.000817327	0.000817327	0.00326931	0.00402325	0.995083	0.000447027	0.000447027	NA	0.00167825	0.000719252	0.996164	0.00119875	0.000239751	0.0032591	NA	0.00162955	0.995111	NA	NA	NA	NA	NA	1
21	0.996899	0.00150725	0.000521739	0.000956522	0.000115942	0.00253083	0.996143	0.000441891	0.000883783	NA	0.000914146	0.000457073	0.996724	0.00190447	NA	0.000800368	0.000420193	0.00210097	0.996618	6.00276e-05	4.42719e-05	7.37866e-06	0.000103301	2.95146e-05	0.999816
22	0.996408	0.00161483	0.000723891	0.000751733	0.000501155	0.00354415	0.994515	0.000379731	0.00151892	4.21923e-05	0.00201279	0.000670929	0.993725	0.00355198	3.94664e-05	0.00187745	0.00106117	0.00340118	0.993633	2.72094e-05	6.5776e-05	1.6444e-05	9.86639e-05	0.000271326	0.999548
23	0.996816	0.00127719	0.00107931	0.000791495	3.5977e-05	0.00245383	0.995435	0.000738786	0.00137203	NA	0.00163725	0.000527251	0.995255	0.00258075	NA	0.000805582	0.000766602	0.001923	0.996453	5.1973e-05	9.69269e-06	3.87708e-05	3.87708e-05	3.87708e-05	0.999874
24	0.996848	0.00119867	0.00106548	0.000843507	4.43951e-05	0.00218653	0.996306	0.000527784	0.00098017	NA	0.00117977	0.000221206	0.996756	0.00176965	7.37354e-05	0.000589952	0.000403651	0.00142831	0.997547	3.10501e-05	2.45396e-05	1.22698e-05	0.000208586	4.90792e-05	0.999706
25	0.996107	0.00119291	0.00182075	0.000753414	0.000125569	0.00251598	0.995622	0.000603834	0.00125799	NA	0.00163307	0.00127584	0.993672	0.00336821	5.10334e-05	0.000769286	0.000697166	0.00168281	0.996779	7.21206e-05	3.54437e-05	0.000115192	9.74702e-05	2.65828e-05	0.999725
26	0.997065	0.00122651	0.000876079	0.000613255	0.00021902	0.00233504	0.995104	0.000677915	0.00180777	7.53239e-05	0.00176258	0.000793161	0.994536	0.00290826	NA	0.000506185	0.00091746	0.00120219	0.997311	6.32731e-05	5.06445e-05	1.26611e-05	7.59667e-05	6.33056e-05	0.999797
27	0.995592	0.00138222	0.00177853	0.00115991	8.69931e-05	0.00129558	0.99659	0.000439307	0.00164926	2.60606e-05	0.00222098	0.00127682	0.992716	0.00373859	4.75245e-05	0.00106675	0.00175238	0.00334784	0.993674	0.000158798	6.42142e-05	6.69761e-05	7.45713e-05	9.39046e-05	0.9997
28	0.997358	0.000330235	0.00165118	0.000471765	0.000188706	0.00027239	0.99793	0.00027239	0.00152539	NA	0.0024772	0.000707772	0.995263	0.00138832	0.000163332	0.000707026	0.00194432	0.000795404	0.996553	NA	1.14183e-05	9.13461e-05	NA	0.00019411	0.999703
29	0.99375	NA	0.00113636	0.000568182	0.00454545	0.00267857	0.996429	NA	0.000892857	NA	0.000404285	NA	0.999596	NA	NA	NA	0.000720981	0.000720981	0.998558	NA	NA	NA	NA	0.00260785	0.997392
30	0.997174	0.000818243	0.00131434	0.000603481	9.02e-05	0.000357543	0.998116	0.000222257	0.00129811	6.44222e-06	0.00131861	0.000457477	0.997291	0.000894024	3.88706e-05	0.000630101	0.00150962	0.000548057	0.997273	3.93813e-05	4.74327e-05	6.72553e-05	8.5662e-05	6.08837e-05	0.999739
31	0.998178	0.000287282	0.00114913	0.000318791	6.67236e-05	0.000211956	0.998621	0.000220434	0.000935433	1.13043e-05	0.00090798	0.000268932	0.998261	0.000519226	4.26032e-05	0.000326098	0.00111044	0.00065859	0.997845	5.96781e-05	5.02912e-05	4.15195e-05	7.36825e-05	4.67825e-05	0.999788
32	0.999008	0.000190725	0.000743828	5.72175e-05	NA	0.000137234	0.999424	0.000137234	0.000301916	NA	0.00022741	6.68852e-05	0.999385	0.000321049	NA	0.000103943	0.000233872	0.000355138	0.999298	8.66191e-06	2.76771e-06	NA	6.64251e-05	2.49094e-05	0.999906
33	0.999343	0.000107298	0.000482839	6.7061e-05	NA	7.14009e-05	0.999429	3.06004e-05	0.000459006	1.02001e-05	0.00028104	2.90731e-05	0.99936	0.000329496	NA	6.18184e-05	0.000206061	0.000510002	0.999207	1.54546e-05	3.89169e-06	1.94585e-06	4.28086e-05	4.28086e-05	0.999909
34	0.997395	0.000834769	0.00141379	0.000263848	9.27521e-05	0.000158451	0.998738	0.000195565	0.000899315	8.56491e-06	0.000852779	0.000198146	0.998562	0.00034989	3.76226e-05	0.000211702	0.00117579	0.000433342	0.998072	0.000107342	4.57209e-05	6.67802e-05	6.81657e-05	5.95757e-05	0.99976
35	0.998223	0.000716499	0.00087866	7.82053e-05	0.000103507	4.29848e-05	0.999601	7.36882e-05	0.000279401	3.07034e-06	0.000471746	6.30998e-05	0.999258	0.000193807	1.35214e-05	7.14563e-05	0.000601073	0.0005086	0.998741	7.77612e-05	1.96617e-05	5.06106e-05	3.09489e-05	6.62671e-05	0.999833
36	0.998213	0.000395894	0.0011303	0.000175051	8.57867e-05	9.03049e-05	0.998942	0.00014928	0.000801687	1.65866e-05	0.000611638	0.000128899	0.999043	0.000171023	4.54937e-05	0.000120864	0.00105295	0.000256068	0.998488	8.19417e-05	4.70765e-05	5.91661e-05	7.71175e-05	5.84334e-05	0.999758
37	0.997731	0.000230446	0.00184881	0.000125698	6.35971e-05	6.91469e-05	0.999022	0.000193089	0.000700602	1.56559e-05	0.000491113	0.000130269	0.999214	0.000134177	2.99618e-05	8.94895e-05	0.00106038	0.00027273	0.998499	7.81257e-05	4.74681e-05	4.7702e-05	8.16078e-05	4.7702e-05	0.999776
38	0.997451	0.000372165	0.00196092	0.000139782	7.58441e-05	6.87982e-05	0.999039	0.000156037	0.000720608	1.56037e-05	0.000495679	0.000126689	0.999209	0.000116305	5.19217e-05	8.68748e-05	0.00097948	0.000247121	0.998594	9.22764e-05	4.25049e-05	5.77631e-05	7.62908e-05	5.21775e-05	0.999771
39	0.997701	0.000554335	0.00153735	0.000126282	8.14489e-05	6.28888e-05	0.99902	0.000158108	0.000747874	1.1072e-05	0.00047744	9.92724e-05	0.999303	7.23008e-05	4.80123e-05	8.59802e-05	0.00098465	0.000205107	0.998643	8.11848e-05	4.6857e-05	6.03995e-05	6.32705e-05	5.72576e-05	0.999772
40	0.998109	0.000632141	0.00102933	0.000136132	9.36604e-05	7.02195e-05	0.99871	0.000133331	0.00106213	2.38494e-05	0.000483047	0.000123268	0.999259	7.47572e-05	5.98647e-05	8.88745e-05	0.000834667	0.000226343	0.998793	5.66929e-05	5.35524e-05	7.19141e-05	5.42514e-05	6.67524e-05	0.999754
