quality	AA	AC	AG	AT	A.	CA	CC	CG	CT	C.	GA	GC	GG	GT	G.	TA	TC	TG	TT	T.	.A	.C	.G	.T	..
0	NA	NA	NA	NA	NA	NA	NA	NA	NA	NA	NA	NA	NA	NA	NA	NA	NA	NA	NA	NA	NA	NA	NA	NA	NA
1	NA	NA	NA	NA	NA	NA	NA	NA	NA	NA	NA	NA	NA	NA	NA	NA	NA	NA	NA	NA	NA	NA	NA	NA	NA
2	NA	NA	NA	NA	NA	NA	NA	NA	NA	NA	NA	NA	NA	NA	NA	NA	NA	NA	NA	NA	NA	NA	NA	NA	NA
3	NA	NA	NA	NA	NA	NA	NA	NA	NA	NA	NA	NA	NA	NA	NA	NA	NA	NA	NA	NA	NA	NA	NA	NA	NA
4	NA	NA	NA	NA	NA	NA	NA	NA	NA	NA	NA	NA	NA	NA	NA	NA	NA	NA	NA	NA	NA	NA	NA	NA	NA
5	NA	NA	NA	NA	NA	NA	NA	NA	NA	NA	NA	NA	NA	NA	NA	NA	NA	NA	NA	NA	NA	NA	NA	NA	NA
6	NA	NA	NA	NA	NA	NA	NA	NA	NA	NA	NA	NA	NA	NA	NA	NA	NA	NA	NA	NA	NA	NA	NA	NA	NA
7	NA	NA	NA	NA	NA	NA	NA	NA	NA	NA	NA	NA	NA	NA	NA	NA	NA	NA	NA	NA	NA	NA	NA	NA	NA
8	NA	NA	NA	NA	NA	NA	NA	NA	NA	NA	NA	NA	NA	NA	NA	NA	NA	NA	NA	NA	NA	NA	NA	NA	NA
9	NA	NA	NA	NA	NA	NA	NA	NA	NA	NA	NA	NA	NA	NA	NA	NA	NA	NA	NA	NA	NA	NA	NA	NA	NA
10	NA	NA	NA	NA	NA	NA	NA	NA	NA	NA	NA	NA	NA	NA	NA	NA	NA	NA	NA	NA	NA	NA	NA	NA	NA
11	0.978047	0.0102195	0.00353268	0.00807469	0.000126167	0.0517773	0.930347	0.00390384	0.0135607	0.000410931	0.0213559	0.00808797	0.928571	0.0416212	0.000363504	0.028536	0.00930521	0.0210918	0.941067	NA	0.000118166	NA	NA	7.87774e-05	0.999803
12	0.968945	0.0144744	0.00694013	0.00953255	0.000108018	0.0386131	0.942546	0.00551615	0.0132889	3.58192e-05	0.0138161	0.00526327	0.949341	0.0314151	0.000164477	0.0118758	0.00709129	0.0239224	0.956897	0.000213593	4.38129e-05	7.30215e-06	3.65107e-05	6.57193e-05	0.999847
13	0.966412	0.015853	0.00631528	0.0113277	9.17092e-05	0.0293557	0.954539	0.00445789	0.0115573	9.01063e-05	0.0092762	0.00439064	0.963526	0.0227296	7.71882e-05	0.0143109	0.00944027	0.0222836	0.953809	0.000156038	3.838e-05	2.95231e-05	2.65708e-05	3.73959e-05	0.999868
14	0.962804	0.016595	0.00650507	0.0139538	0.000142447	0.0285474	0.952567	0.00449946	0.0140899	0.000295781	0.0180132	0.00710731	0.94028	0.0344709	0.000128911	0.0171341	0.0110453	0.0198918	0.951767	0.000161781	7.89272e-05	4.51013e-05	2.63091e-05	5.26181e-05	0.999797
15	0.978494	0.00818386	0.00471581	0.00856003	4.58737e-05	0.0113423	0.9765	0.0028225	0.00919925	0.000135898	0.0146393	0.00609423	0.950677	0.0284798	0.000109412	0.0253419	0.016307	0.024309	0.933794	0.00024791	4.31632e-05	3.45306e-05	3.74081e-05	6.33061e-05	0.999822
16	0.963318	0.0120654	0.00929467	0.0151421	0.000180182	0.0183781	0.959798	0.00474902	0.0169306	0.000144753	0.018899	0.00808288	0.946472	0.0263874	0.000159216	0.0181526	0.0123935	0.017971	0.951285	0.000198164	0.000100683	5.86394e-05	5.2001e-05	9.51507e-05	0.999694
17	NA	NA	NA	NA	NA	NA	NA	NA	NA	NA	NA	NA	NA	NA	NA	NA	NA	NA	NA	NA	NA	NA	NA	NA	NA
18	NA	NA	NA	NA	NA	NA	NA	NA	NA	NA	NA	NA	NA	NA	NA	NA	NA	NA	NA	NA	NA	NA	NA	NA	NA
19	NA	NA	NA	NA	NA	NA	NA	NA	NA	NA	NA	NA	NA	NA	NA	NA	NA	NA	NA	NA	NA	NA	NA	NA	NA
20	0.996248	0.00187617	0.0011257	0.000750469	NA	0.00123153	0.996305	0.00123153	0.00123153	NA	0.00222519	NA	0.99466	0.00311526	NA	0.00285016	NA	0.00285016	0.9943	NA	8.90313e-05	NA	NA	NA	0.999911
21	0.997226	0.0012443	0.000829531	0.000699917	NA	0.00255604	0.996231	0.000589855	0.000557085	6.55394e-05	0.000947718	0.000284315	0.996841	0.00183225	9.47718e-05	0.00109223	0.000447636	0.00245304	0.996007	NA	1.27782e-05	6.38912e-06	1.27782e-05	6.38912e-06	0.999962
22	0.9967	0.00181369	0.000579374	0.000856466	5.03804e-05	0.00348814	0.994849	0.000446157	0.00121679	NA	0.00197291	0.000526108	0.993851	0.00364988	NA	0.00144973	0.000797352	0.00299611	0.994684	7.24865e-05	2.93845e-05	1.46923e-05	2.20384e-05	3.67307e-05	0.999897
23	0.997642	0.00109604	0.000531411	0.000680871	4.98198e-05	0.00245655	0.995936	0.000619877	0.000941295	4.59168e-05	0.000887849	0.000389788	0.996643	0.00205721	2.16549e-05	0.00137105	0.000493578	0.00184269	0.99626	3.29052e-05	2.48957e-05	NA	2.48957e-05	8.29858e-06	0.999942
24	0.997448	0.00109352	0.000607509	0.000850512	NA	0.00217003	0.995979	0.000765892	0.00102119	6.38244e-05	0.00104867	0.000370119	0.996299	0.00222071	6.16865e-05	0.000687399	0.000329951	0.00148478	0.997498	NA	2.15244e-05	NA	NA	2.15244e-05	0.999957
25	0.997319	0.000982962	0.000982962	0.000714881	NA	0.00209334	0.995385	0.000761216	0.00171274	4.7576e-05	0.00154038	0.000791007	0.995004	0.00262281	4.1632e-05	0.0011239	0.000437072	0.00137365	0.996961	0.000104065	2.36957e-05	7.89858e-06	7.89858e-06	1.57972e-05	0.999945
26	0.997233	0.00130435	0.000671937	0.000750988	3.95257e-05	0.00168124	0.996638	0.000268998	0.00134499	6.72495e-05	0.00117737	0.00131588	0.99536	0.00214696	NA	0.000283469	0.000618477	0.00126272	0.99781	2.57699e-05	NA	NA	1.071e-05	5.35498e-05	0.999936
27	0.996384	0.000938009	0.00131545	0.00133555	2.68003e-05	0.00129624	0.996784	0.000327507	0.00157203	2.06847e-05	0.00279248	0.00115858	0.990877	0.00515718	1.48536e-05	0.00108205	0.00109219	0.00360457	0.994179	4.22674e-05	3.95205e-05	1.97602e-05	9.56141e-06	2.99591e-05	0.999901
28	0.997692	0.000652316	0.000652316	0.00100356	NA	0.000325985	0.998533	NA	0.00114095	NA	0.00392004	0.000674974	0.994393	0.00101246	NA	0.000824946	0.000329979	0.000329979	0.998515	NA	2.10309e-05	NA	1.05155e-05	1.05155e-05	0.999958
29	1	NA	NA	NA	NA	NA	0.999158	0.000841751	NA	NA	NA	NA	0.999755	0.000245098	NA	NA	NA	NA	1	NA	NA	NA	NA	NA	1
30	0.998083	0.000438739	0.000790859	0.000677879	9.41499e-06	0.000327562	0.998325	0.000160908	0.0011752	1.14934e-05	0.00161319	0.000337399	0.997095	0.000941026	1.31796e-05	0.000695145	0.000738232	0.000554392	0.998009	2.8725e-06	1.68373e-05	1.06013e-05	3.74162e-06	1.99553e-05	0.999949
31	0.998797	0.00022584	0.000651337	0.000317486	8.18262e-06	0.000169677	0.998913	0.000110659	0.000799203	7.37726e-06	0.00112594	0.000180912	0.998062	0.00062605	4.76084e-06	0.000377474	0.000544826	0.000609908	0.99846	7.4379e-06	2.21311e-05	1.08082e-05	2.57338e-06	1.95577e-05	0.999945
32	0.999538	0.000159448	0.000207282	9.56686e-05	NA	9.43634e-05	0.999591	4.19393e-05	0.00026212	1.04848e-05	0.000388031	5.5433e-05	0.999302	0.000254992	NA	7.66091e-05	0.000188041	0.000396975	0.999324	1.39289e-05	2.235e-06	NA	NA	1.341e-05	0.999984
33	0.99969	8.04246e-05	0.000183828	4.02123e-05	5.74462e-06	8.09907e-05	0.999684	NA	0.000218675	1.61981e-05	0.000146494	3.25542e-05	0.999447	0.000374373	NA	5.45675e-05	0.000155308	0.000566663	0.999211	1.25925e-05	6.40355e-06	3.20177e-06	1.60089e-06	1.76097e-05	0.999971
34	0.998824	0.00022938	0.000648979	0.000274137	2.3977e-05	0.000104631	0.999038	8.32004e-05	0.000765192	8.82429e-06	0.0011182	0.00017737	0.998336	0.000356943	1.10167e-05	0.000258772	0.000438523	0.000324767	0.998967	1.12887e-05	1.85376e-05	8.78095e-06	4.87831e-06	1.82936e-05	0.99995
35	0.999523	0.000138992	0.000233507	9.82213e-05	6.48631e-06	2.89882e-05	0.999777	1.51243e-05	0.000175189	3.78107e-06	0.000441089	7.07921e-05	0.999246	0.000234159	8.16832e-06	6.02526e-05	0.000248099	0.000438603	0.999245	7.97461e-06	7.71894e-06	3.08758e-06	1.54379e-06	1.48204e-05	0.999973
36	0.999115	0.000127859	0.000546671	0.000196318	1.40946e-05	5.12803e-05	0.999262	4.10242e-05	0.000642187	3.15571e-06	0.000922439	9.40526e-05	0.998837	0.000138185	8.68178e-06	0.000182261	0.00038432	0.000167703	0.999251	1.45576e-05	1.71583e-05	8.02822e-06	4.40765e-06	1.76306e-05	0.999953
37	0.999181	0.000106759	0.000540304	0.00016144	1.04155e-05	4.03577e-05	0.999377	3.36314e-05	0.000547071	2.24209e-06	0.00078832	6.56007e-05	0.999042	0.000100069	4.4475e-06	0.000142384	0.000377654	0.000180272	0.999292	7.33309e-06	1.55143e-05	7.25346e-06	5.64158e-06	1.83351e-05	0.999953
38	0.999209	0.000109447	0.000524294	0.000144425	1.24115e-05	2.43303e-05	0.999464	3.56054e-05	0.00046821	7.71449e-06	0.000783138	4.96396e-05	0.999083	7.65034e-05	7.59194e-06	0.000109063	0.000384388	0.000133849	0.999356	1.71602e-05	1.95914e-05	8.87377e-06	3.57256e-06	1.63646e-05	0.999952
39	0.99914	0.000122309	0.000604948	0.000113985	1.82977e-05	1.97885e-05	0.999434	2.80234e-05	0.000508355	9.34114e-06	0.000844823	4.02296e-05	0.999067	3.84703e-05	9.61758e-06	0.000101608	0.000358129	0.000102453	0.999424	1.359e-05	2.06826e-05	7.92005e-06	3.89214e-06	1.77635e-05	0.99995
40	0.999134	0.000124024	0.000647045	6.87255e-05	2.63242e-05	1.71754e-05	0.999297	2.88034e-05	0.00064685	9.92118e-06	0.00111678	3.11779e-05	0.998818	2.0174e-05	1.41987e-05	9.41308e-05	0.000299587	7.36447e-05	0.99952	1.26418e-05	2.63271e-05	1.05957e-05	4.76807e-06	1.8802e-05	0.99994
