quality	AA	AC	AG	AT	A.	CA	CC	CG	CT	C.	GA	GC	GG	GT	G.	TA	TC	TG	TT	T.	.A	.C	.G	.T	..
0	NA	NA	NA	NA	NA	NA	NA	NA	NA	NA	NA	NA	NA	NA	NA	NA	NA	NA	NA	NA	NA	NA	NA	NA	NA
1	NA	NA	NA	NA	NA	NA	NA	NA	NA	NA	NA	NA	NA	NA	NA	NA	NA	NA	NA	NA	NA	NA	NA	NA	NA
2	NA	NA	NA	NA	NA	NA	NA	NA	NA	NA	NA	NA	NA	NA	NA	NA	NA	NA	NA	NA	NA	NA	NA	NA	NA
3	NA	NA	NA	NA	NA	NA	NA	NA	NA	NA	NA	NA	NA	NA	NA	NA	NA	NA	NA	NA	NA	NA	NA	NA	NA
4	NA	NA	NA	NA	NA	NA	NA	NA	NA	NA	NA	NA	NA	NA	NA	NA	NA	NA	NA	NA	NA	NA	NA	NA	NA
5	NA	NA	NA	NA	NA	NA	NA	NA	NA	NA	NA	NA	NA	NA	NA	NA	NA	NA	NA	NA	NA	NA	NA	NA	NA
6	NA	NA	NA	NA	NA	NA	NA	NA	NA	NA	NA	NA	NA	NA	NA	NA	NA	NA	NA	NA	NA	NA	NA	NA	NA
7	NA	NA	NA	NA	NA	NA	NA	NA	NA	NA	NA	NA	NA	NA	NA	NA	NA	NA	NA	NA	NA	NA	NA	NA	NA
8	NA	NA	NA	NA	NA	NA	NA	NA	NA	NA	NA	NA	NA	NA	NA	NA	NA	NA	NA	NA	NA	NA	NA	NA	NA
9	NA	NA	NA	NA	NA	NA	NA	NA	NA	NA	NA	NA	NA	NA	NA	NA	NA	NA	NA	NA	NA	NA	NA	NA	NA
10	1	NA	NA	NA	NA	0.176471	0.735294	0.0294118	0.0588235	NA	0.0198675	NA	0.966887	0.013245	NA	NA	NA	NA	1	NA	NA	NA	NA	NA	1
11	0.976255	0.0115268	0.00322751	0.00882624	0.000164669	0.0676264	0.906809	0.00527691	0.0202367	5.12321e-05	0.0209039	0.00526712	0.914245	0.0593256	0.000258653	0.0237492	0.00787191	0.0218813	0.946231	0.000266845	4.00545e-05	2.00272e-05	3.00409e-05	5.00681e-05	0.99986
12	0.97178	0.0139086	0.00593636	0.00826455	0.000110866	0.0577133	0.922675	0.00550906	0.0139967	0.000105437	0.0115835	0.0043459	0.948217	0.03572	0.00013372	0.0110097	0.00524271	0.0251112	0.958569	6.72142e-05	4.33562e-05	8.12929e-06	5.41953e-05	5.96148e-05	0.999835
13	0.966294	0.0180109	0.00534755	0.0102532	9.43685e-05	0.0401975	0.943908	0.00468366	0.0111086	0.000102426	0.00848914	0.00361403	0.964827	0.0229724	9.70059e-05	0.0122791	0.00715896	0.0216923	0.958773	9.65098e-05	3.16021e-05	1.98103e-05	1.74519e-05	2.64137e-05	0.999905
14	0.964744	0.0187024	0.00529623	0.0111491	0.000108541	0.036799	0.946549	0.00437036	0.0121507	0.000131153	0.0136396	0.00575894	0.946697	0.033786	0.000118092	0.014039	0.00911841	0.0192889	0.95744	0.00011336	3.88803e-05	3.7113e-05	2.03238e-05	3.09275e-05	0.999873
15	0.966408	0.0158303	0.00611361	0.0115767	7.11476e-05	0.0300201	0.952083	0.00484529	0.0129165	0.000135487	0.0144374	0.00650233	0.950763	0.0281558	0.000141697	0.0151886	0.0093365	0.020821	0.954526	0.000128148	5.02933e-05	3.10635e-05	2.21882e-05	5.32518e-05	0.999843
16	0.965125	0.0154695	0.00720324	0.0121306	7.16633e-05	0.0266061	0.955418	0.00454108	0.0133417	9.27101e-05	0.0127989	0.00521176	0.955037	0.0268802	7.20828e-05	0.0184997	0.0115399	0.0281772	0.941681	0.000101895	5.53162e-05	2.67884e-05	2.99195e-05	4.10523e-05	0.999847
17	NA	NA	NA	NA	NA	NA	NA	NA	NA	NA	NA	NA	NA	NA	NA	NA	NA	NA	NA	NA	NA	NA	NA	NA	NA
18	1	NA	NA	NA	NA	NA	1	NA	NA	NA	NA	NA	1	NA	NA	NA	NA	NA	1	NA	NA	NA	NA	NA	1
19	1	NA	NA	NA	NA	0.015873	0.984127	NA	NA	NA	NA	NA	1	NA	NA	NA	NA	NA	1	NA	NA	NA	NA	NA	1
20	0.996541	0.0019084	0.000596374	0.000954198	NA	0.00788268	0.991017	NA	0.00109991	NA	0.00167104	0.000716161	0.9926	0.00493356	7.95735e-05	0.000826173	0.00132188	0.0038004	0.994052	NA	NA	NA	NA	NA	1
21	0.997093	0.00193136	0.000416568	0.000549112	9.46746e-06	0.00489897	0.993663	0.00047081	0.000954344	1.27246e-05	0.000780621	0.000300239	0.996169	0.00273818	1.20096e-05	0.000833092	0.000406219	0.00238223	0.996344	3.44253e-05	7.27114e-06	9.69485e-06	4.84743e-06	1.45423e-05	0.999964
22	0.997158	0.00205402	0.000323579	0.000464266	NA	0.00589111	0.992508	0.000489074	0.00106707	4.44612e-05	0.00108851	0.000235845	0.995356	0.00330183	1.81419e-05	0.000801576	0.000638544	0.00285307	0.995666	4.07581e-05	2.45139e-05	NA	8.1713e-06	1.63426e-05	0.999951
23	0.997639	0.00143764	0.000325361	0.000559923	3.78326e-05	0.00342056	0.99511	0.000241328	0.00120664	2.0985e-05	0.000552908	0.000150793	0.997286	0.00200052	1.00529e-05	0.000496866	0.000321206	0.00151569	0.997651	1.50565e-05	2.47139e-05	1.52086e-05	1.33075e-05	1.71096e-05	0.99993
24	0.9982	0.00115553	0.000244439	0.000399991	NA	0.0030427	0.995418	0.000419683	0.00108418	3.49736e-05	0.000580561	0.000239055	0.996312	0.00283451	3.41507e-05	0.00026808	0.000315388	0.00137194	0.998029	1.57694e-05	4.2105e-05	1.203e-05	2.406e-05	3.0075e-05	0.999892
25	0.99786	0.00118677	0.000503479	0.000413572	3.59628e-05	0.003494	0.99516	0.000114557	0.00120285	2.86393e-05	0.000855295	0.000187096	0.996873	0.00203133	5.34559e-05	0.000309668	0.000309668	0.00114443	0.998209	2.69277e-05	3.46235e-05	2.96773e-05	3.46235e-05	2.96773e-05	0.999871
26	0.997227	0.00169789	0.000509367	0.000509367	5.65963e-05	0.00309831	0.996148	8.37381e-05	0.000669905	NA	0.00044615	0.00026769	0.997858	0.00124922	0.00017846	0.000303053	0.000643988	0.00121221	0.997803	3.78817e-05	4.46561e-05	NA	4.46561e-05	2.97708e-05	0.999881
27	0.997073	0.00137026	0.000788477	0.000741087	2.72236e-05	0.00275024	0.995515	0.000326713	0.00137675	3.08833e-05	0.00198181	0.000565828	0.994113	0.00331151	2.82914e-05	0.000976497	0.000829612	0.00375254	0.994408	3.3644e-05	2.86536e-05	1.03153e-05	1.11749e-05	2.46421e-05	0.999925
28	0.998836	0.000543169	0.000310382	0.000310382	NA	0.00047261	0.998947	0.000107411	0.000451128	2.14823e-05	0.00260034	0.000255992	0.995608	0.00152248	1.34733e-05	0.000189726	0.000569179	0.000521747	0.998719	NA	2.2162e-05	5.5405e-06	1.1081e-05	2.2162e-05	0.999939
29	0.99944	0.000112095	0.000112095	0.00022419	0.000112095	0.00127361	0.998726	NA	NA	NA	0.000787278	0.000157456	0.998662	0.000393639	NA	NA	0.000402739	NA	0.999597	NA	6.94348e-05	NA	NA	NA	0.999931
30	0.99855	0.000451915	0.000655608	0.000332541	1.04215e-05	0.000452095	0.998384	0.000151699	0.00100332	9.01185e-06	0.0010945	0.00017938	0.997905	0.000814219	7.00705e-06	0.0003991	0.000602102	0.000638007	0.998355	5.52387e-06	1.58612e-05	6.02726e-06	5.07559e-06	1.2689e-05	0.99996
31	0.998879	0.000379056	0.000505714	0.000225781	1.00959e-05	0.000495328	0.998618	6.49148e-05	0.00081708	4.23357e-06	0.00106841	0.000135413	0.998208	0.000572797	1.48954e-05	0.000244131	0.000387038	0.00059842	0.998759	1.09164e-05	1.31968e-05	3.72952e-06	6.31149e-06	1.17623e-05	0.999965
32	0.999558	0.000251832	0.000128292	6.177e-05	NA	0.000318878	0.999362	3.82653e-05	0.000280612	NA	0.000198618	2.64823e-05	0.999563	0.000205238	6.62059e-06	6.756e-05	0.000147042	0.000349723	0.999432	3.97412e-06	2.67996e-06	2.67996e-06	2.67996e-06	6.69989e-06	0.999985
33	0.999588	0.00025566	0.000103027	5.34215e-05	NA	0.000578756	0.999153	3.7512e-05	0.000219713	1.07177e-05	0.000179953	3.17564e-05	0.999534	0.000232881	2.1171e-05	6.421e-05	0.000169281	0.000318131	0.999443	5.83727e-06	7.57634e-06	NA	7.57634e-06	3.247e-06	0.999982
34	0.998942	0.000293625	0.00056706	0.000183461	1.36059e-05	0.00022938	0.999017	5.75183e-05	0.000683983	1.17809e-05	0.00109798	9.97598e-05	0.998473	0.000319108	1.05336e-05	0.00019686	0.000362662	0.000480683	0.998947	1.24232e-05	1.71258e-05	4.45001e-06	3.23637e-06	1.52379e-05	0.99996
35	0.999278	0.000221419	0.000378488	0.000105866	1.59145e-05	0.000196328	0.999503	2.2027e-05	0.000276774	1.91539e-06	0.000658327	2.93642e-05	0.999125	0.000182816	4.73617e-06	7.15182e-05	0.000210003	0.000528584	0.999177	1.30033e-05	7.79945e-06	4.11638e-06	4.54968e-06	9.74931e-06	0.999974
36	0.999114	0.000176132	0.000555642	0.0001411	1.36235e-05	9.35106e-05	0.999248	3.33605e-05	0.000615653	9.60379e-06	0.000993779	5.03118e-05	0.998779	0.000166269	1.10207e-05	0.000147339	0.000380349	0.000197929	0.999263	1.18167e-05	1.83664e-05	4.6677e-06	5.68241e-06	1.30898e-05	0.999958
37	0.999107	0.000119812	0.000608763	0.000148078	1.60312e-05	9.6619e-05	0.999275	3.53308e-05	0.000585482	7.21037e-06	0.000936951	3.90089e-05	0.998903	0.000111139	9.56823e-06	0.000125755	0.000324569	0.000240333	0.999295	1.39728e-05	1.32551e-05	5.24953e-06	6.82439e-06	1.20739e-05	0.999963
38	0.999146	0.000147472	0.000566246	0.000121861	1.80118e-05	6.19265e-05	0.999362	2.91939e-05	0.000538318	8.40431e-06	0.000961612	3.22178e-05	0.998921	7.15951e-05	1.38716e-05	0.000114401	0.00034488	0.000154399	0.999376	1.03492e-05	1.43691e-05	4.30212e-06	4.73233e-06	1.05832e-05	0.999966
39	0.999079	0.00014122	0.000656983	0.000107236	1.55897e-05	4.3102e-05	0.999343	2.40497e-05	0.0005774	1.24933e-05	0.00102659	2.6272e-05	0.998894	3.8991e-05	1.42828e-05	0.00011197	0.000340203	9.1723e-05	0.999442	1.39272e-05	1.60571e-05	4.82105e-06	5.56881e-06	1.33022e-05	0.99996
40	0.999074	0.000131757	0.000689258	7.75542e-05	2.74761e-05	2.7501e-05	0.999272	2.04453e-05	0.000661707	1.81202e-05	0.00103488	2.38252e-05	0.998898	2.29053e-05	1.99616e-05	0.000116789	0.000329355	6.3557e-05	0.999477	1.31784e-05	2.2587e-05	6.18532e-06	6.15268e-06	1.72014e-05	0.999948
