quality	AA	AC	AG	AT	A.	CA	CC	CG	CT	C.	GA	GC	GG	GT	G.	TA	TC	TG	TT	T.	.A	.C	.G	.T	..
0	NA	NA	NA	NA	NA	NA	NA	NA	NA	NA	NA	NA	NA	NA	NA	NA	NA	NA	NA	NA	NA	NA	NA	NA	NA
1	NA	NA	NA	NA	NA	NA	NA	NA	NA	NA	NA	NA	NA	NA	NA	NA	NA	NA	NA	NA	NA	NA	NA	NA	NA
2	NA	NA	NA	NA	NA	NA	NA	NA	NA	NA	NA	NA	NA	NA	NA	NA	NA	NA	NA	NA	NA	NA	NA	NA	NA
3	NA	NA	NA	NA	NA	NA	NA	NA	NA	NA	NA	NA	NA	NA	NA	NA	NA	NA	NA	NA	NA	NA	NA	NA	NA
4	NA	NA	NA	NA	NA	NA	NA	NA	NA	NA	NA	NA	NA	NA	NA	NA	NA	NA	NA	NA	NA	NA	NA	NA	NA
5	NA	NA	NA	NA	NA	NA	NA	NA	NA	NA	NA	NA	NA	NA	NA	NA	NA	NA	NA	NA	NA	NA	NA	NA	NA
6	NA	NA	NA	NA	NA	NA	NA	NA	NA	NA	NA	NA	NA	NA	NA	NA	NA	NA	NA	NA	NA	NA	NA	NA	NA
7	NA	NA	NA	NA	NA	NA	NA	NA	NA	NA	NA	NA	NA	NA	NA	NA	NA	NA	NA	NA	NA	NA	NA	NA	NA
8	NA	NA	NA	NA	NA	NA	NA	NA	NA	NA	NA	NA	NA	NA	NA	NA	NA	NA	NA	NA	NA	NA	NA	NA	NA
9	NA	NA	NA	NA	NA	NA	NA	NA	NA	NA	NA	NA	NA	NA	NA	NA	NA	NA	NA	NA	NA	NA	NA	NA	NA
10	1	NA	NA	NA	NA	NA	1	NA	NA	NA	NA	0.00806452	0.975806	0.016129	NA	NA	NA	0.08	0.92	NA	NA	NA	NA	NA	1
11	0.977999	0.0116207	0.00310161	0.00707167	0.000206774	0.0635374	0.916176	0.00535427	0.0148135	0.000118984	0.0202304	0.00568704	0.926157	0.047777	0.0001481	0.0217988	0.00606323	0.0675617	0.904432	0.000144363	6.12347e-05	4.89878e-05	1.22469e-05	4.89878e-05	0.999829
12	0.973874	0.0146252	0.00475551	0.00666466	8.09941e-05	0.0479569	0.935498	0.00499887	0.0114007	0.000145129	0.0114298	0.00478362	0.951492	0.0321927	0.000101779	0.0110501	0.00580918	0.0238366	0.959178	0.000126287	2.58213e-05	2.90489e-05	2.90489e-05	3.87319e-05	0.999877
13	0.969138	0.0173623	0.00527702	0.00812526	9.70781e-05	0.0348359	0.95127	0.00421441	0.00954663	0.000132671	0.00761477	0.00351723	0.969233	0.0195586	7.62839e-05	0.0115932	0.00760079	0.0217254	0.958909	0.000172143	4.47737e-05	2.4422e-05	2.38406e-05	2.96553e-05	0.999877
14	0.967411	0.0180721	0.00519968	0.00912116	0.000195531	0.0304383	0.955096	0.00359779	0.0107457	0.00012169	0.0140126	0.00619865	0.948553	0.031137	9.90992e-05	0.0142331	0.00941038	0.0195214	0.95659	0.000244737	6.3999e-05	4.68564e-05	3.08567e-05	6.3999e-05	0.999794
15	0.96652	0.0162854	0.00649921	0.0105892	0.00010583	0.0280902	0.954843	0.00495758	0.0120283	8.03497e-05	0.0164758	0.00721019	0.949039	0.0271977	7.73211e-05	0.0150639	0.00978609	0.0205982	0.954342	0.000209868	5.0074e-05	3.52373e-05	2.41097e-05	6.67653e-05	0.999824
16	0.965482	0.0150217	0.00780448	0.011595	9.69413e-05	0.0244301	0.959093	0.00397565	0.0124082	9.28082e-05	0.0134882	0.00588892	0.952977	0.0275437	0.000101757	0.0200438	0.0129736	0.0289371	0.937861	0.000184853	6.51452e-05	3.05509e-05	3.05509e-05	5.12176e-05	0.999823
17	NA	NA	NA	NA	NA	NA	NA	NA	NA	NA	NA	NA	NA	NA	NA	NA	NA	NA	NA	NA	NA	NA	NA	NA	NA
18	1	NA	NA	NA	NA	NA	1	NA	NA	NA	NA	NA	1	NA	NA	NA	NA	0.166667	0.833333	NA	NA	NA	NA	NA	1
19	1	NA	NA	NA	NA	NA	1	NA	NA	NA	NA	NA	1	NA	NA	NA	NA	NA	1	NA	NA	NA	NA	NA	1
20	0.995801	0.00257348	0.000270893	0.000812678	0.000541785	0.00649746	0.991066	0.00101523	0.00121827	0.000203046	0.00132213	9.44376e-05	0.995184	0.00339975	NA	0.00208768	0.00125261	0.0192067	0.977453	NA	0.000144509	NA	3.61272e-05	3.61272e-05	0.999783
21	0.996938	0.00191945	0.000582691	0.000502714	5.71265e-05	0.00409704	0.994307	0.000383618	0.0011662	4.60342e-05	0.00119216	0.000412104	0.996203	0.00216355	2.9436e-05	0.00054312	0.000609965	0.00217248	0.996649	2.50671e-05	1.46954e-05	2.35127e-05	1.17563e-05	3.5269e-05	0.999915
22	0.996089	0.0021612	0.00101199	0.000548876	0.000188676	0.00359458	0.993247	0.000462938	0.0026687	2.72316e-05	0.00133315	0.000537936	0.995159	0.00294695	2.33885e-05	0.000998863	0.000602762	0.00406434	0.994248	8.61089e-05	3.06534e-05	1.02178e-05	1.02178e-05	3.06534e-05	0.999918
23	0.997625	0.00140679	0.000575505	0.00034713	4.5675e-05	0.00285089	0.995509	0.000364498	0.00126272	1.30178e-05	0.00061071	0.000292632	0.997265	0.00181941	1.27231e-05	0.000476232	0.000581374	0.00125552	0.9976	8.65876e-05	2.34506e-05	4.69011e-06	7.03517e-06	3.9866e-05	0.999925
24	0.998012	0.000816904	0.000762444	0.000326762	8.16904e-05	0.00291598	0.994347	0.000448612	0.0021982	8.97223e-05	0.000612316	0.000262421	0.996938	0.00218684	NA	0.000456766	0.00031775	0.00105255	0.998093	7.94376e-05	3.02611e-05	7.56527e-06	1.51305e-05	1.51305e-05	0.999932
25	0.998119	0.000983994	0.000590396	0.000196799	0.000109333	0.00303396	0.993859	0.000402091	0.00270497	NA	0.00102709	0.00035417	0.996635	0.00198335	NA	0.000444604	0.00128251	0.00107731	0.997076	0.000119701	5.63525e-05	NA	1.87842e-05	3.13069e-05	0.999894
26	0.996995	0.000767362	0.00159867	0.000639468	NA	0.0026096	0.996033	0.000208768	0.000835073	0.000313152	0.000228912	0.000114456	0.997825	0.00183129	NA	0.00026959	0.00274083	0.00103343	0.995821	0.000134795	3.5603e-05	3.5603e-05	1.78015e-05	5.34045e-05	0.999858
27	0.997041	0.0012133	0.000975888	0.000713485	5.62291e-05	0.00277381	0.99533	0.000312004	0.00155599	2.8181e-05	0.00213582	0.000709592	0.993265	0.00385962	2.99332e-05	0.00119138	0.000941506	0.00451037	0.993228	0.000128627	3.5343e-05	1.5147e-05	1.44257e-05	3.0294e-05	0.999905
28	0.998863	0.000343879	0.000396783	0.000370331	2.64522e-05	0.000536494	0.998544	0.000178831	0.000715326	2.55474e-05	0.00229869	0.000328384	0.995717	0.00164192	1.42776e-05	0.000493124	0.00158895	0.00334228	0.994576	NA	4.84572e-05	1.81715e-05	1.21143e-05	4.84572e-05	0.999873
29	0.999238	0.000380856	0.000126952	NA	0.000253904	0.000701262	0.998831	NA	0.000467508	NA	0.000554939	7.9277e-05	0.999366	NA	NA	NA	NA	0.0488599	0.95114	NA	NA	3.63253e-05	3.63253e-05	NA	0.999927
30	0.998136	0.00050191	0.000985311	0.000338598	3.81059e-05	0.000400342	0.998093	0.000139538	0.00136382	3.32234e-06	0.00133807	0.000258168	0.997511	0.000883124	9.44517e-06	0.00055649	0.000767956	0.000663018	0.997982	3.02095e-05	1.94422e-05	5.76065e-06	6.12069e-06	1.8002e-05	0.999951
31	0.998558	0.000442212	0.000733249	0.000218021	4.83348e-05	0.00050361	0.998313	8.73772e-05	0.00108665	9.53206e-06	0.000979919	0.000117953	0.998317	0.000577668	7.56111e-06	0.000312645	0.000539712	0.000563673	0.998535	4.90647e-05	1.94675e-05	7.46254e-06	7.13808e-06	1.88186e-05	0.999947
32	0.999077	0.000284076	0.000517425	0.000101456	2.02912e-05	0.000276591	0.99933	5.82297e-05	0.000320263	1.45574e-05	0.000252443	4.3276e-05	0.999488	0.00021638	NA	6.12611e-05	0.000450707	0.00016628	0.999295	2.62548e-05	1.33261e-05	4.44203e-06	1.03647e-05	8.88406e-06	0.999963
33	0.999126	0.000237334	0.000507978	0.000104094	2.49825e-05	0.00043147	0.999211	4.3147e-05	0.000302029	1.23277e-05	0.000184596	5.76861e-06	0.999625	0.000184596	NA	6.43501e-05	0.000675676	0.000250965	0.998986	2.25225e-05	1.20361e-05	4.81443e-06	9.62886e-06	6.01803e-06	0.999968
34	0.998863	0.000254377	0.000692062	0.000134295	5.58747e-05	0.000210529	0.998732	6.40071e-05	0.000985555	7.7117e-06	0.00111248	0.00011284	0.9984	0.000367595	6.9227e-06	0.000232157	0.000468165	0.000644758	0.998577	7.81192e-05	2.12669e-05	9.11439e-06	7.59533e-06	1.98998e-05	0.999942
35	0.999487	0.000160301	0.000274087	4.00754e-05	3.86441e-05	0.00023721	0.99941	2.72979e-05	0.000322869	2.82392e-06	0.000509834	5.13569e-05	0.999278	0.000153137	7.47009e-06	7.35223e-05	0.000254967	0.000768949	0.998841	6.1381e-05	9.09711e-06	3.77197e-06	5.32514e-06	1.26472e-05	0.999969
36	0.998945	0.000203906	0.000687366	0.000106595	5.67361e-05	8.27599e-05	0.998981	5.05158e-05	0.000878652	7.52363e-06	0.00104162	5.71374e-05	0.998716	0.000175457	1.01128e-05	0.000172483	0.000518643	0.000158142	0.99909	6.09466e-05	1.49109e-05	8.10375e-06	6.483e-06	1.73961e-05	0.999953
37	0.998955	0.000181556	0.00072173	8.71828e-05	5.43769e-05	9.8636e-05	0.998987	4.16121e-05	0.000863836	9.24713e-06	0.000712931	5.83732e-05	0.999117	0.000103515	7.78309e-06	0.000147507	0.000474774	0.000211584	0.999097	6.88078e-05	1.99113e-05	8.273e-06	7.85234e-06	1.68265e-05	0.999947
38	0.999046	0.000170559	0.000661166	6.69139e-05	5.52395e-05	6.39151e-05	0.999133	2.68175e-05	0.000766088	1.02801e-05	0.000916099	4.42409e-05	0.998956	7.28411e-05	1.07251e-05	0.000123995	0.000492535	0.000142652	0.999173	6.8312e-05	1.94445e-05	7.49879e-06	5.4933e-06	1.72646e-05	0.99995
39	0.999094	0.000163683	0.00062153	6.18135e-05	5.84807e-05	4.39085e-05	0.999144	2.89327e-05	0.000775479	7.53881e-06	0.000848204	3.46104e-05	0.999059	4.68786e-05	1.08719e-05	0.000122539	0.000459549	0.000104889	0.999251	6.1923e-05	1.83791e-05	8.2763e-06	7.43915e-06	2.11949e-05	0.999945
40	0.999173	0.000157221	0.000555213	5.38286e-05	6.09651e-05	2.4281e-05	0.999267	2.33573e-05	0.000674589	1.11508e-05	0.000791908	2.87913e-05	0.99914	2.44579e-05	1.47629e-05	0.000128835	0.000349162	6.22543e-05	0.999405	5.4357e-05	2.28766e-05	9.69077e-06	7.10921e-06	2.10496e-05	0.999939
