quality	AA	AC	AG	AT	A.	CA	CC	CG	CT	C.	GA	GC	GG	GT	G.	TA	TC	TG	TT	T.	.A	.C	.G	.T	..
0	NA	NA	NA	NA	NA	NA	NA	NA	NA	NA	NA	NA	NA	NA	NA	NA	NA	NA	NA	NA	NA	NA	NA	NA	NA
1	NA	NA	NA	NA	NA	NA	NA	NA	NA	NA	NA	NA	NA	NA	NA	NA	NA	NA	NA	NA	NA	NA	NA	NA	NA
2	NA	NA	NA	NA	NA	NA	NA	NA	NA	NA	NA	NA	NA	NA	NA	NA	NA	NA	NA	NA	NA	NA	NA	NA	NA
3	NA	NA	NA	NA	NA	NA	NA	NA	NA	NA	NA	NA	NA	NA	NA	NA	NA	NA	NA	NA	NA	NA	NA	NA	NA
4	NA	NA	NA	NA	NA	NA	NA	NA	NA	NA	NA	NA	NA	NA	NA	NA	NA	NA	NA	NA	NA	NA	NA	NA	NA
5	NA	NA	NA	NA	NA	NA	NA	NA	NA	NA	NA	NA	NA	NA	NA	NA	NA	NA	NA	NA	NA	NA	NA	NA	NA
6	NA	NA	NA	NA	NA	NA	NA	NA	NA	NA	NA	NA	NA	NA	NA	NA	NA	NA	NA	NA	NA	NA	NA	NA	NA
7	NA	NA	NA	NA	NA	NA	NA	NA	NA	NA	NA	NA	NA	NA	NA	NA	NA	NA	NA	NA	NA	NA	NA	NA	NA
8	NA	NA	NA	NA	NA	NA	NA	NA	NA	NA	NA	NA	NA	NA	NA	NA	NA	NA	NA	NA	NA	NA	NA	NA	NA
9	NA	NA	NA	NA	NA	NA	NA	NA	NA	NA	NA	NA	NA	NA	NA	NA	NA	NA	NA	NA	NA	NA	NA	NA	NA
10	0.980769	NA	NA	0.0192308	NA	NA	1	NA	NA	NA	NA	NA	0.941176	0.0588235	NA	NA	NA	NA	1	NA	NA	NA	NA	NA	1
11	0.973668	0.0144886	0.00344966	0.00827919	0.000114989	0.0670681	0.907844	0.00660646	0.0182305	0.000250878	0.0227484	0.00588876	0.9155	0.0557415	0.000121002	0.0202083	0.0114583	0.0191667	0.94875	0.000416667	3.39438e-05	NA	NA	0.000118803	0.999847
12	0.971866	0.0144372	0.00593976	0.00770655	5.04796e-05	0.0554479	0.924993	0.00527969	0.0139901	0.000289603	0.0110982	0.00401948	0.940888	0.0438713	0.000123465	0.0106304	0.00774144	0.0264067	0.955018	0.000203128	4.06418e-05	1.35473e-05	3.16103e-05	5.4189e-05	0.99986
13	0.967163	0.0171028	0.00610197	0.00953164	0.000100661	0.0382201	0.945485	0.00491134	0.0112676	0.000116045	0.0075457	0.00339223	0.967312	0.0216373	0.000112256	0.0119135	0.00739768	0.0213829	0.959155	0.000150526	5.02069e-05	2.47288e-05	1.79846e-05	2.84756e-05	0.999879
14	0.966897	0.0179654	0.00508315	0.00993377	0.000120917	0.03452	0.950032	0.00408197	0.0111717	0.00019405	0.0132845	0.00594713	0.947937	0.0327092	0.00012229	0.0139469	0.0100559	0.0194673	0.95636	0.000170232	5.4497e-05	3.09307e-05	2.06205e-05	6.03885e-05	0.999834
15	0.967175	0.0151667	0.0067896	0.0107543	0.000113974	0.0288602	0.952648	0.0051053	0.0132402	0.000146764	0.0134141	0.00660804	0.952655	0.0272489	7.42476e-05	0.0154573	0.00965318	0.0210985	0.953618	0.000173106	5.51973e-05	2.87986e-05	3.35984e-05	5.03975e-05	0.999832
16	0.965646	0.0143333	0.00784385	0.0120438	0.000133333	0.0263493	0.955368	0.00458336	0.0136002	9.8962e-05	0.0120327	0.00525905	0.956532	0.0261083	6.77364e-05	0.0194707	0.0119385	0.0277886	0.94066	0.000142277	5.27513e-05	2.77937e-05	3.1197e-05	4.87808e-05	0.999839
17	NA	NA	NA	NA	NA	NA	NA	NA	NA	NA	NA	NA	NA	NA	NA	NA	NA	NA	NA	NA	NA	NA	NA	NA	NA
18	1	NA	NA	NA	NA	NA	1	NA	NA	NA	NA	NA	1	NA	NA	NA	NA	NA	1	NA	NA	NA	NA	NA	1
19	1	NA	NA	NA	NA	NA	1	NA	NA	NA	0.0133333	NA	0.986667	NA	NA	NA	NA	NA	1	NA	NA	NA	NA	NA	1
20	0.998397	0.000400641	0.000400641	0.000400641	0.000400641	0.00783699	0.990596	0.00031348	0.00125392	NA	0.000968322	0.000414995	0.99585	0.00276663	NA	0.00207715	0.000593472	0.015727	0.981009	0.000593472	NA	NA	NA	NA	1
21	0.996263	0.00203561	0.00100261	0.000653217	4.55733e-05	0.00389444	0.9943	0.000507089	0.00129815	NA	0.000835803	0.000398906	0.995973	0.00269736	9.49776e-05	0.000860002	0.0011395	0.00231126	0.995678	1.075e-05	1.91763e-05	7.67054e-06	1.53411e-05	2.30116e-05	0.999935
22	0.996825	0.00194153	0.000730927	0.00045683	4.5683e-05	0.00523522	0.992715	0.000549149	0.0014644	3.66099e-05	0.00122289	0.000328094	0.995556	0.00289319	NA	0.000687079	0.000858848	0.00328509	0.995062	0.000107356	5.29213e-05	NA	NA	6.61516e-06	0.99994
23	0.996992	0.00141245	0.00105933	0.000474874	6.08813e-05	0.00326792	0.994892	0.000533187	0.00123837	6.87983e-05	0.000644382	0.0003383	0.996778	0.0021909	4.83286e-05	0.00037789	0.000991962	0.00173987	0.996859	3.14909e-05	2.12584e-05	9.11076e-06	9.11076e-06	2.73323e-05	0.999933
24	0.997119	0.00106716	0.00138731	0.000391292	3.5572e-05	0.00255472	0.99582	0.000696743	0.000870928	5.80619e-05	0.000756471	0.000270168	0.996002	0.00286378	0.000108067	0.000300368	0.000475583	0.00100123	0.998198	2.50307e-05	1.92743e-05	9.63716e-06	NA	6.74601e-05	0.999904
25	0.997774	0.0011565	0.00066499	0.000375864	2.89126e-05	0.00293199	0.995386	0.000480654	0.00105744	0.000144196	0.00078404	0.00039202	0.996995	0.00178587	4.35578e-05	0.000277873	0.000919118	0.000940492	0.997798	6.41245e-05	2.39785e-05	3.19714e-05	NA	4.7957e-05	0.999896
26	0.996825	0.00034323	0.00188776	0.000858074	8.58074e-05	0.00301081	0.995484	0.000410565	0.00109484	NA	0.00051573	0.00051573	0.997937	0.00103146	NA	0.000336795	0.00101038	0.00089812	0.997642	0.000112265	2.24643e-05	4.49287e-05	NA	8.98574e-05	0.999843
27	0.996671	0.00117555	0.00138147	0.000718301	5.35078e-05	0.00263831	0.9955	0.000336749	0.00149813	2.65156e-05	0.00158942	0.00060134	0.994552	0.00322354	3.3532e-05	0.00096512	0.00102743	0.00398245	0.993931	9.41258e-05	3.09117e-05	1.2457e-05	1.66093e-05	2.86049e-05	0.999911
28	0.998896	0.000456899	0.000190375	0.000418824	3.80749e-05	0.000644607	0.998388	0.000107434	0.000823664	3.58115e-05	0.00175898	0.000265892	0.996339	0.00161581	2.04532e-05	0.000320487	0.00152231	0.000640974	0.997516	NA	8.65434e-06	NA	8.65434e-06	8.65434e-06	0.999974
29	0.999631	0.000184468	NA	0.000184468	NA	0.00101592	0.998984	NA	NA	NA	0.00076268	0.000127113	0.998856	0.000254227	NA	NA	NA	0.000577367	0.999423	NA	NA	NA	NA	NA	1
30	0.997995	0.000498171	0.0011283	0.000330631	4.74449e-05	0.000470076	0.998199	0.000236208	0.00108749	7.01607e-06	0.000923463	0.000204248	0.998049	0.000808302	1.521e-05	0.000425374	0.00124981	0.000699456	0.997575	5.0431e-05	2.18571e-05	6.45777e-06	7.45128e-06	1.58961e-05	0.999948
31	0.998441	0.000359659	0.000995435	0.000168502	3.53995e-05	0.00054928	0.998409	0.000131827	0.000905214	4.39424e-06	0.000600495	0.000111432	0.998727	0.00055097	1.03178e-05	0.000244277	0.000952212	0.000669038	0.998091	4.35653e-05	2.31361e-05	5.3391e-06	4.89417e-06	1.29028e-05	0.999954
32	0.998632	0.000162153	0.00110687	8.46018e-05	1.41003e-05	0.000293324	0.999276	0.000244437	0.000185772	NA	0.00020749	2.82941e-05	0.999594	0.000169765	NA	6.73178e-05	0.000685418	0.000373308	0.998849	2.44792e-05	4.03711e-06	NA	8.07422e-06	4.03711e-06	0.999984
33	0.998682	0.000213833	0.000988257	9.24684e-05	2.31171e-05	0.000455396	0.999122	0.000157319	0.000256678	8.27993e-06	0.000217958	3.11369e-05	0.999533	0.000210174	7.78422e-06	4.39549e-05	0.000923053	0.000610973	0.998409	1.31865e-05	6.57449e-06	NA	NA	1.97235e-05	0.999974
34	0.998602	0.000236271	0.000962008	0.000144877	5.48365e-05	0.000202625	0.998896	9.42693e-05	0.000802914	4.33422e-06	0.000654795	0.000148687	0.998854	0.000326921	1.525e-05	0.000150253	0.00078266	0.00055018	0.998456	6.05497e-05	2.17701e-05	7.5358e-06	8.58244e-06	2.19794e-05	0.99994
35	0.999291	0.000151027	0.000467006	5.03424e-05	4.07024e-05	0.000286095	0.999385	2.7179e-05	0.000297539	4.29143e-06	0.00032738	7.14804e-05	0.999437	0.000157257	7.14804e-06	4.50593e-05	0.000329796	0.000544547	0.999036	4.50593e-05	1.3397e-05	7.18864e-06	4.24783e-06	1.209e-05	0.999963
36	0.998733	0.000162601	0.000967744	9.03882e-05	4.66678e-05	8.82543e-05	0.999136	9.59959e-05	0.000668875	1.08382e-05	0.000486653	0.000129629	0.999182	0.000193358	8.69024e-06	0.000107887	0.000917605	0.000238486	0.998687	4.94008e-05	2.1953e-05	7.11154e-06	6.64774e-06	1.65421e-05	0.999948
37	0.99872	0.000157371	0.000992844	7.7406e-05	5.2457e-05	0.000123423	0.99916	6.94255e-05	0.000640257	6.61195e-06	0.000413741	6.60224e-05	0.999416	9.35318e-05	1.10037e-05	6.66335e-05	0.000760834	0.000297428	0.998824	5.14895e-05	1.76959e-05	6.95905e-06	7.9532e-06	1.69006e-05	0.99995
38	0.998812	0.000155804	0.000926889	6.30736e-05	4.21883e-05	5.71971e-05	0.999267	6.18527e-05	0.000601235	1.26366e-05	0.00044088	9.52721e-05	0.999379	7.29325e-05	1.18269e-05	7.31535e-05	0.000795492	0.000221969	0.998853	5.68507e-05	1.63881e-05	7.04175e-06	4.73718e-06	1.66441e-05	0.999955
39	0.998795	0.000130563	0.000964889	5.9139e-05	5.01872e-05	4.56529e-05	0.999231	6.11259e-05	0.000652316	9.95785e-06	0.000421278	7.53148e-05	0.99945	4.3037e-05	1.01531e-05	5.64536e-05	0.000781376	0.000137948	0.998974	5.07096e-05	1.99636e-05	7.47917e-06	7.53671e-06	1.82664e-05	0.999947
40	0.999013	0.000117246	0.000747882	6.21403e-05	5.92824e-05	3.02308e-05	0.999009	4.5619e-05	0.000899284	1.60431e-05	0.000445415	5.55827e-05	0.999456	2.79796e-05	1.48053e-05	5.10296e-05	0.00070754	9.9366e-05	0.999094	4.82655e-05	2.50011e-05	9.09131e-06	6.7962e-06	2.07228e-05	0.999938
