quality	AA	AC	AG	AT	A.	CA	CC	CG	CT	C.	GA	GC	GG	GT	G.	TA	TC	TG	TT	T.	.A	.C	.G	.T	..
0	NA	NA	NA	NA	NA	NA	NA	NA	NA	NA	NA	NA	NA	NA	NA	NA	NA	NA	NA	NA	NA	NA	NA	NA	NA
1	NA	NA	NA	NA	NA	NA	NA	NA	NA	NA	NA	NA	NA	NA	NA	NA	NA	NA	NA	NA	NA	NA	NA	NA	NA
2	NA	NA	NA	NA	NA	NA	NA	NA	NA	NA	NA	NA	NA	NA	NA	NA	NA	NA	NA	NA	NA	NA	NA	NA	NA
3	NA	NA	NA	NA	NA	NA	NA	NA	NA	NA	NA	NA	NA	NA	NA	NA	NA	NA	NA	NA	NA	NA	NA	NA	NA
4	NA	NA	NA	NA	NA	NA	NA	NA	NA	NA	NA	NA	NA	NA	NA	NA	NA	NA	NA	NA	NA	NA	NA	NA	NA
5	NA	NA	NA	NA	NA	NA	NA	NA	NA	NA	NA	NA	NA	NA	NA	NA	NA	NA	NA	NA	NA	NA	NA	NA	NA
6	NA	NA	NA	NA	NA	NA	NA	NA	NA	NA	NA	NA	NA	NA	NA	NA	NA	NA	NA	NA	NA	NA	NA	NA	NA
7	NA	NA	NA	NA	NA	NA	NA	NA	NA	NA	NA	NA	NA	NA	NA	NA	NA	NA	NA	NA	NA	NA	NA	NA	NA
8	NA	NA	NA	NA	NA	NA	NA	NA	NA	NA	NA	NA	NA	NA	NA	NA	NA	NA	NA	NA	NA	NA	NA	NA	NA
9	NA	NA	NA	NA	NA	NA	NA	NA	NA	NA	NA	NA	NA	NA	NA	NA	NA	NA	NA	NA	NA	NA	NA	NA	NA
10	NA	NA	NA	NA	NA	NA	NA	NA	NA	NA	NA	NA	NA	NA	NA	NA	NA	NA	NA	NA	NA	NA	NA	NA	NA
11	0.976336	0.00992884	0.00380606	0.00910144	0.000827404	0.055643	0.91916	0.00498688	0.02021	NA	0.0213592	0.00740291	0.92682	0.0441748	0.000242718	0.0275908	0.00807537	0.0235532	0.940781	NA	0.000102213	5.11065e-05	NA	0.000153319	0.999693
12	0.973217	0.013088	0.0051214	0.00849772	7.58725e-05	0.0373549	0.944191	0.00515924	0.0129973	0.000297649	0.0128281	0.0047615	0.950816	0.0313699	0.000224071	0.0155941	0.00743717	0.0239309	0.952618	0.00041984	6.07183e-05	3.03591e-05	2.02394e-05	0.000121437	0.999767
13	0.966376	0.0159878	0.0063845	0.0111209	0.000130546	0.0290446	0.953888	0.00473896	0.0121497	0.000178945	0.00976914	0.0043067	0.961809	0.0239715	0.000143748	0.0143422	0.00918013	0.0229888	0.953306	0.000182641	5.45094e-05	3.92975e-05	3.16915e-05	0.000116625	0.999758
14	0.962128	0.0173127	0.00703329	0.0133503	0.000175261	0.0301206	0.952267	0.00422337	0.0132038	0.000185643	0.0176996	0.00662223	0.942842	0.0326271	0.000209007	0.017952	0.01598	0.0197589	0.946066	0.000242858	5.35168e-05	3.89213e-05	4.37865e-05	9.73032e-05	0.999766
15	0.977862	0.00838458	0.00484863	0.00881031	9.46074e-05	0.0125249	0.975967	0.00288393	0.00847068	0.000153252	0.0137161	0.00584379	0.956501	0.0238185	0.000120906	0.0253276	0.0173738	0.0256391	0.931366	0.000293228	7.79912e-05	2.22832e-05	3.71387e-05	2.97109e-05	0.999833
16	0.965906	0.0113773	0.00848319	0.0140214	0.000211868	0.0182797	0.960693	0.00462099	0.0162157	0.000190193	0.0173037	0.0073829	0.950877	0.0243306	0.00010547	0.0188958	0.0126838	0.0192962	0.948924	0.000200213	0.000145668	5.18241e-05	4.62215e-05	0.000103648	0.999653
17	NA	NA	NA	NA	NA	NA	NA	NA	NA	NA	NA	NA	NA	NA	NA	NA	NA	NA	NA	NA	NA	NA	NA	NA	NA
18	NA	NA	NA	NA	NA	NA	NA	NA	NA	NA	NA	NA	NA	NA	NA	NA	NA	NA	NA	NA	NA	NA	NA	NA	NA
19	NA	NA	NA	NA	NA	NA	NA	NA	NA	NA	NA	NA	NA	NA	NA	NA	NA	NA	NA	NA	NA	NA	NA	NA	NA
20	0.996509	0.00249377	NA	0.000997506	NA	0.00449102	0.993263	0.00149701	0.000748503	NA	0.000582581	0.000873871	0.995339	0.00320419	NA	0.00146735	NA	0.00660308	0.99193	NA	NA	0.000123122	NA	NA	0.999877
21	0.997149	0.00134174	0.00057024	0.000872132	6.70871e-05	0.00240096	0.996313	0.000557366	0.000728863	NA	0.000580816	0.000290408	0.99498	0.0041072	4.14869e-05	0.00103974	0.000508318	0.00207948	0.996349	2.31054e-05	NA	NA	8.30275e-06	NA	0.999992
22	0.996013	0.00225951	0.000764247	0.000963615	NA	0.00342626	0.994497	0.000674869	0.00134974	5.1913e-05	0.0018319	0.0005234	0.993109	0.00449252	4.36167e-05	0.00171644	0.000905034	0.00374497	0.993602	3.12081e-05	1.9178e-05	NA	NA	5.75341e-05	0.999923
23	0.997767	0.00108385	0.000476892	0.000606954	6.50308e-05	0.00192519	0.996058	0.000580614	0.00143625	NA	0.00146269	0.000421929	0.994965	0.00312228	2.81286e-05	0.00120475	0.000354339	0.00201264	0.996372	5.66942e-05	2.16351e-05	NA	1.08175e-05	8.11315e-05	0.999886
24	0.997922	0.0010657	0.00053285	0.00042628	5.3285e-05	0.00208542	0.995495	0.001001	0.00141808	NA	0.00112967	0.000484144	0.995078	0.00322763	8.06907e-05	0.000431701	0.000179876	0.0012951	0.998057	3.59751e-05	NA	NA	1.41e-05	8.46e-05	0.999901
25	0.997923	0.000923006	0.000346127	0.000730713	7.69172e-05	0.00246959	0.99469	0.000740878	0.00209915	NA	0.00219046	0.0007119	0.994195	0.0028476	5.47615e-05	0.00124357	0.00060797	0.00127121	0.996794	8.2905e-05	3.10549e-05	1.03516e-05	4.14066e-05	0.000103516	0.999814
26	0.997714	0.000987321	0.000467678	0.000779464	5.19642e-05	0.00252371	0.994604	0.000609172	0.00217562	8.70246e-05	0.00278727	0.000809207	0.992807	0.00350656	8.99119e-05	0.000403551	0.000302663	0.00107614	0.998117	0.000100888	NA	6.98744e-05	6.98744e-05	0.000349372	0.999511
27	0.996739	0.000927199	0.00118771	0.00107006	7.56326e-05	0.00139848	0.996265	0.000288717	0.00202102	2.70673e-05	0.00251947	0.00117113	0.991752	0.00453043	2.69668e-05	0.00101958	0.00165599	0.00351678	0.993715	9.24888e-05	5.16299e-05	2.54052e-05	1.31124e-05	3.68785e-05	0.999873
28	0.998158	0.00050813	0.000381098	0.000952744	NA	0.000287472	0.997873	0.000114989	0.00166734	5.74944e-05	0.00280252	0.000567177	0.995329	0.00126781	3.33634e-05	0.000460511	0.000690767	0.000805895	0.998043	NA	1.39361e-05	NA	NA	4.18084e-05	0.999944
29	0.998733	0.000633714	NA	NA	0.000633714	NA	0.997886	NA	0.00211416	NA	0.00066313	NA	0.999337	NA	NA	NA	NA	NA	1	NA	NA	NA	NA	NA	1
30	0.998117	0.00045355	0.000782068	0.000603099	4.41292e-05	0.00040141	0.998035	0.000164387	0.00138391	1.52918e-05	0.00155393	0.000343789	0.996624	0.00147486	3.43789e-06	0.00065434	0.00131633	0.000581636	0.997402	4.59186e-05	2.87039e-05	4.92067e-06	4.10056e-06	4.67463e-05	0.999916
31	0.998847	0.000254011	0.000610481	0.000268953	1.92109e-05	0.000224996	0.998497	9.45636e-05	0.00117715	6.52163e-06	0.000988136	0.000248568	0.99772	0.00102496	1.84125e-05	0.000281902	0.000897635	0.000583586	0.998195	4.2038e-05	3.44426e-05	1.01302e-05	6.0781e-06	3.71439e-05	0.999912
32	0.999619	0.000105965	0.000169544	8.47718e-05	2.1193e-05	0.000159001	0.999017	NA	0.000809459	1.44546e-05	0.000244664	2.8784e-05	0.998417	0.00130967	NA	9.32975e-05	0.000177265	0.000233244	0.999478	1.86595e-05	8.96215e-06	2.98738e-06	2.98738e-06	9.26089e-05	0.999892
33	0.999793	6.14194e-05	0.000115161	1.53549e-05	1.53549e-05	9.95707e-05	0.99938	4.42537e-05	0.0004536	2.21268e-05	0.000203243	8.55761e-05	0.998631	0.0010804	NA	4.50352e-05	0.000163252	0.000444722	0.99933	1.68882e-05	8.58594e-06	4.29297e-06	2.14648e-06	0.000128789	0.999856
34	0.998822	0.000288463	0.000617687	0.00020276	6.89802e-05	0.000182	0.998718	5.34311e-05	0.00103523	1.16881e-05	0.000995556	0.000189837	0.998119	0.000682542	1.30422e-05	0.000191811	0.000887414	0.000402109	0.998459	6.00853e-05	4.47334e-05	1.19075e-05	5.79282e-06	3.05732e-05	0.999907
35	0.999493	0.000147443	0.000288584	4.15864e-05	2.89844e-05	3.32717e-05	0.999651	1.33087e-05	0.000301109	1.66359e-06	0.000527145	7.47724e-05	0.999136	0.000252357	9.34655e-06	4.47326e-05	0.000393418	0.000467972	0.999045	4.93206e-05	1.23252e-05	4.1084e-06	3.28672e-06	9.44933e-06	0.999971
36	0.999191	0.000152377	0.000482416	0.00013175	4.25857e-05	0.000161337	0.998798	4.53432e-05	0.00098806	7.38145e-06	0.000645703	8.80069e-05	0.99871	0.000551	5.73958e-06	0.000113225	0.000612975	0.000216298	0.999018	3.9043e-05	3.55932e-05	7.74676e-06	2.72183e-06	4.41775e-05	0.99991
37	0.999093	0.000131127	0.000631637	8.65609e-05	5.74216e-05	8.0715e-05	0.99896	2.98944e-05	0.000922243	7.47361e-06	0.000592427	7.0562e-05	0.99883	0.000492464	1.47004e-05	8.46054e-05	0.000705316	0.000249749	0.998897	6.3454e-05	3.44518e-05	6.67671e-06	5.34137e-06	4.78052e-05	0.999906
38	0.999158	0.000131691	0.000617551	6.03583e-05	3.24239e-05	0.000157489	0.998952	2.95792e-05	0.000852999	7.99437e-06	0.000531344	4.96438e-05	0.999023	0.000383188	1.2411e-05	6.74997e-05	0.000574259	0.000211704	0.999098	4.80679e-05	3.23132e-05	8.15525e-06	4.15456e-06	3.76988e-05	0.999918
39	0.999131	0.000155837	0.000619835	5.03735e-05	4.31486e-05	9.9245e-05	0.998956	3.33026e-05	0.000900661	1.06038e-05	0.000533568	3.89569e-05	0.999119	0.00029683	1.15136e-05	5.82935e-05	0.000419808	0.000180189	0.999296	4.53078e-05	3.62789e-05	9.42704e-06	5.2609e-06	3.62485e-05	0.999913
40	0.999411	0.000139439	0.000354687	4.51058e-05	4.96069e-05	0.000115315	0.999029	3.16847e-05	0.000814318	9.98679e-06	0.00047834	3.79938e-05	0.999306	0.000162229	1.51816e-05	4.67762e-05	0.00023468	0.000197635	0.999484	3.64337e-05	5.05658e-05	1.12982e-05	5.76526e-06	2.58202e-05	0.999907
