quality	AA	AC	AG	AT	A.	CA	CC	CG	CT	C.	GA	GC	GG	GT	G.	TA	TC	TG	TT	T.	.A	.C	.G	.T	..
0	NA	NA	NA	NA	NA	NA	NA	NA	NA	NA	NA	NA	NA	NA	NA	NA	NA	NA	NA	NA	NA	NA	NA	NA	NA
1	NA	NA	NA	NA	NA	NA	NA	NA	NA	NA	NA	NA	NA	NA	NA	NA	NA	NA	NA	NA	NA	NA	NA	NA	NA
2	NA	NA	NA	NA	NA	NA	NA	NA	NA	NA	NA	NA	NA	NA	NA	NA	NA	NA	NA	NA	NA	NA	NA	NA	NA
3	NA	NA	NA	NA	NA	NA	NA	NA	NA	NA	NA	NA	NA	NA	NA	NA	NA	NA	NA	NA	NA	NA	NA	NA	NA
4	NA	NA	NA	NA	NA	NA	NA	NA	NA	NA	NA	NA	NA	NA	NA	NA	NA	NA	NA	NA	NA	NA	NA	NA	NA
5	NA	NA	NA	NA	NA	NA	NA	NA	NA	NA	NA	NA	NA	NA	NA	NA	NA	NA	NA	NA	NA	NA	NA	NA	NA
6	NA	NA	NA	NA	NA	NA	NA	NA	NA	NA	NA	NA	NA	NA	NA	NA	NA	NA	NA	NA	NA	NA	NA	NA	NA
7	NA	NA	NA	NA	NA	NA	NA	NA	NA	NA	NA	NA	NA	NA	NA	NA	NA	NA	NA	NA	NA	NA	NA	NA	NA
8	NA	NA	NA	NA	NA	NA	NA	NA	NA	NA	NA	NA	NA	NA	NA	NA	NA	NA	NA	NA	NA	NA	NA	NA	NA
9	NA	NA	NA	NA	NA	NA	NA	NA	NA	NA	NA	NA	NA	NA	NA	NA	NA	NA	NA	NA	NA	NA	NA	NA	NA
10	0.982143	0.0178571	NA	NA	NA	0.117647	0.823529	0.0588235	NA	NA	0.0111111	NA	0.955556	0.0333333	NA	NA	NA	NA	1	NA	NA	NA	NA	NA	1
11	0.974696	0.0143677	0.00321664	0.00734466	0.000375275	0.0621005	0.915963	0.00441884	0.0172808	0.000236724	0.0228485	0.00587754	0.917909	0.0531314	0.000233545	0.0198651	0.00824588	0.0196777	0.952024	0.000187406	6.41756e-05	3.20878e-05	1.60439e-05	3.20878e-05	0.999856
12	0.973318	0.0132371	0.00549284	0.00784007	0.000111773	0.0505355	0.930388	0.00543842	0.0134705	0.000167336	0.0111823	0.00433166	0.948473	0.0358928	0.000119954	0.0107209	0.00573048	0.0232814	0.960119	0.00014802	5.59e-05	4.73e-05	4.3e-06	0.0002236	0.999669
13	0.967795	0.0182404	0.00522444	0.00863339	0.000106385	0.0367837	0.948949	0.00417602	0.0099672	0.00012397	0.00790214	0.0034757	0.966118	0.0223664	0.000137788	0.0117065	0.00697281	0.0210787	0.960122	0.000119565	4.58966e-05	2.54981e-05	2.76837e-05	7.79514e-05	0.999823
14	0.964946	0.0191831	0.00624983	0.00945075	0.000169881	0.0332051	0.952621	0.00362118	0.0104274	0.000125552	0.0142754	0.00563036	0.949042	0.0309068	0.000145667	0.0145271	0.0113558	0.019272	0.954672	0.00017287	5.13963e-05	3.71196e-05	2.28428e-05	3.85473e-05	0.99985
15	0.966281	0.0157013	0.00687955	0.0110369	0.000101399	0.0290426	0.955077	0.0045416	0.011221	0.00011822	0.0128684	0.00631549	0.953916	0.026829	7.12273e-05	0.0155315	0.00953706	0.0225267	0.952215	0.000190141	7.82701e-05	2.07186e-05	1.84165e-05	6.67598e-05	0.999816
16	0.966212	0.0146874	0.00711969	0.0118808	9.97535e-05	0.0265357	0.954571	0.00430605	0.0144803	0.000107182	0.0120412	0.00539278	0.955841	0.0266146	0.000110325	0.0190164	0.011879	0.0285018	0.940427	0.000176154	6.18438e-05	2.95537e-05	3.3932e-05	4.04995e-05	0.999834
17	NA	NA	NA	NA	NA	NA	NA	NA	NA	NA	NA	NA	NA	NA	NA	NA	NA	NA	NA	NA	NA	NA	NA	NA	NA
18	1	NA	NA	NA	NA	NA	1	NA	NA	NA	NA	NA	1	NA	NA	NA	NA	NA	1	NA	NA	NA	NA	NA	1
19	1	NA	NA	NA	NA	NA	1	NA	NA	NA	NA	NA	1	NA	NA	NA	NA	NA	1	NA	NA	NA	NA	NA	1
20	0.996143	0.00238751	0.000734619	0.000734619	NA	0.00569801	0.992877	0.0002849	0.0011396	NA	0.00170607	0.000243724	0.993663	0.00438703	NA	0.00212089	0.000265111	0.00450689	0.993107	NA	NA	4.78698e-05	4.78698e-05	NA	0.999904
21	0.997006	0.00204963	0.000465164	0.000450627	2.90727e-05	0.00420768	0.994305	0.000352271	0.00109595	3.91412e-05	0.000697982	0.000377287	0.99551	0.00339559	1.88644e-05	0.000749174	0.000495932	0.00198373	0.996718	5.27588e-05	2.24259e-05	NA	7.47529e-06	5.60647e-05	0.999914
22	0.996523	0.00250891	0.000308112	0.000638232	2.2008e-05	0.00527032	0.993229	0.000174514	0.0012914	3.49028e-05	0.00213546	0.000288575	0.994979	0.00251061	8.65726e-05	0.000828307	0.000637159	0.00273978	0.99571	8.49545e-05	4.49427e-05	6.42038e-06	NA	8.98853e-05	0.999859
23	0.997523	0.00158477	0.000269997	0.000586951	3.52171e-05	0.00335715	0.99518	0.000332392	0.00113013	NA	0.000721709	0.000192456	0.996632	0.00238966	6.41519e-05	0.000444358	0.000249464	0.00103683	0.998223	4.67745e-05	1.48876e-05	8.93259e-06	2.08427e-05	8.33708e-05	0.999872
24	0.99792	0.00128276	0.000242685	0.000520039	3.46693e-05	0.00339322	0.994215	0.000278133	0.00211381	NA	0.000671892	0.000391937	0.9972	0.00167973	5.5991e-05	0.000270696	0.000418348	0.000836697	0.99845	2.46087e-05	1.89968e-05	9.49839e-06	3.79936e-05	0.000123479	0.99981
25	0.997816	0.00145613	0.000364033	0.000308028	5.60052e-05	0.00270384	0.995105	0.000326325	0.0018181	4.66179e-05	0.00109428	0.000525256	0.995929	0.00227611	0.000175085	0.000427963	0.00034237	0.000962917	0.998245	2.13982e-05	2.36784e-05	1.57856e-05	7.89278e-06	7.89278e-06	0.999945
26	0.997772	0.00137104	0.000257069	0.000599829	NA	0.0026688	0.995063	0.00013344	0.00213504	NA	0.000846621	0.00042331	0.996896	0.00183434	NA	0.000235793	0.000589484	0.00100212	0.998114	5.89484e-05	6.9467e-05	2.31557e-05	6.9467e-05	0.000208401	0.99963
27	0.996872	0.00127061	0.00112619	0.000660657	7.0675e-05	0.00296519	0.994687	0.000317429	0.00201038	2.01542e-05	0.00169308	0.00061926	0.994486	0.00316438	3.73313e-05	0.000936929	0.00101522	0.00429704	0.993664	8.72756e-05	4.35045e-05	1.37616e-05	1.68691e-05	2.75232e-05	0.999898
28	0.998686	0.000547705	0.000365137	0.000365137	3.65137e-05	0.000545957	0.997913	0.00012846	0.00141306	NA	0.00124055	0.000348905	0.997015	0.00139562	NA	0.000443623	0.000147874	0.000443623	0.998965	NA	8.09251e-06	NA	NA	2.42775e-05	0.999968
29	0.999664	0.000167926	NA	NA	0.000167926	0.00031506	0.999685	NA	NA	NA	0.000711491	NA	0.99917	0.000118582	NA	NA	0.00051573	NA	0.999484	NA	NA	NA	NA	5.14377e-05	0.999949
30	0.998585	0.000499682	0.000574073	0.000308792	3.22828e-05	0.000688686	0.997756	0.000158593	0.00139475	2.17251e-06	0.00100506	0.000176759	0.997398	0.00140996	1.02767e-05	0.000377986	0.000787296	0.000611878	0.998171	5.2208e-05	2.11005e-05	2.8134e-06	4.22009e-06	4.97033e-05	0.999922
31	0.998789	0.000388087	0.000629802	0.000169201	2.41715e-05	0.000664274	0.998111	8.92618e-05	0.00112511	1.03793e-05	0.000663539	8.04884e-05	0.998298	0.00094623	1.17788e-05	0.000228446	0.000492495	0.000618585	0.998617	4.30191e-05	2.2805e-05	5.49009e-06	6.75703e-06	3.96975e-05	0.999925
32	0.999641	0.000196242	5.41356e-05	8.79704e-05	2.03009e-05	0.000278728	0.999052	1.85818e-05	0.000641073	9.29092e-06	0.000199094	4.74032e-05	0.998749	0.000957546	4.74032e-05	8.24869e-05	0.000135514	0.000135514	0.999617	2.94596e-05	1.95504e-06	NA	3.91008e-06	0.000107527	0.999887
33	0.999596	0.000232405	9.40687e-05	6.64014e-05	1.10669e-05	0.000462812	0.998947	2.39385e-05	0.000550586	1.5959e-05	0.00024432	1.527e-05	0.999061	0.000656609	2.2905e-05	4.26816e-05	0.000119508	0.000247553	0.999573	1.70726e-05	7.94751e-06	NA	1.11265e-05	7.62961e-05	0.999905
34	0.998876	0.000313194	0.00065521	0.000115286	4.03502e-05	0.000336303	0.998516	7.39462e-05	0.00106361	1.01296e-05	0.000749252	7.27429e-05	0.99857	0.000596492	1.18207e-05	0.000151827	0.000578796	0.00054672	0.998675	4.77578e-05	2.26195e-05	5.75409e-06	5.55567e-06	2.59926e-05	0.99994
35	0.999138	0.000268052	0.00050969	4.89146e-05	3.52185e-05	0.000282972	0.999293	1.59421e-05	0.000405194	2.65701e-06	0.000451382	6.14306e-05	0.999275	0.000209665	2.6709e-06	4.54812e-05	0.000315693	0.000542207	0.999061	3.56715e-05	1.42565e-05	3.0333e-06	2.72997e-06	9.09991e-06	0.999971
36	0.99912	0.000207787	0.00052958	0.000101135	4.18332e-05	0.000215103	0.998715	3.97002e-05	0.00101921	1.08273e-05	0.000608718	4.76093e-05	0.998847	0.000486295	1.0202e-05	0.000104114	0.000490292	0.000225226	0.999143	3.77148e-05	2.80664e-05	3.90615e-06	5.93156e-06	3.22619e-05	0.99993
37	0.999005	0.000166387	0.000714451	7.27571e-05	4.11495e-05	0.000158853	0.998781	3.09453e-05	0.00101913	1.03151e-05	0.000475999	3.75788e-05	0.999091	0.000385183	1.04386e-05	7.20566e-05	0.000476374	0.000254486	0.99916	3.66002e-05	2.63461e-05	4.48444e-06	5.04499e-06	4.31627e-05	0.999921
38	0.999041	0.000197766	0.000654208	6.93915e-05	3.77798e-05	0.000202856	0.998864	2.45144e-05	0.000899677	8.58003e-06	0.000558179	3.9343e-05	0.999072	0.000317818	1.22947e-05	7.48936e-05	0.00046387	0.000203507	0.999211	4.62694e-05	3.03536e-05	4.64231e-06	5.95168e-06	4.01143e-05	0.999919
39	0.999152	0.00018645	0.000555583	5.99021e-05	4.57148e-05	0.000134875	0.998908	2.16027e-05	0.000922238	1.29332e-05	0.000558213	3.10041e-05	0.99915	0.000248591	1.25692e-05	5.17263e-05	0.000362582	0.000150446	0.999393	4.21781e-05	3.12606e-05	6.08213e-06	6.21493e-06	3.64131e-05	0.99992
40	0.999385	0.000167381	0.000342217	5.59682e-05	4.94952e-05	0.000102883	0.999089	1.84636e-05	0.00077241	1.69826e-05	0.000522016	2.90567e-05	0.99928	0.000154336	1.47519e-05	4.9952e-05	0.000238326	0.000173171	0.999503	3.58351e-05	5.95266e-05	7.65828e-06	6.79847e-06	2.82936e-05	0.999898
