quality	AA	AC	AG	AT	A.	CA	CC	CG	CT	C.	GA	GC	GG	GT	G.	TA	TC	TG	TT	T.	.A	.C	.G	.T	..
0	NA	NA	NA	NA	NA	NA	NA	NA	NA	NA	NA	NA	NA	NA	NA	NA	NA	NA	NA	NA	NA	NA	NA	NA	NA
1	NA	NA	NA	NA	NA	NA	NA	NA	NA	NA	NA	NA	NA	NA	NA	NA	NA	NA	NA	NA	NA	NA	NA	NA	NA
2	NA	NA	NA	NA	NA	NA	NA	NA	NA	NA	NA	NA	NA	NA	NA	NA	NA	NA	NA	NA	NA	NA	NA	NA	NA
3	NA	NA	NA	NA	NA	NA	NA	NA	NA	NA	NA	NA	NA	NA	NA	NA	NA	NA	NA	NA	NA	NA	NA	NA	NA
4	NA	NA	NA	NA	NA	NA	NA	NA	NA	NA	NA	NA	NA	NA	NA	NA	NA	NA	NA	NA	NA	NA	NA	NA	NA
5	NA	NA	NA	NA	NA	NA	NA	NA	NA	NA	NA	NA	NA	NA	NA	NA	NA	NA	NA	NA	NA	NA	NA	NA	NA
6	NA	NA	NA	NA	NA	NA	NA	NA	NA	NA	NA	NA	NA	NA	NA	NA	NA	NA	NA	NA	NA	NA	NA	NA	NA
7	NA	NA	NA	NA	NA	NA	NA	NA	NA	NA	NA	NA	NA	NA	NA	NA	NA	NA	NA	NA	NA	NA	NA	NA	NA
8	NA	NA	NA	NA	NA	NA	NA	NA	NA	NA	NA	NA	NA	NA	NA	NA	NA	NA	NA	NA	NA	NA	NA	NA	NA
9	NA	NA	NA	NA	NA	NA	NA	NA	NA	NA	NA	NA	NA	NA	NA	NA	NA	NA	NA	NA	NA	NA	NA	NA	NA
10	NA	NA	NA	NA	NA	NA	NA	NA	NA	NA	NA	NA	NA	NA	NA	NA	NA	NA	NA	NA	NA	NA	NA	NA	NA
11	0.975185	0.00921706	0.00374759	0.0116479	0.000202573	0.0458775	0.930473	0.00568622	0.0178341	0.000129232	0.0188092	0.00667217	0.937472	0.0369194	0.000127089	0.0275103	0.00928473	0.0168501	0.945667	0.000687758	0.000193199	NA	NA	2.75999e-05	0.999779
12	0.970385	0.0153083	0.00549585	0.00856641	0.000244754	0.0362495	0.944423	0.00492712	0.0142535	0.00014664	0.0129607	0.00576635	0.950905	0.0301513	0.000216916	0.0148646	0.00765649	0.0226591	0.954682	0.000137955	6.12576e-05	3.06288e-05	3.67546e-05	6.73834e-05	0.999804
13	0.965378	0.0161736	0.00731799	0.0109611	0.00016908	0.0301856	0.952333	0.00535617	0.011982	0.000142886	0.00986165	0.00443755	0.963567	0.0220304	0.000103645	0.0154729	0.0106105	0.0233316	0.950414	0.000171393	5.0092e-05	4.17434e-05	3.1725e-05	5.6771e-05	0.99982
14	0.960859	0.0174369	0.0074956	0.0139582	0.000249853	0.0282836	0.95216	0.00505476	0.0143218	0.000180013	0.0166177	0.00733932	0.944925	0.0309125	0.000205157	0.0187171	0.0136969	0.0222312	0.945101	0.000254106	8.64968e-05	5.15946e-05	5.15946e-05	8.64968e-05	0.999724
15	0.976651	0.00803177	0.00566553	0.0095172	0.00013436	0.0126613	0.975318	0.00306077	0.00880861	0.000151259	0.0141112	0.00522155	0.956934	0.0235783	0.000154532	0.0279693	0.0148381	0.0262177	0.930707	0.000267756	6.90889e-05	5.29682e-05	3.68474e-05	5.98771e-05	0.999781
16	0.964539	0.0119376	0.00951873	0.0138506	0.000154226	0.0182111	0.961788	0.00477922	0.0150796	0.000142341	0.0159862	0.00762408	0.952421	0.0238536	0.000115454	0.0179479	0.0132573	0.0191297	0.949411	0.000253727	0.000108529	5.60151e-05	5.86408e-05	8.66483e-05	0.99969
17	NA	NA	NA	NA	NA	NA	NA	NA	NA	NA	NA	NA	NA	NA	NA	NA	NA	NA	NA	NA	NA	NA	NA	NA	NA
18	NA	NA	NA	NA	NA	NA	NA	NA	NA	NA	NA	NA	NA	NA	NA	NA	NA	NA	NA	NA	NA	NA	NA	NA	NA
19	NA	NA	NA	NA	NA	NA	NA	NA	NA	NA	NA	NA	NA	NA	NA	NA	NA	NA	NA	NA	NA	NA	NA	NA	NA
20	0.996813	0.00115908	0.000869313	0.00115908	NA	0.00355872	0.994464	0.000395413	0.00158165	NA	0.00169578	0.000508733	0.995252	0.00254367	NA	0.00227583	0.000455166	0.00455166	0.992717	NA	NA	NA	NA	NA	1
21	0.996984	0.00168969	0.000620268	0.000663045	4.27771e-05	0.00236784	0.996093	0.000443971	0.00109513	NA	0.000813162	0.00035237	0.997046	0.00178896	NA	0.00103191	0.000622183	0.00250391	0.995796	4.55256e-05	2.19074e-05	NA	1.09537e-05	2.73842e-05	0.99994
22	0.996634	0.00179811	0.000689972	0.00083633	4.18165e-05	0.00416721	0.993456	0.000781352	0.0015627	3.25563e-05	0.00149044	0.000687896	0.994468	0.00332483	2.86623e-05	0.00145263	0.00124803	0.00319169	0.994005	0.000102298	4.31776e-05	2.46729e-05	NA	1.23365e-05	0.99992
23	0.996716	0.00105855	0.00158782	0.000583557	5.42844e-05	0.00226915	0.995216	0.00118568	0.00126745	6.13284e-05	0.000857633	0.000428816	0.996511	0.00218307	1.94917e-05	0.00107287	0.000828181	0.00223044	0.995774	9.41114e-05	3.5826e-05	NA	1.07478e-05	1.7913e-05	0.999936
24	0.99776	0.000936298	0.000601906	0.000601906	0.000100318	0.00184193	0.996093	0.000948873	0.00111632	NA	0.000928553	0.000464277	0.997266	0.00134124	NA	0.000615137	0.000638796	0.00179809	0.996853	9.46365e-05	6.4034e-05	9.14771e-06	1.82954e-05	1.82954e-05	0.99989
25	0.996045	0.00116474	0.00194123	0.000776492	7.27961e-05	0.0019802	0.99497	0.00186139	0.00106931	0.000118812	0.00149931	0.000749653	0.994977	0.00269875	7.49653e-05	0.00124243	0.00104994	0.00192489	0.995765	1.7499e-05	5.99544e-05	2.66464e-05	2.66464e-05	5.99544e-05	0.999827
26	0.995699	0.000873137	0.00261941	0.000679106	0.000129354	0.0022221	0.995499	0.000968606	0.00125349	5.69768e-05	0.00114279	0.000541321	0.995008	0.00330807	NA	0.000510419	0.000954262	0.00135372	0.997026	0.000155345	1.81855e-05	3.63709e-05	3.63709e-05	8.18345e-05	0.999827
27	0.996104	0.00109346	0.00147544	0.0012238	0.000103191	0.00152616	0.996164	0.000358437	0.0019238	2.80029e-05	0.00267807	0.00123401	0.991954	0.00409109	4.29636e-05	0.00118158	0.00160638	0.00343923	0.993672	0.000101278	5.07734e-05	2.43505e-05	1.76153e-05	3.73029e-05	0.99987
28	0.998329	0.000334138	0.000594023	0.000668275	7.42528e-05	0.000346034	0.995809	0.000115345	0.00372948	NA	0.00266213	0.000800641	0.995356	0.00118094	NA	0.00074708	0.00115458	0.000679163	0.997351	6.79163e-05	1.70087e-05	2.5513e-05	8.50434e-06	7.65391e-05	0.999872
29	0.999233	NA	NA	0.000383583	0.000383583	NA	1	NA	NA	NA	0.000533239	NA	0.999289	0.000177746	NA	NA	NA	NA	1	NA	8.95576e-05	NA	NA	0.000268673	0.999642
30	0.997221	0.000547165	0.00149462	0.00067629	6.13341e-05	0.000433764	0.997934	0.00038259	0.00124768	2.43688e-06	0.0016145	0.000527094	0.996986	0.000861511	1.10734e-05	0.000612627	0.00140272	0.000712301	0.997224	4.86212e-05	3.65361e-05	1.53557e-05	1.53557e-05	3.86541e-05	0.999894
31	0.998125	0.000387892	0.00113331	0.000305068	4.8314e-05	0.000362281	0.998418	0.000285244	0.000930688	4.16415e-06	0.00104288	0.00033654	0.998053	0.000557639	9.78315e-06	0.000290303	0.00107714	0.000675788	0.997908	4.91771e-05	3.03141e-05	1.4724e-05	1.51571e-05	3.16133e-05	0.999908
32	0.998118	0.000254712	0.00147875	0.000134431	1.41507e-05	0.00013411	0.998812	0.000593915	0.000459805	NA	0.000323161	7.38655e-05	0.99928	0.000323161	NA	5.66729e-05	0.000598214	0.000661184	0.998621	6.29699e-05	1.98458e-05	5.95375e-06	3.96917e-06	1.78613e-05	0.999952
33	0.998386	0.000176524	0.00138193	5.04355e-05	5.04355e-06	7.40203e-05	0.999252	0.00043672	0.000236865	NA	0.000171164	5.47724e-05	0.999425	0.000349174	NA	5.71904e-05	0.000484212	0.000834979	0.998563	6.1003e-05	1.70589e-05	4.26473e-06	5.68631e-06	1.70589e-05	0.999956
34	0.998224	0.000351776	0.00111069	0.000235643	7.83225e-05	0.000304657	0.998511	0.000200967	0.000978111	5.34487e-06	0.00101913	0.000376006	0.998234	0.000353669	1.67527e-05	0.000204808	0.0011283	0.000393351	0.998191	8.20713e-05	3.61812e-05	1.654e-05	1.3232e-05	3.68014e-05	0.999897
35	0.999455	0.000119855	0.000328998	5.8721e-05	3.78067e-05	8.65305e-05	0.999525	3.89387e-05	0.000347204	2.16326e-06	0.000422355	0.000152645	0.999195	0.000227246	2.29541e-06	5.93052e-05	0.00056492	0.000476722	0.998825	7.45116e-05	2.05831e-05	8.44436e-06	6.06939e-06	2.16387e-05	0.999943
36	0.99838	0.000288041	0.00114092	0.000140128	5.06018e-05	0.00023354	0.998638	0.000277372	0.000844443	6.84869e-06	0.000793548	0.000249649	0.998762	0.000179648	1.48674e-05	0.000135994	0.00100585	0.000310267	0.998479	6.90043e-05	3.17587e-05	1.54722e-05	1.35721e-05	2.89086e-05	0.99991
37	0.998439	0.000300607	0.0011	0.000113562	4.6761e-05	0.000255769	0.998891	0.000234293	0.000610137	8.78597e-06	0.000717914	0.000345627	0.99879	0.000132348	1.42821e-05	9.46357e-05	0.00108884	0.000305989	0.998406	0.000104099	3.60502e-05	1.49054e-05	1.42121e-05	3.4317e-05	0.999901
38	0.998489	0.000224502	0.00114043	8.9931e-05	5.6044e-05	0.000200174	0.998886	0.000212227	0.000692225	9.43229e-06	0.00066785	0.000223787	0.998992	0.000101858	1.45512e-05	8.29058e-05	0.00112402	0.000256975	0.998448	8.78603e-05	3.03201e-05	1.56103e-05	1.33088e-05	3.00199e-05	0.999911
39	0.998542	0.00023548	0.00108798	7.71604e-05	5.78212e-05	0.000237762	0.998838	0.000239828	0.000676522	8.26618e-06	0.000653378	0.000281715	0.998976	7.08125e-05	1.84194e-05	7.1971e-05	0.00110093	0.000227303	0.99852	8.02209e-05	3.18191e-05	1.83183e-05	1.34215e-05	3.26319e-05	0.999904
40	0.998724	0.000143483	0.000988705	7.33063e-05	7.05797e-05	0.000198834	0.998984	0.000163135	0.000643475	1.04279e-05	0.000746754	0.000162852	0.999	6.33426e-05	2.70734e-05	6.31493e-05	0.000757309	0.000199289	0.998917	6.36625e-05	3.91931e-05	2.04588e-05	1.45313e-05	3.31148e-05	0.999893
