
SUMMARISING RUN PARAMETERS
==========================
Input filename: SC2233/host_removal/SC2233_R1.fastq.gz
Trimming mode: paired-end
Trim Galore version: 0.6.4_dev
Cutadapt version: 4.1
Python version: could not detect
Number of cores used for trimming: 2
Quality Phred score cutoff: 20
Quality encoding type selected: ASCII+33
Using Illumina adapter for trimming (count: 32481). Second best hit was Nextera (count: 1)
Adapter sequence: 'AGATCGGAAGAGC' (Illumina TruSeq, Sanger iPCR; auto-detected)
Maximum trimming error rate: 0.1 (default)
Minimum required adapter overlap (stringency): 1 bp
Minimum required sequence length for both reads before a sequence pair gets removed: 20 bp
Running FastQC on the data once trimming has completed
Output file will be GZIP compressed


This is cutadapt 4.1 with Python 3.9.13
Command line parameters: -j 2 -e 0.1 -q 20 -O 1 -a AGATCGGAAGAGC SC2233/host_removal/SC2233_R1.fastq.gz
Processing single-end reads on 2 cores ...
Finished in 31.96 s (36 µs/read; 1.66 M reads/minute).

=== Summary ===

Total reads processed:                 886,187
Reads with adapters:                   319,112 (36.0%)
Reads written (passing filters):       886,187 (100.0%)

Total basepairs processed:   222,432,937 bp
Quality-trimmed:               2,598,808 bp (1.2%)
Total written (filtered):    216,981,136 bp (97.5%)

=== Adapter 1 ===

Sequence: AGATCGGAAGAGC; Type: regular 3'; Length: 13; Trimmed: 319112 times

Minimum overlap: 1
No. of allowed errors:
1-9 bp: 0; 10-13 bp: 1

Bases preceding removed adapters:
  A: 34.8%
  C: 15.5%
  G: 11.1%
  T: 38.1%
  none/other: 0.4%

Overview of removed sequences
length	count	expect	max.err	error counts
1	192394	221546.8	0	192394
2	72044	55386.7	0	72044
3	4937	13846.7	0	4937
4	951	3461.7	0	951
5	191	865.4	0	191
6	368	216.4	0	368
7	11718	54.1	0	11718
8	318	13.5	0	318
9	398	3.4	0	398
10	397	0.8	1	376 21
11	160	0.2	1	148 12
12	231	0.1	1	215 16
13	124	0.0	1	118 6
14	88	0.0	1	79 9
15	90	0.0	1	83 7
16	56	0.0	1	48 8
17	70	0.0	1	63 7
18	142	0.0	1	131 11
19	179	0.0	1	161 18
20	1122	0.0	1	1092 30
21	217	0.0	1	210 7
22	451	0.0	1	434 17
23	160	0.0	1	153 7
24	2454	0.0	1	2389 65
25	399	0.0	1	378 21
26	111	0.0	1	92 19
27	139	0.0	1	121 18
28	1129	0.0	1	1081 48
29	164	0.0	1	134 30
30	144	0.0	1	126 18
31	171	0.0	1	154 17
32	811	0.0	1	789 22
33	82	0.0	1	69 13
34	189	0.0	1	169 20
35	209	0.0	1	184 25
36	1145	0.0	1	1087 58
37	1611	0.0	1	1561 50
38	393	0.0	1	373 20
39	114	0.0	1	104 10
40	324	0.0	1	308 16
41	135	0.0	1	117 18
42	138	0.0	1	121 17
43	419	0.0	1	393 26
44	87	0.0	1	73 14
45	103	0.0	1	96 7
46	163	0.0	1	148 15
47	213	0.0	1	192 21
48	71	0.0	1	52 19
49	147	0.0	1	131 16
50	92	0.0	1	85 7
51	178	0.0	1	164 14
52	116	0.0	1	101 15
53	147	0.0	1	133 14
54	148	0.0	1	130 18
55	123	0.0	1	114 9
56	67	0.0	1	59 8
57	98	0.0	1	88 10
58	48	0.0	1	45 3
59	89	0.0	1	87 2
60	90	0.0	1	84 6
61	221	0.0	1	217 4
62	154	0.0	1	147 7
63	95	0.0	1	87 8
64	76	0.0	1	73 3
65	102	0.0	1	94 8
66	383	0.0	1	363 20
67	246	0.0	1	232 14
68	116	0.0	1	106 10
69	168	0.0	1	145 23
70	128	0.0	1	110 18
71	152	0.0	1	133 19
72	247	0.0	1	220 27
73	425	0.0	1	373 52
74	628	0.0	1	555 73
75	1132	0.0	1	1016 116
76	3040	0.0	1	2871 169
77	2453	0.0	1	2331 122
78	1355	0.0	1	1258 97
79	806	0.0	1	734 72
80	552	0.0	1	514 38
81	318	0.0	1	297 21
82	275	0.0	1	243 32
83	206	0.0	1	181 25
84	182	0.0	1	163 19
85	166	0.0	1	144 22
86	123	0.0	1	106 17
87	109	0.0	1	95 14
88	138	0.0	1	120 18
89	108	0.0	1	95 13
90	107	0.0	1	98 9
91	87	0.0	1	79 8
92	113	0.0	1	101 12
93	116	0.0	1	102 14
94	789	0.0	1	760 29
95	135	0.0	1	118 17
96	160	0.0	1	145 15
97	78	0.0	1	70 8
98	45	0.0	1	38 7
99	63	0.0	1	59 4
100	50	0.0	1	48 2
101	33	0.0	1	31 2
102	44	0.0	1	38 6
103	45	0.0	1	39 6
104	28	0.0	1	26 2
105	56	0.0	1	50 6
106	35	0.0	1	28 7
107	52	0.0	1	45 7
108	41	0.0	1	35 6
109	42	0.0	1	36 6
110	52	0.0	1	47 5
111	197	0.0	1	179 18
112	58	0.0	1	53 5
113	56	0.0	1	48 8
114	41	0.0	1	38 3
115	38	0.0	1	29 9
116	37	0.0	1	34 3
117	70	0.0	1	63 7
118	27	0.0	1	21 6
119	39	0.0	1	34 5
120	16	0.0	1	13 3
121	24	0.0	1	23 1
122	28	0.0	1	22 6
123	25	0.0	1	25
124	30	0.0	1	23 7
125	35	0.0	1	33 2
126	30	0.0	1	25 5
127	68	0.0	1	60 8
128	33	0.0	1	28 5
129	34	0.0	1	31 3
130	23	0.0	1	22 1
131	14	0.0	1	13 1
132	22	0.0	1	16 6
133	31	0.0	1	27 4
134	29	0.0	1	23 6
135	38	0.0	1	31 7
136	27	0.0	1	25 2
137	21	0.0	1	13 8
138	18	0.0	1	13 5
139	16	0.0	1	12 4
140	18	0.0	1	17 1
141	34	0.0	1	30 4
142	14	0.0	1	10 4
143	25	0.0	1	21 4
144	12	0.0	1	8 4
145	12	0.0	1	8 4
146	22	0.0	1	16 6
147	46	0.0	1	36 10
148	29	0.0	1	26 3
149	41	0.0	1	32 9
150	12	0.0	1	11 1
151	22	0.0	1	14 8
152	11	0.0	1	8 3
153	52	0.0	1	47 5
154	67	0.0	1	65 2
155	26	0.0	1	21 5
156	114	0.0	1	109 5
157	35	0.0	1	33 2
158	32	0.0	1	29 3
159	24	0.0	1	19 5
160	53	0.0	1	50 3
161	37	0.0	1	36 1
162	21	0.0	1	17 4
163	21	0.0	1	14 7
164	12	0.0	1	10 2
165	28	0.0	1	24 4
166	26	0.0	1	23 3
167	31	0.0	1	29 2
168	34	0.0	1	30 4
169	20	0.0	1	18 2
170	14	0.0	1	12 2
171	18	0.0	1	14 4
172	50	0.0	1	47 3
173	18	0.0	1	16 2
174	22	0.0	1	21 1
175	46	0.0	1	42 4
176	15	0.0	1	14 1
177	15	0.0	1	14 1
178	15	0.0	1	11 4
179	13	0.0	1	10 3
180	16	0.0	1	13 3
181	59	0.0	1	52 7
182	12	0.0	1	7 5
183	16	0.0	1	14 2
184	16	0.0	1	12 4
185	44	0.0	1	41 3
186	20	0.0	1	15 5
187	21	0.0	1	17 4
188	19	0.0	1	18 1
189	44	0.0	1	41 3
190	36	0.0	1	31 5
191	23	0.0	1	23
192	30	0.0	1	28 2
193	24	0.0	1	21 3
194	17	0.0	1	17
195	15	0.0	1	14 1
196	15	0.0	1	13 2
197	27	0.0	1	26 1
198	18	0.0	1	17 1
199	29	0.0	1	29
200	21	0.0	1	20 1
201	14	0.0	1	13 1
202	32	0.0	1	29 3
203	57	0.0	1	57
204	38	0.0	1	36 2
205	31	0.0	1	29 2
206	49	0.0	1	47 2
207	40	0.0	1	37 3
208	53	0.0	1	51 2
209	63	0.0	1	61 2
210	40	0.0	1	38 2
211	34	0.0	1	32 2
212	26	0.0	1	24 2
213	23	0.0	1	23
214	29	0.0	1	29
215	24	0.0	1	23 1
216	5	0.0	1	3 2
217	17	0.0	1	17
218	7	0.0	1	5 2
219	3	0.0	1	3
220	5	0.0	1	4 1
221	1	0.0	1	1
222	2	0.0	1	2
223	4	0.0	1	1 3
225	1	0.0	1	1
228	3	0.0	1	1 2
229	1	0.0	1	1
231	3	0.0	1	1 2
233	3	0.0	1	2 1
234	1	0.0	1	1
235	1	0.0	1	0 1
236	3	0.0	1	3
242	4	0.0	1	0 4
243	1	0.0	1	1
244	2	0.0	1	0 2
246	3	0.0	1	0 3
247	5	0.0	1	0 5
248	6	0.0	1	1 5
249	7	0.0	1	0 7
250	22	0.0	1	0 22
251	303	0.0	1	0 303

RUN STATISTICS FOR INPUT FILE: SC2233/host_removal/SC2233_R1.fastq.gz
=============================================
886187 sequences processed in total

