quality	AA	AC	AG	AT	A.	CA	CC	CG	CT	C.	GA	GC	GG	GT	G.	TA	TC	TG	TT	T.	.A	.C	.G	.T	..
0	NA	NA	NA	NA	NA	NA	NA	NA	NA	NA	NA	NA	NA	NA	NA	NA	NA	NA	NA	NA	NA	NA	NA	NA	NA
1	NA	NA	NA	NA	NA	NA	NA	NA	NA	NA	NA	NA	NA	NA	NA	NA	NA	NA	NA	NA	NA	NA	NA	NA	NA
2	NA	NA	NA	NA	NA	NA	NA	NA	NA	NA	NA	NA	NA	NA	NA	NA	NA	NA	NA	NA	NA	NA	NA	NA	NA
3	NA	NA	NA	NA	NA	NA	NA	NA	NA	NA	NA	NA	NA	NA	NA	NA	NA	NA	NA	NA	NA	NA	NA	NA	NA
4	NA	NA	NA	NA	NA	NA	NA	NA	NA	NA	NA	NA	NA	NA	NA	NA	NA	NA	NA	NA	NA	NA	NA	NA	NA
5	NA	NA	NA	NA	NA	NA	NA	NA	NA	NA	NA	NA	NA	NA	NA	NA	NA	NA	NA	NA	NA	NA	NA	NA	NA
6	NA	NA	NA	NA	NA	NA	NA	NA	NA	NA	NA	NA	NA	NA	NA	NA	NA	NA	NA	NA	NA	NA	NA	NA	NA
7	NA	NA	NA	NA	NA	NA	NA	NA	NA	NA	NA	NA	NA	NA	NA	NA	NA	NA	NA	NA	NA	NA	NA	NA	NA
8	NA	NA	NA	NA	NA	NA	NA	NA	NA	NA	NA	NA	NA	NA	NA	NA	NA	NA	NA	NA	NA	NA	NA	NA	NA
9	NA	NA	NA	NA	NA	NA	NA	NA	NA	NA	NA	NA	NA	NA	NA	NA	NA	NA	NA	NA	NA	NA	NA	NA	NA
10	0.967742	0.0322581	NA	NA	NA	0.102564	0.897436	NA	NA	NA	0.0194805	0.012987	0.954545	0.012987	NA	NA	NA	NA	1	NA	NA	NA	NA	NA	1
11	0.972332	0.0143568	0.00339081	0.00966741	0.000252507	0.0605184	0.918402	0.00509719	0.0158531	0.00012959	0.0206117	0.00543919	0.928289	0.0454936	0.000166993	0.0199355	0.00495506	0.0191288	0.955865	0.000115234	0.000118321	NA	2.95803e-05	5.91605e-05	0.999793
12	0.971201	0.0162448	0.00585863	0.0066149	8.06696e-05	0.0466327	0.93683	0.00445037	0.0120187	6.86785e-05	0.01171	0.00436447	0.952857	0.0309173	0.00015173	0.0119984	0.00606927	0.0219923	0.95987	7.0084e-05	5.63372e-05	1.9718e-05	8.45059e-06	3.09855e-05	0.999885
13	0.967897	0.0176782	0.00613444	0.00814646	0.000144396	0.0358426	0.949625	0.00492314	0.00949178	0.000117337	0.00776846	0.00331425	0.969226	0.0196215	6.95969e-05	0.0123028	0.00809753	0.022388	0.956997	0.000214414	4.27816e-05	3.87072e-05	1.93536e-05	3.97258e-05	0.999859
14	0.966052	0.01865	0.00592103	0.00923632	0.000140686	0.0316964	0.953817	0.0039792	0.010353	0.000154919	0.0136341	0.00668557	0.951459	0.0280408	0.000180802	0.0150552	0.0113729	0.0220152	0.951321	0.000235302	4.33529e-05	5.10601e-05	4.43163e-05	6.45476e-05	0.999797
15	0.966899	0.0160423	0.00691534	0.0100529	8.99471e-05	0.0283792	0.952635	0.00548524	0.0133771	0.000123418	0.0152106	0.00619371	0.95129	0.0271375	0.000167983	0.016744	0.00937079	0.0218873	0.951852	0.000146004	6.75796e-05	4.40053e-05	6.60079e-05	5.65782e-05	0.999766
16	0.965753	0.0148285	0.00789308	0.0113961	0.000129568	0.0250947	0.957838	0.00446178	0.0125163	8.94546e-05	0.0122405	0.00583026	0.956614	0.025209	0.000106596	0.0201768	0.013262	0.0289531	0.937429	0.000179079	7.87459e-05	4.73233e-05	3.63443e-05	5.11091e-05	0.999786
17	NA	NA	NA	NA	NA	NA	NA	NA	NA	NA	NA	NA	NA	NA	NA	NA	NA	NA	NA	NA	NA	NA	NA	NA	NA
18	1	NA	NA	NA	NA	NA	1	NA	NA	NA	NA	NA	1	NA	NA	NA	NA	NA	1	NA	NA	NA	NA	NA	1
19	1	NA	NA	NA	NA	NA	1	NA	NA	NA	NA	NA	1	NA	NA	NA	NA	NA	1	NA	NA	NA	NA	NA	1
20	0.997307	0.0018731	0.000585343	NA	0.000234137	0.00670154	0.9915	0.000653808	0.00114416	NA	0.00167973	0.000319949	0.996001	0.00191969	7.99872e-05	0.00149925	0.000562219	0.00337331	0.994378	0.000187406	6.15707e-05	3.07853e-05	6.15707e-05	3.07853e-05	0.999815
21	0.996723	0.00206417	0.000731478	0.000450911	3.00607e-05	0.00383322	0.994548	0.000636564	0.000982522	NA	0.000917251	0.000235865	0.996777	0.00205726	1.31036e-05	0.00064563	0.000667894	0.00223373	0.996386	6.67894e-05	3.40209e-05	1.83189e-05	1.3085e-05	1.3085e-05	0.999921
22	0.996107	0.00226943	0.00114908	0.000459631	1.43635e-05	0.00445141	0.992919	0.00117628	0.00140692	4.61287e-05	0.00159158	0.000204048	0.995389	0.00277506	4.08097e-05	0.000996249	0.00102555	0.003062	0.994784	0.000131857	3.04189e-05	8.69112e-06	3.911e-05	2.17278e-05	0.9999
23	0.997178	0.00139147	0.000911921	0.000487406	3.14456e-05	0.00268097	0.99527	0.000679022	0.00134634	2.34145e-05	0.000785105	0.000370121	0.99723	0.00160386	1.12158e-05	0.000466239	0.000685645	0.00137129	0.997411	6.5822e-05	2.89839e-05	1.03514e-05	1.44919e-05	1.24217e-05	0.999934
24	0.997511	0.00117528	0.00099092	0.000299581	2.30447e-05	0.00311587	0.994508	0.000778968	0.00159688	NA	0.000857122	0.000260863	0.997131	0.00175151	NA	0.000306268	0.000731641	0.00137821	0.997533	5.10447e-05	5.17602e-05	4.52901e-05	1.294e-05	1.94101e-05	0.999871
25	0.997794	0.000940257	0.000886012	0.00028931	9.04094e-05	0.00232189	0.99557	0.000702676	0.00140535	NA	0.000765111	0.000306044	0.99694	0.00192808	6.12089e-05	0.000358346	0.000759693	0.00127571	0.997463	0.000143338	4.20241e-05	2.62651e-05	3.15181e-05	6.82891e-05	0.999832
26	0.994935	0.00123804	0.00348903	0.000281373	5.62746e-05	0.00282752	0.994156	0.00197926	0.00103676	NA	0.00120434	NA	0.997491	0.00120434	0.000100361	0.000238892	0.00242873	0.00199076	0.995302	3.98153e-05	1.57751e-05	6.31004e-05	7.88756e-05	7.88756e-05	0.999763
27	0.996359	0.00147056	0.0013656	0.00073263	7.20968e-05	0.002961	0.995144	0.000372474	0.00150015	2.22117e-05	0.00186019	0.000934609	0.993942	0.00323877	2.40801e-05	0.00105308	0.00160875	0.00417736	0.993057	0.000103964	3.55287e-05	1.92957e-05	2.45025e-05	3.92041e-05	0.999881
28	0.998673	0.000434614	0.000411739	0.000297367	0.000182995	0.0005161	0.996387	0.000157074	0.00293953	NA	0.00164354	0.000353056	0.996542	0.00144875	1.21743e-05	0.000632727	0.000243356	0.000730069	0.998394	NA	2.0953e-05	1.57148e-05	1.04765e-05	6.28591e-05	0.99989
29	0.999543	0.000114168	NA	0.000114168	0.000228337	0.000380084	0.99924	NA	0.000380084	NA	0.00080289	NA	0.99913	6.69075e-05	NA	0.000249439	0.000249439	0.000498878	0.999002	NA	9.10194e-05	NA	NA	NA	0.999909
30	0.997575	0.000562764	0.00147192	0.000319817	7.02269e-05	0.000572452	0.998027	0.000401007	0.000992347	7.26462e-06	0.00121202	0.000288968	0.997662	0.000828557	8.2171e-06	0.000454796	0.00125697	0.000862159	0.997372	5.44081e-05	2.83191e-05	1.32156e-05	8.81039e-06	2.80045e-05	0.999922
31	0.998028	0.0005469	0.0011836	0.000197566	4.40034e-05	0.000644744	0.998099	0.000307153	0.000947747	1.38357e-06	0.000863471	0.00024109	0.998308	0.0005739	1.31027e-05	0.000210978	0.001032	0.000715535	0.997972	6.96626e-05	2.63107e-05	1.18823e-05	1.01848e-05	2.8574e-05	0.999923
32	0.998537	0.000290789	0.00106473	9.84208e-05	8.94734e-06	0.000198754	0.998826	0.000664584	0.000304342	6.21106e-06	0.000226083	1.8331e-05	0.999499	0.000256634	NA	6.65724e-05	0.000728381	0.000606984	0.998586	1.17481e-05	1.30562e-05	1.82786e-05	5.22246e-06	1.04449e-05	0.999953
33	0.998441	0.000279453	0.00117297	6.61862e-05	4.04471e-05	0.000474452	0.998635	0.000527761	0.000362502	NA	0.00027467	2.94289e-05	0.999475	0.000220717	NA	6.01147e-05	0.000558208	0.000529582	0.998826	2.57635e-05	1.27459e-05	7.4351e-06	1.06216e-06	1.80567e-05	0.999961
34	0.998236	0.000408631	0.00112768	0.000154998	7.30155e-05	0.000442625	0.998546	0.000193354	0.000811816	6.06335e-06	0.000900596	0.00030544	0.998426	0.000358666	9.07249e-06	0.00016455	0.00108393	0.000602235	0.998075	7.46217e-05	2.58353e-05	1.27189e-05	1.1394e-05	2.74252e-05	0.999923
35	0.999247	0.000206927	0.000447692	5.85644e-05	3.96936e-05	0.000354473	0.999219	4.9522e-05	0.000376193	8.68807e-07	0.000444765	0.000126711	0.999253	0.000167531	7.65369e-06	5.90164e-05	0.00061874	0.000533632	0.998727	6.15013e-05	1.59133e-05	9.46738e-06	6.44588e-06	1.89348e-05	0.999949
36	0.998342	0.000305273	0.00119157	0.000105613	5.50891e-05	0.000292544	0.998723	0.000263769	0.000714574	6.23454e-06	0.000747141	0.000235468	0.998823	0.000183987	1.07438e-05	0.000119233	0.00101401	0.00034956	0.998452	6.47465e-05	2.96356e-05	1.59207e-05	1.20844e-05	2.83888e-05	0.999914
37	0.998441	0.000292326	0.00113682	8.2786e-05	4.71365e-05	0.000323837	0.998843	0.000237389	0.000591415	4.80267e-06	0.000747517	0.000314273	0.998808	0.000122408	7.56457e-06	7.84823e-05	0.00108207	0.000375729	0.998389	7.507e-05	2.49054e-05	1.38776e-05	1.3382e-05	2.66401e-05	0.999921
38	0.998486	0.000243918	0.0011332	7.72408e-05	5.9201e-05	0.000242708	0.998941	0.000214392	0.000595445	6.87674e-06	0.000672147	0.000242709	0.998979	9.15655e-05	1.43946e-05	7.29351e-05	0.00105487	0.000274339	0.998519	7.88211e-05	2.71629e-05	1.38937e-05	9.60069e-06	2.77874e-05	0.999922
39	0.998575	0.000228719	0.00106852	6.8507e-05	5.8908e-05	0.000282741	0.998875	0.000227434	0.00060717	7.59658e-06	0.000713672	0.000243279	0.998964	6.57461e-05	1.36214e-05	6.23396e-05	0.00097041	0.000209011	0.998684	7.45399e-05	2.84436e-05	1.42304e-05	1.12636e-05	2.77536e-05	0.999918
40	0.998774	0.000156755	0.000944646	5.91768e-05	6.49266e-05	0.000180414	0.999089	0.000147428	0.000573407	9.92119e-06	0.000722285	0.000125266	0.999086	4.98103e-05	1.62747e-05	5.99216e-05	0.000668332	0.000155233	0.999053	6.33695e-05	3.09071e-05	1.5093e-05	1.07156e-05	2.81238e-05	0.999915
