ks_quality_p_value	fisher_strand_p_value	bias_p_value	bias_e_value
0.647866	1	0.929086	27782.5
0.616873	1	0.914879	27357.6
0.983034	0.692336	0.942478	28182.9
0.435251	1	0.797307	23841.9
0.971488	1	0.99959	29890.7
0.732282	1	0.960454	28720.4
0.534319	1	0.86921	25992
0.996378	1	0.999993	29902.8
0.984952	1	0.999886	29899.6
0.989113	1	0.999941	29901.2
0.939653	1	0.998141	29847.4
0.977036	1	0.999734	29895.1
0.994238	1	0.999983	29902.5
0.982966	1	0.999854	29898.6
0.89112	1	0.993845	29718.9
0.839238	1	0.986324	29494
0.906677	1	0.995503	29768.5
0.919542	1	0.996673	29803.5
8.16081e-05	1	0.000849833	25.4126
0.804028	1	0.979403	29287.1
0.912498	0.389779	0.723347	21630.3
0.595206	1	0.904027	27033.1
1	1	1	29903
0.999254	0.376264	0.743774	22241.1
1	0.251209	0.598246	17889.4
1	0.823489	0.983415	29407.1
0.63206	1	0.922031	27571.5
1	0.0265565	0.122916	3675.56
0.861643	0.680778	0.899493	26897.5
0.821014	1	0.98293	29392.6
0.923833	1	0.997023	29814
0.526191	0.00419899	0.0157204	470.086
0.79311	0.000318487	0.00234503	70.1233
0.887363	0.0172877	0.0794216	2374.95
0.999998	0.0615122	0.23304	6968.59
0.999998	0.0763168	0.272669	8153.62
0.999999	0.07632	0.272678	8153.88
0.222115	0.160092	0.154203	4611.14
0.959101	0.189894	0.492299	14721.2
0.990142	0.0910087	0.306984	9179.73
0.669047	0.152944	0.33559	10035.1
0.137391	0.22727	0.139467	4170.48
0.936126	0.408178	0.749714	22418.7
0.00252279	0.640153	0.0119967	358.738
0.969537	0.000499808	0.00418303	125.085
0.802718	1	0.979117	29278.5
0.282145	1	0.639152	19112.6
0.995086	0.888515	0.993014	29694.1
0.708956	0.331345	0.575188	17199.8
0.927926	1	0.997338	29823.4
0.513823	1	0.855966	25595.9
0.617824	1	0.915338	27371.4
0.995358	0.574734	0.891566	26660.5
0.993102	0.012845	0.0683962	2045.25
0.992183	0.00175108	0.0127791	382.135
0.989552	0.00174785	0.0127296	380.653
0.500211	0.368545	0.496071	14834
0.999967	3.36663e-06	4.57901e-05	1.36926
0.478638	0.616729	0.655362	19597.3
0.999999	0.00110439	0.00862357	257.871
0.631495	0.800951	0.850558	25434.2
0.473691	0.36662	0.477688	14284.3
0.989658	0.627536	0.916882	27417.5
0.690371	1	0.946172	28293.4
0.749352	1	0.965575	28873.6
0.0157738	0.0840968	0.010115	302.47
0.00245148	0.294699	0.00594782	177.858
0.517908	0.295472	0.440281	13165.7
0.945026	0.159582	0.436102	13040.7
0.982204	0.162977	0.453354	13556.6
0.975505	0.123491	0.375419	11226.2
0.981815	0.121354	0.37262	11142.5
0.989564	0.118415	0.368418	11016.8
0.990633	0.119414	0.370806	11088.2
0.999996	0.132223	0.399744	11953.5
0.98186	0.118515	0.36667	10964.5
0.976259	0.104513	0.334916	10015
0.979069	0.104454	0.335454	10031.1
0.983726	0.104394	0.336429	10060.2
0.985368	0.103446	0.334689	10008.2
0.988039	0.10438	0.337419	10089.9
0.975944	0.116296	0.360468	10779.1
0.539739	7.98392e-06	5.75487e-05	1.72088
0.633383	0.125368	0.280555	8389.45
0.999975	4.50165e-16	1.63572e-14	4.8913e-10
0.78354	1	0.974671	29145.6
0.976873	1	0.99973	29894.9
0.9942	0.538466	0.869851	26011.2
0.664999	1	0.936299	27998.1
0.738491	0.000131796	0.000996405	29.7955
0.61617	1	0.914539	27347.5
0.775154	0.634039	0.840593	25136.3
0.999898	1.31387e-05	0.000160802	4.80847
0.00139373	0.2256	0.00285019	85.2292
0.859905	0.359268	0.671819	20089.4
0.99841	0.231346	0.569461	17028.6
0.521856	0.609321	0.682309	20403.1
0.611506	0.263268	0.455025	13606.6
0.958526	1	0.999128	29876.9
0.952036	0.00830036	0.0461539	1380.14
0.470859	4.19504e-07	3.24683e-06	0.0970899
0.816073	1	0.981941	29363
0.816073	1	0.981941	29363
0.4202	1	0.784523	23459.6
0.4202	1	0.784523	23459.6
0.4202	1	0.784523	23459.6
0.196727	1	0.516593	15447.7
0.972263	1	0.999612	29891.4
0.971103	1	0.999578	29890.4
0.986653	1	0.999911	29900.3
0.978068	1	0.999758	29895.8
0.98372	1	0.999867	29899
0.973629	1	0.999649	29892.5
0.962637	1	0.999293	29881.9
0.982563	1	0.999847	29898.4
0.985725	1	0.999898	29899.9
0.9714	1	0.999587	29890.7
0.968346	1	0.999494	29887.9
0.96636	1	0.999428	29885.9
0.666094	1	0.936744	28011.5
0.403419	2.74123e-06	1.62727e-05	0.486602
0.0644764	0.00830969	0.00457116	136.691
0.800768	1	0.978686	29265.6
0.920675	1	0.996767	29806.3
0.585699	1	0.899018	26883.3
0.952421	1	0.99885	29868.6
0.00916878	0.00321218	0.000336715	10.0688
0.888401	0.0281676	0.117311	3507.94
1	0.0744181	0.267761	8006.84
0.703896	0.411522	0.648573	19394.3
0.377438	0.20085	0.27136	8114.46
0.458425	1	0.815978	24400.2
0.999989	1.59184e-09	3.38396e-08	0.00101191
0.500716	1.12055e-09	1.25127e-08	0.000374167
0.641326	1	0.926214	27696.6
0.999994	1	1	29903
0.061359	0.001083	0.000705653	21.1012
1	3.83468e-07	6.04882e-06	0.180878
0.0526869	0.000317899	0.000200942	6.00877
0.985462	2.99857e-05	0.000337738	10.0994
0.847692	2.3137e-12	5.48331e-11	1.63967e-06
0.999975	0.0107452	0.059455	1777.88
0.839707	1	0.986406	29496.5
0.229869	1	0.567833	16979.9
0.970453	0.838655	0.981492	29349.5
0.700577	1	0.949878	28404.2
0.0875483	1	0.300778	8994.16
0.707854	5.19166e-06	4.9663e-05	1.48507
0.112874	3.05008e-17	1.41877e-16	4.24254e-12
0.82466	1.12144e-15	3.29388e-14	9.84968e-10
0.98888	3.01558e-17	1.16453e-15	3.48229e-11
0.796667	1.10825e-17	3.55534e-16	1.06315e-11
1	4.88722e-19	2.10945e-17	6.30788e-13
1	3.91308e-18	1.60758e-16	4.80714e-12
0.995576	0.0115753	0.0629596	1882.68
0.313973	0.188498	0.226502	6773.08
0.712783	1	0.954116	28530.9
0.998859	0.774205	0.972112	29069.1
0.157252	1	0.448153	13401.1
0.538698	1	0.871937	26073.5
0.733856	1	0.960942	28735.1
0.425446	0.178395	0.271589	8121.33
0.99994	1.7019e-20	7.91677e-19	2.36735e-14
0.696063	1	0.948257	28355.7
0.980872	1	0.999816	29897.5
1	2.50121e-12	6.93191e-11	2.07285e-06
0.336461	1	0.702958	21020.6
0.998891	0.753579	0.966546	28902.6
0.826729	0.844693	0.949076	28380.2
0.858321	0.831563	0.954442	28540.7
0.874502	0.831588	0.95886	28672.8
0.902111	0.700578	0.922003	27570.7
1	0.814346	0.981588	29352.4
0.535176	1	0.869746	26008
0.90208	1	0.995041	29754.7
0.988981	1	0.999939	29901.2
0.250462	1.46182e-12	1.08506e-11	3.24464e-07
0.353429	8.38089e-13	8.84106e-12	2.64374e-07
0.556486	9.00894e-09	1.00824e-07	0.00301495
0.382419	1.4971e-08	1.1438e-07	0.00342031
0.733318	0.626431	0.816716	24422.3
0.997405	0.262849	0.61315	18335
0.975507	0.00954644	0.052862	1580.73
0.946239	6.17885e-05	0.000628344	18.7894
0.534614	0.712487	0.748557	22384.1
0.224481	1	0.559847	16741.1
0.787249	0.0477001	0.160798	4808.35
0.999996	0.159989	0.453191	13551.8
0.943294	0.809554	0.969564	28992.9
0.520541	1	0.860395	25728.4
0.705789	0.658394	0.820819	24545
0.997419	0.233899	0.572845	17129.8
1	0.49878	0.845727	25289.8
0.999928	0.342491	0.709446	21214.6
0.161469	0.342402	0.215356	6439.79
0.149845	0.0592408	0.0508144	1519.5
0.857136	1	0.989271	29582.2
1	0.375338	0.743142	22222.2
0.118821	1	0.371926	11121.7
0.486486	0.0232037	0.0619049	1851.14
0.680666	0.737433	0.847918	25355.3
0.711704	0.448229	0.683485	20438.3
0.993843	0.0102262	0.0568022	1698.55
0.685677	0.182225	0.384821	11507.3
0.251986	1	0.599319	17921.4
0.814308	0.174016	0.418593	12517.2
0.858757	0.000587637	0.00433568	129.65
0.571585	0.000442991	0.00235009	70.2747
0.0446577	1	0.183486	5486.79
0.418765	7.63485e-05	0.000362904	10.8519
0.893233	1	0.994086	29726.2
0.221317	0.000380574	0.00087445	26.1487
0.0287144	1.47155e-07	8.57013e-08	0.00256273
0.000412502	9.10965e-25	2.41054e-26	7.20824e-22
8.47241e-08	2.06321e-35	1.69822e-40	5.07818e-36
1.15362e-05	4.58986e-41	5.57305e-44	1.66651e-39
1.87247e-08	9.36819e-41	1.94646e-46	5.82049e-42
1.24123e-06	2.2247e-31	2.35212e-35	7.03354e-31
5.48975e-06	5.9538e-39	3.3054e-42	9.88414e-38
1.38912e-06	2.25814e-38	3.17354e-42	9.48982e-38
3.85792e-06	1.48865e-39	5.90783e-43	1.76662e-38
2.16773e-08	5.21388e-40	1.23307e-45	3.68725e-41
6.90681e-13	7.1568e-41	6.00282e-51	1.79502e-46
2.92103e-16	3.25475e-41	1.2359e-54	3.6957e-50
1.86964e-14	5.788e-36	1.23092e-47	3.68081e-43
6.89118e-16	1.22477e-35	9.81572e-49	2.9352e-44
1.55641e-06	1.98282e-35	2.90953e-39	8.70038e-35
1.73251e-06	4.26977e-35	6.90953e-39	2.06616e-34
0.386446	0.0366951	0.0745319	2228.73
0.997363	1	0.999997	29902.9
0.927501	1	0.997306	29822.4
0.861332	1	0.989908	29601.2
0.692218	1	0.946853	28313.8
0.00213177	1	0.0152439	455.837
0.795285	1	0.977449	29228.7
0.955087	1	0.998976	29872.4
0.887178	1	0.993382	29705.1
0.888512	1	0.99354	29709.8
0.806348	1	0.979906	29302.1
0.867463	1	0.990801	29627.9
0.902133	1	0.995047	29754.9
0.905446	1	0.995382	29764.9
0.875967	1	0.991969	29662.8
0.852804	1	0.988592	29561.9
0.923294	1	0.99698	29812.7
0.849452	1	0.988052	29545.7
0.705617	1	0.951653	28457.3
0.681241	2.31973e-08	2.99672e-07	0.00896111
0.823435	0.000113251	0.000958672	28.6672
0.949265	0.000113251	0.00108988	32.5907
0.697702	0.000113251	0.000825382	24.6814
0.995002	0.000113251	0.00113709	34.0024
1	0.000113251	0.00114223	34.1562
1	0.000113251	0.00114223	34.1562
0.783211	2.31308e-08	3.41065e-07	0.0101989
0.377002	2.31751e-08	1.70859e-07	0.00510921
0.944378	7.99152e-16	2.70336e-14	8.08385e-10
0.999993	0.14104	0.417295	12478.4
0.771993	0.688193	0.867297	25934.8
0.933115	0.688193	0.926586	27707.7
0.30701	0.423614	0.395338	11821.8
0.669974	0.24179	0.456853	13661.3
0.970828	0.383922	0.74057	22145.3
0.999958	1.03134e-10	2.4746e-09	7.3998e-05
0.979989	1	0.999798	29897
0.929416	1	0.997448	29826.7
0.985462	0.670681	0.934626	27948.1
0.719727	1	0.956433	28600.2
0.410359	1	0.775875	23201
0.902032	1	0.995036	29754.6
0.592701	0.836688	0.843719	25229.7
1	0.641299	0.926202	27696.2
0.999998	0.876781	0.992076	29666
0.999998	0.747989	0.96518	28861.8
0.946403	1	0.998537	29859.3
0.911093	1	0.995925	29781.1
0.795757	0.202503	0.455303	13614.9
0.0712699	1	0.259514	7760.24
1	0.247689	0.593359	17743.2
0.385581	1	0.753042	22518.2
0.328629	6.07801e-05	0.000236116	7.06056
0.999998	0.0352298	0.153104	4578.26
0.990453	0.591781	0.89925	26890.3
1	0.0140685	0.0740539	2214.43
0.75322	0.00935323	0.0419562	1254.62
0.868721	0.0900544	0.277573	8300.28
0.739355	0.187931	0.413183	12355.4
0.997114	1	0.999996	29902.9
1	1	1	29903
0.31253	1	0.676019	20215
0.999997	1	1	29903
0.999986	0.390815	0.757988	22666.1
1	0.630154	0.921153	27545.3
1	0.518629	0.859143	25691
0.999483	0.677467	0.941132	28142.7
1	0.828272	0.98433	29434.4
0.921383	0.831649	0.970266	29013.9
0.286998	0.859874	0.592092	17705.3
0.394278	1	0.761232	22763.1
0.999993	0.54322	0.874713	26156.5
1	0.187529	0.501418	14993.9
0.722508	0.137599	0.328912	9835.47
0.963859	2.86184e-06	3.80684e-05	1.13836
0.971326	8.39662e-10	1.78834e-08	0.000534768
1	1.26511e-19	5.63151e-18	1.68399e-13
0.966434	4.46439e-22	2.16568e-20	6.47602e-16
0.646034	4.46439e-22	1.45931e-20	4.36377e-16
0.842715	0.00141894	0.00924203	276.364
0.842715	0.00141894	0.00924203	276.364
0.0983469	1.94545e-06	3.15105e-06	0.0942258
0.499935	7.2176e-05	0.000405204	12.1168
0.930791	7.2176e-05	0.000712661	21.3107
0.499935	7.2176e-05	0.000405204	12.1168
0.97871	9.43973e-10	2.01427e-08	0.000602329
0.879893	8.48275e-05	0.000783923	23.4416
0.769891	8.48275e-05	0.000694641	20.7718
1	8.48275e-05	0.000880076	26.3169
1	8.48275e-05	0.000880076	26.3169
0.983949	2.95541e-08	5.33707e-07	0.0159594
0.851179	4.76783e-06	5.44408e-05	1.62794
0.277073	0.00156529	0.0037919	113.389
0.834141	0.00156529	0.00997666	298.332
0.518717	8.42299e-05	0.000482282	14.4217
0.695708	0.0624508	0.179708	5373.8
0.999995	0.0100756	0.0563992	1686.51
0.999979	6.90203e-07	1.04814e-05	0.313426
0.9999	4.66028e-11	1.15514e-09	3.45422e-05
0.884178	1	0.993018	29694.2
0.310625	1	0.673799	20148.6
0.939836	1	0.998153	29847.8
0.22502	0.031736	0.0424322	1268.85
0.46824	1	0.823529	24626
0.607595	1	0.910327	27221.5
0.635439	1	0.923572	27617.6
0.449272	1	0.808747	24184
0.878875	1	0.992349	29674.2
0.346227	1	0.713456	21334.5
0.882548	1	0.992815	29688.2
0.985292	1	0.999891	29899.7
0.992528	1	0.999972	29902.2
0.998332	1	0.999999	29903
0.988671	1	0.999936	29901.1
0.622664	0.0955734	0.227424	6800.67
0.780001	0.0802679	0.236089	7059.77
0.983001	1	0.999855	29898.7
0.999998	1	1	29903
0.0471766	0.000489717	0.000269742	8.06609
0.992728	0.131628	0.396595	11859.4
0.987971	0.0758279	0.269052	8045.45
0.512779	0.189439	0.323632	9677.57
0.374592	0.118173	0.182269	5450.39
0.324117	0.189546	0.232825	6962.15
0.437616	0.118275	0.205026	6130.9
0.821306	1	0.982988	29394.3
0.911493	0.438461	0.766199	22911.7
0.63422	0.00874486	0.0343565	1027.36
0.938597	0.00949148	0.0509641	1523.98
0.999993	0.0194485	0.0960749	2872.93
0.989661	0.00936861	0.0526708	1575.01
0.992204	0.00323189	0.0216212	646.539
0.994531	0.00161858	0.011963	357.729
0.679394	0.00158187	0.00842113	251.817
0.821642	1	0.983054	29396.3
0.592907	0.790439	0.823844	24635.4
0.468084	0.607112	0.641719	19189.3
0.530144	0.647444	0.710274	21239.3
0.675737	0.548702	0.738647	22087.7
0.53875	0.790413	0.789372	23604.6
0.223811	0.480302	0.347246	10383.7
0.343605	0.503006	0.476233	14240.8
0.243355	0.480295	0.36778	10997.7
0.690471	0.343517	0.578479	17298.2
1	1	1	29903
0.454103	0.105909	0.194039	5802.35
0.999998	0.0028864	0.0197653	591.042
0.107372	0.0218092	0.016525	494.148
0.213401	0.089668	0.0948383	2835.95
0.166618	0.000372038	0.000662567	19.8127
0.957602	0.0828539	0.280391	8384.54
0.782591	0.23101	0.49001	14652.8
0.16058	1	0.454275	13584.2
0.579971	0.618073	0.726222	21716.2
0.999999	1	1	29903
0.971363	1	0.999586	29890.6
0.656344	0.897358	0.900762	26935.5
0.861015	1	0.98986	29599.8
1	1	1	29903
0.998555	1	0.999999	29903
1	0.148537	0.431786	12911.7
0.997902	0.867607	0.990561	29620.7
0.920296	0.203143	0.500452	14965
0.374682	1	0.742499	22202.9
0.999999	2.99318e-10	6.8632e-09	0.00020523
0.286169	0.58098	0.464561	13891.8
0.164329	1	0.461088	13787.9
0.670276	0.0147423	0.0555049	1659.76
0.999999	1.67789e-25	9.73966e-24	2.91245e-19
1	2.25152e-21	1.09295e-19	3.26824e-15
1	0.281612	0.638478	19092.4
0.971159	1	0.99958	29890.4
0.931525	1	0.9976	29831.2
0.12248	0.957379	0.36859	11021.9
0.57123	1	0.891098	26646.5
0.529562	0.0153801	0.0473239	1415.13
0.309644	0.42412	0.397928	11899.2
0.824676	1	0.983644	29413.9
0.927785	1	0.997327	29823.1
0.423486	0.0845234	0.154989	4634.62
0.901743	0.0442934	0.168566	5040.62
0.165524	0.014392	0.0167702	501.48
0.976347	0.593788	0.895801	26787.1
0.33841	1	0.705076	21083.9
0.689845	1	0.945977	28287.5
0.119004	1.63468e-05	2.75265e-05	0.823126
0.864555	1	0.990383	29615.4
1	4.84716e-08	8.64845e-07	0.0258615
0.960084	0.00306302	0.0200827	600.533
0.979407	1	0.999786	29896.6
0.999999	1	1	29903
0.764704	1	0.969848	29001.4
0.771733	1	0.971702	29056.8
0.198486	1	0.519446	15533
1	0.266646	0.619108	18513.2
0.445519	1	0.805728	24093.7
0.0293728	0.779572	0.109378	3270.72
0.618476	0.635597	0.760135	22730.3
0.779401	0.000262524	0.00194266	58.0915
0.987997	0.720048	0.953648	28516.9
0.015277	2.8367e-37	3.87143e-37	1.15767e-32
0.999996	9.65873e-37	8.10633e-35	2.42404e-30
0.290478	1.52931e-34	3.55827e-33	1.06403e-28
0.369148	7.66507e-37	2.40951e-35	7.20516e-31
0.999999	1.69178e-48	1.87784e-46	5.61531e-42
1	2.79848e-38	2.4478e-36	7.31967e-32
0.601969	1.59245e-48	1.06948e-46	3.19807e-42
0.375065	1.38635e-47	5.71321e-46	1.70842e-41
0.999999	1.65006e-105	3.99761e-103	1.1954e-98
1	1.60721e-107	3.96823e-105	1.18662e-100
0.862663	9.64099e-05	0.000864514	25.8516
0.662891	9.64099e-05	0.000681148	20.3684
0.971546	9.64099e-05	0.000962497	28.7815
0.979382	9.64099e-05	0.000969502	28.991
0.997809	9.64099e-05	0.00098595	29.4829
0.997809	9.64099e-05	0.00098595	29.4829
0.979382	9.64099e-05	0.000969502	28.991
0.979382	9.64099e-05	0.000969502	28.991
1	9.64099e-05	0.000987903	29.5413
1	9.64099e-05	0.000987903	29.5413
1	9.64099e-05	0.000987903	29.5413
0.948171	9.64099e-05	0.000941566	28.1556
0.862663	9.64099e-05	0.000864514	25.8516
0.989201	9.64099e-05	0.00097827	29.2532
0.979382	9.64099e-05	0.000969502	28.991
1	9.64099e-05	0.000987903	29.5413
1	9.64099e-05	0.000987903	29.5413
0.979382	9.64099e-05	0.000969502	28.991
0.979382	9.64099e-05	0.000969502	28.991
4.41331e-14	0	0	0
0.856199	0.185386	0.450876	13482.5
0.0394412	0.0013891	0.000592366	17.7135
0.372367	0.0119947	0.028635	856.271
0.947479	0.0594813	0.218443	6532.11
0.532808	0.0478426	0.119028	3559.3
0.999997	1.54418e-42	1.50208e-40	4.49167e-36
0.976413	1	0.99972	29894.6
0.563846	1	0.886915	26521.4
0.483813	1	0.835089	24971.7
0.575418	1	0.893428	26716.2
0.487389	1	0.837672	25048.9
0.830452	1	0.984738	29446.6
0.033677	0.564744	0.0943779	2822.18
0.360464	1	0.728268	21777.4
0.921545	1	0.996839	29808.5
0.701848	0.0759213	0.209523	6265.35
0.999999	0.0298615	0.134711	4028.25
0.998365	0.171038	0.472574	14131.4
0.259248	1	0.609225	18217.7
0.986596	1	0.99991	29900.3
0.966766	1	0.999442	29886.3
0.98179	1	0.999833	29898
1	0.151822	0.438014	13097.9
0.945955	0.726172	0.944886	28254.9
0.69509	1	0.947904	28345.2
0.24185	1	0.585141	17497.5
0.954348	1	0.998942	29871.4
0.981921	1	0.999836	29898.1
1	3.16315e-06	4.3221e-05	1.29244
1	1	1	29903
0.506474	1	0.851019	25448
0.999991	1	1	29903
0.0620006	1	0.2344	7009.27
0.464178	1	0.820429	24533.3
0.977098	1	0.999736	29895.1
0.793076	0.831698	0.934073	27931.6
1	1	1	29903
0.489695	1	0.839323	25098.3
0.703434	0.610105	0.792205	23689.3
0.148105	1.34745e-05	2.81875e-05	0.842892
0.911112	1	0.995927	29781.2
0.462553	0.0333012	0.0796851	2382.82
0.970109	1	0.999549	29889.5
0.914424	4.51989e-05	0.000458521	13.7112
0.265339	1	0.617377	18461.4
0.904618	1	0.995299	29762.4
0.838603	1	0.986212	29490.7
0.807353	1	0.980122	29308.6
0.956264	0.000920045	0.00706996	211.413
0.355408	0.745172	0.616715	18441.6
0.978953	0.210291	0.531242	15885.7
0.785064	1	0.975042	29156.7
0.99988	1	1	29903
0.964817	1	0.999374	29884.3
0.0589183	1	0.225752	6750.65
0.050702	1	0.201885	6036.96
0.550234	0.473727	0.611129	18274.6
0.771925	0.198447	0.440579	13174.6
0.91551	0.128736	0.369873	11060.3
0.780278	1	0.973869	29121.6
0.644627	1	0.927672	27740.2
0.806954	1	0.980036	29306
0.96413	1	0.999349	29883.5
0.605901	1	0.909481	27196.2
0.46938	7.56456e-12	9.71597e-11	2.90537e-06
0.609001	1	0.911026	27242.4
0.160149	0.0657026	0.058443	1747.62
0.972274	1	0.999612	29891.4
0.940083	0.0478891	0.18461	5520.4
0.828933	2.12327e-10	4.12916e-09	0.000123474
0.418048	3.84376e-08	3.04444e-07	0.0091038
0.386976	0.128348	0.19879	5944.41
0.718882	0.000344871	0.00230627	68.9643
0.827624	0.404345	0.700976	20961.3
0.971599	1	0.999593	29890.8
0.833272	0.220051	0.494398	14784
0.989862	0.05587	0.215403	6441.19
0.00965329	0.0560124	0.00460822	137.8
0.994033	0.00570036	0.0349796	1045.99
0.230869	0.0594767	0.0726124	2171.33
0.448683	0.0175707	0.0460641	1377.45
0.532726	1	0.868209	25962.1
0.451376	4.37228e-07	3.24416e-06	0.0970102
0.454983	5.43763e-08	4.58062e-07	0.0136974
0.977232	6.01052e-08	1.03672e-06	0.0310009
0.782287	1.88874e-06	2.13137e-05	0.637343
0.696588	1.97488e-06	1.99426e-05	0.596342
0.804828	1.95992e-06	2.2651e-05	0.677333
0.564678	0.372482	0.538254	16095.4
0.970453	0.603649	0.899079	26885.2
0.944973	1	0.998457	29856.9
0.154955	0.202867	0.140196	4192.28
0.771586	1	0.971664	29055.7
0.544663	1	0.875594	26182.9
0.0663916	1	0.246458	7369.83
0.423513	0.814904	0.712284	21299.4
0.142121	1	0.41941	12541.6
0.999991	1.10041e-11	2.88666e-10	8.63196e-06
0.818979	0.0183754	0.0782015	2338.46
0.409339	2.59957e-47	1.16157e-45	3.47344e-41
0.727366	1	0.958905	28674.1
0.870273	0.801268	0.948712	28369.3
3.2624e-05	1	0.000369645	11.0535
0.0187029	1	0.0931234	2784.67
0.126851	0.00362622	0.00399468	119.453
0.262256	0.616363	0.456219	13642.3
0.62417	1	0.918361	27461.8
1	0.0558814	0.217073	6491.12
0.936292	1	0.997926	29841
0.999901	1.34939e-21	6.61872e-20	1.97919e-15
0.991222	0.0973606	0.322151	9633.29
0.979397	1	0.999786	29896.6
0.419505	0.00352423	0.011113	332.313
0.696207	0.0546642	0.162455	4857.88
0.341317	0.62527	0.543039	16238.5
0.576457	1	0.894001	26733.3
1	0.791202	0.976503	29200.4
0.914238	1	0.996213	29789.7
0.983936	6.08604e-06	7.80015e-05	2.33248
0.118044	0.38922	0.187471	5605.94
0.887093	0.819634	0.958818	28671.5
0.915868	0.573354	0.863362	25817.1
0.409836	0.110328	0.18522	5538.63
0.78914	0.187514	0.430712	12879.6
0.994657	2.14495e-12	5.94672e-11	1.77825e-06
0.999998	0.831451	0.984922	29452.1
0.627407	1	0.919879	27507.1
0.793529	0.467583	0.738907	22095.5
0.338806	0.448193	0.438067	13099.5
0.961192	1	0.999237	29880.2
0.0113245	0.000927529	0.000130917	3.91482
0.617255	0.21976	0.406631	12159.5
0.0090628	1	0.0516904	1545.7
0.130417	0.507243	0.245811	7350.48
0.79816	0.0129248	0.0575024	1719.49
0.957666	0.00691406	0.0398437	1191.45
0.990289	0.149914	0.431635	12907.2
0.536419	2.71002e-05	0.000176462	5.27675
0.998998	0.00111625	0.00869669	260.057
0.991044	1.18189e-05	0.000144712	4.32732
0.976927	1	0.999732	29895
0.889586	6.1036e-07	8.37594e-06	0.250466
0.791777	0.329819	0.611777	18294
0.998691	0.411615	0.776513	23220.1
0.985334	1	0.999892	29899.8
0.996876	1	0.999995	29902.9
0.989772	1	0.999948	29901.4
0.879331	0.0990569	0.299694	8961.76
0.583585	1	0.897883	26849.4
0.987287	1	0.999919	29900.6
0.687672	0.448395	0.671128	20068.7
0.208738	0.813293	0.470816	14078.8
0.77021	0.0102823	0.0462375	1382.64
0.442426	0.739083	0.692508	20708.1
0.305428	0.0779288	0.112772	3372.23
0.0998043	0.312967	0.139504	4171.59
1	0.309753	0.672777	20118.1
0.805072	0.229368	0.496591	14849.6
0.999999	0.280772	0.637412	19060.5
0.507595	1	0.851781	25470.8
0.993395	1	0.999978	29902.3
0.00120378	0.104674	0.00125743	37.601
1	0.804146	0.979429	29287.9
0.621368	0.580575	0.728561	21786.2
0.628971	1	0.920606	27528.9
0.818852	1	0.982501	29379.7
0.671675	1	0.938989	28078.6
0.764978	0.753804	0.894103	26736.4
0.182029	0.000223756	0.000452453	13.5297
0.94529	1	0.998475	29857.4
0.991422	1	0.999963	29901.9
0.579172	1	0.89549	26777.8
0.530095	0.0313075	0.0846161	2530.27
0.976608	0.781933	0.969563	28992.8
0.998248	2.90805e-20	1.33495e-18	3.99191e-14
0.99742	2.73804e-21	1.32042e-19	3.94844e-15
0.838341	2.97116e-20	1.14925e-18	3.43661e-14
0.75961	6.2818e-30	3.26933e-28	9.77629e-24
1	3.80141e-28	2.43811e-26	7.29068e-22
0.98683	0.000441783	0.00380944	113.914
0.141376	1	0.417954	12498.1
0.843	1	0.986975	29513.5
0.705659	1	0.951668	28457.7
0.999998	1	1	29903
0.999999	1	1	29903
0.740445	1	0.962952	28795.1
0.748005	1	0.965185	28861.9
0.191575	0.207375	0.167878	5020.05
0.982334	1.5103e-17	5.8973e-16	1.76347e-11
0.420008	0.00435409	0.0133574	399.428
0.127531	0.000649558	0.00086141	25.7587
0.909919	1	0.995815	29777.9
0.982032	0.0633467	0.234978	7026.55
0.84162	0.000834887	0.0058044	173.569
0.89508	1	0.994293	29732.3
0.999999	0.479103	0.831646	24868.7
0.807155	1	0.98008	29307.3
0.999997	1	1	29903
0.998642	1.37659e-20	6.42452e-19	1.92113e-14
0.481835	0.00222558	0.00840505	251.336
0.6514	0.0011226	0.00601149	179.762
0.937834	0.390469	0.734071	21950.9
0.961366	0.247884	0.580086	17346.3
0.915817	0.637166	0.897853	26848.5
0.974226	2.40513e-07	3.81149e-06	0.113975
0.726275	2.40134e-07	2.88845e-06	0.0863732
0.731765	0.0166958	0.0660337	1974.61
0.999999	0.75393	0.966882	28912.7
0.6578	0.930408	0.912517	27287
1	0.000500092	0.00430115	128.617
0.212462	0.374961	0.281212	8409.07
0.0665848	1	0.246982	7385.49
0.999461	0.109623	0.351837	10521
0.814221	0.188838	0.441647	13206.6
0.999992	0.710945	0.953489	28512.2
1	0.651366	0.930596	27827.6
0.464003	1	0.820294	24529.3
0.813629	1	0.981441	29348
1	3.68632e-05	0.000413173	12.3551
1	8.8462e-15	2.95098e-13	8.82433e-09
0.939114	1	0.998108	29846.4
0.726924	1	0.958764	28669.9
0.882173	1	0.992768	29686.8
0.914878	0.0885529	0.284616	8510.86
0.651518	7.86297e-08	9.11203e-07	0.0272477
0.943312	0.00677177	0.0386682	1156.29
0.988051	0.2035	0.523603	15657.3
0.960088	0.0521677	0.200043	5981.89
0.757338	8.57636e-05	0.000691211	20.6693
0.153481	0.19149	0.133052	3978.65
0.718658	5.02833e-05	0.000405748	12.1331
0.745035	0.584227	0.797322	23842.3
0.992809	9.39036e-05	0.00095843	28.6599
0.81274	0.203776	0.463409	13857.3
0.798635	7.92811e-05	0.000675422	20.1971
0.997798	0.00314062	0.0212012	633.98
0.982418	0.191038	0.50167	15001.4
0.998746	2.66838e-31	1.90283e-29	5.69004e-25
0.664636	0.451514	0.661303	19775
0.770654	1	0.971422	29048.4
0.758262	1	0.968093	28948.9
0.829876	1	0.98463	29443.4
0.851406	1	0.988368	29555.2
0.975411	1	0.999695	29893.9
0.624758	0.196204	0.379875	11359.4
0.00437684	0.0154338	0.000716222	21.4172
0.930874	0.688084	0.925856	27685.9
1	0.331841	0.697895	20869.2
0.695462	0.459048	0.683764	20446.6
0.584197	1	0.898213	26859.3
0.471571	0.000794379	0.00333011	99.5803
0.135931	3.10419e-16	1.63314e-15	4.88358e-11
0.763475	3.72961e-09	5.88766e-08	0.00176059
0.899133	1	0.994733	29745.5
0.801924	1	0.978942	29273.3
0.907483	1	0.995582	29770.9
0.639249	1	0.925288	27668.9
0.691482	1	0.946582	28305.7
0.804117	1	0.979423	29287.7
0.649743	1	0.929898	27806.7
0.298844	0.263677	0.279014	8343.37
0.889035	1	0.993602	29711.7
0.647304	1	0.928842	27775.2
0.903519	0.625125	0.887468	26537.9
0.694035	1	0.947519	28333.7
0.707444	1	0.952288	28476.3
0.866417	1	0.990652	29623.5
1	0.797873	0.978037	29246.3
0.558999	1	0.884117	26437.8
1	0.0448832	0.184187	5507.74
0.6409	1	0.926025	27690.9
0.952135	1	0.998836	29868.2
0.749042	1	0.965485	28870.9
0.983853	1	0.999869	29899.1
0.78335	1	0.974625	29144.2
0.972862	1	0.999628	29891.9
0.916846	0.220852	0.525875	15725.2
0.904147	0.221645	0.522531	15625.2
0.999969	0.028925	0.131404	3929.39
0.439778	1	0.801049	23953.8
0.240003	1	0.582513	17418.9
0.0141261	0.100305	0.0107109	320.288
0.332288	0.105065	0.152039	4546.42
0.184618	1	0.496524	14847.6
0.943339	1	0.998364	29854.1
0.976802	1	0.999729	29894.9
0.99078	1	0.999957	29901.7
0.901099	0.0316679	0.130026	3888.18
0.951416	0.000581302	0.00470104	140.575
0.590118	0.0318879	0.0935794	2798.3
0.316524	8.05239e-07	4.12456e-06	0.123337
1	0.000156077	0.00152412	45.5757
0.860571	1	0.989794	29597.8
0.957283	0.808774	0.972344	29076
0.876028	1	0.991977	29663.1
0.888551	0.0739619	0.24463	7315.17
0.219735	0.0488681	0.0594238	1776.95
0.118552	1	0.371353	11104.6
0.401705	1	0.768075	22967.7
0.654825	0.00416918	0.0188469	563.579
0.673048	0.00659142	0.0284721	851.401
0.622171	0.0124779	0.0454804	1360
1	0.00930844	0.0528425	1580.15
0.893682	0.00130582	0.00904803	270.563
0.458791	1	0.816263	24408.7
0.972624	0.0105419	0.0572151	1710.9
0.926519	0.000271644	0.00233747	69.8974
0.928414	0.000266631	0.00230313	68.8705
0.0326734	1	0.144455	4319.65
0.631535	1	0.92179	27564.3
0.525784	1	0.863792	25830
0.985577	1.02976e-27	6.40963e-26	1.91667e-21
0.616227	0.0398194	0.115513	3454.17
0.999949	0.112626	0.358553	10721.8
0.999993	3.29332e-48	3.63357e-46	1.08654e-41
0.939587	1	0.998137	29847.3
0.480515	1	0.832683	24899.7
0.404305	1	0.770438	23038.4
0.883196	0.352397	0.674512	20169.9
0.424075	0.00280508	0.00920028	275.116
0.995579	7.98347e-07	1.19582e-05	0.357585
0.95362	1	0.998907	29870.3
0.718457	0.0868657	0.235535	7043.21
0.192789	1	0.51015	15255
0.448471	0.752189	0.70391	21049
0.335145	1	0.701523	20977.6
0.0661284	1	0.245744	7348.47
0.064238	1	0.240581	7194.11
0.052738	1	0.207915	6217.29
0.0540557	1	0.211776	6332.74
0.0340778	1	0.149231	4462.44
0.0988782	1	0.327669	9798.29
0.0541905	1	0.212169	6344.5
0.548126	1	0.877687	26245.5
0.872787	1	0.991542	29650.1
0.999996	0.00375517	0.0247263	739.391
0.796019	1	0.977617	29233.7
0.00242253	1	0.0170133	508.749
0.00242253	1	0.0170133	508.749
0.87386	0.612797	0.869948	26014.1
1	3.51389e-05	0.00039553	11.8275
0.794162	1	0.977191	29220.9
0.990286	0.0903621	0.305472	9134.53
0.746381	0.259333	0.51142	15293
0.942274	9.68854e-08	1.57107e-06	0.0469798
0.323642	1	0.688748	20595.6
0.224336	0.403742	0.308095	9212.97
0.774021	1	0.972291	29074.4
0.995288	1	0.999989	29902.7
0.940608	1	0.9982	29849.2
0.370209	0.22077	0.286411	8564.56
0.423236	1.32873e-06	8.65542e-06	0.258823
0.95359	1	0.998906	29870.3
0.971612	0.000906475	0.00707654	211.61
0.995694	0.0040164	0.0260809	779.898
0.994893	1	0.999987	29902.6
0.820139	5.10979e-08	7.53822e-07	0.0225415
1	2.46123e-05	0.000285805	8.54643
0.786236	0.823366	0.928866	27775.9
0.942863	0.0902994	0.294879	8817.76
1	1.00865e-12	2.887e-11	8.633e-07
0.864136	1	0.990322	29613.6
0.74981	1	0.965707	28877.5
0.359145	1	0.72692	21737.1
0.92735	1	0.997295	29822.1
0.900469	0.859936	0.972374	29076.9
0.977308	3.28627e-16	1.17788e-14	3.52221e-10
0.999819	1	1	29903
0.908943	1	0.995722	29775.1
0.917952	1	0.996538	29799.5
0.999477	2.83858e-18	1.17466e-16	3.51259e-12
0.999997	4.28805e-08	7.70339e-07	0.0230354
0.856021	0.00665645	0.0351435	1050.9
0.999998	1	1	29903
0.997788	0.538495	0.871072	26047.7
0.99914	0.707695	0.952164	28472.6
0.665984	0.850079	0.888224	26560.6
0.199268	1	0.520708	15570.7
0.549546	0.000741219	0.00358693	107.26
0.982086	0.597542	0.899626	26901.5
0.970341	0.127794	0.382854	11448.5
0.599297	0.21126	0.388263	11610.2
0.994176	0.00435009	0.0278661	833.281
0.908843	0.0931547	0.293702	8782.58
0.999999	0.0690795	0.253694	7586.21
0.341783	1	0.708715	21192.7
0.372054	1	0.73991	22125.5
0.215365	1	0.546041	16328.3
0.936805	1	0.99796	29842
0.554715	0.00079322	0.00384073	114.849
0.0817459	0.298852	0.115112	3442.21
0.581298	1	0.896647	26812.4
0.544008	0.451094	0.590152	17647.3
0.258047	0.451083	0.366745	10966.8
0.44799	0.451103	0.52524	15706.3
0.575436	0.451095	0.609668	18230.9
0.349398	0.11468	0.168977	5052.93
0.857253	0.773896	0.935654	27978.9
0.798079	1	0.978084	29247.6
0.99951	1	1	29903
0.825213	1	0.983748	29417
0.878292	1	0.992273	29671.9
0.903339	1	0.99517	29758.6
0.888551	1	0.993545	29710
0.474409	1	0.828169	24764.7
0.996461	1	0.999994	29902.8
0.450941	0.0176136	0.0463497	1385.99
0.261066	3.32982e-12	2.50108e-11	7.47898e-07
0.9905	9.99214e-06	0.000123945	3.70634
0.511759	0.00272182	0.0105532	315.573
0.820628	1	0.982854	29390.3
0.999997	1	1	29903
0.701177	0.0346505	0.114616	3427.35
0.977344	0.237723	0.571448	17088
0.989574	0.301616	0.659347	19716.5
0.937623	1	0.998013	29843.6
0.901511	0.687441	0.916256	27398.8
0.985032	1	0.999887	29899.6
0.845382	0.814241	0.945418	28270.8
0.0197367	0.000259426	6.74961e-05	2.01834
0.874458	0.415706	0.731371	21870.2
0.565628	0.000967732	0.00465838	139.299
0.990598	1	0.999956	29901.7
0.720984	1	0.956846	28612.6
0.0352345	1	0.15312	4578.73
0.865403	1	0.990506	29619.1
0.965642	0.307108	0.657026	19647
0.446702	0.00253151	0.00880331	263.245
0.672792	1	0.939432	28091.8
0.88447	1	0.993053	29695.3
0.603785	1	0.908417	27164.4
0.766293	1	0.970273	29014.1
0.803965	1	0.97939	29286.7
0.673854	0.0314145	0.102779	3073.41
0.856953	0.039072	0.147215	4402.17
0.377128	0.0372372	0.073946	2211.21
0.998302	0.0396416	0.167382	5005.24
0.632712	1	0.922329	27580.4
0.416298	1	0.781123	23357.9
1	0	0	0
0.9284	0.360853	0.701382	20973.4
0.0898461	0.042386	0.0250223	748.241
0.962005	1	0.999269	29881.1
0.542201	0.0101351	0.0340919	1019.45
0.526609	0.0555748	0.132615	3965.57
0.78152	1	0.974176	29130.8
0.830884	1	0.984818	29449
0.572362	0.185811	0.344684	10307.1
0.748012	1	0.965187	28862
0.677466	1	0.941268	28146.7
0.756845	1	0.9677	28937.1
0.627462	1	0.919905	27507.9
0.952759	1	0.998866	29869.1
0.410648	1	0.776133	23208.7
0.999987	1	1	29903
0.574472	0.0155596	0.0511051	1528.2
0.665646	0.015561	0.0576945	1725.24
0.543712	0.0388964	0.102701	3071.06
0.644609	0.0155617	0.0561953	1680.41
0.0218226	1.46009e-98	7.33166e-98	2.19239e-93
0.951665	2.44939e-05	0.000271949	8.13209
0.813606	0.000932617	0.00620972	185.689
0.474606	1	0.828316	24769.1
0.819184	1	0.982568	29381.7
0.000219342	0.719332	0.00153903	46.0217
0.0787419	0.642453	0.201545	6026.79
0.434882	1	0.797	23832.7
0.856205	1	0.989127	29577.9
0.39761	1	0.764319	22855.4
1	1	1	29903
0.928079	0.191172	0.484226	14479.8
0.171698	0.687576	0.370292	11072.8
0.322803	1	0.6878	20567.3
0.423655	0.687566	0.650578	19454.2
0.244669	1	0.589126	17616.6
0.189532	1	0.504761	15093.9
0.316059	1	0.680104	20337.2
0.994122	1	0.999983	29902.5
0.997502	0.814614	0.981223	29341.5
0.760338	0.814578	0.916073	27393.3
0.999997	1	1	29903
0.185944	1	0.49876	14914.4
0.738318	1	0.962309	28775.9
0.908119	1	0.995643	29772.7
0.997818	1	0.999998	29902.9
0.992495	1	0.999972	29902.2
0.999997	1	1	29903
0.999155	0.327067	0.692285	20701.4
0.850893	1	0.988286	29552.7
0.995969	1	0.999992	29902.8
0.498969	1	0.845858	25293.7
0.502147	0.62968	0.680257	20341.7
0.696488	1	0.948411	28360.3
0.606795	1	0.909928	27209.6
0.435954	1	0.797891	23859.3
0.999991	4.93288e-09	9.9285e-08	0.00296892
0.808734	1	0.980416	29317.4
0.999737	2.16874e-11	5.54065e-10	1.65682e-05
0.63765	0.101515	0.241934	7234.55
0.636202	0.574706	0.733502	21933.9
0.922871	0.610414	0.886621	26512.6
0.784041	0.173252	0.407008	12170.8
0.3411	4.45763e-06	2.18898e-05	0.654571
0.583382	1	0.897774	26846.1
0.813853	3.48244e-09	5.86154e-08	0.00175278
0.817593	1	0.982248	29372.2
0.962349	1	0.999282	29881.5
0.280401	1	0.636941	19046.4
0.987332	1	0.999919	29900.6
0.50162	0.815176	0.774581	23162.3
0.86148	1	0.98993	29601.9
0.995657	1	0.999991	29902.7
0.412017	1	0.777348	23245
1	0.244193	0.588456	17596.6
0.997141	0.716988	0.954842	28552.6
0.596917	0.423413	0.60036	17952.6
0.608377	0.156625	0.319294	9547.84
0.684816	0.248823	0.471937	14112.3
0.975738	0.156599	0.439852	13152.9
0.965561	0.101525	0.3257	9739.42
0.930734	0.103638	0.322043	9630.07
0.924247	0.101318	0.315414	9431.82
0.970507	0.101258	0.326264	9756.27
0.974887	0.101523	0.32789	9804.9
0.962214	0.0278024	0.123624	3696.74
0.89073	0.382373	0.707432	21154.4
0.977896	0.509537	0.845374	25279.2
0.983129	0.504933	0.844076	25240.4
0.996857	0.245533	0.589256	17620.5
0.997026	0.573498	0.891412	26655.9
0.74395	0.0233419	0.0877513	2624.03
0.794498	0.0234726	0.0929082	2778.23
0.110645	0.717189	0.280423	8385.49
0.628695	0.717259	0.810076	24223.7
0.902559	0.711941	0.926765	27713.1
0.999998	0.00390307	0.0255494	764.004
0.933372	1	0.997729	29835.1
0.500178	1	0.846697	25318.8
0.999974	1	1	29903
0.881855	1	0.992729	29685.6
0.629836	1	0.921006	27540.9
0.999989	3.42204e-06	4.64888e-05	1.39016
0.0408047	0.109109	0.0285579	853.966
0.697654	0.300223	0.53688	16054.3
0.996712	0.109349	0.350565	10482.9
0.995873	0.448613	0.806731	24123.7
0.338548	0.000770369	0.00241291	72.1534
0.959744	1	0.999179	29878.4
0.416912	1	0.78166	23374
0.96039	1	0.999205	29879.2
0.984586	0.0639994	0.237207	7093.19
1	0.687975	0.94528	28266.7
0.93436	0.453956	0.787937	23561.7
0.999998	0.0595992	0.227675	6808.18
1	0.578086	0.894896	26760.1
0.966969	1	0.999448	29886.5
0.911814	1	0.995992	29783.1
0.596739	0.679245	0.771367	23066.2
0.981717	0.54985	0.872615	26093.8
0.969063	0.456194	0.802935	24010.2
0.828482	0.344904	0.643687	19248.2
0.791451	1	0.976561	29202.1
0.0143466	0.814452	0.063675	1904.07
0.852749	0.799635	0.942976	28197.8
0.999966	3.53852e-08	6.42467e-07	0.0192117
0.999998	0.823516	0.98342	29407.2
0.999997	0.264174	0.615827	18415.1
0.985852	1	0.999899	29900
0.572491	1	0.891803	26667.6
0.984831	0.245663	0.585263	17501.1
0.999974	0.371158	0.739013	22098.7
0.93255	0.0121868	0.0622478	1861.4
0.957167	0.0069533	0.0400148	1196.56
0.633191	0.00923022	0.0358984	1073.47
0.422671	0.00920311	0.0254764	761.819
0.261399	0.00924302	0.0169747	507.593
0.422927	0.00453176	0.0139092	415.927
0.208383	0.00459996	0.00762056	227.878
0.290715	0.00927824	0.0186533	557.79
0.369815	0.00922384	0.0227887	681.45
0.375623	0.00914106	0.0229163	685.267
0.599809	0.00459996	0.019018	568.697
0.67695	0.00450708	0.0207236	619.699
0.550083	0.0194313	0.0592006	1770.28
0.718182	0.019258	0.0730381	2184.06
0.858242	0.624369	0.870173	26020.8
0.999996	0.0193205	0.0955703	2857.84
0.255662	1	0.604359	18072.1
0.842305	0.130916	0.353398	10567.7
0.93958	1	0.998137	29847.3
0.539335	6.3146e-09	6.98092e-08	0.0020875
0.208105	2.45159e-12	1.49505e-11	4.47066e-07
0.981244	1	0.999823	29897.7
0.98234	1	0.999843	29898.3
0.335084	1	0.701456	20975.6
1	0.0449857	0.184505	5517.24
0.933938	1	0.997768	29836.3
0.156387	0.0279626	0.0281284	841.124
0.694797	0.611758	0.788699	23584.5
0.999988	0.245496	0.590285	17651.3
0.0386006	1	0.164226	4910.84
0.989067	1	0.99994	29901.2
0.998052	1	0.999998	29902.9
0.861954	1	0.99	29604
0.993484	1	0.999979	29902.4
0.812541	2.89475e-09	4.90835e-08	0.00146775
0.908479	1	0.995678	29773.8
0.976405	7.67718e-06	9.59578e-05	2.86943
0.785948	1	0.975255	29163.1
0.931311	1	0.997585	29830.8
0.995748	0.0270127	0.124153	3712.54
0.340357	1	0.70718	21146.8
0.750825	0.901623	0.941072	28140.9
0.122954	0.789723	0.323537	9674.73
0.646789	1	0.928618	27768.5
0.3233	0.77359	0.596714	17843.5
0.494706	0.0127671	0.0383043	1145.41
0.49725	0.000139099	0.000731715	21.8805
0.923789	2.28868e-07	3.46091e-06	0.103492
0.753271	1.39672e-08	2.03793e-07	0.00609402
0.46072	2.6432e-14	4.02343e-13	1.20313e-08
0.7866	6.45612e-15	1.72227e-13	5.15011e-09
0.150553	3.286e-15	1.79298e-14	5.36155e-10
0.102348	1.00388e-16	4.12181e-16	1.23255e-11
0.164317	2.02574e-16	1.29622e-15	3.87608e-11
0.0556131	4.05128e-16	8.86159e-16	2.64988e-11
0.0540604	2.01671e-16	4.36725e-16	1.30594e-11
0.0534731	5.00506e-17	1.10967e-16	3.31826e-12
0.13013	5.01155e-17	2.64587e-16	7.91195e-12
0.281897	1.51348e-13	1.35611e-12	4.05518e-08
0.318149	7.84014e-14	8.06222e-13	2.41084e-08
0.237983	7.75368e-09	3.89544e-08	0.00116485
0.862142	1	0.990028	29604.8
0.387286	3.63088e-05	0.000171162	5.11826
0.72361	0.000919187	0.00553093	165.391
0.855628	0.000274419	0.00219698	65.6962
0.959217	0.00525578	0.031711	948.253
0.306549	0.00525506	0.0119707	357.961
0.252497	0.00530202	0.0101959	304.889
0.288556	0.00528669	0.0114191	341.465
0.209474	0.00527813	0.00863205	258.124
0.177017	0.00528061	0.0074549	222.924
0.165612	0.261417	0.179226	5359.38
0.476274	0.261404	0.38389	11479.5
0.967016	0.12203	0.370185	11069.6
0.849929	0.0552058	0.190466	5695.5
0.87004	0.0650574	0.219148	6553.19
0.823599	0.0651979	0.210728	6301.4
0.891615	0.383038	0.708434	21184.3
0.92065	0.134897	0.38325	11460.3
0.779118	0.0897835	0.25602	7655.78
0.989957	1	0.999949	29901.5
0.804662	1	0.979542	29291.2
0.999999	6.13273e-05	0.000656158	19.6211
1	3.34027e-18	1.37754e-16	4.11927e-12
0.625167	1	0.918831	27475.8
0.00442919	0.903092	0.0260857	780.039
0.289511	1	0.648378	19388.4
0.908304	1	0.995661	29773.3
0.771554	0.648586	0.846864	25323.8
0.0164646	1	0.0840773	2514.16
0.722306	0.000319062	0.00216067	64.6104
0.992533	1	0.999972	29902.2
0.95419	0.597982	0.890738	26635.7
0.978913	1	0.999776	29896.3
0.999963	1	1	29903
0.98212	1	0.999839	29898.2
0.983294	1	0.99986	29898.8
0.983294	1	0.99986	29898.8
0.929896	1	0.997483	29827.7
0.916751	1	0.996434	29796.4
0.487453	1	0.837718	25050.3
0.565484	1	0.887852	26549.4
0.311267	1	0.674548	20171
0.991515	1	0.999964	29901.9
0.999481	0.619581	0.916028	27392
0.43734	3.31918e-05	0.000176229	5.26978
0.514001	0.000998908	0.00440242	131.646
0.214859	0.000123329	0.000305748	9.14279
0.999991	0.424263	0.788023	23564.3
0.49888	6.07358e-05	0.00034555	10.333
0.131382	0.000121531	0.000192322	5.75102
0.334141	0.000121531	0.000451222	13.4929
0.638904	0.000121531	0.000812443	24.2945
0.918449	0.000121531	0.00112741	33.7129
0.918449	0.000121531	0.00112741	33.7129
0.941557	0.000121531	0.00115293	34.4761
0.999992	0.0117699	0.0640538	1915.4
0.980684	7.57872e-05	0.000780921	23.3519
0.992271	1	0.99997	29902.1
0.111937	1	0.357059	10677.1
0.0891175	1	0.304586	9108.03
0.187918	1	0.50207	15013.4
0.144455	1	0.423944	12677.2
1	0.0709335	0.258625	7733.65
0.00383329	4.15263e-10	4.48355e-11	1.34072e-06
0.133367	1.92925e-10	6.53111e-10	1.953e-05
0.751511	0.631716	0.828417	24772.2
0.263188	0.00300398	0.00643772	192.507
0.959038	1	0.999149	29877.6
0.39954	1	0.766094	22908.5
0.666251	1	0.936808	28013.4
0.99742	0	0	0
0.816513	1	0.98203	29365.7
0.376802	1	0.744574	22265
0.976887	0.0077867	0.0447179	1337.2
1	1	1	29903
1	1	1	29903
0.986177	1	0.999904	29900.1
0.970808	1	0.99957	29890.1
0.447214	1	0.807095	24134.6
0.0242429	1	0.114418	3421.43
0.662983	1	0.935473	27973.4
0.73722	1	0.961975	28766
0.999218	0.411303	0.776429	23217.6
0.0805632	1	0.283479	8476.86
0.32675	1	0.692239	20700
0.583593	1	0.897888	26849.5
0.409368	1	0.774992	23174.6
0.599838	1	0.906412	27104.4
0.414332	1	0.779395	23306.2
0.995179	0.61385	0.91196	27270.3
0.837186	1	0.985961	29483.2
0.999837	1.90448e-266	1.16696e-263	3.48956e-259
0.963171	0.68968	0.936005	27989.3
0.711564	0.11429	0.285392	8534.09
0.835025	0.202481	0.469594	14042.3
0.781549	0.17256	0.405063	12112.6
0.12114	1	0.376844	11268.8
0.000473	7.55648e-07	8.1321e-09	0.000243174
0.856342	1	0.989148	29578.5
0.182279	0.0133191	0.0170449	509.694
0.27562	0.0133459	0.0242968	726.547
0.253106	0.0186077	0.029945	895.446
0.234221	0.013447	0.0212926	636.713
0.208323	0.0135491	0.0193914	579.862
0.186444	0.0134483	0.0175227	523.981
0.27405	0.0136296	0.0246148	736.057
0.314334	0.0134701	0.0273718	818.498
0.22447	0.0135466	0.0206641	617.919
0.224817	0.0137311	0.0209315	625.914
0.570299	1	0.890576	26630.9
0.877772	1	0.992206	29669.9
0.886655	1	0.993319	29703.2
0.849332	1	0.988032	29545.1
0.706676	1	0.952022	28468.3
0.717425	1	0.955673	28577.5
0.857971	1	0.989399	29586
0.642865	0.281529	0.49035	14662.9
0.642865	0.281529	0.49035	14662.9
0.999251	1	1	29903
0.580931	0.347182	0.524599	15687.1
0.012701	0.0284739	0.00322766	96.5166
0.496916	0.0284739	0.0743977	2224.72
0.697352	0.0162277	0.0620309	1854.91
0.962748	0.68489	0.933981	27928.8
0.999998	0.00935956	0.0530814	1587.29
0.621883	0.192464	0.373774	11177
1	1	1	29903
0.507872	1	0.851968	25476.4
1	0.472149	0.826479	24714.2
0.8444	0.73588	0.917039	27422.2
0.847477	1	0.987727	29536
0.895995	1	0.994394	29735.4
0.796003	1	0.977613	29233.6
0.902741	1	0.995109	29756.7
0.873633	1	0.991656	29653.5
0.851001	1	0.988303	29553.2
0.583887	1	0.898046	26854.3
0.900489	1	0.994876	29749.8
0.989857	1	0.999948	29901.5
0.999802	0.405044	0.771034	23056.2
0.9996	0.405236	0.771134	23059.2
0.97563	0.496456	0.835483	24983.5
0.94066	0.514761	0.835381	24980.4
0.857108	0.538007	0.818079	24463
0.857687	0.541591	0.820688	24541
0.793582	0.530185	0.784996	23473.7
0.721944	1	0.957159	28621.9
0.965831	1	0.999409	29885.3
0.287316	1	0.645648	19306.8
1	0.714385	0.954656	28547.1
0.920353	1	0.99674	29805.5
0.999945	0.511469	0.854374	25548.3
0.276745	1	0.632268	18906.7
0.852329	1	0.988516	29559.6
0.169422	1	0.470208	14060.6
0.0821443	1	0.287446	8595.49
0.871489	1	0.991364	29644.8
0.581533	1	0.896775	26816.2
0.900243	1	0.99485	29749
0.945708	1	0.998499	29858.1
0.900243	1	0.99485	29749
0.871489	1	0.991364	29644.8
0.538245	1	0.871657	26065.1
0.809754	0.481481	0.757116	22640
0.985434	4.65831e-06	6.10142e-05	1.82451
0.985434	4.65831e-06	6.10142e-05	1.82451
0.992269	4.65831e-06	6.14055e-05	1.83621
0.979854	4.57809e-06	5.97273e-05	1.78603
0.986329	4.63138e-06	6.0739e-05	1.81628
0.98082	4.30171e-06	5.64355e-05	1.68759
0.995664	4.60464e-06	6.09432e-05	1.82238
0.99356	4.55172e-06	6.01772e-05	1.79948
0.991016	4.55172e-06	6.00347e-05	1.79522
0.996149	4.55172e-06	6.03223e-05	1.80382
0.988836	4.55172e-06	5.99125e-05	1.79156
0.977159	3.7189e-07	5.75174e-06	0.171994
0.986541	2.95666e-07	4.68086e-06	0.139972
0.973217	2.73258e-07	4.29225e-06	0.128351
0.991629	2.38628e-07	3.84684e-06	0.115032
0.989291	2.19975e-07	3.55602e-06	0.106336
0.998754	1	0.999999	29903
0.948785	1	0.998666	29863.1
0.758291	1	0.968101	28949.1
0.123198	0.179612	0.106455	3183.33
