ks_quality_p_value	fisher_strand_p_value	bias_p_value	bias_e_value
0.204955	0.755127	0.443537	13263.1
0.314035	0.727821	0.565907	16922.3
0.375731	1	0.743527	22233.7
0.617142	0.415066	0.605031	18092.2
0.527384	0.415156	0.551511	16491.8
0.889761	0.415253	0.737352	22049
0.819292	0.415294	0.707062	21143.3
0.818769	1	0.982485	29379.2
0.747086	1	0.964918	28853.9
0.486199	0.6215	0.6638	19849.6
0.795538	1	0.977507	29230.4
0.810667	0.617526	0.846995	25327.7
0.797147	1	0.977873	29241.3
0.999993	4.26862e-23	2.24136e-21	6.70234e-17
0.100375	1	0.33112	9901.49
0.34064	1	0.707485	21155.9
0.268158	1	0.621102	18572.8
0.291524	1	0.650866	19462.9
0.145857	1	0.426651	12758.2
0.221616	1	0.555549	16612.6
0.340874	1	0.707737	21163.5
0.0258763	1	0.120439	3601.5
0.0416801	1	0.174128	5206.96
0.038643	1	0.164364	4914.97
0.0447633	1	0.183815	5496.61
0.0274451	1	0.126126	3771.54
0.0069027	1	0.0412495	1233.48
0.0157002	1	0.0809202	2419.76
0.0471378	1	0.191129	5715.32
0.0368981	1	0.158647	4744.02
2.71582e-15	0.00364288	3.97267e-16	1.18795e-11
4.61271e-05	0.00448603	3.39173e-06	0.101423
0.00165462	1	0.0122511	366.345
0.921247	0.709404	0.931523	27855.3
0.79752	1	0.977958	29243.9
0.285065	1	0.642832	19222.6
0.573386	0.926997	0.867453	25939.4
0.875623	0.723378	0.922647	27589.9
0.896915	0.72434	0.929867	27805.8
0.745179	0.510497	0.74808	22369.8
7.74259e-07	0.183506	2.38225e-06	0.0712365
6.72886e-06	0.183785	1.80591e-05	0.540021
7.40608e-08	0.234639	3.27882e-07	0.00980465
1.08861e-05	0.336756	4.95507e-05	1.48171
8.17628e-09	0.25104	4.31125e-08	0.00128919
0.072831	0.918033	0.24773	7407.87
0.666973	1	0.937101	28022.1
1.6182e-09	0.184066	6.83114e-09	0.000204272
1.17922e-31	0.101567	8.92318e-31	2.6683e-26
0.954556	0.690263	0.93378	27922.8
1.22471e-25	0.0822776	6.1326e-25	1.83383e-20
0.000630679	0.728952	0.00399273	119.395
0.0184043	1	0.0919325	2749.06
1.92272e-09	0.241218	1.04315e-08	0.000311933
1.30202e-09	0.177985	5.37298e-09	0.000160668
0.0160785	1	0.082487	2466.61
0.112422	1	0.35812	10708.9
0.53345	1	0.868665	25975.7
2.58971e-06	0.197594	7.92413e-06	0.236955
2.6754e-09	0.0553359	3.49884e-09	0.000104626
6.66759e-18	0.0547389	1.58598e-17	4.74257e-13
6.38488e-11	0.0487655	8.56097e-11	2.55999e-06
0.952783	0.0312252	0.134322	4016.63
0.334072	0.0745002	0.11681	3492.97
0.81117	0.111046	0.306901	9177.28
0.804254	0.0328366	0.12238	3659.54
0.18274	1	0.493341	14752.4
0.147604	1	0.430004	12858.4
0.383221	0.817074	0.676705	20235.5
0.542888	0.000913389	0.00426902	127.657
0.970363	0.00115034	0.00870427	260.284
0.999971	0.0110414	0.0607936	1817.91
0.998642	0.00700098	0.0416906	1246.67
0.997482	0.00700253	0.041658	1245.7
0.000219768	0.00797993	2.49973e-05	0.747493
0.122552	0.00798398	0.00775868	232.008
0.183416	0.00584478	0.00840277	251.268
0.353653	0.0145569	0.0322741	965.093
0.00174769	0.00931069	0.00019569	5.85172
0.293349	0.00354715	0.00818707	244.818
0.774943	0.274247	0.541663	16197.3
0.445669	1	0.805849	24097.3
0.805995	0.895204	0.957024	28617.9
0.862578	0.673753	0.896575	26810.3
0.923046	0.539932	0.845449	25281.5
0.971503	1	0.99959	29890.7
0.786401	3.11142e-05	0.000284275	8.50068
0.485074	1.63559e-10	1.92453e-09	5.75492e-05
0.887877	0.000205795	0.0017555	52.4947
0.995529	2.48224e-11	6.28257e-10	1.87868e-05
0.995594	4.50629e-06	5.97345e-05	1.78624
0.971266	1	0.999583	29890.5
0.764721	0.836016	0.92532	27669.8
1	0.693979	0.947499	28333.1
0.875319	0.370588	0.689583	20620.6
0.999738	1	1	29903
0.940941	1	0.998221	29849.8
0.988243	1	0.999931	29900.9
0.874654	1	0.991794	29657.6
0.999922	0.379309	0.746984	22337.1
0.981356	0.0171679	0.0856463	2561.08
0.97893	9.30525e-05	0.000938578	28.0663
0.971083	0.000184961	0.00172872	51.694
0.951564	0.367191	0.716814	21434.9
0.945402	0.259075	0.589493	17627.6
0.864909	1.03537e-07	1.54281e-06	0.0461346
0.999997	1.98309e-07	3.2589e-06	0.0974507
0.999968	1.03767e-07	1.77241e-06	0.0530004
0.955568	0.258738	0.592734	17724.5
0.992163	1.02375e-07	1.73714e-06	0.0519458
0.995664	0.267143	0.618233	18487
0.99999	3.50694e-07	5.56313e-06	0.166354
0.398413	6.96033e-07	4.46415e-06	0.133492
0.120666	3.44022e-06	6.51514e-06	0.194822
0.497697	0.0633423	0.140507	4201.58
0.911683	1	0.99598	29782.8
0.999916	1.0277e-11	2.70275e-10	8.08203e-06
0.999951	6.76031e-07	1.02799e-05	0.307401
0.470362	1	0.825134	24674
0.861597	1	0.989947	29602.4
0.484728	0.211701	0.336251	10054.9
0.999075	9.10465e-06	0.000114682	3.42934
0.973431	1	0.999644	29892.4
0.45017	0.171263	0.274674	8213.56
0.333186	0.702821	0.574117	17167.8
0.267596	0.819491	0.552035	16507.5
0.00692205	1	0.0413457	1236.36
0.184081	1	0.495616	14820.4
0.768616	1	0.970888	29032.5
0.764427	1	0.969774	28999.2
0.404638	1	0.770739	23047.4
0.621571	1	0.917131	27425
0.887606	1	0.993433	29706.6
0.802117	1	0.978984	29274.6
0.457108	1	0.814948	24369.4
0.537935	1	0.871464	26059.4
0.552986	1	0.880587	26332.2
0.519391	1	0.859643	25705.9
0.590991	1	0.901826	26967.3
0.848551	1	0.987904	29541.3
0.883744	1	0.992964	29692.6
0.806751	0.590509	0.829645	24808.9
0.965839	0.674399	0.930594	27827.6
0.965839	0.674399	0.930594	27827.6
0.86318	0.674399	0.897097	26825.9
0.760211	0.674399	0.855207	25573.3
0.86318	0.674399	0.897097	26825.9
0.726297	2.56599e-07	3.07423e-06	0.0919288
0.999931	3.6424e-13	1.07957e-11	3.22824e-07
0.794475	0.0940795	0.268606	8032.12
0.748222	1	0.965248	28863.8
0.963469	0.770702	0.963581	28813.9
0.961231	0.748735	0.956427	28600
0.532557	0.804205	0.791456	23666.9
0.255843	1	0.604605	18079.5
0.525397	9.54462e-05	0.000546632	16.3459
0.325275	1	0.690586	20650.6
0.811727	1	0.981046	29336.2
0.7649	1	0.969901	29003
0.581836	1	0.896939	26821.2
0.00027437	0.000310155	1.47043e-06	0.0439704
0.555484	4.9892e-05	0.000318535	9.52515
2.60052e-08	0.0333409	1.89585e-08	0.000566917
0.703502	0.610573	0.792518	23698.7
0.87623	0.709317	0.917109	27424.3
0.998964	0.369609	0.737103	22041.6
0.912061	0.370209	0.704255	21059.3
0.732119	0.605964	0.804203	24048.1
0.979776	1	0.999794	29896.8
0.902555	1	0.99509	29756.2
0.0485828	0.61417	0.134629	4025.8
0.906212	1	0.995458	29767.2
0.688546	6.03623e-06	5.56555e-05	1.66427
0.000160301	5.03596e-13	3.0721e-15	9.1865e-11
0.809197	0.5063	0.775284	23183.3
0.124218	0.189159	0.111631	3338.11
0.746075	1	0.964622	28845.1
0.981939	0.172545	0.470219	14061
0.999992	0.338556	0.705231	21088.5
0.999992	0.340485	0.707315	21150.8
0.999977	0.133579	0.402475	12035.2
0.998458	0.507295	0.851045	25448.8
0.999966	0.504459	0.849633	25406.6
0.999997	1	1	29903
0.999986	1	1	29903
0.999986	1	1	29903
0.999991	1	1	29903
0.999991	1	1	29903
0.671227	1	0.93881	28073.2
0.318121	1	0.682473	20408
0.999996	1	1	29903
0.999992	1	1	29903
0.999998	1	1	29903
0.975694	1	0.999702	29894.1
0.983323	0.0740691	0.263627	7883.25
0.793762	1	0.977099	29218.2
0.999991	1	1	29903
0.978485	0.098135	0.321022	9599.53
0.988743	0.0687683	0.250785	7499.23
0.993519	0.068716	0.251528	7521.44
0.981236	0.352243	0.712826	21315.6
0.73671	0.344551	0.601859	17997.4
0.623532	0.0392228	0.115212	3445.18
0.99999	2.67429e-17	1.04725e-15	3.13159e-11
0.999993	1	1	29903
0.983907	0.687477	0.940858	28134.5
0.172986	1	0.476498	14248.7
1	0.000904744	0.00724506	216.649
0.719183	0.164315	0.370543	11080.4
0.872993	1	0.99157	29650.9
0.878447	0.130871	0.363646	10874.1
0.845451	0.149147	0.387206	11578.6
0.514763	1	0.856591	25614.6
0.497165	0.10587	0.207612	6208.21
0.6145	0.105804	0.242714	7257.88
0.58603	0.106084	0.234867	7023.23
0.576849	0.105905	0.231865	6933.45
0.446632	0.109735	0.196815	5885.36
0.432446	0.109772	0.192144	5745.67
0.594139	0.24056	0.420979	12588.5
0.730208	0.0193041	0.0741714	2217.95
0.931723	0.00372786	0.0231416	692.003
0.541027	0.0329091	0.0895273	2677.14
0.857211	0.526091	0.810103	24224.5
0.217551	1	0.549386	16428.3
0.999997	0.797102	0.977862	29241
0.842717	1	0.986926	29512.1
0.403207	1	0.769442	23008.6
0.580774	0.773506	0.808715	24183
0.742157	0.773489	0.89267	26693.5
0.876816	0.78875	0.946622	28306.8
0.826312	0.450081	0.739765	22121.2
0.758972	0.419976	0.683192	20429.5
0.902442	2.22955e-08	3.76685e-07	0.011264
0.443877	7.34022e-11	8.19337e-10	2.45006e-05
0.459256	4.1543e-10	4.46061e-09	0.000133386
0.902207	1	0.995054	29755.1
0.986176	0.831242	0.98268	29385.1
0.0897245	1	0.306051	9151.85
0.280358	1	0.636887	19044.8
0.0800921	1	0.282291	8441.35
0.460133	1	0.817307	24439.9
0.751004	0.0100083	0.0442761	1323.99
0.69211	1.84547e-06	1.86108e-05	0.55652
0.785202	3.09484e-11	6.18224e-10	1.84868e-05
0.205758	1.12817e-14	8.05412e-14	2.40842e-09
0.149536	1.84886e-16	1.08175e-15	3.23475e-11
0.999845	1.05903e-16	4.00085e-15	1.19637e-10
0.999992	1.79333e-17	7.09433e-16	2.12142e-11
1	3.13537e-16	1.15064e-14	3.44075e-10
0.759665	0.000828923	0.00527079	157.612
0.00970886	0.0579063	0.00476954	142.624
0.133649	1	0.402623	12039.7
0.987148	0.725753	0.95534	28567.5
0.918005	1	0.996543	29799.6
0.946993	0.752946	0.954201	28533.5
0.965405	1	0.999395	29884.9
0.998346	0.480403	0.832017	24879.8
0.636527	1	0.924064	27632.3
0.386079	1	0.753515	22532.4
0.358383	1	0.726139	21713.7
0.0875166	1	0.300701	8991.85
0.68208	1	0.94305	28200
0.999999	1.04006e-32	7.76337e-31	2.32148e-26
0.83831	0.163935	0.410177	12265.5
0.999997	1	1	29903
0.999989	1	1	29903
0.787658	1	0.975665	29175.3
0.88879	1	0.993573	29710.8
0.934167	1	0.997784	29836.7
0.896706	1	0.994471	29737.7
0.999998	1	1	29903
0.999978	1	1	29903
0.999996	1	1	29903
0.999992	1	1	29903
0.898288	1	0.994642	29742.8
0.940777	1	0.998211	29849.5
0.990817	1	0.999958	29901.7
0.98967	1	0.999946	29901.4
0.988879	0.627359	0.916565	27408
0.923272	1	0.996978	29812.6
0.69477	0.879649	0.91209	27274.2
0.965414	1	0.999395	29884.9
0.680769	0.898483	0.912339	27281.7
0.690464	0.893276	0.914832	27356.2
0.868858	0.893312	0.972837	29090.7
0.829596	0.893415	0.96317	28801.7
0.97202	0.800261	0.973268	29103.6
0.951452	0.793871	0.967276	28924.5
0.658646	0.797212	0.863339	25816.4
0.191633	0.891395	0.472685	14134.7
0.787525	0.718884	0.888224	26560.6
0.663072	1	0.935509	27974.5
0.965285	1	0.99939	29884.8
0.705006	1	0.95144	28450.9
0.711765	1	0.953771	28520.6
0.709946	0.385888	0.628676	18799.3
0.556269	0.0207554	0.0630556	1885.55
0.442003	0.0798923	0.153381	4586.55
0.282391	0.136375	0.163934	4902.12
0.523495	1	0.862316	25785.8
0.380578	1	0.748241	22374.7
0.544022	1	0.875204	26171.2
0.375447	1	0.743249	22225.4
0.959543	1	0.99917	29878.2
0.859697	1	0.989662	29593.9
0.799236	0.00152557	0.00940011	281.092
0.799236	0.00152557	0.00940011	281.092
0.272836	0.00152557	0.00365629	109.334
0.824884	0.000140814	0.00116859	34.9443
0.551381	4.45292e-07	3.98239e-06	0.119085
0.889317	4.06005e-07	5.7172e-06	0.170962
0.553859	4.06005e-07	3.66711e-06	0.109658
0.962501	4.06005e-07	6.15678e-06	0.184106
0.899093	4.06005e-07	5.77606e-06	0.172722
0.915295	4.30764e-07	6.20835e-06	0.185648
0.871227	0.000131278	0.00115243	34.461
0.68681	0.000133622	0.000944913	28.2557
0.408556	0.000133622	0.000590448	17.6562
0.68681	0.000133622	0.000944913	28.2557
0.817428	2.63545e-08	4.01844e-07	0.0120163
0.844039	0.000133622	0.00113798	34.029
0.889592	4.43577e-07	6.21318e-06	0.185793
0.952786	8.14383e-05	0.000811938	24.2794
0.453169	2.65535e-08	2.31466e-07	0.00692154
0.351577	6.9753e-11	6.23668e-10	1.86495e-05
0.0299282	5.67573e-09	3.99114e-09	0.000119347
0.650395	0.000126668	0.000857133	25.6308
0.994046	4.06005e-07	6.34555e-06	0.189751
0.972168	2.3707e-08	4.28348e-07	0.0128089
0.818923	2.2444e-07	3.03441e-06	0.0907381
0.889606	2.3707e-08	3.93842e-07	0.0117771
0.966163	1.16585e-05	0.000139605	4.17462
0.947328	7.72625e-05	0.000770166	23.0303
0.834296	0.000135954	0.00114382	34.2038
0.299716	4.48424e-06	1.95147e-05	0.583548
0.397675	2.27092e-06	1.34717e-05	0.402846
0.595164	2.82958e-13	5.12163e-12	1.53152e-07
0.459536	5.6365e-10	5.97661e-09	0.000178718
0.460077	6.41378e-10	6.77031e-09	0.000202453
0.760804	3.79424e-06	3.97074e-05	1.18737
0.988019	0.00234183	0.0163558	489.087
0.567444	2.99795e-13	5.17195e-12	1.54657e-07
0.205979	1.24649e-12	7.70015e-12	2.30258e-07
0.803562	1.24324e-12	2.86039e-11	8.55341e-07
0.683429	1.23783e-12	2.43624e-11	7.2851e-07
0.965008	2.32017e-12	6.22997e-11	1.86295e-06
0.643811	1.17671e-12	2.19005e-11	6.5489e-07
0.838443	2.61579e-12	6.10709e-11	1.8262e-06
0.924827	2.91334e-11	6.82672e-10	2.04139e-05
0.795259	2.06533e-12	4.62107e-11	1.38184e-06
0.289198	2.91028e-14	2.81183e-13	8.40821e-09
0.0432601	1.23891e-12	1.69132e-12	5.05757e-08
0.999996	6.33528e-08	1.11339e-06	0.0332938
0.997798	0.000105228	0.00106693	31.9043
0.999996	2.16269e-05	0.000253932	7.59334
0.999977	0.000296923	0.00270848	80.9918
0.999996	0.000129252	0.00128654	38.4713
0.998578	0.000768833	0.00627402	187.612
0.999986	0.000776871	0.00633938	189.566
0.999999	0.00301855	0.0205351	614.062
0.999999	0.00077065	0.00629488	188.236
0.999997	0.00133119	0.0101459	303.393
1	0.012864	0.068865	2059.27
0.999978	0.0115978	0.0632872	1892.48
0.999998	0.00696737	0.0415709	1243.09
0.999985	0.00328542	0.022072	660.02
0.999998	0.00294483	0.0201064	601.241
0.999445	0.215784	0.5465	16342
0.988621	0.215067	0.541809	16201.7
0.910177	0.215178	0.515165	15405
0.999999	2.35904e-06	3.29257e-05	0.984578
0.999998	0.128598	0.392361	11732.8
0.798813	0.290727	0.571301	17083.6
0.471468	0.0994983	0.190433	5694.52
0.868208	0.547744	0.829022	24790.2
0.938728	1	0.998083	29845.7
0.717566	0.372434	0.6199	18536.9
0.293932	0.675538	0.519569	15536.7
0.612512	0.314998	0.510399	15262.5
0.00030897	1	0.00280615	83.9122
0.999921	0.00119259	0.00922003	275.706
0.901824	0.40013	0.728659	21789.1
0.865065	0.782714	0.941125	28142.5
0.987159	0.0196595	0.0959121	2868.06
0.747565	0.154539	0.364865	10910.6
0.991927	0.0536391	0.20929	6258.41
0.965753	0.0864539	0.290806	8695.96
0.994043	0.0402948	0.168931	5051.56
0.976724	0.210393	0.530659	15868.3
0.989577	0.0534239	0.208295	6228.64
0.992183	0.0688111	0.251535	7521.64
0.977396	3.17198e-05	0.000352856	10.5515
0.986416	1.95533e-05	0.000228676	6.8381
0.984472	3.31456e-07	5.19988e-06	0.155492
0.988048	0.211047	0.535428	16010.9
0.984683	4.63943e-08	8.17809e-07	0.0244549
0.979772	4.74204e-08	8.30942e-07	0.0248477
0.976139	4.05847e-08	7.14837e-07	0.0213758
0.97787	4.20233e-08	7.39984e-07	0.0221277
0.909079	1.68789e-06	2.20764e-05	0.660149
0.934455	2.30055e-06	3.02044e-05	0.903203
1	9.37876e-10	2.04339e-08	0.000611034
0.895787	0.012347	0.0608803	1820.5
0.919691	0.122848	0.359343	10745.4
0.706778	0.599357	0.787469	23547.7
0.72926	0.0323107	0.111879	3345.5
0.79925	0.238541	0.506624	15149.6
0.152028	5.08784e-05	9.87734e-05	2.95362
0.155244	1	0.444425	13289.6
0.00218169	0.175711	0.00339897	101.64
0.001799	0.245318	0.00385088	115.153
0.0029661	0.418474	0.00954715	285.488
0.0389603	0.101821	0.0259034	774.588
0.000119805	0.346846	0.000460771	13.7784
0.000365932	0.348679	0.00127168	38.0269
0.00348453	0.10154	0.00316554	94.659
0.483657	0.063224	0.13722	4103.3
0.227325	1	0.564078	16867.6
0.942596	0.0527024	0.198818	5945.26
0.952601	0.00524909	0.0314931	941.738
0.960605	0.00534941	0.0322244	963.605
0.96975	0.00173566	0.0124336	371.803
0.381348	2.2324e-05	0.000107895	3.2264
0.635597	2.22765e-05	0.000172245	5.15065
0.371817	1.16398e-05	5.77788e-05	1.72776
0.450905	1	0.810051	24222.9
0.39629	6.56893e-05	0.000300831	8.99575
0.26855	1	0.621617	18588.2
0.946266	1	0.99853	29859
0.999858	0.813669	0.981425	29347.6
0.159859	0.845777	0.405745	12133
0.733116	0.0653118	0.193394	5783.05
0.57968	3.42288e-13	6.00181e-12	1.79472e-07
0.950785	0.00551064	0.0327546	979.46
0.999998	1	1	29903
0.428467	0.437838	0.501537	14997.5
0.961929	0.391612	0.744478	22262.1
0.212437	0.570013	0.376741	11265.7
0.987895	0.0631506	0.235471	7041.29
0.999944	4.03221e-16	1.46954e-14	4.39437e-10
0.847086	0.358696	0.665798	19909.4
0.999	0.489031	0.838499	25073.6
0.99131	0.0177006	0.0884864	2646.01
0.954665	0.00540288	0.0323259	966.642
0.899151	0.0105302	0.0535885	1602.46
0.924147	0.411753	0.748185	22373
0.925753	0.00242995	0.015965	477.402
0.897018	1	0.994505	29738.7
0.208432	0.385363	0.282871	8458.71
0.997263	1	0.999996	29902.9
0.784715	0.000975878	0.00626	187.193
0.269006	0.00131528	0.00316553	94.6587
0.114601	0.00131773	0.00147965	44.2461
0.0728539	9.02884e-06	1.0021e-05	0.299657
0.0383753	8.18158e-10	7.90712e-10	2.36447e-05
0.0297406	1.32407e-25	2.43357e-25	7.27711e-21
0.181188	2.42852e-30	3.11967e-29	9.32875e-25
0.292614	5.37552e-39	1.42113e-37	4.24961e-33
0.060198	1.90587e-42	1.14585e-41	3.42644e-37
0.0217486	1.57911e-30	2.52248e-30	7.54298e-26
0.0107265	1.19852e-32	1.01609e-32	3.03842e-28
0.000527164	7.3969e-34	3.30803e-35	9.89201e-31
0.000145327	1.92402e-36	2.57453e-38	7.69862e-34
6.04852e-05	9.15342e-37	5.18737e-39	1.55118e-34
5.2163e-10	6.91915e-36	3.72953e-43	1.11524e-38
1.14887e-12	9.17387e-35	1.12632e-44	3.36805e-40
6.42524e-11	7.19908e-32	4.44875e-40	1.33031e-35
2.39772e-13	1.36728e-31	3.31529e-42	9.9137e-38
3.57238e-05	1.36961e-31	4.02701e-34	1.2042e-29
4.57913e-05	2.97058e-31	1.10567e-33	3.30627e-29
0.264499	0.0692272	0.0915578	2737.85
0.440387	1	0.801549	23968.7
0.155636	0.724985	0.359018	10735.7
0.0165444	1	0.0844048	2523.96
0.000518742	1	0.00444256	132.846
0.291983	1	0.651431	19479.8
0.292102	1	0.651578	19484.1
0.184443	1	0.496228	14838.7
0.706033	1	0.951798	28461.6
0.827156	1	0.984119	29428.1
0.822456	1	0.983214	29401
0.998613	1	0.999999	29903
0.99718	1	0.999996	29902.9
0.997054	1	0.999996	29902.9
0.999996	1	1	29903
0.999991	1	1	29903
0.999984	1	1	29903
0.999964	1	1	29903
0.449622	1	0.809027	24192.3
1.45643e-05	1	0.000176766	5.28584
9.95507e-09	1	1.93379e-07	0.00578261
0.684105	1	0.943821	28223.1
0.570033	1	0.890427	26626.4
0.219898	1	0.552954	16535
0.272489	1	0.626767	18742.2
0.71525	1	0.954947	28555.8
0.75249	0.00106571	0.00651853	194.924
0.580704	7.48329e-15	1.48052e-13	4.4272e-09
0.663233	0.327511	0.548875	16413
0.921115	5.23335e-21	2.30331e-19	6.88759e-15
0.432669	0.141792	0.232585	6954.99
0.632839	0.135656	0.296621	8869.86
0.354667	0.00167122	0.00499714	149.429
0.509114	4.56693e-09	4.85467e-08	0.00145169
0.949867	0.130191	0.382145	11427.3
0.796119	0.579199	0.818065	24462.6
0.999984	4.21891e-12	1.14717e-10	3.43037e-06
0.320344	0.018333	0.0360443	1077.83
0.929879	1	0.997482	29827.7
0.298462	0.0716088	0.103564	3096.86
0.320508	0.0714889	0.109433	3272.37
0.202385	0.102451	0.101101	3023.21
0.155105	0.103028	0.0820805	2454.45
0.184805	0.204003	0.161286	4822.94
0.12209	0.103159	0.0676901	2024.14
0.178374	0.222503	0.167752	5016.29
0.917787	0.0869015	0.281444	8416.03
0.850644	0.59197	0.849026	25388.4
0.828717	0.59201	0.839975	25117.8
0.673556	1	0.939735	28100.9
0.952821	1	0.998869	29869.2
0.67983	1	0.942185	28174.2
0.872807	0.867132	0.967698	28937.1
0.999985	0.4476	0.807401	24143.7
1	1	1	29903
0.985123	0.893081	0.992467	29677.7
0.97612	1	0.999713	29894.4
0.481341	0.697508	0.702172	20997
0.999141	1	1	29903
0.4579	0.683071	0.676308	20223.6
0.885946	1	0.993233	29700.7
0.912201	1	0.996028	29784.2
0.49781	1	0.845051	25269.5
0.741192	0.00235303	0.0128215	383.4
0.738388	0.0127586	0.0533673	1595.84
0.508986	0.00575506	0.0200155	598.525
0.747302	2.41782e-05	0.0002154	6.4411
0.706654	0.347279	0.590162	17647.6
0.640908	0.000164273	0.00106956	31.9831
0.987499	0.000421826	0.00365879	109.409
0.78764	0.0487411	0.163541	4890.38
0.493184	0.000853554	0.00369307	110.434
0.159986	9.36963e-05	0.000181501	5.42744
0.999975	2.82805e-49	3.18959e-47	9.53784e-43
0.719945	1	0.956505	28602.4
0.972866	1	0.999629	29891.9
1	1	1	29903
0.999999	1	1	29903
0.999997	1	1	29903
0.999998	1	1	29903
0.999971	0.365243	0.733102	21921.9
0.506373	1	0.850951	25446
1	0.550364	0.879028	26285.6
1	0.634964	0.923356	27611.1
0.999725	0.874295	0.991713	29655.2
1	1	1	29903
0.4432	1	0.803847	24037.4
2.74141e-05	0.369933	0.000126756	3.79038
0.313717	0.00793691	0.0174184	520.862
0.215893	1	0.546851	16352.5
0.215893	1	0.546851	16352.5
0.372238	0.000103866	0.000431501	12.9032
0.0563788	6.61936e-05	5.03756e-05	1.50638
0.483021	0.0482307	0.110878	3315.59
0.00445919	3.79163e-05	2.80546e-06	0.0838917
0.998647	0.122556	0.379475	11347.4
0.998237	5.28302e-20	2.39368e-18	7.15781e-14
0.908576	1.9423e-07	2.92064e-06	0.0873359
0.999627	1.9423e-07	3.19478e-06	0.0955336
0.428224	1.9423e-07	1.4391e-06	0.0430335
0.00119123	6.78183e-07	1.7722e-08	0.000529942
0.00123723	9.81095e-07	2.61334e-08	0.000781468
0.01531	3.66978e-06	9.94157e-07	0.0297283
0.080451	0.000201547	0.000195056	5.83276
0.0577064	0.000782623	0.000497023	14.8625
1.34007e-07	1.58763e-12	9.35989e-18	2.79889e-13
0.768123	0.00140266	0.00843961	252.37
0.0229186	2.38615e-13	1.8506e-13	5.53384e-09
0.112021	3.77789e-15	1.54041e-14	4.60628e-10
0.00218849	8.73345e-16	7.98903e-17	2.38896e-12
0.000364872	4.93461e-15	7.53662e-17	2.25367e-12
0.19047	3.35654e-15	2.30067e-14	6.87968e-10
0.114642	6.56297e-15	2.69531e-14	8.05978e-10
0.138072	7.58055e-15	3.71493e-14	1.11088e-09
0.0622138	1.456e-15	3.43676e-15	1.0277e-10
0.00605729	5.49147e-15	1.29535e-15	3.87347e-11
0.000237944	2.62719e-15	2.6828e-17	8.02238e-13
0.248068	1	0.593888	17759
0.0653101	6.60534e-12	1.2714e-11	3.80186e-07
0.00417908	1.44961e-14	2.3228e-15	6.94588e-11
0.132391	0.000656837	0.000900036	26.9138
0.779947	0.000656837	0.00439377	131.387
0.0016517	6.80116e-14	4.23784e-15	1.26724e-10
0.885275	2.83304e-06	3.48515e-05	1.04217
2.84229e-05	2.31328e-12	2.51564e-15	7.52253e-11
0.233924	0.000652303	0.00149351	44.6603
0.0601877	0.000654505	0.000438916	13.1249
0.00992624	0.000654505	8.40957e-05	2.51471
0.0601877	0.000654505	0.000438916	13.1249
0.488719	0.000654505	0.00289405	86.5407
0.00127339	2.14997e-12	9.45389e-14	2.827e-09
0.00734551	3.66468e-10	7.4406e-11	2.22496e-06
0.434524	6.23638e-09	5.61654e-08	0.00167952
0.85373	0.00114757	0.00776742	232.269
0.966313	2.29736e-11	5.66778e-10	1.69484e-05
0.862706	1.1467e-06	1.46672e-05	0.438593
0.90953	1.15347e-06	1.54929e-05	0.463283
0.869275	2.09922e-07	3.01395e-06	0.0901262
0.998411	2.1418e-07	3.49799e-06	0.1046
0.986509	1.17396e-06	1.69881e-05	0.507996
0.795084	1.18085e-06	1.39692e-05	0.41772
0.86269	1.18778e-06	1.51563e-05	0.453218
0.995338	7.569e-05	0.000790553	23.6399
0.410094	0.286415	0.369013	11034.6
0.618738	0.000361627	0.00210438	62.9274
0.810839	0.223025	0.490098	14655.4
0.977097	1	0.999736	29895.1
0.953782	1	0.998915	29870.6
0.993113	0.75356	0.965291	28865.1
0.975892	1	0.999707	29894.2
0.000271555	1.58041e-11	1.46269e-13	4.3739e-09
6.19933e-05	1.59295e-11	3.51077e-14	1.04983e-09
0.00223279	1.71839e-11	1.22362e-12	3.65898e-08
0.194283	0.168998	0.145003	4336.01
0.596308	0.274971	0.460434	13768.4
0.575831	0.405698	0.573308	17143.6
0.270862	0.636722	0.475581	14221.3
0.581974	0.732246	0.789639	23612.6
0.270913	1	0.624714	18680.8
0.761456	1	0.96897	28975.1
0.998436	0.72497	0.957773	28640.3
0.999993	1	1	29903
0.999973	1	1	29903
0.986264	1	0.999905	29900.2
0.552089	1	0.880055	26316.3
0.852052	0.604	0.856509	25612.2
1	0.265518	0.617614	18468.5
0.992217	1	0.99997	29902.1
0.913428	1	0.99614	29787.6
0.287913	0.0185259	0.0332496	994.263
0.921034	0.6488	0.905248	27069.6
0.833261	1	0.985255	29462.1
0.951222	0.348197	0.697201	20848.4
0.856212	0.215562	0.496438	14845
0.92269	0.215476	0.519982	15549
0.908151	0.435594	0.762447	22799.4
0.679243	0.324876	0.554121	16569.9
0.95024	0.857875	0.98176	29357.6
0.450333	0.503336	0.563105	16838.5
0.342569	1	0.709557	21217.9
0.274868	0.503415	0.412047	12321.4
0.957431	0.792889	0.968334	28956.1
0.574032	0.47727	0.628687	18799.6
0.758116	0.484498	0.735184	21984.2
0.991616	1	0.999965	29901.9
0.979962	0.20215	0.518819	15514.2
0.993821	0.0595817	0.226587	6775.62
0.104316	0.775186	0.284236	8499.52
0.216648	0.127988	0.127142	3801.94
0.00187613	0.128299	0.00224626	67.1698
0.0953661	0.0914217	0.0500644	1497.08
0.450334	0.147424	0.246453	7369.7
0.3429	0.0376816	0.0691133	2066.69
0.451484	0.000722724	0.00294573	88.086
0.961724	0.0234456	0.108053	3231.12
0.939615	1	0.998139	29847.3
0.592975	1	0.902865	26998.4
0.435928	1	0.797869	23858.7
0.300881	1	0.662252	19803.3
0.118406	1	0.371041	11095.2
0.58224	0.752171	0.799538	23908.6
0.402828	0.773093	0.67473	20176.5
0.394458	1	0.761399	22768.1
0.766935	0.789106	0.909126	27185.6
0.423649	0.449334	0.506137	15135
0.585287	0.879959	0.856767	25619.9
0.567833	0.880316	0.846485	25312.4
0.625959	0.880355	0.879447	26298.1
0.838901	0.642489	0.872114	26078.8
0.709789	0.104074	0.266335	7964.23
0.100918	1	0.332368	9938.79
0.000364325	0.74971	0.00251438	75.1876
0.465271	0.766479	0.724326	21659.5
0.447091	0.630024	0.638561	19094.9
0.98561	0.0476244	0.190521	5697.15
0.611299	0.164674	0.331788	9921.44
0.941094	0.399694	0.743937	22245.9
0.589452	1	0.901014	26943
0.665723	0.476953	0.681782	20387.3
0.999994	0.0031643	0.0213773	639.247
0.838204	1	0.986142	29488.6
0.824934	1	0.983694	29415.4
0.713622	5.10262e-05	0.00040858	12.2178
0.999999	0.303088	0.664894	19882.3
0.659044	1	0.933842	27924.7
0.999994	0.288676	0.64734	19357.4
0.999983	0.287849	0.646307	19326.5
0.371255	1	0.739119	22101.9
0.604723	1	0.90889	27178.5
1	0.488131	0.838205	25064.8
0.761647	1	0.969022	28976.7
1	0.0240141	0.113566	3395.95
0.415773	1	0.780662	23344.1
0.646098	0.1525	0.326862	9774.15
0.501687	1	0.84774	25350
0.943466	8.52429e-11	1.94977e-09	5.8304e-05
0.999996	8.69213e-06	0.000109982	3.28879
0.287419	0.702783	0.525085	15701.6
0.810949	1	0.980883	29331.4
0.896113	0.703997	0.92148	27555
0.951999	0.35084	0.700269	20940.1
0.622326	0.745204	0.820108	24523.7
0.329395	0.189547	0.235609	7045.42
0.113021	0.501591	0.2194	6560.7
0.98932	1	0.999943	29901.3
0.436577	1	0.798408	23874.8
0.998256	0.50121	0.846807	25322.1
0.650434	0.0231902	0.0783468	2342.8
1	0.595483	0.904171	27037.4
1	3.01146e-13	8.98354e-12	2.68635e-07
0.999997	3.76559e-18	1.54843e-16	4.63027e-12
0.463737	1	0.82009	24523.1
0.286962	1	0.645206	19293.6
0.19649	0.788647	0.443899	13273.9
0.214483	1	0.544686	16287.7
0.970232	1	0.999552	29889.6
0.999959	0.788542	0.975868	29181.4
0.987304	1	0.999919	29900.6
0.999999	0.21517	0.545741	16319.3
0.540234	1	0.872885	26101.9
0.949645	1	0.99871	29864.4
0.297398	1	0.658047	19677.6
0.949426	1	0.998699	29864.1
0.90208	0.564471	0.852865	25503.2
0.951565	0.527518	0.847933	25355.8
0.916095	0.364439	0.700116	20935.6
0.874576	0.830667	0.958623	28665.7
0.895662	0.0273401	0.115326	3448.6
0.983935	0.000846867	0.00674122	201.583
0.916549	1	0.996417	29795.9
0.953304	1	0.998892	29869.9
1	0.606771	0.909916	27209.2
0.444803	1	0.805148	24076.3
0.0246693	0.343517	0.0489029	1462.34
0.00073963	0.423638	0.0028414	84.9663
0.108748	0.548625	0.227852	6813.46
0.578619	0.647323	0.742373	22199.2
0.21422	0.209799	0.184373	5513.3
0.204488	0.179523	0.158027	4725.49
0.184059	0.00100222	0.00177053	52.944
0.999999	1	1	29903
0.997594	1	0.999997	29902.9
1	6.3927e-08	1.12291e-06	0.0335784
0.999758	0	0	0
0.857183	1	0.989278	29582.4
0.562193	1	0.885966	26493
0.415885	1	0.78076	23347.1
0.412028	0.40462	0.46538	13916.3
0.779553	0.00758593	0.0362535	1084.09
0.865641	1	0.99054	29620.1
0.724079	1	0.957851	28642.6
0.0239512	4.90219e-62	1.71309e-61	5.12265e-57
0.989625	1.62105e-59	2.18784e-57	6.54231e-53
0.966311	9.81871e-63	1.36449e-60	4.08022e-56
0.598204	8.6631e-65	7.7228e-63	2.30935e-58
0.966872	4.69837e-72	7.50787e-70	2.24508e-65
1	1.22915e-60	1.70789e-58	5.10712e-54
0.982795	5.27365e-72	8.55912e-70	2.55943e-65
0.997589	1.12033e-68	1.75988e-66	5.26255e-62
0.999992	6.90859e-113	1.7911e-110	5.35594e-106
1	1.2747e-114	3.35567e-112	1.00345e-107
6.11559e-19	0	0	0
0.0892636	6.99863e-06	9.5495e-06	0.285559
0.642814	1	0.926873	27716.3
0.600519	1	0.90676	27114.9
0.739893	1	0.962786	28790.2
0.998153	1	0.999998	29902.9
0.999969	1	1	29903
0.999984	1	1	29903
0.999944	1	1	29903
0.999992	1	1	29903
0.999999	1	1	29903
0.765758	1	0.970131	29009.8
0.764718	1	0.969852	29001.5
0.75349	1	0.966757	28908.9
0.67522	1	0.94039	28120.5
0.706819	0.784097	0.881314	26353.9
0.999998	1	1	29903
0.047419	0.00377337	0.00172282	51.5176
0.5529	0.003327	0.0134251	401.452
0.99827	0.00843812	0.0486604	1455.09
0.999994	0.00555674	0.0344113	1029
0.816646	0.692764	0.887999	26553.8
0.589359	1	0.900965	26941.5
0.347945	1	0.715275	21388.9
0.370738	1	0.738606	22086.5
0.697066	1	0.94862	28366.6
0.271902	1	0.626003	18719.4
0.149235	1	0.433115	12951.4
0.261788	1	0.612641	18319.8
0.247847	0.156955	0.165202	4940.03
0.976641	1	0.999725	29894.8
0.900667	0.0207148	0.0929409	2779.21
5.02456e-05	2.47505e-05	2.6744e-08	0.000799725
0.809404	0.441982	0.725481	21694.1
0.953629	1	0.998908	29870.3
0.585557	0.0590232	0.150861	4511.2
0.994713	0.230196	0.566522	16940.7
1	7.84389e-09	1.54239e-07	0.0046122
0.760886	1	0.968815	28970.5
0.794643	0.137098	0.350464	10479.9
0.715819	1	0.955137	28561.5
0.999997	1	1	29903
0.999988	1	1	29903
0.990586	1	0.999956	29901.7
0.979218	0.814463	0.977962	29244
0.904107	1	0.995248	29760.9
0.545519	0.155459	0.294055	8793.13
0.049801	3.50955e-06	2.8943e-06	0.0865482
0.779524	0.345429	0.622564	18616.5
0.655427	0.191594	0.386126	11546.3
0.999924	0.588724	0.900605	26930.8
0.993866	8.37586e-07	1.24858e-05	0.373363
0.938982	1	0.998099	29846.2
0.989188	0.298187	0.655085	19589
0.544304	1	0.875375	26176.3
1	3.88228e-15	1.32705e-13	3.96829e-09
0.711572	0.283012	0.52411	15672.5
0.510141	0.132916	0.250279	7484.1
0.979057	0.00237884	0.0164483	491.852
0.999997	0.0398323	0.168215	5030.12
0.354543	1	0.722178	21595.3
0.867744	1	0.990841	29629.1
0.904299	0.45957	0.7805	23339.3
0.0770139	0.832484	0.240238	7183.83
0.160907	0.838988	0.405334	12120.7
0.204964	0.859541	0.482064	14415.2
0.316484	1	0.680593	20351.8
0.341458	1	0.708365	21182.2
0.484371	1	0.835494	24983.8
0.434593	1	0.796759	23825.5
0.541721	1	0.873798	26129.2
0.628389	1	0.920336	27520.8
0.340787	1	0.707644	21160.7
0.486266	1	0.836864	25024.7
0.747229	1	0.964959	28855.2
0.942887	0.746283	0.950968	28436.8
0.993277	1	0.999977	29902.3
0.682685	0.782488	0.869131	25989.6
0.872834	0.434521	0.74697	22336.6
0.637788	1	0.924633	27649.3
0.999832	1	1	29903
0.84875	0.153724	0.396193	11847.4
0.66429	0.15248	0.333223	9964.36
0.791818	0.162661	0.39277	11745
0.811129	0.00548233	0.0285291	853.107
0.796299	0.1732	0.411148	12294.6
0.999982	0.152591	0.439457	13141.1
0.779217	0.000604253	0.00407797	121.944
0.988196	2.19256e-13	6.53479e-12	1.9541e-07
0.970348	0.782391	0.96835	28956.6
0.916021	0.69156	0.922682	27591
0.158087	0.173001	0.125781	3761.23
0.994453	0.315489	0.677423	20257
0.589463	0.740565	0.798374	23873.8
0.836237	7.79412e-09	1.29369e-07	0.00386852
0.698561	1.85634e-07	2.18612e-06	0.0653716
0.305576	1.78051e-07	9.64479e-07	0.0288408
0.679631	0.0130508	0.0507801	1518.48
0.253154	1	0.600926	17969.5
1	0.0485622	0.195459	5844.8
0.606932	0.0205527	0.0671618	2008.34
0.995793	0.0129123	0.0688388	2058.49
0.971901	0.0128959	0.0674222	2016.13
1	8.37974e-07	1.25631e-05	0.375676
0.0557714	0.0195108	0.00851288	254.561
0.380487	1	0.748153	22372
0.463461	1	0.819878	24516.8
0.588217	1	0.90036	26923.5
0.922956	2.04679e-08	3.54859e-07	0.0106113
0.19755	2.74058e-10	1.33398e-09	3.989e-05
0.909546	3.80761e-13	1.02827e-11	3.07485e-07
0.210409	2.14343e-07	8.07934e-07	0.0241596
0.953372	0.000834761	0.00647503	193.623
0.713277	3.25758e-22	1.18069e-20	3.53061e-16
0.0896582	3.06e-22	1.45271e-21	4.34405e-17
0.900714	2.69856e-21	1.17803e-19	3.52267e-15
0.592945	3.52035e-22	1.06291e-20	3.17842e-16
0.618319	2.74743e-21	8.29423e-20	2.48022e-15
0.802399	0.603377	0.835333	24978.9
0.624723	0.381351	0.579988	17343.4
0.526186	0.622888	0.693362	20733.6
0.818171	0.16167	0.399848	11956.6
0.858513	1	0.989482	29588.5
0.541651	0.675026	0.733502	21933.9
0.566993	0.552549	0.676904	20241.5
0.630579	1	0.921349	27551.1
0.992939	0.270183	0.621256	18577.4
0.99999	1.0738e-07	1.83048e-06	0.054737
0.446306	0.481042	0.545007	16297.3
0.361573	8.6664e-56	4.03608e-54	1.20691e-49
0.74765	0.103444	0.275296	8232.17
0.919646	0.00966464	0.0508667	1521.07
0.732936	0.367684	0.62285	18625.1
0.815761	0.36686	0.660312	19745.3
0.998421	1	0.999999	29903
0.99656	1	0.999994	29902.8
0.997751	1	0.999997	29902.9
0.998209	1	0.999998	29903
0.67158	1	0.938951	28077.4
0.874762	0.409728	0.726171	21714.7
0.0476811	1	0.192785	5764.85
0.242244	1	0.585701	17514.2
0.465275	1	0.821269	24558.4
0.422288	1	0.786329	23513.6
0.243499	1	0.587476	17567.3
0.543779	1	0.875056	26166.8
0.82942	1	0.984545	29440.9
0.995932	1	0.999992	29902.8
0.618953	1	0.915881	27387.6
0.816038	1	0.981934	29362.8
0.903322	1	0.995168	29758.5
0.42816	1	0.79135	23663.8
0.118642	1	0.371545	11110.3
0.942206	0.489216	0.817934	24458.7
0.164071	1	0.460623	13774
0.0854942	1	0.295751	8843.83
0.468061	0.0580344	0.125112	3741.24
0.851179	0.410911	0.717184	21446
0.01721	0.00209616	0.000405118	12.1143
0.178766	0.737839	0.399092	11934.1
0.0869126	0.138709	0.0653198	1953.26
0.045559	0.0617283	0.0193309	578.052
0.172692	0.0287052	0.0312644	934.9
0.189274	0.11107	0.102215	3056.55
0.000561534	0.336861	0.0018108	54.1484
4.68304e-09	0.231661	2.34788e-08	0.000702086
0.00394487	0.233849	0.00736935	220.366
0.000914517	0.339767	0.00282031	84.3357
0.0334291	0.244281	0.0474267	1418.2
0.108637	0.241917	0.121916	3645.64
0.128183	0.49344	0.237863	7112.82
0.150324	0.378493	0.219992	6578.43
0.0860862	0.000240586	0.000244078	7.29866
0.528144	0.498624	0.614724	18382.1
0.850665	0.418214	0.723438	21633
0.0443227	0.000287127	0.000156175	4.67009
0.468315	1	0.823585	24627.7
0.389687	2.29277e-05	0.000112805	3.3732
0.531662	0.000130275	0.000732628	21.9078
0.952641	0.000434185	0.00363597	108.727
0.722193	0.000435985	0.00285374	85.3353
0.941497	0.000435985	0.00361147	107.994
0.437729	0.00700345	0.0208079	622.218
0.825625	0.0121973	0.0563755	1685.8
0.932739	0.0253415	0.112156	3353.8
0.880649	0.025493	0.107682	3220.01
0.880649	0.025493	0.107682	3220.01
0.982548	0.02554	0.117569	3515.68
0.728402	0.02554	0.0927268	2772.81
0.480554	0.02554	0.06628	1981.97
0.92626	0.02554	0.11223	3356.01
0.92626	0.02554	0.11223	3356.01
0.480554	0.02554	0.06628	1981.97
0.480554	0.02554	0.06628	1981.97
0.800659	0.00373997	0.0203951	609.876
0.58073	0.660938	0.751365	22468.1
0.999982	0.0740723	0.266858	7979.85
0.919693	0.299729	0.63087	18864.9
0.881551	0.299118	0.615181	18395.8
0.597377	1	0.90515	27066.7
0.99999	0.00157827	0.0117603	351.667
0.960979	0.0242387	0.110865	3315.19
0.996027	1	0.999992	29902.8
0.208247	0.104695	0.105213	3146.19
0.999998	6.34934e-05	0.000677129	20.2482
0.70918	2.89366e-05	0.000242029	7.23739
0.50137	0.0030728	0.011517	344.391
0.999836	5.51674e-19	2.3741e-17	7.09926e-13
0.557129	1	0.883026	26405.1
0.710286	0.000152547	0.00109762	32.8221
0.895373	0.0288179	0.120171	3593.46
0.823068	0.481563	0.763163	22820.9
0.413188	0.233965	0.322538	9644.86
0.959348	3.57427e-05	0.000386811	11.5668
0.0319702	0.00447977	0.00141087	42.1892
0.0241267	0.00446489	0.00109188	32.6504
0.954331	1	0.998941	29871.3
0.945204	1	0.998471	29857.3
0.917297	1	0.996482	29797.8
0.900963	1	0.994925	29751.3
0.951921	1	0.998825	29867.9
0.951286	1	0.998794	29866.9
0.953756	1	0.998914	29870.5
0.0152171	1	0.0789058	2359.52
0.0630831	1	0.237401	7098.99
0.32388	0.831958	0.622805	18623.8
1	0.0352216	0.153076	4577.44
0.970626	1	0.999564	29890
0.437914	2.55376e-10	2.67437e-09	7.99716e-05
0.21654	1	0.547842	16382.1
0.82833	0.273834	0.563337	16845.5
0.16668	1	0.465317	13914.4
0.618936	1	0.915872	27387.3
0.999995	0.741793	0.963354	28807.2
0.999996	0.269728	0.623162	18634.4
0.995341	1	0.999989	29902.7
0.999986	0.200007	0.521894	15606.2
0.888321	0.643842	0.891494	26658.4
0.999993	0.269907	0.623396	18641.4
0.994496	0.643633	0.925664	27680.1
0.986853	0.269633	0.61837	18491.1
0.942296	0.142333	0.40357	12068
0.260665	0.143703	0.160492	4799.18
0.0423828	0.7528	0.14182	4240.85
0.0938527	0.216178	0.0993684	2971.41
0.326635	0.273083	0.304781	9113.87
0.0700059	0.0774382	0.0337056	1007.9
0.900209	0.753255	0.94151	28154
0.828368	0.00358219	0.0202377	605.168
0.802315	0.00353779	0.0194844	582.641
0.938495	0.0035681	0.0224332	670.82
0.999975	0.000963405	0.00765412	228.881
0.99996	0.000964592	0.00766227	229.125
0.99996	0.00100784	0.00796161	238.076
0.993805	0.00102215	0.00801689	239.729
0.857234	0.00112783	0.00767796	229.594
0.964266	0.00110974	0.00838948	250.871
0.999997	0.480116	0.832389	24890.9
0.476047	1	0.829387	24801.2
0.74262	1	0.963602	28814.6
0.999998	0.892821	0.994039	29724.8
0.791113	1	0.976482	29199.8
0.690464	1	0.946206	28294.4
0.938907	1	0.998095	29846
0.0276419	1.24662e-06	6.26584e-07	0.0187368
0.386108	1	0.753543	22533.2
0.122588	1	0.379891	11359.9
0.993637	1	0.99998	29902.4
0.863861	1	0.990281	29612.4
0.398937	1	0.765541	22892
0.819817	1	0.982694	29385.5
0.872173	1	0.991458	29647.6
0.996609	1	0.999994	29902.8
0.154964	1	0.443903	13274
0.0103644	1	0.0577231	1726.09
0.0150723	0.309718	0.0297221	888.78
0.000220346	1	0.00207573	62.0705
0.645017	1	0.927843	27745.3
0.443936	1	0.804445	24055.3
0.729868	1	0.959697	28697.8
0.619287	1	0.916041	27392.4
0.824423	1	0.983596	29412.5
0.81767	1	0.982264	29372.6
0.0318461	0.0167468	0.00455263	136.137
0.0120471	0.00788865	0.000975184	29.1609
0.0128776	0.0133696	0.00166436	49.7694
0.537895	0.00575566	0.0209833	627.462
0.160559	0.00153567	0.002295	68.6275
0.131683	3.41661e-06	7.02499e-06	0.210068
0.957913	3.28975e-15	1.08376e-13	3.24077e-09
0.060081	7.16009e-22	2.25849e-21	6.75356e-17
0.846781	1	0.987612	29532.6
0.680888	1	0.942592	28186.3
0.602639	1	0.907837	27147.1
0.550257	1	0.878964	26283.7
0.652549	1	0.931102	27842.7
0.661815	1	0.934992	27959.1
0.77778	1	0.973245	29102.9
0.849788	1	0.988107	29547.3
0.754804	1	0.967128	28920
0.744668	1	0.964209	28832.7
0.828598	0.299749	0.59431	17771.7
0.531242	0.0463389	0.115807	3462.97
0.617695	0.0199551	0.0665123	1988.92
0.316848	0.263366	0.290692	8692.55
0.862195	0.632705	0.876111	26198.3
0.785461	1	0.975138	29159.5
0.76142	1	0.96896	28974.8
0.261033	0.487501	0.389596	11650.1
0.394619	1	0.761549	22772.6
0.895006	1	0.994284	29732.1
0.7323	1	0.960459	28720.6
0.7646	1	0.96982	29000.5
0.789566	1	0.976118	29188.9
0.0211094	1	0.10255	3066.56
0.0901667	1	0.307116	9183.7
0.151942	1	0.43824	13104.7
0.583809	1	0.898004	26853
0.818655	0.192274	0.448438	13409.7
0.738521	1	0.962371	28777.8
0.995172	1	0.999988	29902.7
0.546787	1	0.87688	26221.3
0.950495	1	0.998754	29865.7
0.968619	1	0.999502	29888.1
0.963693	1	0.999333	29883
0.947441	1	0.998594	29861
0.927574	1	0.997312	29822.6
0.94349	1	0.998372	29854.3
0.938921	1	0.998095	29846
0.942028	1	0.998286	29851.8
0.97038	1	0.999557	29889.8
0.965896	1	0.999412	29885.4
0.95837	1	0.999121	29876.7
0.985534	1	0.999895	29899.9
0.969513	1	0.99953	29889
0.969564	1	0.999532	29889
0.96067	1	0.999216	29879.6
0.947297	1	0.998586	29860.7
0.996737	0.169271	0.468958	14023.2
0.00032848	0.18816	0.000660807	19.7601
0.879781	0.00949271	0.0483161	1444.8
0.975868	1	0.999706	29894.2
0.969038	0.174707	0.469988	14054
0.924959	1	0.997111	29816.6
0.535098	1	0.869698	26006.6
0.876293	1	0.992012	29664.1
0.468489	1	0.823718	24631.6
0.859701	1	0.989663	29593.9
0.880137	1	0.992511	29679.1
0.829219	1	0.984508	29439.7
0.953254	1	0.99889	29869.8
0.763877	1	0.969626	28994.7
0.291529	1	0.650872	19463
0.763692	1	0.969576	28993.2
0.8448	1	0.98728	29522.6
0.731551	1	0.960225	28713.6
0.5427	1	0.874398	26147.1
0.579945	1	0.895912	26790.5
0.365829	1	0.733702	21939.9
0.684742	1	0.944063	28230.3
0.342103	1	0.709057	21202.9
0.992499	0.788592	0.97446	29139.3
0.969342	0.0156441	0.0786856	2352.94
0.887254	0.0198087	0.0886018	2649.46
0.889663	1	0.993676	29713.9
0.989434	0.0656626	0.242584	7253.98
0.986502	0.453347	0.807106	24134.9
0.999997	0.00831823	0.0481567	1440.03
0.999972	0.0402305	0.169493	5068.34
0.999997	0.0711951	0.259316	7754.31
0.999996	0.178471	0.486033	14533.9
0.999996	0.178341	0.48581	14527.2
0.825456	0.178441	0.429412	12840.7
0.999967	0.130476	0.39619	11847.3
0.77653	0.130614	0.333531	9973.57
0.995311	0.13039	0.394776	11805
0.958155	0.0882739	0.293498	8776.47
0.977015	0.0883285	0.297724	8902.85
0.960851	0.0883845	0.294347	8801.87
0.998613	0.0611719	0.231853	6933.1
0.997584	0.0195573	0.0963176	2880.19
0.998776	1	0.999999	29903
0.589251	3.05177e-07	2.97275e-06	0.0888942
0.967595	1.49397e-09	3.08696e-08	0.000923094
0.0221796	0.507043	0.0617153	1845.47
0.0105235	0.50773	0.033298	995.71
0.000217842	0.0164991	4.86516e-05	1.45483
0.00162772	5.82656e-06	1.84688e-07	0.00552273
0.0189503	5.83967e-06	1.88314e-06	0.0563114
0.000502376	4.99185e-05	4.63972e-07	0.0138742
0.00364239	3.88378e-05	2.3725e-06	0.0709449
0.0134273	0.00255561	0.000387069	11.5745
0.0361124	0.00253207	0.000941808	28.1629
0.0108553	0.00408281	0.000488588	14.6102
0.0704865	0.00367074	0.00239583	71.6425
0.999988	0.790001	0.976219	29191.9
0.0707037	0.201239	0.0747347	2234.79
0.992706	0.737605	0.960435	28719.9
0.989701	1	0.999947	29901.4
0.0497439	0.00152143	0.000793827	23.7378
0.513597	0.027162	0.0735497	2199.36
0.997369	0.0661983	0.24546	7340
0.405173	0.000793223	0.0029063	86.9071
0.698186	0.000792524	0.00470305	140.635
0.404958	0.000792524	0.00290265	86.7981
0.404958	0.000792524	0.00290265	86.7981
0.572093	3.6268e-07	3.40033e-06	0.10168
0.632762	3.59689e-07	3.70885e-06	0.110906
0.598998	3.58203e-07	3.5091e-06	0.104933
0.571117	3.55855e-07	3.33486e-06	0.0997223
0.651475	1.47739e-07	1.65127e-06	0.0493778
0.664948	3.60434e-07	3.8932e-06	0.116418
0.716307	3.61181e-07	4.1828e-06	0.125078
0.784487	0.000311847	0.002279	68.1489
0.995678	0.00832956	0.0480386	1436.5
0.989902	0.209247	0.533243	15945.6
0.456198	0.394447	0.488571	14609.7
0.987362	0.766498	0.96769	28936.8
0.625428	0.324894	0.527009	15759.2
0.604549	1	0.908802	27175.9
0.995659	0.462816	0.817829	24455.5
0.992156	0.462477	0.816308	24410.1
0.995067	0.462444	0.81733	24440.6
0.989994	0.462901	0.815856	24396.5
0.983201	0.463223	0.813641	24330.3
0.976482	0.462855	0.810897	24248.3
0.979114	0.463448	0.812322	24290.9
0.987857	0.464394	0.816235	24407.9
0.981897	0.464251	0.813959	24339.8
0.992526	0.463596	0.817305	24439.9
0.505481	0.302457	0.440016	13157.8
0.994427	0.555536	0.880264	26322.5
0.988614	0.279922	0.632254	18906.3
0.927793	0.742014	0.945452	28271.8
0.801295	0.725042	0.896471	26807.2
1	0.726787	0.95872	28668.6
0.745517	0.435389	0.689816	20627.6
0.982334	1	0.999843	29898.3
0.490067	0.00695721	0.0227795	681.175
0.9173	0.753769	0.946564	28305.1
0.623709	1	0.918144	27455.3
0.236046	0.311024	0.26515	7928.78
0.215426	0.186373	0.169236	5060.67
0.88796	1.20252e-07	1.82085e-06	0.054449
0.997957	1	0.999998	29902.9
0.938663	1	0.998079	29845.6
0.968356	1	0.999494	29887.9
0.966522	1	0.999433	29886.1
0.468477	1	0.823708	24631.3
0.808418	0.773374	0.91885	27476.4
1	1	1	29903
0.0373774	0.00780394	0.002666	79.7214
0.993735	2.59157e-05	0.000297888	8.90773
0.999978	3.12843e-11	7.8797e-10	2.35627e-05
0.780274	0.620256	0.835203	24975.1
0.880938	1.13551e-09	2.17297e-08	0.000649785
1	2.56089e-09	5.32227e-08	0.00159152
0.948347	1.14606e-09	2.35198e-08	0.000703312
0.959079	5.70269e-23	2.85829e-21	8.54713e-17
0.993633	7.03547e-22	3.47522e-20	1.0392e-15
0.94809	0.17009	0.455518	13621.4
0.99904	0.000116081	0.0011669	34.8939
0.0214421	1	0.103831	3104.86
0.958632	1	0.999132	29877.1
0.877997	0.145432	0.390493	11676.9
0.999999	0.237758	0.579297	17322.7
0.791425	0.222239	0.48156	14400.1
0.965094	5.65563e-19	2.34987e-17	7.02682e-13
0.0702582	0.405841	0.129947	3885.81
0.597227	0.00914089	0.033904	1013.83
0.526182	0.000162632	0.000887068	26.526
0.91125	0.696496	0.923228	27607.3
0.994156	0.377257	0.742862	22213.8
0.707018	0.0709514	0.200277	5988.89
0.999997	0.000264086	0.00243995	72.9617
0.488998	1	0.838825	25083.4
0.810105	1	0.980706	29326.1
0.904897	1	0.995327	29763.3
0.450579	4.58777e-08	3.86444e-07	0.0115558
0.528058	7.4199e-09	7.97641e-08	0.00238518
0.599196	7.74691e-09	9.37117e-08	0.00280226
0.999998	0.243617	0.587642	17572.3
0.219908	0.902078	0.519264	15527.6
0.5712	1	0.891081	26646
0.783374	0.751761	0.900727	26934.5
0.459018	3.10675e-12	4.03233e-11	1.20579e-06
0.339434	5.11075e-06	2.47458e-05	0.739973
0.545301	0.000128942	0.00074268	22.2084
0.269793	1.70101e-08	9.26998e-08	0.002772
0.535475	3.69759e-06	2.79817e-05	0.836738
0.906539	0.0367894	0.146767	4388.76
0.888949	1	0.993592	29711.4
0.764297	0.0464312	0.153964	4604
0.800311	0.00707588	0.0349617	1045.46
0.956898	6.44375e-12	1.65323e-10	4.94365e-06
0.725756	0.0819111	0.227248	6795.38
0.76813	0.411234	0.679899	20331
0.73601	0.00382081	0.0193302	578.031
0.851586	1	0.988397	29556
0.706227	0.870493	0.913858	27327.1
0.999999	0.0467122	0.189827	5676.38
0.214369	0.274462	0.225519	6743.69
0.256991	0.400705	0.33707	10079.4
0.0766503	0.426651	0.144556	4322.67
0.0425007	0.434012	0.0920984	2754.02
0.934147	1	0.997782	29836.7
0.994436	0.343216	0.708202	21177.4
0.999998	0.838187	0.986139	29488.5
0.93923	0.889451	0.985642	29473.7
1	1	1	29903
0.278429	1	0.634427	18971.3
0.22561	0.676425	0.439493	13142.2
1	0.647185	0.92879	27773.6
0.952008	1	0.998829	29868
1	0.449788	0.809159	24196.3
0.996541	0.81908	0.981976	29364
0.913418	0.685986	0.919499	27495.8
0.864168	0.685986	0.902778	26995.8
0.999962	0.251751	0.598982	17911.3
0.999866	1	1	29903
0.695394	1	0.948014	28348.5
0.999933	1	1	29903
0.991339	1	0.999962	29901.9
0.133821	0.00109572	0.00144102	43.091
0.999977	2.2949e-25	1.32491e-23	3.96187e-19
0.496421	0.321404	0.452391	13527.8
0.421134	6.96751e-06	4.03139e-05	1.20551
0.430611	0.000988687	0.0037302	111.544
0.441985	4.38392e-15	6.75793e-14	2.02082e-09
0.95948	0.0327179	0.140047	4187.82
0.712805	0.00850134	0.0370016	1106.46
0.567349	7.26574e-10	9.3201e-09	0.000278699
0.927595	0.0327195	0.136423	4079.47
0.653347	1.75177e-08	2.20728e-07	0.00660044
0.0372966	2.25999e-07	1.65138e-07	0.00493811
1	0.295116	0.655272	19594.6
0.968133	0.00433951	0.0271919	813.119
0.647723	9.14991e-09	1.18199e-07	0.00353451
0.998559	0.0129029	0.0689536	2061.92
0.999953	3.90638e-61	5.4724e-59	1.63641e-54
0.867816	0.0638676	0.215755	6451.73
0.514133	1	0.856172	25602.1
0.693947	1	0.947487	28332.7
0.603033	0.557466	0.702642	21011.1
0.478267	1	0.83103	24850.3
0.750207	1	0.965821	28880.9
0.889529	1	0.99366	29713.4
0.623105	1	0.917859	27446.7
0.612542	0.0308439	0.0938794	2807.28
0.450543	9.87743e-12	1.2077e-10	3.61139e-06
0.0880705	4.05901e-11	9.7796e-11	2.92439e-06
0.0369321	9.96361e-12	1.09034e-11	3.26045e-07
0.0146979	5.03963e-11	2.14299e-11	6.40817e-07
0.0167155	2.29501e-11	1.1351e-11	3.3943e-07
0.146143	2.65354e-12	1.14704e-11	3.42999e-07
0.312237	4.70851e-13	4.49111e-12	1.34298e-07
0.184041	1.53918e-15	1.04244e-14	3.11722e-10
0.106164	1.52942e-15	6.0656e-15	1.8138e-10
0.0316405	1.55608e-15	1.89801e-15	5.67562e-11
0.0240847	7.82846e-16	7.44942e-16	2.2276e-11
0.224695	1.56019e-15	1.28262e-14	3.83542e-10
0.444825	1	0.805167	24076.9
0.323328	1.53282e-10	1.22552e-09	3.66468e-05
0.0837058	2.29285e-14	6.69565e-14	2.0022e-09
0.984597	1	0.999881	29899.4
0.98533	1	0.999892	29899.8
0.999985	9.55739e-05	0.000980156	29.3096
0.999999	0.00129925	0.00993405	297.058
0.527289	0.820112	0.794956	23771.6
0.663662	0.278522	0.496906	14859
0.909492	0.00114345	0.008183	244.696
0.714566	0.194275	0.412935	12348
0.778423	0.782002	0.910891	27238.4
1	0.38262	0.750208	22433.5
0.854815	4.49626e-06	5.17682e-05	1.54802
0.973841	0.000420992	0.00360758	107.877
0.470934	8.01601e-16	1.37837e-14	4.12174e-10
0.918643	1.40125e-11	3.35662e-10	1.00373e-05
0.999993	1	1	29903
0.780864	1	0.974014	29125.9
0.96399	1	0.999344	29883.4
0.980471	1	0.999808	29897.3
0.773406	1	0.972134	29069.7
0.99999	1	1	29903
0.968575	1	0.999501	29888.1
0.908239	1	0.995655	29773.1
0.0145874	1	0.0762571	2280.32
0.943139	1	0.998352	29853.7
0.961701	1	0.999257	29880.8
0.976994	1	0.999733	29895
0.987497	1	0.999922	29900.7
0.768989	1	0.970986	29035.4
0.923624	0.00575274	0.0331423	991.054
0.926372	1	0.99722	29819.9
0.828839	0.259069	0.545059	16298.9
0.999997	0.716734	0.955442	28570.6
0.755862	1	0.967425	28928.9
0.993547	0.0118182	0.06393	1911.7
0.828663	1	0.984403	29436.6
1	0.279208	0.635421	19001
0.976105	0.103376	0.332341	9937.98
0.617607	0.543546	0.702127	20995.7
0.153593	0.026272	0.02628	785.85
0.819541	0.00131951	0.00846678	253.182
1	1.69084e-06	2.41626e-05	0.722535
0.998245	0.00981577	0.0551219	1648.31
0.99421	0.338599	0.703152	21026.4
0.681025	1	0.942645	28187.9
0.553289	1	0.880767	26337.6
0.650903	1	0.930397	27821.7
0.820045	1	0.982739	29386.8
0.567255	1	0.888858	26579.5
0.586949	1	0.899685	26903.3
0.648963	1	0.929561	27796.7
0.620009	1	0.916386	27402.7
0.619139	1	0.91597	27390.2
0.56599	1	0.888139	26558
0.789373	1	0.976073	29187.5
0.530093	1	0.866545	25912.3
0.999981	1	1	29903
0.33673	1	0.703252	21029.3
0.69921	1	0.94939	28389.6
0.740228	1	0.962886	28793.2
0.902922	1	0.995128	29757.3
0.785075	1	0.975044	29156.8
0.0014432	1	0.010883	325.434
0.36722	1	0.735099	21981.7
0.635891	0.140687	0.305417	9132.87
0.999782	0.120502	0.37544	11226.8
0.860775	0.0381035	0.144883	4332.44
0.999994	0.038074	0.162508	4859.47
0.999985	8.50053e-06	0.000107746	3.22193
0.988819	0.227762	0.560944	16773.9
0.90311	6.46027e-12	1.56753e-10	4.68738e-06
0.864508	0.0185957	0.0824773	2466.32
0.442983	2.38398e-05	0.000131568	3.93428
0.999998	5.16442e-08	9.18175e-07	0.0274562
0.975071	5.16823e-08	8.97183e-07	0.0268285
1	3.36829e-08	6.1324e-07	0.0183377
0.999999	2.38061e-10	5.51312e-09	0.000164859
1	2.84232e-06	3.91412e-05	1.17044
0.91936	3.89067e-07	5.66713e-06	0.169464
0.880066	0.673093	0.902547	26988.9
0.779825	1.17123e-05	0.000115115	3.44229
0.860934	4.384e-06	5.09055e-05	1.52223
0.999999	1	1	29903
0.948476	1	0.998649	29862.6
0.532821	1	0.868269	25963.8
0.237129	1	0.578394	17295.7
0.501841	1	0.847846	25353.2
1	1	1	29903
0.265227	1	0.617228	18457
8.10146e-05	0.859151	0.000735899	22.0056
0.0559808	1	0.217359	6499.7
0.455518	1	0.813701	24332.1
0.478309	1	0.831061	24851.2
0.99249	9.4604e-35	7.45054e-33	2.22793e-28
0.958665	0.427267	0.775204	23180.9
0.740708	0.772441	0.891614	26661.9
0.865958	0.792446	0.944623	28247.1
0.487954	0.806855	0.760702	22747.3
0.616085	1	0.914498	27346.2
0.829981	1	0.98465	29444
0.506008	1	0.850702	25438.5
0.506537	1	0.851062	25449.3
0.913558	0.0458797	0.17487	5229.14
0.642066	0.772287	0.843686	25228.7
0.999984	1.85439e-52	2.2274e-50	6.66061e-46
0.938477	1	0.998067	29845.2
0.302627	1	0.664344	19865.9
0.81666	0.802843	0.932418	27882.1
0.99278	0.0129388	0.0687841	2056.85
0.958609	0.00698549	0.0402196	1202.69
0.67521	1.70925e-08	2.2248e-07	0.00665282
0.868401	1	0.990934	29631.9
0.922042	0.469016	0.79497	23772
0.982064	0.0479406	0.190954	5710.11
0.415778	2.1364e-06	1.32654e-05	0.396675
0.3731	5.94403e-07	3.61968e-06	0.108239
0.505624	0.132097	0.247541	7402.21
0.757964	1	0.968011	28946.4
0.163673	1	0.459902	13752.4
0.989991	0.569858	0.887092	26526.7
0.982654	0.142884	0.416052	12441.2
0.999992	1	1	29903
0.920668	1	0.996767	29806.3
0.813412	1	0.981396	29346.7
0.312617	1	0.67612	20218
0.851577	1	0.988396	29556
0.760487	1	0.968705	28967.2
0.657673	0.334652	0.553247	16543.8
1	4.71916e-13	1.38658e-11	4.1463e-07
0.943587	0.0163308	0.07971	2383.57
0.988377	0.0163355	0.0827641	2474.89
0.768924	1	0.970969	29034.9
0.978818	0.0122004	0.0648172	1938.23
0.860638	3.19438e-17	1.07584e-15	3.21707e-11
0.00267649	0.767545	0.0147661	441.552
0.308966	0.0894602	0.126826	3792.49
0.827978	1	0.984274	29432.8
0.128992	1	0.393168	11756.9
0.833524	0.339348	0.64005	19139.4
0.850304	0.198819	0.469559	14041.2
0.0188747	5.88933e-10	2.9149e-10	8.71642e-06
0.924682	1	0.99709	29816
0.901516	1	0.994983	29753
0.749613	1	0.96565	28875.8
0.902951	1	0.995131	29757.4
0.861901	0.677448	0.898049	26854.4
0.762564	0.677469	0.857816	25651.3
0.950047	0.677444	0.927222	27726.7
0.977892	0.66344	0.929479	27794.2
0.975447	0.647438	0.921793	27564.4
0.964801	1	0.999373	29884.3
0.800841	1	0.978702	29266.1
0.815093	1	0.981741	29357
0.830447	1	0.984737	29446.6
0.922614	1	0.996925	29811.1
0.722952	1	0.957486	28631.7
0.859142	1	0.989578	29591.3
0.983422	0.753851	0.963224	28803.3
0.911396	1	0.995953	29782
0.932151	1	0.997644	29832.6
0.70408	1	0.951116	28441.2
0.851705	5.34034e-06	6.0497e-05	1.80904
0.601629	3.57864e-05	0.000252894	7.56228
0.999999	0.090036	0.306802	9174.29
1	4.83952e-12	1.30929e-10	3.91518e-06
0.269087	0.109372	0.133195	3982.93
0.994229	0.479478	0.82988	24815.9
0.901713	1.21307e-12	3.12198e-11	9.33565e-07
0.99688	1	0.999995	29902.9
0.505161	0.280861	0.41894	12527.6
0.882783	0.383036	0.704781	21075.1
0.542321	1	0.874166	26140.2
0.143306	0.412052	0.226123	6761.76
0.933029	0.0911329	0.294607	8809.63
0.15889	0.0692266	0.0606058	1812.29
0.945647	1	0.998495	29858
0.616227	1	0.914567	27348.3
0.884397	1	0.993045	29695
0.770748	1	0.971446	29049.2
0.948077	1	0.998628	29862
0.990912	4.3957e-25	2.48683e-23	7.43638e-19
0.630062	0.315034	0.519453	15533.2
0.891728	0.739909	0.934156	27934.1
0.66133	0.740407	0.839294	25097.4
0.477256	0.734766	0.718142	21474.6
0.467671	0.735291	0.710953	21259.6
0.230805	0.000296849	0.000725461	21.6934
0.200014	0.00029402	0.000631674	18.8889
0.986625	1	0.99991	29900.3
0.158235	1	0.449969	13455.4
0.553618	1	0.880962	26343.4
0.737908	1	0.962185	28772.2
0.964476	1	0.999361	29883.9
0.0203765	1	0.09971	2981.63
0.584445	1	0.898346	26863.2
0.829571	1	0.984574	29441.7
0.807884	1	0.980235	29312
0.386174	1	0.753606	22535.1
0.326827	1	0.692326	20702.6
0.203014	1	0.526716	15750.4
0.194301	1	0.512633	15329.3
0.999983	0.235846	0.576537	17240.2
0.550917	1	0.879358	26295.4
0.486577	1	0.837087	25031.4
0.566046	1	0.888171	26559
0.202712	1	0.526234	15736
0.410702	1	0.77618	23210.1
0.999693	3.94522e-19	1.71079e-17	5.11578e-13
0.253273	1	0.601089	17974.4
0.999995	7.28763e-13	2.10957e-11	6.30826e-07
1	0.010216	0.0570443	1705.8
0.999994	0.874531	0.991776	29657.1
0.999995	0.300109	0.661322	19775.5
0.998781	0.713819	0.954172	28532.6
0.250063	0.94088	0.575724	17215.9
0.683923	0.899646	0.914112	27334.7
0.119959	0.598061	0.260762	7797.55
0.236724	0.586053	0.412759	12342.7
0.0068425	0.586053	0.0261414	781.707
0.119303	0.586053	0.25593	7653.07
0.191192	0.572916	0.351777	10519.2
0.489722	0.42476	0.534627	15987
0.00851539	0.344351	0.0200333	599.055
0.378245	0.344351	0.395736	11833.7
0.690529	0.866306	0.905578	27079.5
0.258919	0.89809	0.571734	17096.6
0.63124	0.89812	0.888674	26574
0.873134	0.898138	0.974831	29150.4
0.670512	1	0.938525	28064.7
0.637801	0.898142	0.891995	26673.3
0.652086	1	0.930904	27836.8
0.703804	1	0.951019	28438.3
0.593164	1	0.902964	27001.3
0.58955	1	0.901066	26944.6
0.821328	1	0.982992	29394.4
0.749187	1	0.965527	28872.2
0.667063	1	0.937137	28023.2
0.888612	1	0.993552	29710.2
0.894494	0.856099	0.970135	29009.9
0.518346	1	0.858957	25685.4
0.415145	1	0.780111	23327.6
0.999873	1	1	29903
3.65589e-64	1.76788e-113	2.62853e-174	7.86009e-170
0.868344	3.03651e-09	5.47221e-08	0.00163635
0.976917	0.346665	0.70535	21092.1
0.787596	0.209905	0.462876	13841.4
0.140522	0.000530217	0.000782671	23.4042
0.99991	0.00725632	0.0429969	1285.74
0.999946	4.55906e-20	2.07584e-18	6.20739e-14
0.214094	1	0.544086	16269.8
0.999964	1	1	29903
0.15583	0.854954	0.401773	12014.2
0.238115	1	0.579811	17338.1
0.971234	1	0.999582	29890.5
0.157275	1	0.448196	13402.4
0.768627	1	0.970891	29032.5
0.00732753	2.30515e-05	2.80288e-06	0.0838146
0.83501	1	0.985572	29471.6
0.133874	0.131524	0.0887322	2653.36
0.219181	7.76245e-05	0.000203851	6.09575
0.99996	2.26104e-30	1.56597e-28	4.68273e-24
0.848197	0.622434	0.865178	25871.4
1	0.111374	0.355824	10640.2
0.0557624	0.0464886	0.0180301	539.154
0.755563	1	0.967341	28926.4
0.973242	1	0.999639	29892.2
0.67297	1	0.939503	28094
0.965649	1	0.999403	29885.2
0.953631	1	0.998908	29870.3
0.990046	1	0.99995	29901.5
0.977342	1	0.999741	29895.3
0.997343	1	0.999996	29902.9
0.914964	1	0.996277	29791.7
0.739838	1	0.962769	28789.7
0.74576	1	0.96453	28842.3
0.71442	1	0.954668	28547.4
0.883304	1	0.99291	29691
0.915658	0.75373	0.946093	28291
0.480318	1	0.832538	24895.4
0.752712	0.0232477	0.0882923	2640.21
0.600554	1.65674e-10	2.39098e-09	7.14976e-05
0.69422	0.533084	0.73795	22066.9
0.99643	0.0010357	0.00812829	243.06
0.995235	0.00104018	0.00815048	243.724
0.996715	0.00103824	0.00814778	243.643
0.997437	0.000311867	0.00282309	84.4189
0.995173	0.000313851	0.00283333	84.7252
0.989733	0.00017413	0.00166586	49.8142
0.989265	0.000174608	0.00166926	49.9158
0.995388	0.00017578	0.00168861	50.4945
0.994665	0.000175756	0.00168731	50.4556
0.987208	0.000175756	0.00167596	50.1163
0.969332	0.00365895	0.0235564	704.408
0.973181	0.000317745	0.0028082	83.9735
0.695362	0.265474	0.496495	14846.7
0.870243	1.25999e-06	1.61441e-05	0.482758
0.45638	1.28813e-05	7.66839e-05	2.29308
0.78548	0.357611	0.63757	19065.3
0.606499	0.00561454	0.0227552	680.448
0.352629	4.01218e-06	2.04702e-05	0.612121
0.738122	0.00187129	0.0104764	313.276
0.793413	0.869447	0.945971	28287.4
9.17101e-05	5.08961e-06	1.04954e-08	0.000313843
0.00392005	0.000867869	4.62382e-05	1.38266
0.039577	0.00279759	0.00111922	33.4679
0.989897	1	0.999949	29901.5
0.974056	1	0.999661	29892.8
0.993439	1	0.999978	29902.4
0.997324	0.244825	0.588423	17595.6
0.0672803	0.000244234	0.000197453	5.90443
0.133211	0.000122039	0.000195522	5.8467
0.0355835	0.000151794	7.09137e-05	2.12053
0.646425	0.0114215	0.0436237	1304.48
0.9926	0.00516392	0.032156	961.562
0.0328926	4.17874e-05	1.99267e-05	0.595867
0.0135523	2.84506e-05	6.07991e-06	0.181808
0.014942	2.10895e-05	5.03257e-06	0.150489
0.00441261	1.08129e-05	8.52067e-07	0.0254794
0.00895236	1.08018e-05	1.65858e-06	0.0495966
0.170425	2.9353e-05	6.60608e-05	1.97542
0.457827	4.59573e-05	0.000247627	7.40478
0.973739	0.326637	0.682401	20405.8
0.987596	0.200148	0.518117	15493.3
0.896806	1	0.994482	29738
0.289414	1	0.648257	19384.8
0.464505	1	0.820679	24540.8
0.777024	1	0.973055	29097.3
4.01048e-07	0.162551	1.14383e-06	0.034204
3.05225e-07	0.129994	7.15879e-07	0.0214069
1.42456e-08	0.163869	4.87318e-08	0.00145723
4.40243e-06	0.182806	1.20981e-05	0.361771
6.56397e-07	0.163866	1.8334e-06	0.0548241
8.12279e-05	0.20722	0.000201853	6.03602
1.81379e-05	0.247136	5.96865e-05	1.7848
5.28904e-07	0.247136	2.20252e-06	0.065862
3.18195e-05	0.247136	0.000100289	2.99893
0.00108039	0.599843	0.00540584	161.651
0.909252	0.560177	0.852963	25506.1
1	1.97163e-09	4.14917e-08	0.00124073
0.132006	0.00955998	0.00968573	289.633
0.650838	0.535417	0.715828	21405.4
0.996639	0.247854	0.592425	17715.3
0.957106	0.0104206	0.0559304	1672.49
0.999999	7.14772e-05	0.000753807	22.5411
0.982475	0.613001	0.907645	27141.3
0.971228	1	0.999582	29890.5
0.679337	0.623498	0.787428	23546.5
0.801267	0.382783	0.669198	20011
0.671972	0.62359	0.783512	23429.4
0.810649	0.612851	0.84435	25248.6
0.969268	1	0.999523	29888.7
0.0493441	0.773738	0.162853	4869.78
0.0603214	0.773684	0.189696	5672.49
0.174731	0.788843	0.410983	12289.6
0.589505	0.849617	0.847164	25332.8
0.998422	1	0.999999	29903
0.942925	0.43579	0.776372	23215.8
0.75105	0.00618811	0.0296116	885.477
0.939466	0.201874	0.504964	15099.9
0.149932	0.304742	0.186686	5582.47
0.548844	0.087023	0.193031	5772.22
0.919028	0.00491228	0.028895	864.047
0.865751	0.00491228	0.0274739	821.552
0.760222	1	0.968633	28965
0.406292	1	0.772232	23092.1
0.606741	1	0.909901	27208.8
0.874767	1	0.991809	29658.1
0.876665	1	0.992061	29665.6
0.699794	1	0.949599	28395.9
0.871955	1	0.991428	29646.7
0.927784	1	0.997327	29823.1
0.57454	1	0.892942	26701.6
0.0626914	1	0.236317	7066.59
0.341664	1	0.708586	21188.9
0.534286	1	0.869189	25991.4
0.858099	1	0.989419	29586.6
0.904086	1	0.995246	29760.8
0.996841	1	0.999995	29902.9
0.996396	1	0.999993	29902.8
0.996757	1	0.999995	29902.8
0.998576	1	0.999999	29903
0.997933	1	0.999998	29902.9
0.994305	1	0.999984	29902.5
0.897022	1	0.994506	29738.7
0.245512	1	0.590311	17652.1
0.000946079	1	0.0075338	225.283
0.75697	1	0.967734	28938.2
0.982329	1	0.999843	29898.3
0.978302	1	0.999763	29895.9
0.978585	1	0.999769	29896.1
0.95236	1	0.998847	29868.5
0.8368	1	0.985893	29481.2
0.864236	1	0.990336	29614
0.800898	1	0.978715	29266.5
0.915669	1	0.99634	29793.5
0.990155	1	0.999951	29901.5
0.993436	1	0.999978	29902.4
0.903304	1	0.995166	29758.5
0.810154	1	0.980716	29326.4
0.974593	1	0.999674	29893.3
0.997805	1	0.999998	29902.9
0.826229	0.195899	0.456606	13653.9
0.894914	0.196677	0.481776	14406.5
0.903283	0.274835	0.594147	17766.8
0.660088	1	0.934277	27937.7
0.621303	1	0.917004	27421.2
0.234504	1	0.574601	17182.3
1	0.000303311	0.00276036	82.543
0.478769	1	0.8314	24861.4
0.944181	0.109274	0.337519	10092.8
0.836539	0.402501	0.703228	21028.6
0.863719	1	0.990261	29611.8
0.242371	0.113573	0.12642	3780.34
0.439493	0.448346	0.51711	15463.1
0.891068	0.0037236	0.0222583	665.59
0.953573	1	0.998905	29870.3
0.943425	1	0.998369	29854.2
0.692415	1	0.946926	28315.9
0.853695	1	0.988734	29566.1
0.896754	1	0.994477	29737.8
0.114096	1	0.361766	10817.9
0.746929	1	0.964872	28852.6
0.373444	1	0.741281	22166.5
0.0702441	0.0922364	0.0391282	1170.05
0.0540802	0.01293	0.0057797	172.83
0.682851	0.000400403	0.00251666	75.2556
0.798771	0.000120529	0.000986659	29.5041
0.544485	3.5666e-05	0.000230108	6.88091
0.648877	5.71132e-06	5.00509e-05	1.49667
0.528174	2.99658e-06	2.2722e-05	0.679457
0.850068	1.52746e-05	0.000159082	4.75704
0.942371	1.5328e-05	0.000175433	5.24598
0.853507	7.80562e-06	8.60688e-05	2.57371
0.179139	0.000123828	0.000259894	7.77161
0.323934	0.000986969	0.00289279	86.503
0.138626	0.000123704	0.000205331	6.14001
0.0538691	0.000246835	0.000162593	4.86201
0.0405803	0.000496427	0.000237966	7.11589
0.313017	1	0.676586	20231.9
7.01321e-05	2.05965e-102	3.53472e-104	1.05699e-99
0.856957	0.000128714	0.00111541	33.3541
0.936338	0.00954589	0.0511034	1528.14
0.920698	1	0.996769	29806.4
0.187969	1	0.502155	15015.9
1	1	1	29903
0.980139	1	0.999801	29897.1
0.979264	1	0.999783	29896.5
0.965755	1	0.999407	29885.3
0.982996	1	0.999855	29898.7
0.987325	1	0.999919	29900.6
0.982434	1	0.999845	29898.4
0.99465	1	0.999986	29902.6
0.986465	1	0.999908	29900.2
0.993688	1	0.99998	29902.4
0.0573125	5.84946e-05	4.56131e-05	1.36397
0.750247	0.00213228	0.0118987	355.807
1	0.0679132	0.250567	7492.72
0.999915	8.76225e-16	3.12532e-14	9.34563e-10
0.951728	0.243308	0.570318	17054.2
0.981797	1	0.999833	29898
0.00582189	0.689799	0.0261738	782.675
0.0696796	0.541062	0.161287	4822.97
0.904524	1	0.99529	29762.2
0.488287	1	0.838316	25068.2
1	0.243629	0.587659	17572.8
0.665588	1	0.936539	28005.3
0.914704	1	0.996254	29791
1	0.231588	0.570354	17055.3
0.234283	0.0884858	0.101086	3022.77
0.999997	0.782242	0.974353	29136.1
0.578682	0.0875269	0.20173	6032.34
0.621959	0.000107991	0.000712518	21.3064
0.617405	0.00653019	0.0262611	785.287
0.893105	1	0.994072	29725.7
0.321588	1	0.686425	20526.2
0.29447	1	0.654482	19571
0.416292	1	0.781117	23357.7
0.914701	0.726569	0.936133	27993.2
0.504681	1	0.849797	25411.5
0.543483	1	0.874875	26161.4
0.999992	1	1	29903
0.333009	1	0.699181	20907.6
0.348997	0.726567	0.601497	17986.6
0.947184	0.726567	0.945361	28269.1
0.877011	0.726567	0.924371	27641.5
0.348997	0.726567	0.601497	17986.6
0.622024	1	0.917346	27431.4
0.564542	0.663617	0.742458	22201.7
0.868256	0.879678	0.969602	28994
1	0.562278	0.886014	26494.5
0.596343	0.687437	0.775509	23190.1
0.239749	0.19958	0.193296	5780.14
0.807527	0.479853	0.75486	22572.6
0.842576	0.477079	0.768322	22975.1
0.915456	0.23647	0.547747	16379.3
0.962244	0.258892	0.595348	17802.7
0.999949	1.63221e-18	6.84786e-17	2.04772e-12
1	4.32095e-33	3.26326e-31	9.75812e-27
0.0202841	0.30434	0.03758	1123.75
0.340796	0.323007	0.352975	10555
0.875526	0.682431	0.905206	27068.4
0.656433	0.463585	0.666353	19926
0.381	0.798139	0.66609	19918.1
0.407607	0.0103176	0.0272155	813.825
0.512679	0.000248276	0.00126892	37.9445
0.870419	0.0296483	0.120184	3593.86
0.993307	0.769298	0.969699	28996.9
0.761952	5.56959e-13	1.25141e-11	3.74208e-07
0.871816	1	0.991409	29646.1
0.730905	0.725772	0.866784	25919.4
0.0362891	1	0.156632	4683.78
0.954278	1	0.998938	29871.3
0.999961	1	1	29903
1	1	1	29903
0.919953	0.783986	0.956926	28615
1	0.891086	0.993841	29718.8
1	0.902872	0.995122	29757.1
0.811594	1	0.981018	29335.4
0.799741	1	0.978457	29258.8
0.714037	0.0468364	0.147079	4398.11
0.703839	1	0.951031	28438.7
0.994446	0.164714	0.460132	13759.3
0.277007	0.0290217	0.0468158	1399.93
0.745907	0.0290733	0.104767	3132.85
0.97825	0.211187	0.532393	15920.1
0.527288	0.64773	0.708454	21184.9
0.934628	8.58462e-10	1.76062e-08	0.000526478
0.954335	4.65772e-12	1.20635e-10	3.60734e-06
0.993303	2.52844e-15	8.69433e-14	2.59986e-09
0.993323	4.4685e-15	1.51129e-13	4.51922e-09
0.966995	4.57083e-15	1.50512e-13	4.50075e-09
0.839125	4.53366e-15	1.30117e-13	3.8909e-09
0.987453	4.42115e-15	1.48717e-13	4.44708e-09
0.991087	1.38728e-15	4.8425e-14	1.44805e-09
0.991224	4.37657e-16	1.57796e-14	4.71857e-10
0.557485	0.585981	0.692156	20697.6
0.375392	3.94314e-06	2.13497e-05	0.638422
0.203985	0.0370134	0.0444417	1328.94
0.634996	0.167786	0.345116	10320
0.409941	0.410075	0.467867	13990.6
0.986779	0.00806008	0.0464019	1387.56
0.990865	0.00806259	0.0465731	1392.68
1	1	1	29903
0.0991078	0.858278	0.294687	8812.02
0.42203	0.771337	0.69087	20659.1
0.890649	0.377312	0.702514	21007.3
0.635339	0.0875126	0.216261	6466.84
1	3.54667e-08	6.43886e-07	0.0192541
0.928837	1	0.997406	29825.4
0.123387	1	0.381566	11410
0.80298	1	0.979174	29280.2
0.386705	1	0.754111	22550.2
0.999096	0.850523	0.988101	29547.2
0.369349	1	0.737225	22045.2
0.294752	1	0.654827	19581.3
0.999924	0.507812	0.851902	25474.4
1	1	1	29903
0.999999	1	1	29903
0.999999	1	1	29903
0.999999	1	1	29903
0.558249	0.161967	0.30772	9201.76
0.679654	0.31722	0.546402	16339
0.915276	0.0506109	0.188632	5640.68
0.915243	0.00175314	0.0119297	356.733
0.743778	0.00013568	0.00102947	30.7841
0.797095	0.000136039	0.00109838	32.845
0.681578	1.15361e-05	0.000100276	2.99857
0.559232	0.000299975	0.00162606	48.624
0.746934	0.00340115	0.0177206	529.899
0.659158	0.0083317	0.0340745	1018.93
0.944438	0.0277965	0.12181	3642.49
0.926296	0.0438491	0.170737	5105.55
0.959233	0.36833	0.720901	21557.1
0.94879	0.368337	0.716886	21437
0.910838	0.215116	0.515304	15409.1
0.892435	0.291609	0.610565	18257.7
0.497392	0.0083637	0.0269663	806.374
0.986846	0.0136234	0.0713782	2134.42
1	1.0022e-05	0.000125382	3.7493
0.997366	1	0.999997	29902.9
0.121794	0.50697	0.233692	6988.09
0.591318	0.386478	0.565862	16921
0.190265	0.753319	0.421765	12612
0.252052	0.386163	0.324082	9691.03
0.152847	0.80315	0.38025	11370.6
0.674455	0.453107	0.667882	19971.7
0.260833	1	0.61136	18281.5
0.648793	1	0.929488	27794.5
0.968556	1	0.9995	29888.1
0.919446	0.854695	0.97523	29162.3
0.9606	1	0.999213	29879.5
0.718992	1	0.956191	28593
0.423957	1	0.787765	23556.5
0.363017	0.686031	0.595242	17799.5
0.884317	1	0.993035	29694.7
0.993683	1	0.99998	29902.4
0.823818	0.390438	0.686495	20528.3
0.639724	0.187291	0.374039	11184.9
0.870513	0.611563	0.867987	25955.4
0.995251	0.113993	0.360366	10776
0.884913	0.867847	0.970718	29027.4
0.442158	0.179069	0.279974	8372.07
0.975497	0.109981	0.346777	10369.7
0.980346	0.0567932	0.216483	6473.48
0.989447	0.000458883	0.00394893	118.085
1	0.000549566	0.00467482	139.791
0.0339345	0.00503521	0.00165308	49.4319
0.323916	0.477712	0.443483	13261.5
0.0593406	0.049874	0.0201922	603.807
0.949264	1	0.998691	29863.8
0.999778	6.36279e-09	1.2642e-07	0.00378033
0.969789	0.788769	0.969912	29003.3
0.999856	0.0311165	0.139076	4158.78
0.207905	0.628915	0.396766	11864.5
0.065823	1	0.244913	7323.64
0.521713	1	0.861159	25751.2
0.384334	0.814507	0.676615	20232.8
0.480094	0.726641	0.716235	21417.6
0.83605	0.806489	0.940014	28109.2
0.163994	0.814585	0.402498	12035.9
0.269104	0.779309	0.537291	16066.6
0.809262	0.885092	0.955288	28566
0.750567	1	0.965925	28884
0.993862	0.0531421	0.208145	6224.15
0.98026	0.0594368	0.223894	6695.09
0.971329	0.0401006	0.165364	4944.88
0.611214	0.10367	0.238177	7122.22
0.859646	0.000377543	0.00293171	87.6669
0.895221	7.89094e-05	0.000745824	22.3024
0.934361	8.23691e-05	0.000805966	24.1008
0.918534	6.49574e-08	1.05217e-06	0.0314631
0.974741	1.35848e-05	0.000161974	4.84351
0.795455	2.11111e-07	2.78759e-06	0.0833572
0.477468	1.32205e-07	1.1096e-06	0.0331804
0.573218	1.58043e-06	1.35113e-05	0.404029
0.884052	0.000766373	0.00562139	168.096
0.802992	2.50639e-07	3.30444e-06	0.0988128
0.298708	2.51902e-07	1.30946e-06	0.0391567
0.578202	0.0518102	0.135045	4038.25
0.272943	2.11957e-07	1.02198e-06	0.0305603
0.80854	3.86161e-11	7.86495e-10	2.35186e-05
0.488077	2.60659e-07	2.14716e-06	0.0642067
0.77271	8.4634e-08	1.14725e-06	0.0343064
0.812746	1.76976e-16	5.39068e-15	1.61197e-10
0.905232	4.20551e-10	8.63761e-09	0.000258291
0.999668	1.05557e-15	3.74445e-14	1.1197e-09
0.991093	0.0335106	0.146294	4374.63
0.955802	1	0.999009	29873.4
0.999999	0.268743	0.621871	18595.8
0.441175	0.640561	0.639727	19129.8
0.977451	1	0.999744	29895.3
0.947409	1	0.998592	29860.9
0.680078	1	0.942281	28177
0.631458	1	0.921754	27563.2
0.664773	1	0.936206	27995.4
0.61162	1	0.912319	27281.1
0.742428	1	0.963545	28812.9
0.331624	1	0.697655	20862
0.755317	1	0.967272	28924.3
1	0.0495639	0.198478	5935.1
0.503082	1	0.8487	25378.7
0.985806	0.320765	0.680281	20342.4
1	1	1	29903
0.774079	1	0.972306	29074.9
0.507925	1	0.852005	25477.5
0.921728	1	0.996854	29808.9
1	1	1	29903
1	1	1	29903
0.979619	1	0.999791	29896.7
0.883108	1	0.992885	29690.2
0.850032	1	0.988146	29548.5
0.877749	1	0.992203	29669.8
0.912033	1	0.996012	29783.8
0.783847	1	0.974746	29147.8
0.762943	1	0.969374	28987.2
0.738338	1	0.962315	28776.1
0.740214	1	0.962882	28793.1
0.565757	1	0.888007	26554.1
0.736381	1	0.961719	28758.3
0.706844	1	0.95208	28470.1
0.920593	1	0.99676	29806.1
0.626558	3.08103e-11	4.95558e-10	1.48187e-05
0.306893	1.24879e-10	9.57538e-10	2.86333e-05
0.861882	1	0.989989	29603.7
0.884472	1	0.993054	29695.3
0.700438	1	0.949829	28402.7
0.986425	1	0.999907	29900.2
0.999999	1	1	29903
0.616293	1	0.914599	27349.2
0.999975	0.801926	0.978938	29273.2
0.82517	1	0.983739	29416.8
0.999949	0.782332	0.974366	29136.5
0.999974	1	1	29903
1	0.70167	0.950266	28415.8
0.999845	0.419215	0.783612	23432.3
0.999999	3.78144e-06	5.09942e-05	1.52488
0.881628	1	0.9927	29684.7
0.985934	1	0.999901	29900
0.955066	1	0.998975	29872.3
0.114448	1	0.362529	10840.7
0.000562632	1	0.00477275	142.719
3.88724e-06	1	5.23137e-05	1.56434
0.50134	1	0.8475	25342.8
0.384288	1	0.751807	22481.3
0.764009	1	0.969662	28995.8
0.903987	1	0.995236	29760.5
0.833739	1	0.985342	29464.7
0.731481	1	0.960203	28713
0.787515	1	0.975631	29174.3
0.774777	1	0.972485	29080.2
0.926311	1	0.997216	29819.7
0.985185	1	0.99989	29899.7
0.997351	1	0.999996	29902.9
0.268649	0.490949	0.399077	11933.6
0.072829	0.155676	0.0621263	1857.76
0.582486	1	0.897291	26831.7
0.57454	0.155642	0.305323	9130.07
0.383271	1	0.750833	22452.2
0.846959	1	0.987641	29533.4
0.0618009	0.611889	0.161662	4834.17
0.872502	0.812598	0.952823	28492.3
0.998583	0.634676	0.922816	27595
0.788756	7.17863e-05	0.000610334	18.2508
0.999996	0.0375957	0.160942	4812.64
0.583792	0.0648283	0.161763	4837.21
0.327461	1	0.693034	20723.8
0.486579	1	0.837089	25031.5
0.357036	1	0.724754	21672.3
0.587021	0.633839	0.739932	22126.2
0.934247	0.635164	0.903088	27005
0.0305497	0.269499	0.0477487	1427.83
0.00355744	0.266807	0.00755517	225.922
0.0966732	0.269559	0.121107	3621.46
0.0122476	0.265563	0.0218839	654.394
0.0563869	0.110883	0.0379817	1135.77
0.203611	0.11089	0.108168	3234.55
0.282033	0.111117	0.139861	4182.27
0.975093	1	0.999687	29893.6
0.98236	1	0.999843	29898.3
0.0921888	0.111558	0.0573572	1715.15
0.889505	0.111517	0.328401	9820.17
0.0163024	0.111994	0.0133387	398.866
0.0817038	0.112051	0.0521235	1558.65
0.141877	0.111976	0.0816943	2442.91
0.239004	0.111729	0.12345	3691.53
0.20095	0.111714	0.107676	3219.85
0.0159673	0.113014	0.0132045	394.854
0.0378849	0.113014	0.0276306	826.236
0.0824052	0.174963	0.0755393	2258.85
0.0567102	0.176298	0.056042	1675.82
0.167397	0.174266	0.13228	3955.58
0.00578852	0.178321	0.0081298	243.105
0.035145	0.176767	0.0377793	1129.71
0.0568765	0.178204	0.0566754	1694.76
0.10034	0.175779	0.0888538	2656.99
0.194036	0.179997	0.152086	4547.81
0.0484947	0.177716	0.0495884	1482.84
0.0810289	0.177716	0.075464	2256.6
4.39496e-05	0.264955	0.000143936	4.30412
0.00830239	0.641815	0.0332221	993.439
0.963915	1	0.999341	29883.3
0.979218	0.0902138	0.3027	9051.64
0.784189	6.04519e-13	1.39266e-11	4.16447e-07
0.852259	0.333538	0.641822	19192.4
1	2.04888e-12	5.71918e-11	1.71021e-06
0.99789	0.123483	0.381222	11399.7
0.974913	2.81865e-10	6.32437e-09	0.000189118
0.982807	1	0.999851	29898.6
0.999998	1	1	29903
0.990406	1	0.999954	29901.6
0.945918	1	0.99851	29858.5
0.551107	1	0.879471	26298.8
0.23925	1	0.581436	17386.7
0.946846	0.917402	0.990967	29632.9
0.953226	1	0.998889	29869.8
0.978965	1	0.999777	29896.3
0.253132	1.11047e-07	5.16853e-07	0.0154554
0.0127074	8.11815e-11	2.95038e-11	8.82253e-07
0.208606	2.61618e-15	1.97258e-14	5.89861e-10
0.182728	8.35039e-22	7.8176e-21	2.3377e-16
0.101125	9.93598e-40	9.3543e-39	2.79722e-34
0.530278	9.6498e-40	4.68063e-38	1.39965e-33
0.0122869	2.21864e-46	3.01285e-46	9.00931e-42
0.0051641	4.81829e-50	2.98145e-50	8.91542e-46
0.0182339	4.29035e-47	8.74372e-47	2.61463e-42
0.0127562	1.73578e-46	2.45177e-46	7.33153e-42
0.00126851	8.55728e-47	1.23469e-47	3.69211e-43
0.00153176	1.08428e-47	1.92032e-48	5.74232e-44
0.0377621	5.39482e-48	2.30437e-47	6.89077e-43
0.0812304	1.60256e-40	1.23853e-39	3.70357e-35
0.176864	1.86439e-42	3.25845e-41	9.74374e-37
0.507734	4.73932e-16	8.89452e-15	2.65973e-10
0.77245	2.9626e-08	4.25489e-07	0.0127234
0.881824	3.19489e-06	3.8822e-05	1.16089
0.112187	1.65e-07	3.48095e-07	0.0104091
0.833802	0.489028	0.773545	23131.3
0.998984	0.121908	0.378201	11309.4
0.788367	1	0.975834	29180.4
0.786175	1	0.97531	29164.7
0.740846	0.433096	0.685595	20501.3
0.892954	0.195904	0.479903	14350.5
0.753315	1.37027e-10	2.47679e-09	7.40634e-05
0.67635	1.40132e-10	2.28221e-09	6.8245e-05
0.783896	1.40378e-10	2.63331e-09	7.87439e-05
0.641495	1.39278e-10	2.15669e-09	6.44914e-05
0.549724	2.6191e-10	3.40671e-09	0.000101871
0.792931	1.40159e-10	2.65841e-09	7.94944e-05
0.304822	1.61223e-05	6.4985e-05	1.94325
0.441639	1.6135e-05	9.15797e-05	2.73851
0.240749	1.19671e-05	3.9636e-05	1.18523
0.627236	5.73444e-06	4.8685e-05	1.45583
0.590283	2.42287e-06	2.06771e-05	0.618308
0.451864	7.58207e-06	4.654e-05	1.39169
0.143192	0.852884	0.37892	11330.9
0.802669	0.800731	0.926833	27715.1
0.987009	0.301306	0.658041	19677.4
0.97798	0.0230698	0.108105	3232.66
0.97118	0.489644	0.829005	24789.7
0.825204	0.00770351	0.0385118	1151.62
0.146666	1	0.428205	12804.6
0.997521	0.111691	0.355912	10642.8
0.631076	0.00225525	0.0107523	321.526
0.764684	0.0327781	0.117461	3512.45
1	1.45758e-07	2.44018e-06	0.0729688
1	3.29174e-22	1.66119e-20	4.96747e-16
0.879432	0.710007	0.918472	27465.1
0.0898156	0.807456	0.262811	7858.82
0.0448456	1	0.18407	5504.24
0.439305	1	0.800661	23942.2
0.610964	0.0218098	0.0708638	2119.04
0.971502	0.574793	0.883776	26427.5
0.9998	1	1	29903
0.919409	0.0289737	0.123214	3684.47
0.514393	0.0174406	0.0512597	1532.82
0.589051	1	0.900802	26936.7
0.00289693	1	0.0198269	592.884
0.831568	0.360922	0.66135	19776.4
0.33819	0.000116201	0.00043795	13.096
0.710704	1	0.953409	28509.8
0.999999	0.739726	0.962735	28788.7
0.999999	0.488069	0.83816	25063.5
0.958445	0.132195	0.388456	11616
0.944834	0.020956	0.097457	2914.26
0.944599	0.132142	0.384558	11499.4
0.999998	3.5379e-14	1.13116e-12	3.3825e-08
0.814597	0.000476246	0.00343514	102.721
0.99326	0.13781	0.409089	12233
0.801295	0.0801246	0.240487	7191.27
2.9967e-06	0.369339	1.62855e-05	0.486985
9.19852e-08	0.222105	3.82175e-07	0.0114282
0.957973	0.0010762	0.00812119	242.848
0.866964	0.0010762	0.0074428	222.562
0.989932	3.97611e-14	1.25427e-12	3.75064e-08
0.981803	2.62377e-14	8.31797e-13	2.48732e-08
0.981411	1.75189e-13	5.22531e-12	1.56252e-07
0.977626	1	0.999748	29895.5
0.679131	1	0.941915	28166.1
0.10904	0.000562095	0.000655806	19.6106
0.999931	1	1	29903
0.999947	1	1	29903
0.996284	1	0.999993	29902.8
0.994885	1	0.999987	29902.6
0.201318	1	0.524005	15669.3
0.67501	1	0.940308	28118
0.867054	1	0.990743	29626.2
0.864713	1	0.990406	29616.1
0.647651	1	0.928993	27779.7
0.988429	1	0.999933	29901
0.0847035	2.23636e-06	3.12162e-06	0.0933459
0.180842	0.000153287	0.000318604	9.52723
0.0774233	3.1064e-05	3.35218e-05	1.0024
0.999987	0.150265	0.435066	13009.8
0.569903	3.06505e-05	0.00020883	6.24465
0.400435	3.06202e-05	0.000150926	4.51314
0.367024	3.06202e-05	0.000139312	4.16586
0.523743	3.06202e-05	0.000193096	5.77415
0.816011	3.06202e-05	0.000289772	8.66504
0.843559	3.06202e-05	0.000298696	8.93192
0.94593	3.06202e-05	0.000331628	9.91666
0.999996	0.00260353	0.0180968	541.149
0.999989	0.014665	0.0765843	2290.1
0.164425	1	0.461262	13793.1
0.163755	1	0.460051	13756.9
0.816413	0.751856	0.913399	27313.4
0.828703	0.788771	0.931574	27856.8
0.980478	0.604189	0.902561	26989.3
0.926014	0.772432	0.954958	28556.1
0.83329	0.772451	0.927254	27727.7
0.608634	0.751877	0.815347	24381.3
0.86379	1	0.990271	29612.1
0.7842	1	0.974832	29150.4
0.99183	1	0.999967	29902
0.998571	0.131231	0.397353	11882.1
0.831825	0.126491	0.342141	10231
0.99869	0.12647	0.387635	11591.4
0.996568	0.0748974	0.268338	8024.1
0.738003	0.577043	0.789393	23605.2
0.293145	1	0.652859	19522.4
0.391377	1	0.758522	22682.1
0.771795	1	0.971718	29057.3
0.962071	1	0.999271	29881.2
0.611826	1	0.912421	27284.1
0.65634	1	0.932709	27890.8
0.0900216	1	0.306767	9173.26
0.65634	1	0.932709	27890.8
0.967238	0.576991	0.883586	26421.9
0.992777	0.732392	0.958821	28671.6
0.982409	0.732487	0.956392	28599
0.989768	1	0.999947	29901.4
0.818316	1	0.982394	29376.5
0.683618	0.621154	0.788343	23573.8
0.870076	1	0.991169	29638.9
0.720369	0.658319	0.828038	24760.8
0.624248	0.36871	0.56827	16993
0.723209	1	0.95757	28634.2
0.989085	1	0.99994	29901.2
0.774188	0.823312	0.924457	27644
1	0.0795473	0.280914	8400.16
0.95734	1	0.999077	29875.4
0.974133	1	0.999663	29892.9
0.971261	1	0.999583	29890.5
0.859869	1	0.989688	29594.6
0.875581	0.101135	0.303216	9067.06
0.496553	0.0277227	0.0727601	2175.75
0.999998	0.0370917	0.159285	4763.09
2.98831e-06	0.504596	2.17209e-05	0.649519
0.000614193	0.503019	0.00280599	83.9075
0.627671	0.44891	0.638675	19098.3
0.926389	6.4257e-07	9.12802e-06	0.272955
0.320558	0.000120739	0.000431918	12.9156
1	0.0669834	0.24806	7417.75
0.801853	0.447031	0.726211	21715.9
0.947317	0.000517493	0.00422609	126.373
0.882234	3.71445e-05	0.000371154	11.0986
0.0361778	0.0297144	0.00842311	251.876
0.0899713	0.0202995	0.0133424	398.979
0.335627	0.0198901	0.040116	1199.59
0.473815	0.0240336	0.0623492	1864.43
0.656656	0.0380245	0.117108	3501.87
0.36843	0.0393444	0.0758689	2268.71
0.014024	0.0260875	0.00326093	97.5117
0.468828	6.41838e-05	0.000343379	10.2681
0.777365	3.36504e-05	0.000302167	9.03569
0.948989	0.00225956	0.0153209	458.14
0.78813	0.00601743	0.0301206	900.697
0.913806	0.0110992	0.0567069	1695.71
0.890393	0.0110734	0.0554045	1656.76
0.932536	0.0369512	0.150514	4500.82
0.305347	0.143101	0.180485	5397.04
0.999998	1	1	29903
0.42606	0.0312781	0.0708697	2119.22
0.0929971	1	0.313883	9386.03
0.224232	0.0225567	0.0317982	950.862
0.173344	0.00392397	0.00564097	168.682
0.247416	0.000985526	0.0022723	67.9486
0.14551	0.00100053	0.00143181	42.8154
0.195904	0.00446898	0.0070396	210.505
0.485274	1	0.836147	25003.3
0.574468	1	0.892902	26700.4
0.7711	1	0.971538	29051.9
0.857214	1	0.989283	29582.5
0.87428	1	0.991743	29656.1
0.970663	1	0.999565	29890
0.988674	1	0.999936	29901.1
0.985386	1	0.999893	29899.8
0.987799	1	0.999925	29900.8
0.744414	1	0.964134	28830.5
0.781361	1	0.974137	29129.6
0.76214	1	0.969156	28980.7
0.999964	1	1	29903
0.999946	1	1	29903
0.957426	1	0.999081	29875.5
0.590138	1	0.901376	26953.8
0.892184	1	0.993967	29722.6
0.998349	1	0.999999	29903
0.427194	1	0.79053	23639.2
0.795479	1	0.977493	29230
0.978183	0.735206	0.956248	28594.7
1	0.00965756	0.0544688	1628.78
0.999999	0.00960153	0.0542086	1621
0.999998	0.0183249	0.0916151	2739.57
0.794739	1	0.977323	29224.9
0.999997	0.398691	0.765314	22885.2
0.999999	0.763539	0.969535	28992
0.931001	0.695216	0.928817	27774.4
0.989188	1	0.999941	29901.2
0.621483	1	0.91709	27423.7
0.999999	1	1	29903
0.99978	1	1	29903
0.963752	1	0.999335	29883.1
0.0424352	1	0.176521	5278.5
0.999997	0.136877	0.40908	12232.7
0.999998	0.0790856	0.279743	8365.15
0.99992	0.0875693	0.300812	8995.18
0.999852	0.0876299	0.300945	8999.16
0.999998	0.0875089	0.300681	8991.27
0.999962	0.100697	0.331852	9923.36
0.997877	0.0990598	0.327603	9796.3
0.999938	0.0627468	0.23646	7070.86
0.999971	0.0682114	0.251363	7516.52
0.952108	0.327438	0.675118	20188.1
0.956758	0.300326	0.645677	19307.7
0.955497	0.313886	0.661092	19768.6
0.475207	0.334988	0.451724	13507.9
0.909074	1	0.995735	29775.5
0.994131	0.89256	0.993399	29705.6
0.638246	1	0.924838	27655.4
1	0.478427	0.831148	24853.8
1	0.398147	0.764814	22870.2
0.848432	0.749622	0.923827	27625.2
0.803232	1	0.97923	29281.9
0.211528	0.749622	0.450579	13473.7
0.355125	1	0.722781	21613.3
0.463859	1	0.820184	24526
0.760783	1	0.968787	28969.6
0.769089	1	0.971012	29036.2
0.463859	1	0.820184	24526
0.463859	1	0.820184	24526
0.999999	0.514136	0.856174	25602.2
0.84018	1	0.986488	29499
0.976906	0.781293	0.969457	28989.7
0.999998	0.697279	0.948696	28368.9
1	0.774578	0.972434	29078.7
0.825731	1	0.983847	29420
0.999673	3.22455e-295	2.18905e-292	6.54593e-288
0.975694	0.609162	0.903586	27019.9
0.928588	0.368829	0.709473	21215.4
0.979897	1	0.999797	29896.9
0.40563	0.540254	0.55181	16500.8
0.96486	0.160866	0.444368	13287.9
0.997855	0.00882554	0.0504817	1509.55
0.826468	0.725829	0.906431	27105
0.999994	0.738766	0.962444	28780
0.931878	0.221071	0.531473	15892.6
0.649487	0.733897	0.829839	24814.7
0.979921	0.737577	0.957427	28629.9
0.541361	0.373654	0.525547	15715.4
0.292369	0.297933	0.2997	8961.94
0.592154	0.11246	0.247005	7386.19
0.778149	0.603167	0.824372	24651.2
0.652465	0.59277	0.754165	22551.8
0.876784	1	0.992076	29666.1
0.0120082	0.0862099	0.0081505	243.724
0.000311455	1.23545e-05	7.84034e-08	0.0023445
0.96176	0.0192923	0.0925322	2766.99
0.995925	1	0.999992	29902.8
0.962478	1.356e-06	1.89885e-05	0.567812
0.414645	4.29598e-07	2.94642e-06	0.0881067
0.972369	1.84926e-06	2.55856e-05	0.765087
0.724641	1.87942e-06	1.97567e-05	0.590784
0.512132	7.12288e-06	4.9324e-05	1.47494
0.0955968	1	0.320021	9569.6
0.056159	1	0.217873	6515.05
0.195828	0.765114	0.434247	12985.3
1.56295e-06	1	2.24579e-05	0.671559
4.32346e-05	1	0.000477694	14.2845
5.51348e-05	1	0.000595772	17.8154
0.000159914	1	0.0015577	46.5799
0.352055	0.507663	0.486473	14547
0.737588	0.789273	0.897114	26826.4
0.00358669	3.03254e-05	1.85276e-06	0.0554031
0.00562337	3.0355e-05	2.83074e-06	0.0846475
0.00971379	3.03087e-05	4.72187e-06	0.141198
0.0186686	3.03612e-05	8.71927e-06	0.260732
0.0357243	3.02728e-05	1.59379e-05	0.47659
0.721764	1	0.9571	28620.2
0.147518	0.00148394	0.00206362	61.7086
0.0137502	3.03802e-05	6.55356e-06	0.195971
0.0114996	3.03803e-05	5.54338e-06	0.165764
0.0144434	3.03738e-05	6.86107e-06	0.205166
0.0156444	3.03198e-05	7.38131e-06	0.220723
0.0171468	3.04068e-05	8.06405e-06	0.241139
0.0409943	3.03551e-05	1.81641e-05	0.543162
0.00771174	3.03936e-05	3.81262e-06	0.114009
0.00753081	3.04349e-05	3.73336e-06	0.111639
0.0475803	6.10852e-05	3.99595e-05	1.19491
0.191435	1	0.507917	15188.2
0.186059	1	0.498953	14920.2
0.0569371	1	0.220108	6581.89
0.0552135	1	0.215142	6433.39
0.569888	1	0.890345	26624
0.571499	1	0.891248	26651
0.755094	1	0.96721	28922.5
0.853755	1	0.988743	29566.4
0.716478	0.219258	0.44786	13392.4
0.922354	0.26608	0.590183	17648.2
0.528295	0.26608	0.416373	12450.8
0.659235	0.26608	0.480733	14375.4
0.922354	0.26608	0.590183	17648.2
0.938995	0.26608	0.596363	17833
0.972603	0.26608	0.608607	18199.2
0.979908	0.26608	0.611227	18277.5
0.945381	1	0.99848	29857.6
0.843036	1	0.986981	29513.7
0.423855	1	0.787677	23553.9
0.100623	0.139887	0.0740854	2215.38
0.100623	0.139887	0.0740854	2215.38
0.106598	0.247945	0.122458	3661.87
0.801008	0.161718	0.394284	11790.3
0.208376	0.799312	0.465098	13907.8
0.744405	0.606837	0.810709	24242.6
0.985069	0.789452	0.973216	29102.1
0.945329	0.677059	0.925643	27679.5
0.998418	0.371824	0.7391	22101.3
0.97748	1	0.999744	29895.4
0.99996	0.466958	0.822539	24596.4
0.629696	0.246842	0.444782	13300.3
0.652795	0.251974	0.461375	13796.5
0.529666	0.25708	0.407666	12190.4
0.47598	0.257445	0.379788	11356.8
0.591078	0.25708	0.438263	13105.4
0.638522	0.258179	0.462034	13816.2
0.696187	1	0.948302	28357.1
0.798041	1	0.978075	29247.4
0.330043	1	0.695907	20809.7
0.434219	1	0.796447	23816.2
0.374761	1	0.742577	22205.3
0.340064	1	0.706865	21137.4
0.344243	0.668077	0.567997	16984.8
0.313651	0.668738	0.537346	16068.3
0.434531	0.668428	0.649544	19423.3
0.392326	0.424871	0.465331	13914.8
0.13555	0.424573	0.221864	6634.38
0.332556	0.666951	0.555824	16620.8
0.225352	0.34038	0.273667	8183.48
0.99955	0.584397	0.898179	26858.2
0.976458	1	0.999721	29894.6
0.999999	1	1	29903
0.996548	1	0.999994	29902.8
0.670139	1	0.938376	28060.3
0.657197	1	0.93307	27901.6
0.995233	0.871952	0.990848	29629.3
0.955019	0.872026	0.985171	29459.6
0.794483	0.778222	0.91556	27378
0.999994	0.893643	0.994132	29727.5
0.999986	0.37308	0.740918	22155.7
0.903516	1	0.995188	29759.1
0.405159	0.12566	0.202512	6055.71
0.52059	0.0850355	0.182275	5450.58
0.999999	0.832934	0.985195	29460.3
0.268355	5.58084e-07	2.50319e-06	0.074853
0.338226	5.63428e-07	3.13924e-06	0.0938728
0.707311	0.800179	0.888131	26557.8
0.395833	0.781805	0.672439	20108
0.0933597	0.491568	0.187309	5601.09
0.234713	1	0.574904	17191.3
0.776727	1	0.97298	29095
0.856018	0.0992794	0.294497	8806.34
0.928682	0.192826	0.487073	14564.9
0.880582	5.70942e-10	1.12673e-08	0.000336927
0.76107	5.70721e-16	1.57988e-14	4.72431e-10
0.76815	5.9526e-18	1.87136e-16	5.59592e-12
0.772473	5.6577e-18	1.79063e-16	5.35453e-12
0.853261	8.68509e-18	2.99713e-16	8.96233e-12
0.891405	2.83603e-13	7.58572e-12	2.26836e-07
0.895663	4.64777e-07	6.53228e-06	0.195335
0.999998	3.90377e-05	0.000435308	13.017
0.995283	3.90377e-05	0.000433439	12.9611
0.70858	1.34543e-05	0.000119747	3.58079
0.765251	0.0019223	0.0110648	330.872
0.635315	3.45193e-05	0.000257194	7.69088
0.784098	3.45193e-05	0.000311731	9.32169
0.784098	3.45193e-05	0.000311731	9.32169
0.925846	3.45193e-05	0.000362774	10.848
0.306783	7.75336e-15	8.24713e-14	2.46614e-09
0.975396	0.00603422	0.0361104	1079.81
0.957839	0.00300644	0.019726	589.868
0.975263	0.00298518	0.019911	595.399
0.203832	0.294345	0.228796	6841.69
0.643152	0.230214	0.43088	12884.6
0.927068	0.255619	0.578174	17289.1
0.996804	0.386347	0.752594	22504.8
0.93687	0.012828	0.0651543	1948.31
0.77202	1	0.971776	29059
0.498129	1	0.845273	25276.2
0.591419	0.522854	0.672159	20099.6
0.557353	0.570835	0.682514	20409.2
0.464727	0.578535	0.622026	18600.5
0.19284	1	0.510235	15257.5
0.199691	1	0.52139	15591.1
0.199329	1	0.520807	15573.7
0.428291	1	0.791461	23667.1
0.529105	1	0.865916	25893.5
0.444767	1	0.805119	24075.5
0.454089	1	0.812575	24298.4
0.170212	1	0.471608	14102.5
0.158115	1	0.449747	13448.8
0.23457	1	0.574697	17185.2
0.287298	1	0.645626	19306.1
0.306641	1	0.669115	20008.5
0.285405	1	0.643259	19235.4
0.180817	1	0.490063	14654.4
0.124046	0.598745	0.267381	7995.5
0.17116	0.598765	0.335949	10045.9
0.05756	0.0313293	0.0131969	394.626
0.0752441	0.0313004	0.0166066	496.588
0.0734628	0.0313367	0.0162848	486.964
0.111371	0.0313145	0.023222	694.406
0.0971918	0.0155468	0.011325	338.652
0.0644573	0.0155444	0.00792125	236.869
0.634046	1	0.922939	27598.6
0.944853	0.624791	0.90148	26957
0.54272	0.208129	0.359285	10743.7
0.0609684	0.139798	0.0491361	1469.32
0.0135771	0.365862	0.0313185	936.516
0.782122	0.0744594	0.223817	6692.79
0.786631	0.0744594	0.22477	6721.31
0.820487	0.0196126	0.0825422	2468.26
0.812383	0.057991	0.191047	5712.87
0.808465	0.0579012	0.19013	5685.45
0.861662	0.0578116	0.199229	5957.55
0.901862	0.200582	0.4902	14658.5
0.732898	0.199999	0.428039	12799.6
0.629123	0.0194486	0.0661138	1977
0.73863	0.0190491	0.0740613	2214.66
0.785089	0.0705442	0.215634	6448.11
0.696219	0.0185761	0.0691655	2068.26
0.549741	0.00135287	0.00610144	182.451
0.761815	0.00198955	0.0113553	339.556
0.584897	0.00134848	0.00642421	192.103
0.0510893	0.000840523	0.000474749	14.1964
0.320287	0.000415056	0.00131948	39.4565
0.818912	0.311513	0.603594	18049.3
0.87617	0.0636299	0.216695	6479.84
0.587111	0.36359	0.54312	16240.9
0.633589	0.00582721	0.0243734	728.837
0.714276	0.00581379	0.0269258	805.163
0.438259	0.138054	0.230218	6884.22
0.611405	0.134224	0.287248	8589.58
0.450553	0.13563	0.231913	6934.89
0.528821	0.160473	0.294192	8797.22
0.659998	1	0.934239	27936.6
0.297977	1	0.658749	19698.6
0.62413	1	0.918343	27461.2
0.941074	1	0.998229	29850
0.93505	1	0.997844	29838.5
0.980771	1	0.999814	29897.4
0.400598	1	0.767064	22937.5
0.390018	0.0372073	0.075936	2270.71
0.964987	0.068466	0.245582	7343.62
0.935271	0.0147106	0.0727284	2174.8
0.852997	0.00183801	0.0116929	349.652
0.946536	0.00430726	0.0265101	792.733
0.946629	1	0.99855	29859.6
0.802985	0.660436	0.866689	25916.6
0.297556	0.660372	0.51622	15436.5
0.802663	0.660372	0.866521	25911.6
0.925273	0.660372	0.912026	27272.3
0.802663	0.660372	0.866521	25911.6
0.297556	0.660372	0.51622	15436.5
1	0.00742081	0.0438085	1310.01
0.998025	0.00687048	0.0410215	1226.66
0.861209	0.222327	0.507974	15190
0.971841	0.017535	0.0864351	2584.67
0.889559	0.0266195	0.112316	3358.57
0.723973	0.101805	0.265902	7951.26
0.947095	0.0966184	0.310331	9279.83
0.98909	0.0633785	0.236305	7066.23
1	0.0858331	0.296583	8868.74
1	0.156509	0.446776	13359.9
0.914965	1	0.996277	29791.7
0.908824	0.727687	0.934795	27953.2
0.879242	0.000105138	0.000951126	28.4415
0.629323	0.518199	0.691528	20678.8
0.363017	1	0.730864	21855
0.826405	0.72204	0.904799	27056.2
0.513896	0.453321	0.572356	17115.2
0.915548	1	0.996329	29793.2
0.0633264	0.0470676	0.0203148	607.473
0.0146292	0.0255922	0.00332843	99.5301
0.0227216	0.0255439	0.00490541	146.686
0.0936567	0.497405	0.189438	5664.76
0.00236	0.621794	0.0110413	330.168
0.6663	1	0.936828	28014
0.79795	0.391086	0.675481	20198.9
0.988648	0.0140568	0.0733228	2192.57
0.824952	0.281217	0.570942	17072.9
0.999772	8.24945e-08	1.42772e-06	0.042693
0.845356	0.403721	0.708182	21176.8
0.686396	1	0.944687	28249
0.416213	0.704861	0.653139	19530.8
0.929303	0.846965	0.975529	29171.2
0.904101	0.846965	0.970126	29009.7
0.961375	0.84691	0.981558	29351.5
0.137632	0.754063	0.3389	10134.1
0.915337	0.787405	0.956766	28610.2
0.99145	1	0.999963	29901.9
0.856991	0.682171	0.898437	26866
0.00981774	0.782352	0.0450795	1348.01
0.765992	0.131535	0.331993	9927.6
0.835108	0.0602945	0.200841	6005.75
0.126844	0.11279	0.0750674	2244.74
0.158788	0.0410945	0.0393611	1177.02
0.145079	0.0410953	0.0365017	1091.51
0.641639	0.04108	0.122197	3654.07
0.448908	0.0410712	0.0920639	2752.99
0.109801	0.0655207	0.042694	1276.68
0.223737	0.0655522	0.076591	2290.3
0.999992	0.0457762	0.186948	5590.32
0.998392	0.777111	0.972761	29088.5
0.666566	0.211974	0.417796	12493.3
0.885593	0.369067	0.692343	20703.1
0.466265	1	0.822025	24581
0.929553	0.329086	0.668241	19982.4
0.834474	1	0.985475	29468.7
0.963368	0.263817	0.602297	18010.5
0.65728	0.0336001	0.106291	3178.41
0.996267	1	0.999993	29902.8
0.985215	0.637317	0.920106	27513.9
0.989335	0.637931	0.921602	27558.7
0.980365	0.637317	0.91866	27470.7
0.983236	0.637389	0.919551	27497.3
0.997869	0.638668	0.924416	27642.8
0.994465	0.637996	0.92313	27604.3
0.978276	0.639281	0.918937	27479
0.993597	0.68352	0.94192	28166.2
0.991903	0.68352	0.941471	28152.8
0.967307	1	0.99946	29886.8
0.989319	1	0.999943	29901.3
0.949161	0.461811	0.79986	23918.2
0.963228	0.685201	0.934242	27936.6
0.972294	1	0.999613	29891.4
0.951495	1	0.998804	29867.2
0.956913	1	0.999058	29874.8
0.270072	0.15004	0.17043	5096.38
0.678292	0.0852261	0.222598	6656.34
0.846133	0.0842021	0.259451	7758.37
0.0337094	0.663787	0.107399	3211.55
0.0165055	1	0.084245	2519.18
0.16588	0.706975	0.368618	11022.8
0.0438197	0.843981	0.158927	4752.39
0.0101626	0.713034	0.0429507	1284.35
0.0101915	0.573982	0.0359254	1074.28
0.0072371	0.711355	0.0322743	965.099
0.930745	1	0.997545	29829.6
0.662187	1	0.935145	27963.6
0.672603	0.088479	0.227427	6800.76
0.711607	0.0876939	0.235519	7042.74
0.677703	0.0881062	0.227988	6817.52
0.602716	0.0879207	0.20866	6239.56
0.658353	0.0864828	0.220105	6581.81
0.724143	0.0872627	0.237698	7107.88
0.765433	0.0855841	0.244058	7298.06
0.839041	0.362566	0.666229	19922.2
0.860661	0.361849	0.674738	20176.7
0.771778	0.36067	0.634335	18968.5
0.954314	0.00103991	0.00785521	234.894
0.950341	0.000116493	0.00111911	33.4647
0.986897	4.78118e-05	0.000517218	15.4664
0.999984	3.1776e-05	0.000360869	10.7911
0.999437	3.1776e-05	0.000360688	10.7857
0.988093	3.1776e-05	0.000356953	10.674
0.966021	3.1776e-05	0.000349673	10.4563
0.998221	3.1776e-05	0.000360288	10.7737
0.999984	3.1776e-05	0.000360869	10.7911
0.999984	3.1776e-05	0.000360869	10.7911
0.995127	3.1776e-05	0.00035927	10.7432
0.999984	3.1776e-05	0.000360869	10.7911
0.988093	3.1776e-05	0.000356953	10.674
0.995127	3.1776e-05	0.00035927	10.7432
0.999984	3.1776e-05	0.000360869	10.7911
0.999984	3.1776e-05	0.000360869	10.7911
0.999984	3.1776e-05	0.000360869	10.7911
0.999984	3.1776e-05	0.000360869	10.7911
0.999984	3.1776e-05	0.000360869	10.7911
0.956938	0.00278082	0.0184386	551.37
0.996055	0.00150237	0.0112303	335.82
0.69307	1	0.947166	28323.1
0.63977	1	0.925521	27675.9
0.694444	0.709212	0.841324	25158.1
0.979382	0.00274831	0.0186197	556.786
0.929558	0.00292519	0.0187823	561.646
0.898825	0.00262527	0.0166338	497.401
0.762048	0.00273819	0.0149658	447.521
0.820288	2.47825e-05	0.000239951	7.17524
0.897275	0.0584857	0.207149	6194.38
0.801621	0.00118323	0.0075507	225.789
0.841969	0.0594277	0.199895	5977.47
0.762511	0.00433286	0.0221777	663.179
0.776018	0.00434725	0.0225751	675.062
0.870583	0.00429211	0.0246228	736.296
0.998546	0.38839	0.755173	22581.9
0.95329	1	0.998892	29869.9
0.980158	1	0.999802	29897.1
0.340444	0.108419	0.158688	4745.25
0.847898	0.108419	0.311338	9309.93
0.893862	0.108419	0.323099	9661.63
0.500613	0.108419	0.212418	6351.95
0.952058	0.108419	0.337624	10096
0.340444	0.108419	0.158688	4745.25
0.340444	0.108419	0.158688	4745.25
0.999931	8.73804e-05	0.000903915	27.0298
0.999126	1.57694e-05	0.000189987	5.68117
0.998652	1.62645e-09	3.44963e-08	0.00103154
0.998652	1.62645e-09	3.44963e-08	0.00103154
0.998698	6.81286e-09	1.34758e-07	0.00402968
0.998652	1.62645e-09	3.44963e-08	0.00103154
0.509788	1.62645e-09	1.81671e-08	0.00054325
0.88797	1.62645e-09	3.08427e-08	0.000922289
0.993053	1.62645e-09	3.4312e-08	0.00102603
0.985596	8.71916e-05	0.000890458	26.6274
0.994007	8.84078e-05	0.000908619	27.1704
0.987644	2.66795e-06	3.64856e-05	1.09103
0.983577	2.80453e-06	3.80692e-05	1.13838
0.991776	2.73293e-06	3.74541e-05	1.11999
0.986436	2.74867e-06	3.7466e-05	1.12035
0.986375	1.79807e-05	0.000211763	6.33235
0.992756	1.72203e-05	0.000204749	6.1226
0.990188	1.72583e-05	0.000204676	6.12043
0.9903	0.000108911	0.00109308	32.6864
0.989921	0.000569212	0.00477905	142.908
0.943778	0.294674	0.634014	18958.9
0.972773	0.451187	0.800329	23932.2
1	0.45075	0.809927	24219.2
0.520402	0.37319	0.512482	15324.8
0.963715	0.0213985	0.100665	3010.17
0.50121	0.373645	0.500993	14981.2
0.979563	0.0252543	0.116255	3476.37
0.434965	0.0674263	0.132833	3972.11
0.515458	0.0661769	0.149344	4465.83
0.511345	0.0677867	0.151201	4521.35
0.47555	0.0669024	0.141509	4231.54
0.469906	0.0669024	0.140205	4192.54
1	0.0120529	0.065308	1952.91
1	0.0113805	0.0623179	1863.49
0.985696	0.00113506	0.0087218	260.808
0.991226	0.00300871	0.0203246	607.767
0.985696	0.00113506	0.0087218	260.808
0.988111	0.00109532	0.00847293	253.366
0.983	0.00113506	0.008701	260.186
0.997645	0.000986925	0.00780127	233.281
0.997635	0.000946421	0.00752059	224.888
0.998699	0.00109233	0.00853172	255.124
0.559247	1	0.884262	26442.1
