ks_quality_p_value	fisher_strand_p_value	bias_p_value	bias_e_value
0.65522	1	0.932237	27876.7
0.202276	0.830494	0.467657	13984.3
0.912683	1	0.996072	29785.5
0.792822	0.937552	0.963808	28820.7
0.706751	0.934533	0.93444	27942.6
0.27145	1	0.625414	18701.8
0.549173	0.782027	0.792458	23696.9
0.0140548	0.680921	0.0540631	1616.65
0.334229	0.84606	0.639953	19136.5
0.380516	0.791171	0.662459	19809.5
5.26826e-06	0.791171	5.58027e-05	1.66867
1.793e-09	0.746269	2.86774e-08	0.000857542
3.45903e-07	0.791171	4.40917e-06	0.131847
0.0014434	0.791173	0.00887887	265.505
0.00120017	0.586892	0.00581683	173.941
0.593114	1	0.902938	27000.6
0.938081	1	0.998042	29844.5
0.407345	1	0.77318	23120.4
0.98851	1	0.999934	29901
0.871894	1	0.99142	29646.4
0.593788	1	0.90329	27011.1
0.320105	1	0.684739	20475.7
0.0807335	1	0.283907	8489.68
0.715598	1	0.955063	28559.3
0.814499	1	0.98162	29353.4
0.00153314	1	0.0114685	342.944
0.279164	1	0.635365	18999.3
0.999582	1	1	29903
1	0.201945	0.525008	15699.3
0.418351	1	0.782916	23411.5
0.318236	1	0.682604	20411.9
0.99884	0.925369	0.997059	29815.1
0.999571	1	1	29903
0.996499	1	0.999994	29902.8
0.999917	0.882209	0.992764	29686.6
0.959246	0.88647	0.988197	29550
0.999973	0.849378	0.988036	29545.2
0.827257	0.861837	0.954176	28532.7
0.99999	0.953621	0.998907	29870.3
0.999998	0.831553	0.984941	29452.7
0.393759	1	0.760749	22748.7
0.85896	1	0.98955	29590.5
0.999999	1	1	29903
0.99949	0.923965	0.996996	29813.2
0.99998	1	1	29903
0.898477	0.588625	0.865765	25889
0.65251	0.0370857	0.114253	3416.52
0.396008	1	0.762839	22811.2
0.103984	0.214683	0.1072	3205.6
0.480722	1	0.832835	24904.3
0.290886	1	0.650079	19439.3
0.180447	1	0.48943	14635.4
0.996765	1	0.999995	29902.8
0.963251	7.83097e-30	5.13366e-28	1.53512e-23
0.941482	1.35758e-17	5.0996e-16	1.52493e-11
0.953086	1.18347e-37	9.70883e-36	2.90323e-31
0.846369	8.891e-47	8.06712e-45	2.41231e-40
0.999983	5.47001e-18	2.22884e-16	6.66491e-12
0.999977	5.74398e-18	2.33765e-16	6.99029e-12
0.999996	5.5999e-18	2.28048e-16	6.81933e-12
0.999994	2.74366e-17	1.07372e-15	3.21074e-11
0.999977	5.62164e-18	2.28908e-16	6.84502e-12
0.999994	5.5554e-18	2.2628e-16	6.76644e-12
0.999582	5.62164e-18	2.28819e-16	6.84239e-12
0.999998	5.24215e-18	2.13826e-16	6.39404e-12
0.13289	6.27359e-08	1.63427e-07	0.00488694
0.259463	0.373475	0.323079	9661.03
0.554659	0.609193	0.704517	21067.2
0.882957	0.0525745	0.188934	5649.69
0.999451	8.48978e-14	2.63869e-12	7.89048e-08
0.892014	0.0134379	0.0650158	1944.17
0.999795	3.06753e-10	7.0248e-09	0.000210062
0.808611	0.823483	0.936656	28008.8
0.792135	0.803773	0.924141	27634.6
0.886704	1	0.993325	29703.4
0.572097	0.876299	0.847493	25342.6
0.999979	0.648038	0.929155	27784.5
3.08506e-18	0.609038	7.85686e-17	2.34944e-12
0.933352	1	0.997728	29835.1
0.999278	0.0226744	0.108469	3243.56
0.270352	2.47858e-27	4.25976e-26	1.27379e-21
0.999993	0.000105542	0.00107192	32.0536
0.859458	0.0542569	0.18958	5669
0.934784	0.198074	0.497433	14874.8
0.824941	0.0017626	0.0109539	327.554
0.356663	0.000276544	0.00100844	30.1553
0.999752	2.52538e-13	7.57616e-12	2.2655e-07
0.838433	7.44813e-06	8.10805e-05	2.42455
1	2.47136e-12	6.85215e-11	2.049e-06
0.997575	0.405743	0.770849	23050.7
0.787327	0.261012	0.530667	15868.5
0.999987	1	1	29903
0.600821	1	0.906914	27119.5
0.754923	1	0.967162	28921
0.735136	0.563959	0.779619	23313
0.465791	1	0.821664	24570.2
0.992945	0.896605	0.993748	29716
0.905695	1	0.995406	29765.6
0.548392	0.915391	0.847951	25356.3
1	0.780089	0.973822	29120.2
0.999997	0.121054	0.37666	11263.3
0.999998	0.0834202	0.290624	8690.54
0.952295	0.379054	0.728786	21792.9
0.973784	1	0.999653	29892.6
1	1	1	29903
1	1	1	29903
1	1.01932e-06	1.50822e-05	0.451002
0.998997	0.000312246	0.00283008	84.6278
0.960573	3.71602e-07	5.65612e-06	0.169135
0.287326	1.07981e-08	6.38851e-08	0.00191035
0.958344	2.9517e-06	3.89678e-05	1.16525
0.983478	8.84715e-11	2.10259e-09	6.28738e-05
1	0.00531364	0.0331437	991.096
0.998574	1.28313e-17	5.11187e-16	1.5286e-11
0.0151588	0.00013668	2.9187e-05	0.87278
0.964227	0.154184	0.432035	12919.1
0.774437	0.162648	0.386925	11570.2
0.0670893	0.159002	0.059103	1767.36
0.265857	0.0952801	0.11844	3541.72
0.692515	0.0685884	0.192229	5748.23
1	1	1	29903
1	1	1	29903
0.699045	1	0.949331	28387.9
1	0.156324	0.446434	13349.7
0.999906	0.654211	0.931783	27863.1
0.995915	0.378928	0.745138	22281.9
0.627453	0.326986	0.530139	15852.8
0.971735	0.500302	0.836788	25022.5
0.999984	0.358551	0.726305	21718.7
0.972983	1	0.999632	29892
0.999991	1	1	29903
0.995292	0.128376	0.390663	11682
0.906299	0.000601752	0.00464328	138.848
0.999999	1.0355e-23	5.58389e-22	1.66975e-17
0.972279	0.128257	0.384309	11492
0.532459	0.000608898	0.00292898	87.5852
0.861336	0.211518	0.492403	14724.3
0.926159	2.47531e-05	0.000267842	8.00929
0.999993	5.92071e-19	2.54415e-17	7.60777e-13
0.959243	0.013928	0.0710164	2123.6
0.999999	1.06142e-12	3.03262e-11	9.06844e-07
0.00053838	3.16468e-06	3.61042e-08	0.00107962
0.997911	1	0.999998	29902.9
1	1	1	29903
1	1	1	29903
1	1	1	29903
0.77519	1	0.97259	29083.4
0.997085	1	0.999996	29902.9
0.559427	0.850157	0.829056	24791.3
0.995907	1	0.999992	29902.7
0.482231	1	0.833938	24937.2
0.991284	1	0.999962	29901.9
0.987887	1	0.999926	29900.8
0.996404	1	0.999994	29902.8
0.519013	0.676217	0.71845	21483.8
0.999988	0.675875	0.940644	28128.1
0.0621834	1	0.234908	7024.46
0.557127	1	0.883025	26405.1
0.0782224	1	0.277549	8299.54
0.792932	0.0556072	0.181727	5434.17
0.524407	0.222935	0.367836	10999.4
0.773588	1	0.97218	29071.1
0.999979	1	1	29903
0.934332	0.583177	0.875726	26186.8
0.301535	1	0.663036	19826.8
0.509789	1	0.853263	25515.1
0.436527	1	0.798366	23873.5
0.410611	1	0.776099	23207.7
0.375135	1	0.742943	22216.2
0.598349	0.043112	0.120146	3592.72
1	0.087829	0.301461	9014.59
0.52386	0.11875	0.234977	7026.52
0.980152	0.00277964	0.0188138	562.589
1	1	1	29903
0.778227	1	0.973357	29106.3
0.960249	1	0.999199	29879.1
0.998814	1	0.999999	29903
0.170417	1	0.471971	14113.3
0.962369	1	0.999283	29881.6
0.999995	0.855248	0.988977	29573.4
0.999999	0.837885	0.986085	29486.9
0.864828	1	0.990422	29616.6
0.910271	1	0.995848	29778.9
0.608121	0.000548187	0.00300237	89.7799
0.999983	1	1	29903
0.932895	1	0.997696	29834.1
0.876359	1	0.99202	29664.4
1	1	1	29903
0.956378	1	0.999034	29874.1
0.262877	1	0.614099	18363.4
0.994198	0.389776	0.754879	22573.1
0.993788	0.625338	0.917075	27423.3
0.840765	0.625767	0.86401	25836.5
0.998839	0.00172339	0.0126774	379.093
1	0.567501	0.888997	26583.7
0.915308	1	0.996308	29792.6
0.0227239	0.627799	0.074895	2239.58
0.998742	1	0.999999	29903
0.721113	9.70535e-45	7.18556e-43	2.1487e-38
0.928639	1	0.997391	29825
0.398891	1	0.765498	22890.7
0.00294713	1	0.0201198	601.644
0.000861676	1	0.0069422	207.593
0.00774865	1	0.0454089	1357.86
0.000612827	1	0.00514617	153.886
1	0.913031	0.996104	29786.5
0.430623	0.823843	0.722409	21602.2
0.470293	0.830113	0.7576	22654.5
0.964889	0.889418	0.989433	29587
0.999985	0.286311	0.644388	19269.1
0.999963	0.899114	0.994727	29745.3
0.998895	0.0209928	0.10201	3050.42
0.918315	1	0.996569	29800.4
0.997409	1	0.999997	29902.9
0.998816	1	0.999999	29903
0.436812	1	0.798603	23880.6
0.999999	0.308325	0.6711	20067.9
0.0104864	1	0.0582802	1742.75
0.999995	1	1	29903
0.677041	1	0.941103	28141.8
0.985225	1	0.99989	29899.7
0.704288	1	0.951189	28443.4
0.310803	1.04622e-12	9.6752e-12	2.89318e-07
0.769632	1.80702e-36	1.16215e-34	3.47517e-30
0.999999	3.73318e-33	2.82482e-31	8.44707e-27
0.975665	5.22885e-07	7.90165e-06	0.236283
0.999999	2.52501e-34	1.97864e-32	5.91672e-28
1	1.5398e-33	1.17877e-31	3.52488e-27
1	9.48332e-40	8.61596e-38	2.57643e-33
1	1.81915e-36	1.51525e-34	4.53107e-30
1	1	1	29903
1	1	1	29903
0.54186	1	0.873883	26131.7
0.878409	1	0.992289	29672.4
0.673429	1	0.939685	28099.4
0.00237976	0.899998	0.0153054	457.678
0.0115922	0.288778	0.0224271	670.638
0.999994	0.488263	0.838297	25067.6
0.999999	0.252567	0.600119	17945.4
0.578063	1	0.894883	26759.7
1	1	1	29903
0.948778	0.830537	0.975746	29177.7
0.0104467	0.705857	0.0435783	1303.12
0.0162677	1	0.0832674	2489.94
0.975683	1	0.999702	29894.1
0.953377	1	0.998896	29870
0.976683	1	0.999726	29894.8
0.995652	1	0.999991	29902.7
0.00602952	0.770925	0.0296155	885.594
0.379661	1	0.747354	22348.1
1	1	1	29903
0.256371	1	0.605325	18101
1	1	1	29903
0.512596	1	0.855147	25571.5
0.888467	1	0.993535	29709.7
0.903803	1	0.995217	29760
0.568596	1	0.889617	26602.2
0.888224	1	0.993506	29708.8
0.985705	1	0.999897	29899.9
0.951735	0.473959	0.810192	24227.2
0.0744191	0.319259	0.112613	3367.46
0.270597	1	0.624301	18668.5
0.659083	1	0.933859	27925.2
0.329346	1	0.695133	20786.6
0.919382	1	0.996659	29803.1
0.922391	0.3447	0.682275	20402.1
0.997637	0.844173	0.986834	29509.3
0.999644	1	1	29903
0.992959	0.407699	0.770911	23052.6
0.235056	0.803039	0.503474	15055.4
0.289983	1	0.648963	19405.9
0.481731	0.803041	0.754248	22554.3
0.490976	1	0.840237	25125.6
0.405938	1	0.771913	23082.5
0.517406	1	0.858339	25666.9
0.495039	1	0.84311	25211.5
0.520431	1	0.860323	25726.3
0.404622	1	0.770724	23047
0.371449	1	0.739311	22107.6
0.250868	1	0.597775	17875.3
0.279467	1	0.635752	19010.9
0.857257	1	0.98929	29582.7
1	1	1	29903
0.963515	0.0212486	0.100087	2992.89
0.998362	0.0523421	0.206496	6174.85
0.916811	0.0523494	0.193738	5793.35
0.822008	0.588752	0.835195	24974.8
0.336124	0.588752	0.518486	15504.3
0.429823	0.358474	0.442253	13224.7
0.661838	0.0815597	0.211553	6326.08
0.329343	0.687975	0.562973	16834.6
0.332685	0.687975	0.566375	16936.3
0.252503	0.688218	0.477884	14290.2
0.556214	0.0311173	0.087519	2617.08
0.999923	0.00102058	0.00804916	240.694
1	0.174559	0.479251	14331
1	0.277501	0.633238	18935.7
0.984924	0.403587	0.76422	22852.5
1	0.404204	0.770346	23035.7
1	0.409805	0.775381	23186.2
1	0.264599	0.616394	18432
0.0110504	0.442521	0.0309078	924.237
0.00109237	2.55136e-08	7.05216e-10	2.10881e-05
0.477699	0.41695	0.520561	15566.3
0.659074	0.417037	0.629837	18834
0.637306	0.0392066	0.117173	3503.81
0.861897	0.416942	0.727141	21743.7
0.999893	0.116668	0.367292	10983.1
1.91219e-08	0.531611	1.97253e-07	0.00589845
0.00280808	1	0.0193063	577.315
0.00571529	0.413079	0.0166411	497.619
0.996727	0.228119	0.564149	16869.7
0.912155	0.407721	0.739762	22121.1
0.999997	1	1	29903
0.0386621	0.912679	0.153292	4583.9
0.382304	1	0.749904	22424.4
0.330373	0.910953	0.662339	19805.9
0.958667	1	0.999134	29877.1
1	1	1	29903
0.999959	0.74334	0.963807	28820.7
0.772821	1	0.971983	29065.2
1	0.790626	0.976368	29196.3
0.247047	1	0.592463	17716.4
0.999984	0.902039	0.995036	29754.5
0.999949	0.487178	0.837502	25043.8
0.999999	0.720025	0.956531	28603.1
0.941504	1	0.998255	29850.8
0.999751	0.100622	0.33163	9916.74
0.0863088	0.878207	0.27133	8113.58
0.599638	3.47377e-14	6.77026e-13	2.02451e-08
0.000661707	4.66531e-23	1.84421e-24	5.51475e-20
1	0.368176	0.736056	22010.3
1	0.0227872	0.108958	3258.17
0.522687	0.478345	0.596608	17840.4
1	0.265005	0.616934	18448.2
0.186456	0.120611	0.107827	3224.35
0.49454	0.118028	0.224196	6704.13
0.343002	0.118045	0.170328	5093.33
0.795533	0.267239	0.541774	16200.7
0.874244	0.267271	0.573376	17145.7
0.998602	0.274964	0.629478	18823.3
0.990441	1	0.999954	29901.6
0.836037	0.259737	0.548774	16410
0.999999	0.0110206	0.0607012	1815.15
0.936157	1	0.997917	29840.7
0.97159	1	0.999593	29890.8
0.802546	1	0.979079	29277.4
0.695513	1	0.948058	28349.8
0.555958	1	0.88234	26384.6
0.512934	1	0.855373	25578.2
0.422591	1	0.78659	23521.4
0.965103	1	0.999384	29884.6
0.631196	1	0.921634	27559.6
0.747163	1	0.96494	28854.6
0.752271	1	0.966411	28898.6
0.999945	2.02102e-05	0.000238656	7.13654
0.976406	0.0591328	0.222396	6650.32
0.979648	0.0591634	0.223028	6669.21
0.983478	1	0.999863	29898.9
0.27317	1	0.627652	18768.7
0.877909	1	0.992224	29670.5
0.976823	0.810649	0.976657	29205
0.909122	0.929692	0.987348	29524.7
0.999794	0.330741	0.696604	20830.5
0.988992	1	0.999939	29901.2
0.995554	0.659477	0.932795	27893.4
0.999993	0.610381	0.911707	27262.8
0.928328	1	0.997368	29824.3
0.969994	1	0.999545	29889.4
0.861679	0.0214249	0.0921605	2755.88
0.999991	0.0617937	0.233823	6992.01
0.87192	6.36747e-07	8.55215e-06	0.255735
0.92378	1.44187e-05	0.000162851	4.86972
1	7.17961e-06	9.22167e-05	2.75756
0.952292	2.72742e-78	4.66597e-76	1.39526e-71
1	4.59138e-73	7.69353e-71	2.3006e-66
0.816441	1.18278e-78	1.74435e-76	5.21614e-72
0.967859	0.0899421	0.299566	8957.92
0.992828	0.255583	0.601744	17994
0.992452	0.413512	0.775904	23201.8
0.457819	1	0.815505	24386
0.577733	0.397076	0.567148	16959.4
0.922004	0.0828824	0.272929	8161.41
0.42612	0.0174028	0.0437834	1309.25
0.879333	0.359237	0.679908	20331.3
0.0825039	8.12649e-07	1.17452e-06	0.0351215
0.620976	1	0.916848	27416.5
0.771273	1	0.971582	29053.2
0.322761	0.839456	0.624754	18682
1	0.871453	0.991359	29644.6
0.999999	0.720441	0.956668	28607.2
0.335175	0.507783	0.47158	14101.7
0.885802	0.763069	0.940668	28128.8
0.969702	1	0.999536	29889.1
0.358268	0.717854	0.60643	18134.1
0.144122	0.716807	0.337821	10101.8
0.998403	0.044756	0.18357	5489.29
0.00302944	0.105668	0.00289602	86.5998
0.00288572	0.165125	0.00412129	123.239
1	1	1	29903
0.999803	0.6345	0.923089	27603.1
0.999936	1	1	29903
0.36713	0.628003	0.568846	17010.2
0.412828	0.400658	0.463024	13845.8
0.954928	1	0.998969	29872.2
0.870508	1	0.991229	29640.7
0.998272	1	0.999999	29903
0.328839	1.39649e-247	2.61993e-245	7.83437e-241
0.999996	0.174782	0.479638	14342.6
0.680564	1	0.942468	28182.6
0.53012	1	0.866562	25912.8
0.594351	1	0.903583	27019.8
0.966166	1	0.999421	29885.7
0.370607	1	0.738477	22082.7
1	1	1	29903
0.941809	1	0.998273	29851.4
0.677594	1	0.941318	28148.2
1	0.823443	0.983406	29406.8
0.130574	1	0.396399	11853.5
0.171773	1	0.474366	14185
0.985942	1	0.999901	29900
0.521173	0.00184917	0.00765658	228.955
0.717561	1	0.955718	28578.8
0.790217	1	0.976272	29193.5
0.786101	1	0.975292	29164.2
0.883935	1	0.992988	29693.3
0.931585	1	0.997604	29831.4
0.842145	1	0.986828	29509.1
0.768763	1	0.970927	29033.6
0.887004	1	0.993361	29704.5
0.909292	1	0.995756	29776.1
0.960343	1	0.999203	29879.2
0.872134	1	0.991453	29647.4
0.999722	0	0	0
0.446713	0.261824	0.367947	11002.7
0.744845	0.0069226	0.0323171	966.378
0.261166	0.261852	0.25184	7530.76
0.913928	0.00291359	0.0184489	551.678
0.931091	0.447152	0.781159	23359
0.000609303	0.000105371	1.12749e-06	0.0337152
0.000743767	0.000120762	1.54717e-06	0.046265
0.00203869	0.000142194	4.65382e-06	0.139163
0.73713	1	0.961948	28765.1
0.630604	1	0.921361	27551.5
0.622098	1	0.917382	27432.5
0.73713	1	0.961948	28765.1
0.623542	1	0.918065	27452.9
0.790312	1	0.976294	29194.1
0.821507	1	0.983027	29395.5
0.616534	1	0.914716	27352.7
0.950079	1	0.998733	29865.1
0.0860885	1	0.29721	8887.48
0.0552141	1	0.215144	6433.45
0.762474	1	0.969247	28983.4
0.994996	1	0.999987	29902.6
0.999997	1	1	29903
0.915578	1	0.996332	29793.3
0.959362	1	0.999163	29878
0.863034	1	0.99016	29608.8
1	1	1	29903
1	1	1	29903
0.922454	1	0.996912	29810.7
0.636269	1	0.923948	27628.8
0.879157	1	0.992385	29675.3
1	1	1	29903
0.955173	1	0.99898	29872.5
1	1	1	29903
0.771269	1	0.971582	29053.2
1	1	1	29903
0.665833	1	0.936638	28008.3
0.984751	1	0.999883	29899.5
0.999995	1	1	29903
0.916924	1	0.996449	29796.8
0.99972	1	1	29903
0.959059	1	0.99915	29877.6
1	0.852451	0.988536	29560.2
1	1	1	29903
0.999999	1	1	29903
0.362047	0.000279962	0.00103355	30.9061
0.975078	1.21543e-06	1.73572e-05	0.519032
0.364769	3.10918e-16	4.27743e-15	1.27908e-10
0.367894	3.3678e-06	1.80908e-05	0.54097
0.391597	3.35126e-06	1.90863e-05	0.570738
0.534682	5.92958e-06	4.33134e-05	1.2952
0.0955184	0.000307807	0.000336188	10.053
0.843247	0.00195568	0.0122159	365.292
1	1.18597e-07	2.00992e-06	0.0601027
0.139068	0.000310081	0.000476567	14.2508
0.418389	0.000310081	0.00129086	38.6006
0.662083	0.424222	0.637537	19064.3
0.946492	8.4542e-06	0.00010191	3.04742
0.965795	0.00437542	0.0273261	817.133
0.95893	0.00433927	0.0269719	806.542
0.93433	0.0192902	0.0904069	2703.44
1	0.000383252	0.00339823	101.617
0.975616	0.000126697	0.00123588	36.9566
0.981678	0.000126156	0.00123801	37.0202
0.525437	0.217647	0.362338	10835
0.817931	0.00407382	0.0223389	668.001
0.872332	0.034352	0.135079	4039.25
0.833875	1	0.985367	29465.4
0.835051	1	0.985579	29471.8
0.833945	1	0.985379	29465.8
0.735568	1	0.96147	28750.8
0.999845	1	1	29903
0.954707	1	0.998958	29871.9
0.532513	1	0.868075	25958.1
0.0064663	1	0.0390639	1168.13
0.730063	1	0.959759	28699.7
0.134282	1	0.403896	12077.7
0.963474	1	0.999325	29882.8
0.912747	0.583409	0.86807	25957.9
0.946803	1	0.998559	29859.9
0.388978	0.139739	0.212649	6358.85
0.651638	5.82249e-19	1.64726e-17	4.92579e-13
0.956862	8.94321e-11	2.06932e-09	6.1879e-05
1	0.000834765	0.00675188	201.902
0.997571	0.600975	0.906248	27099.5
0.998478	0.145148	0.424858	12704.5
0.881298	1.41868e-09	2.68808e-08	0.000803818
0.497476	0.000616114	0.00278619	83.3154
0.943712	0.0193221	0.0912533	2728.75
0.112671	1	0.358663	10725.1
2.05336e-13	1	6.20405e-12	1.8552e-07
0.995405	1	0.999989	29902.7
0.00837042	1	0.0484066	1447.5
0.999994	1	1	29903
0.999945	1	1	29903
0.303261	0.811315	0.591053	17674.2
0.425651	1	0.789215	23599.9
0.854372	1	0.98884	29569.3
1	0.855489	0.989015	29574.5
0.993896	0.245178	0.587733	17575
0.104434	0.915004	0.319929	9566.82
0.971235	0.910935	0.993086	29696.2
1	0.701213	0.950104	28411
0.0860962	1.01373e-05	1.30495e-05	0.390219
0.75644	1.9411e-06	2.119e-05	0.633644
1	2.78648e-07	4.48437e-06	0.134096
0.723821	6.62787e-05	0.000525068	15.7011
0.112068	4.65436e-08	1.04694e-07	0.00313067
0.0556765	4.7186e-08	5.45327e-08	0.00163069
0.425919	1.23716e-32	3.96902e-31	1.18685e-26
0.798317	5.76018e-07	7.17008e-06	0.214407
0.990176	3.5668e-09	7.2265e-08	0.00216094
0.997277	9.78318e-10	2.12184e-08	0.000634495
0.0224764	0.00574976	0.00128638	38.4667
0.848292	0.000792974	0.00558605	167.04
0.728183	0.00591326	0.0277636	830.216
0.780492	0.000175935	0.0013585	40.6231
0.958795	0.023949	0.109619	3277.95
0.520704	0.0176502	0.0522902	1563.63
1	0.660412	0.934411	27941.7
1	1	1	29903
0.498632	1	0.845624	25286.7
1	1	1	29903
1	1	1	29903
0.999973	0.0542914	0.212459	6353.17
0.00220469	2.78511e-19	3.06044e-20	9.15164e-16
0.282461	0.0041869	0.00915363	273.721
0.962631	0.614718	0.902222	26979.2
0.994206	1	0.999983	29902.5
0.886507	0.106607	0.317459	9492.99
0.989632	0.00106002	0.00824525	246.558
0.98161	0.00107158	0.00826476	247.141
1	0.522094	0.861407	25758.7
0.999779	0.262644	0.61371	18351.8
0.323715	1	0.68883	20598.1
0.999807	0.241664	0.584811	17487.6
0.712531	2.1555e-05	0.00018559	5.54971
0.999929	0.767689	0.970629	29024.7
1	8.89985e-05	0.000919078	27.4832
0.700449	1	0.949832	28402.8
0.966131	0.128065	0.382279	11431.3
0.999978	0.0757959	0.271323	8113.37
0.102506	0.401795	0.172557	5159.97
0.995247	0.629836	0.919616	27499.3
0.967636	0.644526	0.918124	27454.7
0.863646	0.00186567	0.011973	358.027
0.999997	0.67164	0.938974	28078.1
0.999996	0.644422	0.927581	27737.5
0.738951	0.00914848	0.0405393	1212.25
0.999999	0.0737999	0.266152	7958.74
0.991628	0.258684	0.605526	18107.1
0.812567	0.256782	0.535629	16016.9
0.999999	0.263133	0.61444	18373.6
1	0.264668	0.616486	18434.8
0.655129	0.0962168	0.237266	7094.97
6.40819e-06	0.0066058	7.6102e-07	0.0227568
0.890482	1	0.993771	29716.7
0.324445	1	0.689653	20622.7
0.0810391	1	0.284676	8512.67
0.170023	1	0.471274	14092.5
1	1	1	29903
1	1	1	29903
1	1	1	29903
0.1642	1	0.460855	13781
0.415349	1	0.780289	23333
0.426625	1	0.790046	23624.7
0.501634	0.894383	0.808251	24169.1
0.249346	0.841882	0.537611	16076.2
0.999998	0.0892126	0.304815	9114.89
0.993744	0.192977	0.508469	15204.8
0.103367	0.881592	0.309423	9252.67
0.999938	0.0223812	0.107414	3212
0.789917	1	0.976201	29191.3
0.80421	1	0.979443	29288.3
0.574118	0.557007	0.684377	20464.9
0.918553	0.445822	0.775119	23178.4
0.999903	1	1	29903
0.831869	1	0.985	29454.4
0.911606	1	0.995973	29782.6
0.981816	1	0.999834	29898
0.96033	1	0.999203	29879.2
0.345067	0.000948958	0.002955	88.3634
0.702121	0.0106195	0.043982	1315.19
0.52931	0.00658776	0.0232187	694.31
0.918992	0.011211	0.0574416	1717.68
0.823267	0.0112092	0.0524667	1568.91
0.844113	0.0112091	0.0535582	1601.55
0.717423	0.011216	0.0468513	1400.99
1	1.97042e-05	0.000233193	6.97317
0.553683	1	0.881	26344.5
0.16318	1	0.459009	13725.8
0.996773	0.823436	0.982884	29391.2
0.91746	1	0.996496	29798.2
0.446158	0.870827	0.755837	22601.8
0.946443	1	0.99854	29859.3
0.849834	1	0.988114	29547.6
0.762962	1	0.969379	28987.3
0.783835	1	0.974743	29147.7
1	1	1	29903
0.234929	1	0.575217	17200.7
0.86078	0.228737	0.516861	15455.7
0.993904	0.804187	0.978355	29255.7
0.96107	0.679007	0.931112	27843
0.934271	0.602561	0.886404	26506.1
0.346604	1	0.713856	21346.4
0.743609	0.000652081	0.0041854	125.156
0.999999	0.108438	0.349342	10446.4
0.916081	1	0.996376	29794.6
0.784531	3.13681e-11	6.25761e-10	1.87121e-05
0.999939	0.113163	0.359721	10756.7
1	0.395711	0.762563	22802.9
0.999171	0.412345	0.777336	23244.7
1	0.395785	0.762632	22805
0.594574	0.395662	0.575682	17214.6
0.845721	0.395831	0.701105	20965.1
0.892476	0.112941	0.332091	9930.51
0.587475	0.187199	0.352745	10548.1
0.456741	0.125405	0.221083	6611.04
0.325798	0.125412	0.171511	5128.68
0.266446	0.187324	0.199522	5966.3
0.312505	0.125409	0.166142	4968.16
0.90425	0.440173	0.764703	22866.9
0.651617	0.320639	0.536069	16030.1
0.901801	0.731996	0.934288	27938
0.960924	1	0.999226	29879.9
0.565104	1	0.887635	26542.9
0.023114	0.0868248	0.0144719	432.752
0.984578	1	0.99988	29899.4
0.857094	0.30433	0.611368	18281.7
0.323036	0.727379	0.575276	17202.5
1	0.00902905	0.0515316	1540.95
0.950044	1	0.998731	29865
0.999999	1	1	29903
6.80707e-08	0.0525223	7.31107e-08	0.00218623
0.946746	0.629374	0.904365	27043.2
0.942857	0.627428	0.902132	26976.5
0.995837	1	0.999991	29902.7
0.457752	1.48976e-06	1.03643e-05	0.309925
0.562574	0.182641	0.336552	10063.9
0.213472	0.171575	0.15775	4717.2
0.769532	0.171465	0.399188	11936.9
0.999764	0.26502	0.61687	18446.3
0.972376	1.38572e-08	2.57665e-07	0.00770495
0.910417	1.54336e-08	2.68102e-07	0.00801705
0.0342733	6.25581e-12	6.46885e-12	1.93438e-07
0.904669	1	0.995304	29762.6
0.985926	1	0.9999	29900
0.636229	1	0.923929	27628.3
1	0.887626	0.993435	29706.7
0.990542	0.778173	0.971463	29049.7
0.684411	1	0.943937	28226.6
0.998355	0.133024	0.400922	11988.8
0.115178	1	0.36411	10888
0.372852	1	0.740698	22149.1
0.999994	1	1	29903
0.999998	1	1	29903
1	1	1	29903
0.386215	9.21308e-17	1.38325e-15	4.13633e-11
1	1	1	29903
1	0.236632	0.577678	17274.3
0.375567	0.225098	0.293397	8773.45
0.0230171	0.218131	0.0316015	944.979
0.826805	0.212654	0.481453	14396.9
0.935377	0.219808	0.530829	15873.4
0.995299	0.384028	0.749826	22422
0.991214	1	0.999961	29901.8
0.982415	1	0.999844	29898.3
0.810497	1	0.980789	29328.5
0.837124	0.592058	0.843522	25223.9
0.999987	0.010019	0.0561384	1678.71
0.937779	1	0.998023	29843.9
0.999999	0.632655	0.922303	27579.6
0.922452	1	0.996912	29810.7
0.778825	0.4015	0.676215	20220.8
0.0350662	0.0233159	0.00663004	198.258
0.634606	1	0.923194	27606.3
0.999049	1	1	29903
0.999997	1	1	29903
0.999992	1	1	29903
0.941457	1	0.998252	29850.7
1	1	1	29903
0.999958	1	1	29903
0.442554	1	0.803321	24021.7
0.811254	1	0.980947	29333.3
0.993204	1	0.999977	29902.3
0.597734	0.80324	0.832396	24891.1
0.999944	0.0847675	0.293949	8789.95
0.419024	0.904433	0.746693	22328.4
0.51198	1	0.854735	25559.1
0.999984	0.309852	0.672888	20121.4
0.754516	1	0.967047	28917.6
0.857409	1	0.989313	29583.4
0.99978	0.568401	0.889436	26596.8
0.340548	1	0.707386	21153
0.944051	1	0.998405	29855.3
1	9.98599e-11	2.39936e-09	7.1748e-05
0.575377	0.0614245	0.15348	4589.51
0.999714	4.02172e-37	3.40962e-35	1.01958e-30
0.97407	1.39617e-07	2.28619e-06	0.0683639
0.173102	0.0366579	0.0384541	1149.89
0.9812	1.97184e-17	7.63923e-16	2.28436e-11
0.701574	0.062144	0.180181	5387.96
0.396366	5.62387e-11	5.6902e-10	1.70154e-05
0.421655	1.54518e-05	8.4317e-05	2.52133
0.207506	1.54513e-05	4.37666e-05	1.30875
1	8.78304e-22	4.3462e-20	1.29965e-15
1	9.54903e-10	2.07877e-08	0.000621614
1	1.32955e-05	0.000162579	4.86159
0.985704	5.9141e-08	1.02937e-06	0.0307812
0.434586	4.93871e-08	4.00433e-07	0.0119741
1	0.0183942	0.0918923	2747.86
0.777924	5.92686e-23	2.41741e-21	7.22879e-17
0.238365	2.23157e-06	8.21658e-06	0.2457
0.980423	0.859816	0.986972	29513.4
0.999992	0.0782022	0.277496	8297.95
0.705947	1	0.951768	28460.7
0.954355	1	0.998942	29871.4
0.515642	0.29892	0.442358	13227.8
0.966316	0.518734	0.847446	25341.2
1	1	1	29903
1	0.0499775	0.199719	5972.2
0.999848	0.29793	0.658638	19695.3
0.998133	0.529132	0.865304	25875.2
1	0.281077	0.6378	19072.1
0.999999	0.885049	0.993124	29697.4
0.999906	0.598496	0.905696	27083
0.0129818	0.800313	0.0578378	1729.52
0.986965	0.905416	0.994129	29727.4
5.3045e-11	6.71631e-21	2.5334e-29	7.57563e-25
0.999988	1	1	29903
0.988232	1	0.99993	29900.9
0.00292036	6.49422e-09	4.87193e-10	1.45685e-05
0.00034209	1.02886e-09	1.04446e-11	3.12324e-07
0.937391	1.01013e-09	2.06211e-08	0.000616633
1	2.76575e-06	3.81623e-05	1.14117
0.111923	0.891309	0.3297	9859.02
0.64918	0.00746994	0.030691	917.754
0.999998	1.561e-11	4.04034e-10	1.20818e-05
0.995367	1.2854e-05	0.000156943	4.69307
0.999995	0.409976	0.775532	23190.7
0.90148	1.31063e-07	2.00281e-06	0.0598901
0.990442	1.70334e-07	2.7997e-06	0.0837194
0.999999	4.49652e-15	1.53041e-13	4.57638e-09
0.996833	1.77463e-26	1.06665e-24	3.18961e-20
0.978912	4.56345e-44	4.50371e-42	1.34675e-37
1	1	1	29903
0.611413	1	0.912217	27278
1	1	1	29903
0.999966	1	1	29903
0.210721	0.688477	0.425146	12713.1
0.232296	0.688532	0.453109	13549.3
0.999985	0.370758	0.738621	22087
0.285935	0.714433	0.528733	15810.7
0.529066	1	0.865891	25892.7
1	0.924425	0.997069	29815.4
0.730773	1	0.959982	28706.3
0.160379	7.95982e-11	3.32988e-10	9.95735e-06
0.0310553	0.770018	0.113189	3384.68
0.999832	0.626192	0.919262	27488.7
0.999867	1	1	29903
0.999282	0.626548	0.919268	27488.9
8.30908e-09	0.0187265	3.66962e-09	0.000109733
0.812563	0.13789	0.357295	10684.2
0.819244	1	0.982579	29382.1
0.798102	1	0.978089	29247.8
0.112716	1	0.358761	10728
0.640425	1	0.925813	27684.6
0.906893	1	0.995524	29769.2
0.694767	1	0.947786	28341.7
0.83094	1	0.984828	29449.3
0.607903	1	0.910481	27226.1
0.061037	1	0.231713	6928.92
0.39119	1	0.758346	22676.8
0.54868	1	0.878019	26255.4
0.999998	1	1	29903
0.316775	0.172661	0.213637	6388.38
1	0.174096	0.478442	14306.9
0.993301	0.411331	0.774283	23153.4
0.835866	0.517229	0.794871	23769
0.162354	0.0158624	0.0179288	536.126
0.764118	1	0.969691	28996.7
0.988854	2.38782e-06	3.29537e-05	0.985415
0.0778985	0.519714	0.170313	5092.87
0.273238	0.277464	0.271373	8114.87
0.0660161	1	0.245438	7339.34
0.166213	0.0351775	0.035911	1073.85
0.87859	1	0.992312	29673.1
1	1	1	29903
0.815929	0.638987	0.860934	25744.5
0.0723237	1	0.262289	7843.24
4.69783e-05	0.407529	0.000227126	6.79176
0.0313782	0.277076	0.0499489	1493.62
0.999942	0.426554	0.789964	23622.3
0.680922	0.715961	0.837761	25051.6
1.89352e-07	0.0670266	2.43455e-07	0.00728003
0.0152678	8.1494e-10	3.24869e-10	9.71456e-06
0.351125	0.911611	0.68472	20475.2
0.0529261	0.779788	0.172827	5168.03
0.313571	0.222955	0.255915	7652.62
1	0.772793	0.971976	29065
0.0846905	0.910725	0.274757	8216.05
0.955864	0.182143	0.478455	14307.2
0.0215766	0.174767	0.0248141	742.015
0.818232	0.174767	0.421122	12592.8
1	0.269702	0.623129	18633.4
0.113501	3.85583e-07	7.85325e-07	0.0234836
0.998408	0.00809166	0.0470065	1405.64
0.999998	0.00922797	0.0524657	1568.88
0.857098	6.17015e-09	1.06074e-07	0.00317193
1	0.00921226	0.0523922	1566.68
0.991244	0.000192683	0.00182655	54.6192
0.997798	1	0.999998	29902.9
0.972708	0.0220607	0.103895	3106.77
0.812414	0.327468	0.618305	18489.2
0.0217861	0.788352	0.0869796	2600.95
0.575335	1	0.893382	26714.8
0.977337	1.4051e-05	0.000167479	5.00811
0.730823	0.0352996	0.120152	3592.91
0.797098	0.0355989	0.129457	3871.14
1	0.2149	0.545326	16306.9
0.937507	0.325476	0.667332	19955.2
0.999979	0.00218154	0.0155491	464.965
0.366291	1	0.734167	21953.8
0.795387	8.2928e-07	1.00468e-05	0.300428
0.103816	0.00311388	0.00292141	87.3589
0.301399	0.0432428	0.0696011	2081.28
0.99998	0.212366	0.541408	16189.7
0.536513	8.13485e-08	7.83298e-07	0.0234229
0.96485	1.10331e-07	1.81561e-06	0.0542922
0.999992	0.408634	0.774332	23154.8
0.999984	0.549673	0.878609	26273.1
0.999978	0.128793	0.392754	11744.5
0.999992	0.00803273	0.0467842	1398.99
0.00441995	0.0271115	0.00120184	35.9386
0.00448728	0.0189017	0.000879979	26.314
0.051863	0.0344597	0.0130949	391.577
0.295265	0.0343939	0.0567658	1697.47
0.0446007	0.15979	0.0423606	1266.71
0.182502	0.00165397	0.00274855	82.1899
0.999999	0.494533	0.842754	25200.9
1	0.517788	0.858591	25674.4
0.181475	0.049191	0.0510504	1526.56
0.999923	0.224972	0.560555	16762.3
1	0.144415	0.423867	12674.9
0.817343	0.72358	0.902047	26973.9
0.943362	0.723537	0.943232	28205.5
0.977305	0.723536	0.952174	28472.9
0.999991	1	1	29903
0.00800843	0.505838	0.0263669	788.45
0.99996	0.112434	0.358136	10709.3
0.586457	1	0.899423	26895.4
0.999961	4.89192e-45	5.03989e-43	1.50708e-38
0.951956	0.00244312	0.0164284	491.257
0.243442	5.37651e-07	2.20531e-06	0.0659453
0.0201442	1.99173e-12	1.27775e-12	3.82086e-08
1	0.000181619	0.00174601	52.2111
0.999997	3.31879e-20	1.52173e-18	4.55043e-14
0.859856	1	0.989686	29594.6
1	1	1	29903
0.00949455	1	0.053711	1606.12
0.845951	1	0.987473	29528.4
0.862058	1	0.990016	29604.4
0.719431	1	0.956336	28597.3
1	1	1	29903
0.631985	1	0.921996	27570.5
0.923762	1	0.997017	29813.8
0.999934	0.542163	0.874047	26136.6
0.404861	1	0.770941	23053.4
0.822981	0.890046	0.960519	28722.4
0.999992	1	1	29903
0.706637	1	0.952008	28467.9
0.418653	1	0.783179	23419.4
0.850428	0.882128	0.965815	28880.8
0.0109706	1	0.0604756	1808.4
0.993703	1	0.99998	29902.4
0.870879	1	0.99128	29642.2
0.826597	1	0.984012	29424.9
0.951021	0.755333	0.955975	28586.5
0.264903	0.919896	0.587735	17575.1
0.66429	9.36925e-05	0.000664995	19.8853
0.99876	1.07743e-10	2.57752e-09	7.70755e-05
0.999997	7.61596e-05	0.000798355	23.8732
0.001809	0.0271702	0.000536759	16.0507
1	4.96883e-06	6.56498e-05	1.96313
0.544314	0.000376868	0.00194711	58.2243
0.671434	0.00037764	0.00235302	70.3623
0.999993	8.15617e-07	1.22499e-05	0.36631
0.568896	2.27226e-05	0.000158433	4.73763
0.59309	2.27244e-05	0.000164622	4.9227
0.0451714	1.72287e-06	1.35172e-06	0.0404204
0.102464	1.73688e-06	2.94388e-06	0.088031
0.999999	2.71794e-06	3.755e-05	1.12286
0.671216	0.758043	0.852604	25495.4
0.999998	1.83206e-08	3.44706e-07	0.0103078
0.996607	3.04715e-08	5.56036e-07	0.0166271
0.999973	0.442184	0.80301	24012.4
0.642785	0.0957931	0.233213	6973.78
0.807941	0.332922	0.622184	18605.2
0.999996	5.35276e-14	1.68925e-12	5.05137e-08
0.999807	0.511771	0.854529	25553
0.841114	1	0.98665	29503.8
0.617209	0.880559	0.874879	26161.5
0.713651	1	0.954409	28539.7
0.62936	1	0.920786	27534.3
0.908286	1	0.995659	29773.2
1	0	0	0
0.912643	0.304897	0.634213	18964.9
0.766745	6.11132e-09	9.45538e-08	0.00282744
0.975426	0.104539	0.334775	10010.8
0.999999	0.00338851	0.0226602	677.609
1	1	1	29903
0.901504	1	0.994982	29752.9
0.0226712	1	0.108519	3245.06
0.054037	1	0.211722	6331.11
0.999162	1	1	29903
0.991866	1	0.999967	29902
0.999999	0.450715	0.809899	24218.4
1	1	1	29903
1	0.251572	0.598748	17904.4
0.997396	0.897316	0.994281	29732
1	0.904721	0.995309	29762.7
1	0.914955	0.996277	29791.7
0.219197	1	0.551891	16503.2
0.836123	1	0.985772	29477.5
0.623813	1	0.918193	27456.7
0.999943	0.154564	0.443141	13251.2
0.724858	0.920167	0.937108	28022.3
0.948472	0.898967	0.988567	29561.1
0.999999	0.330303	0.696194	20818.3
1	0.703227	0.950816	28432.3
1	1	1	29903
1	1	1	29903
0.999987	0.9098	0.995803	29777.5
0.000100551	1.25261e-16	5.89714e-19	1.76342e-14
0.980281	1	0.999804	29897.1
0.999997	0.409515	0.775122	23178.5
0.99997	1	1	29903
0.993455	1.37216e-11	3.5468e-10	1.0606e-05
1	0.0171243	0.0867734	2594.78
0.999997	0.682542	0.943225	28205.3
0.993725	1.47281e-12	4.13459e-11	1.23637e-06
0.991653	1.4679e-12	4.113e-11	1.22991e-06
0.967141	0.0010214	0.00782364	233.95
0.81779	1.92897e-09	3.35492e-08	0.00100322
0.683998	6.10176e-05	0.000462607	13.8333
1	0.00256571	0.0178715	534.411
0.992145	0.000412482	0.00360182	107.705
0.993739	0.000412489	0.00360701	107.86
0.908341	1.72758e-12	4.42216e-11	1.32236e-06
1	6.73966e-12	1.80104e-10	5.38565e-06
0.942667	1.7183e-12	4.5595e-11	1.36343e-06
0.000393935	2.1512e-184	3.65878e-185	1.09408e-180
0.157555	6.18745e-168	3.7811e-166	1.13066e-161
0.209725	0.000463424	0.000995127	29.7573
0.605868	1.15154e-05	8.98116e-05	2.68564
0.665273	0.578319	0.752239	22494.2
0.982737	0.0435231	0.177583	5310.26
0.998119	1	0.999998	29902.9
0.726449	0.871283	0.922435	27583.6
1	0.614665	0.913809	27325.6
0.999999	0.71773	0.955774	28580.5
0.784564	0.644764	0.850601	25435.5
0.5042	0.918786	0.819717	24512
0.501673	1	0.84773	25349.7
0.999988	0.866683	0.990688	29624.5
1	1	1	29903
0.711688	0.0471836	0.147545	4412.03
0.610416	0.139577	0.295027	8822.19
0.460282	0.348506	0.453965	13574.9
0.956283	7.54336e-22	3.58378e-20	1.07166e-15
0.185725	0.0313937	0.0358268	1071.33
0.978734	0.00741209	0.042991	1285.56
0.981031	0.000440284	0.00377822	112.98
0.670858	4.15523e-07	4.48601e-06	0.134145
0.938662	0.320997	0.662763	19818.6
0.994344	0.0277797	0.126763	3790.61
0.533809	0.0277797	0.0772767	2310.81
0.771284	0.0277797	0.10377	3103.02
0.689536	0.0277797	0.0949172	2838.31
1	0.0654077	0.243782	7289.81
1	0.00136956	0.0103994	310.974
0.623361	5.38116e-06	4.56375e-05	1.3647
0.999998	0.0216523	0.104638	3128.98
1	0.273864	0.628551	18795.6
0.980667	1	0.999812	29897.4
0.950814	1	0.99877	29866.2
0.717719	1	0.95577	28580.4
0.28845	1	0.647061	19349.1
0.99993	1	1	29903
0.165698	0.898855	0.43255	12934.5
0.999999	0.705136	0.951485	28452.3
0.364156	0.945101	0.711262	21268.9
0.974953	0.531242	0.858688	25677.3
1	0.473379	0.8274	24741.7
0.999999	1	1	29903
0.810831	1	0.980859	29330.6
0.991884	0.578505	0.892537	26689.5
1	0.411178	0.776604	23222.8
0.713188	0.260147	0.498069	14893.8
0.998334	1	0.999999	29903
0.632692	1	0.92232	27580.1
0.742166	1	0.963467	28810.5
0.999323	0.0150281	0.0780708	2334.55
0.967445	0.578119	0.884291	26443
0.463617	1	0.819998	24520.4
0.353223	1	0.720806	21554.3
0.463617	1	0.819998	24520.4
0.736955	1	0.961895	28763.5
0.463617	1	0.819998	24520.4
0.974526	1	0.999673	29893.2
0.290577	1	0.649697	19427.9
0.401848	1	0.768205	22971.6
0.401848	1	0.768205	22971.6
0.489687	1	0.839318	25098.1
0.75575	1	0.967394	28928
0.999973	0.000656475	0.0054674	163.492
0.903094	1	0.995145	29757.8
0.770145	1	0.971289	29044.4
1	0.722762	0.957425	28629.9
0.174701	1	0.479498	14338.4
0.444796	1	0.805143	24076.2
0.798882	1	0.978265	29253
1	1	1	29903
0.963747	0.406631	0.759001	22696.4
0.893888	1	0.99416	29728.4
0.63372	1	0.92279	27594.2
0.999877	0.751324	0.966115	28889.7
0.982039	0.85047	0.985605	29472.6
0.799728	1	0.978454	29258.7
0.999986	1	1	29903
1	0.284642	0.642301	19206.7
0.999999	0.693271	0.94724	28325.3
0.999999	1	1	29903
0.997732	1	0.999997	29902.9
0.412051	1	0.777379	23246
0.999991	1	1	29903
0.871982	1	0.991432	29646.8
0.985515	1	0.999895	29899.8
0.988306	1	0.999931	29900.9
0.040417	1	0.170095	5086.35
0.176395	0.164892	0.131978	3946.54
0.962154	1	0.999275	29881.3
0.999993	0.00840223	0.0485584	1452.04
0.283171	1.35177e-09	8.68287e-09	0.000259644
0.630536	1.06856e-08	1.3351e-07	0.00399235
0.35078	8.81182e-14	9.92453e-13	2.96773e-08
0.842279	0.000165439	0.00137654	41.1626
0.597976	9.93071e-12	1.59442e-10	4.76778e-06
0.161301	2.49894e-14	1.37631e-13	4.11558e-09
0.584035	6.02922e-08	6.39529e-07	0.0191238
0.810205	9.00508e-24	3.95986e-22	1.18412e-17
0.863348	9.00574e-24	4.21496e-22	1.2604e-17
0.97159	1.9845e-10	4.50587e-09	0.000134739
0.535642	0.0353429	0.0940301	2811.78
0.931688	9.86297e-08	1.58079e-06	0.0472703
0.859467	1.21835e-06	1.54656e-05	0.462467
0.0299786	4.10498e-50	1.45489e-49	4.35055e-45
0.89513	9.13525e-33	6.12344e-31	1.83109e-26
0.516784	0.0334934	0.087523	2617.2
0.0144009	2.92197e-44	4.43857e-44	1.32726e-39
0.430369	0.0636832	0.12599	3767.47
0.0750897	6.0129e-30	3.19995e-29	9.56881e-25
0.497312	1	0.844703	25259.2
0.999999	1	1	29903
0.25465	1	0.602977	18030.8
0.202346	1	0.52565	15718.5
0.275026	1	0.630055	18840.5
1	1	1	29903
0.771403	1	0.971616	29054.2
1	1	1	29903
0.312388	1	0.675855	20210.1
1	0.917717	0.996518	29798.9
0.970221	1	0.999552	29889.6
0.592069	0.841176	0.845207	25274.2
1	1	1	29903
0.999992	1	1	29903
0.999987	1	1	29903
0.981333	0.080029	0.278345	8323.34
0.339361	1	0.706106	21114.7
0.999999	1	1	29903
1	1	1	29903
0.486932	0.0884074	0.178454	5336.32
0.0953302	0.0471796	0.0288038	861.32
0.955142	0.000184254	0.00169743	50.7582
1	0.0128305	0.0687192	2054.91
0.863504	2.68641e-10	5.37815e-09	0.000160823
0.450077	0.00863931	0.0254678	761.563
1	0.230066	0.568122	16988.6
0.667682	0.000692219	0.00401153	119.957
0.96653	0.00266066	0.0179067	535.463
0.91756	0.000441406	0.00356884	106.719
1	0.00272237	0.0188014	562.217
0.563959	0.0291042	0.0838675	2507.89
0.975983	1	0.999709	29894.3
0.410396	0.384008	0.448788	13420.1
0.127877	0.714735	0.310071	9272.06
0.531524	1	0.867451	25939.4
0.699372	1	0.949448	28391.4
0.988419	0.244634	0.585072	17495.4
0.999999	0.022309	0.107145	3203.95
0.761766	1	0.969055	28977.6
0.685343	1	0.94429	28237.1
1	1	1	29903
1	0.672115	0.939164	28083.8
0.990551	1	0.999955	29901.7
1	0.629225	0.920724	27532.4
0.670652	0.838782	0.88616	26498.9
0.646733	0.097219	0.236825	7081.77
0.821623	1	0.98305	29396.2
0.261052	1	0.611654	18290.3
0.419578	0.0630406	0.122531	3664.05
0.902903	1	0.995126	29757.2
0.527651	0.0417937	0.106168	3174.74
0.827304	1	0.984147	29428.9
0.86148	0.381592	0.694452	20766.2
0.376702	0.100006	0.161194	4820.18
0.965209	0.10006	0.322323	9638.41
0.97369	6.11394e-39	5.29925e-37	1.58464e-32
0.995065	1.3087e-09	2.79451e-08	0.000835643
0.748033	5.9664e-07	6.97231e-06	0.208493
0.638982	2.92205e-29	1.2538e-27	3.74922e-23
0.70057	0.0270833	0.094199	2816.83
0.977146	2.43846e-20	1.10043e-18	3.29061e-14
0.734161	0.124195	0.309547	9256.38
0.98275	1	0.99985	29898.5
0.979359	1	0.999785	29896.6
0.036285	1	0.156619	4683.37
0.918493	1	0.996584	29800.9
0.868276	0.642741	0.88358	26421.7
0.983295	1	0.99986	29898.8
0.277921	1	0.633776	18951.8
0.928658	1	0.997392	29825
0.967259	0.921061	0.99382	29718.2
0.930064	0.563653	0.862793	25800.1
0.999954	0.664013	0.935883	27985.7
0.990784	0.887166	0.992364	29674.7
0.999984	0.0241672	0.114135	3412.97
0.734066	1	0.961007	28737
0.197027	1	0.517081	15462.3
0.999999	1	1	29903
0.871059	1	0.991305	29643
0.0190769	1	0.0946075	2829.05
0.999906	1.69549e-10	3.98369e-09	0.000119124
0.999998	0.00654865	0.0394784	1180.52
0.870842	0.584673	0.852838	25502.4
0.768438	1	0.970841	29031.1
0.998972	1	0.999999	29903
0.758034	1	0.96803	28947
0.566154	1	0.888233	26560.8
0.531468	1	0.867415	25938.3
0.111103	0.803361	0.304921	9118.05
0.629385	0.834179	0.8633	25815.3
1	1	1	29903
0.211031	0.483316	0.334832	10012.5
1	0.149796	0.434181	12983.3
0.39352	1	0.760526	22742
0.983465	0.835084	0.982982	29394.1
0.0565432	0.846348	0.193315	5780.69
0.981625	0.107289	0.342364	10237.7
0.728053	0.841009	0.912653	27291.1
0.999998	1	1	29903
0.179941	1	0.488563	14609.5
0.394022	1	0.760994	22756
0.490662	0.622999	0.66798	19974.6
0.0306018	8.83352e-05	3.73614e-05	1.11722
0.977866	1.33836e-14	4.31454e-13	1.29018e-08
0.999998	9.61814e-06	0.000120725	3.61005
0.987835	1.26697e-06	1.82616e-05	0.546078
0.92509	0.00345615	0.0215669	644.916
0.380783	1.09258e-07	7.48662e-07	0.0223872
0.351378	1.27514e-16	1.73147e-15	5.17762e-11
0.706982	6.14042e-18	1.77894e-16	5.31956e-12
0.878958	0.00617444	0.0337366	1008.83
0.0584374	7.20865e-16	1.6305e-15	4.87569e-11
0.214591	0.000819188	0.00169571	50.7068
0.369351	3.19987e-21	5.81331e-20	1.73835e-15
0.832243	1.55878e-17	5.17404e-16	1.54719e-11
0.438807	5.33876e-18	9.74446e-17	2.91389e-12
1	0.000185386	0.00177842	53.1801
0.387091	0.00055243	0.00202086	60.4297
0.999999	2.23562e-26	1.34277e-24	4.01528e-20
0.0634164	3.61692e-06	3.73599e-06	0.111717
0.682042	1	0.943035	28199.6
0.894109	1	0.994184	29729.1
0.999999	1	1	29903
0.644731	1	0.927718	27741.5
0.999989	1	1	29903
0.796065	1	0.977627	29234
0.782065	0.494605	0.754214	22553.2
0.999999	0.882595	0.992821	29688.3
0.222948	1	0.557552	16672.5
0.999886	0.0849245	0.294324	8801.16
0.998214	1	0.999998	29903
0.999999	0.106047	0.344003	10286.7
0.999999	1	1	29903
0.858071	0.000224268	0.00183889	54.9883
0.996857	9.3133e-44	9.29196e-42	2.77858e-37
0.821469	2.72355e-10	5.19516e-09	0.000155351
0.974057	0.0041292	0.0262077	783.688
0.96918	3.08708e-09	6.17158e-08	0.00184549
0.836602	1.98823e-08	3.14572e-07	0.00940664
0.999999	0.146651	0.428177	12803.8
0.970088	8.8546e-05	0.000890099	26.6166
0.889284	8.8546e-05	0.000822806	24.6044
0.970088	8.8546e-05	0.000890099	26.6166
0.536035	8.8546e-05	0.000519992	15.5493
0.82979	8.8546e-05	0.000772848	23.1105
0.847566	7.72565e-09	1.29939e-07	0.00388557
0.650847	8.1743e-07	8.21792e-06	0.24574
0.653975	1	0.931709	27860.9
0.782945	1	0.974526	29141.3
0.807198	1	0.980089	29307.6
0.755886	1	0.967432	28929.1
0.958952	1	0.999146	29877.5
0.938154	1	0.998047	29844.6
1	0.884196	0.99302	29694.3
0.999991	0.0695026	0.254822	7619.94
0.999924	0.523856	0.862524	25792
1	0.774527	0.972421	29078.3
0.999652	1	1	29903
0.625541	1	0.919006	27481
0.576802	1	0.894191	26739
0.999989	0.787282	0.975573	29172.6
1	1	1	29903
0.198459	1	0.519402	15531.7
0.983178	1	0.999858	29898.7
0.430154	1	0.793037	23714.2
0.143498	0.000261301	0.000419631	12.5482
0.990389	1	0.999954	29901.6
1	1	1	29903
0.934253	1	0.99779	29836.9
0.655526	1	0.932366	27880.5
0.478265	1	0.831029	24850.2
0.834872	1	0.985547	29470.8
0.981699	1	0.999832	29898
0.955842	1	0.99901	29873.4
1	1	1	29903
1	1	1	29903
0.958848	1	0.999141	29877.3
1	1	1	29903
0.684133	0.0758007	0.205318	6139.62
0.784395	0.00671631	0.0329057	983.98
1	2.56719e-15	8.88145e-14	2.65582e-09
0.613751	0.076526	0.190609	5699.79
0.510178	0.0769569	0.166372	4975.01
1	1.02882e-11	2.70579e-10	8.09113e-06
0.918012	9.32347e-15	2.85802e-13	8.54635e-09
1	1.41551e-08	2.69984e-07	0.00807332
0.327081	6.97374e-07	3.71651e-06	0.111135
0.999997	1	1	29903
1	1	1	29903
0.999986	1	1	29903
0.39351	6.31973e-12	6.89363e-11	2.0614e-06
0.978857	0.913606	0.994205	29729.7
0.00646964	0.377944	0.0171495	512.822
1	0.915928	0.996363	29794.2
1	1	1	29903
0.999999	0.0777339	0.276302	8262.27
1	0.848006	0.987815	29538.6
0.622415	1	0.917532	27437
0.284411	1	0.64201	19198
0.829197	0.121953	0.332839	9952.88
0.49732	1	0.844709	25259.3
0.868619	1	0.990965	29632.8
0.921524	1	0.996837	29808.4
1	0.771274	0.971583	29053.2
0.3221	1	0.687005	20543.5
0.671955	1	0.9391	28081.9
0.993858	0.627681	0.918199	27456.9
0.829689	1	0.984596	29442.4
0.946412	0.618262	0.898714	26874.2
0.999998	0.257302	0.60659	18138.9
1	0.110044	0.352897	10552.7
0.735297	1	0.961387	28748.3
0.996885	0.0514247	0.203559	6087.02
0.944784	0.110035	0.339299	10146.1
0.898347	0.0489986	0.181492	5427.16
0.432816	0.453585	0.515929	15427.8
0.956968	0.00529834	0.0318638	952.823
0.999999	0.0822813	0.287788	8605.72
0.999999	0.0781721	0.27742	8295.7
0.431969	0.0146605	0.0383899	1147.97
0.909243	0.0754598	0.252441	7548.75
0.999889	1	1	29903
0.775449	1	0.972656	29085.3
0.810259	1	0.980739	29327
0.687827	1	0.945224	28265
0.591716	1	0.902206	26978.7
0.327997	1	0.693631	20741.7
0.406652	0.567841	0.569366	17025.8
0.999998	0.602219	0.907624	27140.7
1	1	1	29903
0.989483	1	0.999944	29901.3
0.990722	1	0.999957	29901.7
0.17247	0.807072	0.413673	12370.1
0.357666	0.910582	0.691045	20664.3
1	0.00928336	0.0527251	1576.64
1	1	1	29903
0.66733	1	0.937245	28026.4
0.305486	0.00128265	0.00346561	103.632
0.960198	0.0219605	0.102461	3063.9
0.9669	0.0687118	0.246582	7373.54
0.840181	1.28575e-08	2.08961e-07	0.00624856
0.999998	8.36619e-06	0.000106178	3.17503
0.999996	1.17376e-11	3.07152e-10	9.18477e-06
0.99489	1	0.999987	29902.6
0.888248	1	0.993509	29708.9
0.61848	1	0.915654	27380.8
0.371261	1	0.739125	22102
0.999981	1	1	29903
0.515125	1	0.856831	25621.8
0.737107	1	0.961941	28764.9
0.846593	0.146321	0.382584	11440.4
0.733311	9.17635e-07	1.02361e-05	0.30609
0.999999	0.397067	0.763817	22840.4
0.994701	2.46259e-20	1.1306e-18	3.38084e-14
0.999999	1	1	29903
0.999996	1	1	29903
0.975869	1	0.999706	29894.2
0.755284	1	0.967263	28924.1
0.949839	1	0.99872	29864.7
0.150662	1	0.435822	13032.4
0.364345	1	0.732207	21895.2
1	1	1	29903
0.647082	1	0.928745	27772.3
0.999919	1	1	29903
0.701324	0.104826	0.265414	7936.67
0.99883	2.44146e-25	1.40642e-23	4.20561e-19
0.959708	0.170172	0.459254	13733.1
0.999999	2.75904e-09	5.71351e-08	0.00170851
0.152488	5.23556e-05	0.000101696	3.04102
1	0.01047	0.0582053	1740.51
1	0.00782241	0.0457671	1368.57
0.141509	0.00152856	0.00204167	61.052
0.974329	1	0.999668	29893.1
0.980527	1	0.999809	29897.3
0.999998	1	1	29903
0.999972	1	1	29903
0.966125	1	0.99942	29885.6
0.98745	1	0.999921	29900.6
0.980097	1	0.999801	29897
0.0346401	0.90738	0.140183	4191.91
0.808476	0.71322	0.894091	26736
1	0.378185	0.745922	22305.3
0.998392	0.820936	0.982653	29384.3
0.889281	0.240856	0.544232	16274.2
0.515507	0.817353	0.78552	23489.4
0.496539	1	0.844163	25243
1	1	1	29903
0.527436	1	0.864851	25861.7
1	0.642412	0.926696	27711
0.999998	0.639568	0.92543	27673.1
1	0.706174	0.951848	28463.1
0.997522	0.0769115	0.273708	8184.7
0.999995	1	1	29903
0.690707	1	0.946296	28297.1
0.999999	1	1	29903
0.286906	1	0.645137	19291.5
0.518571	0.397354	0.531544	15894.8
0.577063	6.04283e-13	1.03513e-11	3.09534e-07
0.908425	0.399374	0.730646	21848.5
1	0.399408	0.765973	22904.9
0.529031	0.639192	0.704797	21075.6
0.905627	0.248248	0.560354	16756.3
0.855026	1	0.988943	29572.4
0.999942	0.582339	0.897193	26828.8
0.771604	0.398139	0.669782	20028.5
0.88852	1	0.993541	29709.9
0.970375	1	0.999557	29889.7
1	0.00269438	0.0186359	557.269
0.688675	1	0.945541	28274.5
1	1	1	29903
0.895779	1	0.99437	29734.6
0.818087	1	0.982348	29375.2
0.691329	1	0.946526	28304
0.413475	1	0.778639	23283.6
0.892536	1	0.994007	29723.8
0.878903	1	0.992352	29674.3
0.867274	1	0.990774	29627.1
0.590169	1	0.901392	26954.3
0.40263	0.187314	0.270353	8084.35
0.930331	1	0.997515	29828.7
1	0.520682	0.860487	25731.2
1	0.180684	0.489835	14647.5
0.962206	0.625523	0.907454	27135.6
1	0.264085	0.61571	18411.6
1	0.275459	0.630612	18857.2
0.150723	1	0.435938	13035.9
0.361593	1	0.729418	21811.8
0.989316	1	0.999943	29901.3
0.999989	1	1	29903
0.999811	0.405782	0.771704	23076.3
0.404102	1	0.770254	23032.9
1	0.814755	0.981672	29354.9
0.999992	0.928327	0.997367	29824.3
0.853155	1	0.988648	29563.5
0.999981	0.279267	0.635489	19003
0.251406	1	0.598519	17897.5
0.999609	0.923762	0.996988	29812.9
0.999998	0.327929	0.693555	20739.4
1	0.0602397	0.229478	6862.09
1	0.376466	0.744246	22255.2
0.971785	1	0.999598	29891
1	1	1	29903
0.545351	1	0.876011	26195.4
0.999998	1	1	29903
0.389865	0.185264	0.262037	7835.7
0.00473151	8.7061e-09	1.02623e-09	3.06874e-05
0.380015	3.57512e-13	4.16101e-12	1.24427e-07
0.981357	4.54691e-10	1.00533e-08	0.000300624
0.656341	1.03563e-05	8.76777e-05	2.62182
0.94949	9.47366e-14	2.79205e-12	8.34906e-08
0.68983	9.3673e-14	2.0271e-12	6.06164e-08
0.8115	0.0101667	0.0478309	1430.29
0.965921	3.83333e-11	9.26392e-10	2.77019e-05
0.96538	3.8082e-11	9.20065e-10	2.75127e-05
0.982371	7.85011e-16	2.76069e-14	8.25529e-10
0.161051	1	0.455136	13609.9
0.308769	1	0.671623	20083.5
0.0396936	1	0.167768	5016.75
6.52082e-06	1	8.43827e-05	2.5233
0.00405732	1	0.0264019	789.496
0.0113916	1	0.0623676	1864.98
0.826638	1	0.98402	29425.2
0.229445	1	0.567209	16961.2
0.973647	1	0.99965	29892.5
0.977505	1	0.999745	29895.4
0.993958	1	0.999982	29902.5
0.959751	1	0.999179	29878.4
0.999998	1	1	29903
0.901717	1	0.995004	29753.6
0.999747	1	1	29903
0.999867	0.196363	0.515958	15428.7
1	0.643692	0.927261	27727.9
0.999798	0.39241	0.759415	22708.8
0.99045	0.000219996	0.00205508	61.4531
0.99317	0.000255413	0.00235391	70.389
0.556173	0.000257424	0.00141046	42.1769
0.964628	1.11171e-05	0.000133438	3.99019
0.271295	1	0.625213	18695.7
0.0276367	1	0.126814	3792.12
0.997653	1	0.999997	29902.9
0.387025	1	0.754415	22559.3
1	1	1	29903
0.908047	1	0.995636	29772.5
0.999999	1	1	29903
0.999981	1.66409e-09	3.53014e-08	0.00105562
0.4187	0.0449406	0.0935752	2798.18
0.202175	1.38633e-14	9.67197e-14	2.89221e-09
0.945934	1.28585e-15	4.29887e-14	1.28549e-09
0.964226	2.97394e-10	6.58744e-09	0.000196984
0.606928	0.000622586	0.00335581	100.349
0.999999	0.000207898	0.00197055	58.9253
0.207278	3.40989e-05	9.08935e-05	2.71799
0.106514	0.00271027	0.00264149	78.9885
0.357762	6.93725e-23	1.31665e-21	3.93717e-17
0.560843	0.185117	0.338985	10136.7
0.000659714	1.1101e-06	1.61372e-08	0.00048255
0.0027394	1.11383e-06	6.28787e-08	0.00188026
0.000103583	1.10236e-06	2.72827e-09	8.15835e-05
0.999999	1	1	29903
0.999996	0.169681	0.470666	14074.3
0.846041	1	0.987488	29528.9
0.387258	3.187e-16	4.64437e-15	1.38881e-10
0.999997	1	1	29903
0.215354	0.58677	0.387757	11595.1
0.120625	3.12107e-13	1.20136e-12	3.59244e-08
0.046406	1.6122e-13	2.5083e-13	7.50056e-09
0.224196	5.64298e-05	0.00015533	4.64484
0.0387331	3.66633e-05	2.05413e-05	0.614245
1	0.0414841	0.173505	5188.32
1	0.813412	0.981396	29346.7
1	0.851938	0.988454	29557.7
0.999919	1	1	29903
0.668189	1	0.937592	28036.8
0.579273	1	0.895545	26779.5
0.636236	0.746019	0.828344	24770
0.948518	1	0.998651	29862.7
1	0.751835	0.966287	28894.9
0.999999	0.46866	0.823847	24635.5
0.819345	0.893917	0.960499	28721.8
0.999958	0.0661019	0.245664	7346.09
0.937312	1	0.997993	29843
0.672401	1	0.939277	28087.2
0.999999	1	1	29903
0.999999	1	1	29903
0.967571	1	0.999468	29887.1
1	1	1	29903
0.0956878	2.56131e-06	3.9757e-06	0.118885
1	4.25148e-18	1.74307e-16	5.21231e-12
0.998617	2.05221e-07	3.36108e-06	0.100507
0.769697	2.05531e-07	2.63546e-06	0.0788081
0.977991	3.13835e-07	4.90982e-06	0.146818
1	0.0926633	0.313089	9362.31
1	5.91773e-06	7.71528e-05	2.3071
1	4.83781e-09	9.74664e-08	0.00291454
1	1.93778e-22	9.88175e-21	2.95494e-16
1	1	1	29903
0.751204	1	0.966107	28889.5
0.425254	0.691753	0.654117	19560
0.999985	1	1	29903
0.965419	0.390453	0.74472	22269.3
0.832965	1	0.985201	29460.5
0.809488	1.80917e-05	0.000177665	5.31272
0.995882	0.13005	0.394237	11788.9
1	0.322071	0.686972	20542.5
0.992347	8.51613e-06	0.000107169	3.20466
0.778995	0.130089	0.333332	9967.64
0.0903027	0.00737696	0.00553843	165.616
0.80462	0.0480394	0.164398	4915.98
0.443939	1	0.804448	24055.4
0.544734	1	0.875637	26184.2
0.409991	1	0.775547	23191.2
0.82049	1	0.982827	29389.5
0.802782	1	0.979131	29278.9
0.993686	1	0.99998	29902.4
0.996132	1	0.999993	29902.8
0.989301	1	0.999943	29901.3
0.815874	1.12478e-05	0.000115617	3.4573
1	0.0104799	0.0582505	1741.87
0.0130434	0.0136065	0.00171027	51.1421
0.262967	1	0.614219	18367
0.997409	1	0.999997	29902.9
0.595752	1	0.90431	27041.6
0.685938	1	0.944515	28243.8
0.758794	1	0.96824	28953.3
0.880536	1	0.992562	29680.6
0.998913	1	0.999999	29903
0.41862	0.902938	0.74573	22299.6
0.999342	0.871246	0.991251	29641.4
0.937164	0.844046	0.976458	29199
0.214957	3.8069e-06	1.22879e-05	0.367445
0.199973	3.80415e-06	1.14786e-05	0.343245
0.0126945	3.81172e-06	8.63434e-07	0.0258193
0.023552	3.81575e-06	1.54798e-06	0.0462891
0.0679478	3.8265e-06	4.20231e-06	0.125662
0.131005	3.84419e-06	7.80666e-06	0.233443
0.201993	3.83214e-06	1.16664e-05	0.348861
0.0294791	3.94001e-06	1.97085e-06	0.0589342
0.110811	4.6658e-06	8.001e-06	0.239254
0.845046	0.636378	0.871361	26056.3
0.655449	0.636378	0.781836	23379.2
0.577951	0.621713	0.727099	21742.4
0.386688	0.621778	0.583127	17437.3
0.463903	0.621739	0.647032	19348.2
0.168939	0.621704	0.341716	10218.3
0.836684	1	0.985872	29480.5
0.815972	1	0.981921	29362.4
0.839846	1	0.98643	29497.2
0.312924	1	0.676478	20228.7
0.511161	1	0.854186	25542.7
0.999995	0.623541	0.918063	27452.8
0.453613	0.558427	0.60114	17975.9
0.999674	0.054101	0.211857	6335.16
0.999993	0.499646	0.846325	25307.7
0.964377	3.63911e-05	0.000395077	11.814
0.751105	0.378939	0.642277	19206
0.274078	0.44546	0.378847	11328.7
0.803467	0.0426418	0.14985	4480.96
8.18828e-06	0.000115034	2.05181e-08	0.000613553
0.98218	0.739136	0.958458	28660.8
0.999233	1	1	29903
0.866823	0.612362	0.866999	25925.9
0.772757	0.0731394	0.218908	6546.02
1	0.161814	0.456526	13651.5
0.976261	0.105794	0.337763	10100.1
0.102189	0.262671	0.123951	3706.52
0.0537463	1	0.210873	6305.72
0.384126	1	0.751652	22476.7
0.569362	1	0.890049	26615.1
0.803678	1	0.979327	29284.8
0.866606	1	0.990679	29624.3
0.618297	1	0.915566	27378.2
0.956657	1	0.999047	29874.5
0.838194	1	0.98614	29488.5
0.80471	1	0.979552	29291.5
0.572128	0.855303	0.839072	25090.8
0.999995	1	1	29903
1	0.321328	0.686129	20517.3
0.957701	1	0.999093	29875.9
0.999955	0.464949	0.821003	24550.5
1.12627e-06	1.85152e-130	6.5357e-134	1.95437e-129
0.531798	4.63226e-11	6.26372e-10	1.87304e-05
1	0.0288083	0.130994	3917.12
0.0378391	0.000483486	0.000217869	6.51494
1	1	1	29903
0.599442	0.208456	0.384841	11507.9
0.999997	0.00274158	0.0189147	565.607
0.655508	4.74316e-06	4.25371e-05	1.27199
1	1	1	29903
0.420996	1	0.785213	23480.2
0.858384	1	0.989463	29587.9
0.960474	1	0.999208	29879.3
1	1	1	29903
0.547789	1	0.877484	26239.4
0.392923	1	0.759968	22725.3
0.626476	1	0.919444	27494.1
0.654418	0.150122	0.326197	9754.26
1	1	1	29903
0.972176	1	0.999609	29891.3
0.915269	0.0067089	0.0374129	1118.76
0.324392	0.0066039	0.0153083	457.764
0.91543	1.1786e-09	2.33558e-08	0.000698407
0.999078	0.00265296	0.018376	549.498
0.319127	0.000902375	0.00263571	78.8156
0.446386	1	0.806428	24114.6
0.558434	1	0.883788	26427.9
0.702785	1	0.95066	28427.6
0.999999	0.0520335	0.205838	6155.16
0.0530572	0.900368	0.193059	5773.04
1	0.273918	0.628622	18797.7
0.969858	1	0.999541	29889.3
9.62691e-12	0.332687	8.79698e-11	2.63056e-06
8.32198e-16	0.317014	9.72732e-15	2.90876e-10
1	1	1	29903
0.293995	7.92244e-05	0.000271752	8.12621
0.997543	6.50866e-05	0.000690966	20.662
0.992628	0.0044075	0.0281394	841.452
0.259456	1	0.609506	18226.1
0.992745	7.07811e-06	9.04047e-05	2.70337
1.56567e-06	0.514406	1.21066e-05	0.362024
4.04028e-05	8.44553e-11	1.17078e-13	3.50099e-09
0.0084363	1.81046e-14	5.71504e-15	1.70897e-10
0.931901	9.17773e-08	1.47744e-06	0.0441798
0.326213	5.88675e-06	2.71977e-05	0.813293
0.53274	1.35961e-07	1.26325e-06	0.0377751
1	0.000836501	0.00676418	202.269
0.99967	0.000637305	0.00532521	159.24
0.982239	1	0.999841	29898.3
0.754962	1	0.967173	28921.4
0.715933	0.515785	0.737145	22042.8
0.999984	0.335641	0.702059	20993.7
0.88469	1	0.99308	29696.1
0.991934	1	0.999967	29902
0.999873	1	1	29903
0.983467	1	0.999863	29898.9
0.584378	1	0.89831	26862.2
1	1	1	29903
0.251581	1	0.59876	17904.7
1	0.373371	0.741209	22164.4
0.916299	0.0438159	0.169233	5060.56
0.167362	0.698465	0.367811	10998.7
0.14616	3.17197e-11	1.25627e-10	3.75661e-06
0.957293	0.40351	0.753704	22538
0.200982	0.418075	0.292126	8735.44
0.9966	5.66862e-06	7.39159e-05	2.21031
0.986946	3.80875e-05	0.000420588	12.5769
0.663263	0.000960769	0.00532631	159.273
0.613124	0.00267174	0.0121453	363.181
0.999864	1	1	29903
0.00163031	1	0.0120953	361.684
0.170851	1	0.472738	14136.3
0.264273	1	0.61596	18419.1
0.985686	0.635556	0.919436	27493.9
0.240824	1	0.583683	17453.9
0.403265	1	0.769495	23010.2
0.593467	1	0.903122	27006.1
0.328256	1	0.693921	20750.3
0.98941	0.813107	0.979506	29290.2
0.999956	0.499982	0.846546	25314.3
0.0432957	0.837576	0.156547	4681.23
0.00503692	1	0.0316871	947.538
0.287431	1	0.645792	19311.1
0.450142	0.813107	0.733888	21945.5
0.591709	0.813107	0.833128	24913
0.591709	0.813107	0.833128	24913
0.966262	0.813107	0.975189	29161.1
0.0622335	1	0.235047	7028.62
0.134022	1	0.403373	12062.1
0.996919	0.850748	0.987835	29539.2
0.930744	0.911313	0.987846	29539.6
0.737341	1	0.962012	28767.1
0.943455	0.000541058	0.00437988	130.971
0.99998	0.00414821	0.026901	804.421
0.107548	0.00731013	0.00640613	191.563
0.891095	0.00731006	0.039304	1175.31
0.911802	0.00731002	0.040064	1198.03
0.916256	2.78896e-08	4.72302e-07	0.0141233
0.0844641	1.33047e-14	3.98062e-14	1.19032e-09
0.998242	1.39918e-10	3.30907e-09	9.89513e-05
0.999833	9.03557e-18	3.63581e-16	1.08722e-11
0.0310212	0.00240623	0.000783972	23.4431
0.999998	0.257936	0.60745	18164.6
0.669467	0.00652951	0.0281192	840.848
0.999814	0.0333784	0.146839	4390.92
0.0153058	0.174566	0.0185026	553.283
0.924837	0.00226752	0.0150303	449.45
0.60834	0.00244695	0.0111791	334.289
0.71088	2.32799e-24	9.22757e-23	2.75932e-18
0.99876	1.73947e-08	3.27803e-07	0.00980229
0.997296	2.79827e-07	4.49074e-06	0.134287
0.699446	0.000490626	0.0030807	92.1223
0.91189	7.31929e-05	0.000708463	21.1852
0.613265	0.000821511	0.00432935	129.461
0.97491	0.135538	0.399571	11948.4
0.999567	2.00098e-07	3.28516e-06	0.0982362
0.999627	0.297557	0.658106	19679.3
0.392662	1	0.759725	22718
0.930445	1	0.997523	29828.9
0.87236	1	0.991483	29648.3
0.455363	1	0.813579	24328.5
0.774094	0.107238	0.28961	8660.21
0.959575	1	0.999172	29878.2
0.49693	0.838724	0.781551	23370.7
1	0.715842	0.955145	28561.7
0.801312	0.937872	0.9662	28892.3
0.720803	0.526563	0.747244	22344.8
0.997056	1	0.999996	29902.9
0.820628	1	0.982854	29390.3
0.999995	1	1	29903
1	1	1	29903
0.197426	1.35517e-11	7.3968e-11	2.21186e-06
0.636808	2.15415e-08	2.62073e-07	0.00783677
0.337956	7.95009e-10	6.18967e-09	0.00018509
0.860115	0.0676249	0.223614	6686.74
0.96942	0.00245432	0.0167523	500.945
0.921299	4.3575e-05	0.00044654	13.3529
0.798728	0.000354591	0.00259694	77.6562
0.66316	7.62217e-07	7.83369e-06	0.234251
0.848964	3.33074e-24	1.56152e-22	4.66941e-18
0.855955	3.28134e-24	1.55121e-22	4.63859e-18
0.728014	0.722839	0.864083	25838.7
0.90863	0.0193577	0.0886571	2651.11
0.984733	7.42322e-08	1.27422e-06	0.038103
0.929042	0.122019	0.360167	10770.1
0.851401	0.18642	0.450859	13482
0.913546	1	0.99615	29787.9
0.818679	1	0.982466	29378.7
0.763364	1	0.969488	28990.6
0.513656	1	0.855854	25592.6
0.66766	1	0.937379	28030.4
0.998659	1	0.999999	29903
0.0898547	1	0.306365	9161.23
0.045007	1	0.184571	5519.23
0.835303	1	0.985625	29473.1
0.54056	1	0.873085	26107.9
1	0.42862	0.79174	23675.4
0.0999763	1	0.330204	9874.09
0.902511	1	0.995086	29756
0.733671	1	0.960885	28733.3
0.152035	1	0.438415	13109.9
1.26371e-13	0.971938	3.77417e-12	1.12859e-07
0.323429	1	0.688508	20588.5
0.572836	0.719277	0.777358	23245.3
0.840461	0.871016	0.960383	28718.3
0.553593	1	0.880947	26342.9
1	1	1	29903
0.285403	1	0.643256	19235.3
0.789268	0.385792	0.666568	19932.4
0.825479	0.615755	0.852253	25484.9
0.992011	0.72471	0.956167	28592.3
0.0930799	1	0.314079	9391.91
0.409917	1	0.775481	23189.2
0.794982	0.0661266	0.207419	6202.46
0.668241	1	0.937613	28037.5
0.709818	1	0.953106	28500.7
1	1	1	29903
0.819776	1	0.982685	29385.2
0.795013	1	0.977386	29226.8
0.90795	1	0.995627	29772.2
0.968558	3.60954e-09	7.15698e-08	0.00214015
0.979677	0.20143	0.517582	15477.3
0.992365	0.0165885	0.0840658	2513.82
0.803463	0.577299	0.820168	24525.5
0.576873	1.88264e-11	2.85042e-10	8.52362e-06
0.353109	0.0213359	0.0443622	1326.56
1	0.106667	0.345393	10328.3
0.999919	0.361998	0.7298	21823.2
3.13858e-07	0.0131371	8.37281e-08	0.00250372
1	0.0315223	0.140497	4201.28
0.999967	0.61597	0.914433	27344.3
0.255674	1	0.604376	18072.7
0.762438	1	0.969237	28983.1
1	1	1	29903
0.957291	1	0.999075	29875.3
0.696886	0.830066	0.895101	26766.2
1	0.438863	0.800296	23931.3
0.999997	0.601773	0.907398	27133.9
0.999767	0.247623	0.593187	17738.1
0.00818425	6.27561e-10	1.38648e-10	4.14599e-06
0.921607	1	0.996844	29808.6
0.915102	1	0.99629	29792
1	0.0905365	0.308005	9210.28
0.999999	0.0905241	0.307975	9209.39
0.999999	0.0885254	0.303152	9065.15
0.999993	1	1	29903
0.991718	1	0.999966	29902
0.999997	1	1	29903
0.929719	1	0.99747	29827.4
0.984121	1	0.999873	29899.2
0.20361	1	0.527666	15778.8
0.845935	1	0.987471	29528.3
0.794746	1	0.977325	29225
1	1	1	29903
1	1	1	29903
1	1	1	29903
1	1	1	29903
0.415731	1	0.780625	23343
0.998751	1	0.999999	29903
0.999991	1	1	29903
0.987247	0.104585	0.337692	10098
0.0132969	1	0.0707426	2115.42
0.00733788	1	0.0434014	1297.83
0.0658607	1	0.245016	7326.71
0.984632	0.210398	0.533292	15947
0.868569	1	0.990957	29632.6
0.933023	1	0.997705	29834.4
0.986458	0.400032	0.761546	22772.5
1	0.638459	0.924934	27658.3
0.0417046	0.893434	0.15984	4779.7
0.998805	0.402424	0.768292	22974.2
0.999985	0.000494118	0.00425565	127.257
0.849895	0.826151	0.950433	28420.8
0.299199	2.90171e-09	1.89826e-08	0.000567636
0.999996	0.540884	0.873283	26113.8
0.972214	1	0.99961	29891.3
0.207802	1	0.534295	15977
0.933549	1	0.997742	29835.5
0.854456	1	0.988854	29569.7
0.232767	1	0.572076	17106.8
0.00428467	1	0.0276478	826.751
0.95386	1	0.998919	29870.7
1.97024e-06	1	2.7854e-05	0.832917
0.0300213	1	0.135271	4045.02
0.0571291	1	0.220658	6598.33
0.300647	1	0.66197	19794.9
0.524238	1	0.862796	25800.2
0.421327	1	0.785499	23488.8
0.346409	1	0.713649	21340.2
0.438873	1	0.800305	23931.5
0.258314	1	0.607962	18179.9
0.286049	1	0.644066	19259.5
0.317845	1	0.682156	20398.5
0.634913	1.26089e-06	1.20387e-05	0.359992
0.151999	2.94552e-05	5.96202e-05	1.78282
0.953547	8.48721e-06	0.000102979	3.07938
0.778144	0.000164007	0.00127193	38.0344
0.211385	7.12702e-10	3.55787e-09	0.000106391
0.809644	1.23329e-09	2.16926e-08	0.000648675
1	0.00241627	0.0169756	507.621
0.985998	3.20081e-07	5.03974e-06	0.150703
1	6.71702e-12	1.79521e-10	5.36823e-06
0.898712	3.20036e-07	4.61964e-06	0.138141
0.821935	3.20039e-07	4.24852e-06	0.127043
1	1.72469e-07	2.85833e-06	0.0854727
0.7076	0.000267413	0.00181134	54.1644
0.00598648	8.53677e-24	3.02726e-24	9.05242e-20
0.811541	2.1731e-09	3.73098e-08	0.00111567
0.00687592	2.99281e-06	3.84795e-07	0.0115065
0.833317	6.83677e-08	1.0073e-06	0.0301214
0.97845	0.0797101	0.276962	8282
1	0.90296	0.995131	29757.4
0.999999	1	1	29903
0.0112212	1	0.061604	1842.14
1	0.897569	0.994565	29740.5
0.905774	0.624815	0.888112	26557.2
0.593158	1	0.902961	27001.2
0.532262	1	0.867917	25953.3
0.79073	1	0.976392	29197.1
0.797378	1	0.977925	29242.9
1	0.000247423	0.00230213	68.8405
0.970042	7.37508e-11	1.7428e-09	5.21149e-05
0.986845	5.6694e-14	1.76317e-12	5.27241e-08
0.107724	4.34466e-05	6.21167e-05	1.85747
0.775638	1	0.972704	29086.8
0.775638	1	0.972704	29086.8
0.729665	1	0.959633	28695.9
0.506905	1	0.851313	25456.8
0.678263	1	0.941578	28156
0.808039	1	0.980269	29313
0.995476	1	0.99999	29902.7
0.981479	1	0.999827	29897.8
0.993694	1	0.99998	29902.4
0.754022	1	0.966908	28913.4
0.999998	1	1	29903
0.331729	1	0.697771	20865.4
0.000809337	1	0.00657124	196.5
0.67689	1	0.941044	28140
0.0623307	1	0.235317	7036.69
0.999988	0.900042	0.994828	29748.3
0.292595	0.879724	0.606727	18143
0.999999	0.786479	0.975383	29166.9
0.941371	1	0.998247	29850.6
0.7161	3.46829e-10	5.74121e-09	0.00017168
0.996508	4.47997e-07	6.97416e-06	0.208548
0.998931	7.96019e-05	0.000830119	24.8231
0.985186	2.45611e-05	0.000281396	8.4146
0.115216	0.0839841	0.0545559	1631.39
1	1.11768e-14	3.7023e-13	1.1071e-08
0.497856	1	0.845083	25270.5
0.147729	0.0389811	0.0354562	1060.25
0.990317	1	0.999953	29901.6
0.807136	1	0.980075	29307.2
0.999995	0.297772	0.6585	19691.1
0.310321	0.501189	0.444957	13305.6
0.828725	0.501469	0.780492	23339.1
0.980666	1	0.999812	29897.4
0.999956	0.590577	0.901594	26960.4
0.0432129	1.38634e-05	9.1826e-06	0.274587
0.680961	0.271372	0.496821	14856.4
0.958078	1	0.999109	29876.3
0.0340317	0.0723752	0.017257	516.037
0.398162	0.0244766	0.0548771	1640.99
0.566509	0.00131058	0.00609226	182.177
0.978408	0.593229	0.89617	26798.2
0.544819	0.838427	0.8147	24362
0.958067	0.00236703	0.0160762	480.725
0.309092	1	0.672002	20094.9
1	1	1	29903
0.966917	1	0.999447	29886.5
0.999997	1	1	29903
0.976114	1	0.999712	29894.4
0.829357	1	0.984533	29440.5
0.944686	0.0127296	0.065187	1949.29
0.32602	0.830479	0.624504	18674.6
0.956642	1	0.999046	29874.5
0.985018	1	0.999887	29899.6
0.736361	1	0.961713	28758.1
0.685499	1	0.944349	28238.9
1	1	1	29903
0.263257	1	0.614607	18378.6
0.828968	1	0.984461	29438.3
0.630001	0.704618	0.804424	24054.7
0.942509	0.345777	0.691285	20671.5
0.406994	0.0250261	0.0569041	1701.6
0.523564	0.000191261	0.0010223	30.5699
0.344825	0.0616994	0.10319	3085.7
0.730044	0.0604548	0.181857	5438.08
0.989784	0.239088	0.577697	17274.9
0.763485	0.00764532	0.0358603	1072.33
0.754705	0.159935	0.375921	11241.2
0.952546	0.514895	0.83987	25114.6
0.340642	0.0746453	0.118795	3552.32
0.170498	1	0.472114	14117.6
0.427184	1	0.790521	23638.9
0.999915	1	1	29903
0.919485	0.00195248	0.0131461	393.108
0.160468	0.00195084	0.00283908	84.8969
0.911513	0.00195071	0.0130374	389.857
0.90013	0.00195071	0.0128966	385.648
0.63724	0.00195071	0.00955942	285.855
0.423454	0.00195071	0.00668995	200.05
0.568471	0.00195071	0.00865443	258.793
0.568471	0.00195071	0.00865443	258.793
0.137586	0.456885	0.236787	7080.63
0.606802	0.71804	0.797687	23853.2
0.999992	0.846465	0.987558	29531
1	0.843609	0.987078	29516.6
0.999991	0.639073	0.925207	27666.5
0.878511	0.788864	0.94715	28322.6
0.507854	1	0.851956	25476
0.999998	0.0273582	0.125813	3762.19
1	0.000527965	0.00451224	134.93
0.999995	0.899839	0.994807	29747.7
0.988717	1	0.999936	29901.1
1	1	1	29903
0.999826	3.21527e-14	1.03091e-12	3.08272e-08
0.114255	0.476492	0.212901	6366.39
1	6.43383e-10	1.42601e-08	0.00042642
0.999995	5.95013e-06	7.75424e-05	2.31875
0.600787	1	0.906897	27118.9
0.679887	1	0.942207	28174.8
0.83217	1	0.985055	29456.1
1	1	1	29903
0.999999	1	1	29903
0.999994	1	1	29903
0.324867	0.822975	0.620047	18541.3
0.249863	0.823176	0.530952	15877
0.999966	0.309601	0.672587	20112.4
0.583686	1	0.897938	26851
0.872704	1	0.99153	29649.7
0.578516	1	0.895132	26767.1
0.999972	0.819254	0.982577	29382
0.761084	1	0.968869	28972.1
0.80428	0.613127	0.841762	25171.2
0.999972	0.0351666	0.152889	4571.84
0.999991	1	1	29903
0.965344	1	0.999392	29884.8
0.992062	0.179162	0.484774	14496.2
0.986226	0.179134	0.482917	14440.7
0.999998	0.177647	0.484613	14491.4
0.934072	0.172033	0.454478	13590.2
0.999642	1.09306e-05	0.000135756	4.05952
0.00448808	0.000131072	9.02751e-06	0.26995
0.999834	0.781051	0.974028	29126.4
0.979331	0.00641412	0.0381299	1140.2
0.999849	6.52843e-07	9.94919e-06	0.29751
0.999999	2.45282e-07	3.97868e-06	0.118974
0.115157	5.69976e-10	1.60461e-09	4.79826e-05
0.0821111	4.8455e-19	1.8171e-18	5.43367e-14
0.999998	0.000764793	0.00625286	186.979
0.157892	3.54956e-13	1.76612e-12	5.28122e-08
0.875414	5.9269e-07	8.02745e-06	0.240045
0.638529	5.92074e-07	5.96883e-06	0.178486
0.995746	0.00632796	0.0382287	1143.15
0.999998	2.93588e-05	0.000335744	10.0398
0.486128	2.30195e-09	2.41834e-08	0.000723156
0.605112	0.0789649	0.193094	5774.09
0.492189	0.522416	0.606354	18131.8
0.200803	0.00986063	0.0143051	427.765
0.999603	0.0893334	0.305022	9121.07
0.493132	0.0302808	0.0777116	2323.81
0.999749	3.39827e-05	0.000383565	11.4698
0.00148162	2.87053e-19	2.13542e-20	6.38555e-16
1	0.760751	0.968778	28969.4
0.954234	0.850082	0.980931	29332.8
1	0.251472	0.59861	17900.2
0.741887	0.419936	0.674872	20180.7
0.916301	1	0.996395	29795.2
0.982018	1	0.999837	29898.1
0.999968	1	1	29903
0.922776	1	0.996938	29811.4
0.99993	1	1	29903
0.652913	1	0.931257	27847.4
0.975285	1	0.999692	29893.8
0.959653	1	0.999175	29878.3
0.892934	1	0.994052	29725.1
0.990154	1	0.999951	29901.5
1	1	1	29903
0.0828978	1	0.289326	8651.7
0.824404	1	0.983592	29412.4
0.890398	1	0.993761	29716.4
0.591259	0.409605	0.585613	17511.6
0.565979	0.648644	0.734997	21978.6
0.872861	1	0.991552	29650.4
0.184336	1	0.496048	14833.3
0.897074	0.0394057	0.153505	4590.27
0.975036	1	0.999686	29893.6
0.351801	1	0.719324	21509.9
0.999553	0.536037	0.870135	26019.6
1	0.0810772	0.284772	8515.53
1	0.0817928	0.286567	8569.2
0.0017565	0.794278	0.0105679	316.011
0.666021	0.57692	0.751762	22479.9
0.410555	0.231594	0.318812	9533.43
0.923996	0.143322	0.400161	11966
0.949369	0.143249	0.407326	12180.3
0.703293	0.487412	0.709798	21225.1
0.55592	0.599498	0.699471	20916.3
0.891654	0.3645	0.690286	20641.6
0.999998	0.538687	0.871929	26073.3
0.0511898	1	0.203337	6080.39
0.796309	1	0.977683	29235.6
0.895714	1	0.994363	29734.4
1	1	1	29903
0.996631	9.15244e-12	2.40996e-10	7.20651e-06
0.927027	0.408542	0.74645	22321.1
0.434694	0.481217	0.536458	16041.7
0.99548	0.368819	0.73503	21979.6
0.950029	0.27649	0.613827	18355.3
1	0.484184	0.835358	24979.7
0.995301	0.829616	0.983845	29419.9
0.824175	0.000412708	0.00305658	91.4008
0.00336711	0.290505	0.00775667	231.948
0.999988	0.00112466	0.0087613	261.989
0.850489	1	0.98822	29550.8
0.661438	0.0132756	0.0503605	1505.93
0.81194	0.168208	0.408479	12214.7
0.998778	1	0.999999	29903
0.999997	0.191313	0.507714	15182.2
0.00807398	0.745695	0.036802	1100.49
0.101555	1	0.333827	9982.44
0.297829	0.429814	0.391155	11696.7
0.999908	0.584541	0.898369	26863.9
1	0.921867	0.996865	29809.3
0.99992	0.942994	0.998339	29853.3
0.348553	0.912114	0.682242	20401.1
0.295518	0.715169	0.539832	16142.6
0.362599	0.715273	0.609372	18222.1
0.249816	0.717173	0.487224	14569.5
1	0.513149	0.855516	25582.5
0.955573	1	0.998998	29873
0.999999	0.921556	0.996839	29808.5
0.999986	1	1	29903
0.8959	0.823383	0.962112	28770
0.138944	1	0.413176	12355.2
0.000820683	2.98907e-11	7.93296e-13	2.37219e-08
0.461764	1	0.818569	24477.7
0.000206774	3.01806e-11	2.10354e-13	6.29023e-09
0.999991	0.714766	0.954783	28550.9
0.00542343	1.71037e-10	2.66281e-11	7.96259e-07
0.429458	1	0.79245	23696.6
0.821296	1	0.982986	29394.2
0.0227303	1	0.108743	3251.74
0.480819	1	0.832906	24906.4
0.997684	1	0.999997	29902.9
0.999974	1	1	29903
0.999992	1	1	29903
0.150972	1	0.436409	13049.9
0.576083	1	0.893795	26727.2
0.680438	1	0.942419	28181.2
0.940441	1	0.99819	29848.9
0.445572	1	0.805771	24095
1	0.117968	0.370105	11067.3
0.0388817	0.00954061	0.00330129	98.7185
0.0970618	0.00968218	0.00748985	223.969
0.0222418	0.0134408	0.00272498	81.4849
0.355082	1	0.722736	21612
0.481091	1	0.833105	24912.3
0.909748	9.56096e-10	1.90164e-08	0.000568646
0.960515	9.56096e-10	2.00277e-08	0.000598888
0.909748	9.56096e-10	1.90164e-08	0.000568646
0.556778	9.56096e-10	1.18996e-08	0.000355835
0.999997	0.101352	0.333361	9968.51
0.292177	2.42065e-10	1.72375e-09	5.15452e-05
0.44726	1.77079e-11	2.10369e-10	6.29065e-06
0.0857804	0.0145528	0.00959468	286.91
0.022897	0.00320607	0.000772227	23.0919
0.999998	0.0115803	0.0632102	1890.17
0.999233	1.05e-13	3.24049e-12	9.69003e-08
0.999966	0.00015862	0.00154634	46.2401
0.987595	3.303e-05	0.000369606	11.0523
0.982014	3.83108e-10	8.54046e-09	0.000255385
0.739791	0.10981	0.285172	8527.49
0.991699	0.62825	0.917825	27445.7
0.990832	0.180497	0.486675	14553.1
1	1.40106e-49	1.59005e-47	4.75474e-43
1	1	1	29903
0.999998	1	1	29903
0.000201945	1	0.00192	57.4137
0.311638	1	0.67498	20183.9
0.672013	9.30432e-08	1.09969e-06	0.0328841
0.0231535	0.917076	0.103029	3080.87
1	1	1	29903
0.999238	0.270641	0.624089	18662.1
0.391197	1	0.758352	22677
0.0283125	1	0.129231	3864.4
0.948813	1	0.998667	29863.1
0.485597	1	0.83638	25010.3
0.846512	1	0.987567	29531.2
0.999997	0.081379	0.285529	8538.17
0.672911	1	0.939479	28093.3
0.999902	0.877324	0.992136	29667.8
0.90625	0.481377	0.798135	23866.6
1	0.570388	0.890626	26632.4
0.831423	0.882573	0.960922	28734.5
1	1	1	29903
0.103913	0.0700126	0.0430932	1288.62
0.725507	1	0.958311	28656.4
0.741145	1	0.963162	28801.4
1	1	1	29903
0.903939	2.01838e-251	1.05519e-248	3.15534e-244
0.993801	0.265456	0.615344	18400.6
1	0.112233	0.357706	10696.5
0.999997	0.0508711	0.202388	6052.01
0.989597	0.637415	0.921444	27553.9
0.999999	0.00639583	0.0387082	1157.49
1	0.0335223	0.147349	4406.17
0.169036	0.00190506	0.00291138	87.0589
0.00155093	0.00126407	2.77258e-05	0.829084
0.977524	0.00190974	0.013597	406.591
0.999931	0.26247	0.61353	18346.4
1	0.171234	0.473414	14156.5
0.971677	0.0019917	0.014026	419.42
0.977373	0.0019138	0.0136201	407.282
0.970721	0.622604	0.908714	27173.3
0.293114	0.416958	0.37911	11336.5
0.999922	0.0321309	0.142586	4263.76
0.756997	0.0346271	0.121666	3638.19
0.620463	1	0.916603	27409.2
0.834881	1	0.985549	29470.9
0.156134	1	0.44608	13339.1
0.237478	1	0.578896	17310.7
0.268614	1	0.621701	18590.7
1	0.800781	0.978689	29265.7
0.0770572	1	0.274571	8210.49
0.0121218	1	0.0656125	1962.01
0.0649017	1	0.2424	7248.49
0.999601	0.753562	0.966693	28907
0.182514	1	0.492957	14740.9
0.402158	1	0.768488	22980.1
0.686395	0.831577	0.890852	26639.1
0.713668	0.105002	0.269106	8047.06
0.130567	0.845662	0.353717	10577.2
1	0.200939	0.523396	15651.1
1	0.279162	0.635362	18999.2
1	0.201046	0.523569	15656.3
1	0.200902	0.523337	15649.3
1	0.323022	0.688048	20574.7
1	0.598472	0.905713	27083.5
0.999649	0.000899195	0.00720395	215.42
0.624208	0.000622883	0.0034419	102.923
0.288829	0.000920746	0.00245521	73.4181
0.859105	0.054838	0.191049	5712.93
0.919809	0.000500352	0.00399652	119.508
0.612828	0.000323149	0.00188669	56.4177
0.59536	0.000500401	0.00271663	81.2354
0.978365	0.189284	0.497488	14876.4
0.98318	0.0439044	0.178823	5347.36
0.999997	1	1	29903
0.999995	1	1	29903
0.81261	1	0.98123	29341.7
0.994072	1	0.999982	29902.5
1	1	1	29903
0.809647	0.122689	0.328724	9829.85
0.216769	1	0.548192	16392.6
0.999997	1	1	29903
0.102856	1	0.336794	10071.2
0.251977	0.925295	0.572638	17123.6
1	0.726745	0.958707	28668.2
0.999925	1	1	29903
0.999615	0.765823	0.970069	29008
1	0.146971	0.428791	12822.2
0.635156	3.8211e-06	3.38052e-05	1.01088
0.354781	3.85509e-06	1.9835e-05	0.593127
0.243787	4.11081e-06	1.48454e-05	0.443921
0.975249	1	0.999691	29893.8
0.999994	1	1	29903
0.944114	0.409872	0.754359	22557.6
0.989132	0.640577	0.922742	27592.8
0.851977	0.203691	0.477468	14277.7
0.95901	0.406831	0.757373	22647.7
0.688459	1	0.94546	28272.1
0.999849	1.05266e-05	0.00013116	3.92208
0.999836	0.0237139	0.112429	3361.98
0.932017	0.0698653	0.242985	7265.98
0.0158207	1	0.0814204	2434.71
0.299451	1	0.66053	19751.8
0.935463	1	0.997871	29839.3
0.668955	3.41082e-24	1.2649e-22	3.78243e-18
0.984688	7.95094e-10	1.71992e-08	0.000514307
0.383658	0.524589	0.523916	15666.7
0.771771	1	0.971712	29057.1
1	0.365399	0.73327	21927
1	0.638187	0.924812	27654.7
0.997747	0.52006	0.859314	25696.1
0.925037	0.516635	0.830764	24842.3
0.987482	0.516688	0.853554	25523.8
0.815503	0.257232	0.537382	16069.3
0.695477	0.257288	0.486839	14558
0.797214	0.516839	0.777361	23245.4
0.997687	0.256466	0.604647	18080.8
0.973818	0.2565	0.596274	17830.4
0.97121	1	0.999582	29890.5
0.999995	1	1	29903
0.906832	1	0.995518	29769
0.960391	0.32386	0.674274	20162.8
0.999999	1	1	29903
0.982017	1	0.999837	29898.1
0.683903	0.507793	0.714573	21367.9
0.408313	0.878959	0.726659	21729.3
1	1	1	29903
0.999997	0.203312	0.52719	15764.6
1	0.896511	0.99445	29737
0.92228	1	0.996898	29810.3
0.845134	1	0.987336	29524.3
0.987164	1	0.999917	29900.5
0.903828	1	0.99522	29760.1
0.677508	0.0312766	0.102862	3075.87
0.999999	7.17761e-14	2.24409e-12	6.71051e-08
0.999999	0.000461538	0.00400658	119.809
0.91523	0.0840046	0.274125	8197.17
0.675565	2.38739e-19	7.14022e-18	2.13514e-13
0.96388	0.000157091	0.0014832	44.352
0.999998	3.45628e-06	4.69201e-05	1.40305
0.999999	0.0456735	0.186633	5580.87
0.999999	2.15414e-58	2.88186e-56	8.61763e-52
0.629448	0.0308845	0.0960426	2871.96
0.278637	0.0923207	0.119882	3584.84
0.705706	1	0.951684	28458.2
0.998403	0.437115	0.798275	23870.8
1	0.0107074	0.0592849	1772.8
0.739287	1	0.962603	28784.7
0.441323	0.900204	0.764015	22846.4
0.153866	1	0.441853	13212.7
0.535064	1	0.869676	26005.9
0.281914	1	0.63886	19103.8
0.0797172	0.610843	0.195859	5856.78
0.0177556	1	0.0893293	2671.21
0.00264269	1	0.0183296	548.109
0.62671	0.95029	0.904209	27038.6
0.468585	1	0.82379	24633.8
0.999995	0.360234	0.728032	21770.3
0.636747	0.742186	0.826805	24723.9
1	0.14675	0.428368	12809.5
0.868427	1	0.990938	29632
0.0558837	0.8954	0.199901	5977.64
1	0.855392	0.989	29574.1
1	0.635104	0.92342	27613
0.999797	0.488031	0.838062	25060.6
0.868019	0.00161359	0.0106039	317.089
0.521082	0.875275	0.81415	24345.5
0.427199	0.000830956	0.00317477	94.9352
0.409702	0.00790745	0.0218105	652.2
0.999771	0.000344347	0.0030895	92.3852
0.908844	6.48767e-07	9.04712e-06	0.270536
0.0223529	0.93153	0.101441	3033.39
0.999999	2.48745e-08	4.60413e-07	0.0137677
0.838847	0.147166	0.381696	11413.9
1	1.16928e-08	2.25253e-07	0.00673575
0.956462	1	0.999038	29874.2
0.997151	0.886737	0.993022	29694.3
0.497689	0.482909	0.582991	17433.2
0.455102	1	0.813374	24322.3
0.999999	2.87891e-19	1.25784e-17	3.76132e-13
0.957796	1	0.999097	29876
0.986736	1	0.999912	29900.4
0.933801	1	0.997759	29836
0.964517	1	0.999363	29883.9
0.982908	1	0.999853	29898.6
0.974471	1	0.999671	29893.2
0.987107	1	0.999917	29900.5
0.96779	1	0.999476	29887.3
0.0631217	0.00938745	0.00499585	149.391
0.887511	0.000102334	0.000936072	27.9914
0.575637	0.00939216	0.0336291	1005.61
0.816829	0.00939216	0.0450349	1346.68
0.906141	0.00939216	0.049076	1467.52
0.910953	0.000109381	0.00101773	30.4331
0.436505	3.16842e-07	2.32263e-06	0.0694537
1	1.576e-32	1.16983e-30	3.49814e-26
0.921573	0.362803	0.700652	20951.6
1	0.127787	0.390694	11682.9
0.899552	1	0.994777	29746.8
0.700348	1	0.949796	28401.8
1	0.376038	0.743828	22242.7
0.876427	1	0.992029	29664.7
1	0.000571886	0.00484191	144.788
0.999999	0.000350061	0.00313564	93.765
0.0787495	0.0561692	0.0284014	849.287
0.909274	0.00835898	0.0446879	1336.3
0.936693	0.00852015	0.0465336	1391.5
0.2171	0.490988	0.345228	10323.4
0.405973	0.152175	0.233783	6990.83
0.582816	0.0112805	0.0396083	1184.41
0.833793	0.0114497	0.0539536	1613.37
0.620462	0.0109321	0.0406524	1215.63
0.951416	4.44585e-05	0.000468276	14.0029
0.310873	1	0.674088	20157.3
0.657416	0.703254	0.819007	24490.8
0.234141	1.81317e-37	3.69571e-36	1.10513e-31
0.944413	0.0135715	0.0686607	2053.16
0.903373	0.052713	0.192598	5759.25
0.868356	0.229561	0.520825	15574.2
0.868468	0.2295	0.520781	15572.9
0.155293	0.172015	0.123482	3692.49
0.000166536	1.41504e-54	3.15053e-56	9.42104e-52
0.39625	0.326346	0.393828	11776.6
1	2.94093e-08	5.39425e-07	0.0161304
0.303206	1	0.665035	19886.5
0.232212	1	0.571266	17082.6
1	0.69974	0.94958	28395.3
0.13321	1	0.401738	12013.2
0.299176	1	0.660199	19741.9
0.015165	1	0.0786875	2352.99
1	0.301034	0.662435	19808.8
0.758008	0.000299838	0.002134	63.8131
0.712642	0.0078132	0.03447	1030.76
0.415478	0.00779389	0.0218019	651.942
0.980433	0.000111282	0.00110449	33.0275
0.999897	6.12604e-08	1.07858e-06	0.0322527
0.999862	0.326239	0.691617	20681.4
0.452933	3.44168e-08	2.95819e-07	0.00884587
0.998875	0.163065	0.458468	13709.6
0.787192	0.00598868	0.0299692	896.169
0.909199	1	0.995747	29775.8
0.960372	1	0.999204	29879.2
0.999918	0.26231	0.613312	18339.9
0.903302	0.172388	0.445309	13316.1
0.999602	0.623239	0.917805	27445.1
0.99995	0.779608	0.973693	29116.3
0.551939	1	0.879966	26313.6
0.587195	0.897342	0.864518	25851.7
0.88317	1	0.992893	29690.5
0.00140169	0.00150656	2.97078e-05	0.888353
1	0.0434955	0.179858	5378.3
1	0.723023	0.95751	28632.4
0.70775	2.74885e-08	3.64881e-07	0.010911
1	6.25115e-08	1.09945e-06	0.0328767
0.742221	0.00099931	0.00608687	182.016
0.319087	0.00100747	0.00290693	86.926
0.253363	0.000994395	0.00233962	69.9617
0.700572	0.00265212	0.0135416	404.933
0.23695	0.000998545	0.00221205	66.1469
0.162882	0.0010054	0.00159129	47.5843
0.0745312	0.00098907	0.000775151	23.1793
0.0188178	0.00217113	0.000453725	13.5677
0.106954	0.00215553	0.00216135	64.6309
0.0452999	0.00341185	0.00151078	45.1769
0.0454979	0.00339304	0.0015092	45.1295
0.2024	0.00343413	0.00574926	171.92
0.468852	0.000999758	0.00406184	121.461
0.999992	0.0108562	0.0599586	1792.94
0.0824032	0.00479364	0.00349056	104.378
0.116282	0.00479089	0.00473129	141.48
0.994641	0.00194698	0.0140339	419.655
0.990415	0.00194698	0.0139825	418.118
0.999988	0.000158693	0.00154701	46.2603
0.169782	1.71551e-39	2.68062e-38	8.01585e-34
0.737481	6.63313e-05	0.000534448	15.9816
0.887948	1.0411e-11	2.44118e-10	7.29985e-06
1	0.0247266	0.116212	3475.08
0.207933	0.0182883	0.0249917	747.328
0.621522	0.583157	0.730284	21837.7
0.621522	0.583157	0.730284	21837.7
0.997116	0.583157	0.896743	26815.3
0.621522	0.583157	0.730284	21837.7
0.424721	0.0435149	0.0922416	2758.3
0.999209	3.379e-19	1.46979e-17	4.39513e-13
0.998658	2.57003e-15	8.87939e-14	2.6552e-09
0.710999	0.00246336	0.0128684	384.805
0.999744	0.0482013	0.194328	5810.99
0.323548	0.0362725	0.0639031	1910.9
1	0.00930949	0.0528474	1580.3
0.926254	0.746043	0.946413	28300.6
0.3248	0.867312	0.638593	19095.8
0.772505	0.0990643	0.273212	8169.85
0.893466	0.0990109	0.303001	9060.63
0.723661	0.282432	0.528897	15815.6
1	1	1	29903
