quality	AA	AC	AG	AT	A.	CA	CC	CG	CT	C.	GA	GC	GG	GT	G.	TA	TC	TG	TT	T.	.A	.C	.G	.T	..
0	NA	NA	NA	NA	NA	NA	NA	NA	NA	NA	NA	NA	NA	NA	NA	NA	NA	NA	NA	NA	NA	NA	NA	NA	NA
1	NA	NA	NA	NA	NA	NA	NA	NA	NA	NA	NA	NA	NA	NA	NA	NA	NA	NA	NA	NA	NA	NA	NA	NA	NA
2	NA	NA	NA	NA	NA	NA	NA	NA	NA	NA	NA	NA	NA	NA	NA	NA	NA	NA	NA	NA	NA	NA	NA	NA	NA
3	NA	NA	NA	NA	NA	NA	NA	NA	NA	NA	NA	NA	NA	NA	NA	NA	NA	NA	NA	NA	NA	NA	NA	NA	NA
4	NA	NA	NA	NA	NA	NA	NA	NA	NA	NA	NA	NA	NA	NA	NA	NA	NA	NA	NA	NA	NA	NA	NA	NA	NA
5	NA	NA	NA	NA	NA	NA	NA	NA	NA	NA	NA	NA	NA	NA	NA	NA	NA	NA	NA	NA	NA	NA	NA	NA	NA
6	NA	NA	NA	NA	NA	NA	NA	NA	NA	NA	NA	NA	NA	NA	NA	NA	NA	NA	NA	NA	NA	NA	NA	NA	NA
7	NA	NA	NA	NA	NA	NA	NA	NA	NA	NA	NA	NA	NA	NA	NA	NA	NA	NA	NA	NA	NA	NA	NA	NA	NA
8	NA	NA	NA	NA	NA	NA	NA	NA	NA	NA	NA	NA	NA	NA	NA	NA	NA	NA	NA	NA	NA	NA	NA	NA	NA
9	NA	NA	NA	NA	NA	NA	NA	NA	NA	NA	NA	NA	NA	NA	NA	NA	NA	NA	NA	NA	NA	NA	NA	NA	NA
10	0.959184	0.0408163	NA	NA	NA	0.0357143	0.964286	NA	NA	NA	NA	NA	1	NA	NA	NA	NA	NA	1	NA	NA	NA	NA	NA	1
11	0.974946	0.0117935	0.00309783	0.00972826	0.000434783	0.066446	0.908068	0.00537857	0.0200248	8.27472e-05	0.0244222	0.00532126	0.91073	0.0594075	0.000119133	0.028585	0.0133397	0.0266794	0.931396	NA	8.35589e-05	1.67118e-05	NA	3.34236e-05	0.999866
12	0.970685	0.0149424	0.00550321	0.00870897	0.000160288	0.0546679	0.926449	0.00509557	0.0136958	9.22275e-05	0.0115559	0.00445444	0.944554	0.0392503	0.000185009	0.0115542	0.00505204	0.0237399	0.959443	0.000210502	2.35327e-05	2.82393e-05	4.23589e-05	4.70655e-05	0.999859
13	0.966694	0.0179663	0.00563835	0.00959508	0.00010582	0.0398164	0.944834	0.0046826	0.010552	0.000114734	0.00809558	0.00336036	0.966471	0.0219669	0.000105758	0.0117499	0.00694048	0.0220231	0.959135	0.000151848	4.53787e-05	2.95321e-05	1.72871e-05	2.37698e-05	0.999884
14	0.964998	0.0191028	0.00564509	0.0100846	0.000169745	0.0355461	0.94937	0.00395749	0.0109966	0.000129754	0.0145403	0.00571535	0.946696	0.032899	0.000149258	0.0144463	0.00887141	0.0198243	0.956661	0.000196892	5.53892e-05	3.18488e-05	2.76946e-05	3.73877e-05	0.999848
15	0.965727	0.0168137	0.00607097	0.0113024	8.55066e-05	0.0282494	0.95264	0.00495722	0.0139792	0.000174618	0.0139538	0.00687852	0.949809	0.0292193	0.000139374	0.014357	0.00913793	0.0207368	0.955666	0.000102152	5.92753e-05	2.96377e-05	2.5078e-05	3.8757e-05	0.999847
16	0.965006	0.0153434	0.00715256	0.0123919	0.000105646	0.0267162	0.95521	0.00451656	0.0134605	9.71022e-05	0.0121366	0.00561084	0.955492	0.0266805	7.98971e-05	0.0184093	0.0115352	0.026854	0.943072	0.000129587	5.25612e-05	2.49533e-05	2.60151e-05	4.40665e-05	0.999852
17	NA	NA	NA	NA	NA	NA	NA	NA	NA	NA	NA	NA	NA	NA	NA	NA	NA	NA	NA	NA	NA	NA	NA	NA	NA
18	1	NA	NA	NA	NA	NA	1	NA	NA	NA	NA	NA	1	NA	NA	NA	NA	NA	1	NA	NA	NA	NA	NA	1
19	1	NA	NA	NA	NA	NA	1	NA	NA	NA	NA	NA	1	NA	NA	NA	NA	NA	1	NA	NA	NA	NA	NA	1
20	0.997955	0.00163599	NA	0.000204499	0.000204499	0.0104918	0.987541	0.000327869	0.00163934	NA	0.00178015	0.000148346	0.993028	0.00504376	NA	0.00199402	0.00132935	0.00432037	0.992024	0.000332336	NA	NA	NA	5.65579e-05	0.999943
21	0.996636	0.00248263	0.000367253	0.000470084	4.40703e-05	0.00449513	0.994143	0.000272432	0.00107027	1.94594e-05	0.000620242	0.000225543	0.996579	0.00255615	1.87952e-05	0.000661209	0.00040932	0.00221453	0.996673	4.19815e-05	1.49441e-05	3.73603e-06	7.47205e-06	3.73603e-06	0.99997
22	0.997035	0.00204121	0.000236351	0.00060162	8.59457e-05	0.00483928	0.993395	0.000388555	0.00127164	0.00010597	0.00100318	0.00048726	0.996102	0.00240764	NA	0.000944049	0.000671324	0.00274823	0.995552	8.39155e-05	3.17706e-05	6.35413e-06	1.27083e-05	5.71872e-05	0.999892
23	0.997748	0.00159146	0.000282925	0.000353657	2.35771e-05	0.00377565	0.994916	0.000380877	0.000910792	1.65599e-05	0.000611227	0.000257359	0.996976	0.0021393	1.60849e-05	0.000588799	0.000321877	0.00129536	0.997747	4.71039e-05	3.58944e-05	8.9736e-06	8.9736e-06	1.4956e-05	0.999931
24	0.99823	0.001055	0.000272257	0.000408386	3.40321e-05	0.00335789	0.99518	0.000162478	0.00124567	5.41594e-05	0.000646935	0.000215645	0.997412	0.00167125	5.39113e-05	0.000287646	0.000335587	0.00136632	0.997963	4.79409e-05	NA	3.70192e-05	2.77644e-05	2.77644e-05	0.999907
25	0.997893	0.00127533	0.00036042	0.000388145	8.31739e-05	0.00340168	0.994781	0.000605778	0.00121156	NA	0.000560562	0.000258721	0.996723	0.00241473	4.31202e-05	0.000380445	0.000464988	0.000824298	0.998182	0.000147951	3.90637e-05	NA	4.68765e-05	3.90637e-05	0.999875
26	0.997975	0.00105671	0.000528355	0.000352237	8.80592e-05	0.00201962	0.996971	0.000144259	0.000865551	NA	0.000862689	0.000143781	0.996837	0.00215672	NA	0.000239335	0.00065817	0.00113684	0.997966	NA	2.3843e-05	NA	NA	4.7686e-05	0.999928
27	0.996686	0.00156561	0.000967443	0.00070956	7.17189e-05	0.00269762	0.995241	0.000339387	0.00169943	2.24594e-05	0.00140565	0.000493936	0.994815	0.00325084	3.48149e-05	0.000953041	0.000797983	0.00367097	0.994492	8.57233e-05	3.11558e-05	1.71138e-05	1.62361e-05	2.76453e-05	0.999908
28	0.996775	0.00278159	0.000120938	0.000201564	0.000120938	0.000781887	0.994561	0.000237966	0.00441936	NA	0.0011799	0.000269101	0.997164	0.00136621	2.07001e-05	0.000317033	0.000554807	0.000237774	0.99889	NA	1.73741e-05	1.73741e-05	NA	2.60611e-05	0.999939
29	0.999285	NA	NA	0.00035727	0.00035727	0.00132802	0.99834	NA	NA	0.000332005	0.000267953	0.000133976	0.99933	0.000267953	NA	NA	NA	NA	1	NA	NA	NA	NA	NA	1
30	0.998461	0.000617031	0.000588265	0.000291975	4.17107e-05	0.000512699	0.998167	0.000168651	0.00114008	1.12434e-05	0.000770821	0.000152447	0.998237	0.000822353	1.71771e-05	0.000372353	0.000597834	0.000630932	0.998362	3.72353e-05	2.25676e-05	6.72225e-06	3.36113e-06	1.29643e-05	0.999954
31	0.99869	0.000596751	0.000495911	0.000178196	3.86783e-05	0.000507604	0.998441	9.81084e-05	0.00094696	6.39838e-06	0.000569831	9.22388e-05	0.998741	0.00057598	2.04975e-05	0.000257323	0.000450688	0.000597942	0.998654	4.01603e-05	1.25691e-05	5.201e-06	3.90075e-06	1.73367e-05	0.999961
32	0.99953	0.000238342	0.000168242	4.90705e-05	1.40201e-05	0.000275758	0.999476	1.83839e-05	0.000229798	NA	0.000338659	4.98028e-05	0.999372	0.000209172	2.98817e-05	6.42621e-05	0.000210312	0.00017526	0.99955	NA	5.99471e-06	1.99824e-06	1.99824e-06	5.99471e-06	0.999984
33	0.999562	0.000276439	6.33506e-05	6.33506e-05	3.45548e-05	0.000372051	0.999434	2.42642e-05	0.000161761	8.08806e-06	0.000143611	1.59567e-05	0.999697	0.000119675	2.39351e-05	8.30209e-05	0.000200998	0.00018352	0.999519	1.31086e-05	8.25053e-06	NA	NA	6.60042e-06	0.999985
34	0.998594	0.000553474	0.00065285	0.000148734	5.06748e-05	0.000237204	0.998669	5.01576e-05	0.00103032	1.35844e-05	0.000562816	8.56459e-05	0.998969	0.000368936	1.31763e-05	0.00014922	0.000436182	0.000518684	0.998831	6.45664e-05	1.72715e-05	4.87667e-06	6.29903e-06	1.48332e-05	0.999957
35	0.99898	0.000395736	0.000534349	5.60802e-05	3.38597e-05	0.000235181	0.999251	2.1776e-05	0.000489234	2.90347e-06	0.000334918	5.197e-05	0.999428	0.000183339	1.44361e-06	7.06399e-05	0.000233504	0.000563157	0.99908	5.29799e-05	8.83535e-06	2.61788e-06	4.90853e-06	9.81706e-06	0.999974
36	0.998954	0.000442981	0.000458456	9.33354e-05	5.07783e-05	9.19981e-05	0.998936	4.86601e-05	0.000910857	1.2165e-05	0.000434075	4.8391e-05	0.999336	0.000174063	7.22254e-06	0.000107262	0.000447749	0.000241476	0.99916	4.34548e-05	1.91366e-05	5.61947e-06	5.61947e-06	1.59471e-05	0.999954
37	0.998859	0.000333754	0.000681938	8.21839e-05	4.26603e-05	7.99645e-05	0.999057	2.7015e-05	0.000825579	1.0806e-05	0.000372553	4.93084e-05	0.999477	8.65637e-05	1.42447e-05	8.72149e-05	0.000387424	0.000277071	0.99919	5.87366e-05	1.62228e-05	7.81821e-06	7.23184e-06	1.56364e-05	0.999953
38	0.998775	0.000419251	0.000685026	7.56981e-05	4.53357e-05	7.25996e-05	0.998914	3.56398e-05	0.000966895	1.12199e-05	0.000348222	3.84702e-05	0.999523	7.3624e-05	1.6582e-05	7.19285e-05	0.000380311	0.00019677	0.999298	5.29129e-05	1.64448e-05	4.97168e-06	5.86403e-06	1.42776e-05	0.999958
39	0.998984	0.000412675	0.000490984	5.98551e-05	5.27796e-05	4.43822e-05	0.999035	2.28075e-05	0.000885795	1.23284e-05	0.000351695	3.20003e-05	0.999556	4.58465e-05	1.47693e-05	6.38204e-05	0.000401889	0.000130068	0.999348	5.61799e-05	1.79371e-05	6.13333e-06	5.7283e-06	1.55069e-05	0.999955
40	0.999145	0.000409717	0.000326887	6.12818e-05	5.68499e-05	3.14552e-05	0.998984	2.32445e-05	0.000942963	1.85031e-05	0.000277147	2.91177e-05	0.999651	2.46177e-05	1.82647e-05	6.03849e-05	0.000375202	8.39462e-05	0.999435	4.56406e-05	2.19515e-05	7.87822e-06	7.24702e-06	1.91695e-05	0.999944
