
SUMMARISING RUN PARAMETERS
==========================
Input filename: SC2265/host_removal/SC2265_R2.fastq.gz
Trimming mode: paired-end
Trim Galore version: 0.6.4_dev
Cutadapt version: 4.1
Python version: could not detect
Number of cores used for trimming: 2
Quality Phred score cutoff: 20
Quality encoding type selected: ASCII+33
Using Illumina adapter for trimming (count: 37053). Second best hit was Nextera (count: 0)
Adapter sequence: 'AGATCGGAAGAGC' (Illumina TruSeq, Sanger iPCR; auto-detected)
Maximum trimming error rate: 0.1 (default)
Minimum required adapter overlap (stringency): 1 bp
Minimum required sequence length for both reads before a sequence pair gets removed: 20 bp
Running FastQC on the data once trimming has completed
Output file will be GZIP compressed


This is cutadapt 4.1 with Python 3.9.13
Command line parameters: -j 2 -e 0.1 -q 20 -O 1 -a AGATCGGAAGAGC SC2265/host_removal/SC2265_R2.fastq.gz
Processing single-end reads on 2 cores ...
Finished in 8.58 s (28 µs/read; 2.13 M reads/minute).

=== Summary ===

Total reads processed:                 304,758
Reads with adapters:                   148,112 (48.6%)
Reads written (passing filters):       304,758 (100.0%)

Total basepairs processed:    76,494,258 bp
Quality-trimmed:               6,141,161 bp (8.0%)
Total written (filtered):     68,463,455 bp (89.5%)

=== Adapter 1 ===

Sequence: AGATCGGAAGAGC; Type: regular 3'; Length: 13; Trimmed: 148112 times

Minimum overlap: 1
No. of allowed errors:
1-9 bp: 0; 10-13 bp: 1

Bases preceding removed adapters:
  A: 33.5%
  C: 12.6%
  G: 8.1%
  T: 44.8%
  none/other: 1.0%

Overview of removed sequences
length	count	expect	max.err	error counts
1	60860	76189.5	0	60860
2	27522	19047.4	0	27522
3	1864	4761.8	0	1864
4	370	1190.5	0	370
5	176	297.6	0	176
6	367	74.4	0	367
7	21112	18.6	0	21112
8	220	4.7	0	220
9	491	1.2	0	489 2
10	398	0.3	1	352 46
11	119	0.1	1	94 25
12	250	0.0	1	212 38
13	99	0.0	1	82 17
14	262	0.0	1	219 43
15	119	0.0	1	102 17
16	146	0.0	1	126 20
17	566	0.0	1	528 38
18	236	0.0	1	210 26
19	732	0.0	1	669 63
20	1521	0.0	1	1451 70
21	442	0.0	1	399 43
22	279	0.0	1	255 24
23	429	0.0	1	382 47
24	742	0.0	1	646 96
25	299	0.0	1	273 26
26	792	0.0	1	726 66
27	717	0.0	1	658 59
28	11477	0.0	1	11061 416
29	822	0.0	1	722 100
30	1272	0.0	1	1179 93
31	93	0.0	1	76 17
32	453	0.0	1	416 37
33	169	0.0	1	135 34
34	77	0.0	1	63 14
35	107	0.0	1	95 12
36	345	0.0	1	318 27
37	197	0.0	1	160 37
38	142	0.0	1	121 21
39	193	0.0	1	170 23
40	368	0.0	1	340 28
41	196	0.0	1	167 29
42	403	0.0	1	351 52
43	414	0.0	1	368 46
44	507	0.0	1	463 44
45	468	0.0	1	425 43
46	209	0.0	1	185 24
47	262	0.0	1	246 16
48	139	0.0	1	132 7
49	112	0.0	1	100 12
50	71	0.0	1	61 10
51	64	0.0	1	57 7
52	59	0.0	1	52 7
53	78	0.0	1	68 10
54	151	0.0	1	141 10
55	65	0.0	1	57 8
56	147	0.0	1	136 11
57	295	0.0	1	287 8
58	111	0.0	1	102 9
59	32	0.0	1	28 4
60	77	0.0	1	74 3
61	32	0.0	1	29 3
62	25	0.0	1	23 2
63	48	0.0	1	46 2
64	17	0.0	1	14 3
65	7	0.0	1	6 1
66	7	0.0	1	5 2
67	11	0.0	1	8 3
68	8	0.0	1	4 4
69	7	0.0	1	6 1
70	12	0.0	1	11 1
71	5	0.0	1	3 2
72	11	0.0	1	7 4
73	17	0.0	1	16 1
74	31	0.0	1	19 12
75	53	0.0	1	39 14
76	77	0.0	1	62 15
77	101	0.0	1	72 29
78	215	0.0	1	170 45
79	365	0.0	1	269 96
80	743	0.0	1	592 151
81	795	0.0	1	655 140
82	616	0.0	1	514 102
83	425	0.0	1	364 61
84	281	0.0	1	228 53
85	210	0.0	1	172 38
86	157	0.0	1	117 40
87	113	0.0	1	83 30
88	108	0.0	1	85 23
89	86	0.0	1	65 21
90	73	0.0	1	56 17
91	70	0.0	1	54 16
92	68	0.0	1	53 15
93	74	0.0	1	51 23
94	56	0.0	1	42 14
95	48	0.0	1	32 16
96	40	0.0	1	25 15
97	30	0.0	1	23 7
98	31	0.0	1	25 6
99	24	0.0	1	17 7
100	26	0.0	1	13 13
101	23	0.0	1	21 2
102	24	0.0	1	19 5
103	26	0.0	1	20 6
104	24	0.0	1	20 4
105	40	0.0	1	37 3
106	36	0.0	1	25 11
107	133	0.0	1	122 11
108	32	0.0	1	23 9
109	22	0.0	1	16 6
110	20	0.0	1	13 7
111	31	0.0	1	25 6
112	21	0.0	1	13 8
113	19	0.0	1	14 5
114	26	0.0	1	19 7
115	34	0.0	1	19 15
116	21	0.0	1	13 8
117	11	0.0	1	8 3
118	16	0.0	1	7 9
119	11	0.0	1	7 4
120	11	0.0	1	6 5
121	15	0.0	1	11 4
122	10	0.0	1	5 5
123	9	0.0	1	6 3
124	14	0.0	1	6 8
125	11	0.0	1	6 5
126	16	0.0	1	9 7
127	31	0.0	1	20 11
128	18	0.0	1	10 8
129	21	0.0	1	10 11
130	12	0.0	1	6 6
131	11	0.0	1	8 3
132	8	0.0	1	4 4
133	20	0.0	1	11 9
134	36	0.0	1	22 14
135	18	0.0	1	13 5
136	22	0.0	1	17 5
137	15	0.0	1	8 7
138	10	0.0	1	7 3
139	5	0.0	1	4 1
140	8	0.0	1	4 4
141	5	0.0	1	3 2
142	9	0.0	1	3 6
143	7	0.0	1	4 3
144	9	0.0	1	5 4
145	6	0.0	1	3 3
146	9	0.0	1	6 3
147	38	0.0	1	28 10
148	16	0.0	1	6 10
149	27	0.0	1	21 6
150	11	0.0	1	9 2
151	4	0.0	1	3 1
152	8	0.0	1	7 1
153	11	0.0	1	5 6
154	33	0.0	1	26 7
155	18	0.0	1	11 7
156	35	0.0	1	30 5
157	8	0.0	1	6 2
158	9	0.0	1	3 6
159	9	0.0	1	6 3
160	9	0.0	1	6 3
161	5	0.0	1	2 3
162	5	0.0	1	1 4
163	4	0.0	1	2 2
164	7	0.0	1	6 1
165	7	0.0	1	4 3
166	4	0.0	1	3 1
167	16	0.0	1	13 3
168	15	0.0	1	13 2
169	15	0.0	1	14 1
170	19	0.0	1	17 2
171	9	0.0	1	6 3
172	5	0.0	1	4 1
173	6	0.0	1	4 2
174	13	0.0	1	12 1
175	15	0.0	1	12 3
176	4	0.0	1	4
177	9	0.0	1	6 3
178	3	0.0	1	2 1
179	5	0.0	1	4 1
180	6	0.0	1	5 1
181	4	0.0	1	4
182	8	0.0	1	7 1
183	4	0.0	1	4
184	12	0.0	1	11 1
185	5	0.0	1	4 1
186	3	0.0	1	3
187	9	0.0	1	9
188	17	0.0	1	16 1
189	24	0.0	1	24
190	16	0.0	1	15 1
191	17	0.0	1	17
192	12	0.0	1	12
193	21	0.0	1	18 3
194	11	0.0	1	11
195	17	0.0	1	16 1
196	8	0.0	1	7 1
197	18	0.0	1	18
198	24	0.0	1	23 1
199	16	0.0	1	16
200	14	0.0	1	14
201	11	0.0	1	11
202	21	0.0	1	20 1
203	37	0.0	1	36 1
204	22	0.0	1	22
205	27	0.0	1	27
206	26	0.0	1	26
207	30	0.0	1	29 1
208	49	0.0	1	47 2
209	24	0.0	1	23 1
210	44	0.0	1	43 1
211	17	0.0	1	17
212	12	0.0	1	12
213	13	0.0	1	12 1
214	10	0.0	1	9 1
215	34	0.0	1	30 4
216	4	0.0	1	4
217	25	0.0	1	21 4
218	3	0.0	1	3
219	3	0.0	1	3
220	2	0.0	1	2
221	1	0.0	1	1
222	1	0.0	1	1
225	2	0.0	1	2
227	1	0.0	1	1
228	1	0.0	1	1
229	1	0.0	1	1
230	2	0.0	1	2
231	1	0.0	1	1
233	1	0.0	1	1
234	2	0.0	1	2
236	1	0.0	1	1
242	1	0.0	1	0 1
243	1	0.0	1	0 1
244	1	0.0	1	1
247	1	0.0	1	0 1
249	2	0.0	1	0 2
250	10	0.0	1	0 10
251	236	0.0	1	0 236

RUN STATISTICS FOR INPUT FILE: SC2265/host_removal/SC2265_R2.fastq.gz
=============================================
304758 sequences processed in total

Total number of sequences analysed for the sequence pair length validation: 304758

Number of sequence pairs removed because at least one read was shorter than the length cutoff (20 bp): 2293 (0.75%)
