
SUMMARISING RUN PARAMETERS
==========================
Input filename: SC2289/host_removal/SC2289_R1.fastq.gz
Trimming mode: paired-end
Trim Galore version: 0.6.4_dev
Cutadapt version: 4.1
Python version: could not detect
Number of cores used for trimming: 2
Quality Phred score cutoff: 20
Quality encoding type selected: ASCII+33
Using Illumina adapter for trimming (count: 11602). Second best hit was smallRNA (count: 0)
Adapter sequence: 'AGATCGGAAGAGC' (Illumina TruSeq, Sanger iPCR; auto-detected)
Maximum trimming error rate: 0.1 (default)
Minimum required adapter overlap (stringency): 1 bp
Minimum required sequence length for both reads before a sequence pair gets removed: 20 bp
Running FastQC on the data once trimming has completed
Output file will be GZIP compressed


This is cutadapt 4.1 with Python 3.9.13
Command line parameters: -j 2 -e 0.1 -q 20 -O 1 -a AGATCGGAAGAGC SC2289/host_removal/SC2289_R1.fastq.gz
Processing single-end reads on 2 cores ...
Finished in 26.99 s (38 µs/read; 1.57 M reads/minute).

=== Summary ===

Total reads processed:                 705,956
Reads with adapters:                   247,163 (35.0%)
Reads written (passing filters):       705,956 (100.0%)

Total basepairs processed:   177,194,956 bp
Quality-trimmed:               1,588,939 bp (0.9%)
Total written (filtered):    173,802,725 bp (98.1%)

=== Adapter 1 ===

Sequence: AGATCGGAAGAGC; Type: regular 3'; Length: 13; Trimmed: 247163 times

Minimum overlap: 1
No. of allowed errors:
1-9 bp: 0; 10-13 bp: 1

Bases preceding removed adapters:
  A: 36.2%
  C: 20.6%
  G: 10.5%
  T: 31.0%
  none/other: 1.6%

Overview of removed sequences
length	count	expect	max.err	error counts
1	161149	176489.0	0	161149
2	58076	44122.2	0	58076
3	7038	11030.6	0	7038
4	3424	2757.6	0	3424
5	120	689.4	0	120
6	72	172.4	0	72
7	828	43.1	0	828
8	42	10.8	0	42
9	96	2.7	0	95 1
10	95	0.7	1	90 5
11	46	0.2	1	42 4
12	102	0.0	1	94 8
13	68	0.0	1	64 4
14	40	0.0	1	39 1
15	71	0.0	1	64 7
16	48	0.0	1	47 1
17	64	0.0	1	59 5
18	61	0.0	1	61
19	62	0.0	1	57 5
20	61	0.0	1	60 1
21	49	0.0	1	49
22	61	0.0	1	50 11
23	46	0.0	1	43 3
24	132	0.0	1	127 5
25	107	0.0	1	91 16
26	35	0.0	1	26 9
27	62	0.0	1	54 8
28	94	0.0	1	86 8
29	52	0.0	1	46 6
30	59	0.0	1	54 5
31	64	0.0	1	57 7
32	113	0.0	1	105 8
33	59	0.0	1	47 12
34	97	0.0	1	85 12
35	89	0.0	1	81 8
36	36	0.0	1	30 6
37	118	0.0	1	114 4
38	48	0.0	1	45 3
39	52	0.0	1	47 5
40	53	0.0	1	49 4
41	64	0.0	1	61 3
42	358	0.0	1	346 12
43	321	0.0	1	310 11
44	59	0.0	1	56 3
45	109	0.0	1	106 3
46	51	0.0	1	44 7
47	89	0.0	1	80 9
48	44	0.0	1	41 3
49	78	0.0	1	72 6
50	29	0.0	1	27 2
51	68	0.0	1	66 2
52	58	0.0	1	51 7
53	72	0.0	1	56 16
54	177	0.0	1	154 23
55	89	0.0	1	82 7
56	48	0.0	1	45 3
57	88	0.0	1	82 6
58	38	0.0	1	36 2
59	82	0.0	1	79 3
60	38	0.0	1	36 2
61	44	0.0	1	41 3
62	34	0.0	1	31 3
63	58	0.0	1	54 4
64	23	0.0	1	23
65	44	0.0	1	43 1
66	45	0.0	1	40 5
67	27	0.0	1	21 6
68	50	0.0	1	45 5
69	296	0.0	1	287 9
70	82	0.0	1	72 10
71	76	0.0	1	64 12
72	119	0.0	1	97 22
73	167	0.0	1	122 45
74	348	0.0	1	227 121
75	711	0.0	1	446 265
76	1595	0.0	1	1230 365
77	1298	0.0	1	1017 281
78	766	0.0	1	546 220
79	523	0.0	1	386 137
80	368	0.0	1	255 113
81	223	0.0	1	143 80
82	172	0.0	1	124 48
83	135	0.0	1	95 40
84	113	0.0	1	79 34
85	111	0.0	1	72 39
86	99	0.0	1	60 39
87	93	0.0	1	58 35
88	71	0.0	1	43 28
89	114	0.0	1	85 29
90	66	0.0	1	41 25
91	55	0.0	1	34 21
92	38	0.0	1	31 7
93	63	0.0	1	45 18
94	128	0.0	1	100 28
95	52	0.0	1	38 14
96	85	0.0	1	67 18
97	75	0.0	1	62 13
98	32	0.0	1	17 15
99	39	0.0	1	32 7
100	51	0.0	1	42 9
101	43	0.0	1	35 8
102	27	0.0	1	20 7
103	28	0.0	1	18 10
104	36	0.0	1	23 13
105	42	0.0	1	30 12
106	25	0.0	1	13 12
107	34	0.0	1	21 13
108	41	0.0	1	24 17
109	34	0.0	1	20 14
110	18	0.0	1	7 11
111	23	0.0	1	15 8
112	30	0.0	1	12 18
113	34	0.0	1	21 13
114	32	0.0	1	20 12
115	22	0.0	1	9 13
116	27	0.0	1	14 13
117	28	0.0	1	20 8
118	20	0.0	1	12 8
119	19	0.0	1	5 14
120	14	0.0	1	10 4
121	19	0.0	1	11 8
122	11	0.0	1	7 4
123	25	0.0	1	15 10
124	16	0.0	1	5 11
125	17	0.0	1	10 7
126	14	0.0	1	8 6
127	69	0.0	1	54 15
128	21	0.0	1	9 12
129	18	0.0	1	7 11
130	22	0.0	1	12 10
131	18	0.0	1	11 7
132	19	0.0	1	7 12
133	28	0.0	1	17 11
134	21	0.0	1	10 11
135	16	0.0	1	7 9
136	19	0.0	1	8 11
137	19	0.0	1	8 11
138	22	0.0	1	5 17
139	27	0.0	1	7 20
140	20	0.0	1	5 15
141	42	0.0	1	35 7
142	31	0.0	1	15 16
143	17	0.0	1	5 12
144	21	0.0	1	9 12
145	20	0.0	1	14 6
146	35	0.0	1	18 17
147	38	0.0	1	24 14
148	20	0.0	1	10 10
149	18	0.0	1	8 10
150	13	0.0	1	3 10
151	29	0.0	1	15 14
152	19	0.0	1	11 8
153	24	0.0	1	12 12
154	25	0.0	1	16 9
155	28	0.0	1	14 14
156	54	0.0	1	39 15
157	40	0.0	1	24 16
158	36	0.0	1	26 10
159	33	0.0	1	20 13
160	57	0.0	1	49 8
161	44	0.0	1	33 11
162	31	0.0	1	26 5
163	34	0.0	1	21 13
164	34	0.0	1	25 9
165	20	0.0	1	10 10
166	30	0.0	1	21 9
167	46	0.0	1	38 8
168	34	0.0	1	26 8
169	45	0.0	1	33 12
170	27	0.0	1	15 12
171	11	0.0	1	6 5
172	36	0.0	1	29 7
173	22	0.0	1	16 6
174	29	0.0	1	16 13
175	29	0.0	1	19 10
176	22	0.0	1	14 8
177	17	0.0	1	12 5
178	18	0.0	1	5 13
179	14	0.0	1	4 10
180	25	0.0	1	15 10
181	21	0.0	1	13 8
182	12	0.0	1	3 9
183	18	0.0	1	8 10
184	13	0.0	1	11 2
185	38	0.0	1	30 8
186	11	0.0	1	1 10
187	13	0.0	1	3 10
188	5	0.0	1	0 5
189	11	0.0	1	4 7
190	9	0.0	1	4 5
191	10	0.0	1	5 5
192	14	0.0	1	8 6
193	19	0.0	1	13 6
194	8	0.0	1	2 6
195	8	0.0	1	3 5
196	6	0.0	1	4 2
197	11	0.0	1	5 6
198	7	0.0	1	4 3
199	6	0.0	1	4 2
200	17	0.0	1	11 6
201	6	0.0	1	2 4
202	4	0.0	1	2 2
203	10	0.0	1	7 3
204	5	0.0	1	2 3
205	6	0.0	1	2 4
206	7	0.0	1	5 2
207	5	0.0	1	4 1
208	5	0.0	1	4 1
209	9	0.0	1	7 2
210	15	0.0	1	13 2
211	7	0.0	1	5 2
212	7	0.0	1	5 2
213	2	0.0	1	1 1
214	13	0.0	1	10 3
215	9	0.0	1	5 4
216	2	0.0	1	2
217	6	0.0	1	4 2
218	4	0.0	1	2 2
219	5	0.0	1	3 2
220	5	0.0	1	0 5
221	6	0.0	1	3 3
222	2	0.0	1	1 1
223	5	0.0	1	4 1
224	7	0.0	1	4 3
225	4	0.0	1	3 1
226	5	0.0	1	1 4
227	5	0.0	1	3 2
228	5	0.0	1	3 2
229	5	0.0	1	4 1
230	8	0.0	1	6 2
231	6	0.0	1	4 2
232	7	0.0	1	3 4
233	4	0.0	1	2 2
234	3	0.0	1	2 1
235	3	0.0	1	3
236	4	0.0	1	1 3
237	2	0.0	1	1 1
238	7	0.0	1	2 5
239	4	0.0	1	3 1
240	2	0.0	1	0 2
241	1	0.0	1	0 1
242	5	0.0	1	2 3
243	1	0.0	1	1
244	5	0.0	1	1 4
245	5	0.0	1	0 5
246	4	0.0	1	0 4
247	10	0.0	1	0 10
248	13	0.0	1	0 13
249	24	0.0	1	1 23
250	57	0.0	1	0 57
251	931	0.0	1	1 930

RUN STATISTICS FOR INPUT FILE: SC2289/host_removal/SC2289_R1.fastq.gz
=============================================
705956 sequences processed in total

