quality	AA	AC	AG	AT	A.	CA	CC	CG	CT	C.	GA	GC	GG	GT	G.	TA	TC	TG	TT	T.	.A	.C	.G	.T	..
0	NA	NA	NA	NA	NA	NA	NA	NA	NA	NA	NA	NA	NA	NA	NA	NA	NA	NA	NA	NA	NA	NA	NA	NA	NA
1	NA	NA	NA	NA	NA	NA	NA	NA	NA	NA	NA	NA	NA	NA	NA	NA	NA	NA	NA	NA	NA	NA	NA	NA	NA
2	NA	NA	NA	NA	NA	NA	NA	NA	NA	NA	NA	NA	NA	NA	NA	NA	NA	NA	NA	NA	NA	NA	NA	NA	NA
3	NA	NA	NA	NA	NA	NA	NA	NA	NA	NA	NA	NA	NA	NA	NA	NA	NA	NA	NA	NA	NA	NA	NA	NA	NA
4	NA	NA	NA	NA	NA	NA	NA	NA	NA	NA	NA	NA	NA	NA	NA	NA	NA	NA	NA	NA	NA	NA	NA	NA	NA
5	NA	NA	NA	NA	NA	NA	NA	NA	NA	NA	NA	NA	NA	NA	NA	NA	NA	NA	NA	NA	NA	NA	NA	NA	NA
6	NA	NA	NA	NA	NA	NA	NA	NA	NA	NA	NA	NA	NA	NA	NA	NA	NA	NA	NA	NA	NA	NA	NA	NA	NA
7	NA	NA	NA	NA	NA	NA	NA	NA	NA	NA	NA	NA	NA	NA	NA	NA	NA	NA	NA	NA	NA	NA	NA	NA	NA
8	NA	NA	NA	NA	NA	NA	NA	NA	NA	NA	NA	NA	NA	NA	NA	NA	NA	NA	NA	NA	NA	NA	NA	NA	NA
9	NA	NA	NA	NA	NA	NA	NA	NA	NA	NA	NA	NA	NA	NA	NA	NA	NA	NA	NA	NA	NA	NA	NA	NA	NA
10	0.972222	0.0277778	NA	NA	NA	0.0434783	0.956522	NA	NA	NA	0.0204082	NA	0.969388	0.0102041	NA	NA	NA	NA	1	NA	NA	NA	NA	NA	1
11	0.973263	0.0143477	0.00307073	0.00915925	0.000158831	0.0707757	0.904525	0.00581615	0.0187325	0.000151069	0.0230065	0.00662252	0.924166	0.0459748	0.000229683	0.0219987	0.00817096	0.0230463	0.946155	0.000628536	4.76274e-05	3.17516e-05	3.17516e-05	9.52547e-05	0.999794
12	0.972635	0.0145135	0.00529012	0.0074702	9.14718e-05	0.052987	0.929218	0.00532183	0.0123475	0.00012621	0.0108913	0.00450989	0.949221	0.0352473	0.000129968	0.0120014	0.00548817	0.0252413	0.957098	0.000170838	2.53382e-05	2.53382e-05	1.68921e-05	5.48993e-05	0.999878
13	0.967099	0.0181172	0.00523494	0.00943735	0.000111878	0.037948	0.947049	0.0043126	0.0105815	0.000109088	0.00788676	0.00336917	0.967602	0.0210314	0.000110691	0.011754	0.007142	0.0214724	0.959459	0.000172129	4.26894e-05	2.79689e-05	2.42888e-05	3.53291e-05	0.99987
14	0.965295	0.0191471	0.00580464	0.00958494	0.000168316	0.033382	0.951339	0.00388415	0.0112722	0.000122229	0.0147513	0.00583973	0.947493	0.0318145	0.00010134	0.0137657	0.0103469	0.0203857	0.955327	0.000175166	3.47674e-05	3.76647e-05	2.75242e-05	5.50484e-05	0.999845
15	0.964462	0.0172551	0.00715789	0.0110526	7.28745e-05	0.027295	0.956518	0.00437924	0.0117297	7.76805e-05	0.0134604	0.00640631	0.951509	0.0285045	0.000119968	0.0140601	0.00893049	0.0224142	0.954449	0.000146562	4.16326e-05	3.0068e-05	2.77551e-05	5.78231e-05	0.999843
16	0.965182	0.0148543	0.00727313	0.012556	0.000134785	0.0257117	0.956883	0.00421634	0.0131013	8.82425e-05	0.0127423	0.0053934	0.953738	0.0280692	5.74348e-05	0.0175056	0.0112863	0.0267003	0.94436	0.00014764	6.2131e-05	2.91064e-05	2.74272e-05	5.09362e-05	0.99983
17	NA	NA	NA	NA	NA	NA	NA	NA	NA	NA	NA	NA	NA	NA	NA	NA	NA	NA	NA	NA	NA	NA	NA	NA	NA
18	1	NA	NA	NA	NA	NA	1	NA	NA	NA	NA	NA	1	NA	NA	NA	NA	NA	1	NA	NA	NA	NA	NA	1
19	1	NA	NA	NA	NA	NA	1	NA	NA	NA	NA	NA	1	NA	NA	NA	NA	NA	1	NA	NA	NA	NA	NA	1
20	0.99599	0.00313862	0.000174368	0.000697472	NA	0.00791269	0.989905	0.000545703	0.00163711	NA	0.00179576	0.000359152	0.994014	0.00371124	0.000119717	0.0029129	0.00029129	0.00407807	0.992718	NA	4.72322e-05	NA	NA	NA	0.999953
21	0.996588	0.00247875	0.000393684	0.000466588	7.29044e-05	0.00440851	0.994227	0.000355844	0.000988455	1.97691e-05	0.000854182	0.0002088	0.996355	0.00258153	NA	0.000508313	0.000413004	0.00203325	0.996982	6.35391e-05	1.87859e-05	3.75718e-06	1.50287e-05	1.50287e-05	0.999947
22	0.996455	0.0026584	0.0003323	0.000509526	4.43066e-05	0.00476106	0.993143	0.000390833	0.00159886	0.000106591	0.00191066	0.000231595	0.994992	0.00286599	NA	0.000970727	0.000582436	0.00252389	0.995858	6.47151e-05	2.59528e-05	2.59528e-05	NA	1.94646e-05	0.999929
23	0.997949	0.00136326	0.000256339	0.00039616	3.49553e-05	0.00269975	0.995545	0.000149066	0.0016066	NA	0.000569026	0.000521607	0.997139	0.00173869	3.16126e-05	0.000539844	0.000316195	0.00138817	0.99771	4.62724e-05	1.76989e-05	1.17993e-05	8.84945e-06	2.35985e-05	0.999938
24	0.998154	0.00121921	0.000243843	0.000383182	NA	0.00211888	0.996376	0.0002788	0.00122672	NA	0.00131191	0.000163988	0.9959	0.00262381	NA	0.000490617	0.000343432	0.000932172	0.998209	2.45308e-05	6.62408e-05	1.8926e-05	2.83889e-05	3.78519e-05	0.999849
25	0.997361	0.00172251	0.000361171	0.000527866	2.77824e-05	0.00297771	0.994882	0.000418741	0.00162844	9.30536e-05	0.00149419	0.000256148	0.996457	0.00179303	NA	0.000548616	0.000422012	0.000928427	0.997995	0.000105503	1.55927e-05	NA	3.11854e-05	1.55927e-05	0.999938
26	0.998778	0.00081493	0.000162986	0.000244479	NA	0.00233402	0.993646	0.000259336	0.00376037	NA	0.00164091	NA	0.997128	0.00123069	NA	0.000501532	0.000612984	0.000780162	0.997882	0.000222903	2.2117e-05	2.2117e-05	2.2117e-05	4.42341e-05	0.999889
27	0.996634	0.00141937	0.00121594	0.000661957	6.88561e-05	0.0026539	0.995437	0.000336518	0.00154237	3.05925e-05	0.00183294	0.00061317	0.993816	0.00372501	1.31394e-05	0.00102741	0.00100169	0.00422666	0.993644	0.000100298	3.2214e-05	1.34225e-05	1.70018e-05	2.63976e-05	0.999911
28	0.999035	0.000392955	0.000321509	0.000214339	3.57232e-05	0.00036318	0.997854	6.60328e-05	0.00171685	NA	0.00123845	0.000304849	0.997066	0.00137182	1.90531e-05	0.000747161	0.000298864	0.000523013	0.998356	7.47161e-05	8.05899e-06	NA	8.05899e-06	2.4177e-05	0.99996
29	0.999659	0.000170358	NA	NA	0.000170358	0.000612933	0.999387	NA	NA	NA	0.000455425	NA	0.999203	0.000341569	NA	NA	NA	NA	1	NA	5.10569e-05	NA	NA	NA	0.999949
30	0.998341	0.00057151	0.000715113	0.000324919	4.78676e-05	0.000403033	0.998147	0.000155869	0.00128481	8.9068e-06	0.00126878	0.000193399	0.997671	0.00086073	6.37578e-06	0.000420777	0.000746403	0.000615307	0.998184	3.38313e-05	1.78122e-05	1.0591e-05	4.3327e-06	1.34795e-05	0.999954
31	0.998706	0.000450734	0.000635438	0.000179191	2.89462e-05	0.000520741	0.998336	9.58164e-05	0.0010394	8.33186e-06	0.000943798	0.000104866	0.998346	0.000589626	1.58289e-05	0.000217296	0.000546217	0.00057896	0.998605	5.20916e-05	2.13724e-05	5.55681e-06	6.41171e-06	1.28234e-05	0.999954
32	0.999569	0.000229781	9.33486e-05	7.89872e-05	2.87226e-05	0.000281262	0.998752	5.27366e-05	0.000914101	NA	0.000208236	5.20589e-05	0.999531	0.000190883	1.7353e-05	9.24957e-05	9.24957e-05	0.000208115	0.999561	4.62479e-05	7.62961e-06	5.72221e-06	7.62961e-06	1.14444e-05	0.999968
33	0.999555	0.000230805	0.000129476	7.88115e-05	5.62939e-06	0.000466407	0.998616	4.51362e-05	0.000872633	NA	0.000178808	3.57615e-05	0.999578	0.00018596	2.14569e-05	4.95477e-05	0.000111482	0.000231222	0.999599	8.25795e-06	1.53837e-06	6.1535e-06	9.23024e-06	6.1535e-06	0.999977
34	0.998658	0.000405086	0.000731917	0.000144674	6.04999e-05	0.000230973	0.998837	5.17877e-05	0.000874176	6.21452e-06	0.00102355	0.000103184	0.998505	0.000359301	9.21284e-06	0.000170998	0.000580816	0.000531032	0.998659	5.84424e-05	2.2429e-05	5.25365e-06	5.05158e-06	1.5963e-05	0.999951
35	0.999048	0.00033695	0.000524582	4.42063e-05	4.6171e-05	0.000251377	0.999406	2.27233e-05	0.000316706	2.84042e-06	0.000575194	5.58441e-05	0.999183	0.000181493	4.18831e-06	5.44147e-05	0.00030491	0.000561972	0.999027	5.16001e-05	9.78464e-06	5.05014e-06	4.7345e-06	1.51504e-05	0.999965
36	0.999072	0.000249638	0.00054372	8.65224e-05	4.77528e-05	8.72587e-05	0.999019	3.8453e-05	0.000846705	8.87376e-06	0.00085322	6.35377e-05	0.998919	0.000152211	1.18697e-05	0.000101845	0.000565567	0.000230777	0.999047	5.52565e-05	1.86831e-05	5.63459e-06	6.22771e-06	1.57175e-05	0.999954
37	0.998896	0.000208479	0.000770761	8.4005e-05	4.10827e-05	9.58424e-05	0.999063	2.949e-05	0.000800442	1.15853e-05	0.000857494	5.31285e-05	0.998983	9.77564e-05	8.50056e-06	8.53363e-05	0.000507374	0.000304192	0.999051	5.22467e-05	1.90733e-05	8.20152e-06	6.29419e-06	1.56401e-05	0.999951
38	0.998881	0.000213496	0.000792244	7.05014e-05	4.30178e-05	7.56754e-05	0.999118	2.31404e-05	0.000774266	8.75583e-06	0.000865341	4.87784e-05	0.99899	8.36201e-05	1.20362e-05	6.46265e-05	0.000467545	0.000206246	0.999208	5.34565e-05	1.8186e-05	7.56732e-06	6.59089e-06	1.19612e-05	0.999956
39	0.999042	0.000234861	0.000610006	6.06122e-05	5.23017e-05	4.07342e-05	0.999137	2.19674e-05	0.000791699	9.01972e-06	0.000788231	2.98203e-05	0.999123	4.98917e-05	9.03211e-06	5.54955e-05	0.000424187	0.000166401	0.999303	5.09774e-05	1.84215e-05	6.44071e-06	7.17757e-06	1.6593e-05	0.999951
40	0.999222	0.000197132	0.000461477	6.12707e-05	5.81286e-05	2.97011e-05	0.99915	1.91156e-05	0.000785384	1.61352e-05	0.000770577	2.64397e-05	0.999166	2.28448e-05	1.44954e-05	4.46461e-05	0.000405886	0.000160699	0.999345	4.38453e-05	2.19751e-05	7.44318e-06	6.96365e-06	1.92021e-05	0.999944
