quality	AA	AC	AG	AT	A.	CA	CC	CG	CT	C.	GA	GC	GG	GT	G.	TA	TC	TG	TT	T.	.A	.C	.G	.T	..
0	NA	NA	NA	NA	NA	NA	NA	NA	NA	NA	NA	NA	NA	NA	NA	NA	NA	NA	NA	NA	NA	NA	NA	NA	NA
1	NA	NA	NA	NA	NA	NA	NA	NA	NA	NA	NA	NA	NA	NA	NA	NA	NA	NA	NA	NA	NA	NA	NA	NA	NA
2	NA	NA	NA	NA	NA	NA	NA	NA	NA	NA	NA	NA	NA	NA	NA	NA	NA	NA	NA	NA	NA	NA	NA	NA	NA
3	NA	NA	NA	NA	NA	NA	NA	NA	NA	NA	NA	NA	NA	NA	NA	NA	NA	NA	NA	NA	NA	NA	NA	NA	NA
4	NA	NA	NA	NA	NA	NA	NA	NA	NA	NA	NA	NA	NA	NA	NA	NA	NA	NA	NA	NA	NA	NA	NA	NA	NA
5	NA	NA	NA	NA	NA	NA	NA	NA	NA	NA	NA	NA	NA	NA	NA	NA	NA	NA	NA	NA	NA	NA	NA	NA	NA
6	NA	NA	NA	NA	NA	NA	NA	NA	NA	NA	NA	NA	NA	NA	NA	NA	NA	NA	NA	NA	NA	NA	NA	NA	NA
7	NA	NA	NA	NA	NA	NA	NA	NA	NA	NA	NA	NA	NA	NA	NA	NA	NA	NA	NA	NA	NA	NA	NA	NA	NA
8	NA	NA	NA	NA	NA	NA	NA	NA	NA	NA	NA	NA	NA	NA	NA	NA	NA	NA	NA	NA	NA	NA	NA	NA	NA
9	NA	NA	NA	NA	NA	NA	NA	NA	NA	NA	NA	NA	NA	NA	NA	NA	NA	NA	NA	NA	NA	NA	NA	NA	NA
10	NA	NA	NA	NA	NA	NA	NA	NA	NA	NA	NA	NA	NA	NA	NA	NA	NA	NA	NA	NA	NA	NA	NA	NA	NA
11	0.973403	0.0118584	0.0032187	0.0115196	NA	0.0584462	0.919221	0.00665241	0.0156807	NA	0.0223235	0.0071754	0.931321	0.0390661	0.000113895	0.0325511	0.013626	0.0310371	0.922786	NA	NA	NA	4.94951e-05	4.94951e-05	0.999901
12	0.970072	0.0131534	0.00666211	0.00990776	0.000204988	0.039267	0.9425	0.00468449	0.0134105	0.000137779	0.0129469	0.0054442	0.949865	0.0316631	8.12568e-05	0.0143806	0.00856249	0.0245897	0.952303	0.000164663	4.71085e-05	NA	2.82651e-05	2.82651e-05	0.999896
13	0.965702	0.0160197	0.00625486	0.0118741	0.000149793	0.0293041	0.953396	0.00467987	0.0125223	9.74974e-05	0.00998532	0.00431891	0.963255	0.0223259	0.000115171	0.0145181	0.00962932	0.0229707	0.952652	0.000229611	5.54531e-05	2.64662e-05	3.90692e-05	3.78089e-05	0.999841
14	0.962343	0.0172866	0.00713963	0.0130702	0.000160699	0.0276554	0.953685	0.00449803	0.0139542	0.00020707	0.0185769	0.00685497	0.941249	0.0331233	0.000195546	0.0181326	0.0161114	0.0205249	0.944938	0.000292934	5.34184e-05	4.3706e-05	5.34184e-05	9.22682e-05	0.999757
15	0.978385	0.00774067	0.00473894	0.00904063	9.45425e-05	0.0117884	0.977337	0.002769	0.00797097	0.000134418	0.0136412	0.00547819	0.955971	0.0248146	9.49191e-05	0.0237968	0.0173652	0.0234216	0.935113	0.000303712	6.59848e-05	2.19949e-05	1.83291e-05	6.59848e-05	0.999828
16	0.965211	0.0117515	0.00867535	0.0142117	0.000150876	0.0176076	0.962752	0.00458675	0.0148624	0.000191685	0.0171623	0.00788077	0.951315	0.0235048	0.000137455	0.0171726	0.011857	0.0182524	0.952457	0.000260823	0.000122144	5.48962e-05	4.52894e-05	7.54823e-05	0.999702
17	NA	NA	NA	NA	NA	NA	NA	NA	NA	NA	NA	NA	NA	NA	NA	NA	NA	NA	NA	NA	NA	NA	NA	NA	NA
18	NA	NA	NA	NA	NA	NA	NA	NA	NA	NA	NA	NA	NA	NA	NA	NA	NA	NA	NA	NA	NA	NA	NA	NA	NA
19	NA	NA	NA	NA	NA	NA	NA	NA	NA	NA	NA	NA	NA	NA	NA	NA	NA	NA	NA	NA	NA	NA	NA	NA	NA
20	0.998738	0.000420521	0.000420521	NA	0.000420521	0.0027933	0.995112	NA	0.00209497	NA	0.00223214	0.000558036	0.995536	0.00167411	NA	0.000633312	NA	0.00253325	0.996833	NA	NA	NA	NA	NA	1
21	0.996672	0.00198359	0.000504303	0.000773265	6.72405e-05	0.00257279	0.995755	0.000728957	0.000943356	NA	0.000871152	0.000331868	0.996349	0.00244752	NA	0.00134639	0.000533915	0.00250708	0.995566	4.64274e-05	1.66454e-05	8.32272e-06	1.66454e-05	8.32272e-06	0.99995
22	0.996774	0.00210707	0.000493843	0.000625535	NA	0.00440689	0.993364	0.000933223	0.00129614	NA	0.00199826	0.000608167	0.994266	0.00312772	NA	0.00183046	0.00100991	0.00277725	0.994319	6.31194e-05	4.79262e-05	2.87557e-05	1.91705e-05	1.91705e-05	0.999885
23	0.99709	0.00140282	0.000628128	0.000837503	4.18752e-05	0.00208252	0.995201	0.000513084	0.00217306	3.01814e-05	0.00160369	0.000450159	0.99547	0.00244774	2.81349e-05	0.000939691	0.000575035	0.00165498	0.99676	7.01262e-05	3.19807e-05	3.19807e-05	1.06602e-05	2.13205e-05	0.999904
24	0.998593	0.00109426	0.000104216	0.000156323	5.21078e-05	0.00221711	0.996223	0.000821153	0.000739038	NA	0.00128773	0.000241449	0.99662	0.00177062	8.04829e-05	0.000536807	0.00025051	0.00182514	0.997316	7.15743e-05	1.39454e-05	1.39454e-05	NA	4.18363e-05	0.99993
25	0.997265	0.00161812	0.000269687	0.000809061	3.85267e-05	0.0018093	0.99421	0.0006031	0.00337736	NA	0.00250845	0.0010361	0.993783	0.00261752	5.45316e-05	0.000969358	0.000403899	0.00129248	0.9972	0.000134633	4.08288e-05	5.1036e-05	1.02072e-05	3.06216e-05	0.999867
26	0.997644	0.00135338	0.000300752	0.000701754	NA	0.00228852	0.993558	0.000339041	0.00381421	NA	0.0029788	0.000613282	0.99378	0.00262835	NA	0.000331444	0.000364589	0.00112691	0.998078	9.94332e-05	5.45807e-05	NA	1.36452e-05	2.72903e-05	0.999904
27	0.996655	0.0010107	0.00117131	0.00108824	7.47643e-05	0.00110885	0.996884	0.00037692	0.00159972	3.06796e-05	0.00283807	0.00114131	0.991105	0.00488482	3.0435e-05	0.00113667	0.00172468	0.00341877	0.993641	7.86928e-05	2.50425e-05	1.85799e-05	2.01955e-05	4.11989e-05	0.999895
28	0.998437	0.000360642	0.000721284	0.000420749	6.0107e-05	0.000403017	0.997409	0.000230295	0.00195751	NA	0.00312789	0.000478759	0.994829	0.00156395	NA	0.000767544	0.00109649	0.000548246	0.997588	NA	4.0315e-05	6.71917e-05	NA	NA	0.999892
29	0.999368	0.000632111	NA	NA	NA	NA	1	NA	NA	NA	NA	0.000320924	0.999679	NA	NA	NA	NA	NA	1	NA	NA	NA	NA	NA	1
30	0.998137	0.000465666	0.000749549	0.000585196	6.22549e-05	0.000308084	0.99814	0.000167354	0.00138067	3.80351e-06	0.00173975	0.000418508	0.99696	0.000871604	1.03762e-05	0.000557972	0.00107773	0.000657337	0.99765	5.73259e-05	2.14328e-05	9.06772e-06	4.12169e-06	1.81354e-05	0.999947
31	0.998705	0.00028037	0.00064849	0.000325315	4.06644e-05	0.000225004	0.99857	9.00018e-05	0.00110895	6.4287e-06	0.00121546	0.00022945	0.997888	0.000663543	3.10067e-06	0.000297266	0.000913908	0.000697715	0.998054	3.68511e-05	1.88728e-05	8.76238e-06	8.76238e-06	1.75248e-05	0.999946
32	0.999617	0.000170196	0.000138285	5.31864e-05	2.12746e-05	8.44571e-05	0.99848	1.40762e-05	0.00140762	1.40762e-05	0.000319327	5.80594e-05	0.999376	0.000232237	1.45148e-05	4.64645e-05	0.00022303	0.000306666	0.999405	1.85858e-05	1.19175e-05	5.95877e-06	8.93815e-06	1.48969e-05	0.999958
33	0.999685	0.000192023	6.91281e-05	5.37663e-05	NA	8.76175e-05	0.998609	1.09522e-05	0.00129236	NA	0.000301848	3.23408e-05	0.999202	0.000452772	1.07803e-05	4.46331e-05	0.000172953	0.000446331	0.999319	1.67374e-05	6.41952e-06	NA	8.55935e-06	1.92585e-05	0.999966
34	0.998594	0.000405214	0.000741142	0.000206806	5.24888e-05	0.000119071	0.998933	6.9458e-05	0.000853341	2.48064e-05	0.00121172	0.000165432	0.998289	0.000329413	4.35348e-06	0.000170752	0.000890682	0.00044188	0.998419	7.73001e-05	2.15533e-05	1.06158e-05	6.43383e-06	2.44485e-05	0.999937
35	0.999322	0.000245948	0.000352269	4.35533e-05	3.58674e-05	3.10992e-05	0.999682	1.38219e-05	0.000267799	5.1832e-06	0.000507538	9.09567e-05	0.999114	0.000281966	5.4574e-06	5.57489e-05	0.000447177	0.000469714	0.998975	5.21905e-05	1.12516e-05	6.25087e-06	5.83414e-06	1.00014e-05	0.999967
36	0.999027	0.000208368	0.000565281	0.000138464	6.11659e-05	5.1799e-05	0.999056	4.12277e-05	0.000845697	5.28561e-06	0.000902507	7.52894e-05	0.998867	0.000144787	1.06177e-05	0.00011485	0.000657633	0.000252512	0.998918	5.74249e-05	2.10982e-05	7.80634e-06	5.69651e-06	1.68786e-05	0.999949
37	0.998963	0.000168105	0.000743473	7.62537e-05	4.93916e-05	7.0808e-05	0.999018	4.21835e-05	0.000861748	7.53276e-06	0.00090783	8.30694e-05	0.998904	9.49365e-05	1.03837e-05	8.9703e-05	0.000639442	0.000267463	0.998952	5.18467e-05	1.86181e-05	7.01551e-06	4.58707e-06	2.23957e-05	0.999947
38	0.998955	0.000172824	0.000743297	7.64709e-05	5.20002e-05	3.97434e-05	0.99912	4.46099e-05	0.000790813	4.86654e-06	0.000806665	6.63012e-05	0.999035	8.20872e-05	9.4716e-06	6.79298e-05	0.000603072	0.000209493	0.999057	6.27443e-05	1.89407e-05	6.88753e-06	6.73099e-06	2.00364e-05	0.999947
39	0.998984	0.000191841	0.000715154	5.48701e-05	5.42559e-05	2.90496e-05	0.999158	3.3272e-05	0.00077066	9.28913e-06	0.000742312	4.0954e-05	0.999166	4.23995e-05	8.51202e-06	5.8023e-05	0.000477865	0.000191437	0.999219	5.41418e-05	2.33125e-05	8.00882e-06	5.9911e-06	2.08291e-05	0.999942
40	0.99926	0.000180036	0.000454792	4.77061e-05	5.74552e-05	2.15959e-05	0.999141	3.09692e-05	0.000795376	1.0798e-05	0.000721102	2.78172e-05	0.999213	2.57536e-05	1.2299e-05	5.34833e-05	0.000370798	0.000206812	0.999322	4.71479e-05	2.84387e-05	1.08331e-05	6.89378e-06	2.20146e-05	0.999932
