quality	AA	AC	AG	AT	A.	CA	CC	CG	CT	C.	GA	GC	GG	GT	G.	TA	TC	TG	TT	T.	.A	.C	.G	.T	..
0	NA	NA	NA	NA	NA	NA	NA	NA	NA	NA	NA	NA	NA	NA	NA	NA	NA	NA	NA	NA	NA	NA	NA	NA	NA
1	NA	NA	NA	NA	NA	NA	NA	NA	NA	NA	NA	NA	NA	NA	NA	NA	NA	NA	NA	NA	NA	NA	NA	NA	NA
2	NA	NA	NA	NA	NA	NA	NA	NA	NA	NA	NA	NA	NA	NA	NA	NA	NA	NA	NA	NA	NA	NA	NA	NA	NA
3	NA	NA	NA	NA	NA	NA	NA	NA	NA	NA	NA	NA	NA	NA	NA	NA	NA	NA	NA	NA	NA	NA	NA	NA	NA
4	NA	NA	NA	NA	NA	NA	NA	NA	NA	NA	NA	NA	NA	NA	NA	NA	NA	NA	NA	NA	NA	NA	NA	NA	NA
5	NA	NA	NA	NA	NA	NA	NA	NA	NA	NA	NA	NA	NA	NA	NA	NA	NA	NA	NA	NA	NA	NA	NA	NA	NA
6	NA	NA	NA	NA	NA	NA	NA	NA	NA	NA	NA	NA	NA	NA	NA	NA	NA	NA	NA	NA	NA	NA	NA	NA	NA
7	NA	NA	NA	NA	NA	NA	NA	NA	NA	NA	NA	NA	NA	NA	NA	NA	NA	NA	NA	NA	NA	NA	NA	NA	NA
8	NA	NA	NA	NA	NA	NA	NA	NA	NA	NA	NA	NA	NA	NA	NA	NA	NA	NA	NA	NA	NA	NA	NA	NA	NA
9	NA	NA	NA	NA	NA	NA	NA	NA	NA	NA	NA	NA	NA	NA	NA	NA	NA	NA	NA	NA	NA	NA	NA	NA	NA
10	NA	NA	NA	NA	NA	NA	NA	NA	NA	NA	NA	NA	NA	NA	NA	NA	NA	NA	NA	NA	NA	NA	NA	NA	NA
11	0.978193	0.00841121	0.00249221	0.0109034	NA	0.0575379	0.913916	0.00669045	0.0218555	NA	0.0159685	0.00373289	0.942555	0.0375363	0.000207383	0.0297143	0.00228571	0.0137143	0.954286	NA	NA	NA	8.97263e-05	8.97263e-05	0.999821
12	0.972118	0.0126736	0.00410626	0.0108993	0.000202778	0.0377436	0.939314	0.00378258	0.0190774	8.22301e-05	0.0116381	0.00548968	0.954381	0.0281621	0.000329381	0.0152907	0.0058283	0.0184449	0.960368	6.85683e-05	6.18554e-05	3.09277e-05	NA	NA	0.999907
13	0.966016	0.0164551	0.0064338	0.0110524	4.29636e-05	0.032474	0.950632	0.00508228	0.0116542	0.000157726	0.0118771	0.00477796	0.95893	0.0242117	0.000203317	0.0154064	0.0129843	0.0216404	0.949863	0.000105886	3.51624e-05	6.68085e-05	2.81299e-05	4.21948e-05	0.999828
14	0.960806	0.0181858	0.00850658	0.0123425	0.000159001	0.0267005	0.956783	0.00371073	0.0126667	0.000139501	0.0152464	0.00684002	0.947682	0.0299708	0.000261069	0.0176071	0.0128698	0.020818	0.94831	0.000394778	6.78376e-05	7.40046e-05	1.23341e-05	4.93364e-05	0.999796
15	0.974037	0.00878943	0.00669349	0.0103445	0.000135222	0.0102956	0.976198	0.00335806	0.0100004	0.000147607	0.0103192	0.00563921	0.964101	0.0197663	0.000174408	0.0216092	0.0146415	0.0293301	0.934137	0.000282473	8.49241e-05	0.000132104	1.8872e-05	7.54881e-05	0.999689
16	0.962194	0.0135837	0.00985917	0.0142289	0.00013389	0.0162082	0.963723	0.00443906	0.0154621	0.000167863	0.0150803	0.00852288	0.95249	0.0237283	0.000178677	0.0190446	0.015499	0.0183864	0.946711	0.00035905	0.000154799	5.41798e-05	6.57897e-05	0.00010836	0.999617
17	NA	NA	NA	NA	NA	NA	NA	NA	NA	NA	NA	NA	NA	NA	NA	NA	NA	NA	NA	NA	NA	NA	NA	NA	NA
18	NA	NA	NA	NA	NA	NA	NA	NA	NA	NA	NA	NA	NA	NA	NA	NA	NA	NA	NA	NA	NA	NA	NA	NA	NA
19	NA	NA	NA	NA	NA	NA	NA	NA	NA	NA	NA	NA	NA	NA	NA	NA	NA	NA	NA	NA	NA	NA	NA	NA	NA
20	0.998154	NA	0.00184615	NA	NA	0.00947368	0.990526	NA	NA	NA	0.000862441	0.00043122	0.99655	0.0021561	NA	0.00142248	NA	0.00142248	0.997155	NA	NA	NA	NA	NA	1
21	0.997611	0.00150416	0.00017696	0.000707839	NA	0.00329716	0.994917	0.000412145	0.00123643	0.000137382	0.000802844	0.000344076	0.996559	0.00229384	NA	0.00113866	0.00392206	0.00202429	0.992915	NA	2.31992e-05	NA	NA	NA	0.999977
22	0.996791	0.001409	0.000547945	0.00117417	7.82779e-05	0.00405405	0.994717	0.00036855	0.000737101	0.00012285	0.00182419	0.00057006	0.994185	0.00342036	NA	0.00180224	0.00360449	0.00262145	0.991972	NA	NA	2.38789e-05	NA	7.16367e-05	0.999904
23	0.997829	0.00106137	0.000482439	0.000627171	NA	0.00249338	0.995559	0.000467508	0.00148044	NA	0.00151242	0.000504141	0.995823	0.00208858	7.20202e-05	0.00097578	0.00268339	0.00170761	0.994633	NA	2.63106e-05	1.31553e-05	NA	NA	0.999961
24	0.998628	0.000873145	0.00024947	0.00024947	NA	0.00281756	0.996243	NA	0.000939188	NA	0.00101978	0.000203957	0.995921	0.00265144	0.000203957	0.000455913	0.00410322	0.00100301	0.994438	NA	NA	NA	NA	NA	1
25	0.997243	0.00115628	0.000889442	0.000711554	NA	0.0023588	0.995151	0.000262089	0.00222776	NA	0.00183538	0.000847099	0.99407	0.00324721	NA	0.000997945	0.00316994	0.000645729	0.995186	NA	6.99073e-05	4.66048e-05	2.33024e-05	NA	0.99986
26	0.997914	0.000347705	0.00104312	0.00069541	NA	0.0024666	0.995683	0.0004111	0.00143885	NA	0.000989854	0.00123732	0.994803	0.00296956	NA	0.000312402	0.00203062	0.000859107	0.996798	NA	3.30437e-05	3.30437e-05	3.30437e-05	6.60873e-05	0.999835
27	0.995528	0.00138272	0.00162531	0.00144741	1.61722e-05	0.00119499	0.997091	0.000304383	0.00140918	NA	0.00223032	0.00110092	0.992825	0.00382476	1.89815e-05	0.000980345	0.00121635	0.00332833	0.994439	3.63091e-05	4.19243e-05	2.20654e-05	3.08916e-05	3.53047e-05	0.99987
28	0.996793	0.000427579	0.0019241	0.000855158	NA	0.00073046	0.997322	0.000121743	0.00182615	NA	0.00194331	0.000536085	0.995577	0.00194331	NA	0.00078125	0.00046875	0.000625	0.998125	NA	2.57129e-05	NA	NA	2.57129e-05	0.999949
29	1	NA	NA	NA	NA	NA	1	NA	NA	NA	NA	NA	1	NA	NA	NA	NA	NA	1	NA	NA	NA	NA	NA	1
30	0.99723	0.000580429	0.00135873	0.000804686	2.63831e-05	0.000314673	0.998338	0.00016717	0.00117019	9.83352e-06	0.00140885	0.000398731	0.997315	0.000868348	8.86069e-06	0.000417971	0.00159033	0.000560692	0.997421	1.01944e-05	5.82866e-05	6.47629e-06	4.31753e-06	4.10165e-05	0.99989
31	0.998585	0.000205455	0.000935961	0.000268233	5.70708e-06	0.000154652	0.998969	9.45098e-05	0.000773262	8.5918e-06	0.0010313	0.000193853	0.998131	0.000635836	7.7541e-06	0.000289981	0.00148945	0.00054701	0.997647	2.63619e-05	3.19899e-05	3.55443e-06	1.77722e-06	3.02127e-05	0.999932
32	0.999668	2.55487e-05	0.000178841	0.000127743	NA	0.000117823	0.999568	NA	0.000314194	NA	0.000372162	6.76659e-05	0.999323	0.000236831	NA	0.000118419	0.0029131	0.000165786	0.996803	NA	NA	NA	NA	7.45323e-06	0.999993
33	0.999731	5.38271e-05	0.000161481	5.38271e-05	NA	2.83648e-05	0.999461	2.83648e-05	0.000482201	NA	0.000142769	2.37948e-05	0.999572	0.000261743	NA	9.37709e-05	0.00249163	0.0003215	0.997066	2.67917e-05	1.01292e-05	NA	5.06462e-06	2.02585e-05	0.999965
34	0.998109	0.000487759	0.00118659	0.000205372	1.14096e-05	0.000111417	0.999122	7.28494e-05	0.000689927	4.28526e-06	0.000901482	0.000169735	0.998537	0.000388505	3.77189e-06	0.000221107	0.00113396	0.000293756	0.998345	6.31734e-06	4.03769e-05	1.11681e-05	1.11681e-05	3.35042e-05	0.999904
35	0.999	0.000458067	0.00046141	7.69017e-05	3.34355e-06	5.59672e-05	0.999755	1.72207e-05	0.000172207	NA	0.000398984	4.9873e-05	0.999331	0.000220273	NA	4.88988e-05	0.000374891	0.000482468	0.999087	6.51984e-06	1.7002e-05	7.4384e-06	3.18788e-06	9.56365e-06	0.999963
36	0.998619	0.000231673	0.000990356	0.00015209	7.07397e-06	0.000115445	0.999131	3.5733e-05	0.000717409	NA	0.000689962	8.93475e-05	0.998992	0.000220887	7.44563e-06	0.000155439	0.00113047	0.000155439	0.998555	4.03739e-06	4.05115e-05	9.85415e-06	7.66434e-06	2.68252e-05	0.999915
37	0.998749	0.000119925	0.00104405	8.23014e-05	4.70294e-06	8.73789e-05	0.999321	1.98588e-05	0.000556048	1.58871e-05	0.000532925	6.81183e-05	0.999279	0.000112195	8.01391e-06	9.36044e-05	0.00137064	0.000169379	0.998366	NA	4.72849e-05	8.00207e-06	2.18238e-06	2.40062e-05	0.999919
38	0.998747	0.00016217	0.00100545	7.83821e-05	6.75708e-06	8.82192e-05	0.999324	3.99087e-05	0.000546119	2.10046e-06	0.000552339	8.1828e-05	0.999266	8.59194e-05	1.43199e-05	6.77955e-05	0.00110235	0.000135591	0.998692	2.71182e-06	5.07928e-05	9.01163e-06	4.50581e-06	2.29387e-05	0.999913
39	0.998647	0.000275452	0.00100563	6.26647e-05	8.99102e-06	5.93031e-05	0.99936	2.64518e-05	0.000546527	7.67954e-06	0.000489312	4.64038e-05	0.999349	0.000101923	1.32582e-05	6.59829e-05	0.00105322	0.000111644	0.998762	6.77391e-06	4.96485e-05	1.0236e-05	5.80308e-06	2.27287e-05	0.999912
40	0.998582	0.000282995	0.00106392	5.93056e-05	1.16754e-05	9.04787e-05	0.999267	2.56107e-05	0.000608862	7.85146e-06	0.00046161	4.60563e-05	0.999395	7.76677e-05	2.00973e-05	4.3286e-05	0.000770566	0.000109459	0.999069	7.71188e-06	6.46562e-05	1.30402e-05	7.97985e-06	3.12577e-05	0.999883
