quality	AA	AC	AG	AT	A.	CA	CC	CG	CT	C.	GA	GC	GG	GT	G.	TA	TC	TG	TT	T.	.A	.C	.G	.T	..
0	NA	NA	NA	NA	NA	NA	NA	NA	NA	NA	NA	NA	NA	NA	NA	NA	NA	NA	NA	NA	NA	NA	NA	NA	NA
1	NA	NA	NA	NA	NA	NA	NA	NA	NA	NA	NA	NA	NA	NA	NA	NA	NA	NA	NA	NA	NA	NA	NA	NA	NA
2	NA	NA	NA	NA	NA	NA	NA	NA	NA	NA	NA	NA	NA	NA	NA	NA	NA	NA	NA	NA	NA	NA	NA	NA	NA
3	NA	NA	NA	NA	NA	NA	NA	NA	NA	NA	NA	NA	NA	NA	NA	NA	NA	NA	NA	NA	NA	NA	NA	NA	NA
4	NA	NA	NA	NA	NA	NA	NA	NA	NA	NA	NA	NA	NA	NA	NA	NA	NA	NA	NA	NA	NA	NA	NA	NA	NA
5	NA	NA	NA	NA	NA	NA	NA	NA	NA	NA	NA	NA	NA	NA	NA	NA	NA	NA	NA	NA	NA	NA	NA	NA	NA
6	NA	NA	NA	NA	NA	NA	NA	NA	NA	NA	NA	NA	NA	NA	NA	NA	NA	NA	NA	NA	NA	NA	NA	NA	NA
7	NA	NA	NA	NA	NA	NA	NA	NA	NA	NA	NA	NA	NA	NA	NA	NA	NA	NA	NA	NA	NA	NA	NA	NA	NA
8	NA	NA	NA	NA	NA	NA	NA	NA	NA	NA	NA	NA	NA	NA	NA	NA	NA	NA	NA	NA	NA	NA	NA	NA	NA
9	NA	NA	NA	NA	NA	NA	NA	NA	NA	NA	NA	NA	NA	NA	NA	NA	NA	NA	NA	NA	NA	NA	NA	NA	NA
10	NA	NA	NA	NA	NA	NA	NA	NA	NA	NA	NA	NA	NA	NA	NA	NA	NA	NA	NA	NA	NA	NA	NA	NA	NA
11	0.97676	0.0102529	0.00341763	0.00865801	0.000911369	0.0501495	0.926935	0.0063102	0.0162737	0.000332116	0.0207581	0.00691937	0.931558	0.0406137	0.000150421	0.0260782	0.00902708	0.0290873	0.935807	NA	6.6507e-05	NA	NA	NA	0.999933
12	0.970911	0.0139489	0.00565897	0.00933234	0.00014892	0.0362045	0.945096	0.00470791	0.0137922	0.000198926	0.0144761	0.00530919	0.948207	0.031817	0.000190978	0.0129911	0.00715675	0.023415	0.956126	0.000311163	0.000107799	4.04247e-05	NA	6.73745e-05	0.999784
13	0.966902	0.0158482	0.00620458	0.0108868	0.000158811	0.0285457	0.955171	0.00450458	0.0116368	0.000141811	0.00939686	0.00443028	0.964037	0.0220115	0.000124359	0.0137796	0.00968404	0.0217956	0.954591	0.000149285	3.07715e-05	2.05144e-05	2.22239e-05	4.95764e-05	0.999877
14	0.961748	0.0182067	0.00748834	0.0124633	9.34744e-05	0.0279766	0.953514	0.00438018	0.0139255	0.000204094	0.0184634	0.00753487	0.939198	0.0347292	7.47507e-05	0.0168392	0.0121793	0.0200429	0.950687	0.000251529	5.29309e-05	2.64654e-05	3.30818e-05	6.61636e-05	0.999821
15	0.977309	0.00893201	0.00529185	0.00833868	0.000128287	0.0107878	0.978116	0.00254259	0.00842686	0.000127129	0.0148007	0.005939	0.951645	0.0274655	0.00014988	0.0239574	0.0182369	0.0249108	0.932602	0.000293355	7.01628e-05	4.0093e-05	3.50814e-05	6.01395e-05	0.999795
16	0.964092	0.0112061	0.00930504	0.0151905	0.000206509	0.018189	0.960219	0.00512038	0.0163913	8.0795e-05	0.0181335	0.00858853	0.94647	0.0266742	0.000133897	0.0191036	0.0126176	0.0192016	0.948828	0.000248882	0.000101908	5.59494e-05	4.39603e-05	8.39241e-05	0.999714
17	NA	NA	NA	NA	NA	NA	NA	NA	NA	NA	NA	NA	NA	NA	NA	NA	NA	NA	NA	NA	NA	NA	NA	NA	NA
18	NA	NA	NA	NA	NA	NA	NA	NA	NA	NA	NA	NA	NA	NA	NA	NA	NA	NA	NA	NA	NA	NA	NA	NA	NA
19	NA	NA	NA	NA	NA	NA	NA	NA	NA	NA	NA	NA	NA	NA	NA	NA	NA	NA	NA	NA	NA	NA	NA	NA	NA
20	0.996357	0.000607165	0.00121433	0.00182149	NA	0.00702106	0.988967	0.00100301	0.00300903	NA	0.00113293	NA	0.997356	0.00151057	NA	0.000996016	0.000996016	0.0059761	0.992032	NA	NA	NA	NA	NA	1
21	0.997517	0.00121891	0.000541736	0.000722315	NA	0.00209473	0.996451	0.000523682	0.00093099	NA	0.000948661	0.000446429	0.995815	0.00267857	0.000111607	0.000916786	0.000397274	0.00235308	0.996333	NA	3.33474e-05	NA	NA	NA	0.999967
22	0.996297	0.00147216	0.00089222	0.0012045	0.000133833	0.00358102	0.994009	0.000964121	0.00137732	6.88658e-05	0.00159565	0.000768276	0.994031	0.00360499	NA	0.00173501	0.00114257	0.00351234	0.993483	0.000126952	3.87317e-05	2.58211e-05	2.58211e-05	1.29106e-05	0.999897
23	0.996614	0.00156259	0.000665548	0.0010996	5.78737e-05	0.0020134	0.996261	0.000575256	0.00115051	NA	0.000625978	0.000352113	0.996635	0.00238654	NA	0.000947354	0.000734683	0.00174004	0.99652	5.80013e-05	2.20389e-05	2.20389e-05	1.46926e-05	3.67315e-05	0.999904
24	0.997894	0.00147399	0.00014038	0.000421141	7.01902e-05	0.00177521	0.996339	0.000776656	0.00110951	NA	0.000754961	0.000539258	0.995902	0.00280414	NA	0.000433422	0.000433422	0.00144474	0.99764	4.8158e-05	1.87709e-05	3.75418e-05	NA	3.75418e-05	0.999906
25	0.997356	0.00114061	0.000777686	0.000622148	0.000103691	0.00293638	0.995514	0.000652529	0.000897227	NA	0.00188168	0.000752672	0.994882	0.00248382	NA	0.00135645	0.000549914	0.00161308	0.996371	0.000109983	2.77493e-05	NA	NA	2.77493e-05	0.999945
26	0.997208	0.00136193	0.000749064	0.00061287	6.80967e-05	0.00154891	0.996783	0.000119147	0.00154891	NA	0.00146987	0.000734934	0.99559	0.0022048	NA	0.000365581	0.000594068	0.00150802	0.997441	9.13951e-05	1.88338e-05	NA	NA	9.41691e-05	0.999887
27	0.996144	0.00107895	0.00146657	0.00124279	6.7934e-05	0.00140197	0.996561	0.000504707	0.00151412	1.86929e-05	0.00274026	0.00120847	0.990899	0.00513071	2.12013e-05	0.00112992	0.00114829	0.00368984	0.993919	0.000113298	3.78995e-05	2.06725e-05	6.89082e-06	2.98602e-05	0.999905
28	0.998453	0.0003256	0.000732601	0.000407	8.14001e-05	0.000532725	0.996119	0.000152207	0.00319635	NA	0.00336033	0.000904704	0.994227	0.00150784	NA	0.000886656	0.000886656	0.000443328	0.997783	NA	3.61089e-05	NA	NA	7.22178e-05	0.999892
29	1	NA	NA	NA	NA	NA	1	NA	NA	NA	0.00124844	NA	0.998335	0.000416146	NA	NA	0.00206186	NA	0.997938	NA	NA	NA	NA	NA	1
30	0.997749	0.00047975	0.00103508	0.00068348	5.25754e-05	0.000298869	0.998131	0.000273541	0.00129172	5.06557e-06	0.00114728	0.000472679	0.997526	0.000835219	1.83565e-05	0.000632216	0.00119419	0.00070748	0.997426	4.01407e-05	2.61645e-05	6.54111e-06	3.27056e-06	1.30822e-05	0.999951
31	0.998676	0.000226974	0.000749875	0.000298801	4.88424e-05	0.000277388	0.998656	0.000143028	0.000914513	8.66837e-06	0.0008937	0.000174583	0.998317	0.000606884	8.31348e-06	0.000290259	0.000646485	0.000653082	0.998341	6.92662e-05	1.99264e-05	1.63034e-05	2.71724e-06	2.35494e-05	0.999938
32	0.999425	0.000196475	0.000210509	0.000154373	1.40339e-05	9.11046e-05	0.99969	5.46627e-05	0.000163988	NA	0.000269864	5.7828e-05	0.999268	0.000404796	NA	8.56102e-05	0.00022014	0.0002446	0.999437	1.223e-05	1.17628e-05	NA	3.92092e-06	2.35255e-05	0.999961
33	0.999665	7.10833e-05	0.000121857	0.000101548	4.0619e-05	0.000157844	0.999613	1.43495e-05	0.000200893	1.43495e-05	0.000244284	1.43697e-05	0.99931	0.00043109	NA	8.94041e-05	0.000171358	0.000447021	0.999262	2.98014e-05	1.42319e-05	NA	NA	1.42319e-05	0.999972
34	0.998517	0.00033659	0.000875692	0.000198323	7.26252e-05	0.00011793	0.998945	0.000166882	0.000758756	1.11255e-05	0.000751601	0.000175824	0.99874	0.000314938	1.73892e-05	0.00020453	0.000692019	0.000421363	0.998601	8.15045e-05	2.10328e-05	3.43393e-06	7.72634e-06	1.97451e-05	0.999948
35	0.99936	0.000189491	0.000344677	5.88075e-05	4.73727e-05	3.53287e-05	0.999649	5.2993e-05	0.000258341	4.41608e-06	0.000333978	7.29106e-05	0.999398	0.00019286	2.35196e-06	5.67218e-05	0.00029434	0.000524293	0.999079	4.59906e-05	1.2376e-05	2.69042e-06	3.76659e-06	1.34521e-05	0.999968
36	0.998865	0.000214284	0.000739542	0.000121079	6.01041e-05	6.657e-05	0.999054	0.000162264	0.000708693	8.32124e-06	0.000489594	0.000111728	0.999227	0.000161943	1.00429e-05	0.000111097	0.000617658	0.000288444	0.998926	5.70773e-05	2.02965e-05	5.21127e-06	4.937e-06	2.44107e-05	0.999945
37	0.998862	0.000216249	0.000785029	8.3346e-05	5.2936e-05	4.92042e-05	0.999101	0.000232244	0.000604227	1.37772e-05	0.000347945	6.9589e-05	0.999472	0.000106317	3.86606e-06	7.14695e-05	0.000558955	0.000248543	0.999054	6.72027e-05	2.17539e-05	9.12259e-06	5.96477e-06	2.17539e-05	0.999941
38	0.998725	0.000216162	0.00091999	7.68286e-05	6.18535e-05	2.81155e-05	0.999117	0.000179106	0.000667484	8.33053e-06	0.000372487	6.64436e-05	0.999451	9.96654e-05	1.00672e-05	8.09558e-05	0.000582616	0.000254812	0.999009	7.23294e-05	2.0619e-05	9.00831e-06	6.20572e-06	2.16199e-05	0.999943
39	0.998766	0.00023338	0.000885164	5.01671e-05	6.5424e-05	2.29627e-05	0.999072	0.000229413	0.000666778	9.01342e-06	0.000293721	4.536e-05	0.999604	4.536e-05	1.17977e-05	5.6777e-05	0.000509405	0.000220026	0.999152	6.19052e-05	1.98084e-05	7.45265e-06	4.51081e-06	2.22795e-05	0.999946
40	0.998919	0.00028361	0.000691517	4.18382e-05	6.42493e-05	2.22874e-05	0.998964	0.000183407	0.000822035	8.17206e-06	0.000268658	3.5821e-05	0.999657	2.35395e-05	1.48401e-05	4.674e-05	0.000402688	0.000269946	0.999224	5.62086e-05	2.75747e-05	1.02751e-05	5.58593e-06	2.26053e-05	0.999934
