quality	AA	AC	AG	AT	A.	CA	CC	CG	CT	C.	GA	GC	GG	GT	G.	TA	TC	TG	TT	T.	.A	.C	.G	.T	..
0	NA	NA	NA	NA	NA	NA	NA	NA	NA	NA	NA	NA	NA	NA	NA	NA	NA	NA	NA	NA	NA	NA	NA	NA	NA
1	NA	NA	NA	NA	NA	NA	NA	NA	NA	NA	NA	NA	NA	NA	NA	NA	NA	NA	NA	NA	NA	NA	NA	NA	NA
2	NA	NA	NA	NA	NA	NA	NA	NA	NA	NA	NA	NA	NA	NA	NA	NA	NA	NA	NA	NA	NA	NA	NA	NA	NA
3	NA	NA	NA	NA	NA	NA	NA	NA	NA	NA	NA	NA	NA	NA	NA	NA	NA	NA	NA	NA	NA	NA	NA	NA	NA
4	NA	NA	NA	NA	NA	NA	NA	NA	NA	NA	NA	NA	NA	NA	NA	NA	NA	NA	NA	NA	NA	NA	NA	NA	NA
5	NA	NA	NA	NA	NA	NA	NA	NA	NA	NA	NA	NA	NA	NA	NA	NA	NA	NA	NA	NA	NA	NA	NA	NA	NA
6	NA	NA	NA	NA	NA	NA	NA	NA	NA	NA	NA	NA	NA	NA	NA	NA	NA	NA	NA	NA	NA	NA	NA	NA	NA
7	NA	NA	NA	NA	NA	NA	NA	NA	NA	NA	NA	NA	NA	NA	NA	NA	NA	NA	NA	NA	NA	NA	NA	NA	NA
8	NA	NA	NA	NA	NA	NA	NA	NA	NA	NA	NA	NA	NA	NA	NA	NA	NA	NA	NA	NA	NA	NA	NA	NA	NA
9	NA	NA	NA	NA	NA	NA	NA	NA	NA	NA	NA	NA	NA	NA	NA	NA	NA	NA	NA	NA	NA	NA	NA	NA	NA
10	0.988636	0.0113636	NA	NA	NA	NA	0.96875	NA	0.03125	NA	0.0238095	0.00793651	0.944444	0.0238095	NA	NA	0.0625	NA	0.9375	NA	NA	NA	NA	NA	1
11	0.975386	0.0125706	0.00357546	0.00839292	7.52729e-05	0.0576481	0.920921	0.00594465	0.0154361	4.9955e-05	0.0230473	0.00593269	0.919567	0.0513984	5.46792e-05	0.0177712	0.00694816	0.0183057	0.956574	0.000400855	3.3102e-05	2.2068e-05	1.1034e-05	4.4136e-05	0.99989
12	0.972682	0.014757	0.00512068	0.00733926	0.000100845	0.0484298	0.932938	0.00506386	0.0134485	0.00012021	0.01138	0.0038961	0.950192	0.0344203	0.000112118	0.00989814	0.00554699	0.0217701	0.962655	0.00012967	4.51662e-05	1.50554e-05	3.61329e-05	5.72105e-05	0.999846
13	0.968935	0.0169904	0.00518905	0.00875912	0.000126758	0.0352026	0.951107	0.00406839	0.00950961	0.000112733	0.0080637	0.00327121	0.967979	0.0205829	0.000103504	0.0113872	0.00668649	0.0205192	0.961264	0.000143188	3.65853e-05	2.33739e-05	1.67683e-05	3.35365e-05	0.99989
14	0.96707	0.0178026	0.0053502	0.00960461	0.000172688	0.0320262	0.953451	0.00385885	0.0105054	0.000159032	0.014006	0.00576643	0.948922	0.0311708	0.000134507	0.0142352	0.00873063	0.0200303	0.956793	0.00021058	6.60139e-05	3.3007e-05	2.40051e-05	5.80122e-05	0.999819
15	0.966813	0.0158477	0.00612248	0.0110694	0.00014694	0.0288207	0.953572	0.00469562	0.012793	0.00011826	0.0148757	0.00667994	0.950661	0.02767	0.000113123	0.0148859	0.00946554	0.0204606	0.955	0.000187835	5.97727e-05	3.23096e-05	2.90786e-05	5.81572e-05	0.999821
16	0.965653	0.0147054	0.00741258	0.0121095	0.00011979	0.0258977	0.956279	0.00428552	0.013456	8.18284e-05	0.0134481	0.00568074	0.954203	0.0265677	0.000100248	0.0196338	0.0118522	0.0284905	0.939869	0.00015462	6.139e-05	2.74131e-05	2.20077e-05	4.36294e-05	0.999846
17	NA	NA	NA	NA	NA	NA	NA	NA	NA	NA	NA	NA	NA	NA	NA	NA	NA	NA	NA	NA	NA	NA	NA	NA	NA
18	1	NA	NA	NA	NA	NA	1	NA	NA	NA	NA	NA	0.961538	0.0384615	NA	NA	NA	NA	1	NA	NA	NA	NA	NA	1
19	1	NA	NA	NA	NA	0.0172414	0.982759	NA	NA	NA	NA	NA	1	NA	NA	NA	NA	NA	1	NA	NA	NA	NA	NA	1
20	0.997051	0.00141044	0.000897551	0.000641108	NA	0.00448168	0.993765	0.000974279	0.000779423	NA	0.00143885	0.000269784	0.994245	0.00404676	NA	0.000181291	0.000725163	0.00362582	0.995286	0.000181291	3.39697e-05	NA	NA	NA	0.999966
21	0.997172	0.00193206	0.000493077	0.000372323	3.01884e-05	0.00410933	0.994228	0.000459596	0.00118954	1.35175e-05	0.000628001	0.000248584	0.996952	0.00214567	2.61667e-05	0.000659064	0.000401169	0.00222792	0.996669	4.29824e-05	3.0843e-05	7.71075e-06	1.79918e-05	1.54215e-05	0.999928
22	0.996612	0.00220347	0.000464677	0.000674531	4.49687e-05	0.0042417	0.994062	0.00043629	0.00123615	2.42383e-05	0.00126917	0.000249672	0.995839	0.00264237	NA	0.000855009	0.000465005	0.00229502	0.99631	7.50008e-05	4.04425e-05	1.79745e-05	8.98723e-06	3.59489e-05	0.999897
23	0.998011	0.00122787	0.000253759	0.000442032	6.54863e-05	0.00275961	0.995855	0.000305318	0.00103339	4.69721e-05	0.00108434	0.000296766	0.997329	0.00127838	1.14141e-05	0.000402533	0.000282861	0.00130007	0.997949	6.52756e-05	1.46293e-05	8.3596e-06	1.46293e-05	2.50788e-05	0.999937
24	0.998616	0.000914527	0.000211045	0.000234494	2.34494e-05	0.0025284	0.996149	0.000155594	0.00112805	3.88984e-05	0.000578235	0.000346941	0.996916	0.00215874	NA	0.000269134	0.000151388	0.00107653	0.998452	5.04626e-05	1.95215e-05	6.50715e-06	1.30143e-05	6.50715e-06	0.999954
25	0.997857	0.00123564	0.000366831	0.000444058	9.65344e-05	0.00249433	0.996404	9.71817e-05	0.000907029	9.71817e-05	0.00191175	0.000246678	0.995806	0.00203509	NA	0.00034781	0.000287322	0.000998064	0.998246	0.000120977	4.41689e-05	5.52111e-06	1.65633e-05	2.76055e-05	0.999906
26	0.998657	0.000817375	0.000233536	0.000233536	5.83839e-05	0.00261501	0.995932	0.000387409	0.000968523	9.68523e-05	0.000877022	0.000292341	0.997466	0.00136426	NA	0.000320423	0.000400529	0.00084111	0.998238	0.000200264	0.000127708	3.1927e-05	1.59635e-05	9.57809e-05	0.999729
27	0.997035	0.00126635	0.000842103	0.000789871	6.7155e-05	0.00278834	0.995315	0.000314448	0.00155139	3.12711e-05	0.00184233	0.00065455	0.994245	0.00323531	2.24674e-05	0.000961104	0.000826621	0.00443973	0.993678	9.4138e-05	2.64675e-05	1.13872e-05	1.23105e-05	2.46209e-05	0.999925
28	0.998859	0.000412651	0.000388378	0.000339831	NA	0.000654997	0.997199	0.000158103	0.00198758	NA	0.00253078	0.000341655	0.995647	0.00146785	1.26539e-05	0.000807371	0.000522416	0.000284954	0.998338	4.74924e-05	1.07878e-05	5.39392e-06	NA	1.07878e-05	0.999973
29	0.999886	NA	NA	NA	0.000114469	0.000601323	0.998998	0.000200441	0.000200441	NA	0.000469337	NA	0.999452	7.82228e-05	NA	NA	0.000349895	0.000349895	0.9993	NA	6.85119e-05	NA	NA	NA	0.999931
30	0.998443	0.00058164	0.000529623	0.00041235	3.31015e-05	0.000441935	0.998201	0.00017972	0.00117407	2.94623e-06	0.00107084	0.000200783	0.997924	0.000797556	6.97164e-06	0.000459535	0.000612251	0.00077052	0.998116	4.16497e-05	1.70678e-05	3.47678e-06	3.79285e-06	1.13786e-05	0.999964
31	0.998813	0.000458153	0.000473335	0.000220592	3.48303e-05	0.00044564	0.998516	8.60738e-05	0.000944035	8.32972e-06	0.00100543	0.000116726	0.998359	0.000508023	1.06114e-05	0.000249387	0.000403159	0.000752104	0.998549	4.63288e-05	1.97839e-05	6.21781e-06	4.23941e-06	1.35661e-05	0.999956
32	0.999546	0.000308613	5.29052e-05	7.93577e-05	1.32263e-05	0.000258139	0.99937	7.20388e-05	0.000300161	NA	0.000706156	3.85176e-05	0.999108	0.000134812	1.28392e-05	8.22928e-05	7.48117e-05	0.000374058	0.999454	1.49623e-05	7.69438e-06	6.41198e-06	6.41198e-06	8.97678e-06	0.999971
33	0.999592	0.000250325	7.15213e-05	8.22495e-05	3.57606e-06	0.000432074	0.999306	4.11499e-05	0.000216037	5.14374e-06	0.000477102	4.1041e-05	0.999287	0.000179554	1.53904e-05	5.00267e-05	0.000108391	0.000366862	0.999452	2.22341e-05	4.18862e-06	3.14147e-06	6.28293e-06	5.23578e-06	0.999981
34	0.998917	0.000366586	0.000480587	0.000183505	5.21272e-05	0.000233905	0.998837	5.34059e-05	0.000865312	1.01404e-05	0.000944142	9.45346e-05	0.998596	0.00035586	9.6341e-06	0.000176357	0.000434952	0.000680236	0.998644	6.46486e-05	1.66203e-05	4.74866e-06	4.35294e-06	1.41141e-05	0.99996
35	0.999402	0.00025383	0.000222179	8.00589e-05	4.1581e-05	0.000254601	0.999412	2.19921e-05	0.00030789	3.3834e-06	0.000518109	4.58359e-05	0.999263	0.000170248	2.45549e-06	5.907e-05	0.00020406	0.000582347	0.999104	5.012e-05	9.72652e-06	3.11249e-06	3.30702e-06	9.92105e-06	0.999974
36	0.999112	0.000249679	0.000462667	0.000133043	4.2359e-05	9.69664e-05	0.999049	3.42234e-05	0.000813757	5.7039e-06	0.000897387	5.27614e-05	0.998887	0.000154737	7.98072e-06	0.000146441	0.000390048	0.000361245	0.999045	5.69109e-05	1.60512e-05	4.15442e-06	3.02139e-06	1.39739e-05	0.999963
37	0.999116	0.000227563	0.000480712	0.00013646	3.95424e-05	0.000107791	0.999194	3.52525e-05	0.000655561	7.45726e-06	0.000682764	5.14782e-05	0.999158	9.55056e-05	1.21922e-05	0.000105368	0.000380598	0.000387348	0.999071	5.54961e-05	1.59832e-05	3.05023e-06	4.51434e-06	1.3299e-05	0.999963
38	0.999108	0.000257997	0.000480365	0.000107867	4.61937e-05	6.78777e-05	0.999206	2.17051e-05	0.000699693	4.73565e-06	0.000795968	3.79405e-05	0.999078	7.82279e-05	1.01696e-05	9.57039e-05	0.000397927	0.000297186	0.999155	5.4652e-05	1.48532e-05	4.18937e-06	3.88469e-06	1.35583e-05	0.999964
39	0.999084	0.00024595	0.000523046	9.84455e-05	4.85149e-05	4.17608e-05	0.99919	2.13722e-05	0.000737297	9.30004e-06	0.000867495	2.96064e-05	0.999051	4.16586e-05	9.78148e-06	9.08308e-05	0.000407958	0.000227909	0.999222	5.08777e-05	1.55957e-05	4.28508e-06	4.23525e-06	1.41009e-05	0.999962
40	0.999004	0.000261046	0.000599918	8.09432e-05	5.36366e-05	2.92207e-05	0.999076	1.9212e-05	0.000863046	1.26546e-05	0.000838235	2.11011e-05	0.999106	2.43275e-05	9.9375e-06	8.72936e-05	0.000513399	0.000193175	0.999163	4.30383e-05	1.89958e-05	5.12713e-06	4.76916e-06	1.59819e-05	0.999955
