quality	AA	AC	AG	AT	A.	CA	CC	CG	CT	C.	GA	GC	GG	GT	G.	TA	TC	TG	TT	T.	.A	.C	.G	.T	..
0	NA	NA	NA	NA	NA	NA	NA	NA	NA	NA	NA	NA	NA	NA	NA	NA	NA	NA	NA	NA	NA	NA	NA	NA	NA
1	NA	NA	NA	NA	NA	NA	NA	NA	NA	NA	NA	NA	NA	NA	NA	NA	NA	NA	NA	NA	NA	NA	NA	NA	NA
2	NA	NA	NA	NA	NA	NA	NA	NA	NA	NA	NA	NA	NA	NA	NA	NA	NA	NA	NA	NA	NA	NA	NA	NA	NA
3	NA	NA	NA	NA	NA	NA	NA	NA	NA	NA	NA	NA	NA	NA	NA	NA	NA	NA	NA	NA	NA	NA	NA	NA	NA
4	NA	NA	NA	NA	NA	NA	NA	NA	NA	NA	NA	NA	NA	NA	NA	NA	NA	NA	NA	NA	NA	NA	NA	NA	NA
5	NA	NA	NA	NA	NA	NA	NA	NA	NA	NA	NA	NA	NA	NA	NA	NA	NA	NA	NA	NA	NA	NA	NA	NA	NA
6	NA	NA	NA	NA	NA	NA	NA	NA	NA	NA	NA	NA	NA	NA	NA	NA	NA	NA	NA	NA	NA	NA	NA	NA	NA
7	NA	NA	NA	NA	NA	NA	NA	NA	NA	NA	NA	NA	NA	NA	NA	NA	NA	NA	NA	NA	NA	NA	NA	NA	NA
8	NA	NA	NA	NA	NA	NA	NA	NA	NA	NA	NA	NA	NA	NA	NA	NA	NA	NA	NA	NA	NA	NA	NA	NA	NA
9	NA	NA	NA	NA	NA	NA	NA	NA	NA	NA	NA	NA	NA	NA	NA	NA	NA	NA	NA	NA	NA	NA	NA	NA	NA
10	NA	NA	NA	NA	NA	NA	NA	NA	NA	NA	NA	NA	NA	NA	NA	NA	NA	NA	NA	NA	NA	NA	NA	NA	NA
11	0.976856	0.00843115	0.00264507	0.0120681	NA	0.0469492	0.936427	0.00438436	0.012057	0.000182682	0.0153249	0.00520291	0.943998	0.0354744	NA	0.0281065	0.00591716	0.010355	0.955621	NA	NA	NA	4.14628e-05	NA	0.999959
12	0.969591	0.0161612	0.00541421	0.00883371	NA	0.0329139	0.951071	0.00441972	0.0113873	0.000207987	0.0129018	0.00590686	0.949419	0.0315861	0.000186532	0.0148317	0.0086138	0.0203651	0.955904	0.000285225	2.14011e-05	NA	1.07006e-05	4.28023e-05	0.999925
13	0.966799	0.0155027	0.00688727	0.0106833	0.000127385	0.0349471	0.948306	0.00511658	0.0115262	0.000104278	0.0104689	0.00482307	0.961696	0.0228711	0.000140478	0.0164668	0.00998977	0.0226273	0.950689	0.0002268	8.49349e-05	3.48094e-05	3.20246e-05	3.06323e-05	0.999818
14	0.963923	0.0163979	0.00679723	0.0127252	0.000156618	0.0292577	0.950755	0.00438628	0.0150556	0.000545321	0.0166292	0.00675354	0.944311	0.0319077	0.00039857	0.0190438	0.0133387	0.0220587	0.945295	0.000263933	7.48849e-05	2.24655e-05	3.49463e-05	8.73657e-05	0.99978
15	0.976524	0.00790844	0.00526814	0.0102374	6.22712e-05	0.0123911	0.975691	0.00277987	0.00903459	0.000103506	0.0137232	0.00565547	0.956096	0.0244445	8.04096e-05	0.0276334	0.0136317	0.0260427	0.932415	0.000277444	6.1298e-05	3.44801e-05	1.91556e-05	6.89602e-05	0.999816
16	0.964632	0.0118614	0.00886163	0.0144754	0.000169974	0.0173931	0.961106	0.00500246	0.0163344	0.000164015	0.0175228	0.00797609	0.948192	0.026172	0.000137519	0.0188194	0.0133577	0.0180897	0.949425	0.000307861	0.000118814	5.26389e-05	5.71508e-05	7.67025e-05	0.999695
17	NA	NA	NA	NA	NA	NA	NA	NA	NA	NA	NA	NA	NA	NA	NA	NA	NA	NA	NA	NA	NA	NA	NA	NA	NA
18	NA	NA	NA	NA	NA	NA	NA	NA	NA	NA	NA	NA	NA	NA	NA	NA	NA	NA	NA	NA	NA	NA	NA	NA	NA
19	NA	NA	NA	NA	NA	NA	NA	NA	NA	NA	NA	NA	NA	NA	NA	NA	NA	NA	NA	NA	NA	NA	NA	NA	NA
20	0.997818	0.00218221	NA	NA	NA	0.00256246	0.996797	NA	0.000640615	NA	0.000674764	0.000674764	0.996964	0.00168691	NA	0.00199468	NA	0.00199468	0.996011	NA	NA	NA	NA	NA	1
21	0.996949	0.00169503	0.000610211	0.000678012	6.78012e-05	0.00537117	0.99321	0.000405371	0.00101343	NA	0.000894665	0.000329613	0.996845	0.00188351	4.70876e-05	0.000946678	0.000591674	0.00215369	0.996261	4.73339e-05	3.54956e-05	NA	NA	NA	0.999965
22	0.996251	0.00214247	0.00100428	0.000535619	6.69523e-05	0.00654593	0.990999	0.000654593	0.00174558	5.45494e-05	0.00209971	0.000292983	0.995215	0.00234386	4.88305e-05	0.0016864	0.00101184	0.00327161	0.993929	0.000101184	8.1386e-05	1.01733e-05	NA	1.01733e-05	0.999898
23	0.996834	0.00161626	0.00108489	0.000442811	2.21405e-05	0.00463409	0.993191	0.000998111	0.00110505	7.12936e-05	0.00136578	0.000754771	0.995579	0.00226431	3.59415e-05	0.00108211	0.000620624	0.0017823	0.996467	4.77403e-05	2.4417e-05	NA	1.22085e-05	1.83128e-05	0.999945
24	0.997969	0.00101566	0.000588015	0.000427647	NA	0.00455957	0.993694	0.000582072	0.00116414	NA	0.000632168	0.000541859	0.996026	0.0027996	NA	0.000662349	0.00025758	0.00139829	0.997682	NA	2.97389e-05	1.48694e-05	2.97389e-05	2.97389e-05	0.999896
25	0.996554	0.00120197	0.00124204	0.000961577	4.00657e-05	0.00424454	0.993222	0.000889984	0.00157459	6.84603e-05	0.0022342	0.000722828	0.993889	0.00308845	6.57117e-05	0.00101815	0.000748637	0.00161706	0.996526	8.98365e-05	3.40314e-05	1.13438e-05	NA	NA	0.999955
26	0.995369	0.00179778	0.00212465	0.000653737	5.44781e-05	0.00843628	0.988551	0.00120518	0.00170734	0.000100432	0.00188366	0.000443213	0.994903	0.00265928	0.000110803	0.000616689	0.000423974	0.00111775	0.997803	3.85431e-05	3.16121e-05	NA	3.16121e-05	1.5806e-05	0.999921
27	0.996871	0.000930642	0.00092763	0.00120773	6.32475e-05	0.00125112	0.996332	0.000344647	0.00200651	6.60967e-05	0.00260243	0.00125078	0.990877	0.00518469	8.47304e-05	0.00113061	0.00185476	0.0033965	0.993543	7.4751e-05	5.55473e-05	2.60378e-05	2.3434e-05	4.25284e-05	0.999852
28	0.998168	0.000442087	0.000505242	0.000757863	0.00012631	0.000497477	0.997726	0.000213204	0.0015635	NA	0.00323582	0.000528297	0.994222	0.001783	0.00023113	0.000567601	0.00147576	0.000794642	0.997048	0.00011352	4.35041e-05	NA	NA	5.80055e-05	0.999898
29	1	NA	NA	NA	NA	NA	1	NA	NA	NA	0.000280426	NA	0.99972	NA	NA	0.000729927	NA	NA	0.99927	NA	0.000130005	NA	NA	NA	0.99987
30	0.997717	0.000665701	0.000946544	0.000642298	2.86043e-05	0.000999578	0.997057	0.000341222	0.00158568	1.60575e-05	0.00142776	0.000486988	0.997008	0.00106621	1.10679e-05	0.000606892	0.00101149	0.000583093	0.997723	7.53657e-05	4.93672e-05	6.92873e-06	1.29914e-05	2.59827e-05	0.999905
31	0.998645	0.000387042	0.000652571	0.00027903	3.60039e-05	0.000881523	0.997565	0.000199392	0.00132578	2.79848e-05	0.00103429	0.000240457	0.99776	0.000932181	3.29393e-05	0.000282646	0.000881649	0.000565293	0.998164	0.000106316	3.43867e-05	1.79097e-05	1.71933e-05	2.36408e-05	0.999907
32	0.998889	0.000492577	0.000526943	6.87317e-05	2.29106e-05	0.00329541	0.995819	0.000491852	0.000393481	NA	0.000318026	7.95064e-05	0.999157	0.000445236	NA	0.000124431	0.000114062	0.000373293	0.999367	2.07385e-05	6.61041e-06	NA	6.61041e-06	NA	0.999987
33	0.998917	0.000307083	0.000703059	6.46491e-05	8.08113e-06	0.00268436	0.996751	0.000326137	0.000238331	NA	0.000213919	3.56532e-05	0.999346	0.000404069	NA	5.67583e-05	6.30648e-05	0.00044776	0.999413	1.89194e-05	1.18481e-05	7.10884e-06	2.36961e-06	7.10884e-06	0.999972
34	0.998822	0.00030221	0.00058471	0.000234322	5.69381e-05	0.000408724	0.998197	0.000129164	0.00122263	4.24648e-05	0.00101438	0.000269059	0.997722	0.000947892	4.63895e-05	0.00023637	0.000852622	0.000321994	0.998483	0.000106125	4.5744e-05	1.86365e-05	1.32149e-05	3.21903e-05	0.99989
35	0.999663	6.38822e-05	0.000184131	6.13771e-05	2.7557e-05	6.46052e-05	0.99967	1.61513e-05	0.000242269	7.17835e-06	0.000483007	7.80241e-05	0.998785	0.000622335	3.15812e-05	4.24475e-05	0.000629222	0.000456935	0.998811	5.99259e-05	1.53916e-05	5.55807e-06	4.27544e-06	1.58191e-05	0.999959
36	0.999029	0.000231546	0.000563314	0.000134781	4.14709e-05	0.000722847	0.99803	0.000159117	0.00103995	4.77352e-05	0.000777817	0.000262012	0.998378	0.000519914	6.26774e-05	0.000112415	0.000746174	0.000224015	0.998825	9.20499e-05	4.41857e-05	1.74534e-05	1.52441e-05	2.54068e-05	0.999898
37	0.9991	0.00020271	0.000534336	0.000112024	5.06775e-05	0.000729695	0.998083	0.000200907	0.000959532	2.73234e-05	0.000525871	0.000117212	0.998359	0.000959874	3.80148e-05	8.74914e-05	0.000637923	0.000213207	0.998988	7.30511e-05	4.69801e-05	1.57538e-05	1.18154e-05	2.89758e-05	0.999896
38	0.999196	0.00017068	0.000502182	8.19677e-05	4.87656e-05	0.000590537	0.998396	0.000147206	0.000847292	1.88287e-05	0.000678359	0.000162144	0.998417	0.000705659	3.7227e-05	7.70205e-05	0.000719212	0.000183787	0.998923	9.6674e-05	4.17065e-05	1.87518e-05	1.05075e-05	3.07141e-05	0.999898
39	0.999234	0.0001706	0.00046696	7.58107e-05	5.26608e-05	0.000535081	0.998385	0.000142712	0.000908054	2.95389e-05	0.000637959	0.000171868	0.998462	0.000684954	4.2967e-05	5.27201e-05	0.000708138	0.000165131	0.998976	9.81753e-05	5.00224e-05	1.89179e-05	1.38136e-05	2.8648e-05	0.999889
40	0.999381	0.000127344	0.000351023	8.45446e-05	5.56439e-05	0.0002373	0.998584	0.000113695	0.001041	2.38145e-05	0.000571145	0.000119542	0.999033	0.000228932	4.72923e-05	5.47323e-05	0.000459587	0.000175618	0.999227	8.26066e-05	6.41123e-05	2.76383e-05	1.7809e-05	3.09249e-05	0.99986
