quality	AA	AC	AG	AT	A.	CA	CC	CG	CT	C.	GA	GC	GG	GT	G.	TA	TC	TG	TT	T.	.A	.C	.G	.T	..
0	NA	NA	NA	NA	NA	NA	NA	NA	NA	NA	NA	NA	NA	NA	NA	NA	NA	NA	NA	NA	NA	NA	NA	NA	NA
1	NA	NA	NA	NA	NA	NA	NA	NA	NA	NA	NA	NA	NA	NA	NA	NA	NA	NA	NA	NA	NA	NA	NA	NA	NA
2	NA	NA	NA	NA	NA	NA	NA	NA	NA	NA	NA	NA	NA	NA	NA	NA	NA	NA	NA	NA	NA	NA	NA	NA	NA
3	NA	NA	NA	NA	NA	NA	NA	NA	NA	NA	NA	NA	NA	NA	NA	NA	NA	NA	NA	NA	NA	NA	NA	NA	NA
4	NA	NA	NA	NA	NA	NA	NA	NA	NA	NA	NA	NA	NA	NA	NA	NA	NA	NA	NA	NA	NA	NA	NA	NA	NA
5	NA	NA	NA	NA	NA	NA	NA	NA	NA	NA	NA	NA	NA	NA	NA	NA	NA	NA	NA	NA	NA	NA	NA	NA	NA
6	NA	NA	NA	NA	NA	NA	NA	NA	NA	NA	NA	NA	NA	NA	NA	NA	NA	NA	NA	NA	NA	NA	NA	NA	NA
7	NA	NA	NA	NA	NA	NA	NA	NA	NA	NA	NA	NA	NA	NA	NA	NA	NA	NA	NA	NA	NA	NA	NA	NA	NA
8	NA	NA	NA	NA	NA	NA	NA	NA	NA	NA	NA	NA	NA	NA	NA	NA	NA	NA	NA	NA	NA	NA	NA	NA	NA
9	NA	NA	NA	NA	NA	NA	NA	NA	NA	NA	NA	NA	NA	NA	NA	NA	NA	NA	NA	NA	NA	NA	NA	NA	NA
10	NA	NA	NA	NA	NA	NA	NA	NA	NA	NA	NA	NA	NA	NA	NA	NA	NA	NA	NA	NA	NA	NA	NA	NA	NA
11	0.971978	0.0122682	0.00487941	0.0107347	0.000139412	0.0541554	0.925224	0.00562383	0.0149969	NA	0.0211475	0.00806069	0.92935	0.0410621	0.000379327	0.0237946	0.0156544	0.0313087	0.928616	0.000626174	8.29703e-05	4.14852e-05	NA	4.14852e-05	0.999834
12	0.970301	0.0135704	0.00649937	0.00953842	9.0269e-05	0.0373797	0.943287	0.00543478	0.0137736	0.000124461	0.0127533	0.00595928	0.948871	0.0322543	0.000162315	0.0145343	0.0101599	0.0235654	0.951552	0.000188147	7.3987e-05	3.28831e-05	2.46623e-05	9.04285e-05	0.999778
13	0.964031	0.0162418	0.00735827	0.0122336	0.000135813	0.0298785	0.953346	0.00512008	0.0115399	0.000115768	0.00912027	0.00462395	0.964049	0.0221086	9.8173e-05	0.0144945	0.0109784	0.0226535	0.951714	0.00015982	4.86714e-05	3.24476e-05	3.1366e-05	0.000127627	0.99976
14	0.962277	0.0173357	0.00696841	0.0132741	0.000144355	0.0289562	0.953046	0.00448214	0.0133279	0.000187578	0.0172146	0.00707399	0.942251	0.0333192	0.000141103	0.0175353	0.0130529	0.021682	0.947545	0.000184671	8.56109e-05	3.96733e-05	2.08807e-05	0.000110668	0.999743
15	0.975717	0.00867247	0.0065217	0.0089599	0.000128848	0.0122117	0.976888	0.00265669	0.00816392	7.98148e-05	0.0149268	0.00626996	0.952287	0.026398	0.000118749	0.0223792	0.0182527	0.0237346	0.935468	0.00016566	0.000125191	3.75574e-05	3.44276e-05	7.1985e-05	0.999731
16	0.963682	0.0122088	0.00926733	0.0146745	0.000167044	0.0183809	0.961714	0.00456559	0.0151732	0.000166021	0.0172757	0.00730175	0.950493	0.0248214	0.000107796	0.0172323	0.0121026	0.0184898	0.951939	0.000236059	0.000101186	5.47594e-05	5.11882e-05	9.52338e-05	0.999698
17	NA	NA	NA	NA	NA	NA	NA	NA	NA	NA	NA	NA	NA	NA	NA	NA	NA	NA	NA	NA	NA	NA	NA	NA	NA
18	NA	NA	NA	NA	NA	NA	NA	NA	NA	NA	NA	NA	NA	NA	NA	NA	NA	NA	NA	NA	NA	NA	NA	NA	NA
19	NA	NA	NA	NA	NA	NA	NA	NA	NA	NA	NA	NA	NA	NA	NA	NA	NA	NA	NA	NA	NA	NA	NA	NA	NA
20	0.997763	0.00111857	NA	0.00111857	NA	0.00124688	0.995636	0.00124688	0.00187032	NA	0.00116144	0.000464576	0.994425	0.0039489	NA	0.00106724	0.000533618	0.0117396	0.98666	NA	9.56297e-05	NA	NA	NA	0.999904
21	0.996855	0.00161584	0.00089448	0.000634792	NA	0.0031296	0.995545	0.000552283	0.000736377	3.68189e-05	0.000945213	0.000630142	0.996009	0.00241554	NA	0.00113203	0.00168812	0.00220448	0.994956	1.98602e-05	3.55432e-05	7.10863e-06	1.42173e-05	1.42173e-05	0.999929
22	0.996507	0.00174655	0.000973487	0.000744431	2.8632e-05	0.0046762	0.993118	0.000749956	0.0014558	NA	0.00157648	0.00032996	0.995161	0.00293298	NA	0.00135866	0.00229107	0.00372965	0.992541	7.99211e-05	5.72017e-05	8.17167e-06	1.63433e-05	7.3545e-05	0.999845
23	0.996875	0.00119226	0.00124645	0.000668389	1.80646e-05	0.00200922	0.996471	0.000489426	0.00103037	NA	0.000884533	0.000502032	0.996295	0.002295	2.39063e-05	0.00116001	0.00175795	0.00200909	0.995061	1.19589e-05	9.10987e-06	9.10987e-06	2.27747e-05	0.000100209	0.999859
24	0.997096	0.00136147	0.000998412	0.000499206	4.53823e-05	0.00286205	0.995135	0.000930166	0.00100172	7.15512e-05	0.00121359	0.000404531	0.996224	0.0021575	NA	0.000616789	0.00215876	0.00144945	0.995775	NA	3.60447e-05	3.60447e-05	1.20149e-05	0.000120149	0.999796
25	0.996158	0.00137917	0.00134634	0.0010508	6.5675e-05	0.00228626	0.994896	0.00143556	0.00138239	NA	0.00143885	0.000696217	0.995312	0.00250638	4.64145e-05	0.00132263	0.00139224	0.00167069	0.995545	6.9612e-05	1.7563e-05	3.51259e-05	2.63444e-05	0.00017563	0.999745
26	0.996982	0.000991636	0.00129344	0.000646719	8.62292e-05	0.00229205	0.99586	0.000443623	0.00133087	7.39372e-05	0.00144388	0.000683943	0.995136	0.00265978	7.59936e-05	0.000505476	0.00120753	0.0014041	0.996799	8.4246e-05	4.68192e-05	3.51144e-05	3.51144e-05	0.000187277	0.999696
27	0.996062	0.000951409	0.00173073	0.00119479	6.14605e-05	0.0012664	0.996868	0.000342982	0.00151515	7.53807e-06	0.00246258	0.00137538	0.991509	0.00462388	2.94723e-05	0.00102665	0.00142052	0.00333382	0.994129	8.95989e-05	4.76148e-05	2.59081e-05	1.68052e-05	3.50109e-05	0.999875
28	0.997491	0.00056315	0.00122869	0.000614345	0.000102391	0.000554435	0.998437	0.00015121	0.000856855	NA	0.00277574	0.000571475	0.995401	0.0012518	NA	0.00107025	0.00330804	0.000778362	0.994843	NA	3.47262e-05	2.31508e-05	NA	6.94525e-05	0.999873
29	0.998984	0.000507872	NA	NA	0.000507872	NA	0.997268	0.000910747	0.00182149	NA	0.000512033	NA	0.999488	NA	NA	NA	NA	0.00139665	0.998603	NA	NA	NA	NA	NA	1
30	0.997613	0.00038612	0.00124582	0.000697576	5.7598e-05	0.000351306	0.998029	0.000315525	0.00129788	6.50567e-06	0.00136255	0.000454182	0.99734	0.000840089	2.96851e-06	0.000596753	0.00193203	0.000570377	0.996878	2.30789e-05	4.0328e-05	2.12253e-05	1.13201e-05	7.7826e-05	0.999849
31	0.998284	0.000283254	0.00110727	0.00029429	3.12683e-05	0.000154641	0.998802	0.000162925	0.000875379	5.52289e-06	0.000874814	0.000247288	0.998208	0.000656775	1.3295e-05	0.000288552	0.00133534	0.000589742	0.997765	2.10622e-05	4.11298e-05	1.3903e-05	9.84797e-06	5.38742e-05	0.999881
32	0.998864	0.000155793	0.000898102	6.41501e-05	1.83286e-05	0.000156944	0.999276	0.000338034	0.000217307	1.20726e-05	0.000269955	2.45414e-05	0.999362	0.000343579	NA	7.24883e-05	0.00172361	0.000442984	0.997745	1.61085e-05	7.69176e-06	1.02557e-05	1.28196e-05	0.000148707	0.999821
33	0.998935	9.14608e-05	0.000855812	8.49279e-05	3.26646e-05	0.000149478	0.999346	0.000280272	0.000224217	NA	0.000209028	6.36173e-05	0.999355	0.000372615	NA	8.0476e-05	0.00160005	0.000847365	0.997453	1.89355e-05	7.28194e-06	9.10243e-06	2.00253e-05	0.000147459	0.999816
34	0.998503	0.000177951	0.00107584	0.000192404	5.0585e-05	0.000109809	0.998945	0.000148314	0.000787204	9.98266e-06	0.000779405	0.000242399	0.998577	0.000395296	6.21535e-06	0.000180192	0.00108412	0.000345532	0.998324	6.63343e-05	5.16907e-05	1.63088e-05	1.10568e-05	4.2016e-05	0.999879
35	0.999429	7.11171e-05	0.00040482	7.0023e-05	2.51645e-05	3.63215e-05	0.99976	2.46986e-05	0.000175796	2.90572e-06	0.000342765	9.52124e-05	0.9993	0.000255487	6.34749e-06	5.19659e-05	0.000412671	0.000406557	0.999085	4.38144e-05	1.92605e-05	9.63027e-06	4.99347e-06	1.1057e-05	0.999955
36	0.99865	0.000136518	0.00102936	0.000130182	5.35704e-05	5.16611e-05	0.999076	0.000154983	0.000707848	9.06335e-06	0.000566496	0.00020675	0.999061	0.000159611	5.78901e-06	0.000138646	0.00129493	0.000226815	0.998293	4.64398e-05	4.21101e-05	1.15667e-05	9.0365e-06	5.4219e-05	0.999883
37	0.998682	0.000127802	0.00105288	8.99075e-05	4.75544e-05	4.23468e-05	0.999183	0.000121908	0.000637769	1.53988e-05	0.000441689	0.00011074	0.999329	0.000106922	1.14559e-05	8.64247e-05	0.00108207	0.000270516	0.998512	4.91848e-05	4.22365e-05	1.731e-05	1.01552e-05	5.53921e-05	0.999875
38	0.998753	0.000126528	0.00100399	7.58303e-05	4.02984e-05	3.37357e-05	0.999247	0.000114288	0.000593473	1.10157e-05	0.000425291	0.000168232	0.999322	7.40221e-05	1.07669e-05	7.53966e-05	0.00116066	0.000209336	0.998504	5.056e-05	4.50705e-05	1.38678e-05	8.93409e-06	4.82708e-05	0.999884
39	0.99872	0.000103172	0.00107182	6.14139e-05	4.36799e-05	2.96265e-05	0.999245	0.000110021	0.000607775	7.62235e-06	0.000373697	0.000126299	0.999443	4.61134e-05	1.12205e-05	6.32281e-05	0.00105592	0.000167509	0.998666	4.70708e-05	4.83477e-05	1.30848e-05	1.16045e-05	4.63916e-05	0.999881
40	0.998874	9.4004e-05	0.000925237	5.7498e-05	4.88837e-05	2.37585e-05	0.999081	7.62172e-05	0.000809499	9.6301e-06	0.000372265	9.23129e-05	0.999495	2.58644e-05	1.48598e-05	5.65738e-05	0.000853049	0.000129626	0.998922	3.86429e-05	5.80482e-05	1.52232e-05	1.13149e-05	3.52518e-05	0.99988
