quality	AA	AC	AG	AT	A.	CA	CC	CG	CT	C.	GA	GC	GG	GT	G.	TA	TC	TG	TT	T.	.A	.C	.G	.T	..
0	NA	NA	NA	NA	NA	NA	NA	NA	NA	NA	NA	NA	NA	NA	NA	NA	NA	NA	NA	NA	NA	NA	NA	NA	NA
1	NA	NA	NA	NA	NA	NA	NA	NA	NA	NA	NA	NA	NA	NA	NA	NA	NA	NA	NA	NA	NA	NA	NA	NA	NA
2	NA	NA	NA	NA	NA	NA	NA	NA	NA	NA	NA	NA	NA	NA	NA	NA	NA	NA	NA	NA	NA	NA	NA	NA	NA
3	NA	NA	NA	NA	NA	NA	NA	NA	NA	NA	NA	NA	NA	NA	NA	NA	NA	NA	NA	NA	NA	NA	NA	NA	NA
4	NA	NA	NA	NA	NA	NA	NA	NA	NA	NA	NA	NA	NA	NA	NA	NA	NA	NA	NA	NA	NA	NA	NA	NA	NA
5	NA	NA	NA	NA	NA	NA	NA	NA	NA	NA	NA	NA	NA	NA	NA	NA	NA	NA	NA	NA	NA	NA	NA	NA	NA
6	NA	NA	NA	NA	NA	NA	NA	NA	NA	NA	NA	NA	NA	NA	NA	NA	NA	NA	NA	NA	NA	NA	NA	NA	NA
7	NA	NA	NA	NA	NA	NA	NA	NA	NA	NA	NA	NA	NA	NA	NA	NA	NA	NA	NA	NA	NA	NA	NA	NA	NA
8	NA	NA	NA	NA	NA	NA	NA	NA	NA	NA	NA	NA	NA	NA	NA	NA	NA	NA	NA	NA	NA	NA	NA	NA	NA
9	NA	NA	NA	NA	NA	NA	NA	NA	NA	NA	NA	NA	NA	NA	NA	NA	NA	NA	NA	NA	NA	NA	NA	NA	NA
10	1	NA	NA	NA	NA	0.125	0.875	NA	NA	NA	0.00840336	NA	0.957983	0.0336134	NA	NA	NA	NA	1	NA	NA	NA	NA	NA	1
11	0.975356	0.0134336	0.00373681	0.00718982	0.000283809	0.0661675	0.91353	0.00627276	0.013962	6.74491e-05	0.0247431	0.00601949	0.920915	0.0482224	9.97705e-05	0.0208862	0.00878392	0.0265469	0.943588	0.000195198	8.43419e-05	1.4057e-05	4.2171e-05	0.000168684	0.999691
12	0.974319	0.0132084	0.00527267	0.00709267	0.000107059	0.0526463	0.930029	0.00554467	0.0115934	0.000186689	0.0112746	0.00456025	0.948795	0.035256	0.000114579	0.0113237	0.00786419	0.0275436	0.953098	0.000170139	2.6103e-05	2.6103e-05	2.2374e-05	0.000246114	0.999679
13	0.967832	0.0175824	0.00583131	0.0086636	9.05674e-05	0.0367146	0.949228	0.00457736	0.00936539	0.000114913	0.00788765	0.00352685	0.968307	0.0201816	9.70414e-05	0.0119992	0.00822762	0.0224658	0.957178	0.00012955	4.55293e-05	3.90251e-05	2.08134e-05	0.000104067	0.999791
14	0.966361	0.0184883	0.00529209	0.00966677	0.000192294	0.0320244	0.953499	0.00367532	0.0106472	0.000153878	0.0135623	0.00608216	0.947115	0.0331278	0.000112737	0.0140273	0.00996897	0.0192941	0.956546	0.000163599	4.45743e-05	4.45743e-05	2.67446e-05	5.22157e-05	0.999832
15	0.961886	0.0170752	0.00948072	0.0113882	0.000170185	0.0265149	0.957353	0.00437151	0.0116518	0.000109288	0.0138304	0.00662838	0.952426	0.0270446	7.0816e-05	0.0143989	0.0103586	0.0210611	0.954001	0.000180524	0.000130094	2.236e-05	3.6589e-05	6.50471e-05	0.999746
16	0.964747	0.0145825	0.00795479	0.0126057	0.00011008	0.0252909	0.956774	0.00428631	0.0135339	0.000114492	0.0124699	0.0054484	0.953288	0.0287312	6.23497e-05	0.0177099	0.0116742	0.0267445	0.943726	0.000145546	5.96259e-05	3.95877e-05	3.22566e-05	4.98511e-05	0.999819
17	NA	NA	NA	NA	NA	NA	NA	NA	NA	NA	NA	NA	NA	NA	NA	NA	NA	NA	NA	NA	NA	NA	NA	NA	NA
18	1	NA	NA	NA	NA	NA	1	NA	NA	NA	NA	NA	1	NA	NA	NA	NA	NA	1	NA	NA	NA	NA	NA	1
19	1	NA	NA	NA	NA	NA	1	NA	NA	NA	NA	NA	0.986486	0.0135135	NA	NA	NA	NA	1	NA	NA	NA	NA	NA	1
20	0.997399	0.0018357	0.000305951	0.000152975	0.000305951	0.00908868	0.988946	0.00024564	0.00147384	0.00024564	0.000936037	0.000208008	0.99428	0.00457618	NA	0.00142721	NA	0.01451	0.984063	NA	NA	4.09668e-05	4.09668e-05	8.19336e-05	0.999836
21	0.99655	0.00191087	0.000910548	0.000602757	2.56492e-05	0.00432237	0.994333	0.000272276	0.00105507	1.70172e-05	0.000709278	0.000395876	0.997229	0.00164948	1.64948e-05	0.000790514	0.00171278	0.0020798	0.995398	1.88218e-05	2.63605e-05	NA	1.97704e-05	0.000118622	0.999835
22	0.99638	0.00218734	0.000909777	0.000464567	5.80709e-05	0.00478035	0.993283	0.000499906	0.00143723	NA	0.00105131	0.000358984	0.995487	0.003077	2.56417e-05	0.00119256	0.00100021	0.00240435	0.995307	9.61742e-05	4.00873e-05	1.71803e-05	5.72675e-06	0.000131715	0.999805
23	0.997354	0.00136381	0.000861353	0.000399914	2.05084e-05	0.00297795	0.995576	0.000477051	0.000939646	2.89122e-05	0.000674015	0.00021063	0.997416	0.001671	2.8084e-05	0.000444962	0.00150602	0.00189622	0.996125	2.73823e-05	3.64747e-05	1.82373e-05	2.3448e-05	0.000106819	0.999815
24	0.997613	0.00101007	0.000887637	0.000459123	3.06082e-05	0.00288931	0.994869	0.000647604	0.00149447	9.96314e-05	0.000429144	0.000286096	0.996948	0.00233645	NA	0.000376439	0.00157219	0.00104074	0.996944	6.64305e-05	1.68308e-05	8.41538e-06	1.68308e-05	5.89077e-05	0.999899
25	0.997346	0.00125338	0.000835586	0.000491521	7.37282e-05	0.00279387	0.996015	0.00045195	0.000698467	4.10863e-05	0.000718663	0.000453892	0.996823	0.00192904	7.56487e-05	0.000513025	0.00127306	0.000931046	0.997169	0.000114006	5.5537e-05	6.94213e-06	1.38843e-05	8.33056e-05	0.99984
26	0.996235	0.00132871	0.00191924	0.000442902	7.38171e-05	0.00267069	0.995355	0.00162564	0.000348351	NA	0.00109422	0.000364742	0.996596	0.00182371	0.000121581	0.000149716	0.00199621	0.000948198	0.996806	9.98104e-05	3.96983e-05	NA	1.98491e-05	0.000377134	0.999563
27	0.996249	0.00128985	0.00168788	0.000729043	4.377e-05	0.00263655	0.995615	0.000350653	0.00137376	2.44125e-05	0.00154961	0.000685333	0.993826	0.00392163	1.71333e-05	0.00105743	0.00107193	0.00415721	0.993624	8.92345e-05	4.51717e-05	1.59659e-05	1.79129e-05	3.30999e-05	0.999888
28	0.997632	0.000485835	0.00142714	0.000425106	3.03647e-05	0.000437216	0.998659	5.82954e-05	0.000816136	2.91477e-05	0.00127941	0.000299083	0.996926	0.00149541	NA	0.000335818	0.00161193	0.000335818	0.997649	6.71637e-05	2.10836e-05	1.40557e-05	2.10836e-05	3.51393e-05	0.999909
29	0.999849	NA	NA	NA	0.000150716	0.00105988	0.998675	0.000264971	NA	NA	0.00103872	9.44287e-05	0.998489	0.000377715	NA	NA	NA	0.000480769	0.999519	NA	NA	NA	NA	NA	1
30	0.997906	0.00046978	0.00125739	0.000326694	4.05201e-05	0.000442851	0.998221	0.000252233	0.00107825	5.77632e-06	0.000857901	0.000226056	0.998028	0.000870872	1.66763e-05	0.000447019	0.00154055	0.000598488	0.997373	4.06381e-05	3.48075e-05	1.17423e-05	8.38734e-06	5.8292e-05	0.999887
31	0.998258	0.000377727	0.00114394	0.000197231	2.27114e-05	0.000451153	0.998594	0.000168958	0.000774689	1.07845e-05	0.000603743	0.000156526	0.998643	0.000588263	8.60033e-06	0.00021079	0.00111344	0.000739705	0.997891	4.52617e-05	2.89283e-05	1.14971e-05	1.11263e-05	5.56313e-05	0.999893
32	0.998708	0.000243482	0.000892768	0.000156078	NA	0.000188733	0.999253	0.000301973	0.000234029	2.2648e-05	0.000234311	6.04673e-05	0.999524	0.000173843	7.55841e-06	5.05262e-05	0.001248	0.000242526	0.998454	5.05262e-06	1.16067e-05	6.63241e-06	3.31621e-06	0.000124358	0.999854
33	0.998736	0.000291273	0.000839262	9.87367e-05	3.45578e-05	0.000344442	0.99911	0.000285952	0.000259956	NA	0.00025225	2.5225e-05	0.999584	0.000138737	NA	6.12732e-05	0.00147416	0.000681214	0.997762	2.16258e-05	1.21126e-05	6.72925e-06	1.07668e-05	0.000148043	0.999822
34	0.998374	0.000251112	0.00118325	0.000139507	5.23863e-05	0.000241008	0.998885	0.000120952	0.000745424	7.16753e-06	0.000569283	0.000172146	0.998889	0.000357904	1.12095e-05	0.000170332	0.00102136	0.000521641	0.998228	5.82384e-05	3.10086e-05	1.384e-05	1.19129e-05	3.59139e-05	0.999907
35	0.99921	0.000161935	0.000536723	6.17691e-05	2.92151e-05	0.000296414	0.9994	2.66168e-05	0.000277057	NA	0.000335491	9.82509e-05	0.99936	0.0001977	8.38727e-06	6.02467e-05	0.000428957	0.000522942	0.99895	3.77546e-05	2.18573e-05	8.09528e-06	4.85717e-06	1.29525e-05	0.999952
36	0.998498	0.000168026	0.00117618	0.000113102	4.43459e-05	9.619e-05	0.999096	0.000142693	0.000652946	1.21034e-05	0.000478165	0.000161998	0.999179	0.000172236	8.43113e-06	0.000101596	0.00125941	0.000242051	0.998347	5.00956e-05	3.65606e-05	9.58758e-06	1.06103e-05	4.83214e-05	0.999895
37	0.998525	0.000162601	0.00117569	9.44986e-05	4.2234e-05	8.59893e-05	0.999146	0.000143919	0.000615503	8.14636e-06	0.000393518	6.3441e-05	0.999443	8.91852e-05	1.10332e-05	7.97283e-05	0.00104449	0.000311893	0.998516	4.81378e-05	3.58579e-05	1.26654e-05	1.01981e-05	5.65831e-05	0.999885
38	0.998635	0.000154175	0.00109628	7.26534e-05	4.19548e-05	7.59196e-05	0.99918	0.00010479	0.000629812	9.08897e-06	0.000389723	0.000107865	0.999425	6.82964e-05	9.2146e-06	6.7125e-05	0.00105653	0.00019932	0.998624	5.30835e-05	3.76375e-05	1.0873e-05	1.00367e-05	4.99742e-05	0.999891
39	0.998643	0.00012952	0.00111451	6.6834e-05	4.61692e-05	4.6065e-05	0.999205	0.000110952	0.000628317	1.00303e-05	0.000396525	0.000111267	0.999427	5.11093e-05	1.36944e-05	6.04666e-05	0.00100698	0.000140654	0.998747	4.45162e-05	3.95542e-05	1.16131e-05	9.82467e-06	4.75672e-05	0.999891
40	0.998893	0.0001136	0.00087879	6.40749e-05	5.03812e-05	2.62424e-05	0.999056	6.72729e-05	0.000836253	1.42752e-05	0.000387345	8.00436e-05	0.999488	2.6907e-05	1.74218e-05	5.4215e-05	0.000810342	9.31854e-05	0.999003	3.96357e-05	5.96561e-05	1.15318e-05	1.13234e-05	3.48732e-05	0.999883
