
SUMMARISING RUN PARAMETERS
==========================
Input filename: SC2189/host_removal/SC2189_R2.fastq.gz
Trimming mode: paired-end
Trim Galore version: 0.6.4_dev
Cutadapt version: 4.1
Python version: could not detect
Number of cores used for trimming: 2
Quality Phred score cutoff: 20
Quality encoding type selected: ASCII+33
Using Illumina adapter for trimming (count: 10513). Second best hit was Nextera (count: 0)
Adapter sequence: 'AGATCGGAAGAGC' (Illumina TruSeq, Sanger iPCR; auto-detected)
Maximum trimming error rate: 0.1 (default)
Minimum required adapter overlap (stringency): 1 bp
Minimum required sequence length for both reads before a sequence pair gets removed: 20 bp
Running FastQC on the data once trimming has completed
Output file will be GZIP compressed


This is cutadapt 4.1 with Python 3.9.13
Command line parameters: -j 2 -e 0.1 -q 20 -O 1 -a AGATCGGAAGAGC SC2189/host_removal/SC2189_R2.fastq.gz
Processing single-end reads on 2 cores ...
Finished in 22.67 s (38 µs/read; 1.60 M reads/minute).

=== Summary ===

Total reads processed:                 603,084
Reads with adapters:                   212,425 (35.2%)
Reads written (passing filters):       603,084 (100.0%)

Total basepairs processed:   151,374,084 bp
Quality-trimmed:               1,975,352 bp (1.3%)
Total written (filtered):    148,251,704 bp (97.9%)

=== Adapter 1 ===

Sequence: AGATCGGAAGAGC; Type: regular 3'; Length: 13; Trimmed: 212425 times

Minimum overlap: 1
No. of allowed errors:
1-9 bp: 0; 10-13 bp: 1

Bases preceding removed adapters:
  A: 35.4%
  C: 20.8%
  G: 12.4%
  T: 30.4%
  none/other: 1.1%

Overview of removed sequences
length	count	expect	max.err	error counts
1	140436	150771.0	0	140436
2	49232	37692.8	0	49232
3	7149	9423.2	0	7149
4	1288	2355.8	0	1288
5	75	588.9	0	75
6	110	147.2	0	110
7	1010	36.8	0	1010
8	51	9.2	0	51
9	143	2.3	0	142 1
10	170	0.6	1	164 6
11	38	0.1	1	36 2
12	189	0.0	1	176 13
13	23	0.0	1	21 2
14	154	0.0	1	149 5
15	57	0.0	1	54 3
16	56	0.0	1	51 5
17	158	0.0	1	152 6
18	28	0.0	1	27 1
19	113	0.0	1	111 2
20	52	0.0	1	46 6
21	16	0.0	1	16
22	74	0.0	1	72 2
23	102	0.0	1	95 7
24	703	0.0	1	687 16
25	29	0.0	1	29
26	94	0.0	1	90 4
27	136	0.0	1	132 4
28	176	0.0	1	170 6
29	29	0.0	1	23 6
30	210	0.0	1	203 7
31	19	0.0	1	16 3
32	106	0.0	1	100 6
33	92	0.0	1	86 6
34	45	0.0	1	41 4
35	99	0.0	1	94 5
36	255	0.0	1	243 12
37	124	0.0	1	119 5
38	58	0.0	1	55 3
39	67	0.0	1	66 1
40	92	0.0	1	89 3
41	206	0.0	1	195 11
42	385	0.0	1	375 10
43	111	0.0	1	106 5
44	246	0.0	1	234 12
45	273	0.0	1	267 6
46	170	0.0	1	164 6
47	314	0.0	1	308 6
48	194	0.0	1	188 6
49	103	0.0	1	99 4
50	59	0.0	1	57 2
51	68	0.0	1	66 2
52	49	0.0	1	44 5
53	124	0.0	1	122 2
54	207	0.0	1	200 7
55	65	0.0	1	60 5
56	129	0.0	1	119 10
57	371	0.0	1	364 7
58	175	0.0	1	172 3
59	49	0.0	1	43 6
60	134	0.0	1	132 2
61	60	0.0	1	59 1
62	24	0.0	1	21 3
63	116	0.0	1	109 7
64	56	0.0	1	54 2
65	26	0.0	1	25 1
66	19	0.0	1	17 2
67	15	0.0	1	13 2
68	21	0.0	1	17 4
69	25	0.0	1	23 2
70	19	0.0	1	19
71	23	0.0	1	23
72	30	0.0	1	29 1
73	54	0.0	1	47 7
74	65	0.0	1	55 10
75	76	0.0	1	63 13
76	125	0.0	1	97 28
77	208	0.0	1	136 72
78	326	0.0	1	224 102
79	557	0.0	1	300 257
80	844	0.0	1	544 300
81	560	0.0	1	353 207
82	307	0.0	1	166 141
83	194	0.0	1	108 86
84	128	0.0	1	58 70
85	74	0.0	1	38 36
86	62	0.0	1	28 34
87	36	0.0	1	19 17
88	49	0.0	1	21 28
89	44	0.0	1	28 16
90	35	0.0	1	20 15
91	29	0.0	1	14 15
92	23	0.0	1	14 9
93	21	0.0	1	10 11
94	126	0.0	1	111 15
95	31	0.0	1	18 13
96	36	0.0	1	22 14
97	38	0.0	1	32 6
98	17	0.0	1	10 7
99	13	0.0	1	8 5
100	14	0.0	1	9 5
101	13	0.0	1	5 8
102	13	0.0	1	9 4
103	8	0.0	1	5 3
104	10	0.0	1	4 6
105	30	0.0	1	22 8
106	7	0.0	1	4 3
107	13	0.0	1	7 6
108	14	0.0	1	5 9
109	11	0.0	1	7 4
110	9	0.0	1	4 5
111	14	0.0	1	8 6
112	8	0.0	1	6 2
113	11	0.0	1	6 5
114	7	0.0	1	3 4
115	7	0.0	1	3 4
116	15	0.0	1	7 8
117	5	0.0	1	3 2
118	15	0.0	1	8 7
119	10	0.0	1	3 7
120	7	0.0	1	4 3
121	6	0.0	1	2 4
122	9	0.0	1	4 5
123	8	0.0	1	6 2
124	9	0.0	1	5 4
125	8	0.0	1	4 4
126	6	0.0	1	3 3
127	24	0.0	1	16 8
128	7	0.0	1	4 3
129	8	0.0	1	4 4
130	13	0.0	1	7 6
131	9	0.0	1	6 3
132	6	0.0	1	1 5
133	4	0.0	1	1 3
134	10	0.0	1	5 5
135	4	0.0	1	3 1
136	6	0.0	1	3 3
137	7	0.0	1	2 5
138	9	0.0	1	2 7
139	6	0.0	1	2 4
140	15	0.0	1	5 10
141	25	0.0	1	21 4
142	7	0.0	1	3 4
143	7	0.0	1	4 3
144	10	0.0	1	3 7
145	15	0.0	1	11 4
146	15	0.0	1	10 5
147	15	0.0	1	10 5
148	4	0.0	1	2 2
149	5	0.0	1	1 4
150	7	0.0	1	2 5
151	7	0.0	1	5 2
152	10	0.0	1	3 7
153	10	0.0	1	5 5
154	14	0.0	1	8 6
155	9	0.0	1	4 5
156	20	0.0	1	15 5
157	11	0.0	1	10 1
158	15	0.0	1	10 5
159	18	0.0	1	12 6
160	17	0.0	1	15 2
161	18	0.0	1	15 3
162	25	0.0	1	22 3
163	24	0.0	1	20 4
164	24	0.0	1	18 6
165	8	0.0	1	7 1
166	14	0.0	1	9 5
167	13	0.0	1	10 3
168	14	0.0	1	13 1
169	12	0.0	1	9 3
170	12	0.0	1	10 2
171	5	0.0	1	3 2
172	15	0.0	1	14 1
173	5	0.0	1	4 1
174	9	0.0	1	5 4
175	6	0.0	1	5 1
176	11	0.0	1	9 2
177	2	0.0	1	0 2
178	4	0.0	1	2 2
179	3	0.0	1	3
180	4	0.0	1	4
181	4	0.0	1	3 1
182	2	0.0	1	2
183	6	0.0	1	1 5
184	5	0.0	1	3 2
185	17	0.0	1	17
186	4	0.0	1	1 3
187	4	0.0	1	3 1
188	3	0.0	1	2 1
190	3	0.0	1	2 1
192	2	0.0	1	2
193	4	0.0	1	4
195	1	0.0	1	1
197	4	0.0	1	4
198	1	0.0	1	1
199	2	0.0	1	2
202	1	0.0	1	0 1
203	2	0.0	1	2
205	2	0.0	1	0 2
206	2	0.0	1	0 2
208	3	0.0	1	2 1
209	1	0.0	1	1
210	3	0.0	1	3
212	2	0.0	1	1 1
213	2	0.0	1	2
214	1	0.0	1	1
215	2	0.0	1	2
217	1	0.0	1	1
218	2	0.0	1	2
219	1	0.0	1	1
220	1	0.0	1	1
221	1	0.0	1	1
222	1	0.0	1	1
224	3	0.0	1	2 1
225	3	0.0	1	3
226	2	0.0	1	2
227	1	0.0	1	1
228	1	0.0	1	1
229	1	0.0	1	1
230	7	0.0	1	7
231	1	0.0	1	1
232	5	0.0	1	5
233	5	0.0	1	5
235	1	0.0	1	1
238	4	0.0	1	4
239	5	0.0	1	5
240	1	0.0	1	1
241	4	0.0	1	4
242	1	0.0	1	1
244	2	0.0	1	1 1
245	2	0.0	1	2
246	1	0.0	1	0 1
247	2	0.0	1	0 2
248	2	0.0	1	0 2
249	6	0.0	1	3 3
250	9	0.0	1	0 9
251	380	0.0	1	0 380

RUN STATISTICS FOR INPUT FILE: SC2189/host_removal/SC2189_R2.fastq.gz
=============================================
603084 sequences processed in total

Total number of sequences analysed for the sequence pair length validation: 603084

Number of sequence pairs removed because at least one read was shorter than the length cutoff (20 bp): 4019 (0.67%)
