
SUMMARISING RUN PARAMETERS
==========================
Input filename: SC2274/host_removal/SC2274_R1.fastq.gz
Trimming mode: paired-end
Trim Galore version: 0.6.4_dev
Cutadapt version: 4.1
Python version: could not detect
Number of cores used for trimming: 2
Quality Phred score cutoff: 20
Quality encoding type selected: ASCII+33
Using Illumina adapter for trimming (count: 20008). Second best hit was smallRNA (count: 0)
Adapter sequence: 'AGATCGGAAGAGC' (Illumina TruSeq, Sanger iPCR; auto-detected)
Maximum trimming error rate: 0.1 (default)
Minimum required adapter overlap (stringency): 1 bp
Minimum required sequence length for both reads before a sequence pair gets removed: 20 bp
Running FastQC on the data once trimming has completed
Output file will be GZIP compressed


This is cutadapt 4.1 with Python 3.9.13
Command line parameters: -j 2 -e 0.1 -q 20 -O 1 -a AGATCGGAAGAGC SC2274/host_removal/SC2274_R1.fastq.gz
Processing single-end reads on 2 cores ...
Finished in 24.83 s (36 µs/read; 1.68 M reads/minute).

=== Summary ===

Total reads processed:                 694,325
Reads with adapters:                   253,109 (36.5%)
Reads written (passing filters):       694,325 (100.0%)

Total basepairs processed:   174,275,575 bp
Quality-trimmed:               2,105,017 bp (1.2%)
Total written (filtered):    169,575,997 bp (97.3%)

=== Adapter 1 ===

Sequence: AGATCGGAAGAGC; Type: regular 3'; Length: 13; Trimmed: 253109 times

Minimum overlap: 1
No. of allowed errors:
1-9 bp: 0; 10-13 bp: 1

Bases preceding removed adapters:
  A: 35.5%
  C: 19.0%
  G: 11.8%
  T: 31.8%
  none/other: 1.9%

Overview of removed sequences
length	count	expect	max.err	error counts
1	157245	173581.2	0	157245
2	56434	43395.3	0	56434
3	6186	10848.8	0	6186
4	2589	2712.2	0	2589
5	148	678.1	0	148
6	184	169.5	0	184
7	4006	42.4	0	4006
8	142	10.6	0	142
9	269	2.6	0	269
10	199	0.7	1	189 10
11	99	0.2	1	94 5
12	147	0.0	1	136 11
13	101	0.0	1	95 6
14	68	0.0	1	61 7
15	80	0.0	1	75 5
16	55	0.0	1	49 6
17	93	0.0	1	87 6
18	94	0.0	1	91 3
19	69	0.0	1	62 7
20	91	0.0	1	89 2
21	77	0.0	1	70 7
22	101	0.0	1	90 11
23	82	0.0	1	75 7
24	610	0.0	1	591 19
25	231	0.0	1	219 12
26	71	0.0	1	57 14
27	106	0.0	1	89 17
28	182	0.0	1	164 18
29	91	0.0	1	74 17
30	161	0.0	1	154 7
31	115	0.0	1	105 10
32	134	0.0	1	125 9
33	68	0.0	1	61 7
34	114	0.0	1	98 16
35	282	0.0	1	262 20
36	51	0.0	1	46 5
37	450	0.0	1	428 22
38	23	0.0	1	21 2
39	137	0.0	1	125 12
40	51	0.0	1	48 3
41	88	0.0	1	85 3
42	287	0.0	1	278 9
43	187	0.0	1	175 12
44	73	0.0	1	70 3
45	117	0.0	1	115 2
46	84	0.0	1	77 7
47	118	0.0	1	103 15
48	36	0.0	1	33 3
49	84	0.0	1	75 9
50	36	0.0	1	29 7
51	121	0.0	1	109 12
52	58	0.0	1	52 6
53	66	0.0	1	56 10
54	143	0.0	1	121 22
55	86	0.0	1	77 9
56	46	0.0	1	39 7
57	92	0.0	1	87 5
58	55	0.0	1	54 1
59	116	0.0	1	108 8
60	67	0.0	1	66 1
61	67	0.0	1	65 2
62	44	0.0	1	40 4
63	71	0.0	1	64 7
64	47	0.0	1	41 6
65	73	0.0	1	67 6
66	107	0.0	1	95 12
67	42	0.0	1	32 10
68	94	0.0	1	87 7
69	100	0.0	1	86 14
70	99	0.0	1	86 13
71	151	0.0	1	136 15
72	210	0.0	1	164 46
73	380	0.0	1	295 85
74	644	0.0	1	482 162
75	1241	0.0	1	889 352
76	2850	0.0	1	2447 403
77	2260	0.0	1	1904 356
78	1315	0.0	1	1101 214
79	807	0.0	1	634 173
80	549	0.0	1	447 102
81	394	0.0	1	300 94
82	296	0.0	1	226 70
83	246	0.0	1	172 74
84	193	0.0	1	138 55
85	169	0.0	1	129 40
86	144	0.0	1	104 40
87	145	0.0	1	112 33
88	120	0.0	1	90 30
89	128	0.0	1	101 27
90	99	0.0	1	66 33
91	89	0.0	1	65 24
92	86	0.0	1	64 22
93	110	0.0	1	86 24
94	340	0.0	1	317 23
95	121	0.0	1	86 35
96	155	0.0	1	133 22
97	125	0.0	1	105 20
98	56	0.0	1	46 10
99	56	0.0	1	38 18
100	41	0.0	1	34 7
101	50	0.0	1	39 11
102	48	0.0	1	37 11
103	43	0.0	1	33 10
104	41	0.0	1	27 14
105	87	0.0	1	77 10
106	45	0.0	1	25 20
107	50	0.0	1	41 9
108	48	0.0	1	33 15
109	49	0.0	1	39 10
110	36	0.0	1	26 10
111	71	0.0	1	60 11
112	36	0.0	1	26 10
113	66	0.0	1	52 14
114	50	0.0	1	33 17
115	30	0.0	1	22 8
116	49	0.0	1	31 18
117	72	0.0	1	59 13
118	28	0.0	1	15 13
119	30	0.0	1	23 7
120	24	0.0	1	11 13
121	30	0.0	1	15 15
122	32	0.0	1	19 13
123	59	0.0	1	37 22
124	30	0.0	1	20 10
125	21	0.0	1	9 12
126	35	0.0	1	20 15
127	101	0.0	1	84 17
128	31	0.0	1	16 15
129	31	0.0	1	15 16
130	30	0.0	1	20 10
131	28	0.0	1	19 9
132	27	0.0	1	13 14
133	47	0.0	1	32 15
134	40	0.0	1	23 17
135	36	0.0	1	17 19
136	30	0.0	1	17 13
137	22	0.0	1	8 14
138	25	0.0	1	3 22
139	23	0.0	1	10 13
140	34	0.0	1	16 18
141	63	0.0	1	43 20
142	20	0.0	1	9 11
143	22	0.0	1	12 10
144	21	0.0	1	8 13
145	25	0.0	1	11 14
146	41	0.0	1	33 8
147	46	0.0	1	33 13
148	26	0.0	1	8 18
149	44	0.0	1	20 24
150	31	0.0	1	17 14
151	50	0.0	1	34 16
152	45	0.0	1	28 17
153	57	0.0	1	38 19
154	61	0.0	1	43 18
155	45	0.0	1	30 15
156	81	0.0	1	73 8
157	68	0.0	1	50 18
158	58	0.0	1	39 19
159	58	0.0	1	45 13
160	98	0.0	1	80 18
161	65	0.0	1	50 15
162	73	0.0	1	60 13
163	49	0.0	1	39 10
164	74	0.0	1	60 14
165	25	0.0	1	14 11
166	61	0.0	1	43 18
167	91	0.0	1	70 21
168	65	0.0	1	50 15
169	76	0.0	1	60 16
170	45	0.0	1	32 13
171	27	0.0	1	9 18
172	66	0.0	1	53 13
173	33	0.0	1	24 9
174	40	0.0	1	25 15
175	52	0.0	1	38 14
176	45	0.0	1	33 12
177	28	0.0	1	19 9
178	29	0.0	1	15 14
179	16	0.0	1	13 3
180	39	0.0	1	30 9
181	22	0.0	1	14 8
182	15	0.0	1	8 7
183	23	0.0	1	11 12
184	10	0.0	1	4 6
185	81	0.0	1	73 8
186	14	0.0	1	4 10
187	20	0.0	1	11 9
188	6	0.0	1	4 2
189	16	0.0	1	10 6
190	23	0.0	1	17 6
191	10	0.0	1	7 3
192	27	0.0	1	20 7
193	20	0.0	1	12 8
194	9	0.0	1	3 6
195	8	0.0	1	4 4
196	10	0.0	1	6 4
197	5	0.0	1	3 2
198	13	0.0	1	7 6
199	15	0.0	1	9 6
200	16	0.0	1	12 4
201	9	0.0	1	6 3
202	10	0.0	1	6 4
203	13	0.0	1	7 6
204	8	0.0	1	2 6
205	6	0.0	1	3 3
206	14	0.0	1	8 6
207	15	0.0	1	12 3
208	16	0.0	1	14 2
209	18	0.0	1	14 4
210	17	0.0	1	14 3
211	10	0.0	1	9 1
212	23	0.0	1	14 9
213	12	0.0	1	11 1
214	14	0.0	1	10 4
215	10	0.0	1	8 2
216	4	0.0	1	3 1
217	8	0.0	1	5 3
218	1	0.0	1	0 1
219	7	0.0	1	4 3
220	4	0.0	1	1 3
221	4	0.0	1	3 1
222	3	0.0	1	3
223	3	0.0	1	0 3
224	6	0.0	1	3 3
225	2	0.0	1	1 1
226	3	0.0	1	2 1
227	4	0.0	1	2 2
228	5	0.0	1	1 4
229	5	0.0	1	2 3
230	3	0.0	1	1 2
231	3	0.0	1	1 2
232	2	0.0	1	1 1
234	7	0.0	1	7
235	3	0.0	1	2 1
236	1	0.0	1	0 1
237	3	0.0	1	1 2
239	4	0.0	1	1 3
240	1	0.0	1	0 1
241	5	0.0	1	2 3
242	4	0.0	1	2 2
243	2	0.0	1	0 2
244	5	0.0	1	2 3
245	1	0.0	1	0 1
246	8	0.0	1	1 7
247	9	0.0	1	0 9
248	13	0.0	1	0 13
249	27	0.0	1	0 27
250	64	0.0	1	0 64
251	1043	0.0	1	0 1043

RUN STATISTICS FOR INPUT FILE: SC2274/host_removal/SC2274_R1.fastq.gz
=============================================
694325 sequences processed in total

