
SUMMARISING RUN PARAMETERS
==========================
Input filename: SC2268/host_removal/SC2268_R2.fastq.gz
Trimming mode: paired-end
Trim Galore version: 0.6.4_dev
Cutadapt version: 4.1
Python version: could not detect
Number of cores used for trimming: 2
Quality Phred score cutoff: 20
Quality encoding type selected: ASCII+33
Using Illumina adapter for trimming (count: 14677). Second best hit was Nextera (count: 0)
Adapter sequence: 'AGATCGGAAGAGC' (Illumina TruSeq, Sanger iPCR; auto-detected)
Maximum trimming error rate: 0.1 (default)
Minimum required adapter overlap (stringency): 1 bp
Minimum required sequence length for both reads before a sequence pair gets removed: 20 bp
Running FastQC on the data once trimming has completed
Output file will be GZIP compressed


This is cutadapt 4.1 with Python 3.9.13
Command line parameters: -j 2 -e 0.1 -q 20 -O 1 -a AGATCGGAAGAGC SC2268/host_removal/SC2268_R2.fastq.gz
Processing single-end reads on 2 cores ...
Finished in 32.24 s (47 µs/read; 1.29 M reads/minute).

=== Summary ===

Total reads processed:                 691,005
Reads with adapters:                   236,645 (34.2%)
Reads written (passing filters):       691,005 (100.0%)

Total basepairs processed:   173,442,255 bp
Quality-trimmed:               3,889,930 bp (2.2%)
Total written (filtered):    167,846,607 bp (96.8%)

=== Adapter 1 ===

Sequence: AGATCGGAAGAGC; Type: regular 3'; Length: 13; Trimmed: 236645 times

Minimum overlap: 1
No. of allowed errors:
1-9 bp: 0; 10-13 bp: 1

Bases preceding removed adapters:
  A: 39.4%
  C: 16.9%
  G: 10.3%
  T: 31.2%
  none/other: 2.2%

Overview of removed sequences
length	count	expect	max.err	error counts
1	161013	172751.2	0	161013
2	45817	43187.8	0	45817
3	5191	10797.0	0	5191
4	1602	2699.2	0	1602
5	101	674.8	0	101
6	136	168.7	0	136
7	2866	42.2	0	2866
8	82	10.5	0	82
9	167	2.6	0	167
10	176	0.7	1	161 15
11	49	0.2	1	42 7
12	156	0.0	1	139 17
13	23	0.0	1	17 6
14	148	0.0	1	133 15
15	47	0.0	1	42 5
16	41	0.0	1	37 4
17	97	0.0	1	90 7
18	29	0.0	1	26 3
19	92	0.0	1	87 5
20	79	0.0	1	76 3
21	25	0.0	1	22 3
22	79	0.0	1	74 5
23	118	0.0	1	107 11
24	1046	0.0	1	996 50
25	42	0.0	1	33 9
26	100	0.0	1	90 10
27	104	0.0	1	98 6
28	135	0.0	1	128 7
29	49	0.0	1	48 1
30	171	0.0	1	156 15
31	32	0.0	1	29 3
32	100	0.0	1	90 10
33	51	0.0	1	47 4
34	98	0.0	1	87 11
35	133	0.0	1	119 14
36	178	0.0	1	158 20
37	530	0.0	1	505 25
38	164	0.0	1	149 15
39	260	0.0	1	221 39
40	674	0.0	1	540 134
41	655	0.0	1	539 116
42	877	0.0	1	795 82
43	555	0.0	1	462 93
44	792	0.0	1	661 131
45	636	0.0	1	585 51
46	297	0.0	1	263 34
47	326	0.0	1	300 26
48	207	0.0	1	188 19
49	116	0.0	1	111 5
50	118	0.0	1	95 23
51	113	0.0	1	92 21
52	82	0.0	1	67 15
53	115	0.0	1	89 26
54	236	0.0	1	222 14
55	91	0.0	1	57 34
56	230	0.0	1	161 69
57	412	0.0	1	378 34
58	170	0.0	1	159 11
59	58	0.0	1	38 20
60	95	0.0	1	92 3
61	40	0.0	1	31 9
62	24	0.0	1	19 5
63	31	0.0	1	27 4
64	22	0.0	1	18 4
65	5	0.0	1	3 2
66	9	0.0	1	6 3
67	6	0.0	1	5 1
68	13	0.0	1	10 3
69	12	0.0	1	10 2
70	16	0.0	1	12 4
71	10	0.0	1	9 1
72	22	0.0	1	18 4
73	46	0.0	1	44 2
74	46	0.0	1	38 8
75	42	0.0	1	30 12
76	78	0.0	1	37 41
77	97	0.0	1	48 49
78	210	0.0	1	90 120
79	435	0.0	1	182 253
80	800	0.0	1	383 417
81	830	0.0	1	409 421
82	667	0.0	1	312 355
83	449	0.0	1	215 234
84	303	0.0	1	116 187
85	184	0.0	1	83 101
86	133	0.0	1	45 88
87	129	0.0	1	64 65
88	113	0.0	1	55 58
89	94	0.0	1	46 48
90	74	0.0	1	25 49
91	68	0.0	1	27 41
92	58	0.0	1	31 27
93	84	0.0	1	42 42
94	371	0.0	1	335 36
95	60	0.0	1	43 17
96	71	0.0	1	44 27
97	42	0.0	1	25 17
98	35	0.0	1	19 16
99	25	0.0	1	16 9
100	21	0.0	1	8 13
101	24	0.0	1	12 12
102	25	0.0	1	13 12
103	18	0.0	1	14 4
104	24	0.0	1	8 16
105	34	0.0	1	20 14
106	22	0.0	1	11 11
107	35	0.0	1	16 19
108	24	0.0	1	13 11
109	17	0.0	1	4 13
110	16	0.0	1	7 9
111	28	0.0	1	16 12
112	17	0.0	1	6 11
113	16	0.0	1	5 11
114	21	0.0	1	6 15
115	15	0.0	1	6 9
116	18	0.0	1	9 9
117	30	0.0	1	15 15
118	17	0.0	1	6 11
119	11	0.0	1	5 6
120	18	0.0	1	4 14
121	3	0.0	1	1 2
122	15	0.0	1	6 9
123	21	0.0	1	7 14
124	8	0.0	1	1 7
125	25	0.0	1	12 13
126	10	0.0	1	0 10
127	53	0.0	1	42 11
128	16	0.0	1	7 9
129	24	0.0	1	9 15
130	12	0.0	1	2 10
131	20	0.0	1	10 10
132	21	0.0	1	5 16
133	19	0.0	1	5 14
134	12	0.0	1	3 9
135	18	0.0	1	5 13
136	14	0.0	1	6 8
137	11	0.0	1	0 11
138	14	0.0	1	7 7
139	11	0.0	1	3 8
140	19	0.0	1	7 12
141	23	0.0	1	12 11
142	18	0.0	1	6 12
143	20	0.0	1	10 10
144	12	0.0	1	3 9
145	10	0.0	1	3 7
146	14	0.0	1	3 11
147	28	0.0	1	14 14
148	16	0.0	1	5 11
149	18	0.0	1	6 12
150	17	0.0	1	10 7
151	21	0.0	1	10 11
152	20	0.0	1	11 9
153	12	0.0	1	10 2
154	17	0.0	1	9 8
155	19	0.0	1	11 8
156	28	0.0	1	20 8
157	16	0.0	1	10 6
158	11	0.0	1	4 7
159	21	0.0	1	15 6
160	26	0.0	1	19 7
161	24	0.0	1	17 7
162	17	0.0	1	6 11
163	12	0.0	1	5 7
164	12	0.0	1	7 5
165	12	0.0	1	4 8
166	26	0.0	1	20 6
167	24	0.0	1	16 8
168	8	0.0	1	4 4
169	15	0.0	1	13 2
170	9	0.0	1	6 3
171	9	0.0	1	1 8
172	18	0.0	1	14 4
173	8	0.0	1	6 2
174	17	0.0	1	15 2
175	24	0.0	1	22 2
176	12	0.0	1	9 3
177	17	0.0	1	13 4
178	10	0.0	1	6 4
179	7	0.0	1	4 3
180	10	0.0	1	9 1
181	14	0.0	1	11 3
182	12	0.0	1	4 8
183	3	0.0	1	2 1
184	4	0.0	1	2 2
185	19	0.0	1	17 2
187	6	0.0	1	6
188	9	0.0	1	8 1
189	15	0.0	1	13 2
190	10	0.0	1	9 1
191	9	0.0	1	7 2
192	10	0.0	1	9 1
193	9	0.0	1	8 1
194	8	0.0	1	5 3
195	4	0.0	1	4
196	4	0.0	1	3 1
197	11	0.0	1	8 3
198	9	0.0	1	7 2
199	2	0.0	1	2
200	10	0.0	1	10
201	5	0.0	1	5
202	9	0.0	1	6 3
203	15	0.0	1	14 1
204	2	0.0	1	2
205	1	0.0	1	1
206	10	0.0	1	9 1
207	13	0.0	1	11 2
208	15	0.0	1	12 3
209	11	0.0	1	10 1
210	11	0.0	1	11
211	14	0.0	1	14
212	14	0.0	1	13 1
213	9	0.0	1	9
214	5	0.0	1	4 1
215	3	0.0	1	3
216	4	0.0	1	3 1
217	2	0.0	1	2
218	1	0.0	1	0 1
219	2	0.0	1	2
220	1	0.0	1	1
221	2	0.0	1	2
222	1	0.0	1	1
223	1	0.0	1	1
224	1	0.0	1	1
226	1	0.0	1	1
227	2	0.0	1	1 1
229	1	0.0	1	1
230	2	0.0	1	2
232	2	0.0	1	2
236	1	0.0	1	1
240	1	0.0	1	1
244	1	0.0	1	0 1
245	1	0.0	1	0 1
246	3	0.0	1	0 3
247	3	0.0	1	0 3
248	4	0.0	1	0 4
249	11	0.0	1	0 11
250	28	0.0	1	0 28
251	873	0.0	1	1 872

RUN STATISTICS FOR INPUT FILE: SC2268/host_removal/SC2268_R2.fastq.gz
=============================================
691005 sequences processed in total

Total number of sequences analysed for the sequence pair length validation: 691005

Number of sequence pairs removed because at least one read was shorter than the length cutoff (20 bp): 7436 (1.08%)
