quality	AA	AC	AG	AT	A.	CA	CC	CG	CT	C.	GA	GC	GG	GT	G.	TA	TC	TG	TT	T.	.A	.C	.G	.T	..
0	NA	NA	NA	NA	NA	NA	NA	NA	NA	NA	NA	NA	NA	NA	NA	NA	NA	NA	NA	NA	NA	NA	NA	NA	NA
1	NA	NA	NA	NA	NA	NA	NA	NA	NA	NA	NA	NA	NA	NA	NA	NA	NA	NA	NA	NA	NA	NA	NA	NA	NA
2	NA	NA	NA	NA	NA	NA	NA	NA	NA	NA	NA	NA	NA	NA	NA	NA	NA	NA	NA	NA	NA	NA	NA	NA	NA
3	NA	NA	NA	NA	NA	NA	NA	NA	NA	NA	NA	NA	NA	NA	NA	NA	NA	NA	NA	NA	NA	NA	NA	NA	NA
4	NA	NA	NA	NA	NA	NA	NA	NA	NA	NA	NA	NA	NA	NA	NA	NA	NA	NA	NA	NA	NA	NA	NA	NA	NA
5	NA	NA	NA	NA	NA	NA	NA	NA	NA	NA	NA	NA	NA	NA	NA	NA	NA	NA	NA	NA	NA	NA	NA	NA	NA
6	NA	NA	NA	NA	NA	NA	NA	NA	NA	NA	NA	NA	NA	NA	NA	NA	NA	NA	NA	NA	NA	NA	NA	NA	NA
7	NA	NA	NA	NA	NA	NA	NA	NA	NA	NA	NA	NA	NA	NA	NA	NA	NA	NA	NA	NA	NA	NA	NA	NA	NA
8	NA	NA	NA	NA	NA	NA	NA	NA	NA	NA	NA	NA	NA	NA	NA	NA	NA	NA	NA	NA	NA	NA	NA	NA	NA
9	NA	NA	NA	NA	NA	NA	NA	NA	NA	NA	NA	NA	NA	NA	NA	NA	NA	NA	NA	NA	NA	NA	NA	NA	NA
10	NA	NA	NA	NA	NA	NA	NA	NA	NA	NA	NA	NA	NA	NA	NA	NA	NA	NA	NA	NA	NA	NA	NA	NA	NA
11	0.974237	0.0118256	0.00485693	0.00897477	0.000105585	0.0484882	0.930673	0.0051757	0.0155271	0.000136203	0.0219283	0.00710059	0.93505	0.0357118	0.000208841	0.0259109	0.0137652	0.0263158	0.934008	NA	0.000148681	NA	NA	8.92087e-05	0.999762
12	0.97084	0.0133819	0.00594498	0.00962951	0.00020344	0.0374974	0.942686	0.0059628	0.0136462	0.00020766	0.0130592	0.00553763	0.95061	0.0306554	0.00013801	0.0142716	0.00763035	0.0252579	0.952664	0.000176629	4.26442e-05	1.82761e-05	3.04601e-05	5.48282e-05	0.999854
13	0.966132	0.0157192	0.0067652	0.0112174	0.000166459	0.0299029	0.953362	0.00517818	0.0114094	0.000147193	0.00989799	0.00447029	0.963664	0.0218622	0.000105597	0.0153962	0.00976337	0.0233377	0.951306	0.000197119	4.744e-05	3.11082e-05	2.33312e-05	5.67725e-05	0.999841
14	0.962397	0.0169501	0.00719566	0.0132561	0.000201405	0.0281975	0.95366	0.00484986	0.0131356	0.000157108	0.0175812	0.00662805	0.944118	0.0315263	0.000146723	0.0185044	0.0127441	0.0222172	0.946307	0.000226828	7.5498e-05	4.93641e-05	3.04896e-05	5.95273e-05	0.999785
15	0.978515	0.00784073	0.00496673	0.00858016	9.76603e-05	0.0126577	0.975178	0.00292615	0.00907943	0.000158848	0.0145298	0.00553554	0.955021	0.0248101	0.000103841	0.0265872	0.0157743	0.0257078	0.931681	0.000249696	4.85087e-05	2.42543e-05	2.86642e-05	5.07136e-05	0.999848
16	0.966042	0.0113725	0.00855809	0.0138662	0.00016152	0.0183472	0.96134	0.00458076	0.0156278	0.000104749	0.0165936	0.00724311	0.95277	0.0232682	0.000125077	0.0187071	0.012039	0.018317	0.950686	0.000250748	8.44777e-05	4.18366e-05	3.86184e-05	8.28686e-05	0.999752
17	NA	NA	NA	NA	NA	NA	NA	NA	NA	NA	NA	NA	NA	NA	NA	NA	NA	NA	NA	NA	NA	NA	NA	NA	NA
18	NA	NA	NA	NA	NA	NA	NA	NA	NA	NA	NA	NA	NA	NA	NA	NA	NA	NA	NA	NA	NA	NA	NA	NA	NA
19	NA	NA	NA	NA	NA	NA	NA	NA	NA	NA	NA	NA	NA	NA	NA	NA	NA	NA	NA	NA	NA	NA	NA	NA	NA
20	0.997112	0.000866301	0.000577534	0.00144383	NA	0.00216076	0.995246	0.000864304	0.00172861	NA	0.00158646	0.000528821	0.995946	0.00158646	0.000352547	0.0015829	0.000395726	0.0015829	0.996043	0.000395726	0.00014374	NA	NA	0.00021561	0.999641
21	0.996807	0.00179838	0.000666815	0.000707228	2.02065e-05	0.00228863	0.995923	0.000578734	0.00113116	7.89183e-05	0.0010805	0.000385892	0.99609	0.00239253	5.14522e-05	0.000972941	0.000521722	0.0023971	0.996108	NA	1.52208e-05	5.07359e-06	1.01472e-05	2.02944e-05	0.999949
22	0.996171	0.00203398	0.000857462	0.000797639	0.000139587	0.00407332	0.993984	0.000438665	0.00150399	NA	0.00144061	0.000560239	0.995438	0.00253441	2.6678e-05	0.00149587	0.000485673	0.00371054	0.99423	7.77076e-05	1.75562e-05	1.17041e-05	2.34082e-05	3.51124e-05	0.999912
23	0.997404	0.00119626	0.000534501	0.000801751	6.3631e-05	0.00234847	0.996123	0.000708268	0.000782823	3.72773e-05	0.00139827	0.000453984	0.995751	0.00237888	1.81594e-05	0.00111645	0.000509877	0.00178457	0.996563	2.63729e-05	1.66205e-05	3.3241e-06	2.32687e-05	2.65928e-05	0.99993
24	0.997707	0.000874838	0.00057317	0.000784337	6.03336e-05	0.00201725	0.996369	0.000756468	0.00085733	NA	0.000940222	0.000346397	0.995942	0.00277118	NA	0.000531938	0.000404273	0.00140432	0.997659	NA	3.32923e-05	8.32307e-06	NA	3.32923e-05	0.999925
25	0.997784	0.000881735	0.000565214	0.000678257	9.04343e-05	0.00265054	0.995856	0.000522642	0.000933289	3.73315e-05	0.00367405	0.000970504	0.992063	0.00325812	3.46608e-05	0.00128803	0.000334554	0.00147204	0.996772	0.000133822	3.13366e-05	6.26731e-06	NA	4.38712e-05	0.999919
26	0.997822	0.00110402	0.000328221	0.000656442	8.95148e-05	0.00231117	0.996166	0.000367686	0.00115558	NA	0.00103763	0.000655344	0.995795	0.00251215	NA	0.00042776	0.000387021	0.00103884	0.998024	0.000122217	2.50244e-05	1.66829e-05	8.34147e-06	7.50732e-05	0.999875
27	0.996727	0.000974334	0.000990682	0.00122282	8.5009e-05	0.00121715	0.996741	0.000387628	0.00162545	2.8426e-05	0.0024516	0.00111804	0.991803	0.00459788	2.91857e-05	0.00111057	0.00105669	0.00350652	0.994249	7.7543e-05	3.5957e-05	1.63005e-05	1.19857e-05	2.20536e-05	0.999914
28	0.99831	0.000307255	0.00061451	0.000729731	3.84069e-05	0.000256824	0.996881	0.000220135	0.00260493	3.66892e-05	0.00525212	0.000548729	0.992808	0.00137182	1.95975e-05	0.000611621	0.000475705	0.000747537	0.998165	NA	5.88572e-05	NA	NA	3.36327e-05	0.999908
29	0.999619	NA	NA	NA	0.000380662	NA	0.999436	NA	0.000563698	NA	0.000764234	NA	0.999236	NA	NA	NA	NA	NA	1	NA	NA	NA	NA	NA	1
30	0.998032	0.000550462	0.000722291	0.000658425	3.64947e-05	0.000261013	0.998296	0.000153811	0.00128409	4.66094e-06	0.00145502	0.000362185	0.99728	0.000891853	1.04678e-05	0.000718709	0.000838887	0.000732848	0.997684	2.59207e-05	1.86404e-05	7.05311e-06	4.53414e-06	1.61214e-05	0.999954
31	0.998763	0.000284826	0.000581198	0.000345127	2.566e-05	0.000189613	0.998596	7.03719e-05	0.00113963	3.90955e-06	0.00116325	0.000160063	0.998135	0.000539747	1.8612e-06	0.000366889	0.000548068	0.000739817	0.998307	3.77458e-05	1.7538e-05	6.52577e-06	3.67074e-06	1.59066e-05	0.999956
32	0.99956	0.000170903	0.000151184	9.85979e-05	1.97196e-05	9.00357e-05	0.999577	3.60143e-05	0.000297118	NA	0.000646337	7.18152e-05	0.999013	0.000269307	NA	0.000104456	0.000121866	0.000406219	0.99935	1.74094e-05	5.57319e-06	1.85773e-06	NA	1.85773e-05	0.999974
33	0.999736	0.000124993	6.94406e-05	5.55525e-05	1.38881e-05	9.4292e-05	0.99963	2.69406e-05	0.0002492	NA	0.000512868	3.33031e-05	0.999121	0.000326371	6.66063e-06	4.55182e-05	9.10364e-05	0.00054972	0.999296	1.7507e-05	9.21219e-06	1.31603e-06	5.26411e-06	1.31603e-05	0.999971
34	0.998804	0.000339567	0.000552902	0.000242999	6.05919e-05	0.000117267	0.998882	7.78411e-05	0.000914885	8.08738e-06	0.00102593	0.000162081	0.998446	0.000348693	1.75223e-05	0.000208004	0.00050174	0.000510173	0.998713	6.74609e-05	2.27993e-05	4.48191e-06	4.28705e-06	1.92917e-05	0.999949
35	0.999508	0.000164561	0.000203059	9.13389e-05	3.32141e-05	2.83781e-05	0.999697	1.92565e-05	0.000254389	1.0135e-06	0.000592168	5.60765e-05	0.999122	0.000225428	4.48612e-06	7.49919e-05	0.000237003	0.000486032	0.999155	4.66931e-05	8.71425e-06	3.98366e-06	2.48979e-06	1.04571e-05	0.999974
36	0.999055	0.000253304	0.000474081	0.000167921	4.91971e-05	5.3856e-05	0.999047	5.96958e-05	0.000827954	1.10307e-05	0.000949241	9.11601e-05	0.998801	0.000146444	1.17626e-05	0.000146806	0.000423571	0.000300832	0.999077	5.19837e-05	1.80028e-05	4.5007e-06	4.88647e-06	1.77456e-05	0.999955
37	0.999131	0.000203224	0.000472977	0.00014917	4.36594e-05	4.6827e-05	0.999292	4.1318e-05	0.000617015	2.75453e-06	0.000613995	6.59142e-05	0.999208	0.000105643	6.32054e-06	0.000102836	0.000392874	0.000333968	0.999118	5.19173e-05	1.58436e-05	3.92007e-06	3.92007e-06	1.76403e-05	0.999959
38	0.99914	0.000235806	0.000462424	0.000118822	4.28738e-05	3.18596e-05	0.999283	3.13618e-05	0.000649637	3.98245e-06	0.000749543	6.19417e-05	0.999091	8.64303e-05	1.1524e-05	9.92925e-05	0.00039055	0.000281801	0.999163	6.49341e-05	1.7194e-05	6.26963e-06	3.89477e-06	1.7479e-05	0.999955
39	0.999112	0.000237992	0.00050395	9.693e-05	4.88645e-05	2.74831e-05	0.999227	2.85124e-05	0.000709929	7.20531e-06	0.000753058	3.85181e-05	0.99916	4.12554e-05	7.52765e-06	9.0501e-05	0.000408164	0.000242294	0.999207	5.1673e-05	1.92107e-05	6.1219e-06	3.62432e-06	1.75207e-05	0.999954
40	0.999067	0.00025447	0.000553466	7.23434e-05	5.26902e-05	2.28197e-05	0.999123	2.46506e-05	0.000821507	7.94892e-06	0.000813876	3.51465e-05	0.999114	2.56594e-05	1.16991e-05	8.62757e-05	0.000501354	0.000210565	0.99916	4.18929e-05	2.3497e-05	7.64704e-06	4.04316e-06	1.88083e-05	0.999946
