quality	AA	AC	AG	AT	A.	CA	CC	CG	CT	C.	GA	GC	GG	GT	G.	TA	TC	TG	TT	T.	.A	.C	.G	.T	..
0	NA	NA	NA	NA	NA	NA	NA	NA	NA	NA	NA	NA	NA	NA	NA	NA	NA	NA	NA	NA	NA	NA	NA	NA	NA
1	NA	NA	NA	NA	NA	NA	NA	NA	NA	NA	NA	NA	NA	NA	NA	NA	NA	NA	NA	NA	NA	NA	NA	NA	NA
2	NA	NA	NA	NA	NA	NA	NA	NA	NA	NA	NA	NA	NA	NA	NA	NA	NA	NA	NA	NA	NA	NA	NA	NA	NA
3	NA	NA	NA	NA	NA	NA	NA	NA	NA	NA	NA	NA	NA	NA	NA	NA	NA	NA	NA	NA	NA	NA	NA	NA	NA
4	NA	NA	NA	NA	NA	NA	NA	NA	NA	NA	NA	NA	NA	NA	NA	NA	NA	NA	NA	NA	NA	NA	NA	NA	NA
5	NA	NA	NA	NA	NA	NA	NA	NA	NA	NA	NA	NA	NA	NA	NA	NA	NA	NA	NA	NA	NA	NA	NA	NA	NA
6	NA	NA	NA	NA	NA	NA	NA	NA	NA	NA	NA	NA	NA	NA	NA	NA	NA	NA	NA	NA	NA	NA	NA	NA	NA
7	NA	NA	NA	NA	NA	NA	NA	NA	NA	NA	NA	NA	NA	NA	NA	NA	NA	NA	NA	NA	NA	NA	NA	NA	NA
8	NA	NA	NA	NA	NA	NA	NA	NA	NA	NA	NA	NA	NA	NA	NA	NA	NA	NA	NA	NA	NA	NA	NA	NA	NA
9	NA	NA	NA	NA	NA	NA	NA	NA	NA	NA	NA	NA	NA	NA	NA	NA	NA	NA	NA	NA	NA	NA	NA	NA	NA
10	NA	NA	NA	NA	NA	NA	NA	NA	NA	NA	NA	NA	NA	NA	NA	NA	NA	NA	NA	NA	NA	NA	NA	NA	NA
11	0.980955	0.0100667	0.00231261	0.00639369	0.000272072	0.0553772	0.92175	0.00581862	0.0168539	0.000200642	0.022819	0.00863931	0.932012	0.0362475	0.000281717	0.0328185	0.0109395	0.0341055	0.922136	NA	NA	8.15794e-05	8.15794e-05	4.07897e-05	0.999796
12	0.972739	0.0126755	0.00630743	0.00812688	0.000151621	0.0363606	0.947153	0.0045864	0.0117346	0.000165276	0.0124771	0.00504057	0.951922	0.0304695	9.04139e-05	0.0145754	0.00959593	0.0258312	0.949842	0.00015561	3.31499e-05	8.28748e-06	8.28748e-06	4.97249e-05	0.999901
13	0.964623	0.016746	0.00719297	0.0113384	9.91897e-05	0.0286795	0.953363	0.00548544	0.0123629	0.000108674	0.00912965	0.0044275	0.964367	0.0219718	0.000104177	0.0146535	0.0104173	0.0241809	0.950615	0.000132884	3.70414e-05	2.43415e-05	2.64582e-05	3.70414e-05	0.999875
14	0.96255	0.0173135	0.0073986	0.0126002	0.000137707	0.0279892	0.953165	0.00482247	0.0138244	0.000198572	0.0168828	0.00747373	0.943162	0.0322762	0.000205126	0.0186213	0.0125299	0.0213484	0.947339	0.000161363	6.58156e-05	2.19385e-05	2.59274e-05	7.57876e-05	0.999811
15	0.977838	0.00830955	0.00454655	0.00922854	7.73881e-05	0.0119873	0.975981	0.00269353	0.00924926	8.90422e-05	0.0143408	0.00520782	0.956071	0.0241815	0.000199025	0.0225401	0.018566	0.0250125	0.933775	0.000106178	5.75435e-05	3.02861e-05	1.5143e-05	6.05721e-05	0.999836
16	0.965092	0.0112672	0.00952797	0.013986	0.000127177	0.018247	0.961	0.00484991	0.0157692	0.000133637	0.0166287	0.00747072	0.951467	0.0242533	0.000180401	0.0169486	0.0120492	0.0180802	0.952774	0.000148337	9.28012e-05	5.03139e-05	4.58416e-05	7.15576e-05	0.999739
17	NA	NA	NA	NA	NA	NA	NA	NA	NA	NA	NA	NA	NA	NA	NA	NA	NA	NA	NA	NA	NA	NA	NA	NA	NA
18	NA	NA	NA	NA	NA	NA	NA	NA	NA	NA	NA	NA	NA	NA	NA	NA	NA	NA	NA	NA	NA	NA	NA	NA	NA
19	NA	NA	NA	NA	NA	NA	NA	NA	NA	NA	NA	NA	NA	NA	NA	NA	NA	NA	NA	NA	NA	NA	NA	NA	NA
20	0.99891	0.00109012	NA	NA	NA	0.00406268	0.994777	NA	0.00116077	NA	0.00228253	0.00101446	0.99442	0.00228253	NA	0.00176471	0.000588235	0.00235294	0.994706	0.000588235	NA	NA	NA	NA	1
21	0.996428	0.00238135	0.000526112	0.000664562	NA	0.00214796	0.996549	0.000457763	0.000809888	3.52125e-05	0.00106153	0.000376674	0.996439	0.00212307	NA	0.00121565	0.000482402	0.00191031	0.996353	3.85922e-05	1.37586e-05	1.37586e-05	6.87928e-06	1.37586e-05	0.999952
22	0.996417	0.00196904	0.000847782	0.000765739	NA	0.00436943	0.993489	0.000428376	0.00162783	8.56751e-05	0.00145752	0.000533239	0.994668	0.00323498	0.000106648	0.00157075	0.001442	0.00347625	0.99346	5.14999e-05	7.88333e-06	7.88333e-06	2.365e-05	4.73e-05	0.999913
23	0.996608	0.00129393	0.00131142	0.00075188	3.49711e-05	0.00221389	0.995849	0.00083021	0.00110695	NA	0.00149089	0.000553071	0.995311	0.00264512	NA	0.00117282	0.000770033	0.0021087	0.995913	3.554e-05	1.3468e-05	4.48932e-06	8.97864e-06	8.97864e-06	0.999964
24	0.997585	0.00118649	0.000550871	0.000677995	NA	0.00219946	0.995739	0.000687332	0.00137466	NA	0.00130191	0.000390574	0.995899	0.00240854	NA	0.000613425	0.00040895	0.00140211	0.997576	NA	NA	NA	NA	2.2799e-05	0.999977
25	0.996615	0.00112828	0.0012223	0.00103426	NA	0.00218204	0.994597	0.00150665	0.00171446	NA	0.00138863	0.000648028	0.995279	0.00254582	0.000138863	0.00139038	0.000650341	0.00181647	0.996098	4.48511e-05	5.96618e-05	8.52311e-06	3.40925e-05	5.11387e-05	0.999847
26	0.997281	0.000741656	0.00123609	0.000700453	4.12031e-05	0.00151199	0.996904	0.000647995	0.000935993	NA	0.00134459	0.000672294	0.99492	0.00306267	NA	0.000379209	0.000758417	0.00140849	0.997427	2.70863e-05	3.39205e-05	1.13068e-05	2.26137e-05	3.39205e-05	0.999898
27	0.996538	0.000895286	0.00129472	0.0012511	2.06604e-05	0.00120772	0.996836	0.000390628	0.00153026	3.58374e-05	0.00239986	0.00125824	0.991978	0.00431483	4.91019e-05	0.000943178	0.00117764	0.00343878	0.994384	5.68394e-05	2.50374e-05	1.58131e-05	1.31776e-05	3.36028e-05	0.999912
28	0.998525	0.000737735	0.000316172	0.000263477	0.000158086	0.000483887	0.998452	0.000145166	0.000919384	NA	0.00257219	0.000556867	0.995306	0.00153801	2.65175e-05	0.000862647	0.00105435	0.00105435	0.996933	9.58497e-05	2.27871e-05	2.27871e-05	1.13935e-05	7.97548e-05	0.999863
29	1	NA	NA	NA	NA	NA	1	NA	NA	NA	0.000514668	0.000257334	0.999228	NA	NA	0.00163666	NA	0.00163666	0.996727	NA	NA	NA	NA	NA	1
30	0.997415	0.000600932	0.00130925	0.000654623	2.06506e-05	0.000322571	0.998036	0.000332059	0.00129977	9.4874e-06	0.00146605	0.000468677	0.997168	0.000894488	2.85779e-06	0.00067102	0.00115261	0.000658178	0.997483	3.53169e-05	1.50774e-05	8.9094e-06	3.42669e-06	1.50774e-05	0.999958
31	0.998394	0.000397211	0.000917998	0.00027893	1.23577e-05	0.000246743	0.998681	0.000172455	0.000891457	7.95944e-06	0.000987678	0.000302143	0.998116	0.000586513	7.61706e-06	0.000313048	0.000735865	0.00065862	0.99828	1.21967e-05	1.77875e-05	7.22618e-06	3.89102e-06	1.61199e-05	0.999955
32	0.998455	0.000719759	0.000737314	7.8998e-05	8.77755e-06	0.000139618	0.999139	0.000349044	0.000372314	NA	0.000313544	6.02969e-05	0.999397	0.000229128	NA	7.75254e-05	0.000542678	0.000410885	0.998953	1.55051e-05	1.72812e-05	NA	NA	1.23437e-05	0.99997
33	0.998625	0.00057757	0.000721963	7.53352e-05	NA	8.11842e-05	0.999405	0.000297675	0.000216491	NA	0.000268591	1.79061e-05	0.99949	0.000223826	NA	3.68987e-05	0.000396661	0.000530418	0.999031	4.61233e-06	1.05687e-05	1.76145e-06	NA	8.80727e-06	0.999979
34	0.998556	0.000282542	0.000942672	0.00019441	2.41932e-05	0.000183855	0.998992	0.000115252	0.000692886	1.64646e-05	0.000884537	0.000255109	0.998469	0.000379087	1.1921e-05	0.000211976	0.000657792	0.000414447	0.998691	2.47147e-05	1.93474e-05	7.68594e-06	7.4209e-06	2.12026e-05	0.999944
35	0.999503	6.68668e-05	0.000374859	4.15385e-05	1.41839e-05	2.87702e-05	0.999755	2.05501e-05	0.000190431	5.48003e-06	0.000387524	9.80298e-05	0.999256	0.000255796	3.06343e-06	5.93347e-05	0.00029181	0.000435769	0.999198	1.45905e-05	6.76985e-06	2.03096e-06	4.7389e-06	1.21857e-05	0.999974
36	0.998652	0.000278901	0.000922817	0.000130561	1.61118e-05	9.7581e-05	0.999178	0.000153844	0.000550322	2.02195e-05	0.00061523	0.000141423	0.999017	0.000220524	5.593e-06	0.000152823	0.000713391	0.00029329	0.998829	1.17056e-05	2.23551e-05	7.85921e-06	5.23948e-06	1.43212e-05	0.99995
37	0.998795	0.000260448	0.000827598	0.000100336	1.70785e-05	0.000120719	0.99921	0.000136898	0.000517723	1.49343e-05	0.000512926	0.000201726	0.999101	0.000175895	8.61027e-06	8.76452e-05	0.000560929	0.000252148	0.999091	8.76452e-06	1.9315e-05	7.99243e-06	5.5503e-06	1.8205e-05	0.999949
38	0.998804	0.000195423	0.000911836	6.73586e-05	2.16213e-05	8.8304e-05	0.999299	0.000124428	0.000476975	1.13725e-05	0.000535378	0.00013726	0.999184	0.000132706	1.04083e-05	6.92314e-05	0.000596749	0.000232754	0.999086	1.52904e-05	1.5147e-05	6.93166e-06	4.62111e-06	1.59171e-05	0.999957
39	0.998846	0.000193209	0.00089003	4.83649e-05	2.26371e-05	9.31642e-05	0.999299	0.000124821	0.000470125	1.3329e-05	0.000508755	0.000133195	0.999238	0.00010917	1.09566e-05	6.02078e-05	0.000584481	0.000196958	0.999141	1.75179e-05	1.7886e-05	7.81404e-06	4.16072e-06	1.6034e-05	0.999954
40	0.998896	0.000104493	0.000930043	4.13187e-05	2.82521e-05	0.000103015	0.99927	7.92378e-05	0.000534121	1.38951e-05	0.000650673	9.82123e-05	0.999095	0.000142097	1.42758e-05	6.05648e-05	0.00047405	0.000182586	0.999267	1.55871e-05	2.40468e-05	9.845e-06	5.44003e-06	1.88355e-05	0.999942
