
SUMMARISING RUN PARAMETERS
==========================
Input filename: SC2184/host_removal/SC2184_R1.fastq.gz
Trimming mode: paired-end
Trim Galore version: 0.6.4_dev
Cutadapt version: 4.1
Python version: could not detect
Number of cores used for trimming: 2
Quality Phred score cutoff: 20
Quality encoding type selected: ASCII+33
Using Illumina adapter for trimming (count: 10428). Second best hit was Nextera (count: 0)
Adapter sequence: 'AGATCGGAAGAGC' (Illumina TruSeq, Sanger iPCR; auto-detected)
Maximum trimming error rate: 0.1 (default)
Minimum required adapter overlap (stringency): 1 bp
Minimum required sequence length for both reads before a sequence pair gets removed: 20 bp
Running FastQC on the data once trimming has completed
Output file will be GZIP compressed


This is cutadapt 4.1 with Python 3.9.13
Command line parameters: -j 2 -e 0.1 -q 20 -O 1 -a AGATCGGAAGAGC SC2184/host_removal/SC2184_R1.fastq.gz
Processing single-end reads on 2 cores ...
Finished in 19.16 s (32 µs/read; 1.88 M reads/minute).

=== Summary ===

Total reads processed:                 601,002
Reads with adapters:                   239,215 (39.8%)
Reads written (passing filters):       601,002 (100.0%)

Total basepairs processed:   150,851,502 bp
Quality-trimmed:               2,835,803 bp (1.9%)
Total written (filtered):    146,804,483 bp (97.3%)

=== Adapter 1 ===

Sequence: AGATCGGAAGAGC; Type: regular 3'; Length: 13; Trimmed: 239215 times

Minimum overlap: 1
No. of allowed errors:
1-9 bp: 0; 10-13 bp: 1

Bases preceding removed adapters:
  A: 38.7%
  C: 12.7%
  G: 7.2%
  T: 41.1%
  none/other: 0.3%

Overview of removed sequences
length	count	expect	max.err	error counts
1	153810	150250.5	0	153810
2	58171	37562.6	0	58171
3	3755	9390.7	0	3755
4	1553	2347.7	0	1553
5	177	586.9	0	177
6	206	146.7	0	206
7	8716	36.7	0	8716
8	192	9.2	0	192
9	284	2.3	0	283 1
10	130	0.6	1	121 9
11	56	0.1	1	47 9
12	72	0.0	1	63 9
13	38	0.0	1	25 13
14	27	0.0	1	20 7
15	49	0.0	1	37 12
16	34	0.0	1	24 10
17	32	0.0	1	22 10
18	32	0.0	1	25 7
19	33	0.0	1	30 3
20	46	0.0	1	38 8
21	38	0.0	1	29 9
22	33	0.0	1	25 8
23	41	0.0	1	29 12
24	263	0.0	1	230 33
25	111	0.0	1	75 36
26	36	0.0	1	23 13
27	81	0.0	1	42 39
28	199	0.0	1	169 30
29	111	0.0	1	80 31
30	75	0.0	1	58 17
31	61	0.0	1	42 19
32	66	0.0	1	45 21
33	37	0.0	1	21 16
34	103	0.0	1	77 26
35	114	0.0	1	97 17
36	1096	0.0	1	1060 36
37	763	0.0	1	725 38
38	86	0.0	1	68 18
39	90	0.0	1	82 8
40	42	0.0	1	30 12
41	59	0.0	1	48 11
42	60	0.0	1	47 13
43	110	0.0	1	91 19
44	39	0.0	1	29 10
45	38	0.0	1	25 13
46	31	0.0	1	23 8
47	79	0.0	1	51 28
48	41	0.0	1	30 11
49	65	0.0	1	53 12
50	24	0.0	1	19 5
51	41	0.0	1	35 6
52	56	0.0	1	40 16
53	68	0.0	1	45 23
54	138	0.0	1	90 48
55	62	0.0	1	46 16
56	43	0.0	1	33 10
57	57	0.0	1	50 7
58	35	0.0	1	33 2
59	31	0.0	1	26 5
60	63	0.0	1	60 3
61	55	0.0	1	51 4
62	44	0.0	1	37 7
63	96	0.0	1	91 5
64	41	0.0	1	35 6
65	36	0.0	1	30 6
66	72	0.0	1	57 15
67	39	0.0	1	30 9
68	62	0.0	1	44 18
69	88	0.0	1	71 17
70	73	0.0	1	58 15
71	76	0.0	1	68 8
72	141	0.0	1	122 19
73	234	0.0	1	193 41
74	295	0.0	1	245 50
75	529	0.0	1	444 85
76	1180	0.0	1	1070 110
77	853	0.0	1	791 62
78	425	0.0	1	373 52
79	198	0.0	1	169 29
80	128	0.0	1	107 21
81	61	0.0	1	48 13
82	78	0.0	1	66 12
83	54	0.0	1	39 15
84	49	0.0	1	36 13
85	49	0.0	1	37 12
86	60	0.0	1	48 12
87	47	0.0	1	29 18
88	38	0.0	1	35 3
89	34	0.0	1	26 8
90	33	0.0	1	25 8
91	26	0.0	1	21 5
92	29	0.0	1	24 5
93	48	0.0	1	46 2
94	452	0.0	1	430 22
95	62	0.0	1	51 11
96	39	0.0	1	27 12
97	18	0.0	1	14 4
98	16	0.0	1	13 3
99	20	0.0	1	15 5
100	7	0.0	1	4 3
101	10	0.0	1	8 2
102	20	0.0	1	17 3
103	28	0.0	1	23 5
104	12	0.0	1	7 5
105	15	0.0	1	10 5
106	14	0.0	1	12 2
107	25	0.0	1	18 7
108	14	0.0	1	13 1
109	13	0.0	1	13
110	14	0.0	1	12 2
111	29	0.0	1	20 9
112	24	0.0	1	15 9
113	32	0.0	1	26 6
114	33	0.0	1	26 7
115	17	0.0	1	15 2
116	28	0.0	1	24 4
117	11	0.0	1	8 3
118	6	0.0	1	5 1
119	10	0.0	1	7 3
120	9	0.0	1	6 3
121	5	0.0	1	3 2
122	8	0.0	1	5 3
123	7	0.0	1	4 3
124	7	0.0	1	5 2
125	11	0.0	1	6 5
126	6	0.0	1	3 3
127	19	0.0	1	12 7
128	13	0.0	1	11 2
129	16	0.0	1	12 4
130	5	0.0	1	2 3
131	5	0.0	1	3 2
132	9	0.0	1	7 2
133	12	0.0	1	9 3
134	19	0.0	1	15 4
135	14	0.0	1	9 5
136	15	0.0	1	12 3
137	11	0.0	1	8 3
138	7	0.0	1	4 3
139	6	0.0	1	5 1
140	9	0.0	1	7 2
141	8	0.0	1	6 2
142	6	0.0	1	4 2
143	5	0.0	1	2 3
144	2	0.0	1	2
145	4	0.0	1	3 1
146	10	0.0	1	6 4
147	21	0.0	1	15 6
148	21	0.0	1	20 1
149	10	0.0	1	8 2
150	12	0.0	1	8 4
151	7	0.0	1	7
152	8	0.0	1	2 6
153	12	0.0	1	6 6
154	20	0.0	1	16 4
155	12	0.0	1	12
156	11	0.0	1	10 1
157	2	0.0	1	2
158	7	0.0	1	7
159	5	0.0	1	4 1
160	6	0.0	1	4 2
161	5	0.0	1	1 4
162	3	0.0	1	0 3
163	4	0.0	1	3 1
164	4	0.0	1	2 2
165	6	0.0	1	3 3
166	5	0.0	1	4 1
167	12	0.0	1	9 3
168	5	0.0	1	3 2
169	5	0.0	1	3 2
170	8	0.0	1	5 3
171	5	0.0	1	2 3
172	2	0.0	1	1 1
173	3	0.0	1	0 3
174	5	0.0	1	3 2
175	7	0.0	1	5 2
176	6	0.0	1	5 1
177	3	0.0	1	2 1
178	5	0.0	1	3 2
179	4	0.0	1	0 4
180	5	0.0	1	1 4
181	3	0.0	1	2 1
182	3	0.0	1	3
183	4	0.0	1	3 1
184	4	0.0	1	2 2
185	2	0.0	1	1 1
186	3	0.0	1	1 2
187	4	0.0	1	2 2
188	9	0.0	1	7 2
189	9	0.0	1	6 3
190	4	0.0	1	4
191	8	0.0	1	7 1
192	6	0.0	1	6
193	4	0.0	1	4
194	6	0.0	1	6
195	6	0.0	1	4 2
196	4	0.0	1	4
197	6	0.0	1	5 1
198	5	0.0	1	4 1
199	4	0.0	1	4
200	4	0.0	1	2 2
201	2	0.0	1	2
202	6	0.0	1	6
203	13	0.0	1	12 1
204	5	0.0	1	3 2
205	16	0.0	1	14 2
206	15	0.0	1	13 2
207	10	0.0	1	8 2
208	10	0.0	1	9 1
209	17	0.0	1	15 2
210	11	0.0	1	11
211	10	0.0	1	10
212	6	0.0	1	5 1
213	10	0.0	1	10
214	5	0.0	1	5
215	13	0.0	1	13
216	4	0.0	1	3 1
217	6	0.0	1	5 1
218	1	0.0	1	1
220	1	0.0	1	0 1
221	1	0.0	1	1
223	1	0.0	1	1
224	3	0.0	1	1 2
227	3	0.0	1	1 2
228	2	0.0	1	2
232	1	0.0	1	0 1
238	2	0.0	1	0 2
244	1	0.0	1	1
247	3	0.0	1	0 3
248	2	0.0	1	0 2
249	7	0.0	1	0 7
250	13	0.0	1	0 13
251	174	0.0	1	0 174

RUN STATISTICS FOR INPUT FILE: SC2184/host_removal/SC2184_R1.fastq.gz
=============================================
601002 sequences processed in total

