quality	AA	AC	AG	AT	A.	CA	CC	CG	CT	C.	GA	GC	GG	GT	G.	TA	TC	TG	TT	T.	.A	.C	.G	.T	..
0	NA	NA	NA	NA	NA	NA	NA	NA	NA	NA	NA	NA	NA	NA	NA	NA	NA	NA	NA	NA	NA	NA	NA	NA	NA
1	NA	NA	NA	NA	NA	NA	NA	NA	NA	NA	NA	NA	NA	NA	NA	NA	NA	NA	NA	NA	NA	NA	NA	NA	NA
2	NA	NA	NA	NA	NA	NA	NA	NA	NA	NA	NA	NA	NA	NA	NA	NA	NA	NA	NA	NA	NA	NA	NA	NA	NA
3	NA	NA	NA	NA	NA	NA	NA	NA	NA	NA	NA	NA	NA	NA	NA	NA	NA	NA	NA	NA	NA	NA	NA	NA	NA
4	NA	NA	NA	NA	NA	NA	NA	NA	NA	NA	NA	NA	NA	NA	NA	NA	NA	NA	NA	NA	NA	NA	NA	NA	NA
5	NA	NA	NA	NA	NA	NA	NA	NA	NA	NA	NA	NA	NA	NA	NA	NA	NA	NA	NA	NA	NA	NA	NA	NA	NA
6	NA	NA	NA	NA	NA	NA	NA	NA	NA	NA	NA	NA	NA	NA	NA	NA	NA	NA	NA	NA	NA	NA	NA	NA	NA
7	NA	NA	NA	NA	NA	NA	NA	NA	NA	NA	NA	NA	NA	NA	NA	NA	NA	NA	NA	NA	NA	NA	NA	NA	NA
8	NA	NA	NA	NA	NA	NA	NA	NA	NA	NA	NA	NA	NA	NA	NA	NA	NA	NA	NA	NA	NA	NA	NA	NA	NA
9	NA	NA	NA	NA	NA	NA	NA	NA	NA	NA	NA	NA	NA	NA	NA	NA	NA	NA	NA	NA	NA	NA	NA	NA	NA
10	NA	NA	NA	NA	NA	NA	NA	NA	NA	NA	NA	NA	NA	NA	NA	NA	NA	NA	NA	NA	NA	NA	NA	NA	NA
11	0.974714	0.012035	0.00340384	0.00936056	0.000486263	0.0576577	0.918559	0.00738739	0.016036	0.00036036	0.0191242	0.00710327	0.936773	0.0369214	7.80579e-05	0.0232441	0.00808489	0.0212228	0.947448	NA	7.00378e-05	NA	3.50189e-05	NA	0.999895
12	0.970117	0.0140493	0.00701191	0.00872026	0.000101991	0.0352753	0.948267	0.00604125	0.0102423	0.000173599	0.012336	0.00546365	0.952407	0.029736	5.71113e-05	0.0147691	0.00765045	0.0288426	0.948697	4.09115e-05	6.89869e-05	NA	2.75948e-05	4.82908e-05	0.999855
13	0.964886	0.0167681	0.00680514	0.01145	9.04027e-05	0.0293228	0.953867	0.00503006	0.0115908	0.000189031	0.00879665	0.00455074	0.964387	0.022144	0.000121934	0.0144088	0.0111884	0.0235462	0.950654	0.000202889	5.2984e-05	3.0827e-05	3.17904e-05	6.26174e-05	0.999822
14	0.961274	0.0175186	0.00731399	0.0137363	0.000157353	0.0290635	0.953072	0.00475002	0.0130105	0.000104015	0.0172373	0.00698052	0.94218	0.0334044	0.000197562	0.0172673	0.0125655	0.0227279	0.947171	0.000267825	7.92446e-05	4.79153e-05	4.23866e-05	5.71298e-05	0.999773
15	0.977634	0.00880994	0.0048984	0.00853183	0.0001256	0.0119688	0.975979	0.0028125	0.00913542	0.000104167	0.0140623	0.00606079	0.953527	0.0262358	0.000114159	0.0226188	0.0155723	0.0236004	0.938074	0.000134475	5.60837e-05	1.96293e-05	2.52377e-05	3.92586e-05	0.99986
16	0.96563	0.0113612	0.00875512	0.0141136	0.0001399	0.0178111	0.962215	0.00441481	0.0153812	0.000178059	0.0166145	0.00755935	0.951552	0.0241386	0.000135978	0.016892	0.0121708	0.0185354	0.952261	0.000140633	0.000107917	4.86682e-05	4.97262e-05	6.45383e-05	0.999729
17	NA	NA	NA	NA	NA	NA	NA	NA	NA	NA	NA	NA	NA	NA	NA	NA	NA	NA	NA	NA	NA	NA	NA	NA	NA
18	NA	NA	NA	NA	NA	NA	NA	NA	NA	NA	NA	NA	NA	NA	NA	NA	NA	NA	NA	NA	NA	NA	NA	NA	NA
19	NA	NA	NA	NA	NA	NA	NA	NA	NA	NA	NA	NA	NA	NA	NA	NA	NA	NA	NA	NA	NA	NA	NA	NA	NA
20	0.998689	0.000983607	0.000327869	NA	NA	0.00388538	0.994172	NA	0.00145702	0.000485673	0.000734619	0.000550964	0.997245	0.00146924	NA	0.00178731	0.000446828	0.00402145	0.993744	NA	NA	7.82044e-05	NA	NA	0.999922
21	0.997636	0.0012333	0.0004111	0.000693731	2.56937e-05	0.00318482	0.995515	0.000454974	0.000844951	NA	0.000925041	0.000339182	0.996362	0.00234344	3.08347e-05	0.00107972	0.00233645	0.00231875	0.99423	3.54007e-05	1.26138e-05	1.26138e-05	6.30692e-06	1.26138e-05	0.999956
22	0.996786	0.00175756	0.000451943	0.000903887	0.000100432	0.00380623	0.993541	0.000845829	0.001807	NA	0.00141003	0.000512738	0.995321	0.00275597	NA	0.00167972	0.00125387	0.00340675	0.993589	7.0974e-05	2.15376e-05	1.43584e-05	1.43584e-05	3.58961e-05	0.999914
23	0.996744	0.00192155	0.00053994	0.000778148	1.58806e-05	0.00159293	0.9965	0.00071794	0.00118909	NA	0.00109147	0.000587717	0.996012	0.00230889	NA	0.00118397	0.00125864	0.00183463	0.995701	2.13329e-05	2.41098e-05	1.60732e-05	1.20549e-05	3.61648e-05	0.999912
24	0.99795	0.00108551	0.000402042	0.000522655	4.02042e-05	0.00199377	0.996449	0.000809969	0.000685358	6.23053e-05	0.000771697	0.000356168	0.996676	0.00219637	NA	0.000544974	0.00220714	0.00198916	0.995041	0.00021799	2.11781e-05	2.11781e-05	1.05891e-05	3.17672e-05	0.999915
25	0.996279	0.00222132	0.000576967	0.000865451	5.76967e-05	0.00211514	0.996092	0.000551775	0.00124149	NA	0.00159942	0.00063977	0.994122	0.0035987	3.99856e-05	0.00115677	0.00109589	0.00131913	0.996388	4.05885e-05	1.5306e-05	1.5306e-05	3.06119e-05	6.12239e-05	0.999878
26	0.997149	0.00133029	0.000532117	0.000912201	7.60167e-05	0.00165069	0.996445	0.000507904	0.00139674	NA	0.00169779	0.000718297	0.994776	0.00274259	6.52997e-05	0.000442467	0.000909515	0.00122907	0.997345	7.37445e-05	3.06044e-05	2.0403e-05	4.08059e-05	7.14104e-05	0.999837
27	0.996465	0.00115057	0.00121838	0.00112432	4.15605e-05	0.00119542	0.996852	0.000375035	0.00155372	2.34397e-05	0.0025755	0.00128345	0.99144	0.00467829	2.29188e-05	0.00103241	0.0011818	0.00349393	0.994214	7.80118e-05	4.34151e-05	1.73661e-05	1.24043e-05	2.54289e-05	0.999901
28	0.997427	0.00103805	0.000947782	0.000586722	NA	0.000211945	0.998559	0.000211945	0.00101734	NA	0.0025562	0.000740581	0.995294	0.0013856	2.38897e-05	0.000500375	0.000750563	0.000333584	0.998415	NA	1.00417e-05	NA	NA	1.00417e-05	0.99998
29	0.999083	NA	NA	NA	0.000917431	NA	1	NA	NA	NA	0.000601082	NA	0.999199	0.000200361	NA	NA	0.0010846	NA	0.998915	NA	NA	NA	NA	NA	1
30	0.997886	0.00063511	0.000872801	0.000576163	3.04244e-05	0.000294943	0.998242	0.000157494	0.0013029	2.86352e-06	0.00147125	0.000459764	0.997191	0.000864356	1.31361e-05	0.000621478	0.00137613	0.000988446	0.996973	4.14319e-05	2.3259e-05	8.17209e-06	3.14311e-06	2.3259e-05	0.999942
31	0.998479	0.000495985	0.000726791	0.000271728	2.61907e-05	0.0002034	0.998897	8.08699e-05	0.000808699	9.80241e-06	0.000914326	0.000249574	0.998239	0.000590114	6.99739e-06	0.000288483	0.000983465	0.000829857	0.997861	3.74653e-05	2.66817e-05	9.74907e-06	7.18353e-06	1.79588e-05	0.999938
32	0.999308	0.0005394	8.05075e-05	6.4406e-05	8.05075e-06	0.000183641	0.999471	2.16048e-05	0.00031327	1.08024e-05	0.000268566	5.37132e-05	0.999312	0.00036525	NA	9.87773e-05	0.00131233	0.000232832	0.998335	2.11666e-05	8.99647e-06	NA	1.57438e-05	3.59859e-05	0.999939
33	0.999302	0.000478715	0.000121121	9.22823e-05	5.76764e-06	0.000115215	0.999663	2.46889e-05	0.000197511	NA	0.000286656	5.57387e-05	0.999196	0.000461835	NA	7.53356e-05	0.001197	0.000422716	0.998288	1.67412e-05	7.98022e-06	1.59604e-06	3.19209e-06	3.03248e-05	0.999957
34	0.998577	0.000433083	0.000754872	0.000203235	3.22595e-05	0.00011491	0.998989	6.06117e-05	0.000829623	6.31372e-06	0.000774882	0.000280977	0.998584	0.000346831	1.31708e-05	0.000163994	0.000750317	0.000695652	0.998348	4.2321e-05	2.1605e-05	4.4192e-06	3.92818e-06	2.3078e-05	0.999947
35	0.999127	0.000410034	0.000391529	4.67497e-05	2.43488e-05	2.81103e-05	0.999744	1.87402e-05	0.000206143	2.67718e-06	0.000331805	9.63749e-05	0.999331	0.000236807	4.13035e-06	6.19388e-05	0.000307873	0.000581132	0.999014	3.55238e-05	9.89607e-06	3.19228e-06	4.14997e-06	9.57684e-06	0.999973
36	0.998852	0.000353248	0.000637292	0.000119299	3.77004e-05	4.89851e-05	0.999173	4.25608e-05	0.000730762	4.81821e-06	0.00052291	0.00019481	0.999125	0.0001516	5.85893e-06	0.000116172	0.000783713	0.000523077	0.998539	3.79216e-05	2.17479e-05	6.12162e-06	3.86629e-06	2.0298e-05	0.999948
37	0.998555	0.000462309	0.000867411	8.78054e-05	2.72729e-05	5.36533e-05	0.999272	3.99546e-05	0.000627858	6.84936e-06	0.000424222	0.000183264	0.999284	0.000102944	5.65629e-06	8.28593e-05	0.000753266	0.000484601	0.998634	4.5196e-05	1.87415e-05	7.41424e-06	3.50117e-06	2.30665e-05	0.999947
38	0.998567	0.000417596	0.000921753	6.47254e-05	2.92434e-05	2.20875e-05	0.999337	3.92667e-05	0.000594522	7.3625e-06	0.000464049	0.000157294	0.999295	7.23193e-05	1.08479e-05	6.86951e-05	0.000713158	0.000470144	0.998697	5.08264e-05	1.8397e-05	4.42005e-06	5.01736e-06	2.06667e-05	0.999951
39	0.998783	0.000408558	0.000730586	4.48792e-05	3.34625e-05	2.04489e-05	0.999315	3.03518e-05	0.000627613	7.0735e-06	0.00040831	0.000165382	0.999378	3.85892e-05	9.55542e-06	5.51487e-05	0.000599511	0.000451581	0.998848	4.57222e-05	2.11851e-05	6.60252e-06	4.86876e-06	2.04726e-05	0.999947
40	0.999089	0.000243178	0.000584268	4.19628e-05	4.13895e-05	1.86878e-05	0.999201	2.70254e-05	0.000745211	8.51012e-06	0.000464941	0.000149152	0.999351	2.39686e-05	1.12532e-05	4.6934e-05	0.000433336	0.000501108	0.998983	3.55882e-05	2.91676e-05	7.39691e-06	4.30514e-06	1.88773e-05	0.99994
