
SUMMARISING RUN PARAMETERS
==========================
Input filename: SC2249/host_removal/SC2249_R2.fastq.gz
Trimming mode: paired-end
Trim Galore version: 0.6.4_dev
Cutadapt version: 4.1
Python version: could not detect
Number of cores used for trimming: 2
Quality Phred score cutoff: 20
Quality encoding type selected: ASCII+33
Using Illumina adapter for trimming (count: 11140). Second best hit was smallRNA (count: 0)
Adapter sequence: 'AGATCGGAAGAGC' (Illumina TruSeq, Sanger iPCR; auto-detected)
Maximum trimming error rate: 0.1 (default)
Minimum required adapter overlap (stringency): 1 bp
Minimum required sequence length for both reads before a sequence pair gets removed: 20 bp
Running FastQC on the data once trimming has completed
Output file will be GZIP compressed


This is cutadapt 4.1 with Python 3.9.13
Command line parameters: -j 2 -e 0.1 -q 20 -O 1 -a AGATCGGAAGAGC SC2249/host_removal/SC2249_R2.fastq.gz
Processing single-end reads on 2 cores ...
Finished in 31.87 s (38 µs/read; 1.59 M reads/minute).

=== Summary ===

Total reads processed:                 845,606
Reads with adapters:                   280,456 (33.2%)
Reads written (passing filters):       845,606 (100.0%)

Total basepairs processed:   212,247,106 bp
Quality-trimmed:               3,325,573 bp (1.6%)
Total written (filtered):    207,428,452 bp (97.7%)

=== Adapter 1 ===

Sequence: AGATCGGAAGAGC; Type: regular 3'; Length: 13; Trimmed: 280456 times

Minimum overlap: 1
No. of allowed errors:
1-9 bp: 0; 10-13 bp: 1

Bases preceding removed adapters:
  A: 40.6%
  C: 17.9%
  G: 11.9%
  T: 28.5%
  none/other: 1.2%

Overview of removed sequences
length	count	expect	max.err	error counts
1	193837	211401.5	0	193837
2	61863	52850.4	0	61863
3	7129	13212.6	0	7129
4	1856	3303.1	0	1856
5	62	825.8	0	62
6	46	206.4	0	46
7	1381	51.6	0	1381
8	29	12.9	0	29
9	41	3.2	0	41
10	61	0.8	1	53 8
11	16	0.2	1	15 1
12	54	0.1	1	49 5
13	5	0.0	1	3 2
14	42	0.0	1	39 3
15	9	0.0	1	7 2
16	17	0.0	1	15 2
17	43	0.0	1	39 4
18	13	0.0	1	13
19	27	0.0	1	25 2
20	24	0.0	1	22 2
21	5	0.0	1	3 2
22	13	0.0	1	13
23	51	0.0	1	42 9
24	405	0.0	1	384 21
25	11	0.0	1	9 2
26	38	0.0	1	36 2
27	31	0.0	1	28 3
28	62	0.0	1	57 5
29	17	0.0	1	14 3
30	67	0.0	1	63 4
31	15	0.0	1	12 3
32	77	0.0	1	74 3
33	36	0.0	1	33 3
34	152	0.0	1	146 6
35	59	0.0	1	53 6
36	217	0.0	1	209 8
37	101	0.0	1	94 7
38	137	0.0	1	132 5
39	59	0.0	1	55 4
40	69	0.0	1	62 7
41	76	0.0	1	60 16
42	270	0.0	1	193 77
43	590	0.0	1	535 55
44	538	0.0	1	466 72
45	474	0.0	1	429 45
46	269	0.0	1	245 24
47	302	0.0	1	275 27
48	193	0.0	1	184 9
49	95	0.0	1	83 12
50	85	0.0	1	70 15
51	115	0.0	1	99 16
52	74	0.0	1	63 11
53	112	0.0	1	87 25
54	223	0.0	1	214 9
55	93	0.0	1	69 24
56	235	0.0	1	188 47
57	476	0.0	1	461 15
58	195	0.0	1	186 9
59	54	0.0	1	41 13
60	137	0.0	1	133 4
61	35	0.0	1	29 6
62	20	0.0	1	15 5
63	37	0.0	1	35 2
64	22	0.0	1	17 5
65	13	0.0	1	11 2
66	19	0.0	1	17 2
67	3	0.0	1	2 1
68	15	0.0	1	12 3
69	10	0.0	1	9 1
70	17	0.0	1	14 3
71	15	0.0	1	12 3
72	13	0.0	1	13
73	16	0.0	1	12 4
74	19	0.0	1	13 6
75	31	0.0	1	26 5
76	35	0.0	1	22 13
77	75	0.0	1	51 24
78	147	0.0	1	94 53
79	312	0.0	1	220 92
80	570	0.0	1	407 163
81	683	0.0	1	469 214
82	698	0.0	1	486 212
83	553	0.0	1	370 183
84	443	0.0	1	284 159
85	300	0.0	1	177 123
86	247	0.0	1	143 104
87	171	0.0	1	91 80
88	143	0.0	1	77 66
89	87	0.0	1	44 43
90	80	0.0	1	39 41
91	72	0.0	1	40 32
92	57	0.0	1	31 26
93	52	0.0	1	26 26
94	120	0.0	1	97 23
95	35	0.0	1	19 16
96	67	0.0	1	54 13
97	45	0.0	1	35 10
98	24	0.0	1	11 13
99	12	0.0	1	9 3
100	23	0.0	1	5 18
101	17	0.0	1	11 6
102	14	0.0	1	4 10
103	15	0.0	1	6 9
104	17	0.0	1	9 8
105	40	0.0	1	34 6
106	16	0.0	1	6 10
107	12	0.0	1	6 6
108	19	0.0	1	9 10
109	8	0.0	1	3 5
110	14	0.0	1	4 10
111	20	0.0	1	7 13
112	13	0.0	1	5 8
113	26	0.0	1	16 10
114	13	0.0	1	5 8
115	6	0.0	1	0 6
116	12	0.0	1	4 8
117	40	0.0	1	28 12
118	13	0.0	1	4 9
119	9	0.0	1	2 7
120	13	0.0	1	5 8
121	14	0.0	1	7 7
122	8	0.0	1	1 7
123	28	0.0	1	21 7
124	11	0.0	1	4 7
125	15	0.0	1	4 11
126	11	0.0	1	2 9
127	22	0.0	1	17 5
128	15	0.0	1	2 13
129	11	0.0	1	3 8
130	10	0.0	1	0 10
131	13	0.0	1	6 7
132	15	0.0	1	5 10
133	23	0.0	1	16 7
134	10	0.0	1	3 7
135	8	0.0	1	4 4
136	5	0.0	1	2 3
137	4	0.0	1	1 3
138	7	0.0	1	1 6
139	9	0.0	1	2 7
140	8	0.0	1	4 4
141	33	0.0	1	28 5
142	6	0.0	1	3 3
143	9	0.0	1	1 8
144	7	0.0	1	1 6
145	8	0.0	1	5 3
146	19	0.0	1	11 8
147	21	0.0	1	15 6
148	11	0.0	1	6 5
149	8	0.0	1	5 3
150	11	0.0	1	4 7
151	22	0.0	1	18 4
152	8	0.0	1	3 5
153	28	0.0	1	21 7
154	30	0.0	1	22 8
155	20	0.0	1	12 8
156	61	0.0	1	53 8
157	32	0.0	1	26 6
158	21	0.0	1	16 5
159	25	0.0	1	21 4
160	69	0.0	1	62 7
161	22	0.0	1	21 1
162	34	0.0	1	25 9
163	33	0.0	1	23 10
164	24	0.0	1	24
165	14	0.0	1	12 2
166	29	0.0	1	24 5
167	44	0.0	1	40 4
168	27	0.0	1	24 3
169	31	0.0	1	23 8
170	20	0.0	1	12 8
171	10	0.0	1	7 3
172	31	0.0	1	26 5
173	21	0.0	1	15 6
174	17	0.0	1	15 2
175	35	0.0	1	27 8
176	25	0.0	1	24 1
177	11	0.0	1	10 1
178	10	0.0	1	8 2
179	10	0.0	1	8 2
180	18	0.0	1	18
181	25	0.0	1	23 2
182	1	0.0	1	0 1
183	11	0.0	1	9 2
184	6	0.0	1	4 2
185	48	0.0	1	46 2
186	4	0.0	1	3 1
187	12	0.0	1	11 1
188	6	0.0	1	4 2
189	5	0.0	1	5
190	9	0.0	1	8 1
191	4	0.0	1	2 2
192	18	0.0	1	17 1
193	12	0.0	1	12
195	2	0.0	1	2
196	3	0.0	1	2 1
197	5	0.0	1	3 2
198	5	0.0	1	4 1
199	3	0.0	1	1 2
200	3	0.0	1	3
201	3	0.0	1	1 2
202	3	0.0	1	2 1
203	2	0.0	1	2
204	1	0.0	1	1
205	2	0.0	1	2
206	2	0.0	1	2
207	2	0.0	1	2
208	2	0.0	1	2
209	5	0.0	1	3 2
210	5	0.0	1	5
211	5	0.0	1	4 1
212	4	0.0	1	3 1
213	1	0.0	1	1
214	7	0.0	1	5 2
217	1	0.0	1	1
218	2	0.0	1	2
219	1	0.0	1	1
220	1	0.0	1	1
223	1	0.0	1	1
226	4	0.0	1	4
229	1	0.0	1	1
231	1	0.0	1	1
234	1	0.0	1	1
238	1	0.0	1	0 1
241	1	0.0	1	0 1
244	2	0.0	1	1 1
247	3	0.0	1	0 3
248	1	0.0	1	0 1
249	6	0.0	1	0 6
250	16	0.0	1	0 16
251	569	0.0	1	0 569

RUN STATISTICS FOR INPUT FILE: SC2249/host_removal/SC2249_R2.fastq.gz
=============================================
845606 sequences processed in total

Total number of sequences analysed for the sequence pair length validation: 845606

Number of sequence pairs removed because at least one read was shorter than the length cutoff (20 bp): 5490 (0.65%)
