quality	AA	AC	AG	AT	A.	CA	CC	CG	CT	C.	GA	GC	GG	GT	G.	TA	TC	TG	TT	T.	.A	.C	.G	.T	..
0	NA	NA	NA	NA	NA	NA	NA	NA	NA	NA	NA	NA	NA	NA	NA	NA	NA	NA	NA	NA	NA	NA	NA	NA	NA
1	NA	NA	NA	NA	NA	NA	NA	NA	NA	NA	NA	NA	NA	NA	NA	NA	NA	NA	NA	NA	NA	NA	NA	NA	NA
2	NA	NA	NA	NA	NA	NA	NA	NA	NA	NA	NA	NA	NA	NA	NA	NA	NA	NA	NA	NA	NA	NA	NA	NA	NA
3	NA	NA	NA	NA	NA	NA	NA	NA	NA	NA	NA	NA	NA	NA	NA	NA	NA	NA	NA	NA	NA	NA	NA	NA	NA
4	NA	NA	NA	NA	NA	NA	NA	NA	NA	NA	NA	NA	NA	NA	NA	NA	NA	NA	NA	NA	NA	NA	NA	NA	NA
5	NA	NA	NA	NA	NA	NA	NA	NA	NA	NA	NA	NA	NA	NA	NA	NA	NA	NA	NA	NA	NA	NA	NA	NA	NA
6	NA	NA	NA	NA	NA	NA	NA	NA	NA	NA	NA	NA	NA	NA	NA	NA	NA	NA	NA	NA	NA	NA	NA	NA	NA
7	NA	NA	NA	NA	NA	NA	NA	NA	NA	NA	NA	NA	NA	NA	NA	NA	NA	NA	NA	NA	NA	NA	NA	NA	NA
8	NA	NA	NA	NA	NA	NA	NA	NA	NA	NA	NA	NA	NA	NA	NA	NA	NA	NA	NA	NA	NA	NA	NA	NA	NA
9	NA	NA	NA	NA	NA	NA	NA	NA	NA	NA	NA	NA	NA	NA	NA	NA	NA	NA	NA	NA	NA	NA	NA	NA	NA
10	0.988889	0.0111111	NA	NA	NA	0.0576923	0.923077	NA	0.0192308	NA	0.0188679	0.00628931	0.955975	0.0188679	NA	NA	NA	0.0384615	0.961538	NA	NA	NA	NA	NA	1
11	0.972897	0.0134412	0.00380886	0.00969529	0.000157391	0.0709451	0.901444	0.00647957	0.0209245	0.000206356	0.0219258	0.00609405	0.91756	0.0542712	0.000149155	0.0205909	0.00606784	0.0231772	0.949965	0.000198946	3.54136e-05	3.54136e-05	NA	7.08272e-05	0.999858
12	0.970546	0.0161296	0.0055122	0.00770646	0.000106174	0.059401	0.919046	0.0058014	0.0155468	0.000205039	0.0125892	0.00409586	0.946555	0.0365928	0.000166692	0.0118522	0.00575148	0.0231107	0.959181	0.000104784	4.90773e-05	1.71771e-05	2.94464e-05	4.90773e-05	0.999855
13	0.965234	0.018679	0.00658332	0.00937474	0.000128516	0.0430444	0.940473	0.00503954	0.0113197	0.000123399	0.00843733	0.00351909	0.965379	0.0225773	8.69173e-05	0.0132437	0.00807339	0.0233334	0.955201	0.000148878	4.72118e-05	3.08862e-05	2.51502e-05	3.83872e-05	0.999858
14	0.963704	0.0195817	0.00621837	0.010328	0.000167793	0.0386559	0.945531	0.00464616	0.0110109	0.000155886	0.0124928	0.00518964	0.952221	0.0299834	0.000113042	0.0146724	0.0107726	0.0218151	0.952538	0.00020166	5.7881e-05	2.77511e-05	3.01298e-05	5.39165e-05	0.99983
15	0.965844	0.0165661	0.00635809	0.0111209	0.000110656	0.0317443	0.949202	0.00521451	0.0137283	0.00011121	0.0118742	0.00584496	0.95441	0.0278062	6.44834e-05	0.015799	0.00912131	0.0223078	0.95262	0.000152022	4.44744e-05	2.56065e-05	2.42588e-05	5.79515e-05	0.999848
16	0.963601	0.0162975	0.00762706	0.0123476	0.00012722	0.0262723	0.956041	0.00470949	0.012892	8.55983e-05	0.0108839	0.00527532	0.95862	0.0251288	9.16073e-05	0.018212	0.0122713	0.0273119	0.942032	0.000172853	5.79694e-05	2.60537e-05	2.54023e-05	5.21073e-05	0.999838
17	NA	NA	NA	NA	NA	NA	NA	NA	NA	NA	NA	NA	NA	NA	NA	NA	NA	NA	NA	NA	NA	NA	NA	NA	NA
18	1	NA	NA	NA	NA	NA	1	NA	NA	NA	NA	NA	1	NA	NA	NA	NA	NA	1	NA	NA	NA	NA	NA	1
19	1	NA	NA	NA	NA	0.0126582	0.987342	NA	NA	NA	NA	NA	1	NA	NA	0.0103093	NA	NA	0.989691	NA	NA	NA	NA	NA	1
20	0.996803	0.00209436	0.000220459	0.000881834	NA	0.00973021	0.988353	0.00058971	0.00132685	NA	0.00122797	0.000144467	0.993427	0.00520081	NA	0.00167588	0.000837942	0.00251383	0.994972	NA	2.80418e-05	NA	NA	2.80418e-05	0.999944
21	0.996453	0.00225719	0.000564299	0.000680741	4.47856e-05	0.00578454	0.992929	0.000399795	0.000862058	2.49872e-05	0.000912473	0.000233967	0.996116	0.00273742	NA	0.000777869	0.000332422	0.0025663	0.996297	2.65938e-05	3.04122e-05	2.3394e-06	1.63758e-05	2.3394e-05	0.999927
22	0.99609	0.00229223	0.00110791	0.000432978	7.64078e-05	0.00572094	0.992931	0.000286047	0.00100116	6.12958e-05	0.00113617	0.000288282	0.99532	0.00322198	3.39156e-05	0.000897644	0.00124195	0.00302494	0.994737	9.83719e-05	1.86798e-05	1.49438e-05	4.85674e-05	2.61517e-05	0.999892
23	0.997114	0.00141537	0.0011323	0.000283075	5.52341e-05	0.0042339	0.994308	0.000354513	0.0010838	2.02579e-05	0.000757767	0.000320594	0.996823	0.00204986	4.85748e-05	0.000505814	0.000782581	0.00149836	0.99718	3.34028e-05	3.0583e-05	7.196e-06	1.799e-05	2.6985e-05	0.999917
24	0.997728	0.00116578	0.000889152	0.00017783	3.95179e-05	0.00401007	0.994432	0.00029827	0.00119308	6.62822e-05	0.000966334	9.35162e-05	0.997132	0.00177681	3.11721e-05	0.000400991	0.000429633	0.00120297	0.997923	4.29633e-05	3.28528e-05	3.83282e-05	2.19018e-05	3.28528e-05	0.999874
25	0.997032	0.00105568	0.00149937	0.000305993	0.000107098	0.00466044	0.994407	0.000181239	0.000750848	NA	0.000768769	0.000336336	0.996589	0.00228228	2.4024e-05	0.000569382	0.00217077	0.00138787	0.99573	0.000142345	4.35091e-05	1.74036e-05	2.61055e-05	4.35091e-05	0.999869
26	0.992856	0.000942554	0.00565532	0.000545689	NA	0.00290745	0.996285	8.07624e-05	0.000565337	0.000161525	0.000892423	8.11293e-05	0.997079	0.0019471	NA	0.000505851	0.00293394	0.0011466	0.995312	0.00010117	1.34286e-05	NA	2.68572e-05	5.37143e-05	0.999906
27	0.996385	0.00155949	0.00125182	0.00073167	7.21094e-05	0.00271892	0.995388	0.000505077	0.00136418	2.36017e-05	0.001328	0.000509723	0.99519	0.00294824	2.44667e-05	0.00104489	0.00122036	0.00361821	0.99401	0.000106395	4.87649e-05	1.98366e-05	1.6255e-05	3.80201e-05	0.999877
28	0.99872	0.000349203	0.000605285	0.000279362	4.65604e-05	0.000687026	0.997717	0.000177297	0.00141838	NA	0.00129358	0.000317294	0.997022	0.0013668	NA	0.000317922	0.00794804	0.000363339	0.99128	9.08348e-05	1.04172e-05	1.56257e-05	1.04172e-05	2.08343e-05	0.999943
29	0.999665	0.000223314	0.000111657	NA	NA	0.00112528	0.9985	0.000187547	0.000187547	NA	0.000686955	NA	0.998901	0.000412173	NA	NA	0.000545554	0.000272777	0.999182	NA	NA	NA	NA	NA	1
30	0.997999	0.000579785	0.00105763	0.000316743	4.73294e-05	0.000483833	0.998307	0.00029992	0.00090259	7.07359e-06	0.000791159	0.000171641	0.998229	0.000801887	6.70474e-06	0.00035499	0.00101519	0.000614356	0.997955	6.02567e-05	2.75235e-05	1.27032e-05	8.77124e-06	1.99621e-05	0.999931
31	0.998361	0.000414914	0.000978453	0.000199052	4.68879e-05	0.000504871	0.998455	0.000284764	0.000746988	8.25401e-06	0.000531891	8.14379e-05	0.998761	0.000609512	1.65421e-05	0.00022783	0.000892011	0.000596605	0.998245	3.86152e-05	2.73687e-05	8.29354e-06	8.56999e-06	2.10103e-05	0.999935
32	0.998777	0.00030797	0.000810685	8.60503e-05	1.81159e-05	0.000323279	0.999328	3.87935e-05	0.000303883	6.46559e-06	0.000232008	1.78467e-05	0.9995	0.000249854	NA	7.41947e-05	0.000601801	0.000201974	0.999073	4.94631e-05	1.1847e-05	1.1847e-05	3.949e-06	1.05307e-05	0.999962
33	0.999132	0.000237777	0.000518786	6.48483e-05	4.68349e-05	0.000549451	0.999127	6.67557e-05	0.000236212	2.05402e-05	0.000197895	2.47369e-05	0.999599	0.000168211	9.89477e-06	8.56541e-05	0.00064979	0.000301266	0.998934	2.95359e-05	1.78445e-05	5.24838e-06	3.14903e-06	1.15464e-05	0.999962
34	0.998269	0.000460688	0.00104468	0.000162696	6.3366e-05	0.000222259	0.998781	0.000315663	0.000675641	5.45422e-06	0.000636393	8.50143e-05	0.998889	0.000377099	1.21449e-05	0.000140328	0.000923284	0.00046141	0.99841	6.50527e-05	2.84656e-05	9.88389e-06	1.13335e-05	2.72795e-05	0.999923
35	0.998622	0.000490602	0.000776288	6.43167e-05	4.63679e-05	0.000227187	0.999378	9.43234e-05	0.000299198	1.01423e-06	0.000420007	6.45377e-05	0.999286	0.000221272	8.19526e-06	5.10428e-05	0.000609241	0.000552309	0.998712	7.52554e-05	1.5628e-05	6.11529e-06	6.11529e-06	1.67604e-05	0.999955
36	0.998598	0.000269275	0.000947965	0.000125575	5.89039e-05	9.2542e-05	0.998964	0.000298359	0.000634646	1.01139e-05	0.000493376	5.92816e-05	0.999248	0.000189797	9.08346e-06	0.000100292	0.000940693	0.000233526	0.998663	6.25909e-05	2.73044e-05	1.06184e-05	8.69696e-06	2.40683e-05	0.999929
37	0.998386	0.000211002	0.00123563	0.000108033	5.90805e-05	9.66504e-05	0.999012	0.000305819	0.000582066	3.60636e-06	0.000462589	5.50702e-05	0.999351	0.000118952	1.24826e-05	7.99662e-05	0.000791348	0.000275131	0.998787	6.65065e-05	2.73488e-05	1.02067e-05	1.0861e-05	2.85265e-05	0.999923
38	0.99843	0.000241954	0.00117228	9.43013e-05	6.11372e-05	5.55957e-05	0.998976	0.000367022	0.000593925	7.23197e-06	0.000463934	4.18829e-05	0.999402	8.33056e-05	8.74479e-06	7.2595e-05	0.000856052	0.000212661	0.998779	7.99969e-05	2.45545e-05	1.0033e-05	9.32896e-06	2.66668e-05	0.999929
39	0.998619	0.000277084	0.000938389	0.000102933	6.23938e-05	4.11626e-05	0.999008	0.000352083	0.000592125	6.60362e-06	0.000540836	4.03114e-05	0.999351	5.56629e-05	1.248e-05	5.42085e-05	0.000772535	0.000159915	0.998937	7.615e-05	2.59522e-05	9.84895e-06	9.43339e-06	2.58899e-05	0.999929
40	0.998895	0.000280458	0.000630999	0.000129622	6.3706e-05	2.84053e-05	0.99886	0.000397202	0.000708433	5.94529e-06	0.000478136	3.17597e-05	0.999441	3.46964e-05	1.45747e-05	4.80205e-05	0.000737614	0.000177883	0.998961	7.50777e-05	2.8087e-05	1.16501e-05	9.57381e-06	2.65875e-05	0.999924
