quality	AA	AC	AG	AT	A.	CA	CC	CG	CT	C.	GA	GC	GG	GT	G.	TA	TC	TG	TT	T.	.A	.C	.G	.T	..
0	NA	NA	NA	NA	NA	NA	NA	NA	NA	NA	NA	NA	NA	NA	NA	NA	NA	NA	NA	NA	NA	NA	NA	NA	NA
1	NA	NA	NA	NA	NA	NA	NA	NA	NA	NA	NA	NA	NA	NA	NA	NA	NA	NA	NA	NA	NA	NA	NA	NA	NA
2	NA	NA	NA	NA	NA	NA	NA	NA	NA	NA	NA	NA	NA	NA	NA	NA	NA	NA	NA	NA	NA	NA	NA	NA	NA
3	NA	NA	NA	NA	NA	NA	NA	NA	NA	NA	NA	NA	NA	NA	NA	NA	NA	NA	NA	NA	NA	NA	NA	NA	NA
4	NA	NA	NA	NA	NA	NA	NA	NA	NA	NA	NA	NA	NA	NA	NA	NA	NA	NA	NA	NA	NA	NA	NA	NA	NA
5	NA	NA	NA	NA	NA	NA	NA	NA	NA	NA	NA	NA	NA	NA	NA	NA	NA	NA	NA	NA	NA	NA	NA	NA	NA
6	NA	NA	NA	NA	NA	NA	NA	NA	NA	NA	NA	NA	NA	NA	NA	NA	NA	NA	NA	NA	NA	NA	NA	NA	NA
7	NA	NA	NA	NA	NA	NA	NA	NA	NA	NA	NA	NA	NA	NA	NA	NA	NA	NA	NA	NA	NA	NA	NA	NA	NA
8	NA	NA	NA	NA	NA	NA	NA	NA	NA	NA	NA	NA	NA	NA	NA	NA	NA	NA	NA	NA	NA	NA	NA	NA	NA
9	NA	NA	NA	NA	NA	NA	NA	NA	NA	NA	NA	NA	NA	NA	NA	NA	NA	NA	NA	NA	NA	NA	NA	NA	NA
10	NA	NA	NA	NA	NA	NA	NA	NA	NA	NA	NA	NA	NA	NA	NA	NA	NA	NA	NA	NA	NA	NA	NA	NA	NA
11	0.975036	0.0112907	0.00414336	0.00932256	0.000207168	0.0513978	0.925451	0.00596971	0.0168899	0.000291206	0.0193329	0.00720886	0.937611	0.0358477	NA	0.019385	0.00701872	0.0207219	0.952206	0.000668449	0.000143848	5.75391e-05	2.87695e-05	5.75391e-05	0.999712
12	0.972424	0.01369	0.00517178	0.00849649	0.000217302	0.0363497	0.944205	0.00548155	0.0137192	0.000244985	0.0127052	0.0049685	0.952373	0.029811	0.000141957	0.0130286	0.00652957	0.0234637	0.956765	0.000213584	4.77418e-05	4.17741e-05	2.98386e-05	4.77418e-05	0.999833
13	0.967184	0.0163094	0.0058688	0.0104568	0.000181036	0.0289786	0.953407	0.00454168	0.012956	0.000116347	0.00968667	0.00415648	0.964389	0.0216419	0.000125597	0.013952	0.00947449	0.0233193	0.953137	0.000116889	4.51842e-05	3.23962e-05	3.32488e-05	3.23962e-05	0.999857
14	0.963097	0.0167271	0.00691299	0.0131007	0.000162301	0.0293461	0.952449	0.00462466	0.0133335	0.00024706	0.0168293	0.00686709	0.944048	0.032037	0.000218562	0.0174359	0.0123031	0.0214916	0.948477	0.000292005	8.67897e-05	5.62526e-05	4.82165e-05	6.10742e-05	0.999748
15	0.976303	0.00870092	0.00528673	0.00958069	0.000129142	0.0124378	0.976355	0.00302489	0.00804133	0.000140911	0.0156698	0.00579544	0.952335	0.0260518	0.000147655	0.0258075	0.0163837	0.0257608	0.931849	0.000198519	8.74941e-05	2.49983e-05	3.74975e-05	8.99939e-05	0.99976
16	0.96327	0.0121362	0.00940802	0.0149892	0.000196651	0.0180706	0.960839	0.00476471	0.0161496	0.000176471	0.0188632	0.00852931	0.946454	0.0260233	0.000130625	0.0198691	0.013053	0.018799	0.947972	0.000306859	0.000118741	7.10417e-05	5.68333e-05	9.94584e-05	0.999654
17	NA	NA	NA	NA	NA	NA	NA	NA	NA	NA	NA	NA	NA	NA	NA	NA	NA	NA	NA	NA	NA	NA	NA	NA	NA
18	NA	NA	NA	NA	NA	NA	NA	NA	NA	NA	NA	NA	NA	NA	NA	NA	NA	NA	NA	NA	NA	NA	NA	NA	NA
19	NA	NA	NA	NA	NA	NA	NA	NA	NA	NA	NA	NA	NA	NA	NA	NA	NA	NA	NA	NA	NA	NA	NA	NA	NA
20	0.996871	0.00113766	0.000568828	0.00113766	0.000284414	0.00429185	0.995279	NA	0.000429185	NA	0.000518852	0.0010377	0.996022	0.00242131	NA	0.000371609	0.000743218	0.00371609	0.995169	NA	6.98812e-05	NA	NA	NA	0.99993
21	0.997303	0.00147332	0.000589329	0.000566662	6.79995e-05	0.00252788	0.993725	0.000535316	0.0032119	NA	0.000972546	0.00027787	0.996165	0.00258419	NA	0.000780079	0.000504757	0.00364037	0.994998	7.64783e-05	2.2349e-05	1.11745e-05	5.58725e-06	1.11745e-05	0.99995
22	0.996559	0.00181914	0.000679437	0.000767106	0.000175339	0.00406098	0.992704	0.000585057	0.00261555	3.44151e-05	0.00151383	0.000669578	0.994527	0.00320233	8.73362e-05	0.00173906	0.000763488	0.00347811	0.993871	0.000148456	3.84295e-05	3.20246e-05	4.48344e-05	3.84295e-05	0.999846
23	0.997808	0.00120986	0.000398542	0.000569346	1.42337e-05	0.00218651	0.994637	0.000721962	0.00241342	4.1255e-05	0.00101598	0.000547067	0.99578	0.00259857	5.86144e-05	0.00124126	0.000567706	0.00259798	0.995555	3.84886e-05	1.82755e-05	2.19306e-05	1.82755e-05	7.31021e-06	0.999934
24	0.997981	0.00107924	0.000382955	0.000522211	3.48141e-05	0.00248686	0.994574	0.000678234	0.00226078	NA	0.00104335	0.000313005	0.996557	0.0020867	NA	0.000436904	0.000339814	0.00152916	0.997694	NA	2.81007e-05	2.81007e-05	9.36689e-06	9.36689e-06	0.999925
25	0.997818	0.00100331	0.000376242	0.000802649	NA	0.00247382	0.99464	0.000783376	0.00210275	NA	0.00204744	0.000772618	0.993858	0.00328363	3.86309e-05	0.00135994	0.000484361	0.00163937	0.996405	0.000111776	4.87367e-05	1.39248e-05	2.08871e-05	6.96238e-05	0.999847
26	0.997916	0.000705977	0.000705977	0.000605123	6.72359e-05	0.00199168	0.992912	0.000468631	0.00462773	NA	0.00164034	0.00109356	0.995079	0.00218712	NA	0.0004151	0.000322856	0.00184489	0.997302	0.000115306	4.69241e-05	2.81545e-05	1.87696e-05	2.81545e-05	0.999878
27	0.996571	0.0010587	0.00104657	0.00126074	6.26328e-05	0.00134866	0.996556	0.000494719	0.00156608	3.46618e-05	0.0030465	0.00116184	0.991198	0.00456707	2.67706e-05	0.00123832	0.00101573	0.0035488	0.994073	0.000123832	4.03512e-05	2.16376e-05	2.3392e-05	3.97664e-05	0.999875
28	0.997145	0.00133487	0.000667433	0.000741592	0.000111239	0.000473074	0.997871	0.000118269	0.00153749	NA	0.00453631	0.00055421	0.993206	0.00166263	4.10526e-05	0.00110444	0.000483192	0.000414164	0.997929	6.90274e-05	5.19485e-05	1.73162e-05	8.65808e-06	5.19485e-05	0.99987
29	0.99923	NA	NA	0.000385208	0.000385208	NA	1	NA	NA	NA	0.000835981	NA	0.999164	NA	NA	NA	NA	0.00153965	0.99846	NA	NA	NA	NA	NA	1
30	0.998011	0.000494942	0.00076009	0.00068617	4.82086e-05	0.000287693	0.99792	0.000149994	0.0016401	2.45892e-06	0.00167003	0.000396773	0.997005	0.00092132	6.72496e-06	0.000668181	0.000876382	0.00106764	0.997344	4.3577e-05	2.4937e-05	1.06115e-05	1.00809e-05	2.70593e-05	0.999927
31	0.998766	0.000370562	0.000496005	0.000328748	3.89306e-05	0.000217869	0.998292	0.000108935	0.00137258	8.71477e-06	0.00128294	0.000181509	0.997857	0.000666221	1.23756e-05	0.000316446	0.000474669	0.000843312	0.998304	6.19842e-05	2.26066e-05	1.71811e-05	1.62768e-05	2.57716e-05	0.999918
32	0.999626	0.000105933	0.000155368	5.64976e-05	5.64976e-05	9.48461e-05	0.997306	6.63922e-05	0.00251342	1.89692e-05	0.000261756	7.47873e-05	0.999271	0.000392633	NA	4.32967e-05	0.000148446	0.00114427	0.998633	3.09262e-05	1.18747e-05	3.95822e-06	1.97911e-06	9.89556e-06	0.999972
33	0.999672	0.000114467	9.95362e-05	8.46057e-05	2.98608e-05	0.000100487	0.997732	5.02433e-05	0.0021174	NA	0.000283981	2.77054e-05	0.999287	0.000401729	NA	6.35433e-05	0.000142038	0.00140543	0.998359	2.99027e-05	5.64504e-06	2.82252e-06	8.46756e-06	8.46756e-06	0.999975
34	0.99874	0.00042429	0.000487096	0.000284721	6.35039e-05	0.0001376	0.998769	8.21162e-05	0.00100204	8.87743e-06	0.00132239	0.000198262	0.998081	0.000392675	5.77463e-06	0.000230969	0.000466558	0.000455779	0.998761	8.54586e-05	1.99405e-05	1.11495e-05	1.05063e-05	2.65873e-05	0.999932
35	0.999473	0.000257481	0.000154161	8.36404e-05	3.19801e-05	3.36184e-05	0.999721	2.35329e-05	0.00021964	2.24123e-06	0.000543266	7.61265e-05	0.999138	0.000234147	8.07402e-06	5.26375e-05	0.000194052	0.000424243	0.999268	6.12795e-05	1.19056e-05	7.30574e-06	5.68224e-06	1.2988e-05	0.999962
36	0.999081	0.0002721	0.000421971	0.000174489	5.01009e-05	6.02693e-05	0.998786	4.72566e-05	0.00110128	5.47902e-06	0.00108306	9.67131e-05	0.998591	0.000216984	1.23991e-05	0.000159621	0.000401821	0.000422969	0.998946	6.94878e-05	2.38731e-05	1.35643e-05	9.76628e-06	2.23811e-05	0.99993
37	0.999185	0.000204107	0.000417772	0.000149566	4.38577e-05	5.57089e-05	0.998807	4.88674e-05	0.00108681	1.9547e-06	0.000880003	7.80955e-05	0.998883	0.000147619	1.14286e-05	9.98389e-05	0.000355576	0.000411101	0.999062	7.10084e-05	2.07938e-05	1.41538e-05	9.43585e-06	2.39391e-05	0.999932
38	0.999101	0.000331194	0.000400648	0.000122188	4.53382e-05	4.14181e-05	0.999029	3.37481e-05	0.000885632	9.71536e-06	0.00104696	7.28021e-05	0.998731	0.00013768	1.18861e-05	9.84759e-05	0.000399209	0.000330906	0.999095	7.65924e-05	2.04001e-05	1.10913e-05	1.0101e-05	1.91127e-05	0.999939
39	0.999099	0.000295169	0.000453557	9.68107e-05	5.57375e-05	3.20887e-05	0.999072	3.77389e-05	0.00085147	7.14267e-06	0.000998668	4.16617e-05	0.998846	9.9705e-05	1.36513e-05	8.39251e-05	0.00033705	0.000244107	0.999267	6.84039e-05	2.39568e-05	1.46566e-05	1.13996e-05	2.08371e-05	0.999929
40	0.999086	0.000320718	0.000458635	7.13975e-05	6.2845e-05	2.96158e-05	0.999249	3.99335e-05	0.000671371	9.74455e-06	0.00123529	3.89685e-05	0.998588	0.000118118	1.94052e-05	7.82583e-05	0.000350975	0.0001187	0.999397	5.51308e-05	2.86169e-05	1.65224e-05	1.11664e-05	2.46434e-05	0.999919
