quality	AA	AC	AG	AT	A.	CA	CC	CG	CT	C.	GA	GC	GG	GT	G.	TA	TC	TG	TT	T.	.A	.C	.G	.T	..
0	NA	NA	NA	NA	NA	NA	NA	NA	NA	NA	NA	NA	NA	NA	NA	NA	NA	NA	NA	NA	NA	NA	NA	NA	NA
1	NA	NA	NA	NA	NA	NA	NA	NA	NA	NA	NA	NA	NA	NA	NA	NA	NA	NA	NA	NA	NA	NA	NA	NA	NA
2	NA	NA	NA	NA	NA	NA	NA	NA	NA	NA	NA	NA	NA	NA	NA	NA	NA	NA	NA	NA	NA	NA	NA	NA	NA
3	NA	NA	NA	NA	NA	NA	NA	NA	NA	NA	NA	NA	NA	NA	NA	NA	NA	NA	NA	NA	NA	NA	NA	NA	NA
4	NA	NA	NA	NA	NA	NA	NA	NA	NA	NA	NA	NA	NA	NA	NA	NA	NA	NA	NA	NA	NA	NA	NA	NA	NA
5	NA	NA	NA	NA	NA	NA	NA	NA	NA	NA	NA	NA	NA	NA	NA	NA	NA	NA	NA	NA	NA	NA	NA	NA	NA
6	NA	NA	NA	NA	NA	NA	NA	NA	NA	NA	NA	NA	NA	NA	NA	NA	NA	NA	NA	NA	NA	NA	NA	NA	NA
7	NA	NA	NA	NA	NA	NA	NA	NA	NA	NA	NA	NA	NA	NA	NA	NA	NA	NA	NA	NA	NA	NA	NA	NA	NA
8	NA	NA	NA	NA	NA	NA	NA	NA	NA	NA	NA	NA	NA	NA	NA	NA	NA	NA	NA	NA	NA	NA	NA	NA	NA
9	NA	NA	NA	NA	NA	NA	NA	NA	NA	NA	NA	NA	NA	NA	NA	NA	NA	NA	NA	NA	NA	NA	NA	NA	NA
10	0.971963	0.00934579	NA	0.0186916	NA	0.0847458	0.898305	0.0169492	NA	NA	0.0147059	0.00490196	0.946078	0.0343137	NA	NA	NA	NA	1	NA	NA	NA	NA	NA	1
11	0.969878	0.0154686	0.0043243	0.0101312	0.000197682	0.0717503	0.900023	0.00667596	0.0213566	0.000194445	0.0228713	0.00523895	0.911511	0.0601496	0.000229204	0.0177763	0.0054221	0.0175704	0.959163	6.86342e-05	4.76453e-05	4.08388e-05	2.72259e-05	0.00011571	0.999769
12	0.967245	0.0163669	0.00596879	0.0102932	0.000125953	0.0597098	0.915189	0.00667063	0.0182963	0.000134179	0.0117881	0.0039394	0.942873	0.0412433	0.000156612	0.0104655	0.00469961	0.024023	0.960689	0.000123026	3.93019e-05	1.87152e-05	4.11734e-05	4.11734e-05	0.99986
13	0.964882	0.0189816	0.00591202	0.010088	0.000135971	0.0446059	0.936091	0.00508279	0.0140798	0.000140227	0.00883578	0.0034431	0.962926	0.0246864	0.000108589	0.0122015	0.00707966	0.0237874	0.956803	0.000128608	4.35194e-05	2.5559e-05	2.59044e-05	3.59208e-05	0.999869
14	0.963938	0.0198734	0.00549626	0.0105505	0.000142094	0.0395331	0.943803	0.00448378	0.0120632	0.000116423	0.012985	0.00530044	0.94897	0.0326091	0.00013577	0.0144059	0.00882933	0.0210826	0.955501	0.000181269	3.92139e-05	3.11221e-05	2.86324e-05	5.04179e-05	0.999851
15	0.964721	0.0172096	0.00630627	0.0116609	0.000102482	0.0323406	0.948973	0.00499387	0.0135464	0.000146448	0.0135229	0.00563452	0.952421	0.0283263	9.51283e-05	0.0154379	0.00895496	0.0217509	0.953673	0.00018311	6.47952e-05	1.91199e-05	3.08043e-05	4.24886e-05	0.999843
16	0.964368	0.0162928	0.00698905	0.0122696	8.00709e-05	0.0264524	0.95625	0.00433882	0.0128653	9.32266e-05	0.0116802	0.00494254	0.9573	0.0259904	8.72883e-05	0.0178582	0.0115093	0.0259898	0.94449	0.000152299	5.05521e-05	2.99186e-05	2.26969e-05	4.51358e-05	0.999852
17	NA	NA	NA	NA	NA	NA	NA	NA	NA	NA	NA	NA	NA	NA	NA	NA	NA	NA	NA	NA	NA	NA	NA	NA	NA
18	1	NA	NA	NA	NA	NA	1	NA	NA	NA	NA	NA	1	NA	NA	NA	NA	NA	1	NA	NA	NA	NA	NA	1
19	1	NA	NA	NA	NA	NA	1	NA	NA	NA	NA	NA	1	NA	NA	NA	NA	NA	1	NA	NA	NA	NA	NA	1
20	0.995737	0.00242414	0.000250773	0.00158823	NA	0.00974066	0.988555	0.000365275	0.00133934	NA	0.000977995	0.000651997	0.992611	0.00570497	5.43331e-05	0.00189821	0.00059319	0.00403369	0.993475	NA	2.12784e-05	2.12784e-05	2.12784e-05	6.38352e-05	0.999872
21	0.996408	0.00254228	0.000435615	0.000542733	7.14122e-05	0.00533486	0.989458	0.000364188	0.00481318	2.95287e-05	0.000616288	0.000262829	0.996139	0.00294549	3.62522e-05	0.000806435	0.000392879	0.00323091	0.995559	1.03389e-05	1.10085e-05	1.28432e-05	9.17374e-06	1.83475e-05	0.999949
22	0.996444	0.00248307	0.000377426	0.000595936	9.93226e-05	0.00635831	0.991832	0.000240238	0.00152151	4.80477e-05	0.00127297	0.000371284	0.994802	0.0035272	2.65203e-05	0.00124279	0.000531269	0.00336787	0.994792	6.64086e-05	2.90827e-05	2.03579e-05	1.16331e-05	2.03579e-05	0.999919
23	0.997346	0.00170743	0.000396951	0.000483953	6.52521e-05	0.00413661	0.991118	0.000284738	0.00442135	3.9547e-05	0.000637237	0.000168465	0.996777	0.00240246	1.46491e-05	0.000445197	0.000272269	0.00249825	0.996762	2.20759e-05	2.36749e-05	1.53191e-05	1.25338e-05	2.78529e-05	0.999921
24	0.997856	0.00150251	0.000313023	0.000297372	3.13023e-05	0.00384586	0.993718	0.000333308	0.00202549	7.69172e-05	0.000761397	0.000214143	0.996502	0.00252213	NA	0.000364208	0.000341445	0.00138854	0.997792	0.000113815	3.00795e-05	5.58618e-05	3.43765e-05	5.58618e-05	0.999824
25	0.997842	0.00134902	0.000222882	0.000539608	4.69225e-05	0.00461452	0.993189	0.000241809	0.00187402	8.06029e-05	0.000927214	0.000296708	0.996328	0.00241076	3.70885e-05	0.000409032	0.000241701	0.00139443	0.997853	0.000102258	3.7127e-05	2.36263e-05	3.7127e-05	3.03767e-05	0.999872
26	0.99803	0.00089226	0.000483307	0.000557662	3.71775e-05	0.00317577	0.994015	0.00024429	0.00250397	6.10724e-05	0.000815613	5.82581e-05	0.997495	0.00163123	NA	0.000310897	0.000362713	0.00121768	0.998031	7.77242e-05	6.06214e-05	3.03107e-05	6.06214e-05	4.04142e-05	0.999808
27	0.996674	0.00169457	0.000813795	0.000752972	6.46724e-05	0.00269522	0.995639	0.000319154	0.00132437	2.26172e-05	0.00195026	0.000479537	0.994454	0.00309451	2.14079e-05	0.00106583	0.000772307	0.00337211	0.994683	0.000107021	2.88498e-05	1.50806e-05	1.68291e-05	3.69365e-05	0.999902
28	0.997421	0.00217984	0.000163488	0.000163488	7.26612e-05	0.000590719	0.998297	0.000138993	0.000955574	1.73741e-05	0.00373718	0.000371762	0.994345	0.00153596	9.7832e-06	0.00032057	0.00032057	0.000926091	0.998433	NA	2.47088e-05	3.29451e-05	8.23628e-06	8.23628e-06	0.999926
29	0.999637	9.08513e-05	NA	9.08513e-05	0.000181703	0.00151768	0.998331	NA	0.000151768	NA	0.000542005	NA	0.999187	0.000271003	NA	NA	NA	0.000193836	0.999806	NA	NA	NA	NA	NA	1
30	0.998524	0.000620413	0.00050978	0.000288514	5.71243e-05	0.000463999	0.998146	0.000113472	0.00127066	5.61742e-06	0.00120141	0.000161048	0.997739	0.000892203	6.4419e-06	0.000366037	0.000547518	0.000830505	0.998208	4.81898e-05	1.94308e-05	1.15146e-05	1.19943e-05	1.39134e-05	0.999943
31	0.998847	0.000481155	0.000453478	0.000173159	4.47091e-05	0.000523336	0.998258	6.39021e-05	0.00114803	6.61056e-06	0.00114949	8.95974e-05	0.998134	0.000620055	7.12707e-06	0.000211485	0.00035502	0.00080013	0.998581	5.26803e-05	1.81019e-05	9.05096e-06	1.2583e-05	1.50113e-05	0.999945
32	0.99956	0.000234462	9.73921e-05	7.93565e-05	2.88569e-05	0.000364004	0.996934	4.61413e-05	0.00265569	NA	0.000231978	2.36712e-05	0.999512	0.000231978	NA	6.6601e-05	0.000109892	0.00124877	0.998555	1.99803e-05	6.3168e-06	1.15808e-05	6.3168e-06	6.3168e-06	0.999969
33	0.999513	0.000286573	0.000103166	7.16433e-05	2.57916e-05	0.000478181	0.997168	3.26962e-05	0.00231734	4.08702e-06	0.000170648	3.87836e-05	0.999589	0.000193918	7.75672e-06	4.25607e-05	0.000106402	0.00100727	0.998813	3.07383e-05	7.51097e-06	1.16837e-05	8.34552e-06	5.00731e-06	0.999967
34	0.998763	0.000554377	0.000473709	0.000145889	6.35045e-05	0.000226712	0.998932	5.59985e-05	0.000781804	3.80572e-06	0.00125304	8.47701e-05	0.998213	0.000437004	1.16924e-05	0.000157961	0.000377557	0.000492706	0.998903	6.86467e-05	1.8108e-05	1.06332e-05	1.00015e-05	1.83185e-05	0.999943
35	0.999003	0.000590589	0.00027771	8.30706e-05	4.60829e-05	0.000253366	0.999442	1.90439e-05	0.000284002	1.65599e-06	0.000772572	6.41753e-05	0.99892	0.000236132	7.40484e-06	6.7471e-05	0.000211976	0.00048611	0.99917	6.48147e-05	1.39267e-05	8.79584e-06	5.4974e-06	1.44765e-05	0.999957
36	0.999008	0.00038158	0.000446957	0.000121376	4.21952e-05	8.9765e-05	0.998993	4.38671e-05	0.000865156	8.12353e-06	0.00118011	6.29444e-05	0.998489	0.000260273	7.72324e-06	0.000116979	0.000341237	0.000318605	0.999164	5.90772e-05	1.73311e-05	1.00081e-05	1.00895e-05	1.9528e-05	0.999943
37	0.999072	0.000280289	0.000485064	0.000110891	5.17038e-05	0.000109061	0.998959	3.59669e-05	0.00089279	2.90055e-06	0.00103081	4.53039e-05	0.99873	0.000188276	5.88362e-06	9.66384e-05	0.000325636	0.000362952	0.999153	6.18741e-05	1.72703e-05	9.16169e-06	1.08466e-05	1.93764e-05	0.999943
38	0.999049	0.000337111	0.000471675	8.93181e-05	5.32158e-05	5.67383e-05	0.999145	2.92843e-05	0.000760659	8.41923e-06	0.00112794	5.15248e-05	0.998666	0.000143747	1.1201e-05	8.966e-05	0.000322498	0.000254848	0.999263	7.04306e-05	1.77289e-05	9.65084e-06	9.22191e-06	1.89442e-05	0.999944
39	0.998989	0.000363406	0.000506352	8.64338e-05	5.45363e-05	4.1047e-05	0.999231	2.85348e-05	0.000691947	7.47127e-06	0.00113348	4.50125e-05	0.998679	0.000131226	1.11624e-05	7.9083e-05	0.000337677	0.000157632	0.999366	5.93923e-05	1.87995e-05	1.10816e-05	8.87896e-06	1.87995e-05	0.999942
40	0.999118	0.000292549	0.000459171	6.84022e-05	6.20706e-05	3.00982e-05	0.99934	2.80002e-05	0.000593087	8.39198e-06	0.00114712	3.10361e-05	0.998722	8.52321e-05	1.47211e-05	6.91282e-05	0.000343474	7.70557e-05	0.999451	5.92452e-05	2.13444e-05	1.28397e-05	9.34853e-06	1.99215e-05	0.999937
